"Guid","Comments","Description","IsEscalated","Origin","PM_1508__c","ParentId","Priority","Reason","Status","Subject","SuppliedCompany","SuppliedEmail","SuppliedName","SuppliedPhone","Type"
00002ed4-9f6e-4eae-a19a-410d53e6ae21,"#N/A","#N/A",false,Web,"#N/A","#N/A",Medium,"#N/A",New,Subject_wetvj,"#N/A","#N/A","#N/A","#N/A","#N/A"
0007d7c5-9bff-4dde-b599-e95a3b8d2e9b,"#N/A","#N/A",false,Web,"#N/A","#N/A",Medium,"#N/A",New,Subject_gisol,"#N/A","#N/A","#N/A","#N/A","#N/A"
0007db53-1c01-4cf5-82a2-b00ef6c4dd46,"#N/A","#N/A",false,Web,"#N/A","#N/A",Medium,"#N/A",New,Subject_xtdye,"#N/A","#N/A","#N/A","#N/A","#N/A"
000a9d77-c1a5-4da2-8dee-2c81390bc891,"#N/A","#N/A",false,Web,"#N/A","#N/A",Medium,"#N/A",New,Subject_vyovq,"#N/A","#N/A","#N/A","#N/A","#N/A"
000d8b90-ac98-4225-ac19-1b1192b46700,"#N/A","#N/A",false,Web,"#N/A","#N/A",Medium,"#N/A",New,Subject_qpidj,"#N/A","#N/A","#N/A","#N/A","#N/A"
000f02f3-bc49-467a-ad6e-c8c54d4cc5fc,"#N/A","#N/A",false,Web,"#N/A","#N/A",Medium,"#N/A",New,Subject_xkqdw,"#N/A","#N/A","#N/A","#N/A","#N/A"
000f1474-0f88-4cea-8d2e-7b31d9032473,"#N/A","#N/A",false,Web,"#N/A","#N/A",Medium,"#N/A",New,Subject_lhbkm,"#N/A","#N/A","#N/A","#N/A","#N/A"
00106c53-506f-43c8-bb68-cd65fbab918f,"#N/A","#N/A",false,Web,"#N/A","#N/A",Medium,"#N/A",New,Subject_hdqby,"#N/A","#N/A","#N/A","#N/A","#N/A"
00142ec8-fab7-45fb-8209-96db36a0b60b,"#N/A","#N/A",false,Web,"#N/A","#N/A",Medium,"#N/A",New,Subject_elptw,"#N/A","#N/A","#N/A","#N/A","#N/A"
00143df2-69a7-40f3-ba04-34f8794e3c2f,"#N/A","#N/A",false,Web,"#N/A","#N/A",Medium,"#N/A",New,Subject_wcglf,"#N/A","#N/A","#N/A","#N/A","#N/A"
0016f948-d844-4bb4-979b-14d2b54c49f7,"#N/A","#N/A",false,Web,"#N/A","#N/A",Medium,"#N/A",New,Subject_ntulq,"#N/A","#N/A","#N/A","#N/A","#N/A"
00171ab1-cfa5-43a4-831d-42f9a6dcb546,"#N/A","#N/A",false,Web,"#N/A","#N/A",Medium,"#N/A",New,Subject_ucwiu,"#N/A","#N/A","#N/A","#N/A","#N/A"
00172585-8940-49f6-aa6a-d8e8265f32e7,"#N/A","#N/A",false,Web,"#N/A","#N/A",Medium,"#N/A",New,Subject_zzpib,"#N/A","#N/A","#N/A","#N/A","#N/A"
00191b1e-b1ef-4a71-a426-8b43d280963c,"#N/A","#N/A",false,Web,"#N/A","#N/A",Medium,"#N/A",New,Subject_tkmqn,"#N/A","#N/A","#N/A","#N/A","#N/A"
001a4866-c32d-434a-b678-df14a3a6e397,"#N/A","#N/A",false,Web,"#N/A","#N/A",Medium,"#N/A",New,Subject_ddwaq,"#N/A","#N/A","#N/A","#N/A","#N/A"
001c1222-3857-479c-b79f-42e1a8ff4a9d,"#N/A","#N/A",false,Web,"#N/A","#N/A",Medium,"#N/A",New,Subject_jjjtd,"#N/A","#N/A","#N/A","#N/A","#N/A"
00209519-368c-4e04-95d8-33563bd55011,"#N/A","#N/A",false,Web,"#N/A","#N/A",Medium,"#N/A",New,Subject_ugocb,"#N/A","#N/A","#N/A","#N/A","#N/A"
00255ffb-0fb8-4868-aee7-a61bf014b477,"#N/A","#N/A",false,Web,"#N/A","#N/A",Medium,"#N/A",New,Subject_nafsi,"#N/A","#N/A","#N/A","#N/A","#N/A"
00258a1d-548a-4e83-84c4-0c99aeb7faea,"#N/A","#N/A",false,Web,"#N/A","#N/A",Medium,"#N/A",New,Subject_ohapy,"#N/A","#N/A","#N/A","#N/A","#N/A"
002ca291-77fe-42e6-9e06-dcc9e2a15447,"#N/A","#N/A",false,Web,"#N/A","#N/A",Medium,"#N/A",New,Subject_onnvt,"#N/A","#N/A","#N/A","#N/A","#N/A"
002d6145-3ab2-44bf-a666-b8d88c811a32,"#N/A","#N/A",false,Web,"#N/A","#N/A",Medium,"#N/A",New,Subject_uullj,"#N/A","#N/A","#N/A","#N/A","#N/A"
00322b05-6999-4c07-9995-afd3c6215258,"#N/A","#N/A",false,Web,"#N/A","#N/A",Medium,"#N/A",New,Subject_woojp,"#N/A","#N/A","#N/A","#N/A","#N/A"
00346a96-3708-4286-b065-65863b5aaf48,"#N/A","#N/A",false,Web,"#N/A","#N/A",Medium,"#N/A",New,Subject_dbjzg,"#N/A","#N/A","#N/A","#N/A","#N/A"
0034d2c8-3e9a-4102-a0e4-e88f328e7ef4,"#N/A","#N/A",false,Web,"#N/A","#N/A",Medium,"#N/A",New,Subject_hpefn,"#N/A","#N/A","#N/A","#N/A","#N/A"
00394e84-b397-4b30-a5a0-d04dc2d6c907,"#N/A","#N/A",false,Web,"#N/A","#N/A",Medium,"#N/A",New,Subject_pjjkg,"#N/A","#N/A","#N/A","#N/A","#N/A"
0040a3cc-c82c-4216-a83d-7540e2414c31,"#N/A","#N/A",false,Web,"#N/A","#N/A",Medium,"#N/A",New,Subject_vvfdb,"#N/A","#N/A","#N/A","#N/A","#N/A"
00426d2b-599e-4bc9-9d7e-a2110a084218,"#N/A","#N/A",false,Web,"#N/A","#N/A",Medium,"#N/A",New,Subject_lvfrh,"#N/A","#N/A","#N/A","#N/A","#N/A"
0044641c-c81e-482a-8f3b-580a63b911e5,"#N/A","#N/A",false,Web,"#N/A","#N/A",Medium,"#N/A",New,Subject_ydsew,"#N/A","#N/A","#N/A","#N/A","#N/A"
0046cbe0-e19c-4f2c-a821-40840cd108b5,"#N/A","#N/A",false,Web,"#N/A","#N/A",Medium,"#N/A",New,Subject_krjxj,"#N/A","#N/A","#N/A","#N/A","#N/A"
004767ed-3cc4-41fd-a188-43b74152beef,"#N/A","#N/A",false,Web,"#N/A","#N/A",Medium,"#N/A",New,Subject_zqpgf,"#N/A","#N/A","#N/A","#N/A","#N/A"
00488871-699a-4e21-b854-3541d1953d9f,"#N/A","#N/A",false,Web,"#N/A","#N/A",Medium,"#N/A",New,Subject_yusuq,"#N/A","#N/A","#N/A","#N/A","#N/A"
004a79b1-31b4-4944-be62-70f9359473aa,"#N/A","#N/A",false,Web,"#N/A","#N/A",Medium,"#N/A",New,Subject_jxlxu,"#N/A","#N/A","#N/A","#N/A","#N/A"
004fa795-cd52-4685-a6dd-fac25eb80b55,"#N/A","#N/A",false,Web,"#N/A","#N/A",Medium,"#N/A",New,Subject_ctdfq,"#N/A","#N/A","#N/A","#N/A","#N/A"
005237e5-3d5e-4c6c-90a6-e44a203b601b,"#N/A","#N/A",false,Web,"#N/A","#N/A",Medium,"#N/A",New,Subject_obaye,"#N/A","#N/A","#N/A","#N/A","#N/A"
00549185-a70d-4d5f-94ef-b2d0fd6a7321,"#N/A","#N/A",false,Web,"#N/A","#N/A",Medium,"#N/A",New,Subject_mynws,"#N/A","#N/A","#N/A","#N/A","#N/A"
0054c287-8472-4c3d-81ad-f98127de7b9c,"#N/A","#N/A",false,Web,"#N/A","#N/A",Medium,"#N/A",New,Subject_psrkw,"#N/A","#N/A","#N/A","#N/A","#N/A"
00566ea8-b00d-4ddf-a069-1ec0c5b48e9d,"#N/A","#N/A",false,Web,"#N/A","#N/A",Medium,"#N/A",New,Subject_kilww,"#N/A","#N/A","#N/A","#N/A","#N/A"
0059bc1d-e8c8-4b28-8181-887fb1477af7,"#N/A","#N/A",false,Web,"#N/A","#N/A",Medium,"#N/A",New,Subject_ymczj,"#N/A","#N/A","#N/A","#N/A","#N/A"
005af5c7-f9a5-4148-a1af-92b0f3843c98,"#N/A","#N/A",false,Web,"#N/A","#N/A",Medium,"#N/A",New,Subject_cxcyv,"#N/A","#N/A","#N/A","#N/A","#N/A"
005f3188-76c3-4646-bcc7-400a29400848,"#N/A","#N/A",false,Web,"#N/A","#N/A",Medium,"#N/A",New,Subject_fhfmd,"#N/A","#N/A","#N/A","#N/A","#N/A"
005f6769-c4de-4086-8f77-2111378b7c4f,"#N/A","#N/A",false,Web,"#N/A","#N/A",Medium,"#N/A",New,Subject_bbies,"#N/A","#N/A","#N/A","#N/A","#N/A"
005faf42-5b6d-41e4-8283-f3273bc6685b,"#N/A","#N/A",false,Web,"#N/A","#N/A",Medium,"#N/A",New,Subject_bsnuw,"#N/A","#N/A","#N/A","#N/A","#N/A"
0061d318-c5c8-4dea-b59b-735d1604851d,"#N/A","#N/A",false,Web,"#N/A","#N/A",Medium,"#N/A",New,Subject_uzddp,"#N/A","#N/A","#N/A","#N/A","#N/A"
006bae8b-03cc-49d7-b889-212e98c99edd,"#N/A","#N/A",false,Web,"#N/A","#N/A",Medium,"#N/A",New,Subject_oewxe,"#N/A","#N/A","#N/A","#N/A","#N/A"
006ca505-3c83-4d45-85be-d058f02a2644,"#N/A","#N/A",false,Web,"#N/A","#N/A",Medium,"#N/A",New,Subject_niuob,"#N/A","#N/A","#N/A","#N/A","#N/A"
006e4808-2712-40e0-85f7-c45e94304b8c,"#N/A","#N/A",false,Web,"#N/A","#N/A",Medium,"#N/A",New,Subject_joruw,"#N/A","#N/A","#N/A","#N/A","#N/A"
006edfc8-bc63-467f-a18d-3cfa27f2d010,"#N/A","#N/A",false,Web,"#N/A","#N/A",Medium,"#N/A",New,Subject_gsglu,"#N/A","#N/A","#N/A","#N/A","#N/A"
006f6416-e735-4414-89cd-372c1a4c61f4,"#N/A","#N/A",false,Web,"#N/A","#N/A",Medium,"#N/A",New,Subject_dhpnl,"#N/A","#N/A","#N/A","#N/A","#N/A"
00702298-6a1c-4188-9733-4a99832a40cf,"#N/A","#N/A",false,Web,"#N/A","#N/A",Medium,"#N/A",New,Subject_ibtgh,"#N/A","#N/A","#N/A","#N/A","#N/A"
0071a8a8-90b7-44d9-822a-40d984612fcb,"#N/A","#N/A",false,Web,"#N/A","#N/A",Medium,"#N/A",New,Subject_grzkv,"#N/A","#N/A","#N/A","#N/A","#N/A"
00738397-1f11-4476-8fc6-8d0861159722,"#N/A","#N/A",false,Web,"#N/A","#N/A",Medium,"#N/A",New,Subject_usiet,"#N/A","#N/A","#N/A","#N/A","#N/A"
007383c1-8e81-409c-a5b3-8eaed0899426,"#N/A","#N/A",false,Web,"#N/A","#N/A",Medium,"#N/A",New,Subject_gwhmt,"#N/A","#N/A","#N/A","#N/A","#N/A"
007850c9-e3f1-4673-a6f5-e6cb199f45e1,"#N/A","#N/A",false,Web,"#N/A","#N/A",Medium,"#N/A",New,Subject_ctvdg,"#N/A","#N/A","#N/A","#N/A","#N/A"
007be4bb-2aed-42fb-b8fb-b7e1c54de795,"#N/A","#N/A",false,Web,"#N/A","#N/A",Medium,"#N/A",New,Subject_zupgc,"#N/A","#N/A","#N/A","#N/A","#N/A"
007c0637-c942-4392-8890-bb879c8c69d0,"#N/A","#N/A",false,Web,"#N/A","#N/A",Medium,"#N/A",New,Subject_vezad,"#N/A","#N/A","#N/A","#N/A","#N/A"
007d8be4-108f-4568-bce8-7dbe62578f0a,"#N/A","#N/A",false,Web,"#N/A","#N/A",Medium,"#N/A",New,Subject_rvuyg,"#N/A","#N/A","#N/A","#N/A","#N/A"
00813cf8-17b3-409b-902a-cf6aee8af0e3,"#N/A","#N/A",false,Web,"#N/A","#N/A",Medium,"#N/A",New,Subject_issvp,"#N/A","#N/A","#N/A","#N/A","#N/A"
0082f439-08b4-43b9-b914-9b31661af980,"#N/A","#N/A",false,Web,"#N/A","#N/A",Medium,"#N/A",New,Subject_zsilb,"#N/A","#N/A","#N/A","#N/A","#N/A"
008ad1c0-2978-413c-ac41-1b2476ea126f,"#N/A","#N/A",false,Web,"#N/A","#N/A",Medium,"#N/A",New,Subject_gblcm,"#N/A","#N/A","#N/A","#N/A","#N/A"
008c7d69-fd4c-4d15-9397-105931ce37a5,"#N/A","#N/A",false,Web,"#N/A","#N/A",Medium,"#N/A",New,Subject_sdgqh,"#N/A","#N/A","#N/A","#N/A","#N/A"
00905edc-4987-41df-b7ae-8491a877df0a,"#N/A","#N/A",false,Web,"#N/A","#N/A",Medium,"#N/A",New,Subject_qwupg,"#N/A","#N/A","#N/A","#N/A","#N/A"
0094ed37-951d-49a8-8034-8d98ae0fae53,"#N/A","#N/A",false,Web,"#N/A","#N/A",Medium,"#N/A",New,Subject_wqzlc,"#N/A","#N/A","#N/A","#N/A","#N/A"
0095e207-9896-46ff-9ba3-190ddbc20be5,"#N/A","#N/A",false,Web,"#N/A","#N/A",Medium,"#N/A",New,Subject_qowss,"#N/A","#N/A","#N/A","#N/A","#N/A"
009832dd-aa6f-4b61-b18b-dc8f89226bba,"#N/A","#N/A",false,Web,"#N/A","#N/A",Medium,"#N/A",New,Subject_xppkn,"#N/A","#N/A","#N/A","#N/A","#N/A"
009bcc09-5720-4641-868d-a95a4e5f1fec,"#N/A","#N/A",false,Web,"#N/A","#N/A",Medium,"#N/A",New,Subject_rdxuk,"#N/A","#N/A","#N/A","#N/A","#N/A"
009cef36-f2fe-43ac-8515-ec34fe4f0524,"#N/A","#N/A",false,Web,"#N/A","#N/A",Medium,"#N/A",New,Subject_yelqd,"#N/A","#N/A","#N/A","#N/A","#N/A"
009d2842-74fc-468a-b5a8-762177da2404,"#N/A","#N/A",false,Web,"#N/A","#N/A",Medium,"#N/A",New,Subject_ovbwc,"#N/A","#N/A","#N/A","#N/A","#N/A"
009e7c8b-fe67-49da-b1ea-8fdd31a330a6,"#N/A","#N/A",false,Web,"#N/A","#N/A",Medium,"#N/A",New,Subject_lcuru,"#N/A","#N/A","#N/A","#N/A","#N/A"
00a06b0e-0297-4ec0-a1c0-6269eda2225f,"#N/A","#N/A",false,Web,"#N/A","#N/A",Medium,"#N/A",New,Subject_tsgmf,"#N/A","#N/A","#N/A","#N/A","#N/A"
00a0e087-452c-4ea9-b5bd-012706b856fe,"#N/A","#N/A",false,Web,"#N/A","#N/A",Medium,"#N/A",New,Subject_ywood,"#N/A","#N/A","#N/A","#N/A","#N/A"
00a393ef-6695-4151-981b-d53d490e7566,"#N/A","#N/A",false,Web,"#N/A","#N/A",Medium,"#N/A",New,Subject_qcluz,"#N/A","#N/A","#N/A","#N/A","#N/A"
00aa21de-a0fc-4996-8e2f-c0a10bb928ec,"#N/A","#N/A",false,Web,"#N/A","#N/A",Medium,"#N/A",New,Subject_czmtq,"#N/A","#N/A","#N/A","#N/A","#N/A"
00ab2728-dd69-4dd2-8507-35b821750bfd,"#N/A","#N/A",false,Web,"#N/A","#N/A",Medium,"#N/A",New,Subject_ieike,"#N/A","#N/A","#N/A","#N/A","#N/A"
00b04fa4-d6ca-421f-a1d9-d9cc65117057,"#N/A","#N/A",false,Web,"#N/A","#N/A",Medium,"#N/A",New,Subject_fnfby,"#N/A","#N/A","#N/A","#N/A","#N/A"
00b0ef86-58b0-488c-87ce-e6c250e61744,"#N/A","#N/A",false,Web,"#N/A","#N/A",Medium,"#N/A",New,Subject_wonls,"#N/A","#N/A","#N/A","#N/A","#N/A"
00b10d23-c189-4f51-9661-9bf9650f1908,"#N/A","#N/A",false,Web,"#N/A","#N/A",Medium,"#N/A",New,Subject_dwqax,"#N/A","#N/A","#N/A","#N/A","#N/A"
00b1312b-3d27-4dcc-be1a-0bdaffe65e51,"#N/A","#N/A",false,Web,"#N/A","#N/A",Medium,"#N/A",New,Subject_gvmcn,"#N/A","#N/A","#N/A","#N/A","#N/A"
00b2c146-893c-4c3d-ab5f-91af0efc3ddd,"#N/A","#N/A",false,Web,"#N/A","#N/A",Medium,"#N/A",New,Subject_hjnpr,"#N/A","#N/A","#N/A","#N/A","#N/A"
00b5255f-ee2a-4dca-8bd2-bd02d805ab25,"#N/A","#N/A",false,Web,"#N/A","#N/A",Medium,"#N/A",New,Subject_nbdmp,"#N/A","#N/A","#N/A","#N/A","#N/A"
00b63b22-b6bd-40ea-9323-629caaf3f6bc,"#N/A","#N/A",false,Web,"#N/A","#N/A",Medium,"#N/A",New,Subject_fycaq,"#N/A","#N/A","#N/A","#N/A","#N/A"
00b77252-73d2-4279-9137-387478cdacf7,"#N/A","#N/A",false,Web,"#N/A","#N/A",Medium,"#N/A",New,Subject_isygk,"#N/A","#N/A","#N/A","#N/A","#N/A"
00bcc977-973d-4931-bd90-110afc70ea2e,"#N/A","#N/A",false,Web,"#N/A","#N/A",Medium,"#N/A",New,Subject_lqblr,"#N/A","#N/A","#N/A","#N/A","#N/A"
00bfb340-1bba-41c3-8110-83c0ee00a0ae,"#N/A","#N/A",false,Web,"#N/A","#N/A",Medium,"#N/A",New,Subject_psyij,"#N/A","#N/A","#N/A","#N/A","#N/A"
00c1a39c-4851-4028-80a7-791a1af650c7,"#N/A","#N/A",false,Web,"#N/A","#N/A",Medium,"#N/A",New,Subject_yweku,"#N/A","#N/A","#N/A","#N/A","#N/A"
00c3c677-16c2-45c8-b67a-c10b5ac6acc2,"#N/A","#N/A",false,Web,"#N/A","#N/A",Medium,"#N/A",New,Subject_seiil,"#N/A","#N/A","#N/A","#N/A","#N/A"
00c5a72c-5353-47d7-9531-d1c7c53b9cce,"#N/A","#N/A",false,Web,"#N/A","#N/A",Medium,"#N/A",New,Subject_bfgry,"#N/A","#N/A","#N/A","#N/A","#N/A"
00c6328e-0d8a-445b-9219-9aa6014144bf,"#N/A","#N/A",false,Web,"#N/A","#N/A",Medium,"#N/A",New,Subject_vrlre,"#N/A","#N/A","#N/A","#N/A","#N/A"
00cae184-04b5-4550-bf9e-fcf4637e543c,"#N/A","#N/A",false,Web,"#N/A","#N/A",Medium,"#N/A",New,Subject_khzxi,"#N/A","#N/A","#N/A","#N/A","#N/A"
00cd5856-cab5-4d48-aae6-0705f4b9afb7,"#N/A","#N/A",false,Web,"#N/A","#N/A",Medium,"#N/A",New,Subject_piysb,"#N/A","#N/A","#N/A","#N/A","#N/A"
00d348dc-ef76-44af-b8fe-2e0378bab1c3,"#N/A","#N/A",false,Web,"#N/A","#N/A",Medium,"#N/A",New,Subject_fcfet,"#N/A","#N/A","#N/A","#N/A","#N/A"
00d44e64-f781-4110-a0a5-ac58ca6f7871,"#N/A","#N/A",false,Web,"#N/A","#N/A",Medium,"#N/A",New,Subject_xegtq,"#N/A","#N/A","#N/A","#N/A","#N/A"
00e69692-5c57-4282-b820-ebae4c0e419d,"#N/A","#N/A",false,Web,"#N/A","#N/A",Medium,"#N/A",New,Subject_anjea,"#N/A","#N/A","#N/A","#N/A","#N/A"
00eb4165-fefd-4a06-9a1a-f1adc6303a0b,"#N/A","#N/A",false,Web,"#N/A","#N/A",Medium,"#N/A",New,Subject_lyzlu,"#N/A","#N/A","#N/A","#N/A","#N/A"
00f246a9-7d7e-4f23-b9f7-5ad04cba034c,"#N/A","#N/A",false,Web,"#N/A","#N/A",Medium,"#N/A",New,Subject_ojiql,"#N/A","#N/A","#N/A","#N/A","#N/A"
00f7461d-976e-4d60-8be1-fa4da2e84653,"#N/A","#N/A",false,Web,"#N/A","#N/A",Medium,"#N/A",New,Subject_ominx,"#N/A","#N/A","#N/A","#N/A","#N/A"
00f9694f-fd88-45ad-bfd7-aaf0a4143272,"#N/A","#N/A",false,Web,"#N/A","#N/A",Medium,"#N/A",New,Subject_ytrzy,"#N/A","#N/A","#N/A","#N/A","#N/A"
00fe5698-eb33-4e00-b850-cfe3fa2938b7,"#N/A","#N/A",false,Web,"#N/A","#N/A",Medium,"#N/A",New,Subject_hxfkw,"#N/A","#N/A","#N/A","#N/A","#N/A"
00feee21-a64e-4b7c-be87-4580fb695bfb,"#N/A","#N/A",false,Web,"#N/A","#N/A",Medium,"#N/A",New,Subject_eecmd,"#N/A","#N/A","#N/A","#N/A","#N/A"
01022901-4c38-42ce-8f35-484ee4bdee3b,"#N/A","#N/A",false,Web,"#N/A","#N/A",Medium,"#N/A",New,Subject_wwlaf,"#N/A","#N/A","#N/A","#N/A","#N/A"
0105369b-f4a0-43e4-8088-1f3b76cb6ce9,"#N/A","#N/A",false,Web,"#N/A","#N/A",Medium,"#N/A",New,Subject_lrtsc,"#N/A","#N/A","#N/A","#N/A","#N/A"
01057011-52db-4213-af32-052f07bdaf7d,"#N/A","#N/A",false,Web,"#N/A","#N/A",Medium,"#N/A",New,Subject_cnddv,"#N/A","#N/A","#N/A","#N/A","#N/A"
01099bde-1572-4bcb-960c-50fee24c0cf8,"#N/A","#N/A",false,Web,"#N/A","#N/A",Medium,"#N/A",New,Subject_wydgj,"#N/A","#N/A","#N/A","#N/A","#N/A"
010caac7-402e-4011-9f5a-17c79bb5f479,"#N/A","#N/A",false,Web,"#N/A","#N/A",Medium,"#N/A",New,Subject_avfkj,"#N/A","#N/A","#N/A","#N/A","#N/A"
010f0557-4285-4488-8763-9db1abfd313f,"#N/A","#N/A",false,Web,"#N/A","#N/A",Medium,"#N/A",New,Subject_xzlzv,"#N/A","#N/A","#N/A","#N/A","#N/A"
0113b0a5-748f-4aea-ae9c-2cf48bf619e5,"#N/A","#N/A",false,Web,"#N/A","#N/A",Medium,"#N/A",New,Subject_ckape,"#N/A","#N/A","#N/A","#N/A","#N/A"
011bd60b-77e8-448d-8911-adf5690a136d,"#N/A","#N/A",false,Web,"#N/A","#N/A",Medium,"#N/A",New,Subject_rglua,"#N/A","#N/A","#N/A","#N/A","#N/A"
011c874f-174f-40d5-a674-378e49782fbb,"#N/A","#N/A",false,Web,"#N/A","#N/A",Medium,"#N/A",New,Subject_uutru,"#N/A","#N/A","#N/A","#N/A","#N/A"
011d370b-6b86-44ab-9fbb-5593346de630,"#N/A","#N/A",false,Web,"#N/A","#N/A",Medium,"#N/A",New,Subject_cwrgz,"#N/A","#N/A","#N/A","#N/A","#N/A"
011f524a-ab0c-4a6d-a3d7-daa982980a23,"#N/A","#N/A",false,Web,"#N/A","#N/A",Medium,"#N/A",New,Subject_jrnxv,"#N/A","#N/A","#N/A","#N/A","#N/A"
011f73fb-d800-4934-8d41-fe5f498ef82b,"#N/A","#N/A",false,Web,"#N/A","#N/A",Medium,"#N/A",New,Subject_frwvs,"#N/A","#N/A","#N/A","#N/A","#N/A"
012239c0-1584-4d8a-8372-0a24466290da,"#N/A","#N/A",false,Web,"#N/A","#N/A",Medium,"#N/A",New,Subject_sylte,"#N/A","#N/A","#N/A","#N/A","#N/A"
012bd5a4-c831-4cde-95d5-eff55bd494a5,"#N/A","#N/A",false,Web,"#N/A","#N/A",Medium,"#N/A",New,Subject_ifcxw,"#N/A","#N/A","#N/A","#N/A","#N/A"
012c1ef0-7430-4d4e-89df-899177e40529,"#N/A","#N/A",false,Web,"#N/A","#N/A",Medium,"#N/A",New,Subject_hqqgm,"#N/A","#N/A","#N/A","#N/A","#N/A"
012f44e2-b0d1-44b4-b272-bc7c20d98314,"#N/A","#N/A",false,Web,"#N/A","#N/A",Medium,"#N/A",New,Subject_sfxoq,"#N/A","#N/A","#N/A","#N/A","#N/A"
0135488e-5645-4544-a300-328a64cb7432,"#N/A","#N/A",false,Web,"#N/A","#N/A",Medium,"#N/A",New,Subject_seusy,"#N/A","#N/A","#N/A","#N/A","#N/A"
01361f5c-35f9-4f75-8404-622e87b6eb43,"#N/A","#N/A",false,Web,"#N/A","#N/A",Medium,"#N/A",New,Subject_zbvrt,"#N/A","#N/A","#N/A","#N/A","#N/A"
01370060-395d-4234-902a-ccd862cf73f6,"#N/A","#N/A",false,Web,"#N/A","#N/A",Medium,"#N/A",New,Subject_goiqa,"#N/A","#N/A","#N/A","#N/A","#N/A"
0137089f-a5f9-4129-906c-927472928424,"#N/A","#N/A",false,Web,"#N/A","#N/A",Medium,"#N/A",New,Subject_xttts,"#N/A","#N/A","#N/A","#N/A","#N/A"
013e7d3f-d8fc-4a6c-b3f5-4c1f9f5ebf73,"#N/A","#N/A",false,Web,"#N/A","#N/A",Medium,"#N/A",New,Subject_qqfio,"#N/A","#N/A","#N/A","#N/A","#N/A"
01417d01-76fd-4ff9-a496-51b3e0803ebe,"#N/A","#N/A",false,Web,"#N/A","#N/A",Medium,"#N/A",New,Subject_vmkcl,"#N/A","#N/A","#N/A","#N/A","#N/A"
0148b431-328a-49a2-8d8e-5cccb8fb2279,"#N/A","#N/A",false,Web,"#N/A","#N/A",Medium,"#N/A",New,Subject_mljmp,"#N/A","#N/A","#N/A","#N/A","#N/A"
014a19f4-dc24-40e7-9ba8-4f9b88716a49,"#N/A","#N/A",false,Web,"#N/A","#N/A",Medium,"#N/A",New,Subject_fjpzq,"#N/A","#N/A","#N/A","#N/A","#N/A"
014beba3-c424-432b-a0b7-a2e8ff7182e4,"#N/A","#N/A",false,Web,"#N/A","#N/A",Medium,"#N/A",New,Subject_usivn,"#N/A","#N/A","#N/A","#N/A","#N/A"
014f7c3e-e007-469c-a455-ac15cc677520,"#N/A","#N/A",false,Web,"#N/A","#N/A",Medium,"#N/A",New,Subject_yayft,"#N/A","#N/A","#N/A","#N/A","#N/A"
015044b1-1f2b-4408-83f0-f1820c22a068,"#N/A","#N/A",false,Web,"#N/A","#N/A",Medium,"#N/A",New,Subject_lbqvh,"#N/A","#N/A","#N/A","#N/A","#N/A"
0150ec0e-035a-4915-b763-0e69e8f8c501,"#N/A","#N/A",false,Web,"#N/A","#N/A",Medium,"#N/A",New,Subject_kxhup,"#N/A","#N/A","#N/A","#N/A","#N/A"
01520ca6-b736-4caf-866e-75abf466e584,"#N/A","#N/A",false,Web,"#N/A","#N/A",Medium,"#N/A",New,Subject_gyjmz,"#N/A","#N/A","#N/A","#N/A","#N/A"
0157b52d-dbe3-42fe-98d2-cddcfb643c52,"#N/A","#N/A",false,Web,"#N/A","#N/A",Medium,"#N/A",New,Subject_rkqry,"#N/A","#N/A","#N/A","#N/A","#N/A"
015d15ed-20d5-4361-bed5-1a7c10f1d6c8,"#N/A","#N/A",false,Web,"#N/A","#N/A",Medium,"#N/A",New,Subject_wynuh,"#N/A","#N/A","#N/A","#N/A","#N/A"
01602fee-6007-4d46-9d24-e0f65f4e4cc7,"#N/A","#N/A",false,Web,"#N/A","#N/A",Medium,"#N/A",New,Subject_yhcfn,"#N/A","#N/A","#N/A","#N/A","#N/A"
016187ba-60b6-4b90-9269-b3864a5cbc60,"#N/A","#N/A",false,Web,"#N/A","#N/A",Medium,"#N/A",New,Subject_wlnib,"#N/A","#N/A","#N/A","#N/A","#N/A"
0161e53e-1b64-4866-8390-abce73ab48ee,"#N/A","#N/A",false,Web,"#N/A","#N/A",Medium,"#N/A",New,Subject_ftofa,"#N/A","#N/A","#N/A","#N/A","#N/A"
0162b49b-4872-43fa-a8d7-61ccd0cc6fb1,"#N/A","#N/A",false,Web,"#N/A","#N/A",Medium,"#N/A",New,Subject_kcgdq,"#N/A","#N/A","#N/A","#N/A","#N/A"
016328a9-2937-4989-abd8-94ad9adbba6b,"#N/A","#N/A",false,Web,"#N/A","#N/A",Medium,"#N/A",New,Subject_gotbc,"#N/A","#N/A","#N/A","#N/A","#N/A"
016bc187-bc70-4f8b-b650-11a17886f12c,"#N/A","#N/A",false,Web,"#N/A","#N/A",Medium,"#N/A",New,Subject_abrda,"#N/A","#N/A","#N/A","#N/A","#N/A"
016dabe8-03df-45c5-9ab4-a4d93d983253,"#N/A","#N/A",false,Web,"#N/A","#N/A",Medium,"#N/A",New,Subject_qvepg,"#N/A","#N/A","#N/A","#N/A","#N/A"
0173b725-8496-4f3f-8a97-72bcf2bd3357,"#N/A","#N/A",false,Web,"#N/A","#N/A",Medium,"#N/A",New,Subject_bgzkr,"#N/A","#N/A","#N/A","#N/A","#N/A"
01777a60-4c6e-4f25-9d8a-10ea79af8e0b,"#N/A","#N/A",false,Web,"#N/A","#N/A",Medium,"#N/A",New,Subject_fgjdh,"#N/A","#N/A","#N/A","#N/A","#N/A"
017911fb-0643-4aff-ba2a-977112ccbf26,"#N/A","#N/A",false,Web,"#N/A","#N/A",Medium,"#N/A",New,Subject_ctsoa,"#N/A","#N/A","#N/A","#N/A","#N/A"
0179b6d2-72fd-4384-8d69-0cbebae2f862,"#N/A","#N/A",false,Web,"#N/A","#N/A",Medium,"#N/A",New,Subject_obxdb,"#N/A","#N/A","#N/A","#N/A","#N/A"
017b0066-df69-40f0-be01-bfc0103bf992,"#N/A","#N/A",false,Web,"#N/A","#N/A",Medium,"#N/A",New,Subject_ghuxh,"#N/A","#N/A","#N/A","#N/A","#N/A"
017bcd53-ae77-4748-a3e2-8c5a0e28cdfb,"#N/A","#N/A",false,Web,"#N/A","#N/A",Medium,"#N/A",New,Subject_bswkp,"#N/A","#N/A","#N/A","#N/A","#N/A"
017bedb7-293c-4242-9e68-2dcebdd1fa1f,"#N/A","#N/A",false,Web,"#N/A","#N/A",Medium,"#N/A",New,Subject_gdzlg,"#N/A","#N/A","#N/A","#N/A","#N/A"
017c1abf-2b9b-4684-9478-4be5d8856961,"#N/A","#N/A",false,Web,"#N/A","#N/A",Medium,"#N/A",New,Subject_nbunv,"#N/A","#N/A","#N/A","#N/A","#N/A"
017f2490-c490-4373-8df8-5e32b0197a95,"#N/A","#N/A",false,Web,"#N/A","#N/A",Medium,"#N/A",New,Subject_okgmj,"#N/A","#N/A","#N/A","#N/A","#N/A"
018094ed-8edf-4e08-872d-d1bd0a5c5f23,"#N/A","#N/A",false,Web,"#N/A","#N/A",Medium,"#N/A",New,Subject_rmtsa,"#N/A","#N/A","#N/A","#N/A","#N/A"
0180970c-3a89-4916-9535-9a131920e276,"#N/A","#N/A",false,Web,"#N/A","#N/A",Medium,"#N/A",New,Subject_qbrij,"#N/A","#N/A","#N/A","#N/A","#N/A"
018ab401-bd86-4263-ab18-f31ed64d7302,"#N/A","#N/A",false,Web,"#N/A","#N/A",Medium,"#N/A",New,Subject_tgqsp,"#N/A","#N/A","#N/A","#N/A","#N/A"
018e7fb8-f828-417f-b8df-15d1da9dc3ca,"#N/A","#N/A",false,Web,"#N/A","#N/A",Medium,"#N/A",New,Subject_smgjg,"#N/A","#N/A","#N/A","#N/A","#N/A"
0191fcd9-9187-419f-9434-6059f41cb7f0,"#N/A","#N/A",false,Web,"#N/A","#N/A",Medium,"#N/A",New,Subject_sfrul,"#N/A","#N/A","#N/A","#N/A","#N/A"
0193ae85-bf88-48e2-a24e-0d8ea9a36ad4,"#N/A","#N/A",false,Web,"#N/A","#N/A",Medium,"#N/A",New,Subject_gohua,"#N/A","#N/A","#N/A","#N/A","#N/A"
0193d058-b08c-4dbb-adcd-cef77bc2aa5d,"#N/A","#N/A",false,Web,"#N/A","#N/A",Medium,"#N/A",New,Subject_mqdoa,"#N/A","#N/A","#N/A","#N/A","#N/A"
019607c0-8165-4814-a912-299a51ea6265,"#N/A","#N/A",false,Web,"#N/A","#N/A",Medium,"#N/A",New,Subject_ujoxg,"#N/A","#N/A","#N/A","#N/A","#N/A"
019634a2-ba36-4298-b242-d3660c2d2342,"#N/A","#N/A",false,Web,"#N/A","#N/A",Medium,"#N/A",New,Subject_stxbh,"#N/A","#N/A","#N/A","#N/A","#N/A"
01978a14-0d6c-4e50-b0a0-77da3e8ec88d,"#N/A","#N/A",false,Web,"#N/A","#N/A",Medium,"#N/A",New,Subject_mslwq,"#N/A","#N/A","#N/A","#N/A","#N/A"
0197d574-22b3-4c58-9c3d-472e5343dccb,"#N/A","#N/A",false,Web,"#N/A","#N/A",Medium,"#N/A",New,Subject_lphem,"#N/A","#N/A","#N/A","#N/A","#N/A"
0197e050-ea14-4965-8945-9471dd437aa9,"#N/A","#N/A",false,Web,"#N/A","#N/A",Medium,"#N/A",New,Subject_styfa,"#N/A","#N/A","#N/A","#N/A","#N/A"
019c83cd-75ab-40b1-8e24-568bf1582c83,"#N/A","#N/A",false,Web,"#N/A","#N/A",Medium,"#N/A",New,Subject_nechw,"#N/A","#N/A","#N/A","#N/A","#N/A"
01a36685-1457-439b-8972-d4931eca289c,"#N/A","#N/A",false,Web,"#N/A","#N/A",Medium,"#N/A",New,Subject_xxxqi,"#N/A","#N/A","#N/A","#N/A","#N/A"
01a54c7d-85c7-41d4-a365-aed3f567ed98,"#N/A","#N/A",false,Web,"#N/A","#N/A",Medium,"#N/A",New,Subject_nzhai,"#N/A","#N/A","#N/A","#N/A","#N/A"
01aacf37-159f-45a5-a9b1-63f425f9f468,"#N/A","#N/A",false,Web,"#N/A","#N/A",Medium,"#N/A",New,Subject_ecyxl,"#N/A","#N/A","#N/A","#N/A","#N/A"
01ae59aa-548d-4ccb-a3de-128729c16192,"#N/A","#N/A",false,Web,"#N/A","#N/A",Medium,"#N/A",New,Subject_itkhu,"#N/A","#N/A","#N/A","#N/A","#N/A"
01af168e-1559-4f3b-9f88-02cf0ef7d069,"#N/A","#N/A",false,Web,"#N/A","#N/A",Medium,"#N/A",New,Subject_pljiq,"#N/A","#N/A","#N/A","#N/A","#N/A"
01b206ec-5067-4309-a9c3-62d76abd1cd3,"#N/A","#N/A",false,Web,"#N/A","#N/A",Medium,"#N/A",New,Subject_icikg,"#N/A","#N/A","#N/A","#N/A","#N/A"
01b21ffc-28df-4b01-ab9d-1e0e07b29ae7,"#N/A","#N/A",false,Web,"#N/A","#N/A",Medium,"#N/A",New,Subject_ogjbf,"#N/A","#N/A","#N/A","#N/A","#N/A"
01b2e4af-9e19-4331-9fce-9d5b2856e034,"#N/A","#N/A",false,Web,"#N/A","#N/A",Medium,"#N/A",New,Subject_zkrhq,"#N/A","#N/A","#N/A","#N/A","#N/A"
01b2efbf-80e5-492d-a05d-4688aec27f08,"#N/A","#N/A",false,Web,"#N/A","#N/A",Medium,"#N/A",New,Subject_mahlb,"#N/A","#N/A","#N/A","#N/A","#N/A"
01b6763f-3538-4011-b746-dbb2cb28ad94,"#N/A","#N/A",false,Web,"#N/A","#N/A",Medium,"#N/A",New,Subject_ravqz,"#N/A","#N/A","#N/A","#N/A","#N/A"
01b81093-be82-49be-9504-2df2b6befd0d,"#N/A","#N/A",false,Web,"#N/A","#N/A",Medium,"#N/A",New,Subject_xvpnk,"#N/A","#N/A","#N/A","#N/A","#N/A"
01b86517-e502-4246-8d32-9f789cb13b1a,"#N/A","#N/A",false,Web,"#N/A","#N/A",Medium,"#N/A",New,Subject_ffptd,"#N/A","#N/A","#N/A","#N/A","#N/A"
01b92f55-cff8-456f-a06b-60072bee9faa,"#N/A","#N/A",false,Web,"#N/A","#N/A",Medium,"#N/A",New,Subject_yfeuc,"#N/A","#N/A","#N/A","#N/A","#N/A"
01b9cab9-f6db-4d00-b814-b63c73483adf,"#N/A","#N/A",false,Web,"#N/A","#N/A",Medium,"#N/A",New,Subject_bybzu,"#N/A","#N/A","#N/A","#N/A","#N/A"
01c1e1b9-f2bf-4566-a7c9-7a746c0525f2,"#N/A","#N/A",false,Web,"#N/A","#N/A",Medium,"#N/A",New,Subject_xtpbh,"#N/A","#N/A","#N/A","#N/A","#N/A"
01c4191e-f204-45ae-958f-7e37afd7f13e,"#N/A","#N/A",false,Web,"#N/A","#N/A",Medium,"#N/A",New,Subject_xqmzt,"#N/A","#N/A","#N/A","#N/A","#N/A"
01c7f6c5-949b-4540-964f-31ed58881b7f,"#N/A","#N/A",false,Web,"#N/A","#N/A",Medium,"#N/A",New,Subject_kbevp,"#N/A","#N/A","#N/A","#N/A","#N/A"
01c8597a-90ab-46c3-8998-39e9249ee21e,"#N/A","#N/A",false,Web,"#N/A","#N/A",Medium,"#N/A",New,Subject_pusap,"#N/A","#N/A","#N/A","#N/A","#N/A"
01d129cd-4bf5-48d6-9397-e2dafdc2f9f0,"#N/A","#N/A",false,Web,"#N/A","#N/A",Medium,"#N/A",New,Subject_ywdff,"#N/A","#N/A","#N/A","#N/A","#N/A"
01d3c6bc-4b86-4127-ba0a-7d1b01d60256,"#N/A","#N/A",false,Web,"#N/A","#N/A",Medium,"#N/A",New,Subject_wzqtn,"#N/A","#N/A","#N/A","#N/A","#N/A"
01d4130a-4597-4c8e-a9a8-7ae00bf5e743,"#N/A","#N/A",false,Web,"#N/A","#N/A",Medium,"#N/A",New,Subject_jfvsb,"#N/A","#N/A","#N/A","#N/A","#N/A"
01dbdd0a-56e4-4c34-a1c1-c90194b321ce,"#N/A","#N/A",false,Web,"#N/A","#N/A",Medium,"#N/A",New,Subject_fcqgt,"#N/A","#N/A","#N/A","#N/A","#N/A"
01dd5cf1-f148-4c76-8cfe-8f86b3ac24a6,"#N/A","#N/A",false,Web,"#N/A","#N/A",Medium,"#N/A",New,Subject_ludro,"#N/A","#N/A","#N/A","#N/A","#N/A"
01dfb591-2039-42b9-a708-06e977d23890,"#N/A","#N/A",false,Web,"#N/A","#N/A",Medium,"#N/A",New,Subject_pgxnr,"#N/A","#N/A","#N/A","#N/A","#N/A"
01e28c94-7757-46ba-a7ab-91caab303c28,"#N/A","#N/A",false,Web,"#N/A","#N/A",Medium,"#N/A",New,Subject_siwev,"#N/A","#N/A","#N/A","#N/A","#N/A"
01e9b650-a548-409f-be29-59d39a839543,"#N/A","#N/A",false,Web,"#N/A","#N/A",Medium,"#N/A",New,Subject_aegto,"#N/A","#N/A","#N/A","#N/A","#N/A"
01ecc065-a225-4c8e-8372-9ed33210dde8,"#N/A","#N/A",false,Web,"#N/A","#N/A",Medium,"#N/A",New,Subject_wfefi,"#N/A","#N/A","#N/A","#N/A","#N/A"
01ed8654-037a-4b81-b211-d7128fece807,"#N/A","#N/A",false,Web,"#N/A","#N/A",Medium,"#N/A",New,Subject_talrk,"#N/A","#N/A","#N/A","#N/A","#N/A"
01eeebd5-a350-4d0b-9057-d628248e88be,"#N/A","#N/A",false,Web,"#N/A","#N/A",Medium,"#N/A",New,Subject_jmvzr,"#N/A","#N/A","#N/A","#N/A","#N/A"
01f2463e-4213-4369-9b84-6150c2559134,"#N/A","#N/A",false,Web,"#N/A","#N/A",Medium,"#N/A",New,Subject_ilruh,"#N/A","#N/A","#N/A","#N/A","#N/A"
01f4d348-9999-4cf6-98ac-8e96044714bd,"#N/A","#N/A",false,Web,"#N/A","#N/A",Medium,"#N/A",New,Subject_qosng,"#N/A","#N/A","#N/A","#N/A","#N/A"
01f523a1-6d32-44d7-b7ae-bb300824c1b6,"#N/A","#N/A",false,Web,"#N/A","#N/A",Medium,"#N/A",New,Subject_adjtu,"#N/A","#N/A","#N/A","#N/A","#N/A"
01f9bc9d-ab7a-4f63-8fc9-c942fa725519,"#N/A","#N/A",false,Web,"#N/A","#N/A",Medium,"#N/A",New,Subject_wjoau,"#N/A","#N/A","#N/A","#N/A","#N/A"
01fb06b3-dcc3-4e72-a520-7ed3b40e4cac,"#N/A","#N/A",false,Web,"#N/A","#N/A",Medium,"#N/A",New,Subject_xhqdq,"#N/A","#N/A","#N/A","#N/A","#N/A"
02019717-21ce-4982-bb5b-1cb74ac7ecfd,"#N/A","#N/A",false,Web,"#N/A","#N/A",Medium,"#N/A",New,Subject_bimbl,"#N/A","#N/A","#N/A","#N/A","#N/A"
02019b7d-d526-4225-9c3c-50d074a3b73d,"#N/A","#N/A",false,Web,"#N/A","#N/A",Medium,"#N/A",New,Subject_rsdlm,"#N/A","#N/A","#N/A","#N/A","#N/A"
020310c2-e8b8-45a4-9aab-deeb39dbcb58,"#N/A","#N/A",false,Web,"#N/A","#N/A",Medium,"#N/A",New,Subject_vlxdt,"#N/A","#N/A","#N/A","#N/A","#N/A"
02054ee5-3d29-4dbc-b2a1-5835966c248c,"#N/A","#N/A",false,Web,"#N/A","#N/A",Medium,"#N/A",New,Subject_arawp,"#N/A","#N/A","#N/A","#N/A","#N/A"
020790ff-27d3-4742-a947-65fb316f39fb,"#N/A","#N/A",false,Web,"#N/A","#N/A",Medium,"#N/A",New,Subject_kqgid,"#N/A","#N/A","#N/A","#N/A","#N/A"
020a9062-ecbd-4cc1-bde5-ae84b1bbce3a,"#N/A","#N/A",false,Web,"#N/A","#N/A",Medium,"#N/A",New,Subject_isiwh,"#N/A","#N/A","#N/A","#N/A","#N/A"
0218624f-3f1a-415d-bda5-3a40780f5cc9,"#N/A","#N/A",false,Web,"#N/A","#N/A",Medium,"#N/A",New,Subject_pkjim,"#N/A","#N/A","#N/A","#N/A","#N/A"
021ac075-7027-4f07-9673-01f2c0d59d1c,"#N/A","#N/A",false,Web,"#N/A","#N/A",Medium,"#N/A",New,Subject_tecey,"#N/A","#N/A","#N/A","#N/A","#N/A"
021b5c3a-d5e7-4850-8681-90497773cce5,"#N/A","#N/A",false,Web,"#N/A","#N/A",Medium,"#N/A",New,Subject_idbuz,"#N/A","#N/A","#N/A","#N/A","#N/A"
021bb1c4-5e6b-44fe-8df1-4b3c36167993,"#N/A","#N/A",false,Web,"#N/A","#N/A",Medium,"#N/A",New,Subject_vuasm,"#N/A","#N/A","#N/A","#N/A","#N/A"
021bb611-aa77-486a-9ac8-c33c97c7eff5,"#N/A","#N/A",false,Web,"#N/A","#N/A",Medium,"#N/A",New,Subject_gqpgc,"#N/A","#N/A","#N/A","#N/A","#N/A"
021c0449-c9dd-461a-8162-35158c686325,"#N/A","#N/A",false,Web,"#N/A","#N/A",Medium,"#N/A",New,Subject_zmyqk,"#N/A","#N/A","#N/A","#N/A","#N/A"
021cd49b-ed67-4550-a213-329ecd994373,"#N/A","#N/A",false,Web,"#N/A","#N/A",Medium,"#N/A",New,Subject_xifmp,"#N/A","#N/A","#N/A","#N/A","#N/A"
02219569-f382-4e3a-8934-aec27a099ae0,"#N/A","#N/A",false,Web,"#N/A","#N/A",Medium,"#N/A",New,Subject_scqqt,"#N/A","#N/A","#N/A","#N/A","#N/A"
02246a72-b87e-4d45-9e20-66fddb1d2405,"#N/A","#N/A",false,Web,"#N/A","#N/A",Medium,"#N/A",New,Subject_jpkbd,"#N/A","#N/A","#N/A","#N/A","#N/A"
0224acc5-5359-4780-94b3-3e9e91d5b736,"#N/A","#N/A",false,Web,"#N/A","#N/A",Medium,"#N/A",New,Subject_jsotv,"#N/A","#N/A","#N/A","#N/A","#N/A"
0224b08a-ae58-4c28-8314-230f4293a4d8,"#N/A","#N/A",false,Web,"#N/A","#N/A",Medium,"#N/A",New,Subject_omfck,"#N/A","#N/A","#N/A","#N/A","#N/A"
0226b917-e7b8-4faf-b037-be7eef0527ee,"#N/A","#N/A",false,Web,"#N/A","#N/A",Medium,"#N/A",New,Subject_flqvv,"#N/A","#N/A","#N/A","#N/A","#N/A"
02292f94-ed8c-41ef-a7f9-d908cb6156df,"#N/A","#N/A",false,Web,"#N/A","#N/A",Medium,"#N/A",New,Subject_srknh,"#N/A","#N/A","#N/A","#N/A","#N/A"
022c4cf7-d4e9-42ed-adbb-580a388ce6a3,"#N/A","#N/A",false,Web,"#N/A","#N/A",Medium,"#N/A",New,Subject_snlvi,"#N/A","#N/A","#N/A","#N/A","#N/A"
022cf4eb-a0a6-4c3c-87d3-1261d543bae4,"#N/A","#N/A",false,Web,"#N/A","#N/A",Medium,"#N/A",New,Subject_hqpys,"#N/A","#N/A","#N/A","#N/A","#N/A"
022d329a-82e7-495a-93f3-5e3157c331f5,"#N/A","#N/A",false,Web,"#N/A","#N/A",Medium,"#N/A",New,Subject_lydka,"#N/A","#N/A","#N/A","#N/A","#N/A"
022f0ef7-ab68-445e-91bb-b0bd5016de5b,"#N/A","#N/A",false,Web,"#N/A","#N/A",Medium,"#N/A",New,Subject_araap,"#N/A","#N/A","#N/A","#N/A","#N/A"
022fbbeb-51a0-40ea-a4a1-8ed5292c4e56,"#N/A","#N/A",false,Web,"#N/A","#N/A",Medium,"#N/A",New,Subject_ynurd,"#N/A","#N/A","#N/A","#N/A","#N/A"
0231dc9c-6247-4202-ba9e-2df2cd6b8dc8,"#N/A","#N/A",false,Web,"#N/A","#N/A",Medium,"#N/A",New,Subject_mbgzy,"#N/A","#N/A","#N/A","#N/A","#N/A"
02328993-0c41-4792-ae9b-af7de4192a37,"#N/A","#N/A",false,Web,"#N/A","#N/A",Medium,"#N/A",New,Subject_vbshj,"#N/A","#N/A","#N/A","#N/A","#N/A"
0232ee8a-5e41-49b6-a0a7-404066ff6c14,"#N/A","#N/A",false,Web,"#N/A","#N/A",Medium,"#N/A",New,Subject_rycha,"#N/A","#N/A","#N/A","#N/A","#N/A"
02351477-f81c-4715-9d9b-fd8e5f3066ec,"#N/A","#N/A",false,Web,"#N/A","#N/A",Medium,"#N/A",New,Subject_kugiz,"#N/A","#N/A","#N/A","#N/A","#N/A"
02361dd3-078c-4a8a-8358-891e51d05c0c,"#N/A","#N/A",false,Web,"#N/A","#N/A",Medium,"#N/A",New,Subject_imsje,"#N/A","#N/A","#N/A","#N/A","#N/A"
023932b5-7fca-4677-9d23-bd797ce98c18,"#N/A","#N/A",false,Web,"#N/A","#N/A",Medium,"#N/A",New,Subject_lulhx,"#N/A","#N/A","#N/A","#N/A","#N/A"
023b25f5-4d9d-4edf-a50c-2c99ebc2be58,"#N/A","#N/A",false,Web,"#N/A","#N/A",Medium,"#N/A",New,Subject_luatp,"#N/A","#N/A","#N/A","#N/A","#N/A"
0240696d-a4b9-4230-90dd-6d04fd0549b8,"#N/A","#N/A",false,Web,"#N/A","#N/A",Medium,"#N/A",New,Subject_ubmso,"#N/A","#N/A","#N/A","#N/A","#N/A"
024f76e9-7a25-42fb-83db-60c06f2784c1,"#N/A","#N/A",false,Web,"#N/A","#N/A",Medium,"#N/A",New,Subject_iebla,"#N/A","#N/A","#N/A","#N/A","#N/A"
025185fb-0f14-4eaa-9be9-4aab80a96f85,"#N/A","#N/A",false,Web,"#N/A","#N/A",Medium,"#N/A",New,Subject_ulikh,"#N/A","#N/A","#N/A","#N/A","#N/A"
02544cda-7430-438a-b0b7-18dcbd3c1244,"#N/A","#N/A",false,Web,"#N/A","#N/A",Medium,"#N/A",New,Subject_rflcn,"#N/A","#N/A","#N/A","#N/A","#N/A"
025c62da-7422-4b2d-9c0d-b290487a1f22,"#N/A","#N/A",false,Web,"#N/A","#N/A",Medium,"#N/A",New,Subject_rrugu,"#N/A","#N/A","#N/A","#N/A","#N/A"
025ca279-3a5a-4a4c-9259-b0fdc62b9f48,"#N/A","#N/A",false,Web,"#N/A","#N/A",Medium,"#N/A",New,Subject_yavur,"#N/A","#N/A","#N/A","#N/A","#N/A"
0263bc48-7cdf-4862-8760-0140f65a3d97,"#N/A","#N/A",false,Web,"#N/A","#N/A",Medium,"#N/A",New,Subject_fzqds,"#N/A","#N/A","#N/A","#N/A","#N/A"
02646776-d4f7-4c83-bf57-95f7b527d43a,"#N/A","#N/A",false,Web,"#N/A","#N/A",Medium,"#N/A",New,Subject_vrllc,"#N/A","#N/A","#N/A","#N/A","#N/A"
02655ed7-8bbc-4cd1-9a7d-53377fb867ef,"#N/A","#N/A",false,Web,"#N/A","#N/A",Medium,"#N/A",New,Subject_hyame,"#N/A","#N/A","#N/A","#N/A","#N/A"
027a101f-3c70-4642-8a36-9f02fd95af58,"#N/A","#N/A",false,Web,"#N/A","#N/A",Medium,"#N/A",New,Subject_hlwbr,"#N/A","#N/A","#N/A","#N/A","#N/A"
027ac64d-9bff-4c27-a193-7068d4961a4b,"#N/A","#N/A",false,Web,"#N/A","#N/A",Medium,"#N/A",New,Subject_bcjsn,"#N/A","#N/A","#N/A","#N/A","#N/A"
027d1dd4-4ca8-4bf5-ab5d-17c7b50ee0bf,"#N/A","#N/A",false,Web,"#N/A","#N/A",Medium,"#N/A",New,Subject_nnxbs,"#N/A","#N/A","#N/A","#N/A","#N/A"
027ff7e6-8d59-431b-8663-f0e11eb6e246,"#N/A","#N/A",false,Web,"#N/A","#N/A",Medium,"#N/A",New,Subject_rawaz,"#N/A","#N/A","#N/A","#N/A","#N/A"
02805732-c781-4765-9cab-a5b75f976ce1,"#N/A","#N/A",false,Web,"#N/A","#N/A",Medium,"#N/A",New,Subject_sxomn,"#N/A","#N/A","#N/A","#N/A","#N/A"
02823eed-d536-48f9-bc75-5335906b6b82,"#N/A","#N/A",false,Web,"#N/A","#N/A",Medium,"#N/A",New,Subject_wpjag,"#N/A","#N/A","#N/A","#N/A","#N/A"
0282aedc-85b8-460a-814a-fc61147c7736,"#N/A","#N/A",false,Web,"#N/A","#N/A",Medium,"#N/A",New,Subject_xmwkd,"#N/A","#N/A","#N/A","#N/A","#N/A"
0283bfc7-2283-4610-8176-0c24fd9ae6df,"#N/A","#N/A",false,Web,"#N/A","#N/A",Medium,"#N/A",New,Subject_glscd,"#N/A","#N/A","#N/A","#N/A","#N/A"
02858348-5293-4f23-b1e0-2129b16fe1c5,"#N/A","#N/A",false,Web,"#N/A","#N/A",Medium,"#N/A",New,Subject_ztimb,"#N/A","#N/A","#N/A","#N/A","#N/A"
02887985-484b-4c05-902b-7fc0602eb38b,"#N/A","#N/A",false,Web,"#N/A","#N/A",Medium,"#N/A",New,Subject_rfcak,"#N/A","#N/A","#N/A","#N/A","#N/A"
028907e1-1458-40d3-931d-e000853ca9e4,"#N/A","#N/A",false,Web,"#N/A","#N/A",Medium,"#N/A",New,Subject_geeev,"#N/A","#N/A","#N/A","#N/A","#N/A"
028a7e80-5c26-4614-bd79-5011c0ad43a9,"#N/A","#N/A",false,Web,"#N/A","#N/A",Medium,"#N/A",New,Subject_ecaiq,"#N/A","#N/A","#N/A","#N/A","#N/A"
028ab850-68b0-4ce3-9f35-615d74b6d22d,"#N/A","#N/A",false,Web,"#N/A","#N/A",Medium,"#N/A",New,Subject_hsasu,"#N/A","#N/A","#N/A","#N/A","#N/A"
028b06f9-964b-4199-8469-5a097e357b7a,"#N/A","#N/A",false,Web,"#N/A","#N/A",Medium,"#N/A",New,Subject_cilqg,"#N/A","#N/A","#N/A","#N/A","#N/A"
028f048e-9acd-420b-afbf-af5079bfb6b1,"#N/A","#N/A",false,Web,"#N/A","#N/A",Medium,"#N/A",New,Subject_mqfxn,"#N/A","#N/A","#N/A","#N/A","#N/A"
0291ebe0-c9bb-476e-854f-437fde654ae9,"#N/A","#N/A",false,Web,"#N/A","#N/A",Medium,"#N/A",New,Subject_lrlhx,"#N/A","#N/A","#N/A","#N/A","#N/A"
0299db95-b83e-488d-92e8-f544c0622f42,"#N/A","#N/A",false,Web,"#N/A","#N/A",Medium,"#N/A",New,Subject_bkuyi,"#N/A","#N/A","#N/A","#N/A","#N/A"
029cbd56-f57a-4533-b2d6-ab5ecdb79ff3,"#N/A","#N/A",false,Web,"#N/A","#N/A",Medium,"#N/A",New,Subject_cvcxh,"#N/A","#N/A","#N/A","#N/A","#N/A"
02a0c3d5-285a-467b-b94f-e110fb74c570,"#N/A","#N/A",false,Web,"#N/A","#N/A",Medium,"#N/A",New,Subject_dkhjo,"#N/A","#N/A","#N/A","#N/A","#N/A"
02a14b19-ad44-49d1-a0e6-8aed4a7dd861,"#N/A","#N/A",false,Web,"#N/A","#N/A",Medium,"#N/A",New,Subject_kqugy,"#N/A","#N/A","#N/A","#N/A","#N/A"
02a260d0-2927-401d-956d-f7435e01a251,"#N/A","#N/A",false,Web,"#N/A","#N/A",Medium,"#N/A",New,Subject_prmuy,"#N/A","#N/A","#N/A","#N/A","#N/A"
02a5e3ad-a38d-4073-963d-c9c9b721503a,"#N/A","#N/A",false,Web,"#N/A","#N/A",Medium,"#N/A",New,Subject_fqmue,"#N/A","#N/A","#N/A","#N/A","#N/A"
02a70739-7d62-4386-b307-0b92ea56ef91,"#N/A","#N/A",false,Web,"#N/A","#N/A",Medium,"#N/A",New,Subject_wqnte,"#N/A","#N/A","#N/A","#N/A","#N/A"
02a903d9-2524-4c42-b872-8146ee4feb61,"#N/A","#N/A",false,Web,"#N/A","#N/A",Medium,"#N/A",New,Subject_hkmwd,"#N/A","#N/A","#N/A","#N/A","#N/A"
02abbe22-62d7-4f1f-9ada-970ae14ae663,"#N/A","#N/A",false,Web,"#N/A","#N/A",Medium,"#N/A",New,Subject_ldmwe,"#N/A","#N/A","#N/A","#N/A","#N/A"
02ac88ad-8488-40aa-9887-0e47c7ff158e,"#N/A","#N/A",false,Web,"#N/A","#N/A",Medium,"#N/A",New,Subject_izdao,"#N/A","#N/A","#N/A","#N/A","#N/A"
02acd60a-29b0-4a82-9b13-068c0fd57101,"#N/A","#N/A",false,Web,"#N/A","#N/A",Medium,"#N/A",New,Subject_idxvv,"#N/A","#N/A","#N/A","#N/A","#N/A"
02ae632c-c0a1-4958-b317-3b22063025a7,"#N/A","#N/A",false,Web,"#N/A","#N/A",Medium,"#N/A",New,Subject_sqxlq,"#N/A","#N/A","#N/A","#N/A","#N/A"
02afc70c-df8e-411f-8826-70efb331fdc4,"#N/A","#N/A",false,Web,"#N/A","#N/A",Medium,"#N/A",New,Subject_wanrh,"#N/A","#N/A","#N/A","#N/A","#N/A"
02b9e89e-530e-4439-a841-f9e8a3c48484,"#N/A","#N/A",false,Web,"#N/A","#N/A",Medium,"#N/A",New,Subject_lsagj,"#N/A","#N/A","#N/A","#N/A","#N/A"
02ba3a52-880c-49d1-92d6-82678c280910,"#N/A","#N/A",false,Web,"#N/A","#N/A",Medium,"#N/A",New,Subject_axjgj,"#N/A","#N/A","#N/A","#N/A","#N/A"
02bb0f72-a20e-45da-8e3b-d72647800696,"#N/A","#N/A",false,Web,"#N/A","#N/A",Medium,"#N/A",New,Subject_pfzyu,"#N/A","#N/A","#N/A","#N/A","#N/A"
02bb61af-1b56-4fad-b868-31e1a26a6e64,"#N/A","#N/A",false,Web,"#N/A","#N/A",Medium,"#N/A",New,Subject_frtwp,"#N/A","#N/A","#N/A","#N/A","#N/A"
02bc7d66-32ca-4f94-80e5-28f014832b2e,"#N/A","#N/A",false,Web,"#N/A","#N/A",Medium,"#N/A",New,Subject_eqptp,"#N/A","#N/A","#N/A","#N/A","#N/A"
02c3d27c-3260-43f8-ace6-e1313ebacc41,"#N/A","#N/A",false,Web,"#N/A","#N/A",Medium,"#N/A",New,Subject_uerfe,"#N/A","#N/A","#N/A","#N/A","#N/A"
02c77ae6-7b93-4713-91c4-bdd2f1512644,"#N/A","#N/A",false,Web,"#N/A","#N/A",Medium,"#N/A",New,Subject_jlnlq,"#N/A","#N/A","#N/A","#N/A","#N/A"
02c9dc2d-2dd6-4475-8b72-0bbc3c78d74e,"#N/A","#N/A",false,Web,"#N/A","#N/A",Medium,"#N/A",New,Subject_ferdl,"#N/A","#N/A","#N/A","#N/A","#N/A"
02ca19fe-d8ca-4350-bf29-6fcc20f3a4c1,"#N/A","#N/A",false,Web,"#N/A","#N/A",Medium,"#N/A",New,Subject_mffix,"#N/A","#N/A","#N/A","#N/A","#N/A"
02ca4cbb-7166-4233-8101-1813d16ed017,"#N/A","#N/A",false,Web,"#N/A","#N/A",Medium,"#N/A",New,Subject_bydzp,"#N/A","#N/A","#N/A","#N/A","#N/A"
02cb456e-f1ff-4c32-8365-6364f7371dd5,"#N/A","#N/A",false,Web,"#N/A","#N/A",Medium,"#N/A",New,Subject_qtnun,"#N/A","#N/A","#N/A","#N/A","#N/A"
02cbc3f3-7b3f-47ee-bddb-eeb1fecf500f,"#N/A","#N/A",false,Web,"#N/A","#N/A",Medium,"#N/A",New,Subject_jrurd,"#N/A","#N/A","#N/A","#N/A","#N/A"
02cc14ac-7bcd-4be1-b5c3-b4618fe63324,"#N/A","#N/A",false,Web,"#N/A","#N/A",Medium,"#N/A",New,Subject_ilypk,"#N/A","#N/A","#N/A","#N/A","#N/A"
02cc8c16-d101-42ac-9abe-45349b9c429c,"#N/A","#N/A",false,Web,"#N/A","#N/A",Medium,"#N/A",New,Subject_ikfit,"#N/A","#N/A","#N/A","#N/A","#N/A"
02d73126-2a94-476a-964a-fa0428ad0e37,"#N/A","#N/A",false,Web,"#N/A","#N/A",Medium,"#N/A",New,Subject_ctymm,"#N/A","#N/A","#N/A","#N/A","#N/A"
02d7bfcb-54d3-4e42-957a-c9bd864c764e,"#N/A","#N/A",false,Web,"#N/A","#N/A",Medium,"#N/A",New,Subject_bbigh,"#N/A","#N/A","#N/A","#N/A","#N/A"
02e17eca-c45b-428f-9112-31cc3aac5cbc,"#N/A","#N/A",false,Web,"#N/A","#N/A",Medium,"#N/A",New,Subject_yslyr,"#N/A","#N/A","#N/A","#N/A","#N/A"
02e64ff3-336d-466d-98f1-7c577cbe7dfc,"#N/A","#N/A",false,Web,"#N/A","#N/A",Medium,"#N/A",New,Subject_bzcsx,"#N/A","#N/A","#N/A","#N/A","#N/A"
02e9d0b1-796a-47c0-bf89-b37f279f51fb,"#N/A","#N/A",false,Web,"#N/A","#N/A",Medium,"#N/A",New,Subject_ympjg,"#N/A","#N/A","#N/A","#N/A","#N/A"
02eb4daf-4642-436c-8870-0e33221c6208,"#N/A","#N/A",false,Web,"#N/A","#N/A",Medium,"#N/A",New,Subject_jyvjn,"#N/A","#N/A","#N/A","#N/A","#N/A"
02ec6995-3fc2-4e3d-aa85-a12ae34244c2,"#N/A","#N/A",false,Web,"#N/A","#N/A",Medium,"#N/A",New,Subject_bpwjs,"#N/A","#N/A","#N/A","#N/A","#N/A"
02f1521b-ad56-4c98-840b-256ca68cd60e,"#N/A","#N/A",false,Web,"#N/A","#N/A",Medium,"#N/A",New,Subject_umrjc,"#N/A","#N/A","#N/A","#N/A","#N/A"
02f482ea-e8b9-416b-9758-9836887c60f4,"#N/A","#N/A",false,Web,"#N/A","#N/A",Medium,"#N/A",New,Subject_zlmst,"#N/A","#N/A","#N/A","#N/A","#N/A"
02f53b8a-da45-4677-975e-a70df5e0c5ec,"#N/A","#N/A",false,Web,"#N/A","#N/A",Medium,"#N/A",New,Subject_xelfz,"#N/A","#N/A","#N/A","#N/A","#N/A"
02f5b680-44fa-4f8d-bf6c-9f73cdb9dee3,"#N/A","#N/A",false,Web,"#N/A","#N/A",Medium,"#N/A",New,Subject_fzbps,"#N/A","#N/A","#N/A","#N/A","#N/A"
02f87e52-bc37-4747-9e5f-5570e92095a8,"#N/A","#N/A",false,Web,"#N/A","#N/A",Medium,"#N/A",New,Subject_yrxhr,"#N/A","#N/A","#N/A","#N/A","#N/A"
02f8d55d-c8bc-476b-8429-ca0854d22c76,"#N/A","#N/A",false,Web,"#N/A","#N/A",Medium,"#N/A",New,Subject_lncwq,"#N/A","#N/A","#N/A","#N/A","#N/A"
0304c4eb-68c6-4237-ba57-f7ad9d2c4eb7,"#N/A","#N/A",false,Web,"#N/A","#N/A",Medium,"#N/A",New,Subject_jhjvq,"#N/A","#N/A","#N/A","#N/A","#N/A"
03070b94-b7ad-46da-8dc6-ff374027f087,"#N/A","#N/A",false,Web,"#N/A","#N/A",Medium,"#N/A",New,Subject_fvtyj,"#N/A","#N/A","#N/A","#N/A","#N/A"
0307ccb6-0c15-48e5-aacc-17b3d7ec3b80,"#N/A","#N/A",false,Web,"#N/A","#N/A",Medium,"#N/A",New,Subject_pavca,"#N/A","#N/A","#N/A","#N/A","#N/A"
03098248-8672-44df-8550-1a1bb84db939,"#N/A","#N/A",false,Web,"#N/A","#N/A",Medium,"#N/A",New,Subject_rzogk,"#N/A","#N/A","#N/A","#N/A","#N/A"
030d616c-857e-4516-a726-4d17aaa2115f,"#N/A","#N/A",false,Web,"#N/A","#N/A",Medium,"#N/A",New,Subject_hwbjg,"#N/A","#N/A","#N/A","#N/A","#N/A"
030f48a0-5734-4f79-8979-594e72dadcf5,"#N/A","#N/A",false,Web,"#N/A","#N/A",Medium,"#N/A",New,Subject_fwkni,"#N/A","#N/A","#N/A","#N/A","#N/A"
03109686-4ed2-4eab-90a3-24aca3d57b99,"#N/A","#N/A",false,Web,"#N/A","#N/A",Medium,"#N/A",New,Subject_gykgp,"#N/A","#N/A","#N/A","#N/A","#N/A"
03115efb-4d28-4f55-bff7-415b2b7afd14,"#N/A","#N/A",false,Web,"#N/A","#N/A",Medium,"#N/A",New,Subject_hfysp,"#N/A","#N/A","#N/A","#N/A","#N/A"
031170cc-ecbc-462d-afca-2f7708d0915b,"#N/A","#N/A",false,Web,"#N/A","#N/A",Medium,"#N/A",New,Subject_wklgh,"#N/A","#N/A","#N/A","#N/A","#N/A"
0315012c-84f1-405a-bf2c-10d593d72897,"#N/A","#N/A",false,Web,"#N/A","#N/A",Medium,"#N/A",New,Subject_mtilh,"#N/A","#N/A","#N/A","#N/A","#N/A"
03180946-df2a-4935-8302-491b1b786d10,"#N/A","#N/A",false,Web,"#N/A","#N/A",Medium,"#N/A",New,Subject_bqans,"#N/A","#N/A","#N/A","#N/A","#N/A"
031d54f6-2f5a-4644-a97b-5af6738cd2bd,"#N/A","#N/A",false,Web,"#N/A","#N/A",Medium,"#N/A",New,Subject_kgppr,"#N/A","#N/A","#N/A","#N/A","#N/A"
032036bf-316c-463e-ab46-240039805c73,"#N/A","#N/A",false,Web,"#N/A","#N/A",Medium,"#N/A",New,Subject_wutag,"#N/A","#N/A","#N/A","#N/A","#N/A"
032ea5d0-04b1-4345-84a4-f9c8d9d37901,"#N/A","#N/A",false,Web,"#N/A","#N/A",Medium,"#N/A",New,Subject_eapai,"#N/A","#N/A","#N/A","#N/A","#N/A"
032edd22-8cc0-4aef-be2e-b32deab69901,"#N/A","#N/A",false,Web,"#N/A","#N/A",Medium,"#N/A",New,Subject_bhfpq,"#N/A","#N/A","#N/A","#N/A","#N/A"
033036fd-bdd8-46c1-ab9d-0cdb1a880815,"#N/A","#N/A",false,Web,"#N/A","#N/A",Medium,"#N/A",New,Subject_xynfr,"#N/A","#N/A","#N/A","#N/A","#N/A"
03312762-4594-45a0-ac41-cbc7241ba3f8,"#N/A","#N/A",false,Web,"#N/A","#N/A",Medium,"#N/A",New,Subject_tnbuh,"#N/A","#N/A","#N/A","#N/A","#N/A"
0332e853-018e-4203-b660-acc4c93e4b8d,"#N/A","#N/A",false,Web,"#N/A","#N/A",Medium,"#N/A",New,Subject_paqsz,"#N/A","#N/A","#N/A","#N/A","#N/A"
03347a8c-b504-4f5a-b40b-0cd3a189b554,"#N/A","#N/A",false,Web,"#N/A","#N/A",Medium,"#N/A",New,Subject_thxeo,"#N/A","#N/A","#N/A","#N/A","#N/A"
0338221f-2216-480b-a876-9ca1bbba3b1f,"#N/A","#N/A",false,Web,"#N/A","#N/A",Medium,"#N/A",New,Subject_yukxs,"#N/A","#N/A","#N/A","#N/A","#N/A"
0339cdaa-275d-490e-8d48-5114c0c0a766,"#N/A","#N/A",false,Web,"#N/A","#N/A",Medium,"#N/A",New,Subject_dmycg,"#N/A","#N/A","#N/A","#N/A","#N/A"
033a7658-2a1b-4c38-bf42-695d0267077a,"#N/A","#N/A",false,Web,"#N/A","#N/A",Medium,"#N/A",New,Subject_byfde,"#N/A","#N/A","#N/A","#N/A","#N/A"
033ba9db-dfb1-44fe-91c2-65575a7dc27a,"#N/A","#N/A",false,Web,"#N/A","#N/A",Medium,"#N/A",New,Subject_bpjqu,"#N/A","#N/A","#N/A","#N/A","#N/A"
033c109b-03c5-465d-8b77-fd3ba2da804b,"#N/A","#N/A",false,Web,"#N/A","#N/A",Medium,"#N/A",New,Subject_rpgal,"#N/A","#N/A","#N/A","#N/A","#N/A"
033ccce0-9465-45c9-a452-0ce14189b07d,"#N/A","#N/A",false,Web,"#N/A","#N/A",Medium,"#N/A",New,Subject_svdxw,"#N/A","#N/A","#N/A","#N/A","#N/A"
033f9ad3-b138-4b9e-9fbb-b834903af321,"#N/A","#N/A",false,Web,"#N/A","#N/A",Medium,"#N/A",New,Subject_jligr,"#N/A","#N/A","#N/A","#N/A","#N/A"
033fb598-10b1-44ff-903f-c3878eec7605,"#N/A","#N/A",false,Web,"#N/A","#N/A",Medium,"#N/A",New,Subject_aikqa,"#N/A","#N/A","#N/A","#N/A","#N/A"
0342c529-3fc8-45bb-b6cb-30c75e401d0f,"#N/A","#N/A",false,Web,"#N/A","#N/A",Medium,"#N/A",New,Subject_lmumv,"#N/A","#N/A","#N/A","#N/A","#N/A"
0346293f-8b5c-4fc2-bfe8-39ad29d6731b,"#N/A","#N/A",false,Web,"#N/A","#N/A",Medium,"#N/A",New,Subject_ybtey,"#N/A","#N/A","#N/A","#N/A","#N/A"
0347193b-2890-46b1-9676-b7b203f834fc,"#N/A","#N/A",false,Web,"#N/A","#N/A",Medium,"#N/A",New,Subject_imwbd,"#N/A","#N/A","#N/A","#N/A","#N/A"
03499712-06a9-4dee-a149-eab4082ce992,"#N/A","#N/A",false,Web,"#N/A","#N/A",Medium,"#N/A",New,Subject_afvpg,"#N/A","#N/A","#N/A","#N/A","#N/A"
034dcd7c-6479-4a41-ae6d-77b5fe5c0963,"#N/A","#N/A",false,Web,"#N/A","#N/A",Medium,"#N/A",New,Subject_gcgya,"#N/A","#N/A","#N/A","#N/A","#N/A"
0355947c-0621-4220-abfe-07f12f7d0a04,"#N/A","#N/A",false,Web,"#N/A","#N/A",Medium,"#N/A",New,Subject_geudy,"#N/A","#N/A","#N/A","#N/A","#N/A"
0357b1ac-8028-4f91-a393-2eaf7e21c118,"#N/A","#N/A",false,Web,"#N/A","#N/A",Medium,"#N/A",New,Subject_ciqyf,"#N/A","#N/A","#N/A","#N/A","#N/A"
03584906-3baf-4e81-9184-313fe3d28a59,"#N/A","#N/A",false,Web,"#N/A","#N/A",Medium,"#N/A",New,Subject_vbstu,"#N/A","#N/A","#N/A","#N/A","#N/A"
03598850-1e02-4574-af6a-886c82d53b91,"#N/A","#N/A",false,Web,"#N/A","#N/A",Medium,"#N/A",New,Subject_pdnsa,"#N/A","#N/A","#N/A","#N/A","#N/A"
035ee461-3d68-482f-83e0-f694f86a3082,"#N/A","#N/A",false,Web,"#N/A","#N/A",Medium,"#N/A",New,Subject_nyyju,"#N/A","#N/A","#N/A","#N/A","#N/A"
0361574e-8962-4630-abce-3249347491ef,"#N/A","#N/A",false,Web,"#N/A","#N/A",Medium,"#N/A",New,Subject_beayl,"#N/A","#N/A","#N/A","#N/A","#N/A"
036390f8-c6ed-4878-96ee-24f424ad7268,"#N/A","#N/A",false,Web,"#N/A","#N/A",Medium,"#N/A",New,Subject_zdora,"#N/A","#N/A","#N/A","#N/A","#N/A"
036455b2-fcb9-4fa1-999c-1b38397e8bd8,"#N/A","#N/A",false,Web,"#N/A","#N/A",Medium,"#N/A",New,Subject_texij,"#N/A","#N/A","#N/A","#N/A","#N/A"
0368eae2-d795-4e6b-8ac6-77e1e79c78e7,"#N/A","#N/A",false,Web,"#N/A","#N/A",Medium,"#N/A",New,Subject_pdsri,"#N/A","#N/A","#N/A","#N/A","#N/A"
036a29d6-3746-4139-b00a-ed57febde6ad,"#N/A","#N/A",false,Web,"#N/A","#N/A",Medium,"#N/A",New,Subject_jsqsa,"#N/A","#N/A","#N/A","#N/A","#N/A"
036d7840-2d5f-4933-9892-46d86a916790,"#N/A","#N/A",false,Web,"#N/A","#N/A",Medium,"#N/A",New,Subject_feoph,"#N/A","#N/A","#N/A","#N/A","#N/A"
036e22a4-4c05-434a-a586-0d8f8ded7fe1,"#N/A","#N/A",false,Web,"#N/A","#N/A",Medium,"#N/A",New,Subject_wxlvs,"#N/A","#N/A","#N/A","#N/A","#N/A"
03722549-c257-4add-963f-0a1d543eb28a,"#N/A","#N/A",false,Web,"#N/A","#N/A",Medium,"#N/A",New,Subject_ikicd,"#N/A","#N/A","#N/A","#N/A","#N/A"
0373bbfc-46bc-414b-8ede-89aaaf5cd948,"#N/A","#N/A",false,Web,"#N/A","#N/A",Medium,"#N/A",New,Subject_qogpe,"#N/A","#N/A","#N/A","#N/A","#N/A"
03763816-75e8-4fbd-9caf-159a5dd3f56e,"#N/A","#N/A",false,Web,"#N/A","#N/A",Medium,"#N/A",New,Subject_guief,"#N/A","#N/A","#N/A","#N/A","#N/A"
0376f4fb-8efd-4212-bf99-9d112f0db171,"#N/A","#N/A",false,Web,"#N/A","#N/A",Medium,"#N/A",New,Subject_pznnh,"#N/A","#N/A","#N/A","#N/A","#N/A"
0378d62b-30e4-4d38-ac4b-3905f4a9ddd6,"#N/A","#N/A",false,Web,"#N/A","#N/A",Medium,"#N/A",New,Subject_wnfur,"#N/A","#N/A","#N/A","#N/A","#N/A"
037b22a3-c858-495d-9a18-9804a90ba52a,"#N/A","#N/A",false,Web,"#N/A","#N/A",Medium,"#N/A",New,Subject_lpqda,"#N/A","#N/A","#N/A","#N/A","#N/A"
037f7807-8a45-44fa-8e3b-796fd5fecafd,"#N/A","#N/A",false,Web,"#N/A","#N/A",Medium,"#N/A",New,Subject_ewpad,"#N/A","#N/A","#N/A","#N/A","#N/A"
0386934e-a3c2-4ca4-b404-fe202774731f,"#N/A","#N/A",false,Web,"#N/A","#N/A",Medium,"#N/A",New,Subject_wntrq,"#N/A","#N/A","#N/A","#N/A","#N/A"
0387fedd-c0bb-4fd9-b0cf-1bd3571c5932,"#N/A","#N/A",false,Web,"#N/A","#N/A",Medium,"#N/A",New,Subject_sclqg,"#N/A","#N/A","#N/A","#N/A","#N/A"
038b1c5c-6411-4153-8a9b-628d076952d2,"#N/A","#N/A",false,Web,"#N/A","#N/A",Medium,"#N/A",New,Subject_xjfvj,"#N/A","#N/A","#N/A","#N/A","#N/A"
039020f2-1aa2-4715-b8cc-c3f0578137fd,"#N/A","#N/A",false,Web,"#N/A","#N/A",Medium,"#N/A",New,Subject_zyufa,"#N/A","#N/A","#N/A","#N/A","#N/A"
0393b0a9-0882-4cd9-8653-3bd3b0f335a2,"#N/A","#N/A",false,Web,"#N/A","#N/A",Medium,"#N/A",New,Subject_nnnud,"#N/A","#N/A","#N/A","#N/A","#N/A"
03965adf-9a60-42cf-aa04-65accf308c42,"#N/A","#N/A",false,Web,"#N/A","#N/A",Medium,"#N/A",New,Subject_fpmlj,"#N/A","#N/A","#N/A","#N/A","#N/A"
03979fcd-0faa-453d-b8be-fc395c066388,"#N/A","#N/A",false,Web,"#N/A","#N/A",Medium,"#N/A",New,Subject_zmxxo,"#N/A","#N/A","#N/A","#N/A","#N/A"
0399b33d-66b6-4578-be23-fc6648b449f8,"#N/A","#N/A",false,Web,"#N/A","#N/A",Medium,"#N/A",New,Subject_oetlp,"#N/A","#N/A","#N/A","#N/A","#N/A"
039b3d2c-36fb-415f-b297-22656609eec2,"#N/A","#N/A",false,Web,"#N/A","#N/A",Medium,"#N/A",New,Subject_qtpyd,"#N/A","#N/A","#N/A","#N/A","#N/A"
039e35c1-0c1d-4cdf-8e3d-e0b26cad10c6,"#N/A","#N/A",false,Web,"#N/A","#N/A",Medium,"#N/A",New,Subject_pxcgn,"#N/A","#N/A","#N/A","#N/A","#N/A"
03a16aff-be86-4f72-b217-7a1c936ffdc0,"#N/A","#N/A",false,Web,"#N/A","#N/A",Medium,"#N/A",New,Subject_speob,"#N/A","#N/A","#N/A","#N/A","#N/A"
03a1a9ef-470c-4788-81a5-95d7bea7ed12,"#N/A","#N/A",false,Web,"#N/A","#N/A",Medium,"#N/A",New,Subject_lhrno,"#N/A","#N/A","#N/A","#N/A","#N/A"
03a55be8-660f-4aec-86f4-9becc9aaa4cc,"#N/A","#N/A",false,Web,"#N/A","#N/A",Medium,"#N/A",New,Subject_jseis,"#N/A","#N/A","#N/A","#N/A","#N/A"
03b0556c-b20c-4645-9e0e-ab5d66fcb0a7,"#N/A","#N/A",false,Web,"#N/A","#N/A",Medium,"#N/A",New,Subject_baubt,"#N/A","#N/A","#N/A","#N/A","#N/A"
03b32b2d-ccaf-42a0-8c3b-41395b5da8ce,"#N/A","#N/A",false,Web,"#N/A","#N/A",Medium,"#N/A",New,Subject_uljgg,"#N/A","#N/A","#N/A","#N/A","#N/A"
03b365a9-f875-4a36-8ca7-8a98559c0ac1,"#N/A","#N/A",false,Web,"#N/A","#N/A",Medium,"#N/A",New,Subject_napor,"#N/A","#N/A","#N/A","#N/A","#N/A"
03b44e63-da5d-4a2c-bb3d-863401ca92ad,"#N/A","#N/A",false,Web,"#N/A","#N/A",Medium,"#N/A",New,Subject_bbwxv,"#N/A","#N/A","#N/A","#N/A","#N/A"
03b5a59e-9129-4b51-956a-f70861cbca7d,"#N/A","#N/A",false,Web,"#N/A","#N/A",Medium,"#N/A",New,Subject_lwyrn,"#N/A","#N/A","#N/A","#N/A","#N/A"
03b607d0-5576-4573-af67-91e608b710ca,"#N/A","#N/A",false,Web,"#N/A","#N/A",Medium,"#N/A",New,Subject_nqplm,"#N/A","#N/A","#N/A","#N/A","#N/A"
03bc22db-d27c-485d-ad26-e9fb515df08d,"#N/A","#N/A",false,Web,"#N/A","#N/A",Medium,"#N/A",New,Subject_slngy,"#N/A","#N/A","#N/A","#N/A","#N/A"
03c44e8f-cc17-43d7-925c-ea9557d13e17,"#N/A","#N/A",false,Web,"#N/A","#N/A",Medium,"#N/A",New,Subject_ailcs,"#N/A","#N/A","#N/A","#N/A","#N/A"
03c565b5-4cf4-40b1-bb52-61d80066f3dc,"#N/A","#N/A",false,Web,"#N/A","#N/A",Medium,"#N/A",New,Subject_aagfm,"#N/A","#N/A","#N/A","#N/A","#N/A"
03cc8e35-ee9f-4858-950c-a9daf42b2fbc,"#N/A","#N/A",false,Web,"#N/A","#N/A",Medium,"#N/A",New,Subject_sloql,"#N/A","#N/A","#N/A","#N/A","#N/A"
03d0ce40-7125-4120-9a2a-6c17e36ba899,"#N/A","#N/A",false,Web,"#N/A","#N/A",Medium,"#N/A",New,Subject_oelju,"#N/A","#N/A","#N/A","#N/A","#N/A"
03d0f751-edcf-47c9-8eda-45cd55959d44,"#N/A","#N/A",false,Web,"#N/A","#N/A",Medium,"#N/A",New,Subject_xxlid,"#N/A","#N/A","#N/A","#N/A","#N/A"
03d6ecb0-17a7-4e38-8cb8-3f8783613927,"#N/A","#N/A",false,Web,"#N/A","#N/A",Medium,"#N/A",New,Subject_xjchx,"#N/A","#N/A","#N/A","#N/A","#N/A"
03d8c557-386f-449b-8a4c-075c86393ad8,"#N/A","#N/A",false,Web,"#N/A","#N/A",Medium,"#N/A",New,Subject_xncnh,"#N/A","#N/A","#N/A","#N/A","#N/A"
03dbcdce-bfe1-4dcb-aafe-9f894f25c9fb,"#N/A","#N/A",false,Web,"#N/A","#N/A",Medium,"#N/A",New,Subject_rrwku,"#N/A","#N/A","#N/A","#N/A","#N/A"
03dd8bf3-82fa-472a-87bd-1803239daad5,"#N/A","#N/A",false,Web,"#N/A","#N/A",Medium,"#N/A",New,Subject_ucmnv,"#N/A","#N/A","#N/A","#N/A","#N/A"
03e0c389-3ee1-49df-98d1-daf05ab8beeb,"#N/A","#N/A",false,Web,"#N/A","#N/A",Medium,"#N/A",New,Subject_fntff,"#N/A","#N/A","#N/A","#N/A","#N/A"
03e0e0b7-86eb-4af6-b7ef-4ca72e1bc93a,"#N/A","#N/A",false,Web,"#N/A","#N/A",Medium,"#N/A",New,Subject_ekxjz,"#N/A","#N/A","#N/A","#N/A","#N/A"
03e40d01-6a10-45d5-864e-41379c2669fe,"#N/A","#N/A",false,Web,"#N/A","#N/A",Medium,"#N/A",New,Subject_zfsmo,"#N/A","#N/A","#N/A","#N/A","#N/A"
03e429c8-95ba-47b1-8430-56b850820c1f,"#N/A","#N/A",false,Web,"#N/A","#N/A",Medium,"#N/A",New,Subject_agrzl,"#N/A","#N/A","#N/A","#N/A","#N/A"
03e51105-1f9a-42af-8c88-529cf502c835,"#N/A","#N/A",false,Web,"#N/A","#N/A",Medium,"#N/A",New,Subject_izvvv,"#N/A","#N/A","#N/A","#N/A","#N/A"
03e53768-c757-4461-96d8-10ffebea2a07,"#N/A","#N/A",false,Web,"#N/A","#N/A",Medium,"#N/A",New,Subject_rafpv,"#N/A","#N/A","#N/A","#N/A","#N/A"
03eb8b1f-8c1c-48b4-9743-da3636e8f46c,"#N/A","#N/A",false,Web,"#N/A","#N/A",Medium,"#N/A",New,Subject_rqnjk,"#N/A","#N/A","#N/A","#N/A","#N/A"
03ef189c-a6bd-423a-9f6b-46154b6d033d,"#N/A","#N/A",false,Web,"#N/A","#N/A",Medium,"#N/A",New,Subject_topnl,"#N/A","#N/A","#N/A","#N/A","#N/A"
03f01e53-d8ae-408d-94df-9463622afa48,"#N/A","#N/A",false,Web,"#N/A","#N/A",Medium,"#N/A",New,Subject_fkerd,"#N/A","#N/A","#N/A","#N/A","#N/A"
03f08197-e7e2-4532-a543-1bd08cb483ba,"#N/A","#N/A",false,Web,"#N/A","#N/A",Medium,"#N/A",New,Subject_fnwxk,"#N/A","#N/A","#N/A","#N/A","#N/A"
03f2f3f6-869f-459e-86e5-2cafba9c5c14,"#N/A","#N/A",false,Web,"#N/A","#N/A",Medium,"#N/A",New,Subject_mxvrf,"#N/A","#N/A","#N/A","#N/A","#N/A"
03f5fb2d-0fdf-464a-a75f-706863c05f28,"#N/A","#N/A",false,Web,"#N/A","#N/A",Medium,"#N/A",New,Subject_odfil,"#N/A","#N/A","#N/A","#N/A","#N/A"
03f79030-b028-49da-a911-3a8d576d6d41,"#N/A","#N/A",false,Web,"#N/A","#N/A",Medium,"#N/A",New,Subject_rafgb,"#N/A","#N/A","#N/A","#N/A","#N/A"
03f79e0f-25f7-4431-8383-69e1c2abe9f4,"#N/A","#N/A",false,Web,"#N/A","#N/A",Medium,"#N/A",New,Subject_ezpvd,"#N/A","#N/A","#N/A","#N/A","#N/A"
03f8757a-909c-4086-81b6-5b2fbb62e919,"#N/A","#N/A",false,Web,"#N/A","#N/A",Medium,"#N/A",New,Subject_wfwnn,"#N/A","#N/A","#N/A","#N/A","#N/A"
03fbc08f-952e-4353-8e9f-b57f31cbb090,"#N/A","#N/A",false,Web,"#N/A","#N/A",Medium,"#N/A",New,Subject_lnutm,"#N/A","#N/A","#N/A","#N/A","#N/A"
03fd9bab-ee68-4a3d-b5e7-11c4a47f3ba9,"#N/A","#N/A",false,Web,"#N/A","#N/A",Medium,"#N/A",New,Subject_xvwnh,"#N/A","#N/A","#N/A","#N/A","#N/A"
0405c6ee-33f3-48de-813b-c1c8dcaa6061,"#N/A","#N/A",false,Web,"#N/A","#N/A",Medium,"#N/A",New,Subject_jfown,"#N/A","#N/A","#N/A","#N/A","#N/A"
0406a8b7-c4c4-454c-9db7-9ce544853d26,"#N/A","#N/A",false,Web,"#N/A","#N/A",Medium,"#N/A",New,Subject_voumw,"#N/A","#N/A","#N/A","#N/A","#N/A"
0408d74d-dd21-4ed9-a2d5-87f06dae631b,"#N/A","#N/A",false,Web,"#N/A","#N/A",Medium,"#N/A",New,Subject_kckqu,"#N/A","#N/A","#N/A","#N/A","#N/A"
0409faf8-30d5-49a5-99f0-77bdc4734ef8,"#N/A","#N/A",false,Web,"#N/A","#N/A",Medium,"#N/A",New,Subject_fzgys,"#N/A","#N/A","#N/A","#N/A","#N/A"
040d5d02-824b-4fd8-a208-17d3d74fe1b5,"#N/A","#N/A",false,Web,"#N/A","#N/A",Medium,"#N/A",New,Subject_tjfok,"#N/A","#N/A","#N/A","#N/A","#N/A"
040d75c2-a7c8-4731-bc4c-ff1d1e244750,"#N/A","#N/A",false,Web,"#N/A","#N/A",Medium,"#N/A",New,Subject_qhsun,"#N/A","#N/A","#N/A","#N/A","#N/A"
040de2ff-8111-4bf1-ad87-32b9af55a56e,"#N/A","#N/A",false,Web,"#N/A","#N/A",Medium,"#N/A",New,Subject_xwvzw,"#N/A","#N/A","#N/A","#N/A","#N/A"
040e89d0-2f89-40d7-b7d7-d53faf51350e,"#N/A","#N/A",false,Web,"#N/A","#N/A",Medium,"#N/A",New,Subject_xhmxi,"#N/A","#N/A","#N/A","#N/A","#N/A"
04132117-3915-4951-a42b-4a7f0486885c,"#N/A","#N/A",false,Web,"#N/A","#N/A",Medium,"#N/A",New,Subject_ivjpu,"#N/A","#N/A","#N/A","#N/A","#N/A"
041533b6-390b-48c7-9974-d29bb6eccc7b,"#N/A","#N/A",false,Web,"#N/A","#N/A",Medium,"#N/A",New,Subject_bpxmv,"#N/A","#N/A","#N/A","#N/A","#N/A"
0416ccc1-c613-4eed-9d0e-3fb171c6f0d8,"#N/A","#N/A",false,Web,"#N/A","#N/A",Medium,"#N/A",New,Subject_rhiqv,"#N/A","#N/A","#N/A","#N/A","#N/A"
04178d2a-26bd-4c32-a1ef-550d8eca42e9,"#N/A","#N/A",false,Web,"#N/A","#N/A",Medium,"#N/A",New,Subject_wuawi,"#N/A","#N/A","#N/A","#N/A","#N/A"
04193e4d-9cce-42a4-ae49-74346fccc18f,"#N/A","#N/A",false,Web,"#N/A","#N/A",Medium,"#N/A",New,Subject_iwabk,"#N/A","#N/A","#N/A","#N/A","#N/A"
04199038-a863-4111-b1fa-338f0574a8fe,"#N/A","#N/A",false,Web,"#N/A","#N/A",Medium,"#N/A",New,Subject_hyldz,"#N/A","#N/A","#N/A","#N/A","#N/A"
041ab22f-46c4-4bce-aaee-3d35449f9457,"#N/A","#N/A",false,Web,"#N/A","#N/A",Medium,"#N/A",New,Subject_amyrh,"#N/A","#N/A","#N/A","#N/A","#N/A"
041abee0-0a2b-497a-b437-8d7cb5184695,"#N/A","#N/A",false,Web,"#N/A","#N/A",Medium,"#N/A",New,Subject_kxupg,"#N/A","#N/A","#N/A","#N/A","#N/A"
041f0581-06cf-4f0e-9287-e48495c6b948,"#N/A","#N/A",false,Web,"#N/A","#N/A",Medium,"#N/A",New,Subject_mmjrv,"#N/A","#N/A","#N/A","#N/A","#N/A"
0422c0d8-f4f8-45aa-8586-b8347b001ebe,"#N/A","#N/A",false,Web,"#N/A","#N/A",Medium,"#N/A",New,Subject_dubyb,"#N/A","#N/A","#N/A","#N/A","#N/A"
0427c596-b3ff-4bc4-baef-3760857bbbe7,"#N/A","#N/A",false,Web,"#N/A","#N/A",Medium,"#N/A",New,Subject_cqsky,"#N/A","#N/A","#N/A","#N/A","#N/A"
04298758-e061-4e67-82dc-b84f9981d636,"#N/A","#N/A",false,Web,"#N/A","#N/A",Medium,"#N/A",New,Subject_wjzty,"#N/A","#N/A","#N/A","#N/A","#N/A"
04321e9f-b462-414d-9090-d3b121564411,"#N/A","#N/A",false,Web,"#N/A","#N/A",Medium,"#N/A",New,Subject_easzy,"#N/A","#N/A","#N/A","#N/A","#N/A"
04323619-feb5-4533-a4bc-b5a1ed81ca14,"#N/A","#N/A",false,Web,"#N/A","#N/A",Medium,"#N/A",New,Subject_iormy,"#N/A","#N/A","#N/A","#N/A","#N/A"
04365fa9-8219-4933-95ae-bf988bb80607,"#N/A","#N/A",false,Web,"#N/A","#N/A",Medium,"#N/A",New,Subject_kfvtq,"#N/A","#N/A","#N/A","#N/A","#N/A"
043fccd0-3820-4428-83d6-1d63ad84299d,"#N/A","#N/A",false,Web,"#N/A","#N/A",Medium,"#N/A",New,Subject_pjeui,"#N/A","#N/A","#N/A","#N/A","#N/A"
0440155e-bccc-49ee-9c26-b93452b3b605,"#N/A","#N/A",false,Web,"#N/A","#N/A",Medium,"#N/A",New,Subject_huqpw,"#N/A","#N/A","#N/A","#N/A","#N/A"
0440cf3c-fa18-4e3b-8edd-cd17a8e7cf95,"#N/A","#N/A",false,Web,"#N/A","#N/A",Medium,"#N/A",New,Subject_samla,"#N/A","#N/A","#N/A","#N/A","#N/A"
044230cd-2352-48ac-829d-26adb8d5e174,"#N/A","#N/A",false,Web,"#N/A","#N/A",Medium,"#N/A",New,Subject_jvatd,"#N/A","#N/A","#N/A","#N/A","#N/A"
0445447f-ea20-4a7e-ab21-dea9b790224c,"#N/A","#N/A",false,Web,"#N/A","#N/A",Medium,"#N/A",New,Subject_ufjjh,"#N/A","#N/A","#N/A","#N/A","#N/A"
0446155c-cc68-4660-aa91-4320298f200b,"#N/A","#N/A",false,Web,"#N/A","#N/A",Medium,"#N/A",New,Subject_vxred,"#N/A","#N/A","#N/A","#N/A","#N/A"
04481ec9-a9d1-45a3-8c3f-815dcf8c070c,"#N/A","#N/A",false,Web,"#N/A","#N/A",Medium,"#N/A",New,Subject_wuaeh,"#N/A","#N/A","#N/A","#N/A","#N/A"
044d0e17-fcaa-419f-bb52-4c46ea7caf82,"#N/A","#N/A",false,Web,"#N/A","#N/A",Medium,"#N/A",New,Subject_sgnjh,"#N/A","#N/A","#N/A","#N/A","#N/A"
044eeeba-4439-438d-a90a-a8c157bc259b,"#N/A","#N/A",false,Web,"#N/A","#N/A",Medium,"#N/A",New,Subject_xwvoq,"#N/A","#N/A","#N/A","#N/A","#N/A"
0450e8a0-42e0-44db-bfdf-8b0a39259cfe,"#N/A","#N/A",false,Web,"#N/A","#N/A",Medium,"#N/A",New,Subject_feajr,"#N/A","#N/A","#N/A","#N/A","#N/A"
0458aa59-d5ca-4c0b-9c89-494e05134020,"#N/A","#N/A",false,Web,"#N/A","#N/A",Medium,"#N/A",New,Subject_ybytz,"#N/A","#N/A","#N/A","#N/A","#N/A"
045bb9d7-e6e2-41d6-98b5-c52901c473a8,"#N/A","#N/A",false,Web,"#N/A","#N/A",Medium,"#N/A",New,Subject_rkktl,"#N/A","#N/A","#N/A","#N/A","#N/A"
045bdbc3-5a46-45e2-be40-2406fa8c358b,"#N/A","#N/A",false,Web,"#N/A","#N/A",Medium,"#N/A",New,Subject_lgjuc,"#N/A","#N/A","#N/A","#N/A","#N/A"
045d0b87-d3cd-4627-ba25-5d1301d9f637,"#N/A","#N/A",false,Web,"#N/A","#N/A",Medium,"#N/A",New,Subject_eojam,"#N/A","#N/A","#N/A","#N/A","#N/A"
04619e1d-343b-40ff-bea9-a776f76ff11d,"#N/A","#N/A",false,Web,"#N/A","#N/A",Medium,"#N/A",New,Subject_uytuu,"#N/A","#N/A","#N/A","#N/A","#N/A"
04627da5-1cd4-4f03-96ea-c5b31edbfe9d,"#N/A","#N/A",false,Web,"#N/A","#N/A",Medium,"#N/A",New,Subject_qrtln,"#N/A","#N/A","#N/A","#N/A","#N/A"
04639c60-bfe7-481d-b3ed-daf77a0843f9,"#N/A","#N/A",false,Web,"#N/A","#N/A",Medium,"#N/A",New,Subject_ibrhz,"#N/A","#N/A","#N/A","#N/A","#N/A"
0465dd97-a057-4a18-a306-3433ba676b49,"#N/A","#N/A",false,Web,"#N/A","#N/A",Medium,"#N/A",New,Subject_gtyqs,"#N/A","#N/A","#N/A","#N/A","#N/A"
04660620-a4cb-4380-aaec-3e1ae7da606b,"#N/A","#N/A",false,Web,"#N/A","#N/A",Medium,"#N/A",New,Subject_tchsi,"#N/A","#N/A","#N/A","#N/A","#N/A"
046747fe-1b42-40b4-a8d2-84c2ab9ccc88,"#N/A","#N/A",false,Web,"#N/A","#N/A",Medium,"#N/A",New,Subject_czyrg,"#N/A","#N/A","#N/A","#N/A","#N/A"
046be58a-c002-4652-813f-963bc9d96d95,"#N/A","#N/A",false,Web,"#N/A","#N/A",Medium,"#N/A",New,Subject_rxyuz,"#N/A","#N/A","#N/A","#N/A","#N/A"
0470109e-afab-4bb4-8851-0578f71a824b,"#N/A","#N/A",false,Web,"#N/A","#N/A",Medium,"#N/A",New,Subject_bqwoj,"#N/A","#N/A","#N/A","#N/A","#N/A"
0472a8aa-3356-43a2-bf16-57fcb0164414,"#N/A","#N/A",false,Web,"#N/A","#N/A",Medium,"#N/A",New,Subject_zzkrw,"#N/A","#N/A","#N/A","#N/A","#N/A"
0472f3ad-c7e6-4911-9475-7e0976813834,"#N/A","#N/A",false,Web,"#N/A","#N/A",Medium,"#N/A",New,Subject_pfeug,"#N/A","#N/A","#N/A","#N/A","#N/A"
0474b3f8-1710-45d0-bfb6-e2ea997b262a,"#N/A","#N/A",false,Web,"#N/A","#N/A",Medium,"#N/A",New,Subject_zlspi,"#N/A","#N/A","#N/A","#N/A","#N/A"
0479e447-c4b2-4244-b9be-28df360d8a0d,"#N/A","#N/A",false,Web,"#N/A","#N/A",Medium,"#N/A",New,Subject_czrld,"#N/A","#N/A","#N/A","#N/A","#N/A"
047c1455-940b-4d13-8617-251f4507d79e,"#N/A","#N/A",false,Web,"#N/A","#N/A",Medium,"#N/A",New,Subject_gufra,"#N/A","#N/A","#N/A","#N/A","#N/A"
048039cf-0076-41d2-aa81-d020c79a1b93,"#N/A","#N/A",false,Web,"#N/A","#N/A",Medium,"#N/A",New,Subject_ffvzl,"#N/A","#N/A","#N/A","#N/A","#N/A"
0486d39b-e21c-4cc8-8178-1f98b862e810,"#N/A","#N/A",false,Web,"#N/A","#N/A",Medium,"#N/A",New,Subject_fciyh,"#N/A","#N/A","#N/A","#N/A","#N/A"
04898b5f-51ef-4441-b436-30338e9460ed,"#N/A","#N/A",false,Web,"#N/A","#N/A",Medium,"#N/A",New,Subject_oanyh,"#N/A","#N/A","#N/A","#N/A","#N/A"
04904b22-ef4c-422c-aecd-9b2cf94896ea,"#N/A","#N/A",false,Web,"#N/A","#N/A",Medium,"#N/A",New,Subject_jdcyc,"#N/A","#N/A","#N/A","#N/A","#N/A"
04923043-da8d-499a-a353-46dd753652cc,"#N/A","#N/A",false,Web,"#N/A","#N/A",Medium,"#N/A",New,Subject_qbkao,"#N/A","#N/A","#N/A","#N/A","#N/A"
049234d1-f054-4db5-b4a0-329be77fad06,"#N/A","#N/A",false,Web,"#N/A","#N/A",Medium,"#N/A",New,Subject_gggmn,"#N/A","#N/A","#N/A","#N/A","#N/A"
04947fcb-ef35-4976-84ba-870166135651,"#N/A","#N/A",false,Web,"#N/A","#N/A",Medium,"#N/A",New,Subject_jxqhs,"#N/A","#N/A","#N/A","#N/A","#N/A"
04976195-2b75-48ad-94a9-0abde801c183,"#N/A","#N/A",false,Web,"#N/A","#N/A",Medium,"#N/A",New,Subject_ncetx,"#N/A","#N/A","#N/A","#N/A","#N/A"
049b0b86-934c-469b-b25f-115afff4518d,"#N/A","#N/A",false,Web,"#N/A","#N/A",Medium,"#N/A",New,Subject_dkdaw,"#N/A","#N/A","#N/A","#N/A","#N/A"
049b3988-8463-47d3-8de0-9709d1f2e461,"#N/A","#N/A",false,Web,"#N/A","#N/A",Medium,"#N/A",New,Subject_adtni,"#N/A","#N/A","#N/A","#N/A","#N/A"
049bfc18-8276-4829-b03b-3942f83fbb80,"#N/A","#N/A",false,Web,"#N/A","#N/A",Medium,"#N/A",New,Subject_gqdwz,"#N/A","#N/A","#N/A","#N/A","#N/A"
049ff343-3a01-4271-8017-58b55202da7c,"#N/A","#N/A",false,Web,"#N/A","#N/A",Medium,"#N/A",New,Subject_ihcyb,"#N/A","#N/A","#N/A","#N/A","#N/A"
04a0a373-0258-4f1d-895d-e6f5147172c8,"#N/A","#N/A",false,Web,"#N/A","#N/A",Medium,"#N/A",New,Subject_ryomp,"#N/A","#N/A","#N/A","#N/A","#N/A"
04a52b28-796a-4fae-a39e-ba96284de955,"#N/A","#N/A",false,Web,"#N/A","#N/A",Medium,"#N/A",New,Subject_pvszk,"#N/A","#N/A","#N/A","#N/A","#N/A"
04ac28e8-54a7-4885-ba8e-0c047583fb54,"#N/A","#N/A",false,Web,"#N/A","#N/A",Medium,"#N/A",New,Subject_cgrff,"#N/A","#N/A","#N/A","#N/A","#N/A"
04b0eabe-076a-430d-abc9-3e4c46187019,"#N/A","#N/A",false,Web,"#N/A","#N/A",Medium,"#N/A",New,Subject_xwzct,"#N/A","#N/A","#N/A","#N/A","#N/A"
04b1a90a-61c8-413e-bbd1-02b089c872a2,"#N/A","#N/A",false,Web,"#N/A","#N/A",Medium,"#N/A",New,Subject_pgcur,"#N/A","#N/A","#N/A","#N/A","#N/A"
04b46a3a-4f6f-4969-89a0-780ca67df591,"#N/A","#N/A",false,Web,"#N/A","#N/A",Medium,"#N/A",New,Subject_iijkw,"#N/A","#N/A","#N/A","#N/A","#N/A"
04babfe4-8482-4f27-852f-9977fcf1aee2,"#N/A","#N/A",false,Web,"#N/A","#N/A",Medium,"#N/A",New,Subject_oclrv,"#N/A","#N/A","#N/A","#N/A","#N/A"
04bae933-c388-48a1-bce6-b52ea5674731,"#N/A","#N/A",false,Web,"#N/A","#N/A",Medium,"#N/A",New,Subject_zblzm,"#N/A","#N/A","#N/A","#N/A","#N/A"
04bc248a-4517-4462-94ec-6f5e9d2d475c,"#N/A","#N/A",false,Web,"#N/A","#N/A",Medium,"#N/A",New,Subject_sejyp,"#N/A","#N/A","#N/A","#N/A","#N/A"
04bc2d36-9741-47e0-b387-93a72ace9f1f,"#N/A","#N/A",false,Web,"#N/A","#N/A",Medium,"#N/A",New,Subject_pudxp,"#N/A","#N/A","#N/A","#N/A","#N/A"
04bdef83-b058-4b4d-a660-5656e67e5e3d,"#N/A","#N/A",false,Web,"#N/A","#N/A",Medium,"#N/A",New,Subject_ugibh,"#N/A","#N/A","#N/A","#N/A","#N/A"
04be462b-be93-497c-b8aa-88ed2ca65862,"#N/A","#N/A",false,Web,"#N/A","#N/A",Medium,"#N/A",New,Subject_mkkcx,"#N/A","#N/A","#N/A","#N/A","#N/A"
04be8172-4a98-421c-a5c0-2e37c72b957a,"#N/A","#N/A",false,Web,"#N/A","#N/A",Medium,"#N/A",New,Subject_nvrbm,"#N/A","#N/A","#N/A","#N/A","#N/A"
04c0e4dd-71af-481c-aa26-dffb67a46f12,"#N/A","#N/A",false,Web,"#N/A","#N/A",Medium,"#N/A",New,Subject_tdoap,"#N/A","#N/A","#N/A","#N/A","#N/A"
04c23b63-247d-4dc1-93d2-5f7075b5ee3a,"#N/A","#N/A",false,Web,"#N/A","#N/A",Medium,"#N/A",New,Subject_vpsis,"#N/A","#N/A","#N/A","#N/A","#N/A"
04c8e395-978e-4c9e-af4b-2839394ec252,"#N/A","#N/A",false,Web,"#N/A","#N/A",Medium,"#N/A",New,Subject_iotqq,"#N/A","#N/A","#N/A","#N/A","#N/A"
04cddd98-dc04-405a-bdaf-f6f246bbad88,"#N/A","#N/A",false,Web,"#N/A","#N/A",Medium,"#N/A",New,Subject_avsfe,"#N/A","#N/A","#N/A","#N/A","#N/A"
04d2f190-6046-4b2b-b3b5-f2b32b1978a9,"#N/A","#N/A",false,Web,"#N/A","#N/A",Medium,"#N/A",New,Subject_igdbw,"#N/A","#N/A","#N/A","#N/A","#N/A"
04d3cd0d-0349-4d73-97d7-1cba063619c5,"#N/A","#N/A",false,Web,"#N/A","#N/A",Medium,"#N/A",New,Subject_wiywi,"#N/A","#N/A","#N/A","#N/A","#N/A"
04d8c54d-6d22-4df2-9249-6b4ca810acbc,"#N/A","#N/A",false,Web,"#N/A","#N/A",Medium,"#N/A",New,Subject_sdvui,"#N/A","#N/A","#N/A","#N/A","#N/A"
04ddbff4-0b07-4cc7-851c-5aa63adb8cbc,"#N/A","#N/A",false,Web,"#N/A","#N/A",Medium,"#N/A",New,Subject_biqbn,"#N/A","#N/A","#N/A","#N/A","#N/A"
04df0e3e-2d4a-4942-9ade-d72809c0bd7f,"#N/A","#N/A",false,Web,"#N/A","#N/A",Medium,"#N/A",New,Subject_kaoxd,"#N/A","#N/A","#N/A","#N/A","#N/A"
04e5925b-4597-445c-b34e-8dc5818a36c2,"#N/A","#N/A",false,Web,"#N/A","#N/A",Medium,"#N/A",New,Subject_ctusd,"#N/A","#N/A","#N/A","#N/A","#N/A"
04e84f9a-ffe6-4960-bce5-4768d82f5d97,"#N/A","#N/A",false,Web,"#N/A","#N/A",Medium,"#N/A",New,Subject_lqjwf,"#N/A","#N/A","#N/A","#N/A","#N/A"
04ebafca-7f2a-49a1-b423-e432541742de,"#N/A","#N/A",false,Web,"#N/A","#N/A",Medium,"#N/A",New,Subject_xhpci,"#N/A","#N/A","#N/A","#N/A","#N/A"
04ee3df0-af4b-4a29-9e4f-a36fcc039990,"#N/A","#N/A",false,Web,"#N/A","#N/A",Medium,"#N/A",New,Subject_wviul,"#N/A","#N/A","#N/A","#N/A","#N/A"
04ee860e-7f88-465a-906f-bfc5ddcda5ea,"#N/A","#N/A",false,Web,"#N/A","#N/A",Medium,"#N/A",New,Subject_nhkxj,"#N/A","#N/A","#N/A","#N/A","#N/A"
04f6ada1-6836-44bd-8f53-42a4d933b719,"#N/A","#N/A",false,Web,"#N/A","#N/A",Medium,"#N/A",New,Subject_fepbn,"#N/A","#N/A","#N/A","#N/A","#N/A"
04f99891-9daa-4c83-a140-5d13c8c7ac1c,"#N/A","#N/A",false,Web,"#N/A","#N/A",Medium,"#N/A",New,Subject_ybdvx,"#N/A","#N/A","#N/A","#N/A","#N/A"
04fd41b5-2861-4839-9a77-6d6bf3f22aec,"#N/A","#N/A",false,Web,"#N/A","#N/A",Medium,"#N/A",New,Subject_zgwyi,"#N/A","#N/A","#N/A","#N/A","#N/A"
0501a191-0ff4-4f86-8d78-97b003a5c9c8,"#N/A","#N/A",false,Web,"#N/A","#N/A",Medium,"#N/A",New,Subject_okmof,"#N/A","#N/A","#N/A","#N/A","#N/A"
050285f3-c043-4f8e-a076-f9e893fed375,"#N/A","#N/A",false,Web,"#N/A","#N/A",Medium,"#N/A",New,Subject_ukgtp,"#N/A","#N/A","#N/A","#N/A","#N/A"
0507ca05-0d80-4c7b-88ea-2e7f504c00e4,"#N/A","#N/A",false,Web,"#N/A","#N/A",Medium,"#N/A",New,Subject_eflmz,"#N/A","#N/A","#N/A","#N/A","#N/A"
0508ce8d-0965-403d-97ed-f6528852a9c7,"#N/A","#N/A",false,Web,"#N/A","#N/A",Medium,"#N/A",New,Subject_uhman,"#N/A","#N/A","#N/A","#N/A","#N/A"
05095e0d-4d87-4017-88d2-f2d52d91edd9,"#N/A","#N/A",false,Web,"#N/A","#N/A",Medium,"#N/A",New,Subject_mrjcu,"#N/A","#N/A","#N/A","#N/A","#N/A"
050a7699-5fcc-4a8f-975f-508930bb91f2,"#N/A","#N/A",false,Web,"#N/A","#N/A",Medium,"#N/A",New,Subject_dqbgp,"#N/A","#N/A","#N/A","#N/A","#N/A"
050b7854-9173-47f0-9092-e8677565b4f1,"#N/A","#N/A",false,Web,"#N/A","#N/A",Medium,"#N/A",New,Subject_dokjm,"#N/A","#N/A","#N/A","#N/A","#N/A"
050d4902-5753-4238-97ba-5875385d893a,"#N/A","#N/A",false,Web,"#N/A","#N/A",Medium,"#N/A",New,Subject_sevsm,"#N/A","#N/A","#N/A","#N/A","#N/A"
050fc8fc-5cab-46ce-8d8f-7f86a67d9818,"#N/A","#N/A",false,Web,"#N/A","#N/A",Medium,"#N/A",New,Subject_ifzwz,"#N/A","#N/A","#N/A","#N/A","#N/A"
0512b3db-346d-4a7d-ad7f-5b0c8dfb4f44,"#N/A","#N/A",false,Web,"#N/A","#N/A",Medium,"#N/A",New,Subject_ozsay,"#N/A","#N/A","#N/A","#N/A","#N/A"
0515ba3b-c0fd-4b2a-a067-c92d2f48dfe7,"#N/A","#N/A",false,Web,"#N/A","#N/A",Medium,"#N/A",New,Subject_afkyl,"#N/A","#N/A","#N/A","#N/A","#N/A"
05184ba2-899e-4544-bd92-c33655f202fe,"#N/A","#N/A",false,Web,"#N/A","#N/A",Medium,"#N/A",New,Subject_qftmd,"#N/A","#N/A","#N/A","#N/A","#N/A"
0519097a-e5fd-4554-aafb-41d554263c51,"#N/A","#N/A",false,Web,"#N/A","#N/A",Medium,"#N/A",New,Subject_rxevn,"#N/A","#N/A","#N/A","#N/A","#N/A"
0519dea8-1048-479e-a49e-f943a0a0f6ba,"#N/A","#N/A",false,Web,"#N/A","#N/A",Medium,"#N/A",New,Subject_zawgg,"#N/A","#N/A","#N/A","#N/A","#N/A"
051a5619-2148-429e-b4fb-e4cc48bb6ed4,"#N/A","#N/A",false,Web,"#N/A","#N/A",Medium,"#N/A",New,Subject_qedtw,"#N/A","#N/A","#N/A","#N/A","#N/A"
0521e673-a921-491c-9a37-51e8f72f5eff,"#N/A","#N/A",false,Web,"#N/A","#N/A",Medium,"#N/A",New,Subject_sscgf,"#N/A","#N/A","#N/A","#N/A","#N/A"
052409a4-d11b-4646-8d97-0cb5992d0eab,"#N/A","#N/A",false,Web,"#N/A","#N/A",Medium,"#N/A",New,Subject_jfvyf,"#N/A","#N/A","#N/A","#N/A","#N/A"
05266f25-0890-4c66-b845-cc519c46e6e1,"#N/A","#N/A",false,Web,"#N/A","#N/A",Medium,"#N/A",New,Subject_joyid,"#N/A","#N/A","#N/A","#N/A","#N/A"
052712ab-159d-41f5-a3d2-15c063c6ec98,"#N/A","#N/A",false,Web,"#N/A","#N/A",Medium,"#N/A",New,Subject_qpavm,"#N/A","#N/A","#N/A","#N/A","#N/A"
05284081-e1cf-4796-ad0f-28cd401f1e5d,"#N/A","#N/A",false,Web,"#N/A","#N/A",Medium,"#N/A",New,Subject_cxakk,"#N/A","#N/A","#N/A","#N/A","#N/A"
052a2cde-2674-4378-9c65-614c89ed84da,"#N/A","#N/A",false,Web,"#N/A","#N/A",Medium,"#N/A",New,Subject_fycaq,"#N/A","#N/A","#N/A","#N/A","#N/A"
052bfbb5-ab96-4388-9393-12c7050d4c33,"#N/A","#N/A",false,Web,"#N/A","#N/A",Medium,"#N/A",New,Subject_sxffc,"#N/A","#N/A","#N/A","#N/A","#N/A"
052c1c80-1d60-4e83-a7b5-02829deb7b1f,"#N/A","#N/A",false,Web,"#N/A","#N/A",Medium,"#N/A",New,Subject_tglye,"#N/A","#N/A","#N/A","#N/A","#N/A"
052ce184-2dfb-4c60-b382-59e967885e06,"#N/A","#N/A",false,Web,"#N/A","#N/A",Medium,"#N/A",New,Subject_aajzw,"#N/A","#N/A","#N/A","#N/A","#N/A"
052ec1b7-4739-4649-9081-9c2fdeb2d827,"#N/A","#N/A",false,Web,"#N/A","#N/A",Medium,"#N/A",New,Subject_mezcu,"#N/A","#N/A","#N/A","#N/A","#N/A"
05330d14-5bf3-4e33-8f2e-038ab70ea91a,"#N/A","#N/A",false,Web,"#N/A","#N/A",Medium,"#N/A",New,Subject_iewki,"#N/A","#N/A","#N/A","#N/A","#N/A"
05362131-455c-495a-bd6e-5c6c398f93c3,"#N/A","#N/A",false,Web,"#N/A","#N/A",Medium,"#N/A",New,Subject_tlzot,"#N/A","#N/A","#N/A","#N/A","#N/A"
053841df-c857-49b7-a5c5-6a31db3e9865,"#N/A","#N/A",false,Web,"#N/A","#N/A",Medium,"#N/A",New,Subject_gnkus,"#N/A","#N/A","#N/A","#N/A","#N/A"
05398d90-b79f-4bbd-abc5-79f32177ac95,"#N/A","#N/A",false,Web,"#N/A","#N/A",Medium,"#N/A",New,Subject_rvwga,"#N/A","#N/A","#N/A","#N/A","#N/A"
053d6b7a-0abf-4714-a9e0-bab912193771,"#N/A","#N/A",false,Web,"#N/A","#N/A",Medium,"#N/A",New,Subject_gzjfo,"#N/A","#N/A","#N/A","#N/A","#N/A"
053f77a1-72bd-4a68-a077-8a945c49d553,"#N/A","#N/A",false,Web,"#N/A","#N/A",Medium,"#N/A",New,Subject_mvjpp,"#N/A","#N/A","#N/A","#N/A","#N/A"
0543e70c-3b2a-4498-974a-1cbb97b13b1e,"#N/A","#N/A",false,Web,"#N/A","#N/A",Medium,"#N/A",New,Subject_xrobq,"#N/A","#N/A","#N/A","#N/A","#N/A"
054d0917-f902-4a36-b8f6-0bc260ece12c,"#N/A","#N/A",false,Web,"#N/A","#N/A",Medium,"#N/A",New,Subject_gkbfp,"#N/A","#N/A","#N/A","#N/A","#N/A"
054f7fa2-a701-4b78-9c43-42900f3af567,"#N/A","#N/A",false,Web,"#N/A","#N/A",Medium,"#N/A",New,Subject_xdown,"#N/A","#N/A","#N/A","#N/A","#N/A"
0552b842-38a4-479b-b6c4-8868cb5b0f90,"#N/A","#N/A",false,Web,"#N/A","#N/A",Medium,"#N/A",New,Subject_bzmyd,"#N/A","#N/A","#N/A","#N/A","#N/A"
0553cd98-0217-4d3f-a102-b4fb00df4db7,"#N/A","#N/A",false,Web,"#N/A","#N/A",Medium,"#N/A",New,Subject_gduct,"#N/A","#N/A","#N/A","#N/A","#N/A"
05566a0e-7b74-488b-9a0b-70712dcee65f,"#N/A","#N/A",false,Web,"#N/A","#N/A",Medium,"#N/A",New,Subject_rhylh,"#N/A","#N/A","#N/A","#N/A","#N/A"
05577831-ac1f-4849-8a8f-4d8df67a3fb0,"#N/A","#N/A",false,Web,"#N/A","#N/A",Medium,"#N/A",New,Subject_jmegw,"#N/A","#N/A","#N/A","#N/A","#N/A"
0559ce4a-98f4-4d94-b5b4-b00ef018bf02,"#N/A","#N/A",false,Web,"#N/A","#N/A",Medium,"#N/A",New,Subject_teyob,"#N/A","#N/A","#N/A","#N/A","#N/A"
055a235c-ced1-4852-a9a0-aa344a0e435e,"#N/A","#N/A",false,Web,"#N/A","#N/A",Medium,"#N/A",New,Subject_ieyni,"#N/A","#N/A","#N/A","#N/A","#N/A"
055a7677-95ed-4de0-ba0c-194bb4fa6605,"#N/A","#N/A",false,Web,"#N/A","#N/A",Medium,"#N/A",New,Subject_amous,"#N/A","#N/A","#N/A","#N/A","#N/A"
055aaefe-a3b8-4729-ae1d-78fdab4d835b,"#N/A","#N/A",false,Web,"#N/A","#N/A",Medium,"#N/A",New,Subject_xqosb,"#N/A","#N/A","#N/A","#N/A","#N/A"
055bd038-8cf6-4792-ae8b-531fb7fa3912,"#N/A","#N/A",false,Web,"#N/A","#N/A",Medium,"#N/A",New,Subject_aunac,"#N/A","#N/A","#N/A","#N/A","#N/A"
05600fa5-9de2-459d-80d1-5327b6575512,"#N/A","#N/A",false,Web,"#N/A","#N/A",Medium,"#N/A",New,Subject_bapsu,"#N/A","#N/A","#N/A","#N/A","#N/A"
05607f33-5947-4921-86b5-0fabd11c03bf,"#N/A","#N/A",false,Web,"#N/A","#N/A",Medium,"#N/A",New,Subject_fihkq,"#N/A","#N/A","#N/A","#N/A","#N/A"
05635a00-866f-4712-9d2f-4ae2043890f7,"#N/A","#N/A",false,Web,"#N/A","#N/A",Medium,"#N/A",New,Subject_fxsme,"#N/A","#N/A","#N/A","#N/A","#N/A"
056bf40c-1b72-4b3a-a1b1-8bf787a6a45c,"#N/A","#N/A",false,Web,"#N/A","#N/A",Medium,"#N/A",New,Subject_rpgal,"#N/A","#N/A","#N/A","#N/A","#N/A"
056d49d3-fb5c-4d1a-84df-a66471008912,"#N/A","#N/A",false,Web,"#N/A","#N/A",Medium,"#N/A",New,Subject_dckxb,"#N/A","#N/A","#N/A","#N/A","#N/A"
056d7743-bacd-4e59-8c4d-c58775112044,"#N/A","#N/A",false,Web,"#N/A","#N/A",Medium,"#N/A",New,Subject_jbner,"#N/A","#N/A","#N/A","#N/A","#N/A"
05763dcb-3ece-4292-8409-3d4862000d67,"#N/A","#N/A",false,Web,"#N/A","#N/A",Medium,"#N/A",New,Subject_oyhlh,"#N/A","#N/A","#N/A","#N/A","#N/A"
05768615-cce1-4d08-adac-3f09714a0f53,"#N/A","#N/A",false,Web,"#N/A","#N/A",Medium,"#N/A",New,Subject_zclys,"#N/A","#N/A","#N/A","#N/A","#N/A"
0577ea65-6f68-42fd-9395-3215f421dd6d,"#N/A","#N/A",false,Web,"#N/A","#N/A",Medium,"#N/A",New,Subject_bnllq,"#N/A","#N/A","#N/A","#N/A","#N/A"
057a9793-dbbc-4b99-8dfd-f5717f54a47f,"#N/A","#N/A",false,Web,"#N/A","#N/A",Medium,"#N/A",New,Subject_mmgvj,"#N/A","#N/A","#N/A","#N/A","#N/A"
057bf4dc-1353-403c-8415-969cc44ade35,"#N/A","#N/A",false,Web,"#N/A","#N/A",Medium,"#N/A",New,Subject_irccp,"#N/A","#N/A","#N/A","#N/A","#N/A"
057ef493-17f0-464e-80e4-96b0afa9ba93,"#N/A","#N/A",false,Web,"#N/A","#N/A",Medium,"#N/A",New,Subject_pjkun,"#N/A","#N/A","#N/A","#N/A","#N/A"
05835bff-d214-42c7-9875-0d66da1a2f16,"#N/A","#N/A",false,Web,"#N/A","#N/A",Medium,"#N/A",New,Subject_fckjv,"#N/A","#N/A","#N/A","#N/A","#N/A"
05864749-b074-48d2-bc0c-bee536b96d91,"#N/A","#N/A",false,Web,"#N/A","#N/A",Medium,"#N/A",New,Subject_pggoa,"#N/A","#N/A","#N/A","#N/A","#N/A"
058b6f8b-74dc-4282-8ae1-c4ea5c00544d,"#N/A","#N/A",false,Web,"#N/A","#N/A",Medium,"#N/A",New,Subject_tcfoh,"#N/A","#N/A","#N/A","#N/A","#N/A"
058dda5f-4b99-4825-8e34-421e14bafacb,"#N/A","#N/A",false,Web,"#N/A","#N/A",Medium,"#N/A",New,Subject_mzupg,"#N/A","#N/A","#N/A","#N/A","#N/A"
0593a546-f152-448d-b88a-233f06951c8f,"#N/A","#N/A",false,Web,"#N/A","#N/A",Medium,"#N/A",New,Subject_uhzjs,"#N/A","#N/A","#N/A","#N/A","#N/A"
05953fe4-2c2f-4855-a38e-6406fd919fe6,"#N/A","#N/A",false,Web,"#N/A","#N/A",Medium,"#N/A",New,Subject_ivank,"#N/A","#N/A","#N/A","#N/A","#N/A"
05991c35-378d-40ac-90b6-9e00171353e9,"#N/A","#N/A",false,Web,"#N/A","#N/A",Medium,"#N/A",New,Subject_culte,"#N/A","#N/A","#N/A","#N/A","#N/A"
059a9a28-3374-4221-819a-239de37a0fb2,"#N/A","#N/A",false,Web,"#N/A","#N/A",Medium,"#N/A",New,Subject_zeuqn,"#N/A","#N/A","#N/A","#N/A","#N/A"
059c68f5-331f-4b25-98d1-4511ad7c2c5b,"#N/A","#N/A",false,Web,"#N/A","#N/A",Medium,"#N/A",New,Subject_likyi,"#N/A","#N/A","#N/A","#N/A","#N/A"
05a020f0-4a63-4de2-92ed-7f0b31178498,"#N/A","#N/A",false,Web,"#N/A","#N/A",Medium,"#N/A",New,Subject_nwmhb,"#N/A","#N/A","#N/A","#N/A","#N/A"
05a7342c-ca51-4d75-8f17-6b07f5335151,"#N/A","#N/A",false,Web,"#N/A","#N/A",Medium,"#N/A",New,Subject_hhiqd,"#N/A","#N/A","#N/A","#N/A","#N/A"
05a8ea5e-0057-4a82-a022-1010adbb64fc,"#N/A","#N/A",false,Web,"#N/A","#N/A",Medium,"#N/A",New,Subject_vtola,"#N/A","#N/A","#N/A","#N/A","#N/A"
05ac49ba-d221-4db5-ab4b-d526a6ab9935,"#N/A","#N/A",false,Web,"#N/A","#N/A",Medium,"#N/A",New,Subject_aktuj,"#N/A","#N/A","#N/A","#N/A","#N/A"
05ada10e-9ed7-43c3-843d-c26976358c43,"#N/A","#N/A",false,Web,"#N/A","#N/A",Medium,"#N/A",New,Subject_sknzw,"#N/A","#N/A","#N/A","#N/A","#N/A"
05b67a30-b825-4f26-8914-0886fc8f0f8a,"#N/A","#N/A",false,Web,"#N/A","#N/A",Medium,"#N/A",New,Subject_twnzc,"#N/A","#N/A","#N/A","#N/A","#N/A"
05be4532-2a88-4971-a62d-2cf676e915c0,"#N/A","#N/A",false,Web,"#N/A","#N/A",Medium,"#N/A",New,Subject_qbosa,"#N/A","#N/A","#N/A","#N/A","#N/A"
05c1e4ac-214b-48bf-909f-2ad5fe130a48,"#N/A","#N/A",false,Web,"#N/A","#N/A",Medium,"#N/A",New,Subject_bgmjj,"#N/A","#N/A","#N/A","#N/A","#N/A"
05c1ecbb-7cfc-437e-853a-29a6870307f6,"#N/A","#N/A",false,Web,"#N/A","#N/A",Medium,"#N/A",New,Subject_snokj,"#N/A","#N/A","#N/A","#N/A","#N/A"
05c817e2-9075-4352-9654-fc4b437aa3a3,"#N/A","#N/A",false,Web,"#N/A","#N/A",Medium,"#N/A",New,Subject_cfang,"#N/A","#N/A","#N/A","#N/A","#N/A"
05c9a554-c909-4a98-a220-b6b880c6f405,"#N/A","#N/A",false,Web,"#N/A","#N/A",Medium,"#N/A",New,Subject_gtnxi,"#N/A","#N/A","#N/A","#N/A","#N/A"
05cc6662-7728-463f-aca8-f954e7a3a3d4,"#N/A","#N/A",false,Web,"#N/A","#N/A",Medium,"#N/A",New,Subject_nmzdq,"#N/A","#N/A","#N/A","#N/A","#N/A"
05cd2c50-2c18-4da5-9dec-a148b7d20e55,"#N/A","#N/A",false,Web,"#N/A","#N/A",Medium,"#N/A",New,Subject_bpbhc,"#N/A","#N/A","#N/A","#N/A","#N/A"
05ce2120-3af3-4c57-b62a-dd217d86af16,"#N/A","#N/A",false,Web,"#N/A","#N/A",Medium,"#N/A",New,Subject_nmnzb,"#N/A","#N/A","#N/A","#N/A","#N/A"
05cf57c7-40f1-42a5-8c64-211b6b3799d5,"#N/A","#N/A",false,Web,"#N/A","#N/A",Medium,"#N/A",New,Subject_hfeeg,"#N/A","#N/A","#N/A","#N/A","#N/A"
05cf76e9-9f8c-4ae9-920c-dfc1346d2010,"#N/A","#N/A",false,Web,"#N/A","#N/A",Medium,"#N/A",New,Subject_vrqtv,"#N/A","#N/A","#N/A","#N/A","#N/A"
05cfb507-829c-497a-aa0c-ba8aa5857a72,"#N/A","#N/A",false,Web,"#N/A","#N/A",Medium,"#N/A",New,Subject_tlzhx,"#N/A","#N/A","#N/A","#N/A","#N/A"
05dac245-f869-4311-b89a-f62ccbe0a1a5,"#N/A","#N/A",false,Web,"#N/A","#N/A",Medium,"#N/A",New,Subject_kdabr,"#N/A","#N/A","#N/A","#N/A","#N/A"
05db0441-2867-4a41-af1c-7cbbf59f0753,"#N/A","#N/A",false,Web,"#N/A","#N/A",Medium,"#N/A",New,Subject_vcpid,"#N/A","#N/A","#N/A","#N/A","#N/A"
05dc5077-f8c8-47c0-9baf-0ce5c614c041,"#N/A","#N/A",false,Web,"#N/A","#N/A",Medium,"#N/A",New,Subject_lsvrl,"#N/A","#N/A","#N/A","#N/A","#N/A"
05e03b68-dd07-4346-a5f4-ea374002a9af,"#N/A","#N/A",false,Web,"#N/A","#N/A",Medium,"#N/A",New,Subject_spcmo,"#N/A","#N/A","#N/A","#N/A","#N/A"
05ea373d-7994-4bc3-878c-f6c9c48fbab8,"#N/A","#N/A",false,Web,"#N/A","#N/A",Medium,"#N/A",New,Subject_fianf,"#N/A","#N/A","#N/A","#N/A","#N/A"
05ed9182-8db1-4eeb-91ce-3a59c568cab8,"#N/A","#N/A",false,Web,"#N/A","#N/A",Medium,"#N/A",New,Subject_nugyv,"#N/A","#N/A","#N/A","#N/A","#N/A"
05ef6abb-e14f-496a-8df9-d4a5312c593e,"#N/A","#N/A",false,Web,"#N/A","#N/A",Medium,"#N/A",New,Subject_awdle,"#N/A","#N/A","#N/A","#N/A","#N/A"
05f4d81b-820c-400b-a6f4-da5a83e570dc,"#N/A","#N/A",false,Web,"#N/A","#N/A",Medium,"#N/A",New,Subject_oqznw,"#N/A","#N/A","#N/A","#N/A","#N/A"
05f5926a-1971-41b8-87e0-5667ba1f6177,"#N/A","#N/A",false,Web,"#N/A","#N/A",Medium,"#N/A",New,Subject_ypawk,"#N/A","#N/A","#N/A","#N/A","#N/A"
05fa0bc4-486d-43d0-8cbb-450b130372d4,"#N/A","#N/A",false,Web,"#N/A","#N/A",Medium,"#N/A",New,Subject_xipbo,"#N/A","#N/A","#N/A","#N/A","#N/A"
05fa6a56-1917-451d-bb75-93d4648133b8,"#N/A","#N/A",false,Web,"#N/A","#N/A",Medium,"#N/A",New,Subject_izsdp,"#N/A","#N/A","#N/A","#N/A","#N/A"
05fe9481-6020-4582-a45d-b7333b6c60c8,"#N/A","#N/A",false,Web,"#N/A","#N/A",Medium,"#N/A",New,Subject_bsknr,"#N/A","#N/A","#N/A","#N/A","#N/A"
0602ab88-33a8-40b0-8035-ea265c5470e3,"#N/A","#N/A",false,Web,"#N/A","#N/A",Medium,"#N/A",New,Subject_xroxv,"#N/A","#N/A","#N/A","#N/A","#N/A"
060557db-c0ee-4b40-8ac1-e5d8fccb5268,"#N/A","#N/A",false,Web,"#N/A","#N/A",Medium,"#N/A",New,Subject_vofic,"#N/A","#N/A","#N/A","#N/A","#N/A"
060964b2-ad33-4435-905c-2a9cb5a2434c,"#N/A","#N/A",false,Web,"#N/A","#N/A",Medium,"#N/A",New,Subject_wroic,"#N/A","#N/A","#N/A","#N/A","#N/A"
060dcf85-a4f4-42e0-bb02-90fd15368cd6,"#N/A","#N/A",false,Web,"#N/A","#N/A",Medium,"#N/A",New,Subject_ytjdn,"#N/A","#N/A","#N/A","#N/A","#N/A"
0611e998-b7b9-4893-b52d-c61a25dcd2c3,"#N/A","#N/A",false,Web,"#N/A","#N/A",Medium,"#N/A",New,Subject_tnctc,"#N/A","#N/A","#N/A","#N/A","#N/A"
06141375-366a-47f1-b4a8-f03f2d2bee20,"#N/A","#N/A",false,Web,"#N/A","#N/A",Medium,"#N/A",New,Subject_tybyj,"#N/A","#N/A","#N/A","#N/A","#N/A"
061a4fb6-5620-4571-b030-edca7ed104b2,"#N/A","#N/A",false,Web,"#N/A","#N/A",Medium,"#N/A",New,Subject_kskxs,"#N/A","#N/A","#N/A","#N/A","#N/A"
061aa118-c74f-40c7-8bbb-9356536c0166,"#N/A","#N/A",false,Web,"#N/A","#N/A",Medium,"#N/A",New,Subject_vkzkq,"#N/A","#N/A","#N/A","#N/A","#N/A"
061b324f-a3ca-4312-8500-a68a198d1ea6,"#N/A","#N/A",false,Web,"#N/A","#N/A",Medium,"#N/A",New,Subject_vqilg,"#N/A","#N/A","#N/A","#N/A","#N/A"
061b3798-8853-4f3d-840f-64346c1536e8,"#N/A","#N/A",false,Web,"#N/A","#N/A",Medium,"#N/A",New,Subject_aflgy,"#N/A","#N/A","#N/A","#N/A","#N/A"
061eaeb8-c2b3-4fe0-b83e-52ed3c0a7559,"#N/A","#N/A",false,Web,"#N/A","#N/A",Medium,"#N/A",New,Subject_htipe,"#N/A","#N/A","#N/A","#N/A","#N/A"
061ebf4b-f0a5-4fbe-8206-342adc2cb774,"#N/A","#N/A",false,Web,"#N/A","#N/A",Medium,"#N/A",New,Subject_abnyx,"#N/A","#N/A","#N/A","#N/A","#N/A"
062084d2-c7ae-4e00-9e45-7adab12e537c,"#N/A","#N/A",false,Web,"#N/A","#N/A",Medium,"#N/A",New,Subject_hnwca,"#N/A","#N/A","#N/A","#N/A","#N/A"
0623402a-3bb5-4d54-8e06-687bfc255ea1,"#N/A","#N/A",false,Web,"#N/A","#N/A",Medium,"#N/A",New,Subject_onnvt,"#N/A","#N/A","#N/A","#N/A","#N/A"
06277945-76bc-4a90-9477-ff658062e0ca,"#N/A","#N/A",false,Web,"#N/A","#N/A",Medium,"#N/A",New,Subject_jloaw,"#N/A","#N/A","#N/A","#N/A","#N/A"
0627c21a-3502-4f5c-a9e3-761bc1144459,"#N/A","#N/A",false,Web,"#N/A","#N/A",Medium,"#N/A",New,Subject_znbat,"#N/A","#N/A","#N/A","#N/A","#N/A"
06291538-4c79-45c9-9ca1-9b2c85b78876,"#N/A","#N/A",false,Web,"#N/A","#N/A",Medium,"#N/A",New,Subject_bjkst,"#N/A","#N/A","#N/A","#N/A","#N/A"
062b80f3-33ab-4f64-ad58-920f6aa0fd28,"#N/A","#N/A",false,Web,"#N/A","#N/A",Medium,"#N/A",New,Subject_nnman,"#N/A","#N/A","#N/A","#N/A","#N/A"
062d9237-c695-42b2-93bb-2bab7acce971,"#N/A","#N/A",false,Web,"#N/A","#N/A",Medium,"#N/A",New,Subject_bncit,"#N/A","#N/A","#N/A","#N/A","#N/A"
06304930-e86f-4c1a-a613-ce800346ed72,"#N/A","#N/A",false,Web,"#N/A","#N/A",Medium,"#N/A",New,Subject_klvao,"#N/A","#N/A","#N/A","#N/A","#N/A"
0630f0b0-e8ee-48ee-8410-8a1652d9c5c4,"#N/A","#N/A",false,Web,"#N/A","#N/A",Medium,"#N/A",New,Subject_ghruf,"#N/A","#N/A","#N/A","#N/A","#N/A"
0631ddca-35a7-4465-a086-68cbaea133a2,"#N/A","#N/A",false,Web,"#N/A","#N/A",Medium,"#N/A",New,Subject_csmaa,"#N/A","#N/A","#N/A","#N/A","#N/A"
0633aad2-9211-4f2c-906d-dedf350cd048,"#N/A","#N/A",false,Web,"#N/A","#N/A",Medium,"#N/A",New,Subject_lsdxf,"#N/A","#N/A","#N/A","#N/A","#N/A"
0634967e-dda4-4c33-9477-2b16053b8b69,"#N/A","#N/A",false,Web,"#N/A","#N/A",Medium,"#N/A",New,Subject_njtiw,"#N/A","#N/A","#N/A","#N/A","#N/A"
06390ce0-2ce7-4259-b2f8-bc15239218db,"#N/A","#N/A",false,Web,"#N/A","#N/A",Medium,"#N/A",New,Subject_fwjuv,"#N/A","#N/A","#N/A","#N/A","#N/A"
063a37dc-2dcf-40ee-8314-35028ce550cd,"#N/A","#N/A",false,Web,"#N/A","#N/A",Medium,"#N/A",New,Subject_mmbnm,"#N/A","#N/A","#N/A","#N/A","#N/A"
0640a506-8f5c-40da-99ff-f0fa6e379e16,"#N/A","#N/A",false,Web,"#N/A","#N/A",Medium,"#N/A",New,Subject_fzgys,"#N/A","#N/A","#N/A","#N/A","#N/A"
0646e39f-eef3-4f71-bd09-60a64052d42c,"#N/A","#N/A",false,Web,"#N/A","#N/A",Medium,"#N/A",New,Subject_ktmtv,"#N/A","#N/A","#N/A","#N/A","#N/A"
0648b945-8af1-4446-8d18-829055c762c7,"#N/A","#N/A",false,Web,"#N/A","#N/A",Medium,"#N/A",New,Subject_dudsg,"#N/A","#N/A","#N/A","#N/A","#N/A"
064ae539-aee1-44a2-be14-0b841476eb38,"#N/A","#N/A",false,Web,"#N/A","#N/A",Medium,"#N/A",New,Subject_brgeg,"#N/A","#N/A","#N/A","#N/A","#N/A"
064b2a9d-5118-47ca-a141-ccee24db3efb,"#N/A","#N/A",false,Web,"#N/A","#N/A",Medium,"#N/A",New,Subject_daktm,"#N/A","#N/A","#N/A","#N/A","#N/A"
0650805c-8eea-4f76-a328-0c0504620482,"#N/A","#N/A",false,Web,"#N/A","#N/A",Medium,"#N/A",New,Subject_nabso,"#N/A","#N/A","#N/A","#N/A","#N/A"
065199b8-9481-4feb-a104-d8ea0001ba36,"#N/A","#N/A",false,Web,"#N/A","#N/A",Medium,"#N/A",New,Subject_bkpak,"#N/A","#N/A","#N/A","#N/A","#N/A"
06584c8b-aefe-47ae-bd9b-080808972973,"#N/A","#N/A",false,Web,"#N/A","#N/A",Medium,"#N/A",New,Subject_hpjxs,"#N/A","#N/A","#N/A","#N/A","#N/A"
0658e6e5-dc06-4171-8d8e-04a7880c0f6a,"#N/A","#N/A",false,Web,"#N/A","#N/A",Medium,"#N/A",New,Subject_mewdy,"#N/A","#N/A","#N/A","#N/A","#N/A"
065a1ec9-4745-4785-ad2d-1cd58c170880,"#N/A","#N/A",false,Web,"#N/A","#N/A",Medium,"#N/A",New,Subject_jxagh,"#N/A","#N/A","#N/A","#N/A","#N/A"
065b4fb5-838d-4d34-a92d-51d666bbfa42,"#N/A","#N/A",false,Web,"#N/A","#N/A",Medium,"#N/A",New,Subject_zufny,"#N/A","#N/A","#N/A","#N/A","#N/A"
065d9489-77be-47a2-ad76-04f7d9124728,"#N/A","#N/A",false,Web,"#N/A","#N/A",Medium,"#N/A",New,Subject_eanqo,"#N/A","#N/A","#N/A","#N/A","#N/A"
065e9449-f91b-48e7-9c7d-85c828afd0e4,"#N/A","#N/A",false,Web,"#N/A","#N/A",Medium,"#N/A",New,Subject_zrbdh,"#N/A","#N/A","#N/A","#N/A","#N/A"
06642be4-bf3f-45b8-be6f-1d7c0dcd2b49,"#N/A","#N/A",false,Web,"#N/A","#N/A",Medium,"#N/A",New,Subject_qpiuq,"#N/A","#N/A","#N/A","#N/A","#N/A"
06648de9-c775-48c6-9ed1-8aab80b8a999,"#N/A","#N/A",false,Web,"#N/A","#N/A",Medium,"#N/A",New,Subject_dpwdd,"#N/A","#N/A","#N/A","#N/A","#N/A"
0665c9cb-5827-4b0d-9760-4d1213db699d,"#N/A","#N/A",false,Web,"#N/A","#N/A",Medium,"#N/A",New,Subject_afkct,"#N/A","#N/A","#N/A","#N/A","#N/A"
066845d0-c247-4110-bbfb-75455a353977,"#N/A","#N/A",false,Web,"#N/A","#N/A",Medium,"#N/A",New,Subject_gnjba,"#N/A","#N/A","#N/A","#N/A","#N/A"
066d751c-cad9-4452-999d-2cb9db0e6223,"#N/A","#N/A",false,Web,"#N/A","#N/A",Medium,"#N/A",New,Subject_jlqss,"#N/A","#N/A","#N/A","#N/A","#N/A"
0671d476-7539-41b1-9e6d-b03f586e8e36,"#N/A","#N/A",false,Web,"#N/A","#N/A",Medium,"#N/A",New,Subject_yetwn,"#N/A","#N/A","#N/A","#N/A","#N/A"
067dfa42-1436-4da8-b499-da7fe58b03da,"#N/A","#N/A",false,Web,"#N/A","#N/A",Medium,"#N/A",New,Subject_uimja,"#N/A","#N/A","#N/A","#N/A","#N/A"
067f8748-49bf-4361-97ef-5b509d031b42,"#N/A","#N/A",false,Web,"#N/A","#N/A",Medium,"#N/A",New,Subject_fwjwf,"#N/A","#N/A","#N/A","#N/A","#N/A"
06830f4f-8c3b-4d36-a8b9-f5c2b4dca999,"#N/A","#N/A",false,Web,"#N/A","#N/A",Medium,"#N/A",New,Subject_woqpj,"#N/A","#N/A","#N/A","#N/A","#N/A"
06881c26-3192-4294-9e4a-b822f22459a8,"#N/A","#N/A",false,Web,"#N/A","#N/A",Medium,"#N/A",New,Subject_jefqm,"#N/A","#N/A","#N/A","#N/A","#N/A"
069291ab-c9dc-46fa-a6f6-18d1b30764d8,"#N/A","#N/A",false,Web,"#N/A","#N/A",Medium,"#N/A",New,Subject_vokzv,"#N/A","#N/A","#N/A","#N/A","#N/A"
0694f7df-2c5f-4402-9f56-1fc10673f9e2,"#N/A","#N/A",false,Web,"#N/A","#N/A",Medium,"#N/A",New,Subject_zasve,"#N/A","#N/A","#N/A","#N/A","#N/A"
0695cfc7-a819-4306-879b-a6e2573f0ef1,"#N/A","#N/A",false,Web,"#N/A","#N/A",Medium,"#N/A",New,Subject_xuevh,"#N/A","#N/A","#N/A","#N/A","#N/A"
069b2293-eb02-4427-9ba6-6276a3e60f9c,"#N/A","#N/A",false,Web,"#N/A","#N/A",Medium,"#N/A",New,Subject_capht,"#N/A","#N/A","#N/A","#N/A","#N/A"
069c12b1-cec7-49d1-83f4-e8ff72913c5c,"#N/A","#N/A",false,Web,"#N/A","#N/A",Medium,"#N/A",New,Subject_cdqxn,"#N/A","#N/A","#N/A","#N/A","#N/A"
069c7b8b-f3d6-4466-ab96-5835a4eac6d9,"#N/A","#N/A",false,Web,"#N/A","#N/A",Medium,"#N/A",New,Subject_yzaws,"#N/A","#N/A","#N/A","#N/A","#N/A"
069fb847-a826-47f3-a0d5-a74e98b3a5c7,"#N/A","#N/A",false,Web,"#N/A","#N/A",Medium,"#N/A",New,Subject_nfjpm,"#N/A","#N/A","#N/A","#N/A","#N/A"
06a03634-cb47-43cb-a01d-f54d3d8d3d21,"#N/A","#N/A",false,Web,"#N/A","#N/A",Medium,"#N/A",New,Subject_zcnsq,"#N/A","#N/A","#N/A","#N/A","#N/A"
06a4ad8d-de81-466d-b35b-87cc9928a15d,"#N/A","#N/A",false,Web,"#N/A","#N/A",Medium,"#N/A",New,Subject_gzxir,"#N/A","#N/A","#N/A","#N/A","#N/A"
06a524e5-9ed9-4c86-8971-a395946ef81f,"#N/A","#N/A",false,Web,"#N/A","#N/A",Medium,"#N/A",New,Subject_isenw,"#N/A","#N/A","#N/A","#N/A","#N/A"
06a55777-ce63-40c6-86b6-de6648c9fb89,"#N/A","#N/A",false,Web,"#N/A","#N/A",Medium,"#N/A",New,Subject_dtxje,"#N/A","#N/A","#N/A","#N/A","#N/A"
06a559e0-31ff-41c3-bfb0-4d53e9485e98,"#N/A","#N/A",false,Web,"#N/A","#N/A",Medium,"#N/A",New,Subject_fhlbw,"#N/A","#N/A","#N/A","#N/A","#N/A"
06a5a357-0e55-4e9a-9210-2ab9bc8d9708,"#N/A","#N/A",false,Web,"#N/A","#N/A",Medium,"#N/A",New,Subject_euwoa,"#N/A","#N/A","#N/A","#N/A","#N/A"
06a93198-3c6c-4b97-9a5d-738f9a4cf48d,"#N/A","#N/A",false,Web,"#N/A","#N/A",Medium,"#N/A",New,Subject_dgtdg,"#N/A","#N/A","#N/A","#N/A","#N/A"
06a9bd66-b8d6-4995-b5fa-7b7bb1a21c10,"#N/A","#N/A",false,Web,"#N/A","#N/A",Medium,"#N/A",New,Subject_lacav,"#N/A","#N/A","#N/A","#N/A","#N/A"
06a9d7a1-09bc-4a9c-a297-eaa51c57ed0f,"#N/A","#N/A",false,Web,"#N/A","#N/A",Medium,"#N/A",New,Subject_wbizd,"#N/A","#N/A","#N/A","#N/A","#N/A"
06aaa6de-503b-491c-ab48-6a0f46c5086d,"#N/A","#N/A",false,Web,"#N/A","#N/A",Medium,"#N/A",New,Subject_yqmjg,"#N/A","#N/A","#N/A","#N/A","#N/A"
06ac3143-a060-4334-af23-9ed18c2e1a33,"#N/A","#N/A",false,Web,"#N/A","#N/A",Medium,"#N/A",New,Subject_bgoox,"#N/A","#N/A","#N/A","#N/A","#N/A"
06ad9fa4-e55f-42f0-965f-1b3fcf89313a,"#N/A","#N/A",false,Web,"#N/A","#N/A",Medium,"#N/A",New,Subject_xjsiz,"#N/A","#N/A","#N/A","#N/A","#N/A"
06adc950-4a35-40df-8edd-0ae1844e1508,"#N/A","#N/A",false,Web,"#N/A","#N/A",Medium,"#N/A",New,Subject_dsdpv,"#N/A","#N/A","#N/A","#N/A","#N/A"
06aea691-e5f8-4fe1-b203-9f4d8484fc93,"#N/A","#N/A",false,Web,"#N/A","#N/A",Medium,"#N/A",New,Subject_fdrpm,"#N/A","#N/A","#N/A","#N/A","#N/A"
06b1e01f-905c-478f-a334-d388728789ef,"#N/A","#N/A",false,Web,"#N/A","#N/A",Medium,"#N/A",New,Subject_fiwvm,"#N/A","#N/A","#N/A","#N/A","#N/A"
06b20a18-d493-4fc5-9136-2021a96e517e,"#N/A","#N/A",false,Web,"#N/A","#N/A",Medium,"#N/A",New,Subject_towok,"#N/A","#N/A","#N/A","#N/A","#N/A"
06b53742-d073-4ecd-94f0-185876fc1cfb,"#N/A","#N/A",false,Web,"#N/A","#N/A",Medium,"#N/A",New,Subject_chexb,"#N/A","#N/A","#N/A","#N/A","#N/A"
06b9a6ba-d1eb-4e30-b80a-b9ccbb48ae60,"#N/A","#N/A",false,Web,"#N/A","#N/A",Medium,"#N/A",New,Subject_rsaky,"#N/A","#N/A","#N/A","#N/A","#N/A"
06bb33b9-dac0-4d9a-b8ea-523ac2ea79f0,"#N/A","#N/A",false,Web,"#N/A","#N/A",Medium,"#N/A",New,Subject_etety,"#N/A","#N/A","#N/A","#N/A","#N/A"
06bb9cae-8620-4234-b78a-c12f4d107f05,"#N/A","#N/A",false,Web,"#N/A","#N/A",Medium,"#N/A",New,Subject_leqwn,"#N/A","#N/A","#N/A","#N/A","#N/A"
06bbcb72-3ddc-4313-828f-b99eeb85a5e9,"#N/A","#N/A",false,Web,"#N/A","#N/A",Medium,"#N/A",New,Subject_nqzpb,"#N/A","#N/A","#N/A","#N/A","#N/A"
06bbdf6b-a583-45e1-9e92-1d55080ccc38,"#N/A","#N/A",false,Web,"#N/A","#N/A",Medium,"#N/A",New,Subject_nljkr,"#N/A","#N/A","#N/A","#N/A","#N/A"
06bc8ce3-b1dc-437d-af89-86433ecb3063,"#N/A","#N/A",false,Web,"#N/A","#N/A",Medium,"#N/A",New,Subject_nmfae,"#N/A","#N/A","#N/A","#N/A","#N/A"
06be8998-00e6-4565-9c67-e78dc0ba9e47,"#N/A","#N/A",false,Web,"#N/A","#N/A",Medium,"#N/A",New,Subject_avfei,"#N/A","#N/A","#N/A","#N/A","#N/A"
06bf7adb-f0d9-4c4c-aa9b-d57bebc30c7d,"#N/A","#N/A",false,Web,"#N/A","#N/A",Medium,"#N/A",New,Subject_pkmlr,"#N/A","#N/A","#N/A","#N/A","#N/A"
06c1f7ef-b5c9-4288-b8cf-1f0fd1f4c19d,"#N/A","#N/A",false,Web,"#N/A","#N/A",Medium,"#N/A",New,Subject_kkvdw,"#N/A","#N/A","#N/A","#N/A","#N/A"
06c29c1f-b13e-4f9c-bc04-205f028a170f,"#N/A","#N/A",false,Web,"#N/A","#N/A",Medium,"#N/A",New,Subject_sfkas,"#N/A","#N/A","#N/A","#N/A","#N/A"
06c4f1d8-562f-427f-9f30-68169d525796,"#N/A","#N/A",false,Web,"#N/A","#N/A",Medium,"#N/A",New,Subject_aplpm,"#N/A","#N/A","#N/A","#N/A","#N/A"
06c529ec-2c7e-4631-9659-6bad94cf944e,"#N/A","#N/A",false,Web,"#N/A","#N/A",Medium,"#N/A",New,Subject_csnfu,"#N/A","#N/A","#N/A","#N/A","#N/A"
06c7e4fd-e88d-4cbd-969f-97483af735aa,"#N/A","#N/A",false,Web,"#N/A","#N/A",Medium,"#N/A",New,Subject_pcbxm,"#N/A","#N/A","#N/A","#N/A","#N/A"
06c7ef15-d7b4-4594-a70d-69b4e509771f,"#N/A","#N/A",false,Web,"#N/A","#N/A",Medium,"#N/A",New,Subject_zaitz,"#N/A","#N/A","#N/A","#N/A","#N/A"
06cab373-ebba-467d-a830-ce00b1b65662,"#N/A","#N/A",false,Web,"#N/A","#N/A",Medium,"#N/A",New,Subject_wpmrp,"#N/A","#N/A","#N/A","#N/A","#N/A"
06d0f9a2-a5c6-471a-b2e1-2b1cbb0bc8ab,"#N/A","#N/A",false,Web,"#N/A","#N/A",Medium,"#N/A",New,Subject_bhiun,"#N/A","#N/A","#N/A","#N/A","#N/A"
06d21b69-adfc-47e6-911d-615e44bee693,"#N/A","#N/A",false,Web,"#N/A","#N/A",Medium,"#N/A",New,Subject_nivcf,"#N/A","#N/A","#N/A","#N/A","#N/A"
06d3bad1-b970-454c-a22c-146442b67e38,"#N/A","#N/A",false,Web,"#N/A","#N/A",Medium,"#N/A",New,Subject_qtkxi,"#N/A","#N/A","#N/A","#N/A","#N/A"
06d56b6c-c925-4c47-9c27-3fc740bf026a,"#N/A","#N/A",false,Web,"#N/A","#N/A",Medium,"#N/A",New,Subject_uolse,"#N/A","#N/A","#N/A","#N/A","#N/A"
06d6fde2-f736-4187-89d5-3dadb955f2bb,"#N/A","#N/A",false,Web,"#N/A","#N/A",Medium,"#N/A",New,Subject_akjoa,"#N/A","#N/A","#N/A","#N/A","#N/A"
06d71428-c1dc-41e1-93d4-b0c43bed5fb3,"#N/A","#N/A",false,Web,"#N/A","#N/A",Medium,"#N/A",New,Subject_fxpnu,"#N/A","#N/A","#N/A","#N/A","#N/A"
06db9a3b-9035-44dc-b239-6a19527ac0b0,"#N/A","#N/A",false,Web,"#N/A","#N/A",Medium,"#N/A",New,Subject_etkqg,"#N/A","#N/A","#N/A","#N/A","#N/A"
06e462d1-dc8f-4188-b1a4-c6eeae6f24ad,"#N/A","#N/A",false,Web,"#N/A","#N/A",Medium,"#N/A",New,Subject_wshhn,"#N/A","#N/A","#N/A","#N/A","#N/A"
06eb6577-cad6-4887-83bd-bfa81a851f78,"#N/A","#N/A",false,Web,"#N/A","#N/A",Medium,"#N/A",New,Subject_kgqsj,"#N/A","#N/A","#N/A","#N/A","#N/A"
06f644b2-b715-44ec-82c0-eea12eff7704,"#N/A","#N/A",false,Web,"#N/A","#N/A",Medium,"#N/A",New,Subject_jjwfg,"#N/A","#N/A","#N/A","#N/A","#N/A"
06fd6d4f-8df7-4873-bbf0-973ed63d271a,"#N/A","#N/A",false,Web,"#N/A","#N/A",Medium,"#N/A",New,Subject_nwepl,"#N/A","#N/A","#N/A","#N/A","#N/A"
06feffeb-da93-4001-8c5e-75a05bdbdd4b,"#N/A","#N/A",false,Web,"#N/A","#N/A",Medium,"#N/A",New,Subject_drajs,"#N/A","#N/A","#N/A","#N/A","#N/A"
0704299e-1ecf-4a4f-9748-d63099625913,"#N/A","#N/A",false,Web,"#N/A","#N/A",Medium,"#N/A",New,Subject_lnatf,"#N/A","#N/A","#N/A","#N/A","#N/A"
07084b72-a84c-401c-a630-de76af1cdaf6,"#N/A","#N/A",false,Web,"#N/A","#N/A",Medium,"#N/A",New,Subject_xhfxb,"#N/A","#N/A","#N/A","#N/A","#N/A"
070c3b86-86bf-4474-a905-eb925816fe36,"#N/A","#N/A",false,Web,"#N/A","#N/A",Medium,"#N/A",New,Subject_ajusf,"#N/A","#N/A","#N/A","#N/A","#N/A"
070ca0ef-de9d-441c-9edb-f0fadc1e2b2f,"#N/A","#N/A",false,Web,"#N/A","#N/A",Medium,"#N/A",New,Subject_bgxvr,"#N/A","#N/A","#N/A","#N/A","#N/A"
070cd9e6-1e31-4ff9-9df1-6ab1316e6c90,"#N/A","#N/A",false,Web,"#N/A","#N/A",Medium,"#N/A",New,Subject_ugyon,"#N/A","#N/A","#N/A","#N/A","#N/A"
070e8bde-8a7a-47bd-957a-6552a6a615ab,"#N/A","#N/A",false,Web,"#N/A","#N/A",Medium,"#N/A",New,Subject_almyx,"#N/A","#N/A","#N/A","#N/A","#N/A"
0712959e-c76d-4459-8078-80abc047a4a0,"#N/A","#N/A",false,Web,"#N/A","#N/A",Medium,"#N/A",New,Subject_llmit,"#N/A","#N/A","#N/A","#N/A","#N/A"
0712f520-668d-47d0-aea6-dddc7395b718,"#N/A","#N/A",false,Web,"#N/A","#N/A",Medium,"#N/A",New,Subject_hatxe,"#N/A","#N/A","#N/A","#N/A","#N/A"
071344fb-7f19-4fae-b32e-0993aa3b8db0,"#N/A","#N/A",false,Web,"#N/A","#N/A",Medium,"#N/A",New,Subject_fetse,"#N/A","#N/A","#N/A","#N/A","#N/A"
07140c52-61c1-46e6-9430-954262adce49,"#N/A","#N/A",false,Web,"#N/A","#N/A",Medium,"#N/A",New,Subject_mlcbl,"#N/A","#N/A","#N/A","#N/A","#N/A"
0718e6bd-54bd-421b-9619-70dc61613f3c,"#N/A","#N/A",false,Web,"#N/A","#N/A",Medium,"#N/A",New,Subject_irwqi,"#N/A","#N/A","#N/A","#N/A","#N/A"
071afcc6-b82f-46f4-8621-33370815b306,"#N/A","#N/A",false,Web,"#N/A","#N/A",Medium,"#N/A",New,Subject_kiwte,"#N/A","#N/A","#N/A","#N/A","#N/A"
071e1f6a-4b06-4183-9f7d-6b435439782c,"#N/A","#N/A",false,Web,"#N/A","#N/A",Medium,"#N/A",New,Subject_rzkty,"#N/A","#N/A","#N/A","#N/A","#N/A"
071ee06a-ef52-4744-8797-900df4a34dca,"#N/A","#N/A",false,Web,"#N/A","#N/A",Medium,"#N/A",New,Subject_xspdp,"#N/A","#N/A","#N/A","#N/A","#N/A"
072041a3-da3f-4764-9b70-05a017f43496,"#N/A","#N/A",false,Web,"#N/A","#N/A",Medium,"#N/A",New,Subject_pxrie,"#N/A","#N/A","#N/A","#N/A","#N/A"
07226693-fc04-490b-8ba9-7b22ca137171,"#N/A","#N/A",false,Web,"#N/A","#N/A",Medium,"#N/A",New,Subject_yyqzm,"#N/A","#N/A","#N/A","#N/A","#N/A"
0723d92a-f123-4a63-9120-c22865c0d22e,"#N/A","#N/A",false,Web,"#N/A","#N/A",Medium,"#N/A",New,Subject_uhtci,"#N/A","#N/A","#N/A","#N/A","#N/A"
0724bb00-447d-425b-b8a4-610cad782443,"#N/A","#N/A",false,Web,"#N/A","#N/A",Medium,"#N/A",New,Subject_yrmrp,"#N/A","#N/A","#N/A","#N/A","#N/A"
0727807d-d717-41a4-aa2b-b98ddfa1246f,"#N/A","#N/A",false,Web,"#N/A","#N/A",Medium,"#N/A",New,Subject_jvgqi,"#N/A","#N/A","#N/A","#N/A","#N/A"
0732ce50-cb0b-4102-b19f-e59dcdef2998,"#N/A","#N/A",false,Web,"#N/A","#N/A",Medium,"#N/A",New,Subject_dyqxm,"#N/A","#N/A","#N/A","#N/A","#N/A"
073914a9-63c3-4a80-a3c3-e4694e339864,"#N/A","#N/A",false,Web,"#N/A","#N/A",Medium,"#N/A",New,Subject_ucrmb,"#N/A","#N/A","#N/A","#N/A","#N/A"
073e7ba4-1f1a-4714-857f-e1016e7c1f8c,"#N/A","#N/A",false,Web,"#N/A","#N/A",Medium,"#N/A",New,Subject_dopdd,"#N/A","#N/A","#N/A","#N/A","#N/A"
07406a86-d44c-4efc-9142-3057226a0f89,"#N/A","#N/A",false,Web,"#N/A","#N/A",Medium,"#N/A",New,Subject_qgzkz,"#N/A","#N/A","#N/A","#N/A","#N/A"
0741b166-118d-4ebf-ba01-dea5878c8d2e,"#N/A","#N/A",false,Web,"#N/A","#N/A",Medium,"#N/A",New,Subject_vbbso,"#N/A","#N/A","#N/A","#N/A","#N/A"
07445ee4-4d27-495f-a20a-5db5cf3a4a71,"#N/A","#N/A",false,Web,"#N/A","#N/A",Medium,"#N/A",New,Subject_brmjn,"#N/A","#N/A","#N/A","#N/A","#N/A"
0745635b-f516-428d-964d-498d3ed21b62,"#N/A","#N/A",false,Web,"#N/A","#N/A",Medium,"#N/A",New,Subject_xttts,"#N/A","#N/A","#N/A","#N/A","#N/A"
074a43b3-d34e-462a-823f-e709d9366b3a,"#N/A","#N/A",false,Web,"#N/A","#N/A",Medium,"#N/A",New,Subject_ewyyz,"#N/A","#N/A","#N/A","#N/A","#N/A"
074c81a6-e2d9-4a37-97ba-a31664ce8c18,"#N/A","#N/A",false,Web,"#N/A","#N/A",Medium,"#N/A",New,Subject_ylrfz,"#N/A","#N/A","#N/A","#N/A","#N/A"
075049ca-e484-4459-b66b-51307adc45fb,"#N/A","#N/A",false,Web,"#N/A","#N/A",Medium,"#N/A",New,Subject_xllhy,"#N/A","#N/A","#N/A","#N/A","#N/A"
0751787a-791e-4341-b04d-758dbfb85cdd,"#N/A","#N/A",false,Web,"#N/A","#N/A",Medium,"#N/A",New,Subject_hvyvx,"#N/A","#N/A","#N/A","#N/A","#N/A"
07572b9c-ebb5-4115-bd75-2d8a313bb274,"#N/A","#N/A",false,Web,"#N/A","#N/A",Medium,"#N/A",New,Subject_fqqiw,"#N/A","#N/A","#N/A","#N/A","#N/A"
0759a48a-2293-4bfc-ac66-62e1d46b71a0,"#N/A","#N/A",false,Web,"#N/A","#N/A",Medium,"#N/A",New,Subject_gzddd,"#N/A","#N/A","#N/A","#N/A","#N/A"
0759f267-e5a5-4f93-a5ff-cd12c0873e77,"#N/A","#N/A",false,Web,"#N/A","#N/A",Medium,"#N/A",New,Subject_lgkcs,"#N/A","#N/A","#N/A","#N/A","#N/A"
075fe02a-d0c6-477b-a25f-4414a1761e4d,"#N/A","#N/A",false,Web,"#N/A","#N/A",Medium,"#N/A",New,Subject_aylcx,"#N/A","#N/A","#N/A","#N/A","#N/A"
0763bf92-545b-4755-acc8-b75b5ea66689,"#N/A","#N/A",false,Web,"#N/A","#N/A",Medium,"#N/A",New,Subject_mxueq,"#N/A","#N/A","#N/A","#N/A","#N/A"
07675584-e02d-4aa1-9d7d-2e4fc6a4c2e3,"#N/A","#N/A",false,Web,"#N/A","#N/A",Medium,"#N/A",New,Subject_rqlec,"#N/A","#N/A","#N/A","#N/A","#N/A"
0769da79-7d29-4fc8-82c7-de32ccd1685b,"#N/A","#N/A",false,Web,"#N/A","#N/A",Medium,"#N/A",New,Subject_vostr,"#N/A","#N/A","#N/A","#N/A","#N/A"
076acc23-c64b-492d-bc16-b7bcf502ffdf,"#N/A","#N/A",false,Web,"#N/A","#N/A",Medium,"#N/A",New,Subject_nnwvf,"#N/A","#N/A","#N/A","#N/A","#N/A"
076bd6c9-9594-4ce4-973d-62ddfec84c76,"#N/A","#N/A",false,Web,"#N/A","#N/A",Medium,"#N/A",New,Subject_rzfcp,"#N/A","#N/A","#N/A","#N/A","#N/A"
076c229e-99c2-4672-b116-f06b101de501,"#N/A","#N/A",false,Web,"#N/A","#N/A",Medium,"#N/A",New,Subject_xivmu,"#N/A","#N/A","#N/A","#N/A","#N/A"
076ef637-627e-47df-991e-9bbb83adf2dd,"#N/A","#N/A",false,Web,"#N/A","#N/A",Medium,"#N/A",New,Subject_fxbnh,"#N/A","#N/A","#N/A","#N/A","#N/A"
07719ace-22fd-4a6a-93c6-6077efbe0864,"#N/A","#N/A",false,Web,"#N/A","#N/A",Medium,"#N/A",New,Subject_uzddp,"#N/A","#N/A","#N/A","#N/A","#N/A"
0774a99d-ee23-4f01-8641-e47ab5630589,"#N/A","#N/A",false,Web,"#N/A","#N/A",Medium,"#N/A",New,Subject_bklxv,"#N/A","#N/A","#N/A","#N/A","#N/A"
07782ba4-f9d0-4b91-8ce4-71c7fd84e954,"#N/A","#N/A",false,Web,"#N/A","#N/A",Medium,"#N/A",New,Subject_jmijo,"#N/A","#N/A","#N/A","#N/A","#N/A"
07793d0a-aa1d-432b-ae3c-f4f78ca73eb7,"#N/A","#N/A",false,Web,"#N/A","#N/A",Medium,"#N/A",New,Subject_lhzgp,"#N/A","#N/A","#N/A","#N/A","#N/A"
077947f7-23c2-4cc5-b816-2951ef53b304,"#N/A","#N/A",false,Web,"#N/A","#N/A",Medium,"#N/A",New,Subject_xcehs,"#N/A","#N/A","#N/A","#N/A","#N/A"
0779afb8-a910-40ab-a392-f9b1bf007991,"#N/A","#N/A",false,Web,"#N/A","#N/A",Medium,"#N/A",New,Subject_dceyg,"#N/A","#N/A","#N/A","#N/A","#N/A"
077c0608-df76-4b23-a37b-e7847bb32db8,"#N/A","#N/A",false,Web,"#N/A","#N/A",Medium,"#N/A",New,Subject_qzyse,"#N/A","#N/A","#N/A","#N/A","#N/A"
077c67e8-1ee9-4878-ba9e-830ef57c1c5b,"#N/A","#N/A",false,Web,"#N/A","#N/A",Medium,"#N/A",New,Subject_rmgqc,"#N/A","#N/A","#N/A","#N/A","#N/A"
077d80ac-0efa-4c1c-8fe0-4dfd35572fd5,"#N/A","#N/A",false,Web,"#N/A","#N/A",Medium,"#N/A",New,Subject_dqwuc,"#N/A","#N/A","#N/A","#N/A","#N/A"
078614a4-eff2-413d-b6aa-4356c826e147,"#N/A","#N/A",false,Web,"#N/A","#N/A",Medium,"#N/A",New,Subject_wplgf,"#N/A","#N/A","#N/A","#N/A","#N/A"
078bc080-b850-4f2f-9c0c-54d15d5f3930,"#N/A","#N/A",false,Web,"#N/A","#N/A",Medium,"#N/A",New,Subject_djquy,"#N/A","#N/A","#N/A","#N/A","#N/A"
078ddf11-9277-45b4-b13e-952ce921048b,"#N/A","#N/A",false,Web,"#N/A","#N/A",Medium,"#N/A",New,Subject_ynowy,"#N/A","#N/A","#N/A","#N/A","#N/A"
07913a77-301c-4b53-bc0e-74570bd5011f,"#N/A","#N/A",false,Web,"#N/A","#N/A",Medium,"#N/A",New,Subject_cvrhq,"#N/A","#N/A","#N/A","#N/A","#N/A"
07941b48-d5a1-48c8-a259-d0246aa61b9a,"#N/A","#N/A",false,Web,"#N/A","#N/A",Medium,"#N/A",New,Subject_sxnnw,"#N/A","#N/A","#N/A","#N/A","#N/A"
07998b7c-45ee-4cb6-bf9e-495ba416aadc,"#N/A","#N/A",false,Web,"#N/A","#N/A",Medium,"#N/A",New,Subject_buars,"#N/A","#N/A","#N/A","#N/A","#N/A"
079d0d6e-0300-45f5-b515-995d414dad30,"#N/A","#N/A",false,Web,"#N/A","#N/A",Medium,"#N/A",New,Subject_kyehf,"#N/A","#N/A","#N/A","#N/A","#N/A"
079d6d3e-36fc-4197-bc85-5ff97f683989,"#N/A","#N/A",false,Web,"#N/A","#N/A",Medium,"#N/A",New,Subject_zvcoj,"#N/A","#N/A","#N/A","#N/A","#N/A"
07a485fd-de3a-44a9-abd4-0d17d52dcc4f,"#N/A","#N/A",false,Web,"#N/A","#N/A",Medium,"#N/A",New,Subject_paxxs,"#N/A","#N/A","#N/A","#N/A","#N/A"
07a509cb-25ac-4cd9-b221-c589e0378d12,"#N/A","#N/A",false,Web,"#N/A","#N/A",Medium,"#N/A",New,Subject_apnyr,"#N/A","#N/A","#N/A","#N/A","#N/A"
07a5d879-9f58-4120-b5f8-42fa358326ea,"#N/A","#N/A",false,Web,"#N/A","#N/A",Medium,"#N/A",New,Subject_kkmsn,"#N/A","#N/A","#N/A","#N/A","#N/A"
07a653af-e3ef-4ba7-84df-43e5808f1f30,"#N/A","#N/A",false,Web,"#N/A","#N/A",Medium,"#N/A",New,Subject_eleul,"#N/A","#N/A","#N/A","#N/A","#N/A"
07a7e6a9-cd84-41a1-bd4b-c7cdb930ef4f,"#N/A","#N/A",false,Web,"#N/A","#N/A",Medium,"#N/A",New,Subject_yokya,"#N/A","#N/A","#N/A","#N/A","#N/A"
07a986b4-64cf-47dc-b68c-d67fce772e33,"#N/A","#N/A",false,Web,"#N/A","#N/A",Medium,"#N/A",New,Subject_ekspu,"#N/A","#N/A","#N/A","#N/A","#N/A"
07acbaa6-5368-45c8-8484-4f75546f75a4,"#N/A","#N/A",false,Web,"#N/A","#N/A",Medium,"#N/A",New,Subject_siiyl,"#N/A","#N/A","#N/A","#N/A","#N/A"
07ae72e4-1d0a-43f6-96c8-3e031b30c3ee,"#N/A","#N/A",false,Web,"#N/A","#N/A",Medium,"#N/A",New,Subject_fbtto,"#N/A","#N/A","#N/A","#N/A","#N/A"
07aec52e-4df8-465a-a208-59e8ff15e832,"#N/A","#N/A",false,Web,"#N/A","#N/A",Medium,"#N/A",New,Subject_lzfvo,"#N/A","#N/A","#N/A","#N/A","#N/A"
07af23af-fd9f-4bdb-8d01-53ee2e19e8e3,"#N/A","#N/A",false,Web,"#N/A","#N/A",Medium,"#N/A",New,Subject_spoiw,"#N/A","#N/A","#N/A","#N/A","#N/A"
07afe588-c19d-4723-998d-cd9a1c644760,"#N/A","#N/A",false,Web,"#N/A","#N/A",Medium,"#N/A",New,Subject_twufb,"#N/A","#N/A","#N/A","#N/A","#N/A"
07b09f46-4c30-4f83-8bf2-8e93e63565a3,"#N/A","#N/A",false,Web,"#N/A","#N/A",Medium,"#N/A",New,Subject_rzxez,"#N/A","#N/A","#N/A","#N/A","#N/A"
07b445cb-4adb-4196-9fc8-83a07c358fe5,"#N/A","#N/A",false,Web,"#N/A","#N/A",Medium,"#N/A",New,Subject_aaekm,"#N/A","#N/A","#N/A","#N/A","#N/A"
07b4eabf-c32a-4191-96e7-b9aa7c3bbcf1,"#N/A","#N/A",false,Web,"#N/A","#N/A",Medium,"#N/A",New,Subject_aofhz,"#N/A","#N/A","#N/A","#N/A","#N/A"
07b5954b-e63a-4677-9540-1201a56cb2e0,"#N/A","#N/A",false,Web,"#N/A","#N/A",Medium,"#N/A",New,Subject_zihhb,"#N/A","#N/A","#N/A","#N/A","#N/A"
07b6c00c-91b6-4fbb-a850-8280c7d4c8da,"#N/A","#N/A",false,Web,"#N/A","#N/A",Medium,"#N/A",New,Subject_bzlxy,"#N/A","#N/A","#N/A","#N/A","#N/A"
07b87533-0f32-44c2-af98-b4a891c7fdc8,"#N/A","#N/A",false,Web,"#N/A","#N/A",Medium,"#N/A",New,Subject_gmcvr,"#N/A","#N/A","#N/A","#N/A","#N/A"
07b87aa8-9c8a-44a9-a7d3-ae378a471b43,"#N/A","#N/A",false,Web,"#N/A","#N/A",Medium,"#N/A",New,Subject_qkymw,"#N/A","#N/A","#N/A","#N/A","#N/A"
07b9b719-5524-4c5c-9665-89a3c8145e09,"#N/A","#N/A",false,Web,"#N/A","#N/A",Medium,"#N/A",New,Subject_ergtx,"#N/A","#N/A","#N/A","#N/A","#N/A"
07babe49-2375-4be2-bd1c-c8cdbe2bbfbf,"#N/A","#N/A",false,Web,"#N/A","#N/A",Medium,"#N/A",New,Subject_mzzvd,"#N/A","#N/A","#N/A","#N/A","#N/A"
07bc9a1f-df67-4638-8b4e-bbb242d76e92,"#N/A","#N/A",false,Web,"#N/A","#N/A",Medium,"#N/A",New,Subject_kwhmt,"#N/A","#N/A","#N/A","#N/A","#N/A"
07bd0547-9e32-4724-aed5-2aee7fdc7a95,"#N/A","#N/A",false,Web,"#N/A","#N/A",Medium,"#N/A",New,Subject_johyu,"#N/A","#N/A","#N/A","#N/A","#N/A"
07be8483-6344-45a9-8475-2c011b6164f2,"#N/A","#N/A",false,Web,"#N/A","#N/A",Medium,"#N/A",New,Subject_ccmew,"#N/A","#N/A","#N/A","#N/A","#N/A"
07bfadeb-aabd-4813-8114-e522d04cbcba,"#N/A","#N/A",false,Web,"#N/A","#N/A",Medium,"#N/A",New,Subject_jlhhg,"#N/A","#N/A","#N/A","#N/A","#N/A"
07c1f72c-53e8-4e43-9a59-34fec3256d72,"#N/A","#N/A",false,Web,"#N/A","#N/A",Medium,"#N/A",New,Subject_lzgwf,"#N/A","#N/A","#N/A","#N/A","#N/A"
07c24f39-8972-424f-9ec4-214c47e4ad4b,"#N/A","#N/A",false,Web,"#N/A","#N/A",Medium,"#N/A",New,Subject_igpcp,"#N/A","#N/A","#N/A","#N/A","#N/A"
07c25d56-ab15-4411-8a20-6dccfb4c092e,"#N/A","#N/A",false,Web,"#N/A","#N/A",Medium,"#N/A",New,Subject_owslh,"#N/A","#N/A","#N/A","#N/A","#N/A"
07c2c099-5aac-42c5-b429-f0709975c182,"#N/A","#N/A",false,Web,"#N/A","#N/A",Medium,"#N/A",New,Subject_fianf,"#N/A","#N/A","#N/A","#N/A","#N/A"
07c59a75-88a4-4ae9-875b-0c088098eb12,"#N/A","#N/A",false,Web,"#N/A","#N/A",Medium,"#N/A",New,Subject_zlrzx,"#N/A","#N/A","#N/A","#N/A","#N/A"
07cc22c0-9042-40f0-a84b-9667364ebdf5,"#N/A","#N/A",false,Web,"#N/A","#N/A",Medium,"#N/A",New,Subject_grpmh,"#N/A","#N/A","#N/A","#N/A","#N/A"
07cfb589-f2ae-430c-815f-427f1691fdaa,"#N/A","#N/A",false,Web,"#N/A","#N/A",Medium,"#N/A",New,Subject_jegwb,"#N/A","#N/A","#N/A","#N/A","#N/A"
07d0390c-66f8-42a7-bb4d-218f2e975ffb,"#N/A","#N/A",false,Web,"#N/A","#N/A",Medium,"#N/A",New,Subject_ilvmj,"#N/A","#N/A","#N/A","#N/A","#N/A"
07d36219-4220-4cfc-94a1-ce547782e07b,"#N/A","#N/A",false,Web,"#N/A","#N/A",Medium,"#N/A",New,Subject_ezllx,"#N/A","#N/A","#N/A","#N/A","#N/A"
07d4f7fe-44da-48e1-8b7e-1797ed2300fc,"#N/A","#N/A",false,Web,"#N/A","#N/A",Medium,"#N/A",New,Subject_ydjki,"#N/A","#N/A","#N/A","#N/A","#N/A"
07d89418-0796-4302-83b9-31d5cd8fe973,"#N/A","#N/A",false,Web,"#N/A","#N/A",Medium,"#N/A",New,Subject_nneef,"#N/A","#N/A","#N/A","#N/A","#N/A"
07d8b742-5dd5-4cba-9a28-eda1a76cba47,"#N/A","#N/A",false,Web,"#N/A","#N/A",Medium,"#N/A",New,Subject_hvkme,"#N/A","#N/A","#N/A","#N/A","#N/A"
07dcebca-132b-48c9-8934-ca53dece873b,"#N/A","#N/A",false,Web,"#N/A","#N/A",Medium,"#N/A",New,Subject_iblzj,"#N/A","#N/A","#N/A","#N/A","#N/A"
07e036d0-87f1-4e32-a0be-644d5eda3523,"#N/A","#N/A",false,Web,"#N/A","#N/A",Medium,"#N/A",New,Subject_gqbvb,"#N/A","#N/A","#N/A","#N/A","#N/A"
07e0b42a-ab27-4dc7-b979-c69423fdbdab,"#N/A","#N/A",false,Web,"#N/A","#N/A",Medium,"#N/A",New,Subject_xeevf,"#N/A","#N/A","#N/A","#N/A","#N/A"
07e242a3-c31f-4b98-a47d-9433859841c3,"#N/A","#N/A",false,Web,"#N/A","#N/A",Medium,"#N/A",New,Subject_lkapc,"#N/A","#N/A","#N/A","#N/A","#N/A"
07e2e329-a22e-4613-91c8-b6751906c700,"#N/A","#N/A",false,Web,"#N/A","#N/A",Medium,"#N/A",New,Subject_cecoo,"#N/A","#N/A","#N/A","#N/A","#N/A"
07e82c4f-8855-4734-876f-926eb303f87e,"#N/A","#N/A",false,Web,"#N/A","#N/A",Medium,"#N/A",New,Subject_rzfbg,"#N/A","#N/A","#N/A","#N/A","#N/A"
07ee7d81-d7e8-4b8c-b773-46fd300421c9,"#N/A","#N/A",false,Web,"#N/A","#N/A",Medium,"#N/A",New,Subject_ygvyc,"#N/A","#N/A","#N/A","#N/A","#N/A"
07efa6cc-5d62-4954-87fb-0f96b1f6fd59,"#N/A","#N/A",false,Web,"#N/A","#N/A",Medium,"#N/A",New,Subject_bvncu,"#N/A","#N/A","#N/A","#N/A","#N/A"
07f1d338-6ef3-46a9-9bcd-20b5c21ddb6a,"#N/A","#N/A",false,Web,"#N/A","#N/A",Medium,"#N/A",New,Subject_zarvb,"#N/A","#N/A","#N/A","#N/A","#N/A"
07f6808d-0964-4b66-b164-b28f1c9be39f,"#N/A","#N/A",false,Web,"#N/A","#N/A",Medium,"#N/A",New,Subject_wupii,"#N/A","#N/A","#N/A","#N/A","#N/A"
07f9df38-e25b-4d04-845f-a5bbbceffc11,"#N/A","#N/A",false,Web,"#N/A","#N/A",Medium,"#N/A",New,Subject_ksejn,"#N/A","#N/A","#N/A","#N/A","#N/A"
07fa35df-fbd9-4f2f-9b80-68208c8efb53,"#N/A","#N/A",false,Web,"#N/A","#N/A",Medium,"#N/A",New,Subject_uvkrz,"#N/A","#N/A","#N/A","#N/A","#N/A"
07fa5fdb-a070-4d31-96c7-8425f73e8a83,"#N/A","#N/A",false,Web,"#N/A","#N/A",Medium,"#N/A",New,Subject_bodkb,"#N/A","#N/A","#N/A","#N/A","#N/A"
07fa7d73-af9f-4a09-8c00-01a51f8dde9a,"#N/A","#N/A",false,Web,"#N/A","#N/A",Medium,"#N/A",New,Subject_wbiso,"#N/A","#N/A","#N/A","#N/A","#N/A"
07fd0df4-8a85-423b-aea9-0be3e90bba2c,"#N/A","#N/A",false,Web,"#N/A","#N/A",Medium,"#N/A",New,Subject_dzmxx,"#N/A","#N/A","#N/A","#N/A","#N/A"
07fd8a00-ffa9-4464-960e-72ace5f5330e,"#N/A","#N/A",false,Web,"#N/A","#N/A",Medium,"#N/A",New,Subject_sybjj,"#N/A","#N/A","#N/A","#N/A","#N/A"
07ff2aee-ffe2-4ef1-b486-e889c65c8870,"#N/A","#N/A",false,Web,"#N/A","#N/A",Medium,"#N/A",New,Subject_dcqdl,"#N/A","#N/A","#N/A","#N/A","#N/A"
08038b2a-7811-40b3-a7b4-b1739ae07dfc,"#N/A","#N/A",false,Web,"#N/A","#N/A",Medium,"#N/A",New,Subject_fftme,"#N/A","#N/A","#N/A","#N/A","#N/A"
080417f6-ea13-4e83-ac26-bdb1ef6d1c58,"#N/A","#N/A",false,Web,"#N/A","#N/A",Medium,"#N/A",New,Subject_izmvw,"#N/A","#N/A","#N/A","#N/A","#N/A"
08088a37-d8ae-455e-b924-7fb6da4b086d,"#N/A","#N/A",false,Web,"#N/A","#N/A",Medium,"#N/A",New,Subject_yjsem,"#N/A","#N/A","#N/A","#N/A","#N/A"
080914ab-5c00-47b1-a0a8-b4a0461689a3,"#N/A","#N/A",false,Web,"#N/A","#N/A",Medium,"#N/A",New,Subject_djsxb,"#N/A","#N/A","#N/A","#N/A","#N/A"
0809d397-ac7d-4d24-8c8c-d3174bea1427,"#N/A","#N/A",false,Web,"#N/A","#N/A",Medium,"#N/A",New,Subject_qffsd,"#N/A","#N/A","#N/A","#N/A","#N/A"
081a18ea-ab74-4ad0-9fb3-2b5ebd231aac,"#N/A","#N/A",false,Web,"#N/A","#N/A",Medium,"#N/A",New,Subject_qqjoh,"#N/A","#N/A","#N/A","#N/A","#N/A"
081db42c-4e55-4d30-abda-c262d0e4a30e,"#N/A","#N/A",false,Web,"#N/A","#N/A",Medium,"#N/A",New,Subject_covga,"#N/A","#N/A","#N/A","#N/A","#N/A"
081dd60f-6a87-42bb-aa73-49ce825dac88,"#N/A","#N/A",false,Web,"#N/A","#N/A",Medium,"#N/A",New,Subject_ivqhm,"#N/A","#N/A","#N/A","#N/A","#N/A"
08255dbc-fd76-466f-911a-b210a86d7d2d,"#N/A","#N/A",false,Web,"#N/A","#N/A",Medium,"#N/A",New,Subject_xvzye,"#N/A","#N/A","#N/A","#N/A","#N/A"
082e4d03-806f-4372-9fcb-f3abf649a641,"#N/A","#N/A",false,Web,"#N/A","#N/A",Medium,"#N/A",New,Subject_qscax,"#N/A","#N/A","#N/A","#N/A","#N/A"
08319379-f643-47de-a7d1-d4660fbec8bb,"#N/A","#N/A",false,Web,"#N/A","#N/A",Medium,"#N/A",New,Subject_sykfq,"#N/A","#N/A","#N/A","#N/A","#N/A"
08394484-b766-4107-95e1-784d443cda74,"#N/A","#N/A",false,Web,"#N/A","#N/A",Medium,"#N/A",New,Subject_wsszu,"#N/A","#N/A","#N/A","#N/A","#N/A"
083a8660-fe4a-4493-b383-82536720e149,"#N/A","#N/A",false,Web,"#N/A","#N/A",Medium,"#N/A",New,Subject_oqvpa,"#N/A","#N/A","#N/A","#N/A","#N/A"
0847a499-f248-4479-b5da-f6179d2d22c2,"#N/A","#N/A",false,Web,"#N/A","#N/A",Medium,"#N/A",New,Subject_nrhus,"#N/A","#N/A","#N/A","#N/A","#N/A"
0849398a-79a6-4ac1-be58-db2f2511b69d,"#N/A","#N/A",false,Web,"#N/A","#N/A",Medium,"#N/A",New,Subject_oojgw,"#N/A","#N/A","#N/A","#N/A","#N/A"
084b965f-421b-4ada-aafa-3c97346b64aa,"#N/A","#N/A",false,Web,"#N/A","#N/A",Medium,"#N/A",New,Subject_szzwu,"#N/A","#N/A","#N/A","#N/A","#N/A"
084bef24-2d1a-4ec8-87c5-bb6cfa0f17a2,"#N/A","#N/A",false,Web,"#N/A","#N/A",Medium,"#N/A",New,Subject_bexau,"#N/A","#N/A","#N/A","#N/A","#N/A"
084c25bb-93aa-46df-9f41-001c30b7b90c,"#N/A","#N/A",false,Web,"#N/A","#N/A",Medium,"#N/A",New,Subject_eynxv,"#N/A","#N/A","#N/A","#N/A","#N/A"
084d6877-8af2-4678-b4da-55007d45edab,"#N/A","#N/A",false,Web,"#N/A","#N/A",Medium,"#N/A",New,Subject_jtxkh,"#N/A","#N/A","#N/A","#N/A","#N/A"
084e00fb-9b8d-4278-9a78-3b62efc41eee,"#N/A","#N/A",false,Web,"#N/A","#N/A",Medium,"#N/A",New,Subject_dsqvt,"#N/A","#N/A","#N/A","#N/A","#N/A"
084e1257-91b7-4044-ac65-3d87d7d38bb9,"#N/A","#N/A",false,Web,"#N/A","#N/A",Medium,"#N/A",New,Subject_hxajd,"#N/A","#N/A","#N/A","#N/A","#N/A"
08545453-adaa-4f6f-be86-a7af479e7ed1,"#N/A","#N/A",false,Web,"#N/A","#N/A",Medium,"#N/A",New,Subject_ijhca,"#N/A","#N/A","#N/A","#N/A","#N/A"
08558d56-9a1a-4135-9969-e4272825f4e7,"#N/A","#N/A",false,Web,"#N/A","#N/A",Medium,"#N/A",New,Subject_bjaka,"#N/A","#N/A","#N/A","#N/A","#N/A"
0855e84b-a0ec-4354-9c4d-5947326be153,"#N/A","#N/A",false,Web,"#N/A","#N/A",Medium,"#N/A",New,Subject_znvtd,"#N/A","#N/A","#N/A","#N/A","#N/A"
0857927d-cdef-4a94-a4a3-ef075c7f24ed,"#N/A","#N/A",false,Web,"#N/A","#N/A",Medium,"#N/A",New,Subject_bffvf,"#N/A","#N/A","#N/A","#N/A","#N/A"
0858832f-cf1e-4cf4-a1e7-dd369ab082db,"#N/A","#N/A",false,Web,"#N/A","#N/A",Medium,"#N/A",New,Subject_cvwzb,"#N/A","#N/A","#N/A","#N/A","#N/A"
085b1799-1dd1-4fe9-b0d4-9b69c6343c29,"#N/A","#N/A",false,Web,"#N/A","#N/A",Medium,"#N/A",New,Subject_qsxpc,"#N/A","#N/A","#N/A","#N/A","#N/A"
085b4c7d-8b3a-40aa-bfd6-b43b4c705470,"#N/A","#N/A",false,Web,"#N/A","#N/A",Medium,"#N/A",New,Subject_qvomx,"#N/A","#N/A","#N/A","#N/A","#N/A"
085c90f0-a2cb-4499-b242-dbfb722dfaeb,"#N/A","#N/A",false,Web,"#N/A","#N/A",Medium,"#N/A",New,Subject_uuner,"#N/A","#N/A","#N/A","#N/A","#N/A"
085e0574-72bf-4aa1-bac6-1ac942cb5131,"#N/A","#N/A",false,Web,"#N/A","#N/A",Medium,"#N/A",New,Subject_aflyb,"#N/A","#N/A","#N/A","#N/A","#N/A"
0860ee66-3516-4467-8c5d-f3c49ec6b6bd,"#N/A","#N/A",false,Web,"#N/A","#N/A",Medium,"#N/A",New,Subject_aetbb,"#N/A","#N/A","#N/A","#N/A","#N/A"
08611982-83ce-4306-8996-4e02feaa7bb6,"#N/A","#N/A",false,Web,"#N/A","#N/A",Medium,"#N/A",New,Subject_xivmu,"#N/A","#N/A","#N/A","#N/A","#N/A"
086aa080-542f-4687-8743-c106c80218bc,"#N/A","#N/A",false,Web,"#N/A","#N/A",Medium,"#N/A",New,Subject_fiqrf,"#N/A","#N/A","#N/A","#N/A","#N/A"
087c54c5-58a1-4da3-96f5-4fa8ba71de40,"#N/A","#N/A",false,Web,"#N/A","#N/A",Medium,"#N/A",New,Subject_pfjyp,"#N/A","#N/A","#N/A","#N/A","#N/A"
0881a13f-dd93-4376-987f-6e9093ee7d6c,"#N/A","#N/A",false,Web,"#N/A","#N/A",Medium,"#N/A",New,Subject_zxamy,"#N/A","#N/A","#N/A","#N/A","#N/A"
0884f5b9-566a-466a-a3ad-8e601f40fcd5,"#N/A","#N/A",false,Web,"#N/A","#N/A",Medium,"#N/A",New,Subject_tprxi,"#N/A","#N/A","#N/A","#N/A","#N/A"
08856443-0ee7-44d2-9785-344cdc893c65,"#N/A","#N/A",false,Web,"#N/A","#N/A",Medium,"#N/A",New,Subject_ucuus,"#N/A","#N/A","#N/A","#N/A","#N/A"
08863018-2ef4-424b-8e0e-679c5500a03c,"#N/A","#N/A",false,Web,"#N/A","#N/A",Medium,"#N/A",New,Subject_wvzql,"#N/A","#N/A","#N/A","#N/A","#N/A"
0888c186-88ba-4082-80b7-3e503bd6f0cb,"#N/A","#N/A",false,Web,"#N/A","#N/A",Medium,"#N/A",New,Subject_blvil,"#N/A","#N/A","#N/A","#N/A","#N/A"
08897e89-0bb4-481d-8e40-9d180a7f6c90,"#N/A","#N/A",false,Web,"#N/A","#N/A",Medium,"#N/A",New,Subject_mdghk,"#N/A","#N/A","#N/A","#N/A","#N/A"
088b66ef-b68f-47b9-b3be-ced9e4f9753c,"#N/A","#N/A",false,Web,"#N/A","#N/A",Medium,"#N/A",New,Subject_dlnst,"#N/A","#N/A","#N/A","#N/A","#N/A"
088bfba1-28a0-4177-966a-51d56c49ffbb,"#N/A","#N/A",false,Web,"#N/A","#N/A",Medium,"#N/A",New,Subject_dbcaj,"#N/A","#N/A","#N/A","#N/A","#N/A"
088de562-ff7d-4217-a37e-343f49308cac,"#N/A","#N/A",false,Web,"#N/A","#N/A",Medium,"#N/A",New,Subject_guhld,"#N/A","#N/A","#N/A","#N/A","#N/A"
088e58d3-1ee7-4f16-a4d7-45ed3a1f125e,"#N/A","#N/A",false,Web,"#N/A","#N/A",Medium,"#N/A",New,Subject_nxxqp,"#N/A","#N/A","#N/A","#N/A","#N/A"
088e6f12-0498-4d6f-aaef-e6eab11bfdda,"#N/A","#N/A",false,Web,"#N/A","#N/A",Medium,"#N/A",New,Subject_zngta,"#N/A","#N/A","#N/A","#N/A","#N/A"
089217b4-be8b-4c49-8c7b-0a89250a4c7e,"#N/A","#N/A",false,Web,"#N/A","#N/A",Medium,"#N/A",New,Subject_arqgp,"#N/A","#N/A","#N/A","#N/A","#N/A"
08946d6d-814c-4744-a2f1-87b31c8f21d9,"#N/A","#N/A",false,Web,"#N/A","#N/A",Medium,"#N/A",New,Subject_hajsu,"#N/A","#N/A","#N/A","#N/A","#N/A"
089989a6-c5c8-4bb1-bdde-97fc8737108d,"#N/A","#N/A",false,Web,"#N/A","#N/A",Medium,"#N/A",New,Subject_zdlki,"#N/A","#N/A","#N/A","#N/A","#N/A"
08a49eea-e1f3-4894-932e-55ba25aca7c8,"#N/A","#N/A",false,Web,"#N/A","#N/A",Medium,"#N/A",New,Subject_nvryw,"#N/A","#N/A","#N/A","#N/A","#N/A"
08a4db4f-2460-45b1-9add-407d63b44763,"#N/A","#N/A",false,Web,"#N/A","#N/A",Medium,"#N/A",New,Subject_zhlcw,"#N/A","#N/A","#N/A","#N/A","#N/A"
08a6e340-3535-4222-84ab-0a537b856e00,"#N/A","#N/A",false,Web,"#N/A","#N/A",Medium,"#N/A",New,Subject_ynxph,"#N/A","#N/A","#N/A","#N/A","#N/A"
08a8785c-552a-4782-8a29-cc50da42d216,"#N/A","#N/A",false,Web,"#N/A","#N/A",Medium,"#N/A",New,Subject_bikqn,"#N/A","#N/A","#N/A","#N/A","#N/A"
08ada78c-1870-4d90-a2e1-3ac49c88cf4f,"#N/A","#N/A",false,Web,"#N/A","#N/A",Medium,"#N/A",New,Subject_unemv,"#N/A","#N/A","#N/A","#N/A","#N/A"
08aec3ee-c3a4-44b0-9b22-d5172389aabe,"#N/A","#N/A",false,Web,"#N/A","#N/A",Medium,"#N/A",New,Subject_ezcgp,"#N/A","#N/A","#N/A","#N/A","#N/A"
08ba3261-70f3-43a7-83e7-b13edd3d9348,"#N/A","#N/A",false,Web,"#N/A","#N/A",Medium,"#N/A",New,Subject_moyik,"#N/A","#N/A","#N/A","#N/A","#N/A"
08ba39e5-5c20-4aba-9eb1-7155a01f3755,"#N/A","#N/A",false,Web,"#N/A","#N/A",Medium,"#N/A",New,Subject_qwtdi,"#N/A","#N/A","#N/A","#N/A","#N/A"
08bcdf93-c89d-4ec2-a907-fb3115e05d54,"#N/A","#N/A",false,Web,"#N/A","#N/A",Medium,"#N/A",New,Subject_ijagk,"#N/A","#N/A","#N/A","#N/A","#N/A"
08bd8c30-6fa0-4d17-9c96-72da15dd71b1,"#N/A","#N/A",false,Web,"#N/A","#N/A",Medium,"#N/A",New,Subject_cxpbi,"#N/A","#N/A","#N/A","#N/A","#N/A"
08be8953-d86c-417b-b2f5-e0f0c1d8b318,"#N/A","#N/A",false,Web,"#N/A","#N/A",Medium,"#N/A",New,Subject_wopqb,"#N/A","#N/A","#N/A","#N/A","#N/A"
08c05ca1-df7e-4972-9651-a3a53a24db19,"#N/A","#N/A",false,Web,"#N/A","#N/A",Medium,"#N/A",New,Subject_mirba,"#N/A","#N/A","#N/A","#N/A","#N/A"
08c05f2a-3aa2-43ec-a12a-8f05a47c303a,"#N/A","#N/A",false,Web,"#N/A","#N/A",Medium,"#N/A",New,Subject_jttbm,"#N/A","#N/A","#N/A","#N/A","#N/A"
08c11bbb-b1b6-4d5f-8ef8-a3f398ea066d,"#N/A","#N/A",false,Web,"#N/A","#N/A",Medium,"#N/A",New,Subject_dazon,"#N/A","#N/A","#N/A","#N/A","#N/A"
08c37fa9-3972-4342-afa7-245effd802e1,"#N/A","#N/A",false,Web,"#N/A","#N/A",Medium,"#N/A",New,Subject_ltkto,"#N/A","#N/A","#N/A","#N/A","#N/A"
08c3f972-7766-4478-9f1c-a0843720aec9,"#N/A","#N/A",false,Web,"#N/A","#N/A",Medium,"#N/A",New,Subject_voapw,"#N/A","#N/A","#N/A","#N/A","#N/A"
08c465d9-5bcf-49d0-bbfd-c71dcfa9d369,"#N/A","#N/A",false,Web,"#N/A","#N/A",Medium,"#N/A",New,Subject_duysh,"#N/A","#N/A","#N/A","#N/A","#N/A"
08c5273e-5dac-410e-a43b-c2a6ec7219c6,"#N/A","#N/A",false,Web,"#N/A","#N/A",Medium,"#N/A",New,Subject_whiyr,"#N/A","#N/A","#N/A","#N/A","#N/A"
08c87805-33e0-43fc-bfd1-26428bbe29ff,"#N/A","#N/A",false,Web,"#N/A","#N/A",Medium,"#N/A",New,Subject_jijfw,"#N/A","#N/A","#N/A","#N/A","#N/A"
08ce30c7-a291-47e5-bdd9-5370852064e5,"#N/A","#N/A",false,Web,"#N/A","#N/A",Medium,"#N/A",New,Subject_beayl,"#N/A","#N/A","#N/A","#N/A","#N/A"
08cf5d65-a2e9-43c8-99d1-3cbded29689d,"#N/A","#N/A",false,Web,"#N/A","#N/A",Medium,"#N/A",New,Subject_gvgad,"#N/A","#N/A","#N/A","#N/A","#N/A"
08cffc83-cde5-4d92-a714-99c5d4f37311,"#N/A","#N/A",false,Web,"#N/A","#N/A",Medium,"#N/A",New,Subject_irvub,"#N/A","#N/A","#N/A","#N/A","#N/A"
08d0323f-38e1-46fe-b1d0-d1a45f41b7e6,"#N/A","#N/A",false,Web,"#N/A","#N/A",Medium,"#N/A",New,Subject_hchln,"#N/A","#N/A","#N/A","#N/A","#N/A"
08d9ebb7-b0ad-4465-8d65-b9c563ee7e5e,"#N/A","#N/A",false,Web,"#N/A","#N/A",Medium,"#N/A",New,Subject_epwro,"#N/A","#N/A","#N/A","#N/A","#N/A"
08ddc9f1-a98a-4dac-ae79-fd8339b8a6ec,"#N/A","#N/A",false,Web,"#N/A","#N/A",Medium,"#N/A",New,Subject_snord,"#N/A","#N/A","#N/A","#N/A","#N/A"
08e02ecf-a0de-469e-8353-aee99527e8c2,"#N/A","#N/A",false,Web,"#N/A","#N/A",Medium,"#N/A",New,Subject_krauv,"#N/A","#N/A","#N/A","#N/A","#N/A"
08e09a8b-05be-404b-a61c-24ebee9f1b77,"#N/A","#N/A",false,Web,"#N/A","#N/A",Medium,"#N/A",New,Subject_jbmkx,"#N/A","#N/A","#N/A","#N/A","#N/A"
08e2dcb6-46b2-485b-bd55-0791f4b5d8c0,"#N/A","#N/A",false,Web,"#N/A","#N/A",Medium,"#N/A",New,Subject_cioas,"#N/A","#N/A","#N/A","#N/A","#N/A"
08e2f1aa-1f64-4280-ac18-129e017a5e8a,"#N/A","#N/A",false,Web,"#N/A","#N/A",Medium,"#N/A",New,Subject_mcpdm,"#N/A","#N/A","#N/A","#N/A","#N/A"
08e43d4f-1051-4862-9a59-5cf8d5b28140,"#N/A","#N/A",false,Web,"#N/A","#N/A",Medium,"#N/A",New,Subject_rhllk,"#N/A","#N/A","#N/A","#N/A","#N/A"
08ead93c-6b23-4156-aaff-93e532b510ea,"#N/A","#N/A",false,Web,"#N/A","#N/A",Medium,"#N/A",New,Subject_xuwxd,"#N/A","#N/A","#N/A","#N/A","#N/A"
08ebef66-0691-431c-928f-b0049f186204,"#N/A","#N/A",false,Web,"#N/A","#N/A",Medium,"#N/A",New,Subject_wvuwk,"#N/A","#N/A","#N/A","#N/A","#N/A"
08ef216c-e255-4357-941d-17537ce622e2,"#N/A","#N/A",false,Web,"#N/A","#N/A",Medium,"#N/A",New,Subject_ntdqw,"#N/A","#N/A","#N/A","#N/A","#N/A"
08effc41-e777-4957-95d7-b17866e3cca6,"#N/A","#N/A",false,Web,"#N/A","#N/A",Medium,"#N/A",New,Subject_gkqct,"#N/A","#N/A","#N/A","#N/A","#N/A"
08f04350-ae16-494e-a748-1e7d0e13fe1c,"#N/A","#N/A",false,Web,"#N/A","#N/A",Medium,"#N/A",New,Subject_jusap,"#N/A","#N/A","#N/A","#N/A","#N/A"
08f3a907-a314-4e99-adaa-6b4dc9a0f204,"#N/A","#N/A",false,Web,"#N/A","#N/A",Medium,"#N/A",New,Subject_tyrny,"#N/A","#N/A","#N/A","#N/A","#N/A"
08f6292a-681b-4a60-83f2-ddf0c5b408c5,"#N/A","#N/A",false,Web,"#N/A","#N/A",Medium,"#N/A",New,Subject_dsehh,"#N/A","#N/A","#N/A","#N/A","#N/A"
08f93f7b-4325-4484-8e6a-2ac8efb767f9,"#N/A","#N/A",false,Web,"#N/A","#N/A",Medium,"#N/A",New,Subject_aoumc,"#N/A","#N/A","#N/A","#N/A","#N/A"
08fb1708-3038-4c03-b01c-0d80bfb08d1f,"#N/A","#N/A",false,Web,"#N/A","#N/A",Medium,"#N/A",New,Subject_pdksl,"#N/A","#N/A","#N/A","#N/A","#N/A"
08fd583a-4498-4cac-9312-e31c020d2aeb,"#N/A","#N/A",false,Web,"#N/A","#N/A",Medium,"#N/A",New,Subject_mhxzi,"#N/A","#N/A","#N/A","#N/A","#N/A"
08ffc74b-6226-4553-bb96-e0cffe44ca47,"#N/A","#N/A",false,Web,"#N/A","#N/A",Medium,"#N/A",New,Subject_kzzrm,"#N/A","#N/A","#N/A","#N/A","#N/A"
0900d3b2-d0f6-45b9-8dc7-35b00d914ea5,"#N/A","#N/A",false,Web,"#N/A","#N/A",Medium,"#N/A",New,Subject_xitld,"#N/A","#N/A","#N/A","#N/A","#N/A"
0903fd39-bfe3-47a9-a4a3-f435d6d04c98,"#N/A","#N/A",false,Web,"#N/A","#N/A",Medium,"#N/A",New,Subject_zkfgo,"#N/A","#N/A","#N/A","#N/A","#N/A"
0905c516-66cb-4557-814c-78810316b4ef,"#N/A","#N/A",false,Web,"#N/A","#N/A",Medium,"#N/A",New,Subject_iswwh,"#N/A","#N/A","#N/A","#N/A","#N/A"
0907f17c-f0c5-4225-88d0-fb5370ce3331,"#N/A","#N/A",false,Web,"#N/A","#N/A",Medium,"#N/A",New,Subject_qanqt,"#N/A","#N/A","#N/A","#N/A","#N/A"
090b9571-7bf0-4471-99e2-7df9f5a51321,"#N/A","#N/A",false,Web,"#N/A","#N/A",Medium,"#N/A",New,Subject_urjnd,"#N/A","#N/A","#N/A","#N/A","#N/A"
09111f55-fc3b-42b6-a868-f2cbbf1f6829,"#N/A","#N/A",false,Web,"#N/A","#N/A",Medium,"#N/A",New,Subject_okgqa,"#N/A","#N/A","#N/A","#N/A","#N/A"
091833a9-cbc9-43ee-ac7e-ae31e95029a4,"#N/A","#N/A",false,Web,"#N/A","#N/A",Medium,"#N/A",New,Subject_ybdbn,"#N/A","#N/A","#N/A","#N/A","#N/A"
091aac5e-a146-45b4-b078-6653f8b5d697,"#N/A","#N/A",false,Web,"#N/A","#N/A",Medium,"#N/A",New,Subject_swdoe,"#N/A","#N/A","#N/A","#N/A","#N/A"
091bc0e2-a615-4f8d-9014-5d108269c76b,"#N/A","#N/A",false,Web,"#N/A","#N/A",Medium,"#N/A",New,Subject_kcbzu,"#N/A","#N/A","#N/A","#N/A","#N/A"
091c5aac-73d7-4672-8839-ba11b5d8f80b,"#N/A","#N/A",false,Web,"#N/A","#N/A",Medium,"#N/A",New,Subject_qbmwu,"#N/A","#N/A","#N/A","#N/A","#N/A"
091cf1ce-d548-4be5-8f9b-227312cd829e,"#N/A","#N/A",false,Web,"#N/A","#N/A",Medium,"#N/A",New,Subject_mzxgn,"#N/A","#N/A","#N/A","#N/A","#N/A"
09213ec4-a2f1-417a-ba2f-36a1f2c83bd6,"#N/A","#N/A",false,Web,"#N/A","#N/A",Medium,"#N/A",New,Subject_mewdy,"#N/A","#N/A","#N/A","#N/A","#N/A"
092392f5-6243-4b15-89fe-88df5aa2ed13,"#N/A","#N/A",false,Web,"#N/A","#N/A",Medium,"#N/A",New,Subject_imvsv,"#N/A","#N/A","#N/A","#N/A","#N/A"
0924f805-a1b4-4c3c-b803-d361208a6f66,"#N/A","#N/A",false,Web,"#N/A","#N/A",Medium,"#N/A",New,Subject_teqfi,"#N/A","#N/A","#N/A","#N/A","#N/A"
09273377-4d92-455e-8ed4-6a5d406ada1d,"#N/A","#N/A",false,Web,"#N/A","#N/A",Medium,"#N/A",New,Subject_pqrpd,"#N/A","#N/A","#N/A","#N/A","#N/A"
0927b537-f0ce-4f90-a227-5cf19adea1a7,"#N/A","#N/A",false,Web,"#N/A","#N/A",Medium,"#N/A",New,Subject_rtbsv,"#N/A","#N/A","#N/A","#N/A","#N/A"
092d50a4-dd41-44ff-bb0f-413df81bf919,"#N/A","#N/A",false,Web,"#N/A","#N/A",Medium,"#N/A",New,Subject_wbdcd,"#N/A","#N/A","#N/A","#N/A","#N/A"
092e9b84-f5ff-4653-a8d5-7f43052db75a,"#N/A","#N/A",false,Web,"#N/A","#N/A",Medium,"#N/A",New,Subject_quzrh,"#N/A","#N/A","#N/A","#N/A","#N/A"
09313053-8bda-4dbb-9dcd-ed873c0041ee,"#N/A","#N/A",false,Web,"#N/A","#N/A",Medium,"#N/A",New,Subject_ctbhr,"#N/A","#N/A","#N/A","#N/A","#N/A"
093567bb-5894-4871-8bb0-b81417ff073a,"#N/A","#N/A",false,Web,"#N/A","#N/A",Medium,"#N/A",New,Subject_cuspm,"#N/A","#N/A","#N/A","#N/A","#N/A"
093a56c0-8e7c-401b-ba98-5b27497a284a,"#N/A","#N/A",false,Web,"#N/A","#N/A",Medium,"#N/A",New,Subject_mtrgp,"#N/A","#N/A","#N/A","#N/A","#N/A"
093c1575-ffce-495f-bbd7-061d6a5c47bc,"#N/A","#N/A",false,Web,"#N/A","#N/A",Medium,"#N/A",New,Subject_bmuuj,"#N/A","#N/A","#N/A","#N/A","#N/A"
093cc40a-8235-4df6-ad39-46e43beb6814,"#N/A","#N/A",false,Web,"#N/A","#N/A",Medium,"#N/A",New,Subject_oubfe,"#N/A","#N/A","#N/A","#N/A","#N/A"
0940ac79-4ffb-47be-b8bc-9ad3039d244d,"#N/A","#N/A",false,Web,"#N/A","#N/A",Medium,"#N/A",New,Subject_ztuxe,"#N/A","#N/A","#N/A","#N/A","#N/A"
09414590-bd3b-4feb-8e0a-1aeaa67c5cb4,"#N/A","#N/A",false,Web,"#N/A","#N/A",Medium,"#N/A",New,Subject_shbqf,"#N/A","#N/A","#N/A","#N/A","#N/A"
09421358-33cb-45a4-8d2d-61430f7488ec,"#N/A","#N/A",false,Web,"#N/A","#N/A",Medium,"#N/A",New,Subject_kmdrk,"#N/A","#N/A","#N/A","#N/A","#N/A"
0944ce94-7f8a-4234-b46c-69f5a189c2a5,"#N/A","#N/A",false,Web,"#N/A","#N/A",Medium,"#N/A",New,Subject_jmpyt,"#N/A","#N/A","#N/A","#N/A","#N/A"
094a069b-c9cf-4e2a-b83c-b25c94d81b8d,"#N/A","#N/A",false,Web,"#N/A","#N/A",Medium,"#N/A",New,Subject_fhpsu,"#N/A","#N/A","#N/A","#N/A","#N/A"
094b0598-be78-4f32-bbdc-3cabfa415b3c,"#N/A","#N/A",false,Web,"#N/A","#N/A",Medium,"#N/A",New,Subject_mbgzy,"#N/A","#N/A","#N/A","#N/A","#N/A"
094d19ba-9981-42b9-8d5b-37385ceaa79c,"#N/A","#N/A",false,Web,"#N/A","#N/A",Medium,"#N/A",New,Subject_qtjhw,"#N/A","#N/A","#N/A","#N/A","#N/A"
095abcff-2947-4da5-a20e-b4865395ffa1,"#N/A","#N/A",false,Web,"#N/A","#N/A",Medium,"#N/A",New,Subject_vhcxy,"#N/A","#N/A","#N/A","#N/A","#N/A"
095bbc9e-bd47-4bda-bab1-4a838e622a22,"#N/A","#N/A",false,Web,"#N/A","#N/A",Medium,"#N/A",New,Subject_lvecj,"#N/A","#N/A","#N/A","#N/A","#N/A"
095c1591-b8c9-46ce-8006-2ff33f75a1ea,"#N/A","#N/A",false,Web,"#N/A","#N/A",Medium,"#N/A",New,Subject_iyort,"#N/A","#N/A","#N/A","#N/A","#N/A"
095ef396-4afb-44cb-b01b-601b29b16974,"#N/A","#N/A",false,Web,"#N/A","#N/A",Medium,"#N/A",New,Subject_lynja,"#N/A","#N/A","#N/A","#N/A","#N/A"
0961be85-836b-40c7-aa9b-a51b64e5cec4,"#N/A","#N/A",false,Web,"#N/A","#N/A",Medium,"#N/A",New,Subject_eaogy,"#N/A","#N/A","#N/A","#N/A","#N/A"
0964409f-e519-4679-9498-2d6f27872b03,"#N/A","#N/A",false,Web,"#N/A","#N/A",Medium,"#N/A",New,Subject_zxwek,"#N/A","#N/A","#N/A","#N/A","#N/A"
096c19a3-3ba5-4f8d-a6e8-d1e3e73f56d9,"#N/A","#N/A",false,Web,"#N/A","#N/A",Medium,"#N/A",New,Subject_plwae,"#N/A","#N/A","#N/A","#N/A","#N/A"
096dec7a-37e8-4148-be40-0f9221a74eb2,"#N/A","#N/A",false,Web,"#N/A","#N/A",Medium,"#N/A",New,Subject_cphkj,"#N/A","#N/A","#N/A","#N/A","#N/A"
096e9ed0-a560-400c-866c-1fb7ee897270,"#N/A","#N/A",false,Web,"#N/A","#N/A",Medium,"#N/A",New,Subject_abjrb,"#N/A","#N/A","#N/A","#N/A","#N/A"
096fa189-4ca9-4b62-95f9-28ac29afaea4,"#N/A","#N/A",false,Web,"#N/A","#N/A",Medium,"#N/A",New,Subject_viroe,"#N/A","#N/A","#N/A","#N/A","#N/A"
097222a1-4838-43d4-b210-fe22778ba397,"#N/A","#N/A",false,Web,"#N/A","#N/A",Medium,"#N/A",New,Subject_fenyu,"#N/A","#N/A","#N/A","#N/A","#N/A"
0975d691-e686-4b86-995e-b738bf350540,"#N/A","#N/A",false,Web,"#N/A","#N/A",Medium,"#N/A",New,Subject_whfss,"#N/A","#N/A","#N/A","#N/A","#N/A"
0976a75c-1e04-4e06-8ec5-6f9fa1ce1e41,"#N/A","#N/A",false,Web,"#N/A","#N/A",Medium,"#N/A",New,Subject_tnscx,"#N/A","#N/A","#N/A","#N/A","#N/A"
097a7a22-aeb7-4e2b-bd2a-21a87ff90401,"#N/A","#N/A",false,Web,"#N/A","#N/A",Medium,"#N/A",New,Subject_kigbe,"#N/A","#N/A","#N/A","#N/A","#N/A"
097ad2c5-f8ce-464f-a568-7afce6ffb11c,"#N/A","#N/A",false,Web,"#N/A","#N/A",Medium,"#N/A",New,Subject_vgteb,"#N/A","#N/A","#N/A","#N/A","#N/A"
09805dc3-72f6-4281-b98c-544aac579f1d,"#N/A","#N/A",false,Web,"#N/A","#N/A",Medium,"#N/A",New,Subject_fchln,"#N/A","#N/A","#N/A","#N/A","#N/A"
09837eec-f4ea-4602-8daa-a9920b1e5a34,"#N/A","#N/A",false,Web,"#N/A","#N/A",Medium,"#N/A",New,Subject_dbtrc,"#N/A","#N/A","#N/A","#N/A","#N/A"
09872c20-4443-411d-9fd7-9d1cf27ac9ab,"#N/A","#N/A",false,Web,"#N/A","#N/A",Medium,"#N/A",New,Subject_ftxxm,"#N/A","#N/A","#N/A","#N/A","#N/A"
0988b609-0121-4ed8-948c-73cedcd7f732,"#N/A","#N/A",false,Web,"#N/A","#N/A",Medium,"#N/A",New,Subject_possf,"#N/A","#N/A","#N/A","#N/A","#N/A"
0990d854-d5cb-4715-b298-3fae9cbfb687,"#N/A","#N/A",false,Web,"#N/A","#N/A",Medium,"#N/A",New,Subject_wyecw,"#N/A","#N/A","#N/A","#N/A","#N/A"
09942ce7-ac19-4a0c-bb0a-786f95bc94eb,"#N/A","#N/A",false,Web,"#N/A","#N/A",Medium,"#N/A",New,Subject_sfmwo,"#N/A","#N/A","#N/A","#N/A","#N/A"
099938cd-36e5-424c-a510-646cc569bfa4,"#N/A","#N/A",false,Web,"#N/A","#N/A",Medium,"#N/A",New,Subject_qcacq,"#N/A","#N/A","#N/A","#N/A","#N/A"
09997b6e-8173-4a80-a694-840b42b3e3f8,"#N/A","#N/A",false,Web,"#N/A","#N/A",Medium,"#N/A",New,Subject_wudkj,"#N/A","#N/A","#N/A","#N/A","#N/A"
09a08d7d-a83f-4d6d-8da7-38ad704ea398,"#N/A","#N/A",false,Web,"#N/A","#N/A",Medium,"#N/A",New,Subject_ewzdh,"#N/A","#N/A","#N/A","#N/A","#N/A"
09a2d1ce-8917-4af6-91a3-1391b0219dcd,"#N/A","#N/A",false,Web,"#N/A","#N/A",Medium,"#N/A",New,Subject_owrxt,"#N/A","#N/A","#N/A","#N/A","#N/A"
09a54004-e720-4b8e-b370-e6abb80f46f6,"#N/A","#N/A",false,Web,"#N/A","#N/A",Medium,"#N/A",New,Subject_ahwqe,"#N/A","#N/A","#N/A","#N/A","#N/A"
09a74f59-8063-48c5-9f9a-cecbd0cd8716,"#N/A","#N/A",false,Web,"#N/A","#N/A",Medium,"#N/A",New,Subject_ovbky,"#N/A","#N/A","#N/A","#N/A","#N/A"
09a86c20-a5e9-4c2a-a1e7-0c387c83e247,"#N/A","#N/A",false,Web,"#N/A","#N/A",Medium,"#N/A",New,Subject_flmwt,"#N/A","#N/A","#N/A","#N/A","#N/A"
09a88f88-b176-456b-b36a-597e984df111,"#N/A","#N/A",false,Web,"#N/A","#N/A",Medium,"#N/A",New,Subject_zejrl,"#N/A","#N/A","#N/A","#N/A","#N/A"
09aafa2b-6728-4a9a-8a71-67b30592a494,"#N/A","#N/A",false,Web,"#N/A","#N/A",Medium,"#N/A",New,Subject_bnplc,"#N/A","#N/A","#N/A","#N/A","#N/A"
09af999b-9392-4dc0-8037-47964c2c69b8,"#N/A","#N/A",false,Web,"#N/A","#N/A",Medium,"#N/A",New,Subject_pjfva,"#N/A","#N/A","#N/A","#N/A","#N/A"
09b46bc9-ec10-4452-9d72-4e29b4cad03e,"#N/A","#N/A",false,Web,"#N/A","#N/A",Medium,"#N/A",New,Subject_lwlxv,"#N/A","#N/A","#N/A","#N/A","#N/A"
09b519a8-2082-4e4f-abd6-5d573cd77a6f,"#N/A","#N/A",false,Web,"#N/A","#N/A",Medium,"#N/A",New,Subject_zzcyi,"#N/A","#N/A","#N/A","#N/A","#N/A"
09b6e18c-d3ca-488a-acdc-58dd4cbfda83,"#N/A","#N/A",false,Web,"#N/A","#N/A",Medium,"#N/A",New,Subject_decvb,"#N/A","#N/A","#N/A","#N/A","#N/A"
09ba9abd-fe5a-4373-98d6-b5924c85b59e,"#N/A","#N/A",false,Web,"#N/A","#N/A",Medium,"#N/A",New,Subject_zbkby,"#N/A","#N/A","#N/A","#N/A","#N/A"
09bd38ca-c16a-422e-99e5-ac8cc628a834,"#N/A","#N/A",false,Web,"#N/A","#N/A",Medium,"#N/A",New,Subject_kjfnx,"#N/A","#N/A","#N/A","#N/A","#N/A"
09beec69-58c1-4331-a996-690fdd2f0702,"#N/A","#N/A",false,Web,"#N/A","#N/A",Medium,"#N/A",New,Subject_ytisu,"#N/A","#N/A","#N/A","#N/A","#N/A"
09c083a9-24f6-48bf-af6c-d4168bb571f8,"#N/A","#N/A",false,Web,"#N/A","#N/A",Medium,"#N/A",New,Subject_ilpra,"#N/A","#N/A","#N/A","#N/A","#N/A"
09c16a40-c4f6-4f6a-a1d1-87404fdb3aec,"#N/A","#N/A",false,Web,"#N/A","#N/A",Medium,"#N/A",New,Subject_pljaf,"#N/A","#N/A","#N/A","#N/A","#N/A"
09c3d570-f319-443f-b641-b92191977a9c,"#N/A","#N/A",false,Web,"#N/A","#N/A",Medium,"#N/A",New,Subject_ifsyt,"#N/A","#N/A","#N/A","#N/A","#N/A"
09c4151e-1575-4e42-a6fd-ec4d44c5f3b8,"#N/A","#N/A",false,Web,"#N/A","#N/A",Medium,"#N/A",New,Subject_sgxhe,"#N/A","#N/A","#N/A","#N/A","#N/A"
09c6b055-636d-4453-b8da-b6fe8381ab1b,"#N/A","#N/A",false,Web,"#N/A","#N/A",Medium,"#N/A",New,Subject_fkfbt,"#N/A","#N/A","#N/A","#N/A","#N/A"
09cac81e-7bfd-4cb1-9e19-1f8b7b9c5b1d,"#N/A","#N/A",false,Web,"#N/A","#N/A",Medium,"#N/A",New,Subject_ygbip,"#N/A","#N/A","#N/A","#N/A","#N/A"
09cc976e-3140-4d7f-abe1-527bf5744047,"#N/A","#N/A",false,Web,"#N/A","#N/A",Medium,"#N/A",New,Subject_godqg,"#N/A","#N/A","#N/A","#N/A","#N/A"
09d59dd5-5e3c-4ab7-9e38-3aa70df75ece,"#N/A","#N/A",false,Web,"#N/A","#N/A",Medium,"#N/A",New,Subject_vzdzj,"#N/A","#N/A","#N/A","#N/A","#N/A"
09e1743b-47db-4290-b577-95b60171cc14,"#N/A","#N/A",false,Web,"#N/A","#N/A",Medium,"#N/A",New,Subject_zfbhw,"#N/A","#N/A","#N/A","#N/A","#N/A"
09e2b0f1-dc3a-487a-9f9a-dcd9637ab704,"#N/A","#N/A",false,Web,"#N/A","#N/A",Medium,"#N/A",New,Subject_cpwja,"#N/A","#N/A","#N/A","#N/A","#N/A"
09e3a3f5-0352-4154-8ef1-06e8602a10f4,"#N/A","#N/A",false,Web,"#N/A","#N/A",Medium,"#N/A",New,Subject_nbfie,"#N/A","#N/A","#N/A","#N/A","#N/A"
09e5121d-8f08-42cf-9b0b-a25b3865e932,"#N/A","#N/A",false,Web,"#N/A","#N/A",Medium,"#N/A",New,Subject_okjum,"#N/A","#N/A","#N/A","#N/A","#N/A"
09e7fae9-a786-4344-959b-b31364adee28,"#N/A","#N/A",false,Web,"#N/A","#N/A",Medium,"#N/A",New,Subject_zlkrm,"#N/A","#N/A","#N/A","#N/A","#N/A"
09e9cc66-fe63-4456-8669-ef2c484f6a9f,"#N/A","#N/A",false,Web,"#N/A","#N/A",Medium,"#N/A",New,Subject_oaekt,"#N/A","#N/A","#N/A","#N/A","#N/A"
09ece105-1eab-417e-b135-7d4c9909eda3,"#N/A","#N/A",false,Web,"#N/A","#N/A",Medium,"#N/A",New,Subject_ghhyn,"#N/A","#N/A","#N/A","#N/A","#N/A"
09ef1942-b8b0-4ce3-b9a4-45118d7fbe30,"#N/A","#N/A",false,Web,"#N/A","#N/A",Medium,"#N/A",New,Subject_fgryd,"#N/A","#N/A","#N/A","#N/A","#N/A"
09f0af3b-6e25-4b0b-96d8-7427f3eeac19,"#N/A","#N/A",false,Web,"#N/A","#N/A",Medium,"#N/A",New,Subject_golfb,"#N/A","#N/A","#N/A","#N/A","#N/A"
09f0e910-3521-44d1-9bbc-e395cdb741a6,"#N/A","#N/A",false,Web,"#N/A","#N/A",Medium,"#N/A",New,Subject_spxeb,"#N/A","#N/A","#N/A","#N/A","#N/A"
09f3db8f-4aaf-4964-a69e-e5471ff68cef,"#N/A","#N/A",false,Web,"#N/A","#N/A",Medium,"#N/A",New,Subject_zsbml,"#N/A","#N/A","#N/A","#N/A","#N/A"
09f3ff46-6fb0-4721-9211-0250839042c8,"#N/A","#N/A",false,Web,"#N/A","#N/A",Medium,"#N/A",New,Subject_jjhnk,"#N/A","#N/A","#N/A","#N/A","#N/A"
09fd31de-51a2-4e3a-b1b3-cb76cf62b5b0,"#N/A","#N/A",false,Web,"#N/A","#N/A",Medium,"#N/A",New,Subject_xziew,"#N/A","#N/A","#N/A","#N/A","#N/A"
09fd64e2-7f5c-4b86-b6b4-01f9504fd898,"#N/A","#N/A",false,Web,"#N/A","#N/A",Medium,"#N/A",New,Subject_dtaty,"#N/A","#N/A","#N/A","#N/A","#N/A"
09fe2027-e963-4de6-b013-84d241c09018,"#N/A","#N/A",false,Web,"#N/A","#N/A",Medium,"#N/A",New,Subject_nabmk,"#N/A","#N/A","#N/A","#N/A","#N/A"
09ff5836-4c7c-4ab1-8f68-a2eb438cfd89,"#N/A","#N/A",false,Web,"#N/A","#N/A",Medium,"#N/A",New,Subject_nkuyp,"#N/A","#N/A","#N/A","#N/A","#N/A"
09ffff99-230b-46f6-90e1-20b6fcafb86b,"#N/A","#N/A",false,Web,"#N/A","#N/A",Medium,"#N/A",New,Subject_fqrav,"#N/A","#N/A","#N/A","#N/A","#N/A"
0a00288e-f422-41ce-a4f3-bba90704e2ff,"#N/A","#N/A",false,Web,"#N/A","#N/A",Medium,"#N/A",New,Subject_mqmkg,"#N/A","#N/A","#N/A","#N/A","#N/A"
0a02122b-d440-412c-aafc-8c34012dcc7c,"#N/A","#N/A",false,Web,"#N/A","#N/A",Medium,"#N/A",New,Subject_qtujn,"#N/A","#N/A","#N/A","#N/A","#N/A"
0a07ef5d-b1d9-4349-9f6b-7e585a32f4f6,"#N/A","#N/A",false,Web,"#N/A","#N/A",Medium,"#N/A",New,Subject_vgzyb,"#N/A","#N/A","#N/A","#N/A","#N/A"
0a08a219-790d-4a11-9370-bed7cba27a93,"#N/A","#N/A",false,Web,"#N/A","#N/A",Medium,"#N/A",New,Subject_qecxk,"#N/A","#N/A","#N/A","#N/A","#N/A"
0a093e9f-58bd-4354-8937-955f801b299f,"#N/A","#N/A",false,Web,"#N/A","#N/A",Medium,"#N/A",New,Subject_pfpsz,"#N/A","#N/A","#N/A","#N/A","#N/A"
0a09a2cd-a757-4d61-82ee-31f306a1b64b,"#N/A","#N/A",false,Web,"#N/A","#N/A",Medium,"#N/A",New,Subject_tzlal,"#N/A","#N/A","#N/A","#N/A","#N/A"
0a105c7f-8829-41e3-aa74-0a0ceed134f7,"#N/A","#N/A",false,Web,"#N/A","#N/A",Medium,"#N/A",New,Subject_wipyu,"#N/A","#N/A","#N/A","#N/A","#N/A"
0a1321bc-948b-4847-a3c2-437c8d986f80,"#N/A","#N/A",false,Web,"#N/A","#N/A",Medium,"#N/A",New,Subject_hrrcd,"#N/A","#N/A","#N/A","#N/A","#N/A"
0a14ad8d-7cc6-4ca3-bcbd-2e2b7f756dc3,"#N/A","#N/A",false,Web,"#N/A","#N/A",Medium,"#N/A",New,Subject_gbeui,"#N/A","#N/A","#N/A","#N/A","#N/A"
0a18345f-8555-44cf-9a60-cb4c84c21cc2,"#N/A","#N/A",false,Web,"#N/A","#N/A",Medium,"#N/A",New,Subject_yycoe,"#N/A","#N/A","#N/A","#N/A","#N/A"
0a1f7e8c-53ef-4056-80fb-cf37b77cd623,"#N/A","#N/A",false,Web,"#N/A","#N/A",Medium,"#N/A",New,Subject_fsagf,"#N/A","#N/A","#N/A","#N/A","#N/A"
0a1fbb16-5c42-4bc4-b201-2524535260b2,"#N/A","#N/A",false,Web,"#N/A","#N/A",Medium,"#N/A",New,Subject_kuoug,"#N/A","#N/A","#N/A","#N/A","#N/A"
0a221d0c-13db-4f07-9709-3bf7e6ba23b2,"#N/A","#N/A",false,Web,"#N/A","#N/A",Medium,"#N/A",New,Subject_wwjbq,"#N/A","#N/A","#N/A","#N/A","#N/A"
0a240207-3ae5-4d27-ba60-193b1c710046,"#N/A","#N/A",false,Web,"#N/A","#N/A",Medium,"#N/A",New,Subject_vxbje,"#N/A","#N/A","#N/A","#N/A","#N/A"
0a252e07-600b-44a1-946b-9f2b87674b2d,"#N/A","#N/A",false,Web,"#N/A","#N/A",Medium,"#N/A",New,Subject_fhvnn,"#N/A","#N/A","#N/A","#N/A","#N/A"
0a268375-086f-4e25-9cdb-e47bda90326c,"#N/A","#N/A",false,Web,"#N/A","#N/A",Medium,"#N/A",New,Subject_uhtci,"#N/A","#N/A","#N/A","#N/A","#N/A"
0a2d3f8d-191e-4a01-9207-f4cbe61e6d21,"#N/A","#N/A",false,Web,"#N/A","#N/A",Medium,"#N/A",New,Subject_balnl,"#N/A","#N/A","#N/A","#N/A","#N/A"
0a3064c4-6416-4dc8-846d-139eeb11dfc5,"#N/A","#N/A",false,Web,"#N/A","#N/A",Medium,"#N/A",New,Subject_xskfb,"#N/A","#N/A","#N/A","#N/A","#N/A"
0a3458c5-1010-41e7-8280-046bbadefaab,"#N/A","#N/A",false,Web,"#N/A","#N/A",Medium,"#N/A",New,Subject_lvyat,"#N/A","#N/A","#N/A","#N/A","#N/A"
0a35966b-db6b-45ea-8c29-9ca5811accfe,"#N/A","#N/A",false,Web,"#N/A","#N/A",Medium,"#N/A",New,Subject_prqja,"#N/A","#N/A","#N/A","#N/A","#N/A"
0a3596fe-3232-4bdf-ba39-8d58e59b8120,"#N/A","#N/A",false,Web,"#N/A","#N/A",Medium,"#N/A",New,Subject_fcqgt,"#N/A","#N/A","#N/A","#N/A","#N/A"
0a3ac9b1-f1dd-4fd2-a6b8-b3b2a0e2d687,"#N/A","#N/A",false,Web,"#N/A","#N/A",Medium,"#N/A",New,Subject_iadeh,"#N/A","#N/A","#N/A","#N/A","#N/A"
0a3b3384-1d99-4444-a029-8d531e2a352e,"#N/A","#N/A",false,Web,"#N/A","#N/A",Medium,"#N/A",New,Subject_prvzd,"#N/A","#N/A","#N/A","#N/A","#N/A"
0a420b66-547c-4845-9408-43605b1a3c27,"#N/A","#N/A",false,Web,"#N/A","#N/A",Medium,"#N/A",New,Subject_grlvo,"#N/A","#N/A","#N/A","#N/A","#N/A"
0a4344cc-d983-4b6e-bad6-013f3b6318f6,"#N/A","#N/A",false,Web,"#N/A","#N/A",Medium,"#N/A",New,Subject_jkcgj,"#N/A","#N/A","#N/A","#N/A","#N/A"
0a44e92f-e1e9-4ac9-b486-3c6de35cd5df,"#N/A","#N/A",false,Web,"#N/A","#N/A",Medium,"#N/A",New,Subject_pfpsz,"#N/A","#N/A","#N/A","#N/A","#N/A"
0a4d9097-6d46-4221-b0be-b06b273ab287,"#N/A","#N/A",false,Web,"#N/A","#N/A",Medium,"#N/A",New,Subject_hpjxs,"#N/A","#N/A","#N/A","#N/A","#N/A"
0a51e87c-202d-4ac2-be79-56eae2dae5a4,"#N/A","#N/A",false,Web,"#N/A","#N/A",Medium,"#N/A",New,Subject_ffths,"#N/A","#N/A","#N/A","#N/A","#N/A"
0a54366a-442e-472d-bae2-fa11969a5ee7,"#N/A","#N/A",false,Web,"#N/A","#N/A",Medium,"#N/A",New,Subject_ttmxq,"#N/A","#N/A","#N/A","#N/A","#N/A"
0a5599e5-74dd-4aaa-a018-fc2abc7af242,"#N/A","#N/A",false,Web,"#N/A","#N/A",Medium,"#N/A",New,Subject_ilnhe,"#N/A","#N/A","#N/A","#N/A","#N/A"
0a57521a-f92f-4428-b769-d9ac938b3285,"#N/A","#N/A",false,Web,"#N/A","#N/A",Medium,"#N/A",New,Subject_geuov,"#N/A","#N/A","#N/A","#N/A","#N/A"
0a58220b-e948-43fc-94ca-2ad1ce379da9,"#N/A","#N/A",false,Web,"#N/A","#N/A",Medium,"#N/A",New,Subject_pwgkh,"#N/A","#N/A","#N/A","#N/A","#N/A"
0a58da5c-ce20-47d8-b35c-eaa2fb12e80b,"#N/A","#N/A",false,Web,"#N/A","#N/A",Medium,"#N/A",New,Subject_gewqd,"#N/A","#N/A","#N/A","#N/A","#N/A"
0a5c70c5-7773-476a-8df2-56af04a1d47d,"#N/A","#N/A",false,Web,"#N/A","#N/A",Medium,"#N/A",New,Subject_mscxj,"#N/A","#N/A","#N/A","#N/A","#N/A"
0a5dc978-12e7-4e8b-8547-963d0ab26e6f,"#N/A","#N/A",false,Web,"#N/A","#N/A",Medium,"#N/A",New,Subject_heymk,"#N/A","#N/A","#N/A","#N/A","#N/A"
0a5ee4f1-32a3-4f1e-9b89-3a6ea610e9c9,"#N/A","#N/A",false,Web,"#N/A","#N/A",Medium,"#N/A",New,Subject_erdeq,"#N/A","#N/A","#N/A","#N/A","#N/A"
0a5f2c29-3f48-4f6e-bf97-a99a19cf63cd,"#N/A","#N/A",false,Email,"#N/A","#N/A",Medium,"#N/A",Escalated,SUBJECT_EDITED,"#N/A","#N/A","#N/A","#N/A","#N/A"
0a6267da-78eb-4d32-b7dc-c314b33b1b68,"#N/A","#N/A",false,Web,"#N/A","#N/A",Medium,"#N/A",New,Subject_ycwte,"#N/A","#N/A","#N/A","#N/A","#N/A"
0a62fb5e-7ea9-4a50-8e41-066a3b459896,"#N/A","#N/A",false,Web,"#N/A","#N/A",Medium,"#N/A",New,Subject_eegiv,"#N/A","#N/A","#N/A","#N/A","#N/A"
0a69861c-8964-4a71-b1e2-af14dd3cdf9e,"#N/A","#N/A",false,Web,"#N/A","#N/A",Medium,"#N/A",New,Subject_eubfy,"#N/A","#N/A","#N/A","#N/A","#N/A"
0a698720-c73f-46d7-a447-144a22265dfa,"#N/A","#N/A",false,Web,"#N/A","#N/A",Medium,"#N/A",New,Subject_btrik,"#N/A","#N/A","#N/A","#N/A","#N/A"
0a6e04a7-c4fe-49e6-bfff-de0c4926dbd6,"#N/A","#N/A",false,Web,"#N/A","#N/A",Medium,"#N/A",New,Subject_vfzoi,"#N/A","#N/A","#N/A","#N/A","#N/A"
0a703017-858d-4000-8c68-546bda1c8303,"#N/A","#N/A",false,Web,"#N/A","#N/A",Medium,"#N/A",New,Subject_ysfax,"#N/A","#N/A","#N/A","#N/A","#N/A"
0a71674b-2a96-4822-ae04-935b9ededcf0,"#N/A","#N/A",false,Web,"#N/A","#N/A",Medium,"#N/A",New,Subject_xakek,"#N/A","#N/A","#N/A","#N/A","#N/A"
0a72a233-205a-45dd-98fb-7ebb3568f2c7,"#N/A","#N/A",false,Web,"#N/A","#N/A",Medium,"#N/A",New,Subject_jxwun,"#N/A","#N/A","#N/A","#N/A","#N/A"
0a759e37-4334-445e-8515-30fa31850714,"#N/A","#N/A",false,Web,"#N/A","#N/A",Medium,"#N/A",New,Subject_kkvdw,"#N/A","#N/A","#N/A","#N/A","#N/A"
0a76869a-b8b9-4fc2-992f-478852247a82,"#N/A","#N/A",false,Web,"#N/A","#N/A",Medium,"#N/A",New,Subject_lxipz,"#N/A","#N/A","#N/A","#N/A","#N/A"
0a7a5f09-2198-4baf-8bc8-e79baaff4a38,"#N/A","#N/A",false,Web,"#N/A","#N/A",Medium,"#N/A",New,Subject_qvjoz,"#N/A","#N/A","#N/A","#N/A","#N/A"
0a7e36f5-b9b5-4c53-9129-76e08e1db03f,"#N/A","#N/A",false,Web,"#N/A","#N/A",Medium,"#N/A",New,Subject_ielqm,"#N/A","#N/A","#N/A","#N/A","#N/A"
0a8396f4-79b5-47a8-a9e5-b74b5f1abb23,"#N/A","#N/A",false,Web,"#N/A","#N/A",Medium,"#N/A",New,Subject_wyits,"#N/A","#N/A","#N/A","#N/A","#N/A"
0a84244f-b041-41c3-8ac0-69737fb754df,"#N/A","#N/A",false,Web,"#N/A","#N/A",Medium,"#N/A",New,Subject_dmhgz,"#N/A","#N/A","#N/A","#N/A","#N/A"
0a876e13-ff78-4d70-9cb2-57352b15b6f6,"#N/A","#N/A",false,Web,"#N/A","#N/A",Medium,"#N/A",New,Subject_mxlub,"#N/A","#N/A","#N/A","#N/A","#N/A"
0a8abfa5-86b7-47aa-a93c-49032b288f27,"#N/A","#N/A",false,Web,"#N/A","#N/A",Medium,"#N/A",New,Subject_zvfaj,"#N/A","#N/A","#N/A","#N/A","#N/A"
0a8af992-801b-498b-98aa-a4968203c7f6,"#N/A","#N/A",false,Web,"#N/A","#N/A",Medium,"#N/A",New,Subject_ayicx,"#N/A","#N/A","#N/A","#N/A","#N/A"
0a8dcdb0-29aa-4c79-8239-fce3e3dd3d68,"#N/A","#N/A",false,Web,"#N/A","#N/A",Medium,"#N/A",New,Subject_nyljw,"#N/A","#N/A","#N/A","#N/A","#N/A"
0a8eb1c2-5882-4a7d-a8ea-fff1c6d16db7,"#N/A","#N/A",false,Web,"#N/A","#N/A",Medium,"#N/A",New,Subject_ujxhr,"#N/A","#N/A","#N/A","#N/A","#N/A"
0a91978c-750a-4716-95ae-7c61cb4d5300,"#N/A","#N/A",false,Web,"#N/A","#N/A",Medium,"#N/A",New,Subject_mooqz,"#N/A","#N/A","#N/A","#N/A","#N/A"
0a920c51-ef1c-47ad-99e7-9ba14bfc2e1d,"#N/A","#N/A",false,Web,"#N/A","#N/A",Medium,"#N/A",New,Subject_zlejm,"#N/A","#N/A","#N/A","#N/A","#N/A"
0a931ed8-bd0a-4541-8f26-e830fb4dc971,"#N/A","#N/A",false,Web,"#N/A","#N/A",Medium,"#N/A",New,Subject_xfjux,"#N/A","#N/A","#N/A","#N/A","#N/A"
0a957c76-f288-4b3c-a17a-805b302bf289,"#N/A","#N/A",false,Web,"#N/A","#N/A",Medium,"#N/A",New,Subject_yekbk,"#N/A","#N/A","#N/A","#N/A","#N/A"
0a98361a-af0f-4135-adf9-ead0689798af,"#N/A","#N/A",false,Web,"#N/A","#N/A",Medium,"#N/A",New,Subject_cwevp,"#N/A","#N/A","#N/A","#N/A","#N/A"
0a9b2155-1290-441a-b248-e84c555f380d,"#N/A","#N/A",false,Web,"#N/A","#N/A",Medium,"#N/A",New,Subject_ogvdq,"#N/A","#N/A","#N/A","#N/A","#N/A"
0a9b3a88-cc42-49d5-a2e8-e56433434033,"#N/A","#N/A",false,Web,"#N/A","#N/A",Medium,"#N/A",New,Subject_igqbk,"#N/A","#N/A","#N/A","#N/A","#N/A"
0a9b9667-62e3-4a6a-8ba1-c2267e399f6c,"#N/A","#N/A",false,Web,"#N/A","#N/A",Medium,"#N/A",New,Subject_rpbyq,"#N/A","#N/A","#N/A","#N/A","#N/A"
0a9fb073-56b8-4249-9b42-6d38cc38f02f,"#N/A","#N/A",false,Web,"#N/A","#N/A",Medium,"#N/A",New,Subject_qffvf,"#N/A","#N/A","#N/A","#N/A","#N/A"
0aa3ba6b-1d30-414e-a139-b19b549a97ba,"#N/A","#N/A",false,Web,"#N/A","#N/A",Medium,"#N/A",New,Subject_iefch,"#N/A","#N/A","#N/A","#N/A","#N/A"
0aa48633-e8ec-41aa-8c76-731c5fd40be3,"#N/A","#N/A",false,Web,"#N/A","#N/A",Medium,"#N/A",New,Subject_xwkup,"#N/A","#N/A","#N/A","#N/A","#N/A"
0aa539d8-6cde-4a67-95cf-23d15b36073a,"#N/A","#N/A",false,Web,"#N/A","#N/A",Medium,"#N/A",New,Subject_sbrep,"#N/A","#N/A","#N/A","#N/A","#N/A"
0aa69740-ae76-40f9-9b59-9e5fc5f6156d,"#N/A","#N/A",false,Web,"#N/A","#N/A",Medium,"#N/A",New,Subject_oglgy,"#N/A","#N/A","#N/A","#N/A","#N/A"
0aa78646-cfd5-4d4a-b0c2-b7f68e48be06,"#N/A","#N/A",false,Web,"#N/A","#N/A",Medium,"#N/A",New,Subject_bsrfy,"#N/A","#N/A","#N/A","#N/A","#N/A"
0aaa5049-e95b-438b-9ff3-fdb3e6dbcda2,"#N/A","#N/A",false,Web,"#N/A","#N/A",Medium,"#N/A",New,Subject_oacsx,"#N/A","#N/A","#N/A","#N/A","#N/A"
0aabe816-03c7-4e29-97df-72ab8326cf25,"#N/A","#N/A",false,Web,"#N/A","#N/A",Medium,"#N/A",New,Subject_stmhv,"#N/A","#N/A","#N/A","#N/A","#N/A"
0aafef26-6cf0-463d-ba65-f8a814f2ecb4,"#N/A","#N/A",false,Web,"#N/A","#N/A",Medium,"#N/A",New,Subject_cdzjk,"#N/A","#N/A","#N/A","#N/A","#N/A"
0ab496d0-8c08-4b38-b48d-a964b15e7f79,"#N/A","#N/A",false,Web,"#N/A","#N/A",Medium,"#N/A",New,Subject_swyln,"#N/A","#N/A","#N/A","#N/A","#N/A"
0ab53ce0-4386-405d-9585-cf3ff42273d8,"#N/A","#N/A",false,Web,"#N/A","#N/A",Medium,"#N/A",New,Subject_gsfmf,"#N/A","#N/A","#N/A","#N/A","#N/A"
0ab658f6-74f6-45be-8c0e-1e25f49874fc,"#N/A","#N/A",false,Web,"#N/A","#N/A",Medium,"#N/A",New,Subject_xmeif,"#N/A","#N/A","#N/A","#N/A","#N/A"
0ab6de65-23c4-4256-a946-d38c05034878,"#N/A","#N/A",false,Web,"#N/A","#N/A",Medium,"#N/A",New,Subject_mowih,"#N/A","#N/A","#N/A","#N/A","#N/A"
0aba397d-3520-4162-a913-1c7cffbf41ea,"#N/A","#N/A",false,Web,"#N/A","#N/A",Medium,"#N/A",New,Subject_nqvyl,"#N/A","#N/A","#N/A","#N/A","#N/A"
0abcdb3c-d6cb-439f-8926-3a7f321b4960,"#N/A","#N/A",false,Web,"#N/A","#N/A",Medium,"#N/A",New,Subject_oncgi,"#N/A","#N/A","#N/A","#N/A","#N/A"
0ac30bc8-b4a0-497f-a256-8d516f6e1248,"#N/A","#N/A",false,Web,"#N/A","#N/A",Medium,"#N/A",New,Subject_moovc,"#N/A","#N/A","#N/A","#N/A","#N/A"
0ac3cff1-881e-4b22-9e05-bedb95e9376a,"#N/A","#N/A",false,Web,"#N/A","#N/A",Medium,"#N/A",New,Subject_xgwcj,"#N/A","#N/A","#N/A","#N/A","#N/A"
0ac71bc8-82cc-4b53-b397-ce2617ff08cf,"#N/A","#N/A",false,Web,"#N/A","#N/A",Medium,"#N/A",New,Subject_watmx,"#N/A","#N/A","#N/A","#N/A","#N/A"
0ac72f02-a41d-4d46-a8d6-4fbb7e0bc1b9,"#N/A","#N/A",false,Web,"#N/A","#N/A",Medium,"#N/A",New,Subject_mzupg,"#N/A","#N/A","#N/A","#N/A","#N/A"
0ac8f341-bb53-421c-b49f-f608b1072022,"#N/A","#N/A",false,Web,"#N/A","#N/A",Medium,"#N/A",New,Subject_bjksv,"#N/A","#N/A","#N/A","#N/A","#N/A"
0acd724a-cfb7-4d8b-920b-de47484c8ce5,"#N/A","#N/A",false,Web,"#N/A","#N/A",Medium,"#N/A",New,Subject_qpfav,"#N/A","#N/A","#N/A","#N/A","#N/A"
0ad48cf8-3a2d-40de-a58d-86b8fa48c80a,"#N/A","#N/A",false,Web,"#N/A","#N/A",Medium,"#N/A",New,Subject_nthct,"#N/A","#N/A","#N/A","#N/A","#N/A"
0ad6fd62-e629-4a5e-b295-95fed3eb51af,"#N/A","#N/A",false,Web,"#N/A","#N/A",Medium,"#N/A",New,Subject_qwtnu,"#N/A","#N/A","#N/A","#N/A","#N/A"
0ada6c24-ea5e-4b3f-ac47-aaa8b85801de,"#N/A","#N/A",false,Web,"#N/A","#N/A",Medium,"#N/A",New,Subject_ibtik,"#N/A","#N/A","#N/A","#N/A","#N/A"
0adbd534-a028-4c81-96c3-01c8934d0492,"#N/A","#N/A",false,Web,"#N/A","#N/A",Medium,"#N/A",New,Subject_bbpwl,"#N/A","#N/A","#N/A","#N/A","#N/A"
0ae26b9a-c597-476c-8878-aa20302f3b5d,"#N/A","#N/A",false,Web,"#N/A","#N/A",Medium,"#N/A",New,Subject_rvzqv,"#N/A","#N/A","#N/A","#N/A","#N/A"
0ae27743-b956-43d6-b59c-6557d288f0f6,"#N/A","#N/A",false,Web,"#N/A","#N/A",Medium,"#N/A",New,Subject_jxbui,"#N/A","#N/A","#N/A","#N/A","#N/A"
0ae2f81f-a48c-4599-929e-49afd3146e84,"#N/A","#N/A",false,Web,"#N/A","#N/A",Medium,"#N/A",New,Subject_pvart,"#N/A","#N/A","#N/A","#N/A","#N/A"
0ae33a66-1fea-44d6-9d71-d2625b773125,"#N/A","#N/A",false,Web,"#N/A","#N/A",Medium,"#N/A",New,Subject_nqvyl,"#N/A","#N/A","#N/A","#N/A","#N/A"
0ae4c128-bfd9-466f-898a-4e5abbe253d0,"#N/A","#N/A",false,Web,"#N/A","#N/A",Medium,"#N/A",New,Subject_vitpt,"#N/A","#N/A","#N/A","#N/A","#N/A"
0aea301d-f456-4fba-8c80-9fcf56b054d4,"#N/A","#N/A",false,Web,"#N/A","#N/A",Medium,"#N/A",New,Subject_lxolq,"#N/A","#N/A","#N/A","#N/A","#N/A"
0aec1392-5ae6-49bc-84a1-7c3586f51271,"#N/A","#N/A",false,Web,"#N/A","#N/A",Medium,"#N/A",New,Subject_stxbh,"#N/A","#N/A","#N/A","#N/A","#N/A"
0af05a1c-8a25-4a72-b1ad-de40ef3e8dbb,"#N/A","#N/A",false,Web,"#N/A","#N/A",Medium,"#N/A",New,Subject_kjdpn,"#N/A","#N/A","#N/A","#N/A","#N/A"
0af081f4-83e0-4be6-92e4-d5eaf6d78a34,"#N/A","#N/A",false,Web,"#N/A","#N/A",Medium,"#N/A",New,Subject_qrbtf,"#N/A","#N/A","#N/A","#N/A","#N/A"
0af1740c-6e91-4c16-b92f-9497b1f2a433,"#N/A","#N/A",false,Web,"#N/A","#N/A",Medium,"#N/A",New,Subject_gflxd,"#N/A","#N/A","#N/A","#N/A","#N/A"
0af30d8e-cf22-4c3d-807a-afb7f9ccb758,"#N/A","#N/A",false,Web,"#N/A","#N/A",Medium,"#N/A",New,Subject_rqfne,"#N/A","#N/A","#N/A","#N/A","#N/A"
0af85017-134f-4a14-9d9e-d619867c301b,"#N/A","#N/A",false,Web,"#N/A","#N/A",Medium,"#N/A",New,Subject_leegj,"#N/A","#N/A","#N/A","#N/A","#N/A"
0afdf329-af08-4c34-acda-69edc9b9ff24,"#N/A","#N/A",false,Web,"#N/A","#N/A",Medium,"#N/A",New,Subject_hgogi,"#N/A","#N/A","#N/A","#N/A","#N/A"
0aff2b0d-dfd7-490c-aa25-596dc7844a31,"#N/A","#N/A",false,Web,"#N/A","#N/A",Medium,"#N/A",New,Subject_zgnpv,"#N/A","#N/A","#N/A","#N/A","#N/A"
0b056de6-1dfd-4bdb-bb96-5b2150cadb84,"#N/A","#N/A",false,Web,"#N/A","#N/A",Medium,"#N/A",New,Subject_xmfhv,"#N/A","#N/A","#N/A","#N/A","#N/A"
0b0666b2-4f5c-4913-9b65-c2beb2537dd9,"#N/A","#N/A",false,Web,"#N/A","#N/A",Medium,"#N/A",New,Subject_sbipi,"#N/A","#N/A","#N/A","#N/A","#N/A"
0b0910ae-1e70-40ee-b1d2-e1227237e838,"#N/A","#N/A",false,Web,"#N/A","#N/A",Medium,"#N/A",New,Subject_paosb,"#N/A","#N/A","#N/A","#N/A","#N/A"
0b0af90d-eb90-4983-ad2b-41ca8ad1c7eb,"#N/A","#N/A",false,Web,"#N/A","#N/A",Medium,"#N/A",New,Subject_iqgch,"#N/A","#N/A","#N/A","#N/A","#N/A"
0b1154f0-f91b-4f7d-bda3-846a4babd372,"#N/A","#N/A",false,Web,"#N/A","#N/A",Medium,"#N/A",New,Subject_yotwz,"#N/A","#N/A","#N/A","#N/A","#N/A"
0b11cf4d-3bfa-4d05-8e92-ee8f4fc5ff84,"#N/A","#N/A",false,Web,"#N/A","#N/A",Medium,"#N/A",New,Subject_ogtyd,"#N/A","#N/A","#N/A","#N/A","#N/A"
0b12afe2-6766-4bd4-b2f0-219e14ced462,"#N/A","#N/A",false,Web,"#N/A","#N/A",Medium,"#N/A",New,Subject_zdgaz,"#N/A","#N/A","#N/A","#N/A","#N/A"
0b179450-8ae7-4bf4-893d-82c6c1517bd2,"#N/A","#N/A",false,Web,"#N/A","#N/A",Medium,"#N/A",New,Subject_wpbar,"#N/A","#N/A","#N/A","#N/A","#N/A"
0b17ee22-9aa4-4a9a-a3ac-5a5c9a8fa9a5,"#N/A","#N/A",false,Web,"#N/A","#N/A",Medium,"#N/A",New,Subject_eeqpa,"#N/A","#N/A","#N/A","#N/A","#N/A"
0b18b3af-c44e-457a-850f-a4c47f19c1c4,"#N/A","#N/A",false,Web,"#N/A","#N/A",Medium,"#N/A",New,Subject_rphui,"#N/A","#N/A","#N/A","#N/A","#N/A"
0b193f60-ea03-4d70-963d-c00294efff23,"#N/A","#N/A",false,Web,"#N/A","#N/A",Medium,"#N/A",New,Subject_skikn,"#N/A","#N/A","#N/A","#N/A","#N/A"
0b1b72c1-18e8-473a-b67b-aca3305d16db,"#N/A","#N/A",false,Web,"#N/A","#N/A",Medium,"#N/A",New,Subject_ajvxv,"#N/A","#N/A","#N/A","#N/A","#N/A"
0b212940-41f5-4053-afa2-f5b95c64f436,"#N/A","#N/A",false,Web,"#N/A","#N/A",Medium,"#N/A",New,Subject_voxgm,"#N/A","#N/A","#N/A","#N/A","#N/A"
0b2468e4-145a-4ae2-8bdd-538fdef1ebf3,"#N/A","#N/A",false,Web,"#N/A","#N/A",Medium,"#N/A",New,Subject_sxrxu,"#N/A","#N/A","#N/A","#N/A","#N/A"
0b24c9e4-f775-4580-baaa-8d77c2a830e9,"#N/A","#N/A",false,Web,"#N/A","#N/A",Medium,"#N/A",New,Subject_plpnc,"#N/A","#N/A","#N/A","#N/A","#N/A"
0b255331-ec84-4107-b0b3-cce6631464bf,"#N/A","#N/A",false,Web,"#N/A","#N/A",Medium,"#N/A",New,Subject_tzhan,"#N/A","#N/A","#N/A","#N/A","#N/A"
0b27ca0b-df49-436d-a865-217b90527067,"#N/A","#N/A",false,Web,"#N/A","#N/A",Medium,"#N/A",New,Subject_fgehg,"#N/A","#N/A","#N/A","#N/A","#N/A"
0b29b40e-f6ac-4760-8b69-7e8a87d084b7,"#N/A","#N/A",false,Web,"#N/A","#N/A",Medium,"#N/A",New,Subject_mwith,"#N/A","#N/A","#N/A","#N/A","#N/A"
0b2cb4aa-718e-4825-add8-575f4aa9dc70,"#N/A","#N/A",false,Web,"#N/A","#N/A",Medium,"#N/A",New,Subject_pvayk,"#N/A","#N/A","#N/A","#N/A","#N/A"
0b2cbb13-858c-4172-8f95-00043945c100,"#N/A","#N/A",false,Web,"#N/A","#N/A",Medium,"#N/A",New,Subject_wwjvi,"#N/A","#N/A","#N/A","#N/A","#N/A"
0b312888-b74a-4f1a-ac5e-d13451180bf1,"#N/A","#N/A",false,Web,"#N/A","#N/A",Medium,"#N/A",New,Subject_mxxwj,"#N/A","#N/A","#N/A","#N/A","#N/A"
0b32daf7-26b6-463d-8537-fab002c181bf,"#N/A","#N/A",false,Web,"#N/A","#N/A",Medium,"#N/A",New,Subject_lfdko,"#N/A","#N/A","#N/A","#N/A","#N/A"
0b368877-64c9-4052-9882-37606762476d,"#N/A","#N/A",false,Web,"#N/A","#N/A",Medium,"#N/A",New,Subject_xeotw,"#N/A","#N/A","#N/A","#N/A","#N/A"
0b38e38a-21dc-47b9-ab32-cea11c5ba5a2,"#N/A","#N/A",false,Web,"#N/A","#N/A",Medium,"#N/A",New,Subject_rqggk,"#N/A","#N/A","#N/A","#N/A","#N/A"
0b3bb7ce-1af3-4020-89da-3819d354ee99,"#N/A","#N/A",false,Web,"#N/A","#N/A",Medium,"#N/A",New,Subject_iprrf,"#N/A","#N/A","#N/A","#N/A","#N/A"
0b3cfa83-9981-43d4-b169-d9e25278c29c,"#N/A","#N/A",false,Web,"#N/A","#N/A",Medium,"#N/A",New,Subject_qtqgj,"#N/A","#N/A","#N/A","#N/A","#N/A"
0b3e1b66-d5c5-441b-875f-cd2b550f708b,"#N/A","#N/A",false,Web,"#N/A","#N/A",Medium,"#N/A",New,Subject_csatv,"#N/A","#N/A","#N/A","#N/A","#N/A"
0b40aa04-f26f-4086-8869-82f998bf90de,"#N/A","#N/A",false,Web,"#N/A","#N/A",Medium,"#N/A",New,Subject_mpbfm,"#N/A","#N/A","#N/A","#N/A","#N/A"
0b439060-5a46-436a-b903-b3cafcc0c310,"#N/A","#N/A",false,Web,"#N/A","#N/A",Medium,"#N/A",New,Subject_dfsxj,"#N/A","#N/A","#N/A","#N/A","#N/A"
0b45d134-e18c-4d56-af0d-e1f8138fb807,"#N/A","#N/A",false,Web,"#N/A","#N/A",Medium,"#N/A",New,Subject_llqla,"#N/A","#N/A","#N/A","#N/A","#N/A"
0b49ec0f-2143-4521-8e37-7f3ff0b0d844,"#N/A","#N/A",false,Web,"#N/A","#N/A",Medium,"#N/A",New,Subject_cloda,"#N/A","#N/A","#N/A","#N/A","#N/A"
0b4b5b27-4a10-4473-a98a-0ac86e28c5d0,"#N/A","#N/A",false,Web,"#N/A","#N/A",Medium,"#N/A",New,Subject_xyzcq,"#N/A","#N/A","#N/A","#N/A","#N/A"
0b56319b-347b-4758-8044-836ec44f3852,"#N/A","#N/A",false,Web,"#N/A","#N/A",Medium,"#N/A",New,Subject_mmeyd,"#N/A","#N/A","#N/A","#N/A","#N/A"
0b5cc53a-77b9-461a-a74c-4ba242b44333,"#N/A","#N/A",false,Web,"#N/A","#N/A",Medium,"#N/A",New,Subject_ejqnd,"#N/A","#N/A","#N/A","#N/A","#N/A"
0b5e9186-7821-4b7c-882d-23da81c6c98e,"#N/A","#N/A",false,Web,"#N/A","#N/A",Medium,"#N/A",New,Subject_tqwql,"#N/A","#N/A","#N/A","#N/A","#N/A"
0b5fc223-ea94-4870-9294-be4de10d7c75,"#N/A","#N/A",false,Web,"#N/A","#N/A",Medium,"#N/A",New,Subject_ghnpl,"#N/A","#N/A","#N/A","#N/A","#N/A"
0b5fc461-e837-460c-b520-16c6b5a6a58f,"#N/A","#N/A",false,Web,"#N/A","#N/A",Medium,"#N/A",New,Subject_kuhna,"#N/A","#N/A","#N/A","#N/A","#N/A"
0b6ab2b1-a163-47f4-bd4b-17b7ce08faac,"#N/A","#N/A",false,Web,"#N/A","#N/A",Medium,"#N/A",New,Subject_ewzdh,"#N/A","#N/A","#N/A","#N/A","#N/A"
0b6b840f-8253-4324-b660-4c1dceb6c453,"#N/A","#N/A",false,Web,"#N/A","#N/A",Medium,"#N/A",New,Subject_fymuc,"#N/A","#N/A","#N/A","#N/A","#N/A"
0b72ec4e-d21a-43b9-a11c-01c4e3e3a869,"#N/A","#N/A",false,Web,"#N/A","#N/A",Medium,"#N/A",New,Subject_bpeho,"#N/A","#N/A","#N/A","#N/A","#N/A"
0b7d7180-2230-4ea8-a87c-83f13a70e134,"#N/A","#N/A",false,Web,"#N/A","#N/A",Medium,"#N/A",New,Subject_nfdpv,"#N/A","#N/A","#N/A","#N/A","#N/A"
0b7fe8f3-9cc5-4d0f-a235-7b01689fa2ee,"#N/A","#N/A",false,Web,"#N/A","#N/A",Medium,"#N/A",New,Subject_dbvki,"#N/A","#N/A","#N/A","#N/A","#N/A"
0b810eb7-2950-49a5-86e9-33562d3104c9,"#N/A","#N/A",false,Web,"#N/A","#N/A",Medium,"#N/A",New,Subject_phxzt,"#N/A","#N/A","#N/A","#N/A","#N/A"
0b81f41b-b3e5-4558-8c0b-bc84da85fe53,"#N/A","#N/A",false,Web,"#N/A","#N/A",Medium,"#N/A",New,Subject_vybvc,"#N/A","#N/A","#N/A","#N/A","#N/A"
0b824bff-d44f-49b9-b79f-003d2d1a9b75,"#N/A","#N/A",false,Web,"#N/A","#N/A",Medium,"#N/A",New,Subject_vqcyk,"#N/A","#N/A","#N/A","#N/A","#N/A"
0b82b8bb-495b-4926-996a-fb89d2dbc31d,"#N/A","#N/A",false,Web,"#N/A","#N/A",Medium,"#N/A",New,Subject_prvzd,"#N/A","#N/A","#N/A","#N/A","#N/A"
0b845cc5-7d57-45c2-a983-e5894d4154aa,"#N/A","#N/A",false,Web,"#N/A","#N/A",Medium,"#N/A",New,Subject_dceun,"#N/A","#N/A","#N/A","#N/A","#N/A"
0b86d25a-2aa7-43c0-b10b-cb45d5bc30bc,"#N/A","#N/A",false,Web,"#N/A","#N/A",Medium,"#N/A",New,Subject_zbkbq,"#N/A","#N/A","#N/A","#N/A","#N/A"
0b87e255-a3ba-4201-8483-a1c2245423e9,"#N/A","#N/A",false,Web,"#N/A","#N/A",Medium,"#N/A",New,Subject_hxwmh,"#N/A","#N/A","#N/A","#N/A","#N/A"
0b8e1d0b-92e4-424e-809b-cb314159a247,"#N/A","#N/A",false,Web,"#N/A","#N/A",Medium,"#N/A",New,Subject_iwauo,"#N/A","#N/A","#N/A","#N/A","#N/A"
0b917bfc-f63a-481e-a065-47dc8cc5f018,"#N/A","#N/A",false,Web,"#N/A","#N/A",Medium,"#N/A",New,Subject_klbtk,"#N/A","#N/A","#N/A","#N/A","#N/A"
0b9497e8-dc76-471a-8501-c5836851f86d,"#N/A","#N/A",false,Web,"#N/A","#N/A",Medium,"#N/A",New,Subject_mnznu,"#N/A","#N/A","#N/A","#N/A","#N/A"
0b96433c-1634-4e2c-9aed-7b460d0e8fa5,"#N/A","#N/A",false,Web,"#N/A","#N/A",Medium,"#N/A",New,Subject_xhfou,"#N/A","#N/A","#N/A","#N/A","#N/A"
0b97e039-280b-4960-acfb-a415abae8ebf,"#N/A","#N/A",false,Web,"#N/A","#N/A",Medium,"#N/A",New,Subject_wyycn,"#N/A","#N/A","#N/A","#N/A","#N/A"
0b9a9a56-22f0-4d5d-aa91-7420e2f58806,"#N/A","#N/A",false,Web,"#N/A","#N/A",Medium,"#N/A",New,Subject_kavpo,"#N/A","#N/A","#N/A","#N/A","#N/A"
0b9b17db-ea98-4ea7-abe9-9f10ddbbe5c1,"#N/A","#N/A",false,Web,"#N/A","#N/A",Medium,"#N/A",New,Subject_wwclv,"#N/A","#N/A","#N/A","#N/A","#N/A"
0b9b7db8-b74c-4815-9972-bc9c7915a7f8,"#N/A","#N/A",false,Web,"#N/A","#N/A",Medium,"#N/A",New,Subject_oyvva,"#N/A","#N/A","#N/A","#N/A","#N/A"
0ba280e9-0db4-456d-aeb7-57b42a75c40e,"#N/A","#N/A",false,Web,"#N/A","#N/A",Medium,"#N/A",New,Subject_izsdp,"#N/A","#N/A","#N/A","#N/A","#N/A"
0ba2dfd1-06eb-466f-94d1-8d929f83cf9d,"#N/A","#N/A",false,Web,"#N/A","#N/A",Medium,"#N/A",New,Subject_sgbfi,"#N/A","#N/A","#N/A","#N/A","#N/A"
0ba37775-c68b-4632-98ce-305f36f91feb,"#N/A","#N/A",false,Web,"#N/A","#N/A",Medium,"#N/A",New,Subject_hapib,"#N/A","#N/A","#N/A","#N/A","#N/A"
0ba3e11b-8da2-4d1c-974c-4e5236cb9917,"#N/A","#N/A",false,Web,"#N/A","#N/A",Medium,"#N/A",New,Subject_dgmob,"#N/A","#N/A","#N/A","#N/A","#N/A"
0ba57e91-677d-46a5-ba1d-4991383e950c,"#N/A","#N/A",false,Web,"#N/A","#N/A",Medium,"#N/A",New,Subject_dyqhv,"#N/A","#N/A","#N/A","#N/A","#N/A"
0ba7317c-dcfb-40ad-b2e3-6bb2005b4f8d,"#N/A","#N/A",false,Web,"#N/A","#N/A",Medium,"#N/A",New,Subject_tgjzf,"#N/A","#N/A","#N/A","#N/A","#N/A"
0ba8c366-9c27-4491-b25e-ba2b291ecebe,"#N/A","#N/A",false,Web,"#N/A","#N/A",Medium,"#N/A",New,Subject_jnfex,"#N/A","#N/A","#N/A","#N/A","#N/A"
0babb343-906a-4c0c-96db-af10d374d6dd,"#N/A","#N/A",false,Web,"#N/A","#N/A",Medium,"#N/A",New,Subject_zlyyl,"#N/A","#N/A","#N/A","#N/A","#N/A"
0baca287-dcd5-4283-bf8c-a3d3fea6642d,"#N/A","#N/A",false,Web,"#N/A","#N/A",Medium,"#N/A",New,Subject_qchfe,"#N/A","#N/A","#N/A","#N/A","#N/A"
0badb1b5-bed2-4689-8f8f-ef04ee4e485e,"#N/A","#N/A",false,Web,"#N/A","#N/A",Medium,"#N/A",New,Subject_vlylh,"#N/A","#N/A","#N/A","#N/A","#N/A"
0badcd5f-14bd-4b22-94fd-5e80ce7021bb,"#N/A","#N/A",false,Web,"#N/A","#N/A",Medium,"#N/A",New,Subject_yyata,"#N/A","#N/A","#N/A","#N/A","#N/A"
0bb0e282-824f-4794-b62c-6e9117c8c06d,"#N/A","#N/A",false,Web,"#N/A","#N/A",Medium,"#N/A",New,Subject_hkcbq,"#N/A","#N/A","#N/A","#N/A","#N/A"
0bb2acac-5c32-47f9-a852-38a4dfae3f44,"#N/A","#N/A",false,Web,"#N/A","#N/A",Medium,"#N/A",New,Subject_insrd,"#N/A","#N/A","#N/A","#N/A","#N/A"
0bb58feb-00a1-4e7d-8620-e083cbdfb444,"#N/A","#N/A",false,Web,"#N/A","#N/A",Medium,"#N/A",New,Subject_zvjya,"#N/A","#N/A","#N/A","#N/A","#N/A"
0bb604fd-717a-452a-8a83-8e50d246cd81,"#N/A","#N/A",false,Web,"#N/A","#N/A",Medium,"#N/A",New,Subject_xxbai,"#N/A","#N/A","#N/A","#N/A","#N/A"
0bbab6bc-1f2a-404b-8b61-48dc78a60806,"#N/A","#N/A",false,Web,"#N/A","#N/A",Medium,"#N/A",New,Subject_kvyfk,"#N/A","#N/A","#N/A","#N/A","#N/A"
0bbbecde-dd82-40ad-84e5-f49b11a2faec,"#N/A","#N/A",false,Web,"#N/A","#N/A",Medium,"#N/A",New,Subject_ylqyc,"#N/A","#N/A","#N/A","#N/A","#N/A"
0bbc3a5c-4e4e-4565-a09b-0aaa1fe11cba,"#N/A","#N/A",false,Web,"#N/A","#N/A",Medium,"#N/A",New,Subject_ywpcc,"#N/A","#N/A","#N/A","#N/A","#N/A"
0bc5a857-e1c8-40a2-a064-c44416807239,"#N/A","#N/A",false,Web,"#N/A","#N/A",Medium,"#N/A",New,Subject_uaika,"#N/A","#N/A","#N/A","#N/A","#N/A"
0bc5bb99-19f4-4eba-9a4f-a943148adceb,"#N/A","#N/A",false,Web,"#N/A","#N/A",Medium,"#N/A",New,Subject_kwdlw,"#N/A","#N/A","#N/A","#N/A","#N/A"
0bcd2a37-df9d-48cd-a5bc-b4e2491c614f,"#N/A","#N/A",false,Web,"#N/A","#N/A",Medium,"#N/A",New,Subject_zcryo,"#N/A","#N/A","#N/A","#N/A","#N/A"
0bce698a-941c-410d-93ed-cdb0ee798ea5,"#N/A","#N/A",false,Web,"#N/A","#N/A",Medium,"#N/A",New,Subject_skyoe,"#N/A","#N/A","#N/A","#N/A","#N/A"
0bd1af56-24d7-4188-b87e-15b3eddee05b,"#N/A","#N/A",false,Web,"#N/A","#N/A",Medium,"#N/A",New,Subject_njqif,"#N/A","#N/A","#N/A","#N/A","#N/A"
0bd26f27-4c60-4c84-a710-9fda00881dbe,"#N/A","#N/A",false,Web,"#N/A","#N/A",Medium,"#N/A",New,Subject_uydve,"#N/A","#N/A","#N/A","#N/A","#N/A"
0bd4bcba-f9b4-4058-b0d8-9925d4a232f4,"#N/A","#N/A",false,Web,"#N/A","#N/A",Medium,"#N/A",New,Subject_fqqiw,"#N/A","#N/A","#N/A","#N/A","#N/A"
0bd62697-8049-4c6f-adc5-0141bbb5c8e6,"#N/A","#N/A",false,Web,"#N/A","#N/A",Medium,"#N/A",New,Subject_laafb,"#N/A","#N/A","#N/A","#N/A","#N/A"
0bd72031-3ae7-4401-8b5a-d1bae5d1a3f5,"#N/A","#N/A",false,Web,"#N/A","#N/A",Medium,"#N/A",New,Subject_mdenv,"#N/A","#N/A","#N/A","#N/A","#N/A"
0bd72034-dff0-4aed-9230-021619824313,"#N/A","#N/A",false,Web,"#N/A","#N/A",Medium,"#N/A",New,Subject_luram,"#N/A","#N/A","#N/A","#N/A","#N/A"
0bd83abf-1251-4638-9c98-4ccf7a1235f9,"#N/A","#N/A",false,Web,"#N/A","#N/A",Medium,"#N/A",New,Subject_ctotf,"#N/A","#N/A","#N/A","#N/A","#N/A"
0bd9005f-3d7b-4915-8f98-0b4958831a5d,"#N/A","#N/A",false,Web,"#N/A","#N/A",Medium,"#N/A",New,Subject_jifpt,"#N/A","#N/A","#N/A","#N/A","#N/A"
0bda70a7-93b4-4a91-9edc-741fad89c798,"#N/A","#N/A",false,Web,"#N/A","#N/A",Medium,"#N/A",New,Subject_urzpk,"#N/A","#N/A","#N/A","#N/A","#N/A"
0bdca031-aaeb-4220-9d2a-3746cc0fb26c,"#N/A","#N/A",false,Web,"#N/A","#N/A",Medium,"#N/A",New,Subject_baqvn,"#N/A","#N/A","#N/A","#N/A","#N/A"
0bdcf141-223e-4451-84ae-7b981d977174,"#N/A","#N/A",false,Web,"#N/A","#N/A",Medium,"#N/A",New,Subject_rzylt,"#N/A","#N/A","#N/A","#N/A","#N/A"
0bdd187c-b4b7-4304-862c-ca5259b8c1bd,"#N/A","#N/A",false,Web,"#N/A","#N/A",Medium,"#N/A",New,Subject_usesr,"#N/A","#N/A","#N/A","#N/A","#N/A"
0be77c71-127c-4157-a9cf-63fb1b6de0be,"#N/A","#N/A",false,Web,"#N/A","#N/A",Medium,"#N/A",New,Subject_ofyqy,"#N/A","#N/A","#N/A","#N/A","#N/A"
0bea06e2-e22b-4158-8a22-c2cb5d00eac3,"#N/A","#N/A",false,Web,"#N/A","#N/A",Medium,"#N/A",New,Subject_kvuqw,"#N/A","#N/A","#N/A","#N/A","#N/A"
0bec7856-0dbf-4ab8-905f-94bf44959333,"#N/A","#N/A",false,Web,"#N/A","#N/A",Medium,"#N/A",New,Subject_wijjh,"#N/A","#N/A","#N/A","#N/A","#N/A"
0bed61d3-a0ae-44bf-902e-4e6cace3a3e1,"#N/A","#N/A",false,Web,"#N/A","#N/A",Medium,"#N/A",New,Subject_oevbz,"#N/A","#N/A","#N/A","#N/A","#N/A"
0beeba83-c64c-4167-851c-4a7deec891e8,"#N/A","#N/A",false,Web,"#N/A","#N/A",Medium,"#N/A",New,Subject_bkjvp,"#N/A","#N/A","#N/A","#N/A","#N/A"
0bf328d6-3b4a-40b1-8bca-115e87427239,"#N/A","#N/A",false,Web,"#N/A","#N/A",Medium,"#N/A",New,Subject_yzjqw,"#N/A","#N/A","#N/A","#N/A","#N/A"
0bf4d56b-35c3-4b49-8048-c0e6c4a8ab72,"#N/A","#N/A",false,Web,"#N/A","#N/A",Medium,"#N/A",New,Subject_yxkwb,"#N/A","#N/A","#N/A","#N/A","#N/A"
0bf76b0d-e1ec-4c88-acb1-cdda3ea4c6ab,"#N/A","#N/A",false,Web,"#N/A","#N/A",Medium,"#N/A",New,Subject_uradp,"#N/A","#N/A","#N/A","#N/A","#N/A"
0bf85c9e-24f0-40c5-ad7e-02579270165c,"#N/A","#N/A",false,Web,"#N/A","#N/A",Medium,"#N/A",New,Subject_ghegg,"#N/A","#N/A","#N/A","#N/A","#N/A"
0bfcb8e7-ddd3-4574-bcce-4f8ea5ee8022,"#N/A","#N/A",false,Web,"#N/A","#N/A",Medium,"#N/A",New,Subject_bedkz,"#N/A","#N/A","#N/A","#N/A","#N/A"
0bff5e76-095a-4b6b-afcb-4e7e90fb3998,"#N/A","#N/A",false,Web,"#N/A","#N/A",Medium,"#N/A",New,Subject_tcmfl,"#N/A","#N/A","#N/A","#N/A","#N/A"
0c01157e-b548-4195-b062-091670cf8ee6,"#N/A","#N/A",false,Web,"#N/A","#N/A",Medium,"#N/A",New,Subject_crnku,"#N/A","#N/A","#N/A","#N/A","#N/A"
0c01f05e-a398-46fc-86f9-a97151b9e165,"#N/A","#N/A",false,Web,"#N/A","#N/A",Medium,"#N/A",New,Subject_zrjxc,"#N/A","#N/A","#N/A","#N/A","#N/A"
0c02ef77-2917-4021-a3ca-cbbb17a69efa,"#N/A","#N/A",false,Web,"#N/A","#N/A",Medium,"#N/A",New,Subject_noezd,"#N/A","#N/A","#N/A","#N/A","#N/A"
0c03fa1e-837e-489c-87e6-6c67d7bdb8f1,"#N/A","#N/A",false,Web,"#N/A","#N/A",Medium,"#N/A",New,Subject_qumdr,"#N/A","#N/A","#N/A","#N/A","#N/A"
0c06c6e8-254e-4b7c-9b34-c7e52faea3c8,"#N/A","#N/A",false,Web,"#N/A","#N/A",Medium,"#N/A",New,Subject_zttjj,"#N/A","#N/A","#N/A","#N/A","#N/A"
0c08be07-ee28-4da3-8735-edb5fc2b5bb9,"#N/A","#N/A",false,Web,"#N/A","#N/A",Medium,"#N/A",New,Subject_vglbs,"#N/A","#N/A","#N/A","#N/A","#N/A"
0c0a1220-1368-4745-be36-bb3449b6a6a2,"#N/A","#N/A",false,Web,"#N/A","#N/A",Medium,"#N/A",New,Subject_yztxh,"#N/A","#N/A","#N/A","#N/A","#N/A"
0c0c6518-bdee-4a5f-9f54-6eec79ccc46c,"#N/A","#N/A",false,Web,"#N/A","#N/A",Medium,"#N/A",New,Subject_wefgw,"#N/A","#N/A","#N/A","#N/A","#N/A"
0c0df93e-8520-4251-a5d2-5bd796e457cd,"#N/A","#N/A",false,Web,"#N/A","#N/A",Medium,"#N/A",New,Subject_flqvv,"#N/A","#N/A","#N/A","#N/A","#N/A"
0c0e2c22-c87a-43c2-b171-faa2228bdfa3,"#N/A","#N/A",false,Web,"#N/A","#N/A",Medium,"#N/A",New,Subject_zpvqb,"#N/A","#N/A","#N/A","#N/A","#N/A"
0c11bd69-0b97-4f63-9d33-034d976bd2dc,"#N/A","#N/A",false,Web,"#N/A","#N/A",Medium,"#N/A",New,Subject_ovsog,"#N/A","#N/A","#N/A","#N/A","#N/A"
0c12ea71-4e06-481a-996a-5a85d145330b,"#N/A","#N/A",false,Web,"#N/A","#N/A",Medium,"#N/A",New,Subject_riagw,"#N/A","#N/A","#N/A","#N/A","#N/A"
0c14a251-8713-4c3c-a82b-3aca9d94cf82,"#N/A","#N/A",false,Web,"#N/A","#N/A",Medium,"#N/A",New,Subject_emvfp,"#N/A","#N/A","#N/A","#N/A","#N/A"
0c14cadf-de6b-46b3-bcaf-e7093f8de8bc,"#N/A","#N/A",false,Web,"#N/A","#N/A",Medium,"#N/A",New,Subject_wwcvs,"#N/A","#N/A","#N/A","#N/A","#N/A"
0c14fd36-8806-4231-8ffa-5a6b196f0fcc,"#N/A","#N/A",false,Web,"#N/A","#N/A",Medium,"#N/A",New,Subject_ehxqh,"#N/A","#N/A","#N/A","#N/A","#N/A"
0c16f2e8-52f8-4a8b-8615-c21ac96a196d,"#N/A","#N/A",false,Web,"#N/A","#N/A",Medium,"#N/A",New,Subject_ovfxo,"#N/A","#N/A","#N/A","#N/A","#N/A"
0c17f2d3-e988-4d26-9c8f-eac78ede8ae7,"#N/A","#N/A",false,Web,"#N/A","#N/A",Medium,"#N/A",New,Subject_hxjej,"#N/A","#N/A","#N/A","#N/A","#N/A"
0c1a3343-9fa9-4219-87b2-12f11ae259a2,"#N/A","#N/A",false,Web,"#N/A","#N/A",Medium,"#N/A",New,Subject_chodo,"#N/A","#N/A","#N/A","#N/A","#N/A"
0c1a3e6d-0aa2-4fd4-8fdd-3f39c82317c0,"#N/A","#N/A",false,Web,"#N/A","#N/A",Medium,"#N/A",New,Subject_iafls,"#N/A","#N/A","#N/A","#N/A","#N/A"
0c1a7dce-f89b-4f98-94d3-58a08f6ca867,"#N/A","#N/A",false,Web,"#N/A","#N/A",Medium,"#N/A",New,Subject_yofgk,"#N/A","#N/A","#N/A","#N/A","#N/A"
0c1fed7e-59a8-4b75-ab02-b664194d43cf,"#N/A","#N/A",false,Web,"#N/A","#N/A",Medium,"#N/A",New,Subject_lprmo,"#N/A","#N/A","#N/A","#N/A","#N/A"
0c218882-fc74-4e4b-bc42-eb9f42c87054,"#N/A","#N/A",false,Web,"#N/A","#N/A",Medium,"#N/A",New,Subject_cqfep,"#N/A","#N/A","#N/A","#N/A","#N/A"
0c231b8b-79be-4d79-b6d3-daeb48ee58ab,"#N/A","#N/A",false,Web,"#N/A","#N/A",Medium,"#N/A",New,Subject_vzsmo,"#N/A","#N/A","#N/A","#N/A","#N/A"
0c26b218-9b04-4192-8b76-968780327790,"#N/A","#N/A",false,Web,"#N/A","#N/A",Medium,"#N/A",New,Subject_mxnom,"#N/A","#N/A","#N/A","#N/A","#N/A"
0c26f0bd-5e93-48cb-9f1a-94eecaf25327,"#N/A","#N/A",false,Web,"#N/A","#N/A",Medium,"#N/A",New,Subject_bwzmw,"#N/A","#N/A","#N/A","#N/A","#N/A"
0c2720c9-e5cd-45fc-9ee2-4d8f78a077ea,"#N/A","#N/A",false,Web,"#N/A","#N/A",Medium,"#N/A",New,Subject_tqwql,"#N/A","#N/A","#N/A","#N/A","#N/A"
0c28539e-aabc-4867-9e7d-6c46ad2ceec3,"#N/A","#N/A",false,Web,"#N/A","#N/A",Medium,"#N/A",New,Subject_hwzcz,"#N/A","#N/A","#N/A","#N/A","#N/A"
0c2aa229-72de-4d23-bd12-490dfa4e9dcf,"#N/A","#N/A",false,Web,"#N/A","#N/A",Medium,"#N/A",New,Subject_gmvlf,"#N/A","#N/A","#N/A","#N/A","#N/A"
0c2cb7ee-02fc-4560-b8f7-6dbf0e014fb4,"#N/A","#N/A",false,Web,"#N/A","#N/A",Medium,"#N/A",New,Subject_tvtit,"#N/A","#N/A","#N/A","#N/A","#N/A"
0c314a65-0ada-492f-bdcc-adbb60c4ef1f,"#N/A","#N/A",false,Web,"#N/A","#N/A",Medium,"#N/A",New,Subject_jnlpp,"#N/A","#N/A","#N/A","#N/A","#N/A"
0c31f462-0d0a-49b4-af9a-70cb43a276e5,"#N/A","#N/A",false,Web,"#N/A","#N/A",Medium,"#N/A",New,Subject_ytyoz,"#N/A","#N/A","#N/A","#N/A","#N/A"
0c37680e-9dfc-44ac-8b7f-0a613aa4443a,"#N/A","#N/A",false,Web,"#N/A","#N/A",Medium,"#N/A",New,Subject_ltylm,"#N/A","#N/A","#N/A","#N/A","#N/A"
0c3ca7f1-26cb-4b54-8419-98b0d5d28834,"#N/A","#N/A",false,Web,"#N/A","#N/A",Medium,"#N/A",New,Subject_mykhy,"#N/A","#N/A","#N/A","#N/A","#N/A"
0c41adbc-fbb0-461e-8de9-29b322695f7c,"#N/A","#N/A",false,Web,"#N/A","#N/A",Medium,"#N/A",New,Subject_vpdon,"#N/A","#N/A","#N/A","#N/A","#N/A"
0c46d8dd-68bb-4af5-9421-6895a12402d9,"#N/A","#N/A",false,Web,"#N/A","#N/A",Medium,"#N/A",New,Subject_hmhkf,"#N/A","#N/A","#N/A","#N/A","#N/A"
0c47259b-257b-44e6-8d46-98b0685caee3,"#N/A","#N/A",false,Web,"#N/A","#N/A",Medium,"#N/A",New,Subject_eaogy,"#N/A","#N/A","#N/A","#N/A","#N/A"
0c4c0f9e-838a-4866-9cbe-b584d055837d,"#N/A","#N/A",false,Web,"#N/A","#N/A",Medium,"#N/A",New,Subject_pbwsy,"#N/A","#N/A","#N/A","#N/A","#N/A"
0c4ed33f-49e6-4faf-83f7-d9c78884dc5e,"#N/A","#N/A",false,Web,"#N/A","#N/A",Medium,"#N/A",New,Subject_rtcpp,"#N/A","#N/A","#N/A","#N/A","#N/A"
0c54e624-f3a2-4851-9eb1-9a476f76ca85,"#N/A","#N/A",false,Web,"#N/A","#N/A",Medium,"#N/A",New,Subject_guuhi,"#N/A","#N/A","#N/A","#N/A","#N/A"
0c58daf0-9134-4e45-a7a8-821a288f72b2,"#N/A","#N/A",false,Web,"#N/A","#N/A",Medium,"#N/A",New,Subject_jvkhd,"#N/A","#N/A","#N/A","#N/A","#N/A"
0c5b8266-271e-4735-83e3-8237c2b16b3c,"#N/A","#N/A",false,Web,"#N/A","#N/A",Medium,"#N/A",New,Subject_dbhgq,"#N/A","#N/A","#N/A","#N/A","#N/A"
0c5cbbaa-d43f-4ac8-91fe-5ae28feba87b,"#N/A","#N/A",false,Web,"#N/A","#N/A",Medium,"#N/A",New,Subject_jsibc,"#N/A","#N/A","#N/A","#N/A","#N/A"
0c5fb098-94be-4b25-a620-aaff99db821a,"#N/A","#N/A",false,Web,"#N/A","#N/A",Medium,"#N/A",New,Subject_qndnm,"#N/A","#N/A","#N/A","#N/A","#N/A"
0c654fc4-f0c4-4fe4-9dca-4a65e249180d,"#N/A","#N/A",false,Web,"#N/A","#N/A",Medium,"#N/A",New,Subject_xhstr,"#N/A","#N/A","#N/A","#N/A","#N/A"
0c6621d3-8496-43e5-b345-56dd3148781a,"#N/A","#N/A",false,Web,"#N/A","#N/A",Medium,"#N/A",New,Subject_wbvfg,"#N/A","#N/A","#N/A","#N/A","#N/A"
0c6d1a3b-e870-40b2-b153-e2532ec6d088,"#N/A","#N/A",false,Web,"#N/A","#N/A",Medium,"#N/A",New,Subject_hhnsg,"#N/A","#N/A","#N/A","#N/A","#N/A"
0c6e0a77-d222-4d7d-a7cb-4bdb0b1faa79,"#N/A","#N/A",false,Web,"#N/A","#N/A",Medium,"#N/A",New,Subject_neiqj,"#N/A","#N/A","#N/A","#N/A","#N/A"
0c72398c-2105-43d2-b9bf-81040e461a71,"#N/A","#N/A",false,Web,"#N/A","#N/A",Medium,"#N/A",New,Subject_jlaww,"#N/A","#N/A","#N/A","#N/A","#N/A"
0c73d9ee-81bb-4f91-afd6-6acd81361874,"#N/A","#N/A",false,Web,"#N/A","#N/A",Medium,"#N/A",New,Subject_tljpe,"#N/A","#N/A","#N/A","#N/A","#N/A"
0c73efae-cea2-47ed-b50e-0e613d77bd5e,"#N/A","#N/A",false,Web,"#N/A","#N/A",Medium,"#N/A",New,Subject_gglld,"#N/A","#N/A","#N/A","#N/A","#N/A"
0c80e778-5069-48e9-93f0-31757bb1b7ca,"#N/A","#N/A",false,Web,"#N/A","#N/A",Medium,"#N/A",New,Subject_gggmn,"#N/A","#N/A","#N/A","#N/A","#N/A"
0c8a382c-69a1-4e81-b548-be216fa8bc6b,"#N/A","#N/A",false,Web,"#N/A","#N/A",Medium,"#N/A",New,Subject_dywzi,"#N/A","#N/A","#N/A","#N/A","#N/A"
0c8cdc10-8246-4e19-b238-5719821d6cc0,"#N/A","#N/A",false,Web,"#N/A","#N/A",Medium,"#N/A",New,Subject_gygqd,"#N/A","#N/A","#N/A","#N/A","#N/A"
0c8f35e0-c2ce-4392-a2d4-75ef59dd42b6,"#N/A","#N/A",false,Web,"#N/A","#N/A",Medium,"#N/A",New,Subject_vrkzi,"#N/A","#N/A","#N/A","#N/A","#N/A"
0c8f669f-16d4-4f91-8cea-cc179638d01f,"#N/A","#N/A",false,Web,"#N/A","#N/A",Medium,"#N/A",New,Subject_qgxez,"#N/A","#N/A","#N/A","#N/A","#N/A"
0c908eef-d3d1-4684-8826-f93970c6fe7b,"#N/A","#N/A",false,Web,"#N/A","#N/A",Medium,"#N/A",New,Subject_jozme,"#N/A","#N/A","#N/A","#N/A","#N/A"
0c916f44-858b-4354-9ee5-bbe1b7a4e2f7,"#N/A","#N/A",false,Web,"#N/A","#N/A",Medium,"#N/A",New,Subject_cxkrg,"#N/A","#N/A","#N/A","#N/A","#N/A"
0c91713c-320b-47ee-8bf2-9ca73bbefa53,"#N/A","#N/A",false,Web,"#N/A","#N/A",Medium,"#N/A",New,Subject_fmrqk,"#N/A","#N/A","#N/A","#N/A","#N/A"
0c944308-7e04-43c9-b1dd-ac69cd69243e,"#N/A","#N/A",false,Web,"#N/A","#N/A",Medium,"#N/A",New,Subject_uomgp,"#N/A","#N/A","#N/A","#N/A","#N/A"
0c949bde-8277-407a-a9c6-6c354b0f2b7f,"#N/A","#N/A",false,Web,"#N/A","#N/A",Medium,"#N/A",New,Subject_iyvhi,"#N/A","#N/A","#N/A","#N/A","#N/A"
0c96c2fc-8721-4e86-b2bc-46c58b015286,"#N/A","#N/A",false,Web,"#N/A","#N/A",Medium,"#N/A",New,Subject_zffyk,"#N/A","#N/A","#N/A","#N/A","#N/A"
0c97ca33-ac11-42e6-81f6-795af7090a61,"#N/A","#N/A",false,Web,"#N/A","#N/A",Medium,"#N/A",New,Subject_qdwgy,"#N/A","#N/A","#N/A","#N/A","#N/A"
0c9bd115-fae2-4853-ab92-f82a8ad3c4d0,"#N/A","#N/A",false,Web,"#N/A","#N/A",Medium,"#N/A",New,Subject_hbpiu,"#N/A","#N/A","#N/A","#N/A","#N/A"
0c9f84ed-7363-43ae-a705-4026183bce05,"#N/A","#N/A",false,Web,"#N/A","#N/A",Medium,"#N/A",New,Subject_sfmkp,"#N/A","#N/A","#N/A","#N/A","#N/A"
0ca14a13-1844-4e8f-8f73-e54a9f7f98c0,"#N/A","#N/A",false,Web,"#N/A","#N/A",Medium,"#N/A",New,Subject_doeih,"#N/A","#N/A","#N/A","#N/A","#N/A"
0ca1b2c4-9019-45b3-b121-852f34c35eeb,"#N/A","#N/A",false,Web,"#N/A","#N/A",Medium,"#N/A",New,Subject_riohu,"#N/A","#N/A","#N/A","#N/A","#N/A"
0ca51a82-145a-4d56-9571-c27682d7e582,"#N/A","#N/A",false,Web,"#N/A","#N/A",Medium,"#N/A",New,Subject_qptlq,"#N/A","#N/A","#N/A","#N/A","#N/A"
0ca7333a-f8d3-49c7-a986-13b1562c5d3a,"#N/A","#N/A",false,Web,"#N/A","#N/A",Medium,"#N/A",New,Subject_uqywc,"#N/A","#N/A","#N/A","#N/A","#N/A"
0cb718ca-fe9b-45f0-9467-5f0a9b8f0165,"#N/A","#N/A",false,Web,"#N/A","#N/A",Medium,"#N/A",New,Subject_wfxxl,"#N/A","#N/A","#N/A","#N/A","#N/A"
0cb84275-ebce-4f48-b04b-5f64587188ef,"#N/A","#N/A",false,Web,"#N/A","#N/A",Medium,"#N/A",New,Subject_gnpnp,"#N/A","#N/A","#N/A","#N/A","#N/A"
0cbb9c34-2896-470f-9da8-f63218664cca,"#N/A","#N/A",false,Web,"#N/A","#N/A",Medium,"#N/A",New,Subject_kfbse,"#N/A","#N/A","#N/A","#N/A","#N/A"
0cbc4e56-8032-45d7-bc48-2d237530ddf5,"#N/A","#N/A",false,Web,"#N/A","#N/A",Medium,"#N/A",New,Subject_gfebx,"#N/A","#N/A","#N/A","#N/A","#N/A"
0cbf65c7-0353-4ae2-9d11-eb5e4523d513,"#N/A","#N/A",false,Web,"#N/A","#N/A",Medium,"#N/A",New,Subject_cilqg,"#N/A","#N/A","#N/A","#N/A","#N/A"
0cc02a08-be6f-4318-a847-aea30ecc4acb,"#N/A","#N/A",false,Web,"#N/A","#N/A",Medium,"#N/A",New,Subject_ggezn,"#N/A","#N/A","#N/A","#N/A","#N/A"
0cc4540f-45c6-4c7e-8d74-117e38b073bc,"#N/A","#N/A",false,Web,"#N/A","#N/A",Medium,"#N/A",New,Subject_uxnlq,"#N/A","#N/A","#N/A","#N/A","#N/A"
0cc66ec1-ec37-4d10-a23a-a54395798535,"#N/A","#N/A",false,Web,"#N/A","#N/A",Medium,"#N/A",New,Subject_lwqfs,"#N/A","#N/A","#N/A","#N/A","#N/A"
0cc77a55-ff4c-455d-b684-7b3386dd1abd,"#N/A","#N/A",false,Web,"#N/A","#N/A",Medium,"#N/A",New,Subject_edgtj,"#N/A","#N/A","#N/A","#N/A","#N/A"
0cd0a8c3-5819-4a6d-a72a-24b3833f1f83,"#N/A","#N/A",false,Web,"#N/A","#N/A",Medium,"#N/A",New,Subject_mydjw,"#N/A","#N/A","#N/A","#N/A","#N/A"
0cd0c7a2-9afe-42fb-bd57-d8ab0c0f3b57,"#N/A","#N/A",false,Web,"#N/A","#N/A",Medium,"#N/A",New,Subject_ozqrf,"#N/A","#N/A","#N/A","#N/A","#N/A"
0cd125b1-5609-4b4c-9636-d448b54a27dc,"#N/A","#N/A",false,Web,"#N/A","#N/A",Medium,"#N/A",New,Subject_ugjav,"#N/A","#N/A","#N/A","#N/A","#N/A"
0cd30c95-d2e4-4a56-9fc6-5429c705cc72,"#N/A","#N/A",false,Web,"#N/A","#N/A",Medium,"#N/A",New,Subject_dlvar,"#N/A","#N/A","#N/A","#N/A","#N/A"
0cd8ed61-7df7-4c22-bfe3-1cc6cce361e2,"#N/A","#N/A",false,Web,"#N/A","#N/A",Medium,"#N/A",New,Subject_mumze,"#N/A","#N/A","#N/A","#N/A","#N/A"
0cdc5cdf-4f0d-4449-a85f-39c1bd9b259d,"#N/A","#N/A",false,Web,"#N/A","#N/A",Medium,"#N/A",New,Subject_ydaxf,"#N/A","#N/A","#N/A","#N/A","#N/A"
0cde3ae7-79fa-4392-b100-b21a1243c9f6,"#N/A","#N/A",false,Web,"#N/A","#N/A",Medium,"#N/A",New,Subject_ksnic,"#N/A","#N/A","#N/A","#N/A","#N/A"
0ce28fd4-7a8a-4269-9b39-e016c2642cbd,"#N/A","#N/A",false,Web,"#N/A","#N/A",Medium,"#N/A",New,Subject_qgklx,"#N/A","#N/A","#N/A","#N/A","#N/A"
0ce3125e-35cb-4664-b766-ba64358acd50,"#N/A","#N/A",false,Web,"#N/A","#N/A",Medium,"#N/A",New,Subject_ohukj,"#N/A","#N/A","#N/A","#N/A","#N/A"
0ce5eeb2-ab7d-49a6-85e7-2489d6816828,"#N/A","#N/A",false,Web,"#N/A","#N/A",Medium,"#N/A",New,Subject_pnxpv,"#N/A","#N/A","#N/A","#N/A","#N/A"
0cf0ede7-ea46-4c80-9c60-97750326b3c2,"#N/A","#N/A",false,Web,"#N/A","#N/A",Medium,"#N/A",New,Subject_lrsgu,"#N/A","#N/A","#N/A","#N/A","#N/A"
0cf19745-4580-4b85-b815-849902df105c,"#N/A","#N/A",false,Web,"#N/A","#N/A",Medium,"#N/A",New,Subject_scqpr,"#N/A","#N/A","#N/A","#N/A","#N/A"
0cf32e8c-b9fa-48e0-9d55-e73510649c3c,"#N/A","#N/A",false,Web,"#N/A","#N/A",Medium,"#N/A",New,Subject_zfbhw,"#N/A","#N/A","#N/A","#N/A","#N/A"
0cf59d52-539a-4929-92a9-3fbcb646622c,"#N/A","#N/A",false,Web,"#N/A","#N/A",Medium,"#N/A",New,Subject_nnqsc,"#N/A","#N/A","#N/A","#N/A","#N/A"
0cfa6240-114e-4326-86ff-65ca8e7a4544,"#N/A","#N/A",false,Web,"#N/A","#N/A",Medium,"#N/A",New,Subject_weqhz,"#N/A","#N/A","#N/A","#N/A","#N/A"
0cfaf7c0-d342-4708-b4c9-a4edac54fe23,"#N/A","#N/A",false,Web,"#N/A","#N/A",Medium,"#N/A",New,Subject_rlbst,"#N/A","#N/A","#N/A","#N/A","#N/A"
0cfc2562-fdb3-4287-acac-2ac2d2c37476,"#N/A","#N/A",false,Web,"#N/A","#N/A",Medium,"#N/A",New,Subject_vbwtp,"#N/A","#N/A","#N/A","#N/A","#N/A"
0cfc4690-64fe-4781-8228-ddf89930d2ce,"#N/A","#N/A",false,Web,"#N/A","#N/A",Medium,"#N/A",New,Subject_bsgfe,"#N/A","#N/A","#N/A","#N/A","#N/A"
0d01a321-0af5-4d03-a1b0-cbe0cbc27bc9,"#N/A","#N/A",false,Web,"#N/A","#N/A",Medium,"#N/A",New,Subject_shfyt,"#N/A","#N/A","#N/A","#N/A","#N/A"
0d023e94-51dd-482e-92cf-b758a41af4d3,"#N/A","#N/A",false,Web,"#N/A","#N/A",Medium,"#N/A",New,Subject_zjbuv,"#N/A","#N/A","#N/A","#N/A","#N/A"
0d02a621-265c-4298-819d-628366cdc9ca,"#N/A","#N/A",false,Web,"#N/A","#N/A",Medium,"#N/A",New,Subject_opbgv,"#N/A","#N/A","#N/A","#N/A","#N/A"
0d032a16-ce1f-47c1-8672-6d59fa7d93a9,"#N/A","#N/A",false,Web,"#N/A","#N/A",Medium,"#N/A",New,Subject_ntcqr,"#N/A","#N/A","#N/A","#N/A","#N/A"
0d04bf0e-80ba-4f2e-aad3-1f586864a1c1,"#N/A","#N/A",false,Web,"#N/A","#N/A",Medium,"#N/A",New,Subject_lyngb,"#N/A","#N/A","#N/A","#N/A","#N/A"
0d08b9f1-70c9-4b48-a94d-b2b91e11b73c,"#N/A","#N/A",false,Web,"#N/A","#N/A",Medium,"#N/A",New,Subject_omtal,"#N/A","#N/A","#N/A","#N/A","#N/A"
0d0a3ecf-0a98-4544-a958-6aad1b19b952,"#N/A","#N/A",false,Web,"#N/A","#N/A",Medium,"#N/A",New,Subject_sykzb,"#N/A","#N/A","#N/A","#N/A","#N/A"
0d0ad28b-59bd-46f4-82a0-b85d23bb4122,"#N/A","#N/A",false,Web,"#N/A","#N/A",Medium,"#N/A",New,Subject_gdpxo,"#N/A","#N/A","#N/A","#N/A","#N/A"
0d0efeeb-af7b-49ca-9379-a119b21f08a9,"#N/A","#N/A",false,Web,"#N/A","#N/A",Medium,"#N/A",New,Subject_bgcbz,"#N/A","#N/A","#N/A","#N/A","#N/A"
0d0f7af4-0995-438e-ad9f-cfbf7708157a,"#N/A","#N/A",false,Web,"#N/A","#N/A",Medium,"#N/A",New,Subject_ivlck,"#N/A","#N/A","#N/A","#N/A","#N/A"
0d117e09-e8cc-4964-84e4-b8ddc7acc325,"#N/A","#N/A",false,Web,"#N/A","#N/A",Medium,"#N/A",New,Subject_gzbxl,"#N/A","#N/A","#N/A","#N/A","#N/A"
0d11a0d8-c7e5-4514-abea-11df3def0c62,"#N/A","#N/A",false,Web,"#N/A","#N/A",Medium,"#N/A",New,Subject_ltkuz,"#N/A","#N/A","#N/A","#N/A","#N/A"
0d181cf5-3f52-4f68-b00c-89c79aa68037,"#N/A","#N/A",false,Web,"#N/A","#N/A",Medium,"#N/A",New,Subject_lpuzj,"#N/A","#N/A","#N/A","#N/A","#N/A"
0d188be5-03ed-4bc2-b561-6d3b8fdfe80a,"#N/A","#N/A",false,Web,"#N/A","#N/A",Medium,"#N/A",New,Subject_thmtw,"#N/A","#N/A","#N/A","#N/A","#N/A"
0d198682-34c4-40b3-968b-d49d77b13385,"#N/A","#N/A",false,Web,"#N/A","#N/A",Medium,"#N/A",New,Subject_onajw,"#N/A","#N/A","#N/A","#N/A","#N/A"
0d1aeffc-77ec-4cf0-ad91-5e83f2967f4c,"#N/A","#N/A",false,Web,"#N/A","#N/A",Medium,"#N/A",New,Subject_lvsbn,"#N/A","#N/A","#N/A","#N/A","#N/A"
0d1f6fe3-83a7-47bb-9f4b-47684821353d,"#N/A","#N/A",false,Web,"#N/A","#N/A",Medium,"#N/A",New,Subject_ygkbo,"#N/A","#N/A","#N/A","#N/A","#N/A"
0d1f9b98-9d82-4481-9d10-70998dcce272,"#N/A","#N/A",false,Web,"#N/A","#N/A",Medium,"#N/A",New,Subject_utdqu,"#N/A","#N/A","#N/A","#N/A","#N/A"
0d22ac84-bd5b-4aa0-92f6-bb3e71f38138,"#N/A","#N/A",false,Web,"#N/A","#N/A",Medium,"#N/A",New,Subject_kothd,"#N/A","#N/A","#N/A","#N/A","#N/A"
0d236798-332b-4b92-a91d-952951a69f75,"#N/A","#N/A",false,Web,"#N/A","#N/A",Medium,"#N/A",New,Subject_uiqyo,"#N/A","#N/A","#N/A","#N/A","#N/A"
0d26dd8f-976a-4034-9a46-fcf397b24d71,"#N/A","#N/A",false,Web,"#N/A","#N/A",Medium,"#N/A",New,Subject_wjopy,"#N/A","#N/A","#N/A","#N/A","#N/A"
0d286899-e723-4f28-951e-357aa60bacc1,"#N/A","#N/A",false,Web,"#N/A","#N/A",Medium,"#N/A",New,Subject_eapqm,"#N/A","#N/A","#N/A","#N/A","#N/A"
0d2b2236-199f-497a-9ba2-6a87101c1dfd,"#N/A","#N/A",false,Web,"#N/A","#N/A",Medium,"#N/A",New,Subject_uzuif,"#N/A","#N/A","#N/A","#N/A","#N/A"
0d31f779-a9a3-4665-81da-6c468feb5e5a,"#N/A","#N/A",false,Web,"#N/A","#N/A",Medium,"#N/A",New,Subject_tzbvp,"#N/A","#N/A","#N/A","#N/A","#N/A"
0d38f1df-9ded-4b64-a138-990595187f2f,"#N/A","#N/A",false,Web,"#N/A","#N/A",Medium,"#N/A",New,Subject_lsggk,"#N/A","#N/A","#N/A","#N/A","#N/A"
0d3f175b-22ff-4ac1-85fa-25de07b3234b,"#N/A","#N/A",false,Web,"#N/A","#N/A",Medium,"#N/A",New,Subject_expcc,"#N/A","#N/A","#N/A","#N/A","#N/A"
0d418f38-50e8-44d5-84d8-c72563c32c93,"#N/A","#N/A",false,Web,"#N/A","#N/A",Medium,"#N/A",New,Subject_iqfqc,"#N/A","#N/A","#N/A","#N/A","#N/A"
0d4bdb7f-8bda-4680-8a96-09a2161208cc,"#N/A","#N/A",false,Web,"#N/A","#N/A",Medium,"#N/A",New,Subject_wtrkp,"#N/A","#N/A","#N/A","#N/A","#N/A"
0d50d153-bd64-4ac7-964b-7a455ea39e10,"#N/A","#N/A",false,Web,"#N/A","#N/A",Medium,"#N/A",New,Subject_bnutw,"#N/A","#N/A","#N/A","#N/A","#N/A"
0d552378-16e4-4140-ac80-48b5239f55a7,"#N/A","#N/A",false,Web,"#N/A","#N/A",Medium,"#N/A",New,Subject_obphk,"#N/A","#N/A","#N/A","#N/A","#N/A"
0d592ab6-5ebc-4dd5-b261-8aee449b2218,"#N/A","#N/A",false,Web,"#N/A","#N/A",Medium,"#N/A",New,Subject_lwlxt,"#N/A","#N/A","#N/A","#N/A","#N/A"
0d5d6f7f-a58b-4755-9193-75d56941af0c,"#N/A","#N/A",false,Web,"#N/A","#N/A",Medium,"#N/A",New,Subject_ulbcd,"#N/A","#N/A","#N/A","#N/A","#N/A"
0d5ed1c4-0f13-4657-a70d-0030277ac74a,"#N/A","#N/A",false,Web,"#N/A","#N/A",Medium,"#N/A",New,Subject_yxsre,"#N/A","#N/A","#N/A","#N/A","#N/A"
0d611f57-1cca-4284-820d-0f2d722b9614,"#N/A","#N/A",false,Web,"#N/A","#N/A",Medium,"#N/A",New,Subject_eotpu,"#N/A","#N/A","#N/A","#N/A","#N/A"
0d6153aa-df73-444a-979f-f0884f318a12,"#N/A","#N/A",false,Web,"#N/A","#N/A",Medium,"#N/A",New,Subject_fycuz,"#N/A","#N/A","#N/A","#N/A","#N/A"
0d61c14e-5a1a-4b69-ba41-510a451103d1,"#N/A","#N/A",false,Web,"#N/A","#N/A",Medium,"#N/A",New,Subject_fgcbu,"#N/A","#N/A","#N/A","#N/A","#N/A"
0d631b60-234a-45e4-8ffe-5339e97ab7bc,"#N/A","#N/A",false,Web,"#N/A","#N/A",Medium,"#N/A",New,Subject_iyqma,"#N/A","#N/A","#N/A","#N/A","#N/A"
0d63b601-34be-46d0-8dbf-c6ec28c1fdcb,"#N/A","#N/A",false,Web,"#N/A","#N/A",Medium,"#N/A",New,Subject_laafb,"#N/A","#N/A","#N/A","#N/A","#N/A"
0d63ec2f-5750-49a9-b82e-5bcb8b164ec0,"#N/A","#N/A",false,Web,"#N/A","#N/A",Medium,"#N/A",New,Subject_beddq,"#N/A","#N/A","#N/A","#N/A","#N/A"
0d692c87-c9b9-4a35-a8a9-348357f9c7d1,"#N/A","#N/A",false,Web,"#N/A","#N/A",Medium,"#N/A",New,Subject_iymyp,"#N/A","#N/A","#N/A","#N/A","#N/A"
0d6933ce-36a6-44d9-b6aa-38c878152f5f,"#N/A","#N/A",false,Web,"#N/A","#N/A",Medium,"#N/A",New,Subject_kqwyp,"#N/A","#N/A","#N/A","#N/A","#N/A"
0d7401e6-535e-4ef7-a5eb-71ed60565251,"#N/A","#N/A",false,Web,"#N/A","#N/A",Medium,"#N/A",New,Subject_pjdha,"#N/A","#N/A","#N/A","#N/A","#N/A"
0d798e81-d7b7-482f-a548-ee7b28d547e1,"#N/A","#N/A",false,Web,"#N/A","#N/A",Medium,"#N/A",New,Subject_hvucc,"#N/A","#N/A","#N/A","#N/A","#N/A"
0d7a1182-9f1a-4c7d-8a6c-3ad08138c06e,"#N/A","#N/A",false,Web,"#N/A","#N/A",Medium,"#N/A",New,Subject_iieww,"#N/A","#N/A","#N/A","#N/A","#N/A"
0d7b5cc2-e5b9-4ce0-92ea-79d06e056fa0,"#N/A","#N/A",false,Web,"#N/A","#N/A",Medium,"#N/A",New,Subject_ulmhk,"#N/A","#N/A","#N/A","#N/A","#N/A"
0d81a3c3-33e6-4d0a-a57c-fad90f38df64,"#N/A","#N/A",false,Web,"#N/A","#N/A",Medium,"#N/A",New,Subject_jyyiv,"#N/A","#N/A","#N/A","#N/A","#N/A"
0d836d67-025e-4b0b-bf0b-15649c7da73e,"#N/A","#N/A",false,Web,"#N/A","#N/A",Medium,"#N/A",New,Subject_gwtrn,"#N/A","#N/A","#N/A","#N/A","#N/A"
0d83f66a-09de-42bf-8fb0-3cf37d824950,"#N/A","#N/A",false,Web,"#N/A","#N/A",Medium,"#N/A",New,Subject_czqmg,"#N/A","#N/A","#N/A","#N/A","#N/A"
0d86f2a7-85fc-4a81-9b86-401d6c94879e,"#N/A","#N/A",false,Web,"#N/A","#N/A",Medium,"#N/A",New,Subject_oxtta,"#N/A","#N/A","#N/A","#N/A","#N/A"
0d873507-67ad-40a3-bcaa-b816d1cdf2c1,"#N/A","#N/A",false,Web,"#N/A","#N/A",Medium,"#N/A",New,Subject_zcnsq,"#N/A","#N/A","#N/A","#N/A","#N/A"
0d8c8250-9430-4333-9088-69ab6dea5db5,"#N/A","#N/A",false,Web,"#N/A","#N/A",Medium,"#N/A",New,Subject_kjdms,"#N/A","#N/A","#N/A","#N/A","#N/A"
0d903675-1863-4285-8705-e34f50dc2fda,"#N/A","#N/A",false,Web,"#N/A","#N/A",Medium,"#N/A",New,Subject_yrxhr,"#N/A","#N/A","#N/A","#N/A","#N/A"
0d918573-5993-45ea-a417-59527ebfca72,"#N/A","#N/A",false,Web,"#N/A","#N/A",Medium,"#N/A",New,Subject_givtu,"#N/A","#N/A","#N/A","#N/A","#N/A"
0d9255c0-ff63-433b-8857-e9d24c427a1c,"#N/A","#N/A",false,Web,"#N/A","#N/A",Medium,"#N/A",New,Subject_swxyp,"#N/A","#N/A","#N/A","#N/A","#N/A"
0d938dbf-3155-44d0-8907-0aed2416d510,"#N/A","#N/A",false,Web,"#N/A","#N/A",Medium,"#N/A",New,Subject_xryno,"#N/A","#N/A","#N/A","#N/A","#N/A"
0d9f3843-f163-4a88-81d6-c3b16569e8ef,"#N/A","#N/A",false,Web,"#N/A","#N/A",Medium,"#N/A",New,Subject_mavft,"#N/A","#N/A","#N/A","#N/A","#N/A"
0d9fdcff-9bd1-45c2-8221-c3e9b3a4b152,"#N/A","#N/A",false,Web,"#N/A","#N/A",Medium,"#N/A",New,Subject_qfysw,"#N/A","#N/A","#N/A","#N/A","#N/A"
0da0af66-810b-474f-86fd-093f5454fa73,"#N/A","#N/A",false,Web,"#N/A","#N/A",Medium,"#N/A",New,Subject_sacuo,"#N/A","#N/A","#N/A","#N/A","#N/A"
0da1ee14-c5d1-487c-bdb4-93bb30a2f217,"#N/A","#N/A",false,Web,"#N/A","#N/A",Medium,"#N/A",New,Subject_gbeui,"#N/A","#N/A","#N/A","#N/A","#N/A"
0da35a02-e0c2-4d7f-8e26-fd79ed3aafdf,"#N/A","#N/A",false,Web,"#N/A","#N/A",Medium,"#N/A",New,Subject_zbgdz,"#N/A","#N/A","#N/A","#N/A","#N/A"
0da54521-1e9b-4f4c-9092-444290f203cc,"#N/A","#N/A",false,Web,"#N/A","#N/A",Medium,"#N/A",New,Subject_cpfun,"#N/A","#N/A","#N/A","#N/A","#N/A"
0dad5f68-287b-429a-9a05-2c7b66a20b48,"#N/A","#N/A",false,Web,"#N/A","#N/A",Medium,"#N/A",New,Subject_lzmmd,"#N/A","#N/A","#N/A","#N/A","#N/A"
0db3fb60-9188-4bf7-89dc-6d148ae7887e,"#N/A","#N/A",false,Web,"#N/A","#N/A",Medium,"#N/A",New,Subject_qcnig,"#N/A","#N/A","#N/A","#N/A","#N/A"
0db6ddef-236d-42a3-bdc4-b19857fea14d,"#N/A","#N/A",false,Web,"#N/A","#N/A",Medium,"#N/A",New,Subject_nezkq,"#N/A","#N/A","#N/A","#N/A","#N/A"
0dbb447b-e4d8-42c4-90fb-82634009a989,"#N/A","#N/A",false,Web,"#N/A","#N/A",Medium,"#N/A",New,Subject_pmadx,"#N/A","#N/A","#N/A","#N/A","#N/A"
0dbc7a42-9ba8-45d0-a513-8df26d27a42e,"#N/A","#N/A",false,Web,"#N/A","#N/A",Medium,"#N/A",New,Subject_mmacd,"#N/A","#N/A","#N/A","#N/A","#N/A"
0dbf3f0b-d131-4634-8ee7-bd2602843e28,"#N/A","#N/A",false,Web,"#N/A","#N/A",Medium,"#N/A",New,Subject_mmhdi,"#N/A","#N/A","#N/A","#N/A","#N/A"
0dbf6297-c7d3-4aa1-80e0-42ef394886c1,"#N/A","#N/A",false,Web,"#N/A","#N/A",Medium,"#N/A",New,Subject_rezlc,"#N/A","#N/A","#N/A","#N/A","#N/A"
0dc232bd-2e1a-488d-977a-03cf5f52ccd5,"#N/A","#N/A",false,Web,"#N/A","#N/A",Medium,"#N/A",New,Subject_skalz,"#N/A","#N/A","#N/A","#N/A","#N/A"
0dc386e7-c491-4be8-8585-f55bcebd98bb,"#N/A","#N/A",false,Web,"#N/A","#N/A",Medium,"#N/A",New,Subject_juufg,"#N/A","#N/A","#N/A","#N/A","#N/A"
0dc4b23d-c8ad-4221-8b64-cea8c5d4794d,"#N/A","#N/A",false,Web,"#N/A","#N/A",Medium,"#N/A",New,Subject_bjaad,"#N/A","#N/A","#N/A","#N/A","#N/A"
0dc63fd2-1fd3-4a4e-8159-8e9709cf7c0f,"#N/A","#N/A",false,Web,"#N/A","#N/A",Medium,"#N/A",New,Subject_ugfkk,"#N/A","#N/A","#N/A","#N/A","#N/A"
0dcc276d-3672-475c-a50a-251d332c30f6,"#N/A","#N/A",false,Web,"#N/A","#N/A",Medium,"#N/A",New,Subject_chsbs,"#N/A","#N/A","#N/A","#N/A","#N/A"
0dcc747e-c391-4e00-8529-71e6be6f3078,"#N/A","#N/A",false,Web,"#N/A","#N/A",Medium,"#N/A",New,Subject_oecxv,"#N/A","#N/A","#N/A","#N/A","#N/A"
0dcc85a0-fa72-4840-9a8d-af508a75d8d2,"#N/A","#N/A",false,Web,"#N/A","#N/A",Medium,"#N/A",New,Subject_fvdak,"#N/A","#N/A","#N/A","#N/A","#N/A"
0dcd9a5a-5181-4c3d-ab38-3578cbb552c1,"#N/A","#N/A",false,Web,"#N/A","#N/A",Medium,"#N/A",New,Subject_elxws,"#N/A","#N/A","#N/A","#N/A","#N/A"
0dcfa6a1-758a-4a21-a766-2c26c6b27592,"#N/A","#N/A",false,Web,"#N/A","#N/A",Medium,"#N/A",New,Subject_bimbl,"#N/A","#N/A","#N/A","#N/A","#N/A"
0dd03c74-e951-4030-a43c-167bed8c9f44,"#N/A","#N/A",false,Web,"#N/A","#N/A",Medium,"#N/A",New,Subject_posct,"#N/A","#N/A","#N/A","#N/A","#N/A"
0dd8f4f5-cdb7-462b-91e4-781b721fe557,"#N/A","#N/A",false,Web,"#N/A","#N/A",Medium,"#N/A",New,Subject_tudke,"#N/A","#N/A","#N/A","#N/A","#N/A"
0ddc57fc-b60e-4816-b141-68fd53d9b2fa,"#N/A","#N/A",false,Web,"#N/A","#N/A",Medium,"#N/A",New,Subject_aknvp,"#N/A","#N/A","#N/A","#N/A","#N/A"
0ddcd800-8e77-448b-b225-ae4ca62c742a,"#N/A","#N/A",false,Web,"#N/A","#N/A",Medium,"#N/A",New,Subject_jkumi,"#N/A","#N/A","#N/A","#N/A","#N/A"
0de3631a-68e3-4671-8017-75ac45c9612d,"#N/A","#N/A",false,Web,"#N/A","#N/A",Medium,"#N/A",New,Subject_iuqzp,"#N/A","#N/A","#N/A","#N/A","#N/A"
0de59df6-80cd-4b60-8e3c-84e9d646f1b4,"#N/A","#N/A",false,Web,"#N/A","#N/A",Medium,"#N/A",New,Subject_nfuov,"#N/A","#N/A","#N/A","#N/A","#N/A"
0de6013b-43eb-44a2-8fd2-2f953cc9e2c3,"#N/A","#N/A",false,Web,"#N/A","#N/A",Medium,"#N/A",New,Subject_jdsjb,"#N/A","#N/A","#N/A","#N/A","#N/A"
0de68fe1-5860-49de-a740-4fe55ad100ae,"#N/A","#N/A",false,Web,"#N/A","#N/A",Medium,"#N/A",New,Subject_smrmh,"#N/A","#N/A","#N/A","#N/A","#N/A"
0de7717c-8765-41d3-b7e1-d0e388f575b0,"#N/A","#N/A",false,Web,"#N/A","#N/A",Medium,"#N/A",New,Subject_wpnky,"#N/A","#N/A","#N/A","#N/A","#N/A"
0dea20e7-5036-4c13-aa41-724ea5b9ed4f,"#N/A","#N/A",false,Web,"#N/A","#N/A",Medium,"#N/A",New,Subject_ssanw,"#N/A","#N/A","#N/A","#N/A","#N/A"
0deed636-d43c-4160-866f-1df36adbedd3,"#N/A","#N/A",false,Web,"#N/A","#N/A",Medium,"#N/A",New,Subject_mmjps,"#N/A","#N/A","#N/A","#N/A","#N/A"
0def6680-3a1e-40f6-9b69-b0aa15825696,"#N/A","#N/A",false,Web,"#N/A","#N/A",Medium,"#N/A",New,Subject_sfusy,"#N/A","#N/A","#N/A","#N/A","#N/A"
0df04470-11dc-4698-8e2a-9553a7bf7127,"#N/A","#N/A",false,Web,"#N/A","#N/A",Medium,"#N/A",New,Subject_tcxtn,"#N/A","#N/A","#N/A","#N/A","#N/A"
0df6fb2b-c909-4eb4-ba4f-b45d4295fba5,"#N/A","#N/A",false,Web,"#N/A","#N/A",Medium,"#N/A",New,Subject_pycxf,"#N/A","#N/A","#N/A","#N/A","#N/A"
0df8ae10-610c-4c94-a4f3-207f54696f55,"#N/A","#N/A",false,Web,"#N/A","#N/A",Medium,"#N/A",New,Subject_hfqqi,"#N/A","#N/A","#N/A","#N/A","#N/A"
0df96d4f-1d8f-4619-83fb-1b3afdf8cc5a,"#N/A","#N/A",false,Web,"#N/A","#N/A",Medium,"#N/A",New,Subject_eijah,"#N/A","#N/A","#N/A","#N/A","#N/A"
0dffde5d-33f9-4e54-b657-cabb79cc807f,"#N/A","#N/A",false,Web,"#N/A","#N/A",Medium,"#N/A",New,Subject_hjsht,"#N/A","#N/A","#N/A","#N/A","#N/A"
0dffe4ca-d51b-46e8-92d5-20ae1ac3bef4,"#N/A","#N/A",false,Web,"#N/A","#N/A",Medium,"#N/A",New,Subject_uanhb,"#N/A","#N/A","#N/A","#N/A","#N/A"
0e017ba5-2ec2-4f18-8b59-22f67fe864a3,"#N/A","#N/A",false,Web,"#N/A","#N/A",Medium,"#N/A",New,Subject_ubyou,"#N/A","#N/A","#N/A","#N/A","#N/A"
0e026b1d-da6d-48f8-a219-8f2eaff77f39,"#N/A","#N/A",false,Web,"#N/A","#N/A",Medium,"#N/A",New,Subject_ttubu,"#N/A","#N/A","#N/A","#N/A","#N/A"
0e113b2a-1598-4a59-8cff-d223e12aac1a,"#N/A","#N/A",false,Web,"#N/A","#N/A",Medium,"#N/A",New,Subject_qydwr,"#N/A","#N/A","#N/A","#N/A","#N/A"
0e122aab-dea7-4736-a64c-d408d3856181,"#N/A","#N/A",false,Web,"#N/A","#N/A",Medium,"#N/A",New,Subject_onktc,"#N/A","#N/A","#N/A","#N/A","#N/A"
0e169705-e3de-47ba-89d4-5c8974772eea,"#N/A","#N/A",false,Web,"#N/A","#N/A",Medium,"#N/A",New,Subject_dqbga,"#N/A","#N/A","#N/A","#N/A","#N/A"
0e1e6664-eb7a-4185-8e50-806dd577eae9,"#N/A","#N/A",false,Web,"#N/A","#N/A",Medium,"#N/A",New,Subject_sryub,"#N/A","#N/A","#N/A","#N/A","#N/A"
0e2167ee-b572-4a5c-a73c-d84e8957663e,"#N/A","#N/A",false,Web,"#N/A","#N/A",Medium,"#N/A",New,Subject_ihtlc,"#N/A","#N/A","#N/A","#N/A","#N/A"
0e24d8d8-4b5c-4df6-be05-c7552bad674f,"#N/A","#N/A",false,Web,"#N/A","#N/A",Medium,"#N/A",New,Subject_hzwfu,"#N/A","#N/A","#N/A","#N/A","#N/A"
0e29bb23-a6d6-4108-a059-d264eaa0b76f,"#N/A","#N/A",false,Web,"#N/A","#N/A",Medium,"#N/A",New,Subject_ldybn,"#N/A","#N/A","#N/A","#N/A","#N/A"
0e3826a9-e3f2-4dc5-8295-a011bb91edc9,"#N/A","#N/A",false,Web,"#N/A","#N/A",Medium,"#N/A",New,Subject_ftvhh,"#N/A","#N/A","#N/A","#N/A","#N/A"
0e38e5c8-5b2a-418d-8664-74444cf4d050,"#N/A","#N/A",false,Web,"#N/A","#N/A",Medium,"#N/A",New,Subject_ukuji,"#N/A","#N/A","#N/A","#N/A","#N/A"
0e4070a4-53a3-44d0-82e4-1ddf8fffab0c,"#N/A","#N/A",false,Web,"#N/A","#N/A",Medium,"#N/A",New,Subject_mviwq,"#N/A","#N/A","#N/A","#N/A","#N/A"
0e48e17f-4df7-499f-8c63-c2a32614f6cc,"#N/A","#N/A",false,Web,"#N/A","#N/A",Medium,"#N/A",New,Subject_npjlv,"#N/A","#N/A","#N/A","#N/A","#N/A"
0e48fdda-80b5-4baa-9e25-4ca7a41324fa,"#N/A","#N/A",false,Web,"#N/A","#N/A",Medium,"#N/A",New,Subject_mgckh,"#N/A","#N/A","#N/A","#N/A","#N/A"
0e5101f2-2888-439d-98ac-f6ab2feacab3,"#N/A","#N/A",false,Web,"#N/A","#N/A",Medium,"#N/A",New,Subject_jgmob,"#N/A","#N/A","#N/A","#N/A","#N/A"
0e51caa3-be9a-401f-be26-ee88777a5433,"#N/A","#N/A",false,Web,"#N/A","#N/A",Medium,"#N/A",New,Subject_gotpr,"#N/A","#N/A","#N/A","#N/A","#N/A"
0e55d1c7-0cbb-485e-a116-f5cd829d1159,"#N/A","#N/A",false,Web,"#N/A","#N/A",Medium,"#N/A",New,Subject_gbfga,"#N/A","#N/A","#N/A","#N/A","#N/A"
0e5b2a61-71cb-44db-8031-53f75822f540,"#N/A","#N/A",false,Web,"#N/A","#N/A",Medium,"#N/A",New,Subject_rlbvm,"#N/A","#N/A","#N/A","#N/A","#N/A"
0e5e92f1-515a-4647-b80c-50091146c245,"#N/A","#N/A",false,Web,"#N/A","#N/A",Medium,"#N/A",New,Subject_dognq,"#N/A","#N/A","#N/A","#N/A","#N/A"
0e604ff5-a4ff-4a3c-b2d9-3a23bbc7bc0e,"#N/A","#N/A",false,Web,"#N/A","#N/A",Medium,"#N/A",New,Subject_cbetk,"#N/A","#N/A","#N/A","#N/A","#N/A"
0e621c97-fd34-451f-9acb-f0da24d90b1d,"#N/A","#N/A",false,Web,"#N/A","#N/A",Medium,"#N/A",New,Subject_reuyn,"#N/A","#N/A","#N/A","#N/A","#N/A"
0e62e5b2-1c31-44af-a71c-41e965e0146a,"#N/A","#N/A",false,Web,"#N/A","#N/A",Medium,"#N/A",New,Subject_hxjej,"#N/A","#N/A","#N/A","#N/A","#N/A"
0e6443b6-9969-4261-9c17-815057211241,"#N/A","#N/A",false,Web,"#N/A","#N/A",Medium,"#N/A",New,Subject_eoqpt,"#N/A","#N/A","#N/A","#N/A","#N/A"
0e65392c-c28f-4974-8ec0-bc64ea7511e2,"#N/A","#N/A",false,Web,"#N/A","#N/A",Medium,"#N/A",New,Subject_vfjue,"#N/A","#N/A","#N/A","#N/A","#N/A"
0e669b2c-3e2d-4d7e-841d-342190dfc966,"#N/A","#N/A",false,Web,"#N/A","#N/A",Medium,"#N/A",New,Subject_qsgjt,"#N/A","#N/A","#N/A","#N/A","#N/A"
0e671ce2-ca6d-4da5-add6-14d03254df90,"#N/A","#N/A",false,Web,"#N/A","#N/A",Medium,"#N/A",New,Subject_djids,"#N/A","#N/A","#N/A","#N/A","#N/A"
0e67ed9d-888b-4bed-b5c9-53054c0fdd66,"#N/A","#N/A",false,Web,"#N/A","#N/A",Medium,"#N/A",New,Subject_vseck,"#N/A","#N/A","#N/A","#N/A","#N/A"
0e6d2bf9-8184-4411-bb92-74129d308e93,"#N/A","#N/A",false,Web,"#N/A","#N/A",Medium,"#N/A",New,Subject_ijeor,"#N/A","#N/A","#N/A","#N/A","#N/A"
0e6e03bf-8a35-470a-b417-af9875690882,"#N/A","#N/A",false,Web,"#N/A","#N/A",Medium,"#N/A",New,Subject_anosw,"#N/A","#N/A","#N/A","#N/A","#N/A"
0e724911-cd2b-4aa0-857c-caf379ca01f9,"#N/A","#N/A",false,Web,"#N/A","#N/A",Medium,"#N/A",New,Subject_pwlfy,"#N/A","#N/A","#N/A","#N/A","#N/A"
0e75c1bd-3fe5-44fb-aefb-a6a3a5840f75,"#N/A","#N/A",false,Web,"#N/A","#N/A",Medium,"#N/A",New,Subject_qpohm,"#N/A","#N/A","#N/A","#N/A","#N/A"
0e76dc98-b2ca-4126-97e0-b7309a836ee6,"#N/A","#N/A",false,Web,"#N/A","#N/A",Medium,"#N/A",New,Subject_zibhq,"#N/A","#N/A","#N/A","#N/A","#N/A"
0e77eac6-abd7-4482-b982-9188f9e23be7,"#N/A","#N/A",false,Web,"#N/A","#N/A",Medium,"#N/A",New,Subject_cpgld,"#N/A","#N/A","#N/A","#N/A","#N/A"
0e78284e-32e7-4df1-a929-44c27a72bc37,"#N/A","#N/A",false,Web,"#N/A","#N/A",Medium,"#N/A",New,Subject_mrgcm,"#N/A","#N/A","#N/A","#N/A","#N/A"
0e7bb59d-b866-4d53-923f-ad14fc8b39d0,"#N/A","#N/A",false,Web,"#N/A","#N/A",Medium,"#N/A",New,Subject_nfoew,"#N/A","#N/A","#N/A","#N/A","#N/A"
0e7f0f57-5258-44da-9ee9-4d263763b132,"#N/A","#N/A",false,Web,"#N/A","#N/A",Medium,"#N/A",New,Subject_iskzf,"#N/A","#N/A","#N/A","#N/A","#N/A"
0e80ad0d-a4a5-4855-a5b2-88d28226264b,"#N/A","#N/A",false,Web,"#N/A","#N/A",Medium,"#N/A",New,Subject_tiqka,"#N/A","#N/A","#N/A","#N/A","#N/A"
0e888870-5022-41b6-bba0-8f8d9f464aa2,"#N/A","#N/A",false,Web,"#N/A","#N/A",Medium,"#N/A",New,Subject_yphuu,"#N/A","#N/A","#N/A","#N/A","#N/A"
0e8a7005-f854-45f4-a149-b26b0aba1e3c,"#N/A","#N/A",false,Web,"#N/A","#N/A",Medium,"#N/A",New,Subject_pwfch,"#N/A","#N/A","#N/A","#N/A","#N/A"
0e8f0f4f-7340-4c86-9b46-261c906a7b63,"#N/A","#N/A",false,Web,"#N/A","#N/A",Medium,"#N/A",New,Subject_fdvze,"#N/A","#N/A","#N/A","#N/A","#N/A"
0e92b1c7-57bd-43ca-aef2-7496670954d5,"#N/A","#N/A",false,Web,"#N/A","#N/A",Medium,"#N/A",New,Subject_usoli,"#N/A","#N/A","#N/A","#N/A","#N/A"
0e930a0f-9433-4a8d-bd45-de067a82d512,"#N/A","#N/A",false,Web,"#N/A","#N/A",Medium,"#N/A",New,Subject_enwla,"#N/A","#N/A","#N/A","#N/A","#N/A"
0e94ec05-5930-41b2-94e0-778f5e1f8802,"#N/A","#N/A",false,Web,"#N/A","#N/A",Medium,"#N/A",New,Subject_fpmnj,"#N/A","#N/A","#N/A","#N/A","#N/A"
0e95f1e1-1722-46bc-848b-5d2da325b45f,"#N/A","#N/A",false,Web,"#N/A","#N/A",Medium,"#N/A",New,Subject_qudms,"#N/A","#N/A","#N/A","#N/A","#N/A"
0e95ff69-f6c6-4b2d-aac4-2e6a3f08b370,"#N/A","#N/A",false,Web,"#N/A","#N/A",Medium,"#N/A",New,Subject_ebgvo,"#N/A","#N/A","#N/A","#N/A","#N/A"
0e9cb6dd-2aab-45c8-84b2-51bbe6b70822,"#N/A","#N/A",false,Web,"#N/A","#N/A",Medium,"#N/A",New,Subject_dvuzt,"#N/A","#N/A","#N/A","#N/A","#N/A"
0e9cffc6-7907-45aa-9626-1a0b00a3b9e0,"#N/A","#N/A",false,Web,"#N/A","#N/A",Medium,"#N/A",New,Subject_ooact,"#N/A","#N/A","#N/A","#N/A","#N/A"
0e9e1663-6e6d-4f99-9097-4816ddded4e6,"#N/A","#N/A",false,Web,"#N/A","#N/A",Medium,"#N/A",New,Subject_cpwsg,"#N/A","#N/A","#N/A","#N/A","#N/A"
0e9f8672-9b2d-4a16-ac96-7765b15e1380,"#N/A","#N/A",false,Web,"#N/A","#N/A",Medium,"#N/A",New,Subject_cwspu,"#N/A","#N/A","#N/A","#N/A","#N/A"
0eb1f602-380b-494f-8a4b-297bb6455dc0,"#N/A","#N/A",false,Web,"#N/A","#N/A",Medium,"#N/A",New,Subject_uufhr,"#N/A","#N/A","#N/A","#N/A","#N/A"
0eb25b96-b7b6-483c-a85a-ad71b32447f3,"#N/A","#N/A",false,Web,"#N/A","#N/A",Medium,"#N/A",New,Subject_hurcu,"#N/A","#N/A","#N/A","#N/A","#N/A"
0eb30ab0-ff03-4d06-a339-682adf835bd2,"#N/A","#N/A",false,Web,"#N/A","#N/A",Medium,"#N/A",New,Subject_xefcv,"#N/A","#N/A","#N/A","#N/A","#N/A"
0eb4a40e-49a1-47ef-a88d-13d687b330f8,"#N/A","#N/A",false,Web,"#N/A","#N/A",Medium,"#N/A",New,Subject_lfetz,"#N/A","#N/A","#N/A","#N/A","#N/A"
0ebd1e0c-a5ba-4317-9be9-03dc82ee52eb,"#N/A","#N/A",false,Web,"#N/A","#N/A",Medium,"#N/A",New,Subject_gmslk,"#N/A","#N/A","#N/A","#N/A","#N/A"
0ebef247-9415-4014-b918-5398246c0828,"#N/A","#N/A",false,Web,"#N/A","#N/A",Medium,"#N/A",New,Subject_bqplc,"#N/A","#N/A","#N/A","#N/A","#N/A"
0ebf9dc1-98d8-45f7-9ae9-6f6433f5fac7,"#N/A","#N/A",false,Web,"#N/A","#N/A",Medium,"#N/A",New,Subject_iwapk,"#N/A","#N/A","#N/A","#N/A","#N/A"
0ec1d14c-e8b4-4fc1-b35e-303830278962,"#N/A","#N/A",false,Web,"#N/A","#N/A",Medium,"#N/A",New,Subject_bsowx,"#N/A","#N/A","#N/A","#N/A","#N/A"
0ec1f12c-314f-445e-955e-05b943207ae7,"#N/A","#N/A",false,Web,"#N/A","#N/A",Medium,"#N/A",New,Subject_vpnjk,"#N/A","#N/A","#N/A","#N/A","#N/A"
0ec70d9d-1552-468f-a55a-80e2382cfe13,"#N/A","#N/A",false,Web,"#N/A","#N/A",Medium,"#N/A",New,Subject_pmncl,"#N/A","#N/A","#N/A","#N/A","#N/A"
0ec7e3d8-d79c-48c9-9dd9-a27bc4db5e91,"#N/A","#N/A",false,Web,"#N/A","#N/A",Medium,"#N/A",New,Subject_eioba,"#N/A","#N/A","#N/A","#N/A","#N/A"
0ecb05d2-2833-4c03-bcf7-797c2df89461,"#N/A","#N/A",false,Web,"#N/A","#N/A",Medium,"#N/A",New,Subject_dzvzf,"#N/A","#N/A","#N/A","#N/A","#N/A"
0ecc6504-9f11-4d54-ae49-6d84b7d25b2c,"#N/A","#N/A",false,Web,"#N/A","#N/A",Medium,"#N/A",New,Subject_jrhfu,"#N/A","#N/A","#N/A","#N/A","#N/A"
0ecf838f-082c-4666-9c3c-c60f49b110a5,"#N/A","#N/A",false,Web,"#N/A","#N/A",Medium,"#N/A",New,Subject_gkerb,"#N/A","#N/A","#N/A","#N/A","#N/A"
0ed14d2e-d426-4564-80b9-3ec7b381a0d1,"#N/A","#N/A",false,Web,"#N/A","#N/A",Medium,"#N/A",New,Subject_hnxqf,"#N/A","#N/A","#N/A","#N/A","#N/A"
0ed20606-4352-407f-bf4c-503c003f651f,"#N/A","#N/A",false,Web,"#N/A","#N/A",Medium,"#N/A",New,Subject_sekqc,"#N/A","#N/A","#N/A","#N/A","#N/A"
0ed59d10-667b-4000-bd4d-f46cdc938023,"#N/A","#N/A",false,Web,"#N/A","#N/A",Medium,"#N/A",New,Subject_obcql,"#N/A","#N/A","#N/A","#N/A","#N/A"
0ed80451-2b65-45ac-adcc-9c832c2e5cce,"#N/A","#N/A",false,Web,"#N/A","#N/A",Medium,"#N/A",New,Subject_pxxod,"#N/A","#N/A","#N/A","#N/A","#N/A"
0ed8b74c-5f73-4e40-b34e-f20e30d15914,"#N/A","#N/A",false,Web,"#N/A","#N/A",Medium,"#N/A",New,Subject_iidcg,"#N/A","#N/A","#N/A","#N/A","#N/A"
0edb8b30-56cf-427c-8a27-085d1ea0faf3,"#N/A","#N/A",false,Web,"#N/A","#N/A",Medium,"#N/A",New,Subject_drpte,"#N/A","#N/A","#N/A","#N/A","#N/A"
0edee0fa-e37a-4bd6-bbfd-0f5b027dcdb9,"#N/A","#N/A",false,Web,"#N/A","#N/A",Medium,"#N/A",New,Subject_tjakl,"#N/A","#N/A","#N/A","#N/A","#N/A"
0ee09a26-c729-44ce-bd5f-3b8326509864,"#N/A","#N/A",false,Web,"#N/A","#N/A",Medium,"#N/A",New,Subject_ovlbo,"#N/A","#N/A","#N/A","#N/A","#N/A"
0ee29a5b-d54a-4c01-81ac-1a71d2a26923,"#N/A","#N/A",false,Web,"#N/A","#N/A",Medium,"#N/A",New,Subject_ftpcc,"#N/A","#N/A","#N/A","#N/A","#N/A"
0ee37a11-1951-4650-ac62-43f00a6680d6,"#N/A","#N/A",false,Web,"#N/A","#N/A",Medium,"#N/A",New,Subject_vqtgc,"#N/A","#N/A","#N/A","#N/A","#N/A"
0ee3a7b2-c35c-49e8-ae63-3aa8b49d0c7b,"#N/A","#N/A",false,Web,"#N/A","#N/A",Medium,"#N/A",New,Subject_nanoh,"#N/A","#N/A","#N/A","#N/A","#N/A"
0ee6cf60-f5ab-43ef-ba28-3cbfe55db1e3,"#N/A","#N/A",false,Web,"#N/A","#N/A",Medium,"#N/A",New,Subject_eucbl,"#N/A","#N/A","#N/A","#N/A","#N/A"
0ee6e3e7-e1ed-4566-9e05-627f173820d8,"#N/A","#N/A",false,Web,"#N/A","#N/A",Medium,"#N/A",New,Subject_xyidx,"#N/A","#N/A","#N/A","#N/A","#N/A"
0eea927f-915b-4c86-915b-96d86c85f3c7,"#N/A","#N/A",false,Web,"#N/A","#N/A",Medium,"#N/A",New,Subject_jjgcf,"#N/A","#N/A","#N/A","#N/A","#N/A"
0eeb5fe1-2bab-4afd-a749-b9ab2ad1cdf4,"#N/A","#N/A",false,Web,"#N/A","#N/A",Medium,"#N/A",New,Subject_ngclg,"#N/A","#N/A","#N/A","#N/A","#N/A"
0eec6f78-4bb9-4f97-a4f2-bd5460ba4d36,"#N/A","#N/A",false,Web,"#N/A","#N/A",Medium,"#N/A",New,Subject_pufev,"#N/A","#N/A","#N/A","#N/A","#N/A"
0ef3756f-6a3d-40b5-a3f2-54502add1aee,"#N/A","#N/A",false,Web,"#N/A","#N/A",Medium,"#N/A",New,Subject_rqobj,"#N/A","#N/A","#N/A","#N/A","#N/A"
0ef6b876-fd0c-4df6-9797-8918534b795e,"#N/A","#N/A",false,Web,"#N/A","#N/A",Medium,"#N/A",New,Subject_aywvf,"#N/A","#N/A","#N/A","#N/A","#N/A"
0ef9883e-0d9f-4e4f-bd53-a169c874b8e5,"#N/A","#N/A",false,Web,"#N/A","#N/A",Medium,"#N/A",New,Subject_uoiye,"#N/A","#N/A","#N/A","#N/A","#N/A"
0efa4bbc-c461-40b4-9047-8f4de21458fe,"#N/A","#N/A",false,Web,"#N/A","#N/A",Medium,"#N/A",New,Subject_fwlxg,"#N/A","#N/A","#N/A","#N/A","#N/A"
0efb619a-08d3-4997-abb1-a9c49281b0c6,"#N/A","#N/A",false,Web,"#N/A","#N/A",Medium,"#N/A",New,Subject_afowh,"#N/A","#N/A","#N/A","#N/A","#N/A"
0efbc7a8-f716-4e27-9e0c-3a055a639d62,"#N/A","#N/A",false,Web,"#N/A","#N/A",Medium,"#N/A",New,Subject_ndvii,"#N/A","#N/A","#N/A","#N/A","#N/A"
0efd8c08-998a-4dc9-b0b8-ab3d68f526bd,"#N/A","#N/A",false,Web,"#N/A","#N/A",Medium,"#N/A",New,Subject_pearx,"#N/A","#N/A","#N/A","#N/A","#N/A"
0efdb7f1-c891-48d1-9f8e-8daec8e78cfc,"#N/A","#N/A",false,Web,"#N/A","#N/A",Medium,"#N/A",New,Subject_pzfbl,"#N/A","#N/A","#N/A","#N/A","#N/A"
0eff11af-5c2e-458b-8474-799cd0426902,"#N/A","#N/A",false,Web,"#N/A","#N/A",Medium,"#N/A",New,Subject_psbei,"#N/A","#N/A","#N/A","#N/A","#N/A"
0f0045e0-8ad3-4f9c-a8d0-f97a18f464ed,"#N/A","#N/A",false,Web,"#N/A","#N/A",Medium,"#N/A",New,Subject_tvlol,"#N/A","#N/A","#N/A","#N/A","#N/A"
0f0676b4-f45f-4ddb-96dc-162b26ceca87,"#N/A","#N/A",false,Web,"#N/A","#N/A",Medium,"#N/A",New,Subject_bmsrd,"#N/A","#N/A","#N/A","#N/A","#N/A"
0f0718d7-84b2-4726-a187-abbda1b08fbe,"#N/A","#N/A",false,Web,"#N/A","#N/A",Medium,"#N/A",New,Subject_mgbme,"#N/A","#N/A","#N/A","#N/A","#N/A"
0f08083f-a042-4829-b92d-18ea43b93533,"#N/A","#N/A",false,Web,"#N/A","#N/A",Medium,"#N/A",New,Subject_yrtjm,"#N/A","#N/A","#N/A","#N/A","#N/A"
0f088104-7d8c-4ab8-919d-74b3032e3ca1,"#N/A","#N/A",false,Web,"#N/A","#N/A",Medium,"#N/A",New,Subject_ddaqv,"#N/A","#N/A","#N/A","#N/A","#N/A"
0f0a9ff0-389b-48b0-87eb-2c87f4ee80fa,"#N/A","#N/A",false,Web,"#N/A","#N/A",Medium,"#N/A",New,Subject_zkbzq,"#N/A","#N/A","#N/A","#N/A","#N/A"
0f0afab1-67cc-4e78-a5b7-830084d3e409,"#N/A","#N/A",false,Web,"#N/A","#N/A",Medium,"#N/A",New,Subject_ovvya,"#N/A","#N/A","#N/A","#N/A","#N/A"
0f0b67cc-ccfd-4ac3-af19-304863180344,"#N/A","#N/A",false,Web,"#N/A","#N/A",Medium,"#N/A",New,Subject_ozblo,"#N/A","#N/A","#N/A","#N/A","#N/A"
0f0b97be-761c-4eba-b42f-fe604c20eae0,"#N/A","#N/A",false,Web,"#N/A","#N/A",Medium,"#N/A",New,Subject_hfgns,"#N/A","#N/A","#N/A","#N/A","#N/A"
0f139cc9-3338-4695-863e-cc554c9c4ba3,"#N/A","#N/A",false,Web,"#N/A","#N/A",Medium,"#N/A",New,Subject_pjlut,"#N/A","#N/A","#N/A","#N/A","#N/A"
0f1713d7-6236-4409-a11d-2bae928c5d08,"#N/A","#N/A",false,Web,"#N/A","#N/A",Medium,"#N/A",New,Subject_vyqnz,"#N/A","#N/A","#N/A","#N/A","#N/A"
0f1b6671-ba7e-45bc-8cd5-623cb85058b2,"#N/A","#N/A",false,Web,"#N/A","#N/A",Medium,"#N/A",New,Subject_twigf,"#N/A","#N/A","#N/A","#N/A","#N/A"
0f20fa86-f54d-4120-8ec1-c245dad846a6,"#N/A","#N/A",false,Web,"#N/A","#N/A",Medium,"#N/A",New,Subject_cgxin,"#N/A","#N/A","#N/A","#N/A","#N/A"
0f21ae1e-1155-4cec-b78d-56a173615ab2,"#N/A","#N/A",false,Web,"#N/A","#N/A",Medium,"#N/A",New,Subject_tdvui,"#N/A","#N/A","#N/A","#N/A","#N/A"
0f234bb1-9054-4a6e-adf3-d6b8a69a2087,"#N/A","#N/A",false,Web,"#N/A","#N/A",Medium,"#N/A",New,Subject_lymss,"#N/A","#N/A","#N/A","#N/A","#N/A"
0f26c9d4-3834-44da-b6e3-f10373887889,"#N/A","#N/A",false,Web,"#N/A","#N/A",Medium,"#N/A",New,Subject_mprxe,"#N/A","#N/A","#N/A","#N/A","#N/A"
0f26d40b-e628-4f28-9cc9-c78844a4af2a,"#N/A","#N/A",false,Web,"#N/A","#N/A",Medium,"#N/A",New,Subject_kwkdm,"#N/A","#N/A","#N/A","#N/A","#N/A"
0f2765a3-3a3b-473d-89a0-b08741872ba3,"#N/A","#N/A",false,Web,"#N/A","#N/A",Medium,"#N/A",New,Subject_iqgch,"#N/A","#N/A","#N/A","#N/A","#N/A"
0f29337a-68c7-4fc6-90a4-efa29c673f7e,"#N/A","#N/A",false,Web,"#N/A","#N/A",Medium,"#N/A",New,Subject_rrtnx,"#N/A","#N/A","#N/A","#N/A","#N/A"
0f2dbc6a-4c98-49cf-99fa-5ac4dd477b39,"#N/A","#N/A",false,Web,"#N/A","#N/A",Medium,"#N/A",New,Subject_ewsvq,"#N/A","#N/A","#N/A","#N/A","#N/A"
0f2e6afb-fd62-4471-aea8-2fe18cbba810,"#N/A","#N/A",false,Web,"#N/A","#N/A",Medium,"#N/A",New,Subject_ithyw,"#N/A","#N/A","#N/A","#N/A","#N/A"
0f2eceb0-1053-4b7f-9b75-fd01ff1bf021,"#N/A","#N/A",false,Web,"#N/A","#N/A",Medium,"#N/A",New,Subject_briaz,"#N/A","#N/A","#N/A","#N/A","#N/A"
0f356e86-63b7-4941-92bc-d10b220feda7,"#N/A","#N/A",false,Web,"#N/A","#N/A",Medium,"#N/A",New,Subject_kwrjg,"#N/A","#N/A","#N/A","#N/A","#N/A"
0f36e0b6-dfd5-4bbd-abaf-6dfe633401e4,"#N/A","#N/A",false,Web,"#N/A","#N/A",Medium,"#N/A",New,Subject_otdbj,"#N/A","#N/A","#N/A","#N/A","#N/A"
0f373da2-7335-4cd8-b2bc-02a73ebac593,"#N/A","#N/A",false,Web,"#N/A","#N/A",Medium,"#N/A",New,Subject_cokvo,"#N/A","#N/A","#N/A","#N/A","#N/A"
0f39bfe6-4a29-4045-bb89-37504f1fe5de,"#N/A","#N/A",false,Web,"#N/A","#N/A",Medium,"#N/A",New,Subject_rdrxu,"#N/A","#N/A","#N/A","#N/A","#N/A"
0f412745-5f77-49a1-aa4d-8e096ca78b4b,"#N/A","#N/A",false,Web,"#N/A","#N/A",Medium,"#N/A",New,Subject_umsja,"#N/A","#N/A","#N/A","#N/A","#N/A"
0f454eb7-e43f-4ecf-9813-ac8b232a88e2,"#N/A","#N/A",false,Web,"#N/A","#N/A",Medium,"#N/A",New,Subject_uxheg,"#N/A","#N/A","#N/A","#N/A","#N/A"
0f470c1b-00d5-410e-b63f-61bd1b800026,"#N/A","#N/A",false,Web,"#N/A","#N/A",Medium,"#N/A",New,Subject_fdlzy,"#N/A","#N/A","#N/A","#N/A","#N/A"
0f4b479b-dccf-4bd4-a0d0-dc69a58ba860,"#N/A","#N/A",false,Web,"#N/A","#N/A",Medium,"#N/A",New,Subject_alcte,"#N/A","#N/A","#N/A","#N/A","#N/A"
0f4b9fc8-8c39-46be-b494-578458895dc2,"#N/A","#N/A",false,Web,"#N/A","#N/A",Medium,"#N/A",New,Subject_iytne,"#N/A","#N/A","#N/A","#N/A","#N/A"
0f4c751a-5388-473c-863b-826297a1e720,"#N/A","#N/A",false,Web,"#N/A","#N/A",Medium,"#N/A",New,Subject_efqcu,"#N/A","#N/A","#N/A","#N/A","#N/A"
0f4cbe12-f213-4cc1-9366-6630b61d68ed,"#N/A","#N/A",false,Web,"#N/A","#N/A",Medium,"#N/A",New,Subject_xkbir,"#N/A","#N/A","#N/A","#N/A","#N/A"
0f518287-19ed-4ca2-9855-e2697d2e7b9b,"#N/A","#N/A",false,Web,"#N/A","#N/A",Medium,"#N/A",New,Subject_hztgf,"#N/A","#N/A","#N/A","#N/A","#N/A"
0f5b289c-7521-46ac-bdb6-2a89aaa5d6f3,"#N/A","#N/A",false,Web,"#N/A","#N/A",Medium,"#N/A",New,Subject_cdrcy,"#N/A","#N/A","#N/A","#N/A","#N/A"
0f6381a6-bc25-41cb-8f2f-59f3e265b1ff,"#N/A","#N/A",false,Email,"#N/A","#N/A",Medium,"#N/A",New,Test Cases,"#N/A","#N/A","#N/A","#N/A","#N/A"
0f6b2256-932a-484c-b075-b1f39576c820,"#N/A","#N/A",false,Web,"#N/A","#N/A",Medium,"#N/A",New,Subject_lndak,"#N/A","#N/A","#N/A","#N/A","#N/A"
0f6f9b62-c7bf-4d12-adff-8f885eb135ae,"#N/A","#N/A",false,Web,"#N/A","#N/A",Medium,"#N/A",New,Subject_fzczd,"#N/A","#N/A","#N/A","#N/A","#N/A"
0f710b0f-bea8-4760-a24d-cfa81a8c09f3,"#N/A","#N/A",false,Web,"#N/A","#N/A",Medium,"#N/A",New,Subject_pnovq,"#N/A","#N/A","#N/A","#N/A","#N/A"
0f7141dd-11be-4939-b0c3-1a5eb3661c56,"#N/A","#N/A",false,Web,"#N/A","#N/A",Medium,"#N/A",New,Subject_qimrd,"#N/A","#N/A","#N/A","#N/A","#N/A"
0f71d838-3708-491d-bdbf-cfa6a738a5b2,"#N/A","#N/A",false,Web,"#N/A","#N/A",Medium,"#N/A",New,Subject_pkemy,"#N/A","#N/A","#N/A","#N/A","#N/A"
0f72837e-e812-495b-8937-0c53946e05e7,"#N/A","#N/A",false,Web,"#N/A","#N/A",Medium,"#N/A",New,Subject_pgftn,"#N/A","#N/A","#N/A","#N/A","#N/A"
0f7298a8-61e0-45ea-a18b-9c64709b44e9,"#N/A","#N/A",false,Web,"#N/A","#N/A",Medium,"#N/A",New,Subject_aadou,"#N/A","#N/A","#N/A","#N/A","#N/A"
0f737418-6fbf-48c2-8769-e073c3f613d4,"#N/A","#N/A",false,Web,"#N/A","#N/A",Medium,"#N/A",New,Subject_xyjjk,"#N/A","#N/A","#N/A","#N/A","#N/A"
0f79282c-9e66-4c06-b596-4622fb729335,"#N/A","#N/A",false,Web,"#N/A","#N/A",Medium,"#N/A",New,Subject_frmzs,"#N/A","#N/A","#N/A","#N/A","#N/A"
0f7edc42-0999-45df-820f-f40b362e7b59,"#N/A","#N/A",false,Web,"#N/A","#N/A",Medium,"#N/A",New,Subject_fqgum,"#N/A","#N/A","#N/A","#N/A","#N/A"
0f7edc4c-cc8a-46b8-a871-c472aff49973,"#N/A","#N/A",false,Web,"#N/A","#N/A",Medium,"#N/A",New,Subject_ndlep,"#N/A","#N/A","#N/A","#N/A","#N/A"
0f7f897d-a0f7-4b2d-90a7-517c741d09c9,"#N/A","#N/A",false,Web,"#N/A","#N/A",Medium,"#N/A",New,Subject_joejm,"#N/A","#N/A","#N/A","#N/A","#N/A"
0f844c31-d47c-48cb-bb05-63df85e8ebc0,"#N/A","#N/A",false,Web,"#N/A","#N/A",Medium,"#N/A",New,Subject_mhxzi,"#N/A","#N/A","#N/A","#N/A","#N/A"
0f869772-c069-4616-b0cb-70c254b1f5fc,"#N/A","#N/A",false,Web,"#N/A","#N/A",Medium,"#N/A",New,Subject_uswcy,"#N/A","#N/A","#N/A","#N/A","#N/A"
0f8be336-3958-44a8-91b7-ff180465fb67,"#N/A","#N/A",false,Web,"#N/A","#N/A",Medium,"#N/A",New,Subject_venme,"#N/A","#N/A","#N/A","#N/A","#N/A"
0f8dca83-7996-46ce-98dc-70f779b40e6b,"#N/A","#N/A",false,Web,"#N/A","#N/A",Medium,"#N/A",New,Subject_dpwdd,"#N/A","#N/A","#N/A","#N/A","#N/A"
0f9783aa-1e67-4ef5-bf2f-cf754a23b96c,"#N/A","#N/A",false,Web,"#N/A","#N/A",Medium,"#N/A",New,Subject_iqqyu,"#N/A","#N/A","#N/A","#N/A","#N/A"
0f97d264-d3e4-4e33-8ecb-47b8ef445b5b,"#N/A","#N/A",false,Web,"#N/A","#N/A",Medium,"#N/A",New,Subject_fwrgj,"#N/A","#N/A","#N/A","#N/A","#N/A"
0f983881-1a16-450a-afbd-4cf8ed07d34f,"#N/A","#N/A",false,Web,"#N/A","#N/A",Medium,"#N/A",New,Subject_vuvft,"#N/A","#N/A","#N/A","#N/A","#N/A"
0f9c64d4-3a0a-4439-9b06-54c755ad5180,"#N/A","#N/A",false,Web,"#N/A","#N/A",Medium,"#N/A",New,Subject_qkpna,"#N/A","#N/A","#N/A","#N/A","#N/A"
0f9d7088-4a21-4ed0-aeff-be74b05684a8,"#N/A","#N/A",false,Web,"#N/A","#N/A",Medium,"#N/A",New,Subject_tcfev,"#N/A","#N/A","#N/A","#N/A","#N/A"
0fa26982-a106-4cd4-aff7-85c3cc08a059,"#N/A","#N/A",false,Web,"#N/A","#N/A",Medium,"#N/A",New,Subject_wxzzd,"#N/A","#N/A","#N/A","#N/A","#N/A"
0fa85340-0628-430c-bf7e-b4b844a196ce,"#N/A","#N/A",false,Web,"#N/A","#N/A",Medium,"#N/A",New,Subject_lvymy,"#N/A","#N/A","#N/A","#N/A","#N/A"
0fa8d631-f5ba-478b-ba58-9975c35dc296,"#N/A","#N/A",false,Web,"#N/A","#N/A",Medium,"#N/A",New,Subject_tmqjj,"#N/A","#N/A","#N/A","#N/A","#N/A"
0fac21b0-5a0b-49ab-9939-f8dab794b518,"#N/A","#N/A",false,Web,"#N/A","#N/A",Medium,"#N/A",New,Subject_toqsz,"#N/A","#N/A","#N/A","#N/A","#N/A"
0faf8cee-52c6-4a76-90c7-83e4a3fc43be,"#N/A","#N/A",false,Web,"#N/A","#N/A",Medium,"#N/A",New,Subject_kazgm,"#N/A","#N/A","#N/A","#N/A","#N/A"
0fb06f05-108f-48bc-81fb-683d51057842,"#N/A","#N/A",false,Web,"#N/A","#N/A",Medium,"#N/A",New,Subject_fhknt,"#N/A","#N/A","#N/A","#N/A","#N/A"
0fb3152d-c7d1-4994-bf8c-2e103f0ff17e,"#N/A","#N/A",false,Web,"#N/A","#N/A",Medium,"#N/A",New,Subject_degka,"#N/A","#N/A","#N/A","#N/A","#N/A"
0fb53d34-d957-4463-b802-667b377b1d16,"#N/A","#N/A",false,Web,"#N/A","#N/A",Medium,"#N/A",New,Subject_kcfns,"#N/A","#N/A","#N/A","#N/A","#N/A"
0fb5aa80-e208-494b-b4d3-427e04862a24,"#N/A","#N/A",false,Web,"#N/A","#N/A",Medium,"#N/A",New,Subject_avzjj,"#N/A","#N/A","#N/A","#N/A","#N/A"
0fb7dd3e-37b7-4c77-a7e6-1286dccbce27,"#N/A","#N/A",false,Web,"#N/A","#N/A",Medium,"#N/A",New,Subject_vckuk,"#N/A","#N/A","#N/A","#N/A","#N/A"
0fb84d58-9b7b-4b65-866a-e9a1e15f9e58,"#N/A","#N/A",false,Web,"#N/A","#N/A",Medium,"#N/A",New,Subject_esqju,"#N/A","#N/A","#N/A","#N/A","#N/A"
0fb9164d-462d-46b8-be74-3c81710e5171,"#N/A","#N/A",false,Web,"#N/A","#N/A",Medium,"#N/A",New,Subject_nonbr,"#N/A","#N/A","#N/A","#N/A","#N/A"
0fba74bb-ed3a-4f4b-86c3-fe6526e0867b,"#N/A","#N/A",false,Web,"#N/A","#N/A",Medium,"#N/A",New,Subject_xjchx,"#N/A","#N/A","#N/A","#N/A","#N/A"
0fbc989d-26f2-4a92-bb01-b12f2b741228,"#N/A","#N/A",false,Web,"#N/A","#N/A",Medium,"#N/A",New,Subject_euzdr,"#N/A","#N/A","#N/A","#N/A","#N/A"
0fc6b070-9c53-43bd-856f-d54807817c4e,"#N/A","#N/A",false,Web,"#N/A","#N/A",Medium,"#N/A",New,Subject_bpakc,"#N/A","#N/A","#N/A","#N/A","#N/A"
0fc7b8d1-dab6-4f87-936c-ae24d77e18da,"#N/A","#N/A",false,Web,"#N/A","#N/A",Medium,"#N/A",New,Subject_uiwbt,"#N/A","#N/A","#N/A","#N/A","#N/A"
0fc811e9-b416-45a9-aa75-1afc3276eff3,"#N/A","#N/A",false,Web,"#N/A","#N/A",Medium,"#N/A",New,Subject_sdhku,"#N/A","#N/A","#N/A","#N/A","#N/A"
0fc8f7b0-c41a-40ee-a254-05bceb91a3e0,"#N/A","#N/A",false,Web,"#N/A","#N/A",Medium,"#N/A",New,Subject_hvlkl,"#N/A","#N/A","#N/A","#N/A","#N/A"
0fc9bc6b-9d05-44a7-b187-94f0eaa186b6,"#N/A","#N/A",false,Web,"#N/A","#N/A",Medium,"#N/A",New,Subject_mgcla,"#N/A","#N/A","#N/A","#N/A","#N/A"
0fcb68a8-06b9-4dd8-ab27-2bc49a940770,"#N/A","#N/A",false,Web,"#N/A","#N/A",Medium,"#N/A",New,Subject_xvllg,"#N/A","#N/A","#N/A","#N/A","#N/A"
0fcbfbbe-3ab8-4894-a3fc-aa5cf2c0f164,"#N/A","#N/A",false,Web,"#N/A","#N/A",Medium,"#N/A",New,Subject_nqpsf,"#N/A","#N/A","#N/A","#N/A","#N/A"
0fcc103e-cc02-4e8e-9571-1349c7ac1feb,"#N/A","#N/A",false,Web,"#N/A","#N/A",Medium,"#N/A",New,Subject_fyqze,"#N/A","#N/A","#N/A","#N/A","#N/A"
0fcd74e4-9ad4-47dd-9705-7322c6368b75,"#N/A","#N/A",false,Web,"#N/A","#N/A",Medium,"#N/A",New,Subject_ykgbi,"#N/A","#N/A","#N/A","#N/A","#N/A"
0fce82c4-cbed-4a90-96af-0863c74761c6,"#N/A","#N/A",false,Web,"#N/A","#N/A",Medium,"#N/A",New,Subject_awpbo,"#N/A","#N/A","#N/A","#N/A","#N/A"
0fd0bca3-af61-4b01-ac0d-9eb246a01124,"#N/A","#N/A",false,Web,"#N/A","#N/A",Medium,"#N/A",New,Subject_kvsoa,"#N/A","#N/A","#N/A","#N/A","#N/A"
0fda046f-9efb-4d15-993c-5e6fcfebeea7,"#N/A","#N/A",false,Web,"#N/A","#N/A",Medium,"#N/A",New,Subject_gwrhm,"#N/A","#N/A","#N/A","#N/A","#N/A"
0fda6500-9274-4e6b-87d2-54629ed1072c,"#N/A","#N/A",false,Web,"#N/A","#N/A",Medium,"#N/A",New,Subject_iqyfd,"#N/A","#N/A","#N/A","#N/A","#N/A"
0fdac0b2-a7a2-4705-9fda-3f0934482571,"#N/A","#N/A",false,Web,"#N/A","#N/A",Medium,"#N/A",New,Subject_rjhma,"#N/A","#N/A","#N/A","#N/A","#N/A"
0fdb2167-5f9d-42a5-a88f-9f418ef87bd3,"#N/A","#N/A",false,Web,"#N/A","#N/A",Medium,"#N/A",New,Subject_rbchz,"#N/A","#N/A","#N/A","#N/A","#N/A"
0fdc95ef-e9ac-46c4-bc86-2508257ebd47,"#N/A","#N/A",false,Web,"#N/A","#N/A",Medium,"#N/A",New,Subject_jytmh,"#N/A","#N/A","#N/A","#N/A","#N/A"
0fddc29a-91b4-428d-a458-4750886b403c,"#N/A","#N/A",false,Web,"#N/A","#N/A",Medium,"#N/A",New,Subject_bjrke,"#N/A","#N/A","#N/A","#N/A","#N/A"
0fe55e14-fc50-4be4-81dc-6b5dfea988f6,"#N/A","#N/A",false,Web,"#N/A","#N/A",Medium,"#N/A",New,Subject_gqntu,"#N/A","#N/A","#N/A","#N/A","#N/A"
0fe600ee-a4fa-4ebe-b6ff-abc813579306,"#N/A","#N/A",false,Web,"#N/A","#N/A",Medium,"#N/A",New,Subject_yojuz,"#N/A","#N/A","#N/A","#N/A","#N/A"
0fe63561-a62e-4253-a95b-9947d85070b4,"#N/A","#N/A",false,Web,"#N/A","#N/A",Medium,"#N/A",New,Subject_cqjqs,"#N/A","#N/A","#N/A","#N/A","#N/A"
0fee347e-cabc-40fe-8064-16340b6d8781,"#N/A","#N/A",false,Web,"#N/A","#N/A",Medium,"#N/A",New,Subject_yzylp,"#N/A","#N/A","#N/A","#N/A","#N/A"
0fee8dcc-f425-4c5d-afec-43d392ba9b7e,"#N/A","#N/A",false,Web,"#N/A","#N/A",Medium,"#N/A",New,Subject_fnnxi,"#N/A","#N/A","#N/A","#N/A","#N/A"
0fef14f3-36ba-4853-9e99-9479577e6d53,"#N/A","#N/A",false,Web,"#N/A","#N/A",Medium,"#N/A",New,Subject_izgyu,"#N/A","#N/A","#N/A","#N/A","#N/A"
0ff35fa9-777f-4664-90f7-32bb018f9f7f,"#N/A","#N/A",false,Web,"#N/A","#N/A",Medium,"#N/A",New,Subject_uqaym,"#N/A","#N/A","#N/A","#N/A","#N/A"
0ff9750b-5ab0-46bd-9507-74e6a14d8e56,"#N/A","#N/A",false,Web,"#N/A","#N/A",Medium,"#N/A",New,Subject_zrbdh,"#N/A","#N/A","#N/A","#N/A","#N/A"
0ff9fdaa-692c-4758-87cf-9f9fadd49328,"#N/A","#N/A",false,Web,"#N/A","#N/A",Medium,"#N/A",New,Subject_rzkty,"#N/A","#N/A","#N/A","#N/A","#N/A"
0ffe8fb7-2511-4cd2-ae7b-bb6662d15b04,"#N/A","#N/A",false,Web,"#N/A","#N/A",Medium,"#N/A",New,Subject_clnxq,"#N/A","#N/A","#N/A","#N/A","#N/A"
10007c13-98f3-4e36-90b9-5d4661f129af,"#N/A","#N/A",false,Web,"#N/A","#N/A",Medium,"#N/A",New,Subject_qpvwe,"#N/A","#N/A","#N/A","#N/A","#N/A"
10029843-d8bc-45e2-b4ce-9118f90019c2,"#N/A","#N/A",false,Web,"#N/A","#N/A",Medium,"#N/A",New,Subject_wzduq,"#N/A","#N/A","#N/A","#N/A","#N/A"
100bd1f7-f3f4-4b18-afaf-d88c8fe4e740,"#N/A","#N/A",false,Web,"#N/A","#N/A",Medium,"#N/A",New,Subject_sxutm,"#N/A","#N/A","#N/A","#N/A","#N/A"
100bf390-353a-4c28-b101-c414971596d0,"#N/A","#N/A",false,Web,"#N/A","#N/A",Medium,"#N/A",New,Subject_ezstq,"#N/A","#N/A","#N/A","#N/A","#N/A"
100eb860-0259-4bc0-bf70-3de6850ff6f7,"#N/A","#N/A",false,Web,"#N/A","#N/A",Medium,"#N/A",New,Subject_vdxbj,"#N/A","#N/A","#N/A","#N/A","#N/A"
100fc826-3585-4fec-bc41-a646d38dd813,"#N/A","#N/A",false,Web,"#N/A","#N/A",Medium,"#N/A",New,Subject_twaso,"#N/A","#N/A","#N/A","#N/A","#N/A"
1011426c-8a25-4761-baf6-07ea7d819d05,"#N/A","#N/A",false,Web,"#N/A","#N/A",Medium,"#N/A",New,Subject_fhkgt,"#N/A","#N/A","#N/A","#N/A","#N/A"
10118c2d-c62a-47a3-894d-83f3b57a1d1b,"#N/A","#N/A",false,Web,"#N/A","#N/A",Medium,"#N/A",New,Subject_tzbum,"#N/A","#N/A","#N/A","#N/A","#N/A"
1013586a-5283-4ed1-a825-d9994d80399f,"#N/A","#N/A",false,Web,"#N/A","#N/A",Medium,"#N/A",New,Subject_nqoca,"#N/A","#N/A","#N/A","#N/A","#N/A"
1016df04-fdf4-47d3-85b3-75a811bee696,"#N/A","#N/A",false,Web,"#N/A","#N/A",Medium,"#N/A",New,Subject_knvyg,"#N/A","#N/A","#N/A","#N/A","#N/A"
10189dea-834c-408c-921e-f21e18887e47,"#N/A","#N/A",false,Web,"#N/A","#N/A",Medium,"#N/A",New,Subject_vnvxi,"#N/A","#N/A","#N/A","#N/A","#N/A"
102012e6-c9fd-47e8-9cdf-84bd560741a0,"#N/A","#N/A",false,Web,"#N/A","#N/A",Medium,"#N/A",New,Subject_zvwnt,"#N/A","#N/A","#N/A","#N/A","#N/A"
10213507-fff1-45c2-89e1-3219a2cf2403,"#N/A","#N/A",false,Web,"#N/A","#N/A",Medium,"#N/A",New,Subject_dvopf,"#N/A","#N/A","#N/A","#N/A","#N/A"
1024f214-be91-4a2f-a8ec-5ddf2790e240,"#N/A","#N/A",false,Web,"#N/A","#N/A",Medium,"#N/A",New,Subject_azbbs,"#N/A","#N/A","#N/A","#N/A","#N/A"
102ad995-f155-4381-9ff3-2340e9475339,"#N/A","#N/A",false,Web,"#N/A","#N/A",Medium,"#N/A",New,Subject_ngygq,"#N/A","#N/A","#N/A","#N/A","#N/A"
102f68a2-8bcf-4ae4-90c0-09d9027559f6,"#N/A","#N/A",false,Web,"#N/A","#N/A",Medium,"#N/A",New,Subject_gcmuc,"#N/A","#N/A","#N/A","#N/A","#N/A"
102f8037-6286-4a32-bd5c-a556a9e4c213,"#N/A","#N/A",false,Web,"#N/A","#N/A",Medium,"#N/A",New,Subject_bggva,"#N/A","#N/A","#N/A","#N/A","#N/A"
1034f059-abdf-4df2-a787-e55d3a0118b6,"#N/A","#N/A",false,Web,"#N/A","#N/A",Medium,"#N/A",New,Subject_eaweb,"#N/A","#N/A","#N/A","#N/A","#N/A"
10396b38-8b30-4c80-b4a6-5362d2700958,"#N/A","#N/A",false,Web,"#N/A","#N/A",Medium,"#N/A",New,Subject_ztowp,"#N/A","#N/A","#N/A","#N/A","#N/A"
1039b9b1-c838-4d34-b76a-934a365bff48,"#N/A","#N/A",false,Web,"#N/A","#N/A",Medium,"#N/A",New,Subject_hnmib,"#N/A","#N/A","#N/A","#N/A","#N/A"
103b2882-811c-404b-a126-ab8a8a8b9237,"#N/A","#N/A",false,Web,"#N/A","#N/A",Medium,"#N/A",New,Subject_znrbp,"#N/A","#N/A","#N/A","#N/A","#N/A"
103d4887-6142-4493-8e18-3b1434ce7a14,"#N/A","#N/A",false,Web,"#N/A","#N/A",Medium,"#N/A",New,Subject_cbfzn,"#N/A","#N/A","#N/A","#N/A","#N/A"
1040e199-7bb4-45d5-bf1a-8af73919a199,"#N/A","#N/A",false,Web,"#N/A","#N/A",Medium,"#N/A",New,Subject_bvhrl,"#N/A","#N/A","#N/A","#N/A","#N/A"
104163ea-0089-49c4-a09c-e3ff0a055cbc,"#N/A","#N/A",false,Web,"#N/A","#N/A",Medium,"#N/A",New,Subject_qghns,"#N/A","#N/A","#N/A","#N/A","#N/A"
104631cc-2c6c-4132-9d2f-c73630208a6c,"#N/A","#N/A",false,Web,"#N/A","#N/A",Medium,"#N/A",New,Subject_epzwi,"#N/A","#N/A","#N/A","#N/A","#N/A"
10471cff-88ab-4db4-9cc2-f2f7415c3771,"#N/A","#N/A",false,Web,"#N/A","#N/A",Medium,"#N/A",New,Subject_srrmf,"#N/A","#N/A","#N/A","#N/A","#N/A"
104f5ae6-83ce-45aa-ab85-95c716bc241b,"#N/A","#N/A",false,Web,"#N/A","#N/A",Medium,"#N/A",New,Subject_vyufj,"#N/A","#N/A","#N/A","#N/A","#N/A"
10536d4b-cf42-43f4-9135-ec2d7fa2236f,"#N/A","#N/A",false,Web,"#N/A","#N/A",Medium,"#N/A",New,Subject_rgtxy,"#N/A","#N/A","#N/A","#N/A","#N/A"
1054e1ce-1035-4329-9156-99c7c876a76c,"#N/A","#N/A",false,Web,"#N/A","#N/A",Medium,"#N/A",New,Subject_capyr,"#N/A","#N/A","#N/A","#N/A","#N/A"
105c2467-c9da-4d2c-830e-6233c7c81ebf,"#N/A","#N/A",false,Web,"#N/A","#N/A",Medium,"#N/A",New,Subject_lwhda,"#N/A","#N/A","#N/A","#N/A","#N/A"
10604b80-6dbe-4c4e-a45d-287529135be8,"#N/A","#N/A",false,Web,"#N/A","#N/A",Medium,"#N/A",New,Subject_kfmhy,"#N/A","#N/A","#N/A","#N/A","#N/A"
10609978-c8d7-42ce-b9bf-c22f6f0e56e3,"#N/A","#N/A",false,Web,"#N/A","#N/A",Medium,"#N/A",New,Subject_qejkq,"#N/A","#N/A","#N/A","#N/A","#N/A"
1060a399-c5de-4b06-8816-6d7aee7a3a26,"#N/A","#N/A",false,Web,"#N/A","#N/A",Medium,"#N/A",New,Subject_lfbqp,"#N/A","#N/A","#N/A","#N/A","#N/A"
106a21d3-278d-4faa-9c8f-33ec3aa58e9d,"#N/A","#N/A",false,Web,"#N/A","#N/A",Medium,"#N/A",New,Subject_jjfmc,"#N/A","#N/A","#N/A","#N/A","#N/A"
106a31d4-692d-4b6c-b0f8-9dd24aa0c083,"#N/A","#N/A",false,Web,"#N/A","#N/A",Medium,"#N/A",New,Subject_cbmna,"#N/A","#N/A","#N/A","#N/A","#N/A"
106b9685-f478-4908-9465-90b46354ef7f,"#N/A","#N/A",false,Web,"#N/A","#N/A",Medium,"#N/A",New,Subject_wmwus,"#N/A","#N/A","#N/A","#N/A","#N/A"
106cd440-8da9-482a-9227-fa1826c552e6,"#N/A","#N/A",false,Web,"#N/A","#N/A",Medium,"#N/A",New,Subject_jaxvz,"#N/A","#N/A","#N/A","#N/A","#N/A"
106d0f25-7c68-4271-8550-0361a912980f,"#N/A","#N/A",false,Web,"#N/A","#N/A",Medium,"#N/A",New,Subject_lpebc,"#N/A","#N/A","#N/A","#N/A","#N/A"
106e5d5c-81ff-4ff3-a071-e84172f2190f,"#N/A","#N/A",false,Web,"#N/A","#N/A",Medium,"#N/A",New,Subject_qzmbf,"#N/A","#N/A","#N/A","#N/A","#N/A"
106ebd78-02b8-4176-91a8-85f6c373e57d,"#N/A","#N/A",false,Web,"#N/A","#N/A",Medium,"#N/A",New,Subject_zjcqm,"#N/A","#N/A","#N/A","#N/A","#N/A"
106ee26d-6a4f-439d-9172-1ca92c696d4b,"#N/A","#N/A",false,Web,"#N/A","#N/A",Medium,"#N/A",New,Subject_yezpx,"#N/A","#N/A","#N/A","#N/A","#N/A"
1070332f-3487-4476-a0ad-7d11e8cd057e,"#N/A","#N/A",false,Web,"#N/A","#N/A",Medium,"#N/A",New,Subject_feasy,"#N/A","#N/A","#N/A","#N/A","#N/A"
1076e001-b34b-4b78-bcf8-181848a21a5c,"#N/A","#N/A",false,Web,"#N/A","#N/A",Medium,"#N/A",New,Subject_hxtkb,"#N/A","#N/A","#N/A","#N/A","#N/A"
10782bcf-a4e7-4691-ba22-cc7493724dd6,"#N/A","#N/A",false,Web,"#N/A","#N/A",Medium,"#N/A",New,Subject_rwcts,"#N/A","#N/A","#N/A","#N/A","#N/A"
107e5eeb-1555-4d16-95f7-a83219ec06ce,"#N/A","#N/A",false,Web,"#N/A","#N/A",Medium,"#N/A",New,Subject_eopwi,"#N/A","#N/A","#N/A","#N/A","#N/A"
108141f3-85cf-4ad6-a33d-f74d798bce91,"#N/A","#N/A",false,Web,"#N/A","#N/A",Medium,"#N/A",New,Subject_juhev,"#N/A","#N/A","#N/A","#N/A","#N/A"
1082924e-3427-4a84-816d-d678467e4225,"#N/A","#N/A",false,Web,"#N/A","#N/A",Medium,"#N/A",New,Subject_pijtr,"#N/A","#N/A","#N/A","#N/A","#N/A"
1088cf1b-2f0e-4c33-8d4b-271444a18298,"#N/A","#N/A",false,Web,"#N/A","#N/A",Medium,"#N/A",New,Subject_tvhnm,"#N/A","#N/A","#N/A","#N/A","#N/A"
1089be01-71ea-474f-a455-da28c76ac54b,"#N/A","#N/A",false,Web,"#N/A","#N/A",Medium,"#N/A",New,Subject_ahwqe,"#N/A","#N/A","#N/A","#N/A","#N/A"
10973694-ff88-40d2-a5c4-0467233e5ef5,"#N/A","#N/A",false,Web,"#N/A","#N/A",Medium,"#N/A",New,Subject_cqsih,"#N/A","#N/A","#N/A","#N/A","#N/A"
109a0f2e-87db-40c8-9eca-4d8c9d87dfa8,"#N/A","#N/A",false,Web,"#N/A","#N/A",Medium,"#N/A",New,Subject_rynva,"#N/A","#N/A","#N/A","#N/A","#N/A"
109bff78-5641-48f2-8bfb-425c45f7eb58,"#N/A","#N/A",false,Web,"#N/A","#N/A",Medium,"#N/A",New,Subject_ynruq,"#N/A","#N/A","#N/A","#N/A","#N/A"
109eed22-72e4-43ad-b8be-44398c836cfe,"#N/A","#N/A",false,Web,"#N/A","#N/A",Medium,"#N/A",New,Subject_glscd,"#N/A","#N/A","#N/A","#N/A","#N/A"
109ffb80-32d5-4937-bb5a-fc63aa62bf41,"#N/A","#N/A",false,Web,"#N/A","#N/A",Medium,"#N/A",New,Subject_zmmdg,"#N/A","#N/A","#N/A","#N/A","#N/A"
10a243cb-464d-4307-bc34-f0b28c77835e,"#N/A","#N/A",false,Web,"#N/A","#N/A",Medium,"#N/A",New,Subject_wdjal,"#N/A","#N/A","#N/A","#N/A","#N/A"
10a4c8c5-5478-41bf-8622-444af6d7082d,"#N/A","#N/A",false,Web,"#N/A","#N/A",Medium,"#N/A",New,Subject_vngxp,"#N/A","#N/A","#N/A","#N/A","#N/A"
10a84ebe-e8b5-4c3c-b4aa-6ccdc25fabe0,"#N/A","#N/A",false,Web,"#N/A","#N/A",Medium,"#N/A",New,Subject_xzwdo,"#N/A","#N/A","#N/A","#N/A","#N/A"
10a9b267-eff3-47e1-b622-5c53688c59ae,"#N/A","#N/A",false,Web,"#N/A","#N/A",Medium,"#N/A",New,Subject_sotvc,"#N/A","#N/A","#N/A","#N/A","#N/A"
10aacbf6-7837-45a7-ab66-9a171b801705,"#N/A","#N/A",false,Web,"#N/A","#N/A",Medium,"#N/A",New,Subject_pvjcq,"#N/A","#N/A","#N/A","#N/A","#N/A"
10abf72d-8b5d-462b-bad2-2a34ac411d2d,"#N/A","#N/A",false,Web,"#N/A","#N/A",Medium,"#N/A",New,Subject_wzxhd,"#N/A","#N/A","#N/A","#N/A","#N/A"
10b0fd03-bee7-4265-82ee-7fd355b8de23,"#N/A","#N/A",false,Web,"#N/A","#N/A",Medium,"#N/A",New,Subject_rapdi,"#N/A","#N/A","#N/A","#N/A","#N/A"
10b2622b-16e0-40c7-8fa4-c419b4c71d58,"#N/A","#N/A",false,Web,"#N/A","#N/A",Medium,"#N/A",New,Subject_tqfmn,"#N/A","#N/A","#N/A","#N/A","#N/A"
10b3686c-b966-499b-882a-0401b168eb24,"#N/A","#N/A",false,Web,"#N/A","#N/A",Medium,"#N/A",New,Subject_pkatp,"#N/A","#N/A","#N/A","#N/A","#N/A"
10b65cdb-a533-4481-8d52-586eb5e91e2c,"#N/A","#N/A",false,Web,"#N/A","#N/A",Medium,"#N/A",New,Subject_elaqn,"#N/A","#N/A","#N/A","#N/A","#N/A"
10b67f01-f994-4165-98c9-73aee7194606,"#N/A","#N/A",false,Web,"#N/A","#N/A",Medium,"#N/A",New,Subject_gcikj,"#N/A","#N/A","#N/A","#N/A","#N/A"
10ba54f4-e5c2-4d59-9b0e-ea96e6086485,"#N/A","#N/A",false,Web,"#N/A","#N/A",Medium,"#N/A",New,Subject_tjbpz,"#N/A","#N/A","#N/A","#N/A","#N/A"
10ba5bd4-5b02-4e34-8e8a-5fbca9efaa8f,"#N/A","#N/A",false,Web,"#N/A","#N/A",Medium,"#N/A",New,Subject_gejjl,"#N/A","#N/A","#N/A","#N/A","#N/A"
10bc37fe-a3a2-42f5-95e7-f1e1eceeeadf,"#N/A","#N/A",false,Web,"#N/A","#N/A",Medium,"#N/A",New,Subject_mehie,"#N/A","#N/A","#N/A","#N/A","#N/A"
10c0f33c-33b3-48a5-9158-f4689971c743,"#N/A","#N/A",false,Web,"#N/A","#N/A",Medium,"#N/A",New,Subject_cuqfl,"#N/A","#N/A","#N/A","#N/A","#N/A"
10c27ed4-61b3-4879-bec5-b721140775ce,"#N/A","#N/A",false,Web,"#N/A","#N/A",Medium,"#N/A",New,Subject_oclrv,"#N/A","#N/A","#N/A","#N/A","#N/A"
10c311f5-ecc3-4dc3-8bc3-da8836da0651,"#N/A","#N/A",false,Web,"#N/A","#N/A",Medium,"#N/A",New,Subject_jnulc,"#N/A","#N/A","#N/A","#N/A","#N/A"
10c32f32-1316-4698-a56f-ef55e482d137,"#N/A","#N/A",false,Web,"#N/A","#N/A",Medium,"#N/A",New,Subject_wjupb,"#N/A","#N/A","#N/A","#N/A","#N/A"
10c40db9-2542-4ab2-8323-918bbd464e9b,"#N/A","#N/A",false,Web,"#N/A","#N/A",Medium,"#N/A",New,Subject_vjcks,"#N/A","#N/A","#N/A","#N/A","#N/A"
10c60811-dbe7-4a31-90ee-869eee44f5a2,"#N/A","#N/A",false,Web,"#N/A","#N/A",Medium,"#N/A",New,Subject_pkmtj,"#N/A","#N/A","#N/A","#N/A","#N/A"
10c674b4-30f8-4a39-84eb-f14a99230ac3,"#N/A","#N/A",false,Web,"#N/A","#N/A",Medium,"#N/A",New,Subject_vlxdt,"#N/A","#N/A","#N/A","#N/A","#N/A"
10c70f31-806a-4ea1-89d9-165fecb409e9,"#N/A","#N/A",false,Web,"#N/A","#N/A",Medium,"#N/A",New,Subject_fkwmx,"#N/A","#N/A","#N/A","#N/A","#N/A"
10c83420-fd74-4a44-aa88-142e5c94d8ed,"#N/A","#N/A",false,Web,"#N/A","#N/A",Medium,"#N/A",New,Subject_wvzql,"#N/A","#N/A","#N/A","#N/A","#N/A"
10c93dd9-ff6c-4c59-a867-91b7c57a280e,"#N/A","#N/A",false,Web,"#N/A","#N/A",Medium,"#N/A",New,Subject_epkxx,"#N/A","#N/A","#N/A","#N/A","#N/A"
10ce2e7d-f5bf-4418-a359-d59782fb287d,"#N/A","#N/A",false,Web,"#N/A","#N/A",Medium,"#N/A",New,Subject_qdort,"#N/A","#N/A","#N/A","#N/A","#N/A"
10cf4ef4-bcb5-4d2c-9db9-4eddfe327248,"#N/A","#N/A",false,Web,"#N/A","#N/A",Medium,"#N/A",New,Subject_vnvxi,"#N/A","#N/A","#N/A","#N/A","#N/A"
10d225bb-fde4-4cf6-af5e-2a9ec35bf2ba,"#N/A","#N/A",false,Web,"#N/A","#N/A",Medium,"#N/A",New,Subject_nuegr,"#N/A","#N/A","#N/A","#N/A","#N/A"
10d94f96-bacb-4941-88c0-34d7ebbbfaaa,"#N/A","#N/A",false,Web,"#N/A","#N/A",Medium,"#N/A",New,Subject_wsrtb,"#N/A","#N/A","#N/A","#N/A","#N/A"
10dc3c97-1461-44ea-9fde-165f5e87f3c9,"#N/A","#N/A",false,Web,"#N/A","#N/A",Medium,"#N/A",New,Subject_wbihe,"#N/A","#N/A","#N/A","#N/A","#N/A"
10de3eee-6eaa-48aa-b3f2-c1e6c2b29fbe,"#N/A","#N/A",false,Web,"#N/A","#N/A",Medium,"#N/A",New,Subject_iiqsd,"#N/A","#N/A","#N/A","#N/A","#N/A"
10dee04e-2406-4088-ba70-8abf19b86f1e,"#N/A","#N/A",false,Web,"#N/A","#N/A",Medium,"#N/A",New,Subject_lkwbt,"#N/A","#N/A","#N/A","#N/A","#N/A"
10e462b1-09f1-4066-902f-1fd1f356a0bf,"#N/A","#N/A",false,Web,"#N/A","#N/A",Medium,"#N/A",New,Subject_jjsyn,"#N/A","#N/A","#N/A","#N/A","#N/A"
10e5024d-a531-4bbc-83e2-0f7469d204a3,"#N/A","#N/A",false,Web,"#N/A","#N/A",Medium,"#N/A",New,Subject_zjnab,"#N/A","#N/A","#N/A","#N/A","#N/A"
10eb4fa3-a81c-4e88-802c-5bc59d08d3c5,"#N/A","#N/A",false,Web,"#N/A","#N/A",Medium,"#N/A",New,Subject_zxacv,"#N/A","#N/A","#N/A","#N/A","#N/A"
10ec8af7-601e-4eac-9853-c20eedd3f231,"#N/A","#N/A",false,Web,"#N/A","#N/A",Medium,"#N/A",New,Subject_owbkx,"#N/A","#N/A","#N/A","#N/A","#N/A"
10f72974-e4b9-46e8-b727-5e959b400b57,"#N/A","#N/A",false,Web,"#N/A","#N/A",Medium,"#N/A",New,Subject_alkgp,"#N/A","#N/A","#N/A","#N/A","#N/A"
10fa7409-bafe-4ecb-964c-b3d15e6e59ea,"#N/A","#N/A",false,Web,"#N/A","#N/A",Medium,"#N/A",New,Subject_ackff,"#N/A","#N/A","#N/A","#N/A","#N/A"
10faff41-3518-49d8-86b6-2dfbde8041a7,"#N/A","#N/A",false,Web,"#N/A","#N/A",Medium,"#N/A",New,Subject_fexrh,"#N/A","#N/A","#N/A","#N/A","#N/A"
10fc12a9-420b-4d95-b2af-8833c6a8e9f4,"#N/A","#N/A",false,Web,"#N/A","#N/A",Medium,"#N/A",New,Subject_jwzhp,"#N/A","#N/A","#N/A","#N/A","#N/A"
10fd2dac-b972-4483-bf12-d715c453dd74,"#N/A","#N/A",false,Web,"#N/A","#N/A",Medium,"#N/A",New,Subject_nizoj,"#N/A","#N/A","#N/A","#N/A","#N/A"
11014def-0514-4026-9df8-e4398191a723,"#N/A","#N/A",false,Web,"#N/A","#N/A",Medium,"#N/A",New,Subject_uyuxt,"#N/A","#N/A","#N/A","#N/A","#N/A"
1102db65-f528-4331-948b-eb3b1aaef9d2,"#N/A","#N/A",false,Web,"#N/A","#N/A",Medium,"#N/A",New,Subject_emmaq,"#N/A","#N/A","#N/A","#N/A","#N/A"
11066b7e-516b-421c-b549-4d8ddd1a2812,"#N/A","#N/A",false,Web,"#N/A","#N/A",Medium,"#N/A",New,Subject_jpirw,"#N/A","#N/A","#N/A","#N/A","#N/A"
11067b14-186f-49a1-a1b7-dc3381fd5ed3,"#N/A","#N/A",false,Web,"#N/A","#N/A",Medium,"#N/A",New,Subject_czmtq,"#N/A","#N/A","#N/A","#N/A","#N/A"
110af2c0-e2aa-492d-a36c-f7aea873d914,"#N/A","#N/A",false,Web,"#N/A","#N/A",Medium,"#N/A",New,Subject_haqeb,"#N/A","#N/A","#N/A","#N/A","#N/A"
110c0590-5e01-40a3-b147-2048b8aa7298,"#N/A","#N/A",false,Web,"#N/A","#N/A",Medium,"#N/A",New,Subject_zevbd,"#N/A","#N/A","#N/A","#N/A","#N/A"
11106d2c-112a-4f32-9300-b748eca7770d,"#N/A","#N/A",false,Web,"#N/A","#N/A",Medium,"#N/A",New,Subject_vfzqe,"#N/A","#N/A","#N/A","#N/A","#N/A"
111789e2-4e2a-4ff4-b355-33d073f98d4b,"#N/A","#N/A",false,Web,"#N/A","#N/A",Medium,"#N/A",New,Subject_bqtgo,"#N/A","#N/A","#N/A","#N/A","#N/A"
11195991-aec4-4f7d-a8fd-48b491fe0123,"#N/A","#N/A",false,Web,"#N/A","#N/A",Medium,"#N/A",New,Subject_ezbey,"#N/A","#N/A","#N/A","#N/A","#N/A"
1119d59a-2d07-4666-91e5-e69b1fa700e7,"#N/A","#N/A",false,Web,"#N/A","#N/A",Medium,"#N/A",New,Subject_mfxxa,"#N/A","#N/A","#N/A","#N/A","#N/A"
111a27e9-6d5f-4df6-a144-67c038eea41b,"#N/A","#N/A",false,Web,"#N/A","#N/A",Medium,"#N/A",New,Subject_yyqfb,"#N/A","#N/A","#N/A","#N/A","#N/A"
111aa436-ade0-48d7-a3ae-630c096d93c1,"#N/A","#N/A",false,Web,"#N/A","#N/A",Medium,"#N/A",New,Subject_hneqq,"#N/A","#N/A","#N/A","#N/A","#N/A"
111ce779-108a-4e98-b890-d2908a21c9be,"#N/A","#N/A",false,Web,"#N/A","#N/A",Medium,"#N/A",New,Subject_wssly,"#N/A","#N/A","#N/A","#N/A","#N/A"
111d375a-7365-4106-a742-6205c9177087,"#N/A","#N/A",false,Web,"#N/A","#N/A",Medium,"#N/A",New,Subject_qepem,"#N/A","#N/A","#N/A","#N/A","#N/A"
112091e2-addf-43dd-8ddf-d2d3fa7ad519,"#N/A","#N/A",false,Web,"#N/A","#N/A",Medium,"#N/A",New,Subject_zpdle,"#N/A","#N/A","#N/A","#N/A","#N/A"
112146c0-0a3c-4c58-b2a0-94f128cff794,"#N/A","#N/A",false,Web,"#N/A","#N/A",Medium,"#N/A",New,Subject_huzlp,"#N/A","#N/A","#N/A","#N/A","#N/A"
112383e8-39e6-46ed-8818-5d76a1b3243b,"#N/A","#N/A",false,Web,"#N/A","#N/A",Medium,"#N/A",New,Subject_mqpcz,"#N/A","#N/A","#N/A","#N/A","#N/A"
1127c488-b72e-4661-939c-819336db227b,"#N/A","#N/A",false,Web,"#N/A","#N/A",Medium,"#N/A",New,Subject_sodxa,"#N/A","#N/A","#N/A","#N/A","#N/A"
112823f1-eb8b-4fb4-8f43-4602bd7f9ca3,"#N/A","#N/A",false,Web,"#N/A","#N/A",Medium,"#N/A",New,Subject_ouprc,"#N/A","#N/A","#N/A","#N/A","#N/A"
112d0bcc-5f0b-4825-b338-802a2757377c,"#N/A","#N/A",false,Web,"#N/A","#N/A",Medium,"#N/A",New,Subject_zcvfz,"#N/A","#N/A","#N/A","#N/A","#N/A"
112ea2b7-3d67-4d69-8406-c0c125a52cc0,"#N/A","#N/A",false,Web,"#N/A","#N/A",Medium,"#N/A",New,Subject_qapfm,"#N/A","#N/A","#N/A","#N/A","#N/A"
1130162f-a995-4408-9999-94e593f7d3b6,"#N/A","#N/A",false,Web,"#N/A","#N/A",Medium,"#N/A",New,Subject_yodws,"#N/A","#N/A","#N/A","#N/A","#N/A"
1130f50b-8ca6-41c9-9b4a-799f9ed85a2c,"#N/A","#N/A",false,Web,"#N/A","#N/A",Medium,"#N/A",New,Subject_yztkc,"#N/A","#N/A","#N/A","#N/A","#N/A"
1131af67-78bd-415a-ad5a-1d462239ec42,"#N/A","#N/A",false,Web,"#N/A","#N/A",Medium,"#N/A",New,Subject_jhxbw,"#N/A","#N/A","#N/A","#N/A","#N/A"
1135b94c-0006-4901-9efe-5cdef1d5e4d0,"#N/A","#N/A",false,Web,"#N/A","#N/A",Medium,"#N/A",New,Subject_rediu,"#N/A","#N/A","#N/A","#N/A","#N/A"
1136b1de-b7a6-4b50-8ac3-93f526552c56,"#N/A","#N/A",false,Web,"#N/A","#N/A",Medium,"#N/A",New,Subject_ygqrh,"#N/A","#N/A","#N/A","#N/A","#N/A"
1139f94d-bd07-40e5-8746-1fe87741fb49,"#N/A","#N/A",false,Web,"#N/A","#N/A",Medium,"#N/A",New,Subject_eonnt,"#N/A","#N/A","#N/A","#N/A","#N/A"
113d8d65-2597-4f7f-b677-d7aab0094041,"#N/A","#N/A",false,Web,"#N/A","#N/A",Medium,"#N/A",New,Subject_lytld,"#N/A","#N/A","#N/A","#N/A","#N/A"
113f71a4-de50-414d-98c2-492cd2a757cc,"#N/A","#N/A",false,Web,"#N/A","#N/A",Medium,"#N/A",New,Subject_hqyfg,"#N/A","#N/A","#N/A","#N/A","#N/A"
114124ea-012c-469c-a35e-63013abafed6,"#N/A","#N/A",false,Web,"#N/A","#N/A",Medium,"#N/A",New,Subject_nugkw,"#N/A","#N/A","#N/A","#N/A","#N/A"
1141ba4e-6a97-4777-9a52-b73aceecd4e5,"#N/A","#N/A",false,Web,"#N/A","#N/A",Medium,"#N/A",New,Subject_zmvsa,"#N/A","#N/A","#N/A","#N/A","#N/A"
11456b28-c037-4bdf-b47d-49f0bd076ba2,"#N/A","#N/A",false,Web,"#N/A","#N/A",Medium,"#N/A",New,Subject_zjuir,"#N/A","#N/A","#N/A","#N/A","#N/A"
11472573-a252-4d33-ad5b-e36b0416363f,"#N/A","#N/A",false,Web,"#N/A","#N/A",Medium,"#N/A",New,Subject_ghmyo,"#N/A","#N/A","#N/A","#N/A","#N/A"
11474796-cab9-4143-ab2d-02be09d45712,"#N/A","#N/A",false,Web,"#N/A","#N/A",Medium,"#N/A",New,Subject_jklxv,"#N/A","#N/A","#N/A","#N/A","#N/A"
1148d100-090e-4029-b27b-2b95363aea36,"#N/A","#N/A",false,Web,"#N/A","#N/A",Medium,"#N/A",New,Subject_fpoac,"#N/A","#N/A","#N/A","#N/A","#N/A"
114a3242-833a-4b0f-b526-042e050e7e10,"#N/A","#N/A",false,Web,"#N/A","#N/A",Medium,"#N/A",New,Subject_cgdth,"#N/A","#N/A","#N/A","#N/A","#N/A"
114a7c95-5bb1-4091-9da4-4a41c7681201,"#N/A","#N/A",false,Web,"#N/A","#N/A",Medium,"#N/A",New,Subject_ubhrs,"#N/A","#N/A","#N/A","#N/A","#N/A"
114e1eac-eb58-4508-8089-aec4b02bbefb,"#N/A","#N/A",false,Web,"#N/A","#N/A",Medium,"#N/A",New,Subject_fofky,"#N/A","#N/A","#N/A","#N/A","#N/A"
11542651-593b-47c1-bedd-b55b0fa70d25,"#N/A","#N/A",false,Web,"#N/A","#N/A",Medium,"#N/A",New,Subject_opheh,"#N/A","#N/A","#N/A","#N/A","#N/A"
1154fafb-02d0-480e-9842-b3840b652c8b,"#N/A","#N/A",false,Web,"#N/A","#N/A",Medium,"#N/A",New,Subject_pzpmp,"#N/A","#N/A","#N/A","#N/A","#N/A"
11567ba0-b883-4c9d-a16c-29cba3ad31be,"#N/A","#N/A",false,Web,"#N/A","#N/A",Medium,"#N/A",New,Subject_pckto,"#N/A","#N/A","#N/A","#N/A","#N/A"
115a424b-c213-454a-8136-eb0441cc6eb0,"#N/A","#N/A",false,Web,"#N/A","#N/A",Medium,"#N/A",New,Subject_mnjxg,"#N/A","#N/A","#N/A","#N/A","#N/A"
115be6e4-32a1-4c99-a48f-44d51ed178c8,"#N/A","#N/A",false,Web,"#N/A","#N/A",Medium,"#N/A",New,Subject_trtrv,"#N/A","#N/A","#N/A","#N/A","#N/A"
115d3b8f-389c-4668-b626-b6c0fd3447e2,"#N/A","#N/A",false,Web,"#N/A","#N/A",Medium,"#N/A",New,Subject_kmzye,"#N/A","#N/A","#N/A","#N/A","#N/A"
115e1f53-aad6-4d46-be90-f9d2a26b2a1d,"#N/A","#N/A",false,Web,"#N/A","#N/A",Medium,"#N/A",New,Subject_nyljp,"#N/A","#N/A","#N/A","#N/A","#N/A"
115f2765-03b2-46cc-9828-af92107de0b0,"#N/A","#N/A",false,Web,"#N/A","#N/A",Medium,"#N/A",New,Subject_rjbcg,"#N/A","#N/A","#N/A","#N/A","#N/A"
1160843f-8577-4bde-9aeb-b8f3f87aa9a4,"#N/A","#N/A",false,Web,"#N/A","#N/A",Medium,"#N/A",New,Subject_vyscq,"#N/A","#N/A","#N/A","#N/A","#N/A"
1163c16d-c99a-4cc7-b3aa-6042a610f2a6,"#N/A","#N/A",false,Web,"#N/A","#N/A",Medium,"#N/A",New,Subject_vyqnz,"#N/A","#N/A","#N/A","#N/A","#N/A"
11658bcb-c711-4f62-a57b-c9ff1932dc82,"#N/A","#N/A",false,Web,"#N/A","#N/A",Medium,"#N/A",New,Subject_scuay,"#N/A","#N/A","#N/A","#N/A","#N/A"
116829fc-1edb-45fa-8021-faf26bac1b72,"#N/A","#N/A",false,Web,"#N/A","#N/A",Medium,"#N/A",New,Subject_uljhc,"#N/A","#N/A","#N/A","#N/A","#N/A"
116cf568-94dd-45fc-91c8-ac7fc7efa773,"#N/A","#N/A",false,Web,"#N/A","#N/A",Medium,"#N/A",New,Subject_bezzy,"#N/A","#N/A","#N/A","#N/A","#N/A"
116ff9f0-37b9-46de-9d6c-dfff26d9384e,"#N/A","#N/A",false,Web,"#N/A","#N/A",Medium,"#N/A",New,Subject_mbhvu,"#N/A","#N/A","#N/A","#N/A","#N/A"
11700169-f127-47ad-bd36-0537d7cd703e,"#N/A","#N/A",false,Web,"#N/A","#N/A",Medium,"#N/A",New,Subject_xznms,"#N/A","#N/A","#N/A","#N/A","#N/A"
1170895a-c5da-489b-befc-b21481b1df41,"#N/A","#N/A",false,Web,"#N/A","#N/A",Medium,"#N/A",New,Subject_pmgui,"#N/A","#N/A","#N/A","#N/A","#N/A"
11791841-9639-471f-839c-042bbd9438e7,"#N/A","#N/A",false,Web,"#N/A","#N/A",Medium,"#N/A",New,Subject_dhalc,"#N/A","#N/A","#N/A","#N/A","#N/A"
117a9c64-8107-48c6-adbe-211f878018d5,"#N/A","#N/A",false,Web,"#N/A","#N/A",Medium,"#N/A",New,Subject_laogp,"#N/A","#N/A","#N/A","#N/A","#N/A"
117e7e17-fc47-411f-8c36-1539cbf81b40,"#N/A","#N/A",false,Web,"#N/A","#N/A",Medium,"#N/A",New,Subject_towfp,"#N/A","#N/A","#N/A","#N/A","#N/A"
117ec037-ccfb-4d00-b3f6-42d2cdabae86,"#N/A","#N/A",false,Web,"#N/A","#N/A",Medium,"#N/A",New,Subject_tvonk,"#N/A","#N/A","#N/A","#N/A","#N/A"
11847576-71c7-4f3d-b24e-e03f6545d57d,"#N/A","#N/A",false,Web,"#N/A","#N/A",Medium,"#N/A",New,Subject_qrqly,"#N/A","#N/A","#N/A","#N/A","#N/A"
11862dca-6484-49ea-9455-b6ec06757ffc,"#N/A","#N/A",false,Web,"#N/A","#N/A",Medium,"#N/A",New,Subject_stswu,"#N/A","#N/A","#N/A","#N/A","#N/A"
11875520-40e6-4588-b5d8-fb2d05943ed4,"#N/A","#N/A",false,Web,"#N/A","#N/A",Medium,"#N/A",New,Subject_gcbpk,"#N/A","#N/A","#N/A","#N/A","#N/A"
1187a854-6e17-4a22-b54d-d119bd890195,"#N/A","#N/A",false,Web,"#N/A","#N/A",Medium,"#N/A",New,Subject_xetdb,"#N/A","#N/A","#N/A","#N/A","#N/A"
11914bc1-7d8d-4a79-9bec-f550d5e0e7cc,"#N/A","#N/A",false,Web,"#N/A","#N/A",Medium,"#N/A",New,Subject_jfckx,"#N/A","#N/A","#N/A","#N/A","#N/A"
1192f330-5db2-48f0-be99-c96a9e9286f2,"#N/A","#N/A",false,Web,"#N/A","#N/A",Medium,"#N/A",New,Subject_cvtpm,"#N/A","#N/A","#N/A","#N/A","#N/A"
11967cf3-736d-4083-a972-75d933c17327,"#N/A","#N/A",false,Web,"#N/A","#N/A",Medium,"#N/A",New,Subject_eyzid,"#N/A","#N/A","#N/A","#N/A","#N/A"
11990fba-954b-4ea5-aa28-6e2281cb44a6,"#N/A","#N/A",false,Web,"#N/A","#N/A",Medium,"#N/A",New,Subject_kepeb,"#N/A","#N/A","#N/A","#N/A","#N/A"
119e2580-e813-4fc6-a72b-0e4cbdc177e4,"#N/A","#N/A",false,Web,"#N/A","#N/A",Medium,"#N/A",New,Subject_yprgw,"#N/A","#N/A","#N/A","#N/A","#N/A"
11a0fa17-c3eb-4d91-accb-cc7afe3a2b18,"#N/A","#N/A",false,Web,"#N/A","#N/A",Medium,"#N/A",New,Subject_jkahr,"#N/A","#N/A","#N/A","#N/A","#N/A"
11a19a73-0173-443a-9386-4735e8bbf96f,"#N/A","#N/A",false,Web,"#N/A","#N/A",Medium,"#N/A",New,Subject_nmbad,"#N/A","#N/A","#N/A","#N/A","#N/A"
11a1fa2f-42ed-472f-a622-de2608c0c323,"#N/A","#N/A",false,Web,"#N/A","#N/A",Medium,"#N/A",New,Subject_gayjq,"#N/A","#N/A","#N/A","#N/A","#N/A"
11a219cc-a26c-41e5-a0a7-bc9775520d05,"#N/A","#N/A",false,Web,"#N/A","#N/A",Medium,"#N/A",New,Subject_fgcbu,"#N/A","#N/A","#N/A","#N/A","#N/A"
11a2748a-c661-4c05-992b-3b1dec9a4c79,"#N/A","#N/A",false,Web,"#N/A","#N/A",Medium,"#N/A",New,Subject_wgnph,"#N/A","#N/A","#N/A","#N/A","#N/A"
11a30623-0caa-4723-b0dc-b011e8d8f422,"#N/A","#N/A",false,Web,"#N/A","#N/A",Medium,"#N/A",New,Subject_hysuw,"#N/A","#N/A","#N/A","#N/A","#N/A"
11a977a7-a2d9-4a11-a73e-cd832e62bf0e,"#N/A","#N/A",false,Web,"#N/A","#N/A",Medium,"#N/A",New,Subject_nrdjc,"#N/A","#N/A","#N/A","#N/A","#N/A"
11ae9e25-fb05-4e46-8b7c-f3a58626be6a,"#N/A","#N/A",false,Web,"#N/A","#N/A",Medium,"#N/A",New,Subject_fuqyd,"#N/A","#N/A","#N/A","#N/A","#N/A"
11af57fb-6e7c-429b-a193-e364d321c8d4,"#N/A","#N/A",false,Web,"#N/A","#N/A",Medium,"#N/A",New,Subject_oufoe,"#N/A","#N/A","#N/A","#N/A","#N/A"
11b60593-5487-4799-b60c-a2d809c849fb,"#N/A","#N/A",false,Web,"#N/A","#N/A",Medium,"#N/A",New,Subject_znydk,"#N/A","#N/A","#N/A","#N/A","#N/A"
11b998ad-8045-44e6-87b2-40795e0304e5,"#N/A","#N/A",false,Web,"#N/A","#N/A",Medium,"#N/A",New,Subject_wsstz,"#N/A","#N/A","#N/A","#N/A","#N/A"
11bf738f-6ff4-4b92-a707-7e13420e48f7,"#N/A","#N/A",false,Web,"#N/A","#N/A",Medium,"#N/A",New,Subject_ugvdl,"#N/A","#N/A","#N/A","#N/A","#N/A"
11c36911-2f8a-472f-9653-581b21f1fc32,"#N/A","#N/A",false,Web,"#N/A","#N/A",Medium,"#N/A",New,Subject_lbphz,"#N/A","#N/A","#N/A","#N/A","#N/A"
11c80080-580d-4c5b-8bdc-8e957fe9855f,"#N/A","#N/A",false,Web,"#N/A","#N/A",Medium,"#N/A",New,Subject_xoyoj,"#N/A","#N/A","#N/A","#N/A","#N/A"
11c9720e-e70e-4918-988d-a2096118d48f,"#N/A","#N/A",false,Web,"#N/A","#N/A",Medium,"#N/A",New,Subject_xflxd,"#N/A","#N/A","#N/A","#N/A","#N/A"
11c9a55b-12a1-481a-8047-7dc759f36470,"#N/A","#N/A",false,Web,"#N/A","#N/A",Medium,"#N/A",New,Subject_hesmn,"#N/A","#N/A","#N/A","#N/A","#N/A"
11cb26a8-5e8c-4cbb-a987-f7a245bedc1f,"#N/A","#N/A",false,Web,"#N/A","#N/A",Medium,"#N/A",New,Subject_xvywa,"#N/A","#N/A","#N/A","#N/A","#N/A"
11cb4307-d867-4d09-973a-f5906b45616f,"#N/A","#N/A",false,Web,"#N/A","#N/A",Medium,"#N/A",New,Subject_tbcje,"#N/A","#N/A","#N/A","#N/A","#N/A"
11d1d07b-f216-49b0-bc8e-eb5b20a1512b,"#N/A","#N/A",false,Web,"#N/A","#N/A",Medium,"#N/A",New,Subject_jgsyu,"#N/A","#N/A","#N/A","#N/A","#N/A"
11d65528-b13a-42b5-930b-062a0fb8559d,"#N/A","#N/A",false,Web,"#N/A","#N/A",Medium,"#N/A",New,Subject_ueyic,"#N/A","#N/A","#N/A","#N/A","#N/A"
11d89508-76d0-4bcb-b867-b232c440d8c5,"#N/A","#N/A",false,Web,"#N/A","#N/A",Medium,"#N/A",New,Subject_hrxzw,"#N/A","#N/A","#N/A","#N/A","#N/A"
11d8b6d6-b2b0-4241-97d6-283ee1e8ff32,"#N/A","#N/A",false,Web,"#N/A","#N/A",Medium,"#N/A",New,Subject_bzbhr,"#N/A","#N/A","#N/A","#N/A","#N/A"
11ded9c6-1cca-4d0b-8eda-3cd9b284c6e1,"#N/A","#N/A",false,Web,"#N/A","#N/A",Medium,"#N/A",New,Subject_qjjqe,"#N/A","#N/A","#N/A","#N/A","#N/A"
11e3048c-6faa-4140-9f2d-da6cf8c6bd65,"#N/A","#N/A",false,Web,"#N/A","#N/A",Medium,"#N/A",New,Subject_nrxxl,"#N/A","#N/A","#N/A","#N/A","#N/A"
11e3bae5-3b7d-4c21-bd73-39df1dcbdbb2,"#N/A","#N/A",false,Web,"#N/A","#N/A",Medium,"#N/A",New,Subject_sitkp,"#N/A","#N/A","#N/A","#N/A","#N/A"
11e4e4e1-f1e3-439f-839f-e93d3a285033,"#N/A","#N/A",false,Web,"#N/A","#N/A",Medium,"#N/A",New,Subject_fipkx,"#N/A","#N/A","#N/A","#N/A","#N/A"
11e78dda-8b7f-4dec-87d6-536562e69381,"#N/A","#N/A",false,Web,"#N/A","#N/A",Medium,"#N/A",New,Subject_edbhi,"#N/A","#N/A","#N/A","#N/A","#N/A"
11ead7b9-8e19-44db-a342-f3097786bde4,"#N/A","#N/A",false,Web,"#N/A","#N/A",Medium,"#N/A",New,Subject_gmwxu,"#N/A","#N/A","#N/A","#N/A","#N/A"
11eafae7-f871-41d9-bf1e-543dca06210e,"#N/A","#N/A",false,Web,"#N/A","#N/A",Medium,"#N/A",New,Subject_vwlpm,"#N/A","#N/A","#N/A","#N/A","#N/A"
11f0a53c-ce86-4f75-962d-d7b60c583df5,"#N/A","#N/A",false,Web,"#N/A","#N/A",Medium,"#N/A",New,Subject_ohcuo,"#N/A","#N/A","#N/A","#N/A","#N/A"
11f3814f-1988-4753-999f-6080b4f01f42,"#N/A","#N/A",false,Web,"#N/A","#N/A",Medium,"#N/A",New,Subject_fmwoz,"#N/A","#N/A","#N/A","#N/A","#N/A"
11f6ea2f-bca8-4a1b-a3c6-76bb70596ab3,"#N/A","#N/A",false,Web,"#N/A","#N/A",Medium,"#N/A",New,Subject_wwjvi,"#N/A","#N/A","#N/A","#N/A","#N/A"
11f7374f-9c15-473c-9d19-2a86466dec5c,"#N/A","#N/A",false,Web,"#N/A","#N/A",Medium,"#N/A",New,Subject_ckdae,"#N/A","#N/A","#N/A","#N/A","#N/A"
11f7d048-4606-4430-8312-2591fd6208ae,"#N/A","#N/A",false,Web,"#N/A","#N/A",Medium,"#N/A",New,Subject_sqvzc,"#N/A","#N/A","#N/A","#N/A","#N/A"
11fe3d42-f434-4a78-a96c-b321ee8917be,"#N/A","#N/A",false,Web,"#N/A","#N/A",Medium,"#N/A",New,Subject_dmuvt,"#N/A","#N/A","#N/A","#N/A","#N/A"
1200790c-6975-44e7-a092-f13f597cdefe,"#N/A","#N/A",false,Web,"#N/A","#N/A",Medium,"#N/A",New,Subject_hhcxd,"#N/A","#N/A","#N/A","#N/A","#N/A"
12021cb6-9787-490c-830d-ef2ec06a9ba6,"#N/A","#N/A",false,Web,"#N/A","#N/A",Medium,"#N/A",New,Subject_psrkw,"#N/A","#N/A","#N/A","#N/A","#N/A"
120408b6-14fe-487b-9179-f8a50f87710b,"#N/A","#N/A",false,Web,"#N/A","#N/A",Medium,"#N/A",New,Subject_eezvd,"#N/A","#N/A","#N/A","#N/A","#N/A"
12046f6a-1842-47dc-a7ff-771fd165850a,"#N/A","#N/A",false,Web,"#N/A","#N/A",Medium,"#N/A",New,Subject_jpkuj,"#N/A","#N/A","#N/A","#N/A","#N/A"
1204eb56-ba5b-4249-a0f5-730973d95e09,"#N/A","#N/A",false,Web,"#N/A","#N/A",Medium,"#N/A",New,Subject_ehfwf,"#N/A","#N/A","#N/A","#N/A","#N/A"
12055edf-8923-45c1-93fd-b2728dc4a0ab,"#N/A","#N/A",false,Web,"#N/A","#N/A",Medium,"#N/A",New,Subject_wgcuf,"#N/A","#N/A","#N/A","#N/A","#N/A"
1206951e-1be4-4628-a858-06f4837812af,"#N/A","#N/A",false,Web,"#N/A","#N/A",Medium,"#N/A",New,Subject_mpuhg,"#N/A","#N/A","#N/A","#N/A","#N/A"
12069726-77ae-46b7-9159-548786a3bfaf,"#N/A","#N/A",false,Web,"#N/A","#N/A",Medium,"#N/A",New,Subject_xuzzb,"#N/A","#N/A","#N/A","#N/A","#N/A"
12077464-6811-417c-b801-7ba5bb44a50b,"#N/A","#N/A",false,Web,"#N/A","#N/A",Medium,"#N/A",New,Subject_zaldn,"#N/A","#N/A","#N/A","#N/A","#N/A"
12089d95-82ab-461e-ba65-652cb9801063,"#N/A","#N/A",false,Web,"#N/A","#N/A",Medium,"#N/A",New,Subject_hcvuz,"#N/A","#N/A","#N/A","#N/A","#N/A"
120a32c9-a0e2-460b-82cb-3ed1048de86c,"#N/A","#N/A",false,Web,"#N/A","#N/A",Medium,"#N/A",New,Subject_inkjq,"#N/A","#N/A","#N/A","#N/A","#N/A"
120b81b2-ce07-451c-8b62-e7a1a2f64091,"#N/A","#N/A",false,Web,"#N/A","#N/A",Medium,"#N/A",New,Subject_gedzt,"#N/A","#N/A","#N/A","#N/A","#N/A"
120cd6d6-053c-4f27-a97a-1ab09986494b,"#N/A","#N/A",false,Web,"#N/A","#N/A",Medium,"#N/A",New,Subject_mtgph,"#N/A","#N/A","#N/A","#N/A","#N/A"
120e5876-443f-482c-8185-22be08e7383d,"#N/A","#N/A",false,Web,"#N/A","#N/A",Medium,"#N/A",New,Subject_ynnfi,"#N/A","#N/A","#N/A","#N/A","#N/A"
121088b0-e696-45f4-b7df-f23ba9245ce2,"#N/A","#N/A",false,Web,"#N/A","#N/A",Medium,"#N/A",New,Subject_jwxej,"#N/A","#N/A","#N/A","#N/A","#N/A"
1211974c-7c57-4561-8508-3c1b64669e11,"#N/A","#N/A",false,Web,"#N/A","#N/A",Medium,"#N/A",New,Subject_tuovo,"#N/A","#N/A","#N/A","#N/A","#N/A"
1215e22c-4f73-4738-8b0a-de70d7f39ea0,"#N/A","#N/A",false,Web,"#N/A","#N/A",Medium,"#N/A",New,Subject_wswsc,"#N/A","#N/A","#N/A","#N/A","#N/A"
121a2a95-bf98-4aaa-850c-81593c8c8b10,"#N/A","#N/A",false,Web,"#N/A","#N/A",Medium,"#N/A",New,Subject_ncnka,"#N/A","#N/A","#N/A","#N/A","#N/A"
121a69b2-78bf-46b1-99bc-1a41984dc9d1,"#N/A","#N/A",false,Web,"#N/A","#N/A",Medium,"#N/A",New,Subject_xmyay,"#N/A","#N/A","#N/A","#N/A","#N/A"
1220643a-5693-409c-b8c3-149501abb91c,"#N/A","#N/A",false,Web,"#N/A","#N/A",Medium,"#N/A",New,Subject_dzzuk,"#N/A","#N/A","#N/A","#N/A","#N/A"
12213ef6-c28c-4aab-b830-86a984c79252,"#N/A","#N/A",false,Web,"#N/A","#N/A",Medium,"#N/A",New,Subject_ugvdl,"#N/A","#N/A","#N/A","#N/A","#N/A"
1224750a-b807-475c-adaf-be22f35f1856,"#N/A","#N/A",false,Web,"#N/A","#N/A",Medium,"#N/A",New,Subject_jlchl,"#N/A","#N/A","#N/A","#N/A","#N/A"
122a2a6c-2e49-45fd-a16b-b93eab77cee1,"#N/A","#N/A",false,Web,"#N/A","#N/A",Medium,"#N/A",New,Subject_yvded,"#N/A","#N/A","#N/A","#N/A","#N/A"
122ed771-5c02-47bd-99bd-be051a1297a2,"#N/A","#N/A",false,Web,"#N/A","#N/A",Medium,"#N/A",New,Subject_xnmxb,"#N/A","#N/A","#N/A","#N/A","#N/A"
122f0c96-4baf-49c1-b297-9d7563f0effa,"#N/A","#N/A",false,Web,"#N/A","#N/A",Medium,"#N/A",New,Subject_hgqqc,"#N/A","#N/A","#N/A","#N/A","#N/A"
122f55a2-0cfe-4030-a029-5e30f068d09d,"#N/A","#N/A",false,Web,"#N/A","#N/A",Medium,"#N/A",New,Subject_lmozv,"#N/A","#N/A","#N/A","#N/A","#N/A"
12364a05-2cbf-451a-bbfd-8f833df26faf,"#N/A","#N/A",false,Web,"#N/A","#N/A",Medium,"#N/A",New,Subject_ixbqj,"#N/A","#N/A","#N/A","#N/A","#N/A"
123ccb07-55af-4499-98ba-1afabfed2d95,"#N/A","#N/A",false,Web,"#N/A","#N/A",Medium,"#N/A",New,Subject_igqsz,"#N/A","#N/A","#N/A","#N/A","#N/A"
123d0429-dde9-4f8a-ab18-43b1014876bd,"#N/A","#N/A",false,Web,"#N/A","#N/A",Medium,"#N/A",New,Subject_hfkls,"#N/A","#N/A","#N/A","#N/A","#N/A"
1243ee64-89ac-4eb8-9ffc-f907ade74079,"#N/A","#N/A",false,Web,"#N/A","#N/A",Medium,"#N/A",New,Subject_zjhuh,"#N/A","#N/A","#N/A","#N/A","#N/A"
1245b2f0-88fc-424b-bd09-4194f520aafe,"#N/A","#N/A",false,Web,"#N/A","#N/A",Medium,"#N/A",New,Subject_mgauz,"#N/A","#N/A","#N/A","#N/A","#N/A"
1246b8e4-be92-4a8c-b6ea-cf2eb91f6f82,"#N/A","#N/A",false,Web,"#N/A","#N/A",Medium,"#N/A",New,Subject_fndya,"#N/A","#N/A","#N/A","#N/A","#N/A"
1248d2e6-d886-4a4a-88b5-ab37491dd77c,"#N/A","#N/A",false,Web,"#N/A","#N/A",Medium,"#N/A",New,Subject_eezvd,"#N/A","#N/A","#N/A","#N/A","#N/A"
124b19ae-69ce-4f64-ac61-e96111e224aa,"#N/A","#N/A",false,Web,"#N/A","#N/A",Medium,"#N/A",New,Subject_gfmvp,"#N/A","#N/A","#N/A","#N/A","#N/A"
124d4287-1586-4ea7-8be9-3435889dd506,"#N/A","#N/A",false,Web,"#N/A","#N/A",Medium,"#N/A",New,Subject_qsdgz,"#N/A","#N/A","#N/A","#N/A","#N/A"
124f60d0-aa95-4ee1-a320-ad405d40df2d,"#N/A","#N/A",false,Web,"#N/A","#N/A",Medium,"#N/A",New,Subject_ukgtp,"#N/A","#N/A","#N/A","#N/A","#N/A"
1250c3a6-73ea-403e-a8d6-5c27c34fce43,"#N/A","#N/A",false,Web,"#N/A","#N/A",Medium,"#N/A",New,Subject_vgqbq,"#N/A","#N/A","#N/A","#N/A","#N/A"
1250f5a8-9433-4c21-bef6-ea03befd9420,"#N/A","#N/A",false,Web,"#N/A","#N/A",Medium,"#N/A",New,Subject_vxuam,"#N/A","#N/A","#N/A","#N/A","#N/A"
1252ccc6-3591-433f-ac04-063c06187db7,"#N/A","#N/A",false,Web,"#N/A","#N/A",Medium,"#N/A",New,Subject_gtdsx,"#N/A","#N/A","#N/A","#N/A","#N/A"
12595168-2c07-43ad-8a44-7339ea2f86bd,"#N/A","#N/A",false,Web,"#N/A","#N/A",Medium,"#N/A",New,Subject_bxfzo,"#N/A","#N/A","#N/A","#N/A","#N/A"
1260d2c2-fa75-46ac-9fa7-072377bd76dd,"#N/A","#N/A",false,Web,"#N/A","#N/A",Medium,"#N/A",New,Subject_ufucg,"#N/A","#N/A","#N/A","#N/A","#N/A"
1261c805-b041-4844-b840-c58bc95f0b31,"#N/A","#N/A",false,Web,"#N/A","#N/A",Medium,"#N/A",New,Subject_zruqd,"#N/A","#N/A","#N/A","#N/A","#N/A"
1263bc8d-3dbc-40ab-ae72-3db1212a43dc,"#N/A","#N/A",false,Web,"#N/A","#N/A",Medium,"#N/A",New,Subject_zrnih,"#N/A","#N/A","#N/A","#N/A","#N/A"
12674224-acb0-439f-9841-c0cb3877cb04,"#N/A","#N/A",false,Web,"#N/A","#N/A",Medium,"#N/A",New,Subject_sdedu,"#N/A","#N/A","#N/A","#N/A","#N/A"
126c6112-e8bf-44f6-bd88-f4cbc8aa1569,"#N/A","#N/A",false,Web,"#N/A","#N/A",Medium,"#N/A",New,Subject_xrryo,"#N/A","#N/A","#N/A","#N/A","#N/A"
126e12fd-92eb-43e2-8f82-96d58f827557,"#N/A","#N/A",false,Web,"#N/A","#N/A",Medium,"#N/A",New,Subject_mewpw,"#N/A","#N/A","#N/A","#N/A","#N/A"
126e768a-e66b-45a9-91c0-77ad33834fe3,"#N/A","#N/A",false,Web,"#N/A","#N/A",Medium,"#N/A",New,Subject_qajdu,"#N/A","#N/A","#N/A","#N/A","#N/A"
127272c0-99b0-4ca4-a311-f45ef431c30c,"#N/A","#N/A",false,Web,"#N/A","#N/A",Medium,"#N/A",New,Subject_rboqq,"#N/A","#N/A","#N/A","#N/A","#N/A"
12731684-5e62-464e-9b2a-56d29733df01,"#N/A","#N/A",false,Web,"#N/A","#N/A",Medium,"#N/A",New,Subject_wyrdj,"#N/A","#N/A","#N/A","#N/A","#N/A"
1275ef3a-035a-45af-915d-7da9547d0cd6,"#N/A","#N/A",false,Web,"#N/A","#N/A",Medium,"#N/A",New,Subject_ikbxz,"#N/A","#N/A","#N/A","#N/A","#N/A"
12778efc-2b73-44c6-af2b-c2fb223854e8,"#N/A","#N/A",false,Web,"#N/A","#N/A",Medium,"#N/A",New,Subject_kydlv,"#N/A","#N/A","#N/A","#N/A","#N/A"
12782cf1-8f5a-4681-9c55-02bfb234e4ee,"#N/A","#N/A",false,Web,"#N/A","#N/A",Medium,"#N/A",New,Subject_vushm,"#N/A","#N/A","#N/A","#N/A","#N/A"
127e4e75-8322-490a-9e11-2bc05a119a26,"#N/A","#N/A",false,Web,"#N/A","#N/A",Medium,"#N/A",New,Subject_zqrtv,"#N/A","#N/A","#N/A","#N/A","#N/A"
128200c5-b024-4ec0-a700-3a66f8147137,"#N/A","#N/A",false,Web,"#N/A","#N/A",Medium,"#N/A",New,Subject_cwdwo,"#N/A","#N/A","#N/A","#N/A","#N/A"
12872bd9-c3f9-4a23-9242-6d3b03d7c0cb,"#N/A","#N/A",false,Web,"#N/A","#N/A",Medium,"#N/A",New,Subject_yyyfm,"#N/A","#N/A","#N/A","#N/A","#N/A"
12896103-87d6-465e-80de-65398b58a48c,"#N/A","#N/A",false,Web,"#N/A","#N/A",Medium,"#N/A",New,Subject_vtejw,"#N/A","#N/A","#N/A","#N/A","#N/A"
1290133e-c110-4024-9391-c80e8893c27d,"#N/A","#N/A",false,Web,"#N/A","#N/A",Medium,"#N/A",New,Subject_qdshc,"#N/A","#N/A","#N/A","#N/A","#N/A"
12926d96-4bf4-4b8d-94a9-be54d5758692,"#N/A","#N/A",false,Web,"#N/A","#N/A",Medium,"#N/A",New,Subject_lokzk,"#N/A","#N/A","#N/A","#N/A","#N/A"
12957b08-73fe-4052-a53c-2da84c3da6c4,"#N/A","#N/A",false,Web,"#N/A","#N/A",Medium,"#N/A",New,Subject_scxep,"#N/A","#N/A","#N/A","#N/A","#N/A"
1295eccc-db54-44f3-b8c9-e95e0259c5f5,"#N/A","#N/A",false,Web,"#N/A","#N/A",Medium,"#N/A",New,Subject_unbmj,"#N/A","#N/A","#N/A","#N/A","#N/A"
1296210a-c0e1-434c-b0d2-ac7f3728bed5,"#N/A","#N/A",false,Web,"#N/A","#N/A",Medium,"#N/A",New,Subject_rqkgo,"#N/A","#N/A","#N/A","#N/A","#N/A"
129cc9a1-8416-4e60-a15f-48d60d69a6e5,"#N/A","#N/A",false,Web,"#N/A","#N/A",Medium,"#N/A",New,Subject_fwheq,"#N/A","#N/A","#N/A","#N/A","#N/A"
12a77b27-df0c-4249-b78c-5eda71d642a2,"#N/A","#N/A",false,Web,"#N/A","#N/A",Medium,"#N/A",New,Subject_rcafm,"#N/A","#N/A","#N/A","#N/A","#N/A"
12a7d2cb-03d0-425c-aa78-b80a9a0aee95,"#N/A","#N/A",false,Web,"#N/A","#N/A",Medium,"#N/A",New,Subject_pclii,"#N/A","#N/A","#N/A","#N/A","#N/A"
12a99409-542e-4a31-ab33-23d174ba0037,"#N/A","#N/A",false,Web,"#N/A","#N/A",Medium,"#N/A",New,Subject_eiicl,"#N/A","#N/A","#N/A","#N/A","#N/A"
12b0b578-c451-42a2-ba8a-36a223e899db,"#N/A","#N/A",false,Web,"#N/A","#N/A",Medium,"#N/A",New,Subject_jnubt,"#N/A","#N/A","#N/A","#N/A","#N/A"
12b199a0-60c2-4284-9533-db4c5e5820ed,"#N/A","#N/A",false,Web,"#N/A","#N/A",Medium,"#N/A",New,Subject_qwvlc,"#N/A","#N/A","#N/A","#N/A","#N/A"
12bcbe8f-ce94-4b62-84d5-79080a915290,"#N/A","#N/A",false,Web,"#N/A","#N/A",Medium,"#N/A",New,Subject_wbwlo,"#N/A","#N/A","#N/A","#N/A","#N/A"
12c2d34b-2e20-47ef-b69f-f86e7f0e1fe4,"#N/A","#N/A",false,Web,"#N/A","#N/A",Medium,"#N/A",New,Subject_eqafq,"#N/A","#N/A","#N/A","#N/A","#N/A"
12c56e75-2cde-460e-a653-1f9a2a9b4e26,"#N/A","#N/A",false,Web,"#N/A","#N/A",Medium,"#N/A",New,Subject_ehxuc,"#N/A","#N/A","#N/A","#N/A","#N/A"
12c6e8f8-705a-443d-adc2-89fc26ba49d7,"#N/A","#N/A",false,Web,"#N/A","#N/A",Medium,"#N/A",New,Subject_lgpgh,"#N/A","#N/A","#N/A","#N/A","#N/A"
12c9924e-eaf9-404d-a9e1-58dee98b9617,"#N/A","#N/A",false,Web,"#N/A","#N/A",Medium,"#N/A",New,Subject_runts,"#N/A","#N/A","#N/A","#N/A","#N/A"
12ca2e4b-4fdf-4ca0-96da-d1ff464fca4f,"#N/A","#N/A",false,Web,"#N/A","#N/A",Medium,"#N/A",New,Subject_eanqo,"#N/A","#N/A","#N/A","#N/A","#N/A"
12d1357c-9c5e-4074-956e-3057e92c43c0,"#N/A","#N/A",false,Web,"#N/A","#N/A",Medium,"#N/A",New,Subject_fvope,"#N/A","#N/A","#N/A","#N/A","#N/A"
12d5f995-d38e-421d-9c3c-2538730ea725,"#N/A","#N/A",false,Web,"#N/A","#N/A",Medium,"#N/A",New,Subject_hhwmk,"#N/A","#N/A","#N/A","#N/A","#N/A"
12d7979c-9c35-4a86-900e-38d9515ed5ea,"#N/A","#N/A",false,Web,"#N/A","#N/A",Medium,"#N/A",New,Subject_lhhnn,"#N/A","#N/A","#N/A","#N/A","#N/A"
12d7faff-ae35-4912-af22-e2870d3af1a6,"#N/A","#N/A",false,Web,"#N/A","#N/A",Medium,"#N/A",New,Subject_qruqu,"#N/A","#N/A","#N/A","#N/A","#N/A"
12d83734-bbd3-4586-9160-08445a2d4038,"#N/A","#N/A",false,Web,"#N/A","#N/A",Medium,"#N/A",New,Subject_wepti,"#N/A","#N/A","#N/A","#N/A","#N/A"
12d9249a-ff3e-4484-a174-f094bb5c1a29,"#N/A","#N/A",false,Web,"#N/A","#N/A",Medium,"#N/A",New,Subject_dujol,"#N/A","#N/A","#N/A","#N/A","#N/A"
12d9c840-ab79-48d9-aadf-c07d39034e4e,"#N/A","#N/A",false,Web,"#N/A","#N/A",Medium,"#N/A",New,Subject_geqxn,"#N/A","#N/A","#N/A","#N/A","#N/A"
12dd1d29-c5dc-4065-8e87-c25f08e48e1e,"#N/A","#N/A",false,Web,"#N/A","#N/A",Medium,"#N/A",New,Subject_qvlgy,"#N/A","#N/A","#N/A","#N/A","#N/A"
12e594b0-3e98-4f46-b4b0-b6cef23d8510,"#N/A","#N/A",false,Web,"#N/A","#N/A",Medium,"#N/A",New,Subject_qywao,"#N/A","#N/A","#N/A","#N/A","#N/A"
12e5b7ac-ef84-4c32-9f89-9cd272916e84,"#N/A","#N/A",false,Web,"#N/A","#N/A",Medium,"#N/A",New,Subject_xbszc,"#N/A","#N/A","#N/A","#N/A","#N/A"
12ef5e88-eff5-42b5-a390-3eb3db02bda7,"#N/A","#N/A",false,Web,"#N/A","#N/A",Medium,"#N/A",New,Subject_rrlyu,"#N/A","#N/A","#N/A","#N/A","#N/A"
12ef6c76-cab8-4dc1-9e2b-99aa3825e4c0,"#N/A","#N/A",false,Web,"#N/A","#N/A",Medium,"#N/A",New,Subject_iuiej,"#N/A","#N/A","#N/A","#N/A","#N/A"
12f1e6d8-e398-4d92-b84c-b3bf9d6d11e1,"#N/A","#N/A",false,Web,"#N/A","#N/A",Medium,"#N/A",New,Subject_veuig,"#N/A","#N/A","#N/A","#N/A","#N/A"
12f3c37a-d9ed-423e-b835-1f604b9db59e,"#N/A","#N/A",false,Web,"#N/A","#N/A",Medium,"#N/A",New,Subject_vcxns,"#N/A","#N/A","#N/A","#N/A","#N/A"
12f5d9eb-db85-40bb-9ba7-e0b3b197436d,"#N/A","#N/A",false,Web,"#N/A","#N/A",Medium,"#N/A",New,Subject_yovgt,"#N/A","#N/A","#N/A","#N/A","#N/A"
12f8a456-849e-4752-aeac-d39161d66196,"#N/A","#N/A",false,Web,"#N/A","#N/A",Medium,"#N/A",New,Subject_xizmu,"#N/A","#N/A","#N/A","#N/A","#N/A"
12f8f236-29d2-40cf-8419-5c43982e4db3,"#N/A","#N/A",false,Web,"#N/A","#N/A",Medium,"#N/A",New,Subject_ektrl,"#N/A","#N/A","#N/A","#N/A","#N/A"
12fce939-09eb-48fb-8628-83935493cab4,"#N/A","#N/A",false,Web,"#N/A","#N/A",Medium,"#N/A",New,Subject_txjmw,"#N/A","#N/A","#N/A","#N/A","#N/A"
12fdbf8b-96b3-48fc-80d7-dd92f8097faa,"#N/A","#N/A",false,Web,"#N/A","#N/A",Medium,"#N/A",New,Subject_oiyxu,"#N/A","#N/A","#N/A","#N/A","#N/A"
12fe745d-539f-4bc2-b400-44c2d44c9846,"#N/A","#N/A",false,Web,"#N/A","#N/A",Medium,"#N/A",New,Subject_prswr,"#N/A","#N/A","#N/A","#N/A","#N/A"
12ff542a-78d2-4335-b040-63c8ef60516f,"#N/A","#N/A",false,Web,"#N/A","#N/A",Medium,"#N/A",New,Subject_meepv,"#N/A","#N/A","#N/A","#N/A","#N/A"
13072507-a730-44c8-a142-b582db185edf,"#N/A","#N/A",false,Web,"#N/A","#N/A",Medium,"#N/A",New,Subject_plahl,"#N/A","#N/A","#N/A","#N/A","#N/A"
13072642-ff08-4028-82b0-c16bca98c2c6,"#N/A","#N/A",false,Web,"#N/A","#N/A",Medium,"#N/A",New,Subject_lkuzs,"#N/A","#N/A","#N/A","#N/A","#N/A"
130f728b-1f16-4a77-ac8b-f2f64c06859b,"#N/A","#N/A",false,Web,"#N/A","#N/A",Medium,"#N/A",New,Subject_ganps,"#N/A","#N/A","#N/A","#N/A","#N/A"
13142d93-c07a-4237-a094-66050652623b,"#N/A","#N/A",false,Web,"#N/A","#N/A",Medium,"#N/A",New,Subject_uzigl,"#N/A","#N/A","#N/A","#N/A","#N/A"
1316576e-dfe0-47ef-b398-236e8938dc40,"#N/A","#N/A",false,Web,"#N/A","#N/A",Medium,"#N/A",New,Subject_yhrtf,"#N/A","#N/A","#N/A","#N/A","#N/A"
131aeef3-f741-4310-a6b0-67cfd9ea90f0,"#N/A","#N/A",false,Web,"#N/A","#N/A",Medium,"#N/A",New,Subject_zkjgj,"#N/A","#N/A","#N/A","#N/A","#N/A"
1321268a-314b-4a0f-be2b-69912cc5fbea,"#N/A","#N/A",false,Web,"#N/A","#N/A",Medium,"#N/A",New,Subject_nmieh,"#N/A","#N/A","#N/A","#N/A","#N/A"
132a32a4-9625-4b26-9343-c1226b4d358f,"#N/A","#N/A",false,Web,"#N/A","#N/A",Medium,"#N/A",New,Subject_cqwak,"#N/A","#N/A","#N/A","#N/A","#N/A"
132b0cfb-0453-457a-ad5c-454a5fe1b40f,"#N/A","#N/A",false,Web,"#N/A","#N/A",Medium,"#N/A",New,Subject_rakbn,"#N/A","#N/A","#N/A","#N/A","#N/A"
13300d21-68f4-417a-9c68-ba5b82896c5d,"#N/A","#N/A",false,Web,"#N/A","#N/A",Medium,"#N/A",New,Subject_xqeih,"#N/A","#N/A","#N/A","#N/A","#N/A"
13325085-476b-4928-8c1f-ea2ab033fe94,"#N/A","#N/A",false,Web,"#N/A","#N/A",Medium,"#N/A",New,Subject_aeuff,"#N/A","#N/A","#N/A","#N/A","#N/A"
133568ec-80ef-4ba9-916f-bfce5f4a7110,"#N/A","#N/A",false,Web,"#N/A","#N/A",Medium,"#N/A",New,Subject_pkxwe,"#N/A","#N/A","#N/A","#N/A","#N/A"
133578d2-8b7f-4a33-b2e0-2ecdad45a181,"#N/A","#N/A",false,Web,"#N/A","#N/A",Medium,"#N/A",New,Subject_gthgi,"#N/A","#N/A","#N/A","#N/A","#N/A"
133a0ea6-dd50-4044-9e17-9e8df2565ba3,"#N/A","#N/A",false,Web,"#N/A","#N/A",Medium,"#N/A",New,Subject_kubpz,"#N/A","#N/A","#N/A","#N/A","#N/A"
13412347-bef6-4350-a667-380550771479,"#N/A","#N/A",false,Web,"#N/A","#N/A",Medium,"#N/A",New,Subject_xigtl,"#N/A","#N/A","#N/A","#N/A","#N/A"
1342ead5-4512-4375-95a2-62740a990437,"#N/A","#N/A",false,Web,"#N/A","#N/A",Medium,"#N/A",New,Subject_nlznm,"#N/A","#N/A","#N/A","#N/A","#N/A"
1345c2bb-8026-4652-a5fb-d8e37a295cbc,"#N/A","#N/A",false,Web,"#N/A","#N/A",Medium,"#N/A",New,Subject_mzmsd,"#N/A","#N/A","#N/A","#N/A","#N/A"
134a03a3-6194-4592-9d28-1fadf560f221,"#N/A","#N/A",false,Web,"#N/A","#N/A",Medium,"#N/A",New,Subject_iqtuh,"#N/A","#N/A","#N/A","#N/A","#N/A"
134ac15b-6340-45f9-bb81-91534e9603d5,"#N/A","#N/A",false,Web,"#N/A","#N/A",Medium,"#N/A",New,Subject_sjtfn,"#N/A","#N/A","#N/A","#N/A","#N/A"
134d0c03-5273-46d8-9194-4e761df01cbd,"#N/A","#N/A",false,Web,"#N/A","#N/A",Medium,"#N/A",New,Subject_zzfmv,"#N/A","#N/A","#N/A","#N/A","#N/A"
134d26ed-6274-47ef-bc65-f7a1ee092703,"#N/A","#N/A",false,Web,"#N/A","#N/A",Medium,"#N/A",New,Subject_pcjfs,"#N/A","#N/A","#N/A","#N/A","#N/A"
134d890d-c63e-4135-9afa-ca41babf0950,"#N/A","#N/A",false,Web,"#N/A","#N/A",Medium,"#N/A",New,Subject_bqfkd,"#N/A","#N/A","#N/A","#N/A","#N/A"
134dc8ea-d2a6-44fd-a995-95638fa3a6e1,"#N/A","#N/A",false,Web,"#N/A","#N/A",Medium,"#N/A",New,Subject_awqtf,"#N/A","#N/A","#N/A","#N/A","#N/A"
134fae3e-545e-4957-9b2e-1ac5f5647472,"#N/A","#N/A",false,Web,"#N/A","#N/A",Medium,"#N/A",New,Subject_kraot,"#N/A","#N/A","#N/A","#N/A","#N/A"
134fc857-7d65-4b0e-95ec-c1c3707d7877,"#N/A","#N/A",false,Web,"#N/A","#N/A",Medium,"#N/A",New,Subject_sbkng,"#N/A","#N/A","#N/A","#N/A","#N/A"
13529fdc-13b8-4ba6-a148-06fdde4e05b0,"#N/A","#N/A",false,Web,"#N/A","#N/A",Medium,"#N/A",New,Subject_csnez,"#N/A","#N/A","#N/A","#N/A","#N/A"
135609a6-964b-469b-b22f-56c5720f3039,"#N/A","#N/A",false,Web,"#N/A","#N/A",Medium,"#N/A",New,Subject_snezj,"#N/A","#N/A","#N/A","#N/A","#N/A"
13564758-6ddd-4637-8968-783296b04e71,"#N/A","#N/A",false,Web,"#N/A","#N/A",Medium,"#N/A",New,Subject_lkhya,"#N/A","#N/A","#N/A","#N/A","#N/A"
13567a6b-c350-4a8e-a13f-b16ddf012aeb,"#N/A","#N/A",false,Web,"#N/A","#N/A",Medium,"#N/A",New,Subject_khppf,"#N/A","#N/A","#N/A","#N/A","#N/A"
1356c60e-5c7c-40d2-b9d5-69accc02d7bf,"#N/A","#N/A",false,Web,"#N/A","#N/A",Medium,"#N/A",New,Subject_bwlqy,"#N/A","#N/A","#N/A","#N/A","#N/A"
135b67db-1512-4779-b905-365da15ca11a,"#N/A","#N/A",false,Web,"#N/A","#N/A",Medium,"#N/A",New,Subject_xtqyh,"#N/A","#N/A","#N/A","#N/A","#N/A"
135ccfef-639f-40b0-9234-f368a9456731,"#N/A","#N/A",false,Web,"#N/A","#N/A",Medium,"#N/A",New,Subject_ntfby,"#N/A","#N/A","#N/A","#N/A","#N/A"
135d88bf-4965-42d8-8c01-d651e8a08ccb,"#N/A","#N/A",false,Web,"#N/A","#N/A",Medium,"#N/A",New,Subject_zbpmm,"#N/A","#N/A","#N/A","#N/A","#N/A"
135f4674-d7f8-46e8-8821-0aab701bfe32,"#N/A","#N/A",false,Web,"#N/A","#N/A",Medium,"#N/A",New,Subject_kumkc,"#N/A","#N/A","#N/A","#N/A","#N/A"
13616398-9ea4-42d9-ae39-db22ba481579,"#N/A","#N/A",false,Web,"#N/A","#N/A",Medium,"#N/A",New,Subject_tyrny,"#N/A","#N/A","#N/A","#N/A","#N/A"
1367dcc9-bf46-44f7-84d3-e4a048fde5b4,"#N/A","#N/A",false,Web,"#N/A","#N/A",Medium,"#N/A",New,Subject_wepti,"#N/A","#N/A","#N/A","#N/A","#N/A"
136977b5-db6d-4336-932a-23d4ecfce03e,"#N/A","#N/A",false,Web,"#N/A","#N/A",Medium,"#N/A",New,Subject_hdgao,"#N/A","#N/A","#N/A","#N/A","#N/A"
13706784-5910-41b0-9d80-e4fe08dd81fb,"#N/A","#N/A",false,Web,"#N/A","#N/A",Medium,"#N/A",New,Subject_vfmmv,"#N/A","#N/A","#N/A","#N/A","#N/A"
1370e46c-0fe2-48ea-9d93-56038682ef5d,"#N/A","#N/A",false,Web,"#N/A","#N/A",Medium,"#N/A",New,Subject_knbdl,"#N/A","#N/A","#N/A","#N/A","#N/A"
137558f2-1e21-43c2-8b70-2c7c42191459,"#N/A","#N/A",false,Web,"#N/A","#N/A",Medium,"#N/A",New,Subject_ihmei,"#N/A","#N/A","#N/A","#N/A","#N/A"
1379e7d6-82c7-4d9b-a3c8-05db9dc47425,"#N/A","#N/A",false,Web,"#N/A","#N/A",Medium,"#N/A",New,Subject_mxsln,"#N/A","#N/A","#N/A","#N/A","#N/A"
137a3b3a-fc05-4271-a7d8-5b56c3267d19,"#N/A","#N/A",false,Web,"#N/A","#N/A",Medium,"#N/A",New,Subject_vozvd,"#N/A","#N/A","#N/A","#N/A","#N/A"
137b1628-ff90-46cf-b4ae-4a34c1e5c059,"#N/A","#N/A",false,Web,"#N/A","#N/A",Medium,"#N/A",New,Subject_jinqu,"#N/A","#N/A","#N/A","#N/A","#N/A"
137cabd7-01d7-41f2-8c98-478ddeee09da,"#N/A","#N/A",false,Web,"#N/A","#N/A",Medium,"#N/A",New,Subject_mbmst,"#N/A","#N/A","#N/A","#N/A","#N/A"
13840f7c-183e-4fc1-81f0-3e4c399dfe59,"#N/A","#N/A",false,Web,"#N/A","#N/A",Medium,"#N/A",New,Subject_rqvvi,"#N/A","#N/A","#N/A","#N/A","#N/A"
13878875-c768-4376-b3df-9accd921897b,"#N/A","#N/A",false,Web,"#N/A","#N/A",Medium,"#N/A",New,Subject_hctjs,"#N/A","#N/A","#N/A","#N/A","#N/A"
138b07f3-b2f7-42a0-be94-9e5b4923a3dd,"#N/A","#N/A",false,Web,"#N/A","#N/A",Medium,"#N/A",New,Subject_klzwh,"#N/A","#N/A","#N/A","#N/A","#N/A"
1395b4d7-a92a-41e0-bf94-9030eacdbc06,"#N/A","#N/A",false,Web,"#N/A","#N/A",Medium,"#N/A",New,Subject_mufqm,"#N/A","#N/A","#N/A","#N/A","#N/A"
139756e9-2afe-4f0a-b0d6-72597ddc1166,"#N/A","#N/A",false,Web,"#N/A","#N/A",Medium,"#N/A",New,Subject_irvub,"#N/A","#N/A","#N/A","#N/A","#N/A"
139dce4e-5ee5-49e5-b6bf-735f5f470b70,"#N/A","#N/A",false,Web,"#N/A","#N/A",Medium,"#N/A",New,Subject_dpvtp,"#N/A","#N/A","#N/A","#N/A","#N/A"
13a34830-8bbe-4942-9bb7-47d404c76a49,"#N/A","#N/A",false,Web,"#N/A","#N/A",Medium,"#N/A",New,Subject_inzin,"#N/A","#N/A","#N/A","#N/A","#N/A"
13a6793d-9083-45dd-8068-a79059528d7f,"#N/A","#N/A",false,Web,"#N/A","#N/A",Medium,"#N/A",New,Subject_cccka,"#N/A","#N/A","#N/A","#N/A","#N/A"
13afd07e-f684-4ed8-927a-8fccebf81026,"#N/A","#N/A",false,Web,"#N/A","#N/A",Medium,"#N/A",New,Subject_iijkw,"#N/A","#N/A","#N/A","#N/A","#N/A"
13b4cd0d-c7b6-4ab2-a9c4-c962d7c504a3,"#N/A","#N/A",false,Web,"#N/A","#N/A",Medium,"#N/A",New,Subject_yainv,"#N/A","#N/A","#N/A","#N/A","#N/A"
13b7f783-5e88-432c-8e56-3b4c7a87b001,"#N/A","#N/A",false,Web,"#N/A","#N/A",Medium,"#N/A",New,Subject_vokmg,"#N/A","#N/A","#N/A","#N/A","#N/A"
13b99364-e267-476a-aee2-589c536f7641,"#N/A","#N/A",false,Web,"#N/A","#N/A",Medium,"#N/A",New,Subject_qckqk,"#N/A","#N/A","#N/A","#N/A","#N/A"
13b9ec76-ce16-480c-bb83-d111ae20e091,"#N/A","#N/A",false,Web,"#N/A","#N/A",Medium,"#N/A",New,Subject_stujw,"#N/A","#N/A","#N/A","#N/A","#N/A"
13bade91-8e2e-4431-aac7-f73342a5376c,"#N/A","#N/A",false,Web,"#N/A","#N/A",Medium,"#N/A",New,Subject_mjbmr,"#N/A","#N/A","#N/A","#N/A","#N/A"
13bd92b3-471c-4cca-b30f-61d496228a39,"#N/A","#N/A",false,Web,"#N/A","#N/A",Medium,"#N/A",New,Subject_avfkj,"#N/A","#N/A","#N/A","#N/A","#N/A"
13bf821b-fa90-44e7-93b6-4df8584f62c7,"#N/A","#N/A",false,Web,"#N/A","#N/A",Medium,"#N/A",New,Subject_fhczz,"#N/A","#N/A","#N/A","#N/A","#N/A"
13c1d41d-2df0-4ce1-adf7-5b92db40d2ca,"#N/A","#N/A",false,Web,"#N/A","#N/A",Medium,"#N/A",New,Subject_bymsr,"#N/A","#N/A","#N/A","#N/A","#N/A"
13c59ba3-e2cd-4354-bb90-c4c077ac25fa,"#N/A","#N/A",false,Web,"#N/A","#N/A",Medium,"#N/A",New,Subject_jeeih,"#N/A","#N/A","#N/A","#N/A","#N/A"
13c6b7af-cd51-4bc5-b685-10e919185eb3,"#N/A","#N/A",false,Web,"#N/A","#N/A",Medium,"#N/A",New,Subject_fmobn,"#N/A","#N/A","#N/A","#N/A","#N/A"
13c95714-a050-453f-930b-37a3a4244e3b,"#N/A","#N/A",false,Web,"#N/A","#N/A",Medium,"#N/A",New,Subject_wmmfk,"#N/A","#N/A","#N/A","#N/A","#N/A"
13cae496-dec5-4293-ba64-de5a2791c99c,"#N/A","#N/A",false,Web,"#N/A","#N/A",Medium,"#N/A",New,Subject_isiwh,"#N/A","#N/A","#N/A","#N/A","#N/A"
13cc3eb4-f1e5-4c14-91e2-e581bdce4a07,"#N/A","#N/A",false,Web,"#N/A","#N/A",Medium,"#N/A",New,Subject_lbuui,"#N/A","#N/A","#N/A","#N/A","#N/A"
13ce8c76-7474-443a-8afa-530da6e6eee0,"#N/A","#N/A",false,Web,"#N/A","#N/A",Medium,"#N/A",New,Subject_tfotq,"#N/A","#N/A","#N/A","#N/A","#N/A"
13d8bf3c-2557-4141-a152-1d200494f5d6,"#N/A","#N/A",false,Web,"#N/A","#N/A",Medium,"#N/A",New,Subject_eyefw,"#N/A","#N/A","#N/A","#N/A","#N/A"
13db4158-214e-43e1-9c98-a2a95146564d,"#N/A","#N/A",false,Web,"#N/A","#N/A",Medium,"#N/A",New,Subject_wceac,"#N/A","#N/A","#N/A","#N/A","#N/A"
13dbc94e-23c3-4e25-80e5-1265b784494e,"#N/A","#N/A",false,Web,"#N/A","#N/A",Medium,"#N/A",New,Subject_yzqvz,"#N/A","#N/A","#N/A","#N/A","#N/A"
13de28e4-d642-4a38-9a98-2f0259c41b8f,"#N/A","#N/A",false,Web,"#N/A","#N/A",Medium,"#N/A",New,Subject_zfvtc,"#N/A","#N/A","#N/A","#N/A","#N/A"
13dee1a6-17cc-4862-915c-72c1795eee31,"#N/A","#N/A",false,Web,"#N/A","#N/A",Medium,"#N/A",New,Subject_bpayg,"#N/A","#N/A","#N/A","#N/A","#N/A"
13e01dc9-463b-40bd-afe2-c9714bc5da8d,"#N/A","#N/A",false,Web,"#N/A","#N/A",Medium,"#N/A",New,Subject_cvmgr,"#N/A","#N/A","#N/A","#N/A","#N/A"
13e04d2b-e363-4665-9ae6-71612dc95dcb,"#N/A","#N/A",false,Web,"#N/A","#N/A",Medium,"#N/A",New,Subject_gneru,"#N/A","#N/A","#N/A","#N/A","#N/A"
13e096cc-abfb-4d9e-b61d-211dfa2b149e,"#N/A","#N/A",false,Web,"#N/A","#N/A",Medium,"#N/A",New,Subject_zryvj,"#N/A","#N/A","#N/A","#N/A","#N/A"
13ef9621-6a48-4649-bdcd-357b2b21ecd1,"#N/A","#N/A",false,Web,"#N/A","#N/A",Medium,"#N/A",New,Subject_rilyn,"#N/A","#N/A","#N/A","#N/A","#N/A"
13f1b478-8faf-42ab-9494-3125476ee9a6,"#N/A","#N/A",false,Web,"#N/A","#N/A",Medium,"#N/A",New,Subject_fnjyt,"#N/A","#N/A","#N/A","#N/A","#N/A"
13f2693b-1324-4d1b-af60-11730553a503,"#N/A","#N/A",false,Web,"#N/A","#N/A",Medium,"#N/A",New,Subject_bkpuy,"#N/A","#N/A","#N/A","#N/A","#N/A"
13f8284c-a32b-41f0-beb9-062bcd2125c9,"#N/A","#N/A",false,Web,"#N/A","#N/A",Medium,"#N/A",New,Subject_ndyqs,"#N/A","#N/A","#N/A","#N/A","#N/A"
13f9d64d-1c20-42e6-9651-dd054dcca4aa,"#N/A","#N/A",false,Web,"#N/A","#N/A",Medium,"#N/A",New,Subject_deogv,"#N/A","#N/A","#N/A","#N/A","#N/A"
13fc1d25-2eef-4773-aed6-a225d016f093,"#N/A","#N/A",false,Web,"#N/A","#N/A",Medium,"#N/A",New,Subject_jnzci,"#N/A","#N/A","#N/A","#N/A","#N/A"
14026452-f1ac-4d30-9d7a-2c036fd4c7d7,"#N/A","#N/A",false,Web,"#N/A","#N/A",Medium,"#N/A",New,Subject_pmjsy,"#N/A","#N/A","#N/A","#N/A","#N/A"
14036e5b-7799-4ea0-af38-daf4f03bb2df,"#N/A","#N/A",false,Web,"#N/A","#N/A",Medium,"#N/A",New,Subject_nnmup,"#N/A","#N/A","#N/A","#N/A","#N/A"
1404b4ab-c818-4ea2-a93e-ee283e4cf370,"#N/A","#N/A",false,Web,"#N/A","#N/A",Medium,"#N/A",New,Subject_ijaau,"#N/A","#N/A","#N/A","#N/A","#N/A"
1405ffda-d385-4e12-9a1f-205b18826020,"#N/A","#N/A",false,Web,"#N/A","#N/A",Medium,"#N/A",New,Subject_yxylm,"#N/A","#N/A","#N/A","#N/A","#N/A"
14093ffd-78f7-4853-8780-31722bac624d,"#N/A","#N/A",false,Web,"#N/A","#N/A",Medium,"#N/A",New,Subject_ouroz,"#N/A","#N/A","#N/A","#N/A","#N/A"
14096dc7-f063-4cf8-bc4e-35d863fb4aa4,"#N/A","#N/A",false,Web,"#N/A","#N/A",Medium,"#N/A",New,Subject_rjakb,"#N/A","#N/A","#N/A","#N/A","#N/A"
140b6c04-2df4-4b90-9f17-9037901ea61c,"#N/A","#N/A",false,Web,"#N/A","#N/A",Medium,"#N/A",New,Subject_sqbac,"#N/A","#N/A","#N/A","#N/A","#N/A"
141695d5-1fbb-4afc-a327-c5df207c1a54,"#N/A","#N/A",false,Web,"#N/A","#N/A",Medium,"#N/A",New,Subject_zzvfw,"#N/A","#N/A","#N/A","#N/A","#N/A"
1417bbae-5ab6-4f08-abd0-54c996971e60,"#N/A","#N/A",false,Web,"#N/A","#N/A",Medium,"#N/A",New,Subject_syzfs,"#N/A","#N/A","#N/A","#N/A","#N/A"
141d67d5-3da5-417b-be1c-f7db66abf2dd,"#N/A","#N/A",false,Web,"#N/A","#N/A",Medium,"#N/A",New,Subject_ikjhl,"#N/A","#N/A","#N/A","#N/A","#N/A"
141d7d9b-697c-4563-ac08-f7d2ea153f51,"#N/A","#N/A",false,Web,"#N/A","#N/A",Medium,"#N/A",New,Subject_hvlxs,"#N/A","#N/A","#N/A","#N/A","#N/A"
141df981-43be-4cdc-a545-ad810b311e54,"#N/A","#N/A",false,Web,"#N/A","#N/A",Medium,"#N/A",New,Subject_fxqsb,"#N/A","#N/A","#N/A","#N/A","#N/A"
1421bede-6f96-467e-ba89-9e3677994b1f,"#N/A","#N/A",false,Web,"#N/A","#N/A",Medium,"#N/A",New,Subject_fjsqi,"#N/A","#N/A","#N/A","#N/A","#N/A"
142388d7-817d-4510-9a38-10e3283f8116,"#N/A","#N/A",false,Web,"#N/A","#N/A",Medium,"#N/A",New,Subject_aicxk,"#N/A","#N/A","#N/A","#N/A","#N/A"
142596d7-e5b6-4b28-86d7-6cfb716bad09,"#N/A","#N/A",false,Web,"#N/A","#N/A",Medium,"#N/A",New,Subject_bwwxb,"#N/A","#N/A","#N/A","#N/A","#N/A"
142fa863-a164-4d68-9669-10cec638b7f6,"#N/A","#N/A",false,Web,"#N/A","#N/A",Medium,"#N/A",New,Subject_uhlln,"#N/A","#N/A","#N/A","#N/A","#N/A"
14303e22-b21e-42c0-ba42-442cec229573,"#N/A","#N/A",false,Web,"#N/A","#N/A",Medium,"#N/A",New,Subject_lgnuv,"#N/A","#N/A","#N/A","#N/A","#N/A"
1430d68f-e3e5-4982-8928-d5a8423c87c5,"#N/A","#N/A",false,Web,"#N/A","#N/A",Medium,"#N/A",New,Subject_zszyv,"#N/A","#N/A","#N/A","#N/A","#N/A"
143257f2-802f-4252-ab94-b429f8714762,"#N/A","#N/A",false,Web,"#N/A","#N/A",Medium,"#N/A",New,Subject_qqtaj,"#N/A","#N/A","#N/A","#N/A","#N/A"
143815e6-2b34-44f1-8a09-16c2c9e95661,"#N/A","#N/A",false,Web,"#N/A","#N/A",Medium,"#N/A",New,Subject_noiku,"#N/A","#N/A","#N/A","#N/A","#N/A"
143c61e8-4bc8-476f-883a-5fe75d5c233a,"#N/A","#N/A",false,Web,"#N/A","#N/A",Medium,"#N/A",New,Subject_ebnam,"#N/A","#N/A","#N/A","#N/A","#N/A"
1440cea8-20d5-4121-875e-6fe29655e648,"#N/A","#N/A",false,Web,"#N/A","#N/A",Medium,"#N/A",New,Subject_ikoui,"#N/A","#N/A","#N/A","#N/A","#N/A"
1443cfaf-fb8a-4a5d-bbb9-8be18eebcecc,"#N/A","#N/A",false,Web,"#N/A","#N/A",Medium,"#N/A",New,Subject_bikgu,"#N/A","#N/A","#N/A","#N/A","#N/A"
14452460-0263-4ddc-bb48-e931b366f197,"#N/A","#N/A",false,Web,"#N/A","#N/A",Medium,"#N/A",New,Subject_gduiu,"#N/A","#N/A","#N/A","#N/A","#N/A"
144660ca-0936-44c9-a491-0dc3b3bdf4a6,"#N/A","#N/A",false,Web,"#N/A","#N/A",Medium,"#N/A",New,Subject_gmjuk,"#N/A","#N/A","#N/A","#N/A","#N/A"
144e7d9a-0ce2-421d-a603-76928e5c5f1f,"#N/A","#N/A",false,Web,"#N/A","#N/A",Medium,"#N/A",New,Subject_tbeem,"#N/A","#N/A","#N/A","#N/A","#N/A"
144fb4cc-d864-4648-a967-c0c15f204cba,"#N/A","#N/A",false,Web,"#N/A","#N/A",Medium,"#N/A",New,Subject_bcjsn,"#N/A","#N/A","#N/A","#N/A","#N/A"
1450ffbf-31f0-495d-9d5f-76d958523a93,"#N/A","#N/A",false,Web,"#N/A","#N/A",Medium,"#N/A",New,Subject_cprqt,"#N/A","#N/A","#N/A","#N/A","#N/A"
1451c519-4488-4252-9ce6-8b1b2920f3e7,"#N/A","#N/A",false,Web,"#N/A","#N/A",Medium,"#N/A",New,Subject_zpmxu,"#N/A","#N/A","#N/A","#N/A","#N/A"
1451ca6a-7a42-43d9-b1b7-55d429f0ea76,"#N/A","#N/A",false,Web,"#N/A","#N/A",Medium,"#N/A",New,Subject_cmbgn,"#N/A","#N/A","#N/A","#N/A","#N/A"
14528b6b-6a38-4315-a494-4ff9447d37b9,"#N/A","#N/A",false,Web,"#N/A","#N/A",Medium,"#N/A",New,Subject_envbd,"#N/A","#N/A","#N/A","#N/A","#N/A"
145491d0-9371-4a24-b026-d94638df1701,"#N/A","#N/A",false,Web,"#N/A","#N/A",Medium,"#N/A",New,Subject_unjov,"#N/A","#N/A","#N/A","#N/A","#N/A"
1454d2a4-acfc-44fc-b9d9-d38c3c19b6a7,"#N/A","#N/A",false,Web,"#N/A","#N/A",Medium,"#N/A",New,Subject_udkcm,"#N/A","#N/A","#N/A","#N/A","#N/A"
14554976-4a86-4f38-bc08-3aa0218d8851,"#N/A","#N/A",false,Web,"#N/A","#N/A",Medium,"#N/A",New,Subject_txyed,"#N/A","#N/A","#N/A","#N/A","#N/A"
1456bef3-5220-4064-9a9c-832568be295a,"#N/A","#N/A",false,Web,"#N/A","#N/A",Medium,"#N/A",New,Subject_dkaid,"#N/A","#N/A","#N/A","#N/A","#N/A"
1457fc3f-1b5d-48bd-8a5e-ee1194b09c52,"#N/A","#N/A",false,Web,"#N/A","#N/A",Medium,"#N/A",New,Subject_vklof,"#N/A","#N/A","#N/A","#N/A","#N/A"
145c2205-3584-40e5-8476-ee9f404a4574,"#N/A","#N/A",false,Web,"#N/A","#N/A",Medium,"#N/A",New,Subject_zjkrz,"#N/A","#N/A","#N/A","#N/A","#N/A"
1460f1a1-9abc-4f3b-8654-b5aab2192bee,"#N/A","#N/A",false,Web,"#N/A","#N/A",Medium,"#N/A",New,Subject_ckvrt,"#N/A","#N/A","#N/A","#N/A","#N/A"
14629e8f-db7a-423f-9eaa-397e40f6b703,"#N/A","#N/A",false,Web,"#N/A","#N/A",Medium,"#N/A",New,Subject_vdrwp,"#N/A","#N/A","#N/A","#N/A","#N/A"
146885dd-0bbe-4da1-aa2c-2078cfd9d123,"#N/A","#N/A",false,Web,"#N/A","#N/A",Medium,"#N/A",New,Subject_ifore,"#N/A","#N/A","#N/A","#N/A","#N/A"
146a36b8-4a93-4c49-a59d-dc99a6d27dee,"#N/A","#N/A",false,Web,"#N/A","#N/A",Medium,"#N/A",New,Subject_vysfy,"#N/A","#N/A","#N/A","#N/A","#N/A"
146a563b-c04c-41b0-b352-7a935765c25e,"#N/A","#N/A",false,Web,"#N/A","#N/A",Medium,"#N/A",New,Subject_wujcs,"#N/A","#N/A","#N/A","#N/A","#N/A"
146bfa7a-a00a-469b-a610-5b329a7fd765,"#N/A","#N/A",false,Web,"#N/A","#N/A",Medium,"#N/A",New,Subject_widng,"#N/A","#N/A","#N/A","#N/A","#N/A"
146cd521-4917-403c-b51d-5cd28e53136e,"#N/A","#N/A",false,Web,"#N/A","#N/A",Medium,"#N/A",New,Subject_kymqf,"#N/A","#N/A","#N/A","#N/A","#N/A"
146d2af2-7492-4129-9e93-5ca5c1cc2da1,"#N/A","#N/A",false,Web,"#N/A","#N/A",Medium,"#N/A",New,Subject_siiyl,"#N/A","#N/A","#N/A","#N/A","#N/A"
146e3d16-6312-434f-8361-8b1431262952,"#N/A","#N/A",false,Web,"#N/A","#N/A",Medium,"#N/A",New,Subject_hpuwa,"#N/A","#N/A","#N/A","#N/A","#N/A"
146f8144-0702-4a3c-b72d-61bc975db04d,"#N/A","#N/A",false,Web,"#N/A","#N/A",Medium,"#N/A",New,Subject_vxebt,"#N/A","#N/A","#N/A","#N/A","#N/A"
146f8ee8-874a-4b97-99b9-73038b30babc,"#N/A","#N/A",false,Web,"#N/A","#N/A",Medium,"#N/A",New,Subject_elzrt,"#N/A","#N/A","#N/A","#N/A","#N/A"
14743283-f272-4ac5-93a8-363713f946a7,"#N/A","#N/A",false,Web,"#N/A","#N/A",Medium,"#N/A",New,Subject_wztdl,"#N/A","#N/A","#N/A","#N/A","#N/A"
14788f31-ead8-47c9-97b9-22cb13a36bbb,"#N/A","#N/A",false,Web,"#N/A","#N/A",Medium,"#N/A",New,Subject_evssz,"#N/A","#N/A","#N/A","#N/A","#N/A"
147c97ca-9154-41c8-8b19-38f2600f4426,"#N/A","#N/A",false,Web,"#N/A","#N/A",Medium,"#N/A",New,Subject_wjttf,"#N/A","#N/A","#N/A","#N/A","#N/A"
1484ebb9-0970-4f1b-a628-984bbb21db7d,"#N/A","#N/A",false,Web,"#N/A","#N/A",Medium,"#N/A",New,Subject_zubhb,"#N/A","#N/A","#N/A","#N/A","#N/A"
1486e9a1-1e14-44bc-bf0c-1e9bf690f6be,"#N/A","#N/A",false,Web,"#N/A","#N/A",Medium,"#N/A",New,Subject_xlhoa,"#N/A","#N/A","#N/A","#N/A","#N/A"
1486f4de-a8c7-446a-ad8c-8980934c644b,"#N/A","#N/A",false,Web,"#N/A","#N/A",Medium,"#N/A",New,Subject_thhmq,"#N/A","#N/A","#N/A","#N/A","#N/A"
14896cda-9efb-41d4-8ea6-40c937a15e00,"#N/A","#N/A",false,Web,"#N/A","#N/A",Medium,"#N/A",New,Subject_dncim,"#N/A","#N/A","#N/A","#N/A","#N/A"
148a216a-8cd2-43f3-80c5-d2a2ee4c6338,"#N/A","#N/A",false,Web,"#N/A","#N/A",Medium,"#N/A",New,Subject_zfbtt,"#N/A","#N/A","#N/A","#N/A","#N/A"
148b1908-18c1-4eaa-8148-a7cf566ea73d,"#N/A","#N/A",false,Web,"#N/A","#N/A",Medium,"#N/A",New,Subject_qyokh,"#N/A","#N/A","#N/A","#N/A","#N/A"
148f559f-5c8a-4c07-866a-e9ed58594392,"#N/A","#N/A",false,Web,"#N/A","#N/A",Medium,"#N/A",New,Subject_rzylt,"#N/A","#N/A","#N/A","#N/A","#N/A"
149071bc-7d71-4c3e-82a1-db643f45b78e,"#N/A","#N/A",false,Web,"#N/A","#N/A",Medium,"#N/A",New,Subject_efpxg,"#N/A","#N/A","#N/A","#N/A","#N/A"
1491386c-366f-4262-9976-0a1b630281e6,"#N/A","#N/A",false,Web,"#N/A","#N/A",Medium,"#N/A",New,Subject_qqanb,"#N/A","#N/A","#N/A","#N/A","#N/A"
1491c79d-69f1-4d37-a87c-b600e0f3db6a,"#N/A","#N/A",false,Web,"#N/A","#N/A",Medium,"#N/A",New,Subject_ztkkk,"#N/A","#N/A","#N/A","#N/A","#N/A"
1494af09-b3bd-44fb-96cf-64bcb271ea74,"#N/A","#N/A",false,Web,"#N/A","#N/A",Medium,"#N/A",New,Subject_xwvzw,"#N/A","#N/A","#N/A","#N/A","#N/A"
149775ef-2a66-4a95-af1c-9316380f8b51,"#N/A","#N/A",false,Web,"#N/A","#N/A",Medium,"#N/A",New,Subject_hqkvm,"#N/A","#N/A","#N/A","#N/A","#N/A"
1499481f-3525-4856-ae09-b0c71ddbb3f4,"#N/A","#N/A",false,Web,"#N/A","#N/A",Medium,"#N/A",New,Subject_jqesr,"#N/A","#N/A","#N/A","#N/A","#N/A"
149bae65-9505-465d-82cf-3b3c47168fb3,"#N/A","#N/A",false,Web,"#N/A","#N/A",Medium,"#N/A",New,Subject_swbhe,"#N/A","#N/A","#N/A","#N/A","#N/A"
149d455f-7538-450c-863a-cf946831c28c,"#N/A","#N/A",false,Web,"#N/A","#N/A",Medium,"#N/A",New,Subject_mglul,"#N/A","#N/A","#N/A","#N/A","#N/A"
149dab74-0b18-4324-ba6d-9d4b52dbe1e1,"#N/A","#N/A",false,Web,"#N/A","#N/A",Medium,"#N/A",New,Subject_xmzol,"#N/A","#N/A","#N/A","#N/A","#N/A"
14a11ca8-941d-4b0e-8d98-d427727e7ca0,"#N/A","#N/A",false,Web,"#N/A","#N/A",Medium,"#N/A",New,Subject_zozrm,"#N/A","#N/A","#N/A","#N/A","#N/A"
14a13baa-a3d0-4751-9e63-d07f2cb4ef16,"#N/A","#N/A",false,Web,"#N/A","#N/A",Medium,"#N/A",New,Subject_glfms,"#N/A","#N/A","#N/A","#N/A","#N/A"
14a1e569-748e-42cd-8635-3c8d4ffaa4a5,"#N/A","#N/A",false,Web,"#N/A","#N/A",Medium,"#N/A",New,Subject_zowau,"#N/A","#N/A","#N/A","#N/A","#N/A"
14a669f3-f274-4e19-be0b-cd2d585ebfcc,"#N/A","#N/A",false,Web,"#N/A","#N/A",Medium,"#N/A",New,Subject_jkqmm,"#N/A","#N/A","#N/A","#N/A","#N/A"
14a77dd1-9cfa-44a7-a04e-81db6a11dc13,"#N/A","#N/A",false,Web,"#N/A","#N/A",Medium,"#N/A",New,Subject_efhjw,"#N/A","#N/A","#N/A","#N/A","#N/A"
14ac8760-dc1c-4e5e-8333-9ca4fbf97831,"#N/A","#N/A",false,Web,"#N/A","#N/A",Medium,"#N/A",New,Subject_ubitc,"#N/A","#N/A","#N/A","#N/A","#N/A"
14ad8b16-a85b-4a95-8a9e-c45adc2077d6,"#N/A","#N/A",false,Web,"#N/A","#N/A",Medium,"#N/A",New,Subject_ofmzy,"#N/A","#N/A","#N/A","#N/A","#N/A"
14b060c1-afce-4e37-a4f7-47f8cf90ab18,"#N/A","#N/A",false,Web,"#N/A","#N/A",Medium,"#N/A",New,Subject_qsxpc,"#N/A","#N/A","#N/A","#N/A","#N/A"
14b07b96-cd14-4cc7-8fe6-52be84e5fea9,"#N/A","#N/A",false,Web,"#N/A","#N/A",Medium,"#N/A",New,Subject_iueoz,"#N/A","#N/A","#N/A","#N/A","#N/A"
14b70625-31d6-4079-8809-36696cee68c2,"#N/A","#N/A",false,Web,"#N/A","#N/A",Medium,"#N/A",New,Subject_nhnxv,"#N/A","#N/A","#N/A","#N/A","#N/A"
14ba15d1-096f-4313-ae4d-65c0efad1b54,"#N/A","#N/A",false,Web,"#N/A","#N/A",Medium,"#N/A",New,Subject_haxdz,"#N/A","#N/A","#N/A","#N/A","#N/A"
14bac4ff-b3a8-48fd-b608-0cdeee268c12,"#N/A","#N/A",false,Web,"#N/A","#N/A",Medium,"#N/A",New,Subject_cswnj,"#N/A","#N/A","#N/A","#N/A","#N/A"
14bba76a-e0f5-4964-9250-f24d99b757f3,"#N/A","#N/A",false,Web,"#N/A","#N/A",Medium,"#N/A",New,Subject_hpmru,"#N/A","#N/A","#N/A","#N/A","#N/A"
14be6aaf-557c-4000-8c12-5be639049282,"#N/A","#N/A",false,Web,"#N/A","#N/A",Medium,"#N/A",New,Subject_gwdtd,"#N/A","#N/A","#N/A","#N/A","#N/A"
14bfabaa-7981-43e2-aa45-c6a8903dbe17,"#N/A","#N/A",false,Web,"#N/A","#N/A",Medium,"#N/A",New,Subject_lpsth,"#N/A","#N/A","#N/A","#N/A","#N/A"
14c0864c-320b-4172-ab46-4320a797b7dd,"#N/A","#N/A",false,Web,"#N/A","#N/A",Medium,"#N/A",New,Subject_wkowz,"#N/A","#N/A","#N/A","#N/A","#N/A"
14c111f3-e311-4f23-a8e4-82de20fa58d3,"#N/A","#N/A",false,Web,"#N/A","#N/A",Medium,"#N/A",New,Subject_lrzgo,"#N/A","#N/A","#N/A","#N/A","#N/A"
14c3d30e-3365-4e67-a328-df3c5a0ff003,"#N/A","#N/A",false,Web,"#N/A","#N/A",Medium,"#N/A",New,Subject_avepr,"#N/A","#N/A","#N/A","#N/A","#N/A"
14c40465-b30a-4eba-a362-a8f5887cbb62,"#N/A","#N/A",false,Web,"#N/A","#N/A",Medium,"#N/A",New,Subject_dikpf,"#N/A","#N/A","#N/A","#N/A","#N/A"
14c62d5b-8a52-4db5-88cd-74364fb4c783,"#N/A","#N/A",false,Web,"#N/A","#N/A",Medium,"#N/A",New,Subject_ondtz,"#N/A","#N/A","#N/A","#N/A","#N/A"
14cafb88-1a47-401f-9c64-531282af8331,"#N/A","#N/A",false,Web,"#N/A","#N/A",Medium,"#N/A",New,Subject_cxakk,"#N/A","#N/A","#N/A","#N/A","#N/A"
14cc51bf-c2aa-4fa5-b216-9440db8c351f,"#N/A","#N/A",false,Web,"#N/A","#N/A",Medium,"#N/A",New,Subject_epskm,"#N/A","#N/A","#N/A","#N/A","#N/A"
14d07404-d1db-4d27-aad2-e2501da58ca9,"#N/A","#N/A",false,Web,"#N/A","#N/A",Medium,"#N/A",New,Subject_zvkwd,"#N/A","#N/A","#N/A","#N/A","#N/A"
14d1acbd-dcb7-46d4-b273-1391dcd5fa5b,"#N/A","#N/A",false,Web,"#N/A","#N/A",Medium,"#N/A",New,Subject_hlvdj,"#N/A","#N/A","#N/A","#N/A","#N/A"
14d229d2-dfee-4af8-8f19-e362019dea2b,"#N/A","#N/A",false,Web,"#N/A","#N/A",Medium,"#N/A",New,Subject_agust,"#N/A","#N/A","#N/A","#N/A","#N/A"
14d2daca-00c7-4ce2-80ab-e99bcf629873,"#N/A","#N/A",false,Web,"#N/A","#N/A",Medium,"#N/A",New,Subject_yoyzn,"#N/A","#N/A","#N/A","#N/A","#N/A"
14d4a567-1aa0-40b1-9b7a-5542389d0bdb,"#N/A","#N/A",false,Web,"#N/A","#N/A",Medium,"#N/A",New,Subject_fgtfb,"#N/A","#N/A","#N/A","#N/A","#N/A"
14d51287-149e-4cd3-8d9f-978ea2dd1c9c,"#N/A","#N/A",false,Web,"#N/A","#N/A",Medium,"#N/A",New,Subject_xqfcm,"#N/A","#N/A","#N/A","#N/A","#N/A"
14d6008c-f1b6-469a-8edd-ba7e7387953f,"#N/A","#N/A",false,Web,"#N/A","#N/A",Medium,"#N/A",New,Subject_diwfj,"#N/A","#N/A","#N/A","#N/A","#N/A"
14db92f6-7cbb-4686-bee4-095fb7d72181,"#N/A","#N/A",false,Web,"#N/A","#N/A",Medium,"#N/A",New,Subject_gadrn,"#N/A","#N/A","#N/A","#N/A","#N/A"
14e591af-3079-4ff7-af50-64caa43452e8,"#N/A","#N/A",false,Web,"#N/A","#N/A",Medium,"#N/A",New,Subject_efqyw,"#N/A","#N/A","#N/A","#N/A","#N/A"
14e6d2df-4a66-46e2-bd9c-a556e2b3c55a,"#N/A","#N/A",false,Web,"#N/A","#N/A",Medium,"#N/A",New,Subject_ahfcd,"#N/A","#N/A","#N/A","#N/A","#N/A"
14eb2579-fb9a-4fa9-bba5-c73155d3c7f9,"#N/A","#N/A",false,Web,"#N/A","#N/A",Medium,"#N/A",New,Subject_vbbgw,"#N/A","#N/A","#N/A","#N/A","#N/A"
14ec6266-8650-406e-9aba-aea5e8ba8922,"#N/A","#N/A",false,Web,"#N/A","#N/A",Medium,"#N/A",New,Subject_eyuqb,"#N/A","#N/A","#N/A","#N/A","#N/A"
14ec99da-4ad3-4525-a5ec-b8a458e3ef2a,"#N/A","#N/A",false,Web,"#N/A","#N/A",Medium,"#N/A",New,Subject_owfie,"#N/A","#N/A","#N/A","#N/A","#N/A"
14ed99af-ea1a-4f3f-b432-4ed0119b5a39,"#N/A","#N/A",false,Web,"#N/A","#N/A",Medium,"#N/A",New,Subject_vckuk,"#N/A","#N/A","#N/A","#N/A","#N/A"
14ee24d5-be90-4390-8646-3f190e31d26a,"#N/A","#N/A",false,Web,"#N/A","#N/A",Medium,"#N/A",New,Subject_tuhfs,"#N/A","#N/A","#N/A","#N/A","#N/A"
14f29529-4e38-4e00-83c3-7b14d29dbb59,"#N/A","#N/A",false,Web,"#N/A","#N/A",Medium,"#N/A",New,Subject_koluw,"#N/A","#N/A","#N/A","#N/A","#N/A"
14f50634-8132-4c87-b6c3-a726f8deb2a2,"#N/A","#N/A",false,Web,"#N/A","#N/A",Medium,"#N/A",New,Subject_lgfhs,"#N/A","#N/A","#N/A","#N/A","#N/A"
14f882f2-df4f-4737-9e8f-67c5fe62c016,"#N/A","#N/A",false,Web,"#N/A","#N/A",Medium,"#N/A",New,Subject_jpvji,"#N/A","#N/A","#N/A","#N/A","#N/A"
14f8b39f-c3f7-456f-a41c-ffc043f04a07,"#N/A","#N/A",false,Web,"#N/A","#N/A",Medium,"#N/A",New,Subject_zrrlq,"#N/A","#N/A","#N/A","#N/A","#N/A"
14fa595a-36f5-49dc-a561-5e3b0c627d3a,"#N/A","#N/A",false,Web,"#N/A","#N/A",Medium,"#N/A",New,Subject_axtko,"#N/A","#N/A","#N/A","#N/A","#N/A"
14fb06c0-f387-4a79-ab54-2107a22e7485,"#N/A","#N/A",false,Web,"#N/A","#N/A",Medium,"#N/A",New,Subject_yoodf,"#N/A","#N/A","#N/A","#N/A","#N/A"
15014aad-d3a8-47a6-ad8d-0b73c0f8bef5,"#N/A","#N/A",false,Web,"#N/A","#N/A",Medium,"#N/A",New,Subject_uwkmu,"#N/A","#N/A","#N/A","#N/A","#N/A"
150207da-25ca-4dd6-a4bf-b24b29d01e27,"#N/A","#N/A",false,Web,"#N/A","#N/A",Medium,"#N/A",New,Subject_osqkq,"#N/A","#N/A","#N/A","#N/A","#N/A"
150356bc-c5e1-4fab-b9a6-c4b1a5ecd87c,"#N/A","#N/A",false,Web,"#N/A","#N/A",Medium,"#N/A",New,Subject_htcnz,"#N/A","#N/A","#N/A","#N/A","#N/A"
15037e62-bbf0-40cd-8244-76723bc2f1d7,"#N/A","#N/A",false,Web,"#N/A","#N/A",Medium,"#N/A",New,Subject_jfbkq,"#N/A","#N/A","#N/A","#N/A","#N/A"
1505ec97-de3a-464f-bf4d-5dfd433c92c7,"#N/A","#N/A",false,Web,"#N/A","#N/A",Medium,"#N/A",New,Subject_nozvt,"#N/A","#N/A","#N/A","#N/A","#N/A"
150621cd-3940-4c78-9fa2-ea2b90d826d5,"#N/A","#N/A",false,Web,"#N/A","#N/A",Medium,"#N/A",New,Subject_aoumc,"#N/A","#N/A","#N/A","#N/A","#N/A"
15073786-ea5a-429a-861c-f31bfa6558dd,"#N/A","#N/A",false,Web,"#N/A","#N/A",Medium,"#N/A",New,Subject_rsrlb,"#N/A","#N/A","#N/A","#N/A","#N/A"
15079c43-4349-4016-a4b2-ec57a241768f,"#N/A","#N/A",false,Web,"#N/A","#N/A",Medium,"#N/A",New,Subject_pylkm,"#N/A","#N/A","#N/A","#N/A","#N/A"
1507b97d-a042-45cb-b1ec-4645141aaee3,"#N/A","#N/A",false,Web,"#N/A","#N/A",Medium,"#N/A",New,Subject_avhjq,"#N/A","#N/A","#N/A","#N/A","#N/A"
150ac680-1fab-4929-94d5-08a515f8bc7f,"#N/A","#N/A",false,Web,"#N/A","#N/A",Medium,"#N/A",New,Subject_kxzov,"#N/A","#N/A","#N/A","#N/A","#N/A"
150d897e-b7d5-44c9-9b9b-cf8629755f72,"#N/A","#N/A",false,Web,"#N/A","#N/A",Medium,"#N/A",New,Subject_jxhcj,"#N/A","#N/A","#N/A","#N/A","#N/A"
150e510c-5c7b-492b-8c59-d2a030688bfa,"#N/A","#N/A",false,Web,"#N/A","#N/A",Medium,"#N/A",New,Subject_sisvk,"#N/A","#N/A","#N/A","#N/A","#N/A"
150e72d3-84a0-4dd0-b4c4-8ac228e90347,"#N/A","#N/A",false,Web,"#N/A","#N/A",Medium,"#N/A",New,Subject_dpnsa,"#N/A","#N/A","#N/A","#N/A","#N/A"
150ea0af-3a74-4daf-99e8-8d44035d18cd,"#N/A","#N/A",false,Web,"#N/A","#N/A",Medium,"#N/A",New,Subject_aqcfa,"#N/A","#N/A","#N/A","#N/A","#N/A"
15134a7d-0383-4829-a5ee-d476a2c84325,"#N/A","#N/A",false,Web,"#N/A","#N/A",Medium,"#N/A",New,Subject_aswpl,"#N/A","#N/A","#N/A","#N/A","#N/A"
151564de-5a7f-4b77-b8dd-a4c1f5c902e2,"#N/A","#N/A",false,Web,"#N/A","#N/A",Medium,"#N/A",New,Subject_rylpp,"#N/A","#N/A","#N/A","#N/A","#N/A"
15198c01-f517-4d38-bc91-6b1dcf694d8e,"#N/A","#N/A",false,Web,"#N/A","#N/A",Medium,"#N/A",New,Subject_omtal,"#N/A","#N/A","#N/A","#N/A","#N/A"
151a4515-0900-4172-bf48-5938bab40efd,"#N/A","#N/A",false,Web,"#N/A","#N/A",Medium,"#N/A",New,Subject_txzqu,"#N/A","#N/A","#N/A","#N/A","#N/A"
1521dbd9-4c42-4ee8-8c16-627d844ff6ba,"#N/A","#N/A",false,Web,"#N/A","#N/A",Medium,"#N/A",New,Subject_oshji,"#N/A","#N/A","#N/A","#N/A","#N/A"
152329b0-1548-450f-84ce-175741141a08,"#N/A","#N/A",false,Web,"#N/A","#N/A",Medium,"#N/A",New,Subject_xvllg,"#N/A","#N/A","#N/A","#N/A","#N/A"
152458c6-aec7-4d3c-b41e-2fdc806f3607,"#N/A","#N/A",false,Web,"#N/A","#N/A",Medium,"#N/A",New,Subject_qymqk,"#N/A","#N/A","#N/A","#N/A","#N/A"
152a5d78-4cb2-4910-a696-a65802b287be,"#N/A","#N/A",false,Web,"#N/A","#N/A",Medium,"#N/A",New,Subject_zytjg,"#N/A","#N/A","#N/A","#N/A","#N/A"
152cc712-6836-4609-a5f5-f0389647d2d9,"#N/A","#N/A",false,Web,"#N/A","#N/A",Medium,"#N/A",New,Subject_pgjoo,"#N/A","#N/A","#N/A","#N/A","#N/A"
1530fc84-6466-4654-b284-91c70125cc3c,"#N/A","#N/A",false,Web,"#N/A","#N/A",Medium,"#N/A",New,Subject_majac,"#N/A","#N/A","#N/A","#N/A","#N/A"
153463fd-03ea-415b-8a0a-325c32dcadb6,"#N/A","#N/A",false,Web,"#N/A","#N/A",Medium,"#N/A",New,Subject_vvqom,"#N/A","#N/A","#N/A","#N/A","#N/A"
15361e46-4816-4273-9e1b-9b6e3f0a38ca,"#N/A","#N/A",false,Web,"#N/A","#N/A",Medium,"#N/A",New,Subject_qtthy,"#N/A","#N/A","#N/A","#N/A","#N/A"
15366efb-9018-4f09-9baa-265ec3614f86,"#N/A","#N/A",false,Web,"#N/A","#N/A",Medium,"#N/A",New,Subject_tuypa,"#N/A","#N/A","#N/A","#N/A","#N/A"
1539b341-db91-44c7-86fa-12acc4306b80,"#N/A","#N/A",false,Web,"#N/A","#N/A",Medium,"#N/A",New,Subject_ybytz,"#N/A","#N/A","#N/A","#N/A","#N/A"
153bca4c-b83b-4ff6-a46c-3aa1f248a513,"#N/A","#N/A",false,Web,"#N/A","#N/A",Medium,"#N/A",New,Subject_kffxd,"#N/A","#N/A","#N/A","#N/A","#N/A"
153db690-6881-467f-bffa-8a7653000e41,"#N/A","#N/A",false,Web,"#N/A","#N/A",Medium,"#N/A",New,Subject_gosps,"#N/A","#N/A","#N/A","#N/A","#N/A"
153e589e-7aea-4491-990e-5d590ad3668b,"#N/A","#N/A",false,Web,"#N/A","#N/A",Medium,"#N/A",New,Subject_ixafv,"#N/A","#N/A","#N/A","#N/A","#N/A"
15423a48-c505-4172-8a8e-1168cddb4864,"#N/A","#N/A",false,Web,"#N/A","#N/A",Medium,"#N/A",New,Subject_fdqbn,"#N/A","#N/A","#N/A","#N/A","#N/A"
1543e9d0-d939-4ecb-93a8-59a7a685bfc5,"#N/A","#N/A",false,Web,"#N/A","#N/A",Medium,"#N/A",New,Subject_kbtzq,"#N/A","#N/A","#N/A","#N/A","#N/A"
154a24e3-9e9d-4a5e-9f9e-16d2525de155,"#N/A","#N/A",false,Web,"#N/A","#N/A",Medium,"#N/A",New,Subject_fpdbk,"#N/A","#N/A","#N/A","#N/A","#N/A"
154d1f3c-a04f-412c-ade0-c329cb4c526d,"#N/A","#N/A",false,Web,"#N/A","#N/A",Medium,"#N/A",New,Subject_muvei,"#N/A","#N/A","#N/A","#N/A","#N/A"
1552063b-28e8-468b-a987-681b99f4dc6f,"#N/A","#N/A",false,Web,"#N/A","#N/A",Medium,"#N/A",New,Subject_oztwt,"#N/A","#N/A","#N/A","#N/A","#N/A"
1554b7c0-955b-4f1d-9097-fe242362611f,"#N/A","#N/A",false,Web,"#N/A","#N/A",Medium,"#N/A",New,Subject_refkj,"#N/A","#N/A","#N/A","#N/A","#N/A"
1555b5b1-fd9e-4808-8d56-4cd183b239b8,"#N/A","#N/A",false,Web,"#N/A","#N/A",Medium,"#N/A",New,Subject_jjgcf,"#N/A","#N/A","#N/A","#N/A","#N/A"
155fab54-cfb0-490e-acee-628a30e9d502,"#N/A","#N/A",false,Web,"#N/A","#N/A",Medium,"#N/A",New,Subject_xziew,"#N/A","#N/A","#N/A","#N/A","#N/A"
1560e376-ea3c-4d28-8b9f-9f8388231a47,"#N/A","#N/A",false,Web,"#N/A","#N/A",Medium,"#N/A",New,Subject_ujjll,"#N/A","#N/A","#N/A","#N/A","#N/A"
1562a7b4-295b-4ed1-be0c-99fe15aa0b9b,"#N/A","#N/A",false,Web,"#N/A","#N/A",Medium,"#N/A",New,Subject_ifdeg,"#N/A","#N/A","#N/A","#N/A","#N/A"
1562c126-ed53-4302-86f4-f07f2e343ef7,"#N/A","#N/A",false,Web,"#N/A","#N/A",Medium,"#N/A",New,Subject_ccxpe,"#N/A","#N/A","#N/A","#N/A","#N/A"
15633be7-58f4-4f71-bc29-67c1615be1b7,"#N/A","#N/A",false,Web,"#N/A","#N/A",Medium,"#N/A",New,Subject_glmlt,"#N/A","#N/A","#N/A","#N/A","#N/A"
1566a1a0-67d3-4eb0-a432-7747436ff4ce,"#N/A","#N/A",false,Web,"#N/A","#N/A",Medium,"#N/A",New,Subject_ddaqv,"#N/A","#N/A","#N/A","#N/A","#N/A"
1567f03c-4d92-439e-98eb-64366252ac80,"#N/A","#N/A",false,Web,"#N/A","#N/A",Medium,"#N/A",New,Subject_efvgz,"#N/A","#N/A","#N/A","#N/A","#N/A"
15683bdc-7401-4827-be61-082745a4eb48,"#N/A","#N/A",false,Web,"#N/A","#N/A",Medium,"#N/A",New,Subject_djkmh,"#N/A","#N/A","#N/A","#N/A","#N/A"
15684080-b6bf-4020-ab50-8e51153d1e41,"#N/A","#N/A",false,Web,"#N/A","#N/A",Medium,"#N/A",New,Subject_xfuua,"#N/A","#N/A","#N/A","#N/A","#N/A"
156fcf56-1c3f-4e03-83e0-c10c01ee503f,"#N/A","#N/A",false,Web,"#N/A","#N/A",Medium,"#N/A",New,Subject_jkhod,"#N/A","#N/A","#N/A","#N/A","#N/A"
157060ca-6486-4e66-ae69-b5181cf16ee8,"#N/A","#N/A",false,Web,"#N/A","#N/A",Medium,"#N/A",New,Subject_cymyl,"#N/A","#N/A","#N/A","#N/A","#N/A"
1572f4f3-2935-41ff-b9dd-ea63715271c0,"#N/A","#N/A",false,Web,"#N/A","#N/A",Medium,"#N/A",New,Subject_nqqib,"#N/A","#N/A","#N/A","#N/A","#N/A"
15792e28-a1eb-42b2-a11a-570b1afff0a6,"#N/A","#N/A",false,Web,"#N/A","#N/A",Medium,"#N/A",New,Subject_wuhqo,"#N/A","#N/A","#N/A","#N/A","#N/A"
157a1146-a73f-458b-b3db-0c6c579d18f1,"#N/A","#N/A",false,Web,"#N/A","#N/A",Medium,"#N/A",New,Subject_hihrv,"#N/A","#N/A","#N/A","#N/A","#N/A"
157c6d8c-52b1-48f6-b1db-35e45ecccbdd,"#N/A","#N/A",false,Web,"#N/A","#N/A",Medium,"#N/A",New,Subject_kepeb,"#N/A","#N/A","#N/A","#N/A","#N/A"
157c7ba9-f621-425e-a8ef-620296eaf105,"#N/A","#N/A",false,Web,"#N/A","#N/A",Medium,"#N/A",New,Subject_kxscq,"#N/A","#N/A","#N/A","#N/A","#N/A"
157d1ebd-b232-47ef-b779-d62f57e4f909,"#N/A","#N/A",false,Web,"#N/A","#N/A",Medium,"#N/A",New,Subject_dotsa,"#N/A","#N/A","#N/A","#N/A","#N/A"
15825831-445b-432f-b46e-dbc628dd3e30,"#N/A","#N/A",false,Web,"#N/A","#N/A",Medium,"#N/A",New,Subject_zrnib,"#N/A","#N/A","#N/A","#N/A","#N/A"
158667c3-5f03-4882-8c3a-3b4ded132d4e,"#N/A","#N/A",false,Web,"#N/A","#N/A",Medium,"#N/A",New,Subject_cdfmb,"#N/A","#N/A","#N/A","#N/A","#N/A"
158794b0-d087-4234-9af0-124bbb09e843,"#N/A","#N/A",false,Web,"#N/A","#N/A",Medium,"#N/A",New,Subject_iuuty,"#N/A","#N/A","#N/A","#N/A","#N/A"
1587b17b-a187-4ca3-9001-fa7be4b5c016,"#N/A","#N/A",false,Web,"#N/A","#N/A",Medium,"#N/A",New,Subject_hdffr,"#N/A","#N/A","#N/A","#N/A","#N/A"
158a14df-65e5-4fc2-bbc8-595dff3b6114,"#N/A","#N/A",false,Web,"#N/A","#N/A",Medium,"#N/A",New,Subject_tbvhf,"#N/A","#N/A","#N/A","#N/A","#N/A"
158ad8d4-539c-45c3-8f8b-6ba104208907,"#N/A","#N/A",false,Web,"#N/A","#N/A",Medium,"#N/A",New,Subject_pdksl,"#N/A","#N/A","#N/A","#N/A","#N/A"
158b6b03-550a-4262-8dbf-8e0caaf79506,"#N/A","#N/A",false,Web,"#N/A","#N/A",Medium,"#N/A",New,Subject_nphur,"#N/A","#N/A","#N/A","#N/A","#N/A"
158fdcf9-e00c-4d00-b638-6890d497b24d,"#N/A","#N/A",false,Web,"#N/A","#N/A",Medium,"#N/A",New,Subject_jcsmw,"#N/A","#N/A","#N/A","#N/A","#N/A"
15912a9a-a6e2-4383-9487-ba1c36a3cca3,"#N/A","#N/A",false,Web,"#N/A","#N/A",Medium,"#N/A",New,Subject_oggwz,"#N/A","#N/A","#N/A","#N/A","#N/A"
159313f3-6c5f-4377-80b4-c36a14b7e09a,"#N/A","#N/A",false,Web,"#N/A","#N/A",Medium,"#N/A",New,Subject_qwqfm,"#N/A","#N/A","#N/A","#N/A","#N/A"
15949ff6-4305-41e4-99a8-e085d904718d,"#N/A","#N/A",false,Web,"#N/A","#N/A",Medium,"#N/A",New,Subject_bfuhn,"#N/A","#N/A","#N/A","#N/A","#N/A"
159651c2-3bc5-483c-99d3-b6eaa682b99d,"#N/A","#N/A",false,Web,"#N/A","#N/A",Medium,"#N/A",New,Subject_iicby,"#N/A","#N/A","#N/A","#N/A","#N/A"
1599143e-77ed-4b6f-a576-fd6c95f1ae01,"#N/A","#N/A",false,Web,"#N/A","#N/A",Medium,"#N/A",New,Subject_jozjl,"#N/A","#N/A","#N/A","#N/A","#N/A"
159a6ca6-d1b6-4ebd-a237-93536c63ef8a,"#N/A","#N/A",false,Web,"#N/A","#N/A",Medium,"#N/A",New,Subject_urkhx,"#N/A","#N/A","#N/A","#N/A","#N/A"
159b2560-9300-4d24-bf74-6a024dced216,"#N/A","#N/A",false,Web,"#N/A","#N/A",Medium,"#N/A",New,Subject_qszzy,"#N/A","#N/A","#N/A","#N/A","#N/A"
159b4c8e-fbae-4380-a3ed-535565d0c778,"#N/A","#N/A",false,Web,"#N/A","#N/A",Medium,"#N/A",New,Subject_huaql,"#N/A","#N/A","#N/A","#N/A","#N/A"
159cc4d9-0b9f-4bd1-95da-49629975b48c,"#N/A","#N/A",false,Web,"#N/A","#N/A",Medium,"#N/A",New,Subject_nxsft,"#N/A","#N/A","#N/A","#N/A","#N/A"
159d35f2-e7c8-4c40-b996-cacde7bb6e24,"#N/A","#N/A",false,Web,"#N/A","#N/A",Medium,"#N/A",New,Subject_sbfpw,"#N/A","#N/A","#N/A","#N/A","#N/A"
159f0977-76cb-40c3-9727-0ec805e20b7c,"#N/A","#N/A",false,Web,"#N/A","#N/A",Medium,"#N/A",New,Subject_qhdjs,"#N/A","#N/A","#N/A","#N/A","#N/A"
15a060af-4576-44be-b5dd-f1790ebc8a8d,"#N/A","#N/A",false,Web,"#N/A","#N/A",Medium,"#N/A",New,Subject_cclck,"#N/A","#N/A","#N/A","#N/A","#N/A"
15a72539-e51a-4194-ae91-2269a8928a1c,"#N/A","#N/A",false,Web,"#N/A","#N/A",Medium,"#N/A",New,Subject_fgsan,"#N/A","#N/A","#N/A","#N/A","#N/A"
15ad629d-8e72-46e5-a913-3c843cb851ad,"#N/A","#N/A",false,Web,"#N/A","#N/A",Medium,"#N/A",New,Subject_litwp,"#N/A","#N/A","#N/A","#N/A","#N/A"
15af2100-0b67-42d5-ba11-5d9687df9fe8,"#N/A","#N/A",false,Web,"#N/A","#N/A",Medium,"#N/A",New,Subject_kegmf,"#N/A","#N/A","#N/A","#N/A","#N/A"
15b1d2a9-5106-4423-9b0c-a54ebcc20b7a,"#N/A","#N/A",false,Web,"#N/A","#N/A",Medium,"#N/A",New,Subject_heymk,"#N/A","#N/A","#N/A","#N/A","#N/A"
15b3bc73-0851-4fe4-9618-6999a661784d,"#N/A","#N/A",false,Web,"#N/A","#N/A",Medium,"#N/A",New,Subject_phvhx,"#N/A","#N/A","#N/A","#N/A","#N/A"
15b96293-4f48-4c94-bc12-45f374d503ff,"#N/A","#N/A",false,Web,"#N/A","#N/A",Medium,"#N/A",New,Subject_rprys,"#N/A","#N/A","#N/A","#N/A","#N/A"
15bb86a3-45e3-40dc-afa4-985e9ce1c358,"#N/A","#N/A",false,Web,"#N/A","#N/A",Medium,"#N/A",New,Subject_msvku,"#N/A","#N/A","#N/A","#N/A","#N/A"
15bdaa9a-ba1a-4760-a688-62685080de3c,"#N/A","#N/A",false,Web,"#N/A","#N/A",Medium,"#N/A",New,Subject_ntjoz,"#N/A","#N/A","#N/A","#N/A","#N/A"
15be6c07-5c15-487d-94b9-651aa4a4199e,"#N/A","#N/A",false,Web,"#N/A","#N/A",Medium,"#N/A",New,Subject_iiclm,"#N/A","#N/A","#N/A","#N/A","#N/A"
15bffb6a-f7a1-4388-88ec-32b10ca4aff9,"#N/A","#N/A",false,Web,"#N/A","#N/A",Medium,"#N/A",New,Subject_beltc,"#N/A","#N/A","#N/A","#N/A","#N/A"
15c07429-b5f9-418e-9296-5d318d983b3a,"#N/A","#N/A",false,Web,"#N/A","#N/A",Medium,"#N/A",New,Subject_rplsw,"#N/A","#N/A","#N/A","#N/A","#N/A"
15c5d354-3525-4dfe-ace3-62d0c1eb29e9,"#N/A","#N/A",false,Web,"#N/A","#N/A",Medium,"#N/A",New,Subject_wrvyi,"#N/A","#N/A","#N/A","#N/A","#N/A"
15cbbd2c-37e9-4fc4-82a6-ca9304f34eec,"#N/A","#N/A",false,Web,"#N/A","#N/A",Medium,"#N/A",New,Subject_lfvdt,"#N/A","#N/A","#N/A","#N/A","#N/A"
15cbe7da-4288-472e-9a0d-c39b6f5e0b8b,"#N/A","#N/A",false,Web,"#N/A","#N/A",Medium,"#N/A",New,Subject_alrvk,"#N/A","#N/A","#N/A","#N/A","#N/A"
15ce0491-6048-4952-8276-07848ed60351,"#N/A","#N/A",false,Web,"#N/A","#N/A",Medium,"#N/A",New,Subject_xyzsr,"#N/A","#N/A","#N/A","#N/A","#N/A"
15cf50ad-7a2d-4e84-9f26-0137e299a8ad,"#N/A","#N/A",false,Web,"#N/A","#N/A",Medium,"#N/A",New,Subject_ptuks,"#N/A","#N/A","#N/A","#N/A","#N/A"
15d58864-0a2d-4583-bf95-4e8a457b5c5e,"#N/A","#N/A",false,Web,"#N/A","#N/A",Medium,"#N/A",New,Subject_ghuxh,"#N/A","#N/A","#N/A","#N/A","#N/A"
15d81536-cef7-416d-a5ed-3a3b1ba9f4f1,"#N/A","#N/A",false,Web,"#N/A","#N/A",Medium,"#N/A",New,Subject_nnxbs,"#N/A","#N/A","#N/A","#N/A","#N/A"
15dc3e24-e93a-4294-8a65-6c2cc80ea42f,"#N/A","#N/A",false,Web,"#N/A","#N/A",Medium,"#N/A",New,Subject_ddogj,"#N/A","#N/A","#N/A","#N/A","#N/A"
15e0c2c7-6dc4-415b-a318-d82d7db65d0d,"#N/A","#N/A",false,Web,"#N/A","#N/A",Medium,"#N/A",New,Subject_iebla,"#N/A","#N/A","#N/A","#N/A","#N/A"
15e21be1-b1b1-4e1e-af48-6e5d08a800a5,"#N/A","#N/A",false,Web,"#N/A","#N/A",Medium,"#N/A",New,Subject_qscxl,"#N/A","#N/A","#N/A","#N/A","#N/A"
15e9e299-b712-4430-81e7-4fab7ffb2012,"#N/A","#N/A",false,Web,"#N/A","#N/A",Medium,"#N/A",New,Subject_eygvp,"#N/A","#N/A","#N/A","#N/A","#N/A"
15ec50ba-af1e-4aa2-8e21-fcd2ba720887,"#N/A","#N/A",false,Web,"#N/A","#N/A",Medium,"#N/A",New,Subject_stpiu,"#N/A","#N/A","#N/A","#N/A","#N/A"
15ed8fa2-3b84-41d7-8ef2-73c0c8760009,"#N/A","#N/A",false,Web,"#N/A","#N/A",Medium,"#N/A",New,Subject_jhqop,"#N/A","#N/A","#N/A","#N/A","#N/A"
15f3799e-a93c-47cb-887c-2ae3e1a66122,"#N/A","#N/A",false,Web,"#N/A","#N/A",Medium,"#N/A",New,Subject_ymgou,"#N/A","#N/A","#N/A","#N/A","#N/A"
15f9b9a4-ccb2-4cd1-b3ae-2ed803ce409c,"#N/A","#N/A",false,Web,"#N/A","#N/A",Medium,"#N/A",New,Subject_ngcnz,"#N/A","#N/A","#N/A","#N/A","#N/A"
15f9c801-2f63-4059-b350-58f9319b3271,"#N/A","#N/A",false,Web,"#N/A","#N/A",Medium,"#N/A",New,Subject_ohuml,"#N/A","#N/A","#N/A","#N/A","#N/A"
15fa612f-0880-4fb1-9272-5c0e6de2eb6d,"#N/A","#N/A",false,Web,"#N/A","#N/A",Medium,"#N/A",New,Subject_aismh,"#N/A","#N/A","#N/A","#N/A","#N/A"
15fe39e8-e7c5-4c10-a023-bf2f7025ce3a,"#N/A","#N/A",false,Web,"#N/A","#N/A",Medium,"#N/A",New,Subject_wwsbs,"#N/A","#N/A","#N/A","#N/A","#N/A"
16007fac-4e67-4fa8-8532-366e7a066a59,"#N/A","#N/A",false,Web,"#N/A","#N/A",Medium,"#N/A",New,Subject_rjeov,"#N/A","#N/A","#N/A","#N/A","#N/A"
16034416-76ce-4695-b34b-e9a25849310b,"#N/A","#N/A",false,Web,"#N/A","#N/A",Medium,"#N/A",New,Subject_ywbqz,"#N/A","#N/A","#N/A","#N/A","#N/A"
160551bb-56a9-4d4b-8a04-013ca3314235,"#N/A","#N/A",false,Web,"#N/A","#N/A",Medium,"#N/A",New,Subject_aqnrs,"#N/A","#N/A","#N/A","#N/A","#N/A"
16080f12-cea6-4724-b068-ee87567befad,"#N/A","#N/A",false,Web,"#N/A","#N/A",Medium,"#N/A",New,Subject_umnya,"#N/A","#N/A","#N/A","#N/A","#N/A"
160a714c-186a-48d5-beb6-c858b974c6ce,"#N/A","#N/A",false,Web,"#N/A","#N/A",Medium,"#N/A",New,Subject_nyzvi,"#N/A","#N/A","#N/A","#N/A","#N/A"
160cfa4b-133a-411c-ab6c-8f4155fc4c6d,"#N/A","#N/A",false,Web,"#N/A","#N/A",Medium,"#N/A",New,Subject_saixo,"#N/A","#N/A","#N/A","#N/A","#N/A"
160de43a-464b-4ac2-9291-0d865793f8c3,"#N/A","#N/A",false,Web,"#N/A","#N/A",Medium,"#N/A",New,Subject_vlnna,"#N/A","#N/A","#N/A","#N/A","#N/A"
16114d46-dc9e-4b38-b1a5-884f652e5bf6,"#N/A","#N/A",false,Web,"#N/A","#N/A",Medium,"#N/A",New,Subject_keehp,"#N/A","#N/A","#N/A","#N/A","#N/A"
1611d709-12b9-4387-a013-6b283dae3681,"#N/A","#N/A",false,Web,"#N/A","#N/A",Medium,"#N/A",New,Subject_genxf,"#N/A","#N/A","#N/A","#N/A","#N/A"
161adaad-5acf-41f3-b4b2-e1bd3b529bda,"#N/A","#N/A",false,Web,"#N/A","#N/A",Medium,"#N/A",New,Subject_lrltp,"#N/A","#N/A","#N/A","#N/A","#N/A"
161bde79-f222-4e74-a217-af6fa4fe0e7e,"#N/A","#N/A",false,Web,"#N/A","#N/A",Medium,"#N/A",New,Subject_gczli,"#N/A","#N/A","#N/A","#N/A","#N/A"
16201773-7255-4a6b-9b67-60ba724acf99,"#N/A","#N/A",false,Web,"#N/A","#N/A",Medium,"#N/A",New,Subject_pkohy,"#N/A","#N/A","#N/A","#N/A","#N/A"
162172b6-16ce-4c93-a93a-49d837a3179f,"#N/A","#N/A",false,Web,"#N/A","#N/A",Medium,"#N/A",New,Subject_qjoyb,"#N/A","#N/A","#N/A","#N/A","#N/A"
1627d978-fa94-4977-aa02-46343cf54489,"#N/A","#N/A",false,Web,"#N/A","#N/A",Medium,"#N/A",New,Subject_nxxuv,"#N/A","#N/A","#N/A","#N/A","#N/A"
16285adb-9d66-414c-bda2-c2cbda220bc2,"#N/A","#N/A",false,Web,"#N/A","#N/A",Medium,"#N/A",New,Subject_ywbqz,"#N/A","#N/A","#N/A","#N/A","#N/A"
1628aca7-79e5-4477-81b1-3637cf5029eb,"#N/A","#N/A",false,Web,"#N/A","#N/A",Medium,"#N/A",New,Subject_pwsve,"#N/A","#N/A","#N/A","#N/A","#N/A"
16296297-c788-4e97-b5ba-569a7312d0ca,"#N/A","#N/A",false,Web,"#N/A","#N/A",Medium,"#N/A",New,Subject_ezail,"#N/A","#N/A","#N/A","#N/A","#N/A"
162977a5-b37e-4bbc-9e14-4c2e7cfc10e6,"#N/A","#N/A",false,Web,"#N/A","#N/A",Medium,"#N/A",New,Subject_cuqmw,"#N/A","#N/A","#N/A","#N/A","#N/A"
1629c3ae-d437-41e4-8be9-2314c52aad8b,"#N/A","#N/A",false,Web,"#N/A","#N/A",Medium,"#N/A",New,Subject_dqvgg,"#N/A","#N/A","#N/A","#N/A","#N/A"
1631a279-4350-4ec5-b21f-46281205ca87,"#N/A","#N/A",false,Web,"#N/A","#N/A",Medium,"#N/A",New,Subject_bdtup,"#N/A","#N/A","#N/A","#N/A","#N/A"
1632bdc7-bed3-47e3-9066-b58ab6501b49,"#N/A","#N/A",false,Web,"#N/A","#N/A",Medium,"#N/A",New,Subject_ulvrn,"#N/A","#N/A","#N/A","#N/A","#N/A"
1637b8d8-8756-4bd2-8dd9-d80a5a195bd1,"#N/A","#N/A",false,Web,"#N/A","#N/A",Medium,"#N/A",New,Subject_nsnxh,"#N/A","#N/A","#N/A","#N/A","#N/A"
16386970-3262-4720-822b-13271a7ee42d,"#N/A","#N/A",false,Web,"#N/A","#N/A",Medium,"#N/A",New,Subject_ndzws,"#N/A","#N/A","#N/A","#N/A","#N/A"
163a0f51-30a1-4077-8d62-386f293c7d82,"#N/A","#N/A",false,Web,"#N/A","#N/A",Medium,"#N/A",New,Subject_rkuhp,"#N/A","#N/A","#N/A","#N/A","#N/A"
163ad0f7-0657-4fad-85cd-88a6012b1fac,"#N/A","#N/A",false,Web,"#N/A","#N/A",Medium,"#N/A",New,Subject_komsf,"#N/A","#N/A","#N/A","#N/A","#N/A"
163afaf8-b1d5-4bc8-8510-5e3f173d3855,"#N/A","#N/A",false,Web,"#N/A","#N/A",Medium,"#N/A",New,Subject_lhpur,"#N/A","#N/A","#N/A","#N/A","#N/A"
163d2bfa-a843-4686-bb64-b90b58af97d5,"#N/A","#N/A",false,Web,"#N/A","#N/A",Medium,"#N/A",New,Subject_xojfy,"#N/A","#N/A","#N/A","#N/A","#N/A"
163fcc8a-8165-4dbd-824a-d23faa289f33,"#N/A","#N/A",false,Web,"#N/A","#N/A",Medium,"#N/A",New,Subject_allhw,"#N/A","#N/A","#N/A","#N/A","#N/A"
1640d95f-0b39-44a2-9f58-b2c2f6597f40,"#N/A","#N/A",false,Web,"#N/A","#N/A",Medium,"#N/A",New,Subject_yatiz,"#N/A","#N/A","#N/A","#N/A","#N/A"
16411e92-3bec-4532-b237-7b3e6d3d9644,"#N/A","#N/A",false,Web,"#N/A","#N/A",Medium,"#N/A",New,Subject_dqdjc,"#N/A","#N/A","#N/A","#N/A","#N/A"
1641d4ba-ae59-4044-8987-4b08f9c68299,"#N/A","#N/A",false,Web,"#N/A","#N/A",Medium,"#N/A",New,Subject_ubdoh,"#N/A","#N/A","#N/A","#N/A","#N/A"
1642178d-af4e-4925-8b86-1cfae153f2c5,"#N/A","#N/A",false,Web,"#N/A","#N/A",Medium,"#N/A",New,Subject_adjtu,"#N/A","#N/A","#N/A","#N/A","#N/A"
16448bc9-1872-4263-a93f-2c1d31327fa0,"#N/A","#N/A",false,Web,"#N/A","#N/A",Medium,"#N/A",New,Subject_gdhil,"#N/A","#N/A","#N/A","#N/A","#N/A"
1647a38a-691d-4fb4-bc0e-5164ba8271f6,"#N/A","#N/A",false,Web,"#N/A","#N/A",Medium,"#N/A",New,Subject_cnlhr,"#N/A","#N/A","#N/A","#N/A","#N/A"
1647fe50-13d6-43ea-a749-a18868eff3e6,"#N/A","#N/A",false,Web,"#N/A","#N/A",Medium,"#N/A",New,Subject_fwahl,"#N/A","#N/A","#N/A","#N/A","#N/A"
164b68d5-1d26-4618-9a5c-6ebbb6a965f6,"#N/A","#N/A",false,Web,"#N/A","#N/A",Medium,"#N/A",New,Subject_fbmhe,"#N/A","#N/A","#N/A","#N/A","#N/A"
164cff66-29c3-491a-aceb-532ea63aa453,"#N/A","#N/A",false,Web,"#N/A","#N/A",Medium,"#N/A",New,Subject_mumuf,"#N/A","#N/A","#N/A","#N/A","#N/A"
164efd46-7340-4053-b7f9-14fa81a7ae29,"#N/A","#N/A",false,Web,"#N/A","#N/A",Medium,"#N/A",New,Subject_vpvrz,"#N/A","#N/A","#N/A","#N/A","#N/A"
16532b39-5265-4c5b-a1b5-42dfcd5335dc,"#N/A","#N/A",false,Web,"#N/A","#N/A",Medium,"#N/A",New,Subject_bdkcs,"#N/A","#N/A","#N/A","#N/A","#N/A"
1654d1a1-10eb-4d02-a2cd-7cc4fbe29a05,"#N/A","#N/A",false,Web,"#N/A","#N/A",Medium,"#N/A",New,Subject_tkfiy,"#N/A","#N/A","#N/A","#N/A","#N/A"
165515ee-1a81-42c7-be5b-bd4104cca1ce,"#N/A","#N/A",false,Web,"#N/A","#N/A",Medium,"#N/A",New,Subject_cbkff,"#N/A","#N/A","#N/A","#N/A","#N/A"
1656ea05-bacb-459d-abfc-baa0a9cff35d,"#N/A","#N/A",false,Web,"#N/A","#N/A",Medium,"#N/A",New,Subject_aucew,"#N/A","#N/A","#N/A","#N/A","#N/A"
1657e9dd-7f93-41f3-bdee-d8c3062b294e,"#N/A","#N/A",false,Web,"#N/A","#N/A",Medium,"#N/A",New,Subject_mflol,"#N/A","#N/A","#N/A","#N/A","#N/A"
1658495d-1bd2-4b84-b446-ef1a26e95b17,"#N/A","#N/A",false,Web,"#N/A","#N/A",Medium,"#N/A",New,Subject_ngzqx,"#N/A","#N/A","#N/A","#N/A","#N/A"
1659a49b-93b8-47d2-95bc-82cbb24337cb,"#N/A","#N/A",false,Web,"#N/A","#N/A",Medium,"#N/A",New,Subject_bqyqc,"#N/A","#N/A","#N/A","#N/A","#N/A"
165bf123-3098-444f-85f2-cf82ca5ab4be,"#N/A","#N/A",false,Web,"#N/A","#N/A",Medium,"#N/A",New,Subject_cunue,"#N/A","#N/A","#N/A","#N/A","#N/A"
16602f1f-e99b-42bb-87dd-35e9023dc16c,"#N/A","#N/A",false,Web,"#N/A","#N/A",Medium,"#N/A",New,Subject_abiwx,"#N/A","#N/A","#N/A","#N/A","#N/A"
16605890-018d-42b5-b536-03e34dd20a1e,"#N/A","#N/A",false,Web,"#N/A","#N/A",Medium,"#N/A",New,Subject_uzizp,"#N/A","#N/A","#N/A","#N/A","#N/A"
166066f9-8968-4a68-bd1b-995f82555045,"#N/A","#N/A",false,Web,"#N/A","#N/A",Medium,"#N/A",New,Subject_gfdna,"#N/A","#N/A","#N/A","#N/A","#N/A"
166164dc-d781-4bfe-a12d-3f356c06d956,"#N/A","#N/A",false,Web,"#N/A","#N/A",Medium,"#N/A",New,Subject_dxgce,"#N/A","#N/A","#N/A","#N/A","#N/A"
1662f157-413c-42be-89cf-8b25a48746b9,"#N/A","#N/A",false,Web,"#N/A","#N/A",Medium,"#N/A",New,Subject_qptzx,"#N/A","#N/A","#N/A","#N/A","#N/A"
16651f6d-d02e-485d-ba75-59b202ba9122,"#N/A","#N/A",false,Web,"#N/A","#N/A",Medium,"#N/A",New,Subject_wijfr,"#N/A","#N/A","#N/A","#N/A","#N/A"
16663eb8-b86c-419b-b87a-f3dfe44ce5ab,"#N/A","#N/A",false,Web,"#N/A","#N/A",Medium,"#N/A",New,Subject_flzqo,"#N/A","#N/A","#N/A","#N/A","#N/A"
16667e11-81ea-438d-8b90-0470325f83a6,"#N/A","#N/A",false,Web,"#N/A","#N/A",Medium,"#N/A",New,Subject_saxws,"#N/A","#N/A","#N/A","#N/A","#N/A"
166aa639-703f-481b-9b67-cc8d70e5fdde,"#N/A","#N/A",false,Web,"#N/A","#N/A",Medium,"#N/A",New,Subject_kxtbh,"#N/A","#N/A","#N/A","#N/A","#N/A"
166bd0f1-ddb5-41d7-ac13-f4a448ab37a6,"#N/A","#N/A",false,Web,"#N/A","#N/A",Medium,"#N/A",New,Subject_jaxrn,"#N/A","#N/A","#N/A","#N/A","#N/A"
166ce551-1d3f-4b40-968a-45aed874a96e,"#N/A","#N/A",false,Web,"#N/A","#N/A",Medium,"#N/A",New,Subject_vahap,"#N/A","#N/A","#N/A","#N/A","#N/A"
166d71d0-2a51-4b9d-8224-657571ba9dc4,"#N/A","#N/A",false,Web,"#N/A","#N/A",Medium,"#N/A",New,Subject_mzgue,"#N/A","#N/A","#N/A","#N/A","#N/A"
166f06a7-266d-4cf3-bbdb-970acf8647af,"#N/A","#N/A",false,Web,"#N/A","#N/A",Medium,"#N/A",New,Subject_qukcn,"#N/A","#N/A","#N/A","#N/A","#N/A"
16711750-815e-4e5c-84f6-4e8b28cdeec0,"#N/A","#N/A",false,Web,"#N/A","#N/A",Medium,"#N/A",New,Subject_ygyur,"#N/A","#N/A","#N/A","#N/A","#N/A"
167466dc-4f92-45a0-ba36-dcd45fab1ac7,"#N/A","#N/A",false,Web,"#N/A","#N/A",Medium,"#N/A",New,Subject_pcxkz,"#N/A","#N/A","#N/A","#N/A","#N/A"
167572fc-d95f-401b-93c0-abdc25efb290,"#N/A","#N/A",false,Web,"#N/A","#N/A",Medium,"#N/A",New,Subject_wkdoj,"#N/A","#N/A","#N/A","#N/A","#N/A"
16760d41-5307-45b4-bed1-f681f8dc1da0,"#N/A","#N/A",false,Web,"#N/A","#N/A",Medium,"#N/A",New,Subject_waixf,"#N/A","#N/A","#N/A","#N/A","#N/A"
1677207a-42b1-4e8e-a38e-9ae7feb459a6,"#N/A","#N/A",false,Web,"#N/A","#N/A",Medium,"#N/A",New,Subject_cqsky,"#N/A","#N/A","#N/A","#N/A","#N/A"
16775648-fbb5-4805-a0fa-3e7340ff4f79,"#N/A","#N/A",false,Web,"#N/A","#N/A",Medium,"#N/A",New,Subject_gfown,"#N/A","#N/A","#N/A","#N/A","#N/A"
1677a60f-cfd8-4575-a469-862a79669dd7,"#N/A","#N/A",false,Web,"#N/A","#N/A",Medium,"#N/A",New,Subject_ubepf,"#N/A","#N/A","#N/A","#N/A","#N/A"
167a124f-69ae-43df-be26-70efa85e1395,"#N/A","#N/A",false,Web,"#N/A","#N/A",Medium,"#N/A",New,Subject_jxaps,"#N/A","#N/A","#N/A","#N/A","#N/A"
1681d7fd-fa8a-4cb3-ba2c-92f76c87ab91,"#N/A","#N/A",false,Web,"#N/A","#N/A",Medium,"#N/A",New,Subject_qgqos,"#N/A","#N/A","#N/A","#N/A","#N/A"
1682ddee-ae23-4e70-99bd-e583ad6bfd31,"#N/A","#N/A",false,Web,"#N/A","#N/A",Medium,"#N/A",New,Subject_mwpwd,"#N/A","#N/A","#N/A","#N/A","#N/A"
16837555-e506-435c-b25e-e15d60bb85f3,"#N/A","#N/A",false,Web,"#N/A","#N/A",Medium,"#N/A",New,Subject_qroic,"#N/A","#N/A","#N/A","#N/A","#N/A"
16891c87-a400-4363-8ab5-9c1f3fb53037,"#N/A","#N/A",false,Web,"#N/A","#N/A",Medium,"#N/A",New,Subject_wxjvq,"#N/A","#N/A","#N/A","#N/A","#N/A"
168a82f1-88af-47c4-8e73-e1c76240f221,"#N/A","#N/A",false,Web,"#N/A","#N/A",Medium,"#N/A",New,Subject_uamtg,"#N/A","#N/A","#N/A","#N/A","#N/A"
168abf61-af54-41da-92ee-9c692bc5fa02,"#N/A","#N/A",false,Web,"#N/A","#N/A",Medium,"#N/A",New,Subject_pqrsc,"#N/A","#N/A","#N/A","#N/A","#N/A"
168b9784-a059-4065-9593-0e8b862a9082,"#N/A","#N/A",false,Web,"#N/A","#N/A",Medium,"#N/A",New,Subject_mzbag,"#N/A","#N/A","#N/A","#N/A","#N/A"
168c3374-846d-43ac-a20b-72bdec19f81f,"#N/A","#N/A",false,Web,"#N/A","#N/A",Medium,"#N/A",New,Subject_cjsox,"#N/A","#N/A","#N/A","#N/A","#N/A"
16943352-1a12-41b8-8b55-f46ce85b80e3,"#N/A","#N/A",false,Web,"#N/A","#N/A",Medium,"#N/A",New,Subject_lifnl,"#N/A","#N/A","#N/A","#N/A","#N/A"
1694e273-148c-40ba-833a-b3a4e3e1dd48,"#N/A","#N/A",false,Web,"#N/A","#N/A",Medium,"#N/A",New,Subject_qbtqo,"#N/A","#N/A","#N/A","#N/A","#N/A"
169a783c-231b-4106-b2d9-b1a404f79358,"#N/A","#N/A",false,Web,"#N/A","#N/A",Medium,"#N/A",New,Subject_nrswq,"#N/A","#N/A","#N/A","#N/A","#N/A"
169e209e-c494-47a8-b5ad-3b3fff0265bf,"#N/A","#N/A",false,Web,"#N/A","#N/A",Medium,"#N/A",New,Subject_fpdbk,"#N/A","#N/A","#N/A","#N/A","#N/A"
169ef713-1431-41b0-bfb0-b20a890627d5,"#N/A","#N/A",false,Web,"#N/A","#N/A",Medium,"#N/A",New,Subject_yxnyn,"#N/A","#N/A","#N/A","#N/A","#N/A"
16a9be9a-b4b2-44c7-ad4b-b8217f2e5a26,"#N/A","#N/A",false,Web,"#N/A","#N/A",Medium,"#N/A",New,Subject_fwinj,"#N/A","#N/A","#N/A","#N/A","#N/A"
16acab1c-c6db-473c-a94a-889f786e5c22,"#N/A","#N/A",false,Web,"#N/A","#N/A",Medium,"#N/A",New,Subject_mixaq,"#N/A","#N/A","#N/A","#N/A","#N/A"
16b05113-08e1-4196-a1c6-b6da3078b413,"#N/A","#N/A",false,Web,"#N/A","#N/A",Medium,"#N/A",New,Subject_poggc,"#N/A","#N/A","#N/A","#N/A","#N/A"
16ba52c8-239a-441d-b2ab-8969115b69e0,"#N/A","#N/A",false,Web,"#N/A","#N/A",Medium,"#N/A",New,Subject_bscdv,"#N/A","#N/A","#N/A","#N/A","#N/A"
16c39ce6-9c52-46a0-b48a-64b47b7a89f2,"#N/A","#N/A",false,Web,"#N/A","#N/A",Medium,"#N/A",New,Subject_plmrc,"#N/A","#N/A","#N/A","#N/A","#N/A"
16c3d9df-9ee7-4668-a495-9b7bd5cb47b1,"#N/A","#N/A",false,Web,"#N/A","#N/A",Medium,"#N/A",New,Subject_xpygk,"#N/A","#N/A","#N/A","#N/A","#N/A"
16cbb41a-0d3d-42b4-816f-510956b5dac9,"#N/A","#N/A",false,Web,"#N/A","#N/A",Medium,"#N/A",New,Subject_qnxho,"#N/A","#N/A","#N/A","#N/A","#N/A"
16ceeca2-5214-4148-9bc2-80529b874872,"#N/A","#N/A",false,Web,"#N/A","#N/A",Medium,"#N/A",New,Subject_warzz,"#N/A","#N/A","#N/A","#N/A","#N/A"
16cf473e-7d1e-4168-b505-e9e002e409f4,"#N/A","#N/A",false,Web,"#N/A","#N/A",Medium,"#N/A",New,Subject_lnhyt,"#N/A","#N/A","#N/A","#N/A","#N/A"
16d0cc5e-5ed4-4ccd-aa5b-55934a94cdec,"#N/A","#N/A",false,Web,"#N/A","#N/A",Medium,"#N/A",New,Subject_pwgcm,"#N/A","#N/A","#N/A","#N/A","#N/A"
16d13f65-4b7e-4545-98f9-995a0356f92f,"#N/A","#N/A",false,Web,"#N/A","#N/A",Medium,"#N/A",New,Subject_mcfrr,"#N/A","#N/A","#N/A","#N/A","#N/A"
16d4a1bf-e483-42d1-b283-173d50268a19,"#N/A","#N/A",false,Web,"#N/A","#N/A",Medium,"#N/A",New,Subject_yekxe,"#N/A","#N/A","#N/A","#N/A","#N/A"
16d6c836-49e0-4c23-874d-9483d6007199,"#N/A","#N/A",false,Web,"#N/A","#N/A",Medium,"#N/A",New,Subject_epvko,"#N/A","#N/A","#N/A","#N/A","#N/A"
16d90c26-b363-4e44-8b06-4fdec5935cbe,"#N/A","#N/A",false,Web,"#N/A","#N/A",Medium,"#N/A",New,Subject_lmwcv,"#N/A","#N/A","#N/A","#N/A","#N/A"
16d94a69-e24f-4dc2-a2e1-97fdaf57fbae,"#N/A","#N/A",false,Web,"#N/A","#N/A",Medium,"#N/A",New,Subject_htgua,"#N/A","#N/A","#N/A","#N/A","#N/A"
16dad3c2-9655-4848-9d5d-ba6594992bd6,"#N/A","#N/A",false,Web,"#N/A","#N/A",Medium,"#N/A",New,Subject_thfva,"#N/A","#N/A","#N/A","#N/A","#N/A"
16dbeddf-3f41-4adc-9b11-36956bdaf2f0,"#N/A","#N/A",false,Web,"#N/A","#N/A",Medium,"#N/A",New,Subject_picvf,"#N/A","#N/A","#N/A","#N/A","#N/A"
16dcbd6a-d42f-4e4a-9c5f-7fff39a81705,"#N/A","#N/A",false,Web,"#N/A","#N/A",Medium,"#N/A",New,Subject_mbqnc,"#N/A","#N/A","#N/A","#N/A","#N/A"
16dd3e55-c3e2-4c51-acc7-f9f51ce6aeaa,"#N/A","#N/A",false,Web,"#N/A","#N/A",Medium,"#N/A",New,Subject_sxdfv,"#N/A","#N/A","#N/A","#N/A","#N/A"
16e0a703-3496-401c-94e4-81b1445691cd,"#N/A","#N/A",false,Web,"#N/A","#N/A",Medium,"#N/A",New,Subject_wxawu,"#N/A","#N/A","#N/A","#N/A","#N/A"
16e44e03-998c-4cd5-bafc-6ae7d7e15775,"#N/A","#N/A",false,Web,"#N/A","#N/A",Medium,"#N/A",New,Subject_lxpts,"#N/A","#N/A","#N/A","#N/A","#N/A"
16e4fc36-c1ee-4755-a9d2-96ad4203c2f7,"#N/A","#N/A",false,Web,"#N/A","#N/A",Medium,"#N/A",New,Subject_immgc,"#N/A","#N/A","#N/A","#N/A","#N/A"
16e53d5b-b652-4d35-abcc-30cd1a2d65c9,"#N/A","#N/A",false,Web,"#N/A","#N/A",Medium,"#N/A",New,Subject_ibemx,"#N/A","#N/A","#N/A","#N/A","#N/A"
16f0936d-8ed2-4146-b035-9076d9c29c03,"#N/A","#N/A",false,Web,"#N/A","#N/A",Medium,"#N/A",New,Subject_wmdjv,"#N/A","#N/A","#N/A","#N/A","#N/A"
16f22f74-eb9e-4343-af7a-30fcf0b2687c,"#N/A","#N/A",false,Web,"#N/A","#N/A",Medium,"#N/A",New,Subject_gsknz,"#N/A","#N/A","#N/A","#N/A","#N/A"
16f37f27-33e9-419c-b8a4-449faf601bd3,"#N/A","#N/A",false,Web,"#N/A","#N/A",Medium,"#N/A",New,Subject_xlgaw,"#N/A","#N/A","#N/A","#N/A","#N/A"
16f390f1-af28-4bde-966e-526afe69be57,"#N/A","#N/A",false,Web,"#N/A","#N/A",Medium,"#N/A",New,Subject_nqmxh,"#N/A","#N/A","#N/A","#N/A","#N/A"
16f43800-bd4d-4013-8523-f79bff60769a,"#N/A","#N/A",false,Web,"#N/A","#N/A",Medium,"#N/A",New,Subject_hyiwk,"#N/A","#N/A","#N/A","#N/A","#N/A"
16f469dd-c72f-4467-a7ef-48af9bac048d,"#N/A","#N/A",false,Web,"#N/A","#N/A",Medium,"#N/A",New,Subject_hxvud,"#N/A","#N/A","#N/A","#N/A","#N/A"
16f5a458-12f9-4927-837a-7e8cf66ba555,"#N/A","#N/A",false,Web,"#N/A","#N/A",Medium,"#N/A",New,Subject_dqjbv,"#N/A","#N/A","#N/A","#N/A","#N/A"
16f88186-46bc-4b58-b706-bfaf64a93eec,"#N/A","#N/A",false,Web,"#N/A","#N/A",Medium,"#N/A",New,Subject_gluct,"#N/A","#N/A","#N/A","#N/A","#N/A"
16f9417f-beb9-4d66-9da2-42891cc09955,"#N/A","#N/A",false,Web,"#N/A","#N/A",Medium,"#N/A",New,Subject_zmeky,"#N/A","#N/A","#N/A","#N/A","#N/A"
16fb334e-ef07-4b9a-a411-ed070a1c1b49,"#N/A","#N/A",false,Web,"#N/A","#N/A",Medium,"#N/A",New,Subject_jcnuj,"#N/A","#N/A","#N/A","#N/A","#N/A"
16fd8e69-8a99-40bf-afe9-0bbbf59e56f8,"#N/A","#N/A",false,Web,"#N/A","#N/A",Medium,"#N/A",New,Subject_kpjof,"#N/A","#N/A","#N/A","#N/A","#N/A"
16ff0c36-2cea-4676-a030-5caddeeeb7bf,"#N/A","#N/A",false,Web,"#N/A","#N/A",Medium,"#N/A",New,Subject_ylcey,"#N/A","#N/A","#N/A","#N/A","#N/A"
16ff87e6-8807-41db-a7be-cd75d167c71f,"#N/A","#N/A",false,Web,"#N/A","#N/A",Medium,"#N/A",New,Subject_yhfmp,"#N/A","#N/A","#N/A","#N/A","#N/A"
1700fd9f-c945-4fce-8fd4-0a8f3188537d,"#N/A","#N/A",false,Web,"#N/A","#N/A",Medium,"#N/A",New,Subject_obzps,"#N/A","#N/A","#N/A","#N/A","#N/A"
1706b027-4f78-4861-8e20-90863014e630,"#N/A","#N/A",false,Web,"#N/A","#N/A",Medium,"#N/A",New,Subject_apaxd,"#N/A","#N/A","#N/A","#N/A","#N/A"
1707834c-cad6-4175-b618-653973866687,"#N/A","#N/A",false,Web,"#N/A","#N/A",Medium,"#N/A",New,Subject_hevur,"#N/A","#N/A","#N/A","#N/A","#N/A"
170f59c7-c54b-4559-a9a3-04f376d26d50,"#N/A","#N/A",false,Web,"#N/A","#N/A",Medium,"#N/A",New,Subject_gklfl,"#N/A","#N/A","#N/A","#N/A","#N/A"
17171166-c0b0-4d05-af5c-61969daccaf5,"#N/A","#N/A",false,Web,"#N/A","#N/A",Medium,"#N/A",New,Subject_ixpcg,"#N/A","#N/A","#N/A","#N/A","#N/A"
17188270-ce9e-4e52-86e6-31e0a9dec616,"#N/A","#N/A",false,Web,"#N/A","#N/A",Medium,"#N/A",New,Subject_emrrs,"#N/A","#N/A","#N/A","#N/A","#N/A"
171b892a-e63a-4deb-bb42-d5a020ff62ed,"#N/A","#N/A",false,Web,"#N/A","#N/A",Medium,"#N/A",New,Subject_ukypi,"#N/A","#N/A","#N/A","#N/A","#N/A"
171c6847-3fab-4e02-a756-d1fec0b75f95,"#N/A","#N/A",false,Web,"#N/A","#N/A",Medium,"#N/A",New,Subject_zyjux,"#N/A","#N/A","#N/A","#N/A","#N/A"
17221462-508f-4744-9103-87f3d4af31f2,"#N/A","#N/A",false,Web,"#N/A","#N/A",Medium,"#N/A",New,Subject_xuxwk,"#N/A","#N/A","#N/A","#N/A","#N/A"
172b129d-be5f-4ac7-918c-3eeecc7bb7e6,"#N/A","#N/A",false,Web,"#N/A","#N/A",Medium,"#N/A",New,Subject_uaika,"#N/A","#N/A","#N/A","#N/A","#N/A"
172bae9d-5399-4b4d-96ea-c9004bf14b66,"#N/A","#N/A",false,Web,"#N/A","#N/A",Medium,"#N/A",New,Subject_insbq,"#N/A","#N/A","#N/A","#N/A","#N/A"
17335703-cfa1-49a6-b36f-b51350d46f1d,"#N/A","#N/A",false,Web,"#N/A","#N/A",Medium,"#N/A",New,Subject_mpafo,"#N/A","#N/A","#N/A","#N/A","#N/A"
173357b1-d2e1-4ffa-8519-660163dec562,"#N/A","#N/A",false,Web,"#N/A","#N/A",Medium,"#N/A",New,Subject_zuzym,"#N/A","#N/A","#N/A","#N/A","#N/A"
1733c88d-31f6-403b-9be4-2314cdd8d20a,"#N/A","#N/A",false,Web,"#N/A","#N/A",Medium,"#N/A",New,Subject_inkfb,"#N/A","#N/A","#N/A","#N/A","#N/A"
1737e0c4-9c39-4499-ae8b-492b8f6f2e23,"#N/A","#N/A",false,Web,"#N/A","#N/A",Medium,"#N/A",New,Subject_rsbka,"#N/A","#N/A","#N/A","#N/A","#N/A"
17437108-ae43-4039-a59d-299ae90cfac0,"#N/A","#N/A",false,Web,"#N/A","#N/A",Medium,"#N/A",New,Subject_cmygz,"#N/A","#N/A","#N/A","#N/A","#N/A"
1747125d-557c-4d2e-b13b-ec28750979c0,"#N/A","#N/A",false,Web,"#N/A","#N/A",Medium,"#N/A",New,Subject_fmgpc,"#N/A","#N/A","#N/A","#N/A","#N/A"
17472161-28ae-450a-9437-821634768f96,"#N/A","#N/A",false,Web,"#N/A","#N/A",Medium,"#N/A",New,Subject_oeqqu,"#N/A","#N/A","#N/A","#N/A","#N/A"
174744ba-9a96-4726-b41e-c34cf96cb1bc,"#N/A","#N/A",false,Web,"#N/A","#N/A",Medium,"#N/A",New,Subject_idtat,"#N/A","#N/A","#N/A","#N/A","#N/A"
174ca845-4bc8-4a30-8629-bc6423bf26fb,"#N/A","#N/A",false,Web,"#N/A","#N/A",Medium,"#N/A",New,Subject_ibrhz,"#N/A","#N/A","#N/A","#N/A","#N/A"
174e4269-07e5-4d40-879e-9c77aa259215,"#N/A","#N/A",false,Web,"#N/A","#N/A",Medium,"#N/A",New,Subject_wgaew,"#N/A","#N/A","#N/A","#N/A","#N/A"
174f24db-c2af-4870-a33c-e4ccbe1d6362,"#N/A","#N/A",false,Web,"#N/A","#N/A",Medium,"#N/A",New,Subject_txzeq,"#N/A","#N/A","#N/A","#N/A","#N/A"
1754fb2c-e70d-49dc-9bea-d08d6b91efdc,"#N/A","#N/A",false,Web,"#N/A","#N/A",Medium,"#N/A",New,Subject_ofial,"#N/A","#N/A","#N/A","#N/A","#N/A"
17555e86-4a7f-42bd-a4b4-a4bc7e29160f,"#N/A","#N/A",false,Web,"#N/A","#N/A",Medium,"#N/A",New,Subject_eilme,"#N/A","#N/A","#N/A","#N/A","#N/A"
1756fbaf-8ced-4cb2-a33d-c2f6a13bf020,"#N/A","#N/A",false,Web,"#N/A","#N/A",Medium,"#N/A",New,Subject_hwygo,"#N/A","#N/A","#N/A","#N/A","#N/A"
1759cbd9-ada2-420c-a192-4f91269ee3c1,"#N/A","#N/A",false,Web,"#N/A","#N/A",Medium,"#N/A",New,Subject_oaqrx,"#N/A","#N/A","#N/A","#N/A","#N/A"
175f8bb3-8e3b-4a48-bc08-f5a789ca767c,"#N/A","#N/A",false,Web,"#N/A","#N/A",Medium,"#N/A",New,Subject_ewzwd,"#N/A","#N/A","#N/A","#N/A","#N/A"
175fc422-65aa-4a61-b248-1dfc44d272f8,"#N/A","#N/A",false,Web,"#N/A","#N/A",Medium,"#N/A",New,Subject_xetdb,"#N/A","#N/A","#N/A","#N/A","#N/A"
17658085-fb30-4e0d-a24d-52e13d970491,"#N/A","#N/A",false,Web,"#N/A","#N/A",Medium,"#N/A",New,Subject_nrogt,"#N/A","#N/A","#N/A","#N/A","#N/A"
17669d83-370b-4355-a624-a58e83910be0,"#N/A","#N/A",false,Web,"#N/A","#N/A",Medium,"#N/A",New,Subject_damwx,"#N/A","#N/A","#N/A","#N/A","#N/A"
17698b0c-8b06-4537-a05f-2fc452ce0cc6,"#N/A","#N/A",false,Web,"#N/A","#N/A",Medium,"#N/A",New,Subject_cdhuy,"#N/A","#N/A","#N/A","#N/A","#N/A"
1770d7b1-48dc-43cb-b83e-ebe157dfcbe8,"#N/A","#N/A",false,Web,"#N/A","#N/A",Medium,"#N/A",New,Subject_xxxqi,"#N/A","#N/A","#N/A","#N/A","#N/A"
17733ccd-7614-41b9-8447-788100daec32,"#N/A","#N/A",false,Web,"#N/A","#N/A",Medium,"#N/A",New,Subject_rqggk,"#N/A","#N/A","#N/A","#N/A","#N/A"
1773b43b-7414-4f4a-9381-6ae7a99b7852,"#N/A","#N/A",false,Web,"#N/A","#N/A",Medium,"#N/A",New,Subject_rrmgn,"#N/A","#N/A","#N/A","#N/A","#N/A"
17745670-ab42-41f3-abac-8ddc24108b58,"#N/A","#N/A",false,Web,"#N/A","#N/A",Medium,"#N/A",New,Subject_etrtl,"#N/A","#N/A","#N/A","#N/A","#N/A"
1774d0d7-7d1c-4def-97d8-f007701fbd8d,"#N/A","#N/A",false,Web,"#N/A","#N/A",Medium,"#N/A",New,Subject_vpauq,"#N/A","#N/A","#N/A","#N/A","#N/A"
1779b4af-56c5-434b-a43a-37ecc80681bb,"#N/A","#N/A",false,Web,"#N/A","#N/A",Medium,"#N/A",New,Subject_wgafp,"#N/A","#N/A","#N/A","#N/A","#N/A"
177c304b-98f5-4a24-b5b8-a839502fdec0,"#N/A","#N/A",false,Web,"#N/A","#N/A",Medium,"#N/A",New,Subject_mlpfm,"#N/A","#N/A","#N/A","#N/A","#N/A"
177c57ee-1e35-4045-a02b-35006c44546e,"#N/A","#N/A",false,Web,"#N/A","#N/A",Medium,"#N/A",New,Subject_jsqsa,"#N/A","#N/A","#N/A","#N/A","#N/A"
177e5326-42fa-4482-8307-d40093f04f84,"#N/A","#N/A",false,Web,"#N/A","#N/A",Medium,"#N/A",New,Subject_hywrv,"#N/A","#N/A","#N/A","#N/A","#N/A"
177ec450-39ff-43cc-84ce-a57213a97672,"#N/A","#N/A",false,Web,"#N/A","#N/A",Medium,"#N/A",New,Subject_xkgig,"#N/A","#N/A","#N/A","#N/A","#N/A"
17855d2d-86bc-454d-b720-84bc26e252be,"#N/A","#N/A",false,Web,"#N/A","#N/A",Medium,"#N/A",New,Subject_dbjob,"#N/A","#N/A","#N/A","#N/A","#N/A"
178573a2-376d-4eef-8f58-78bea830e5d1,"#N/A","#N/A",false,Web,"#N/A","#N/A",Medium,"#N/A",New,Subject_ryhme,"#N/A","#N/A","#N/A","#N/A","#N/A"
178887d7-fb1e-450e-8f2b-07100bacf015,"#N/A","#N/A",false,Web,"#N/A","#N/A",Medium,"#N/A",New,Subject_fhlog,"#N/A","#N/A","#N/A","#N/A","#N/A"
178aba80-f233-41ea-8a79-5102dd26df98,"#N/A","#N/A",false,Web,"#N/A","#N/A",Medium,"#N/A",New,Subject_wiyqs,"#N/A","#N/A","#N/A","#N/A","#N/A"
178d78f2-16df-426a-8323-c43900ccc2ed,"#N/A","#N/A",false,Web,"#N/A","#N/A",Medium,"#N/A",New,Subject_bkbtj,"#N/A","#N/A","#N/A","#N/A","#N/A"
178f3c48-3327-418c-b9c9-eb3477590e6f,"#N/A","#N/A",false,Web,"#N/A","#N/A",Medium,"#N/A",New,Subject_lzqqx,"#N/A","#N/A","#N/A","#N/A","#N/A"
17926234-68df-4ca4-a36d-56a96d026f90,"#N/A","#N/A",false,Web,"#N/A","#N/A",Medium,"#N/A",New,Subject_pxenq,"#N/A","#N/A","#N/A","#N/A","#N/A"
17934f10-89d5-4655-895a-9381df7d3aa9,"#N/A","#N/A",false,Web,"#N/A","#N/A",Medium,"#N/A",New,Subject_htccr,"#N/A","#N/A","#N/A","#N/A","#N/A"
1794a0b9-997c-4587-ae0c-e7e74cceac1a,"#N/A","#N/A",false,Web,"#N/A","#N/A",Medium,"#N/A",New,Subject_oxkiw,"#N/A","#N/A","#N/A","#N/A","#N/A"
1797d3d7-b572-4e71-82f7-869d6c4abf3b,"#N/A","#N/A",false,Web,"#N/A","#N/A",Medium,"#N/A",New,Subject_tqpxz,"#N/A","#N/A","#N/A","#N/A","#N/A"
179bd86e-756c-4c51-b654-2cf6dd7d9e22,"#N/A","#N/A",false,Web,"#N/A","#N/A",Medium,"#N/A",New,Subject_brmjn,"#N/A","#N/A","#N/A","#N/A","#N/A"
179c79b1-5983-4ccc-ae45-38e7c6a33184,"#N/A","#N/A",false,Web,"#N/A","#N/A",Medium,"#N/A",New,Subject_wsqxs,"#N/A","#N/A","#N/A","#N/A","#N/A"
17a0afdb-fec1-4aa1-a7d9-bf4740698557,"#N/A","#N/A",false,Web,"#N/A","#N/A",Medium,"#N/A",New,Subject_wctbv,"#N/A","#N/A","#N/A","#N/A","#N/A"
17a0c1f6-3222-498c-8cde-6d608cb06269,"#N/A","#N/A",false,Web,"#N/A","#N/A",Medium,"#N/A",New,Subject_ooaqh,"#N/A","#N/A","#N/A","#N/A","#N/A"
17a2ba0e-bd79-4197-bb1a-4eb456568a85,"#N/A","#N/A",false,Web,"#N/A","#N/A",Medium,"#N/A",New,Subject_rzooo,"#N/A","#N/A","#N/A","#N/A","#N/A"
17a4538e-e9ff-4580-b9e3-c680ba8acb98,"#N/A","#N/A",false,Web,"#N/A","#N/A",Medium,"#N/A",New,Subject_ztxvt,"#N/A","#N/A","#N/A","#N/A","#N/A"
17ab57d8-fff4-4f52-a536-f2201623513d,"#N/A","#N/A",false,Web,"#N/A","#N/A",Medium,"#N/A",New,Subject_xitld,"#N/A","#N/A","#N/A","#N/A","#N/A"
17ac38e7-ca9f-4b2d-9f38-772045a81ca4,"#N/A","#N/A",false,Web,"#N/A","#N/A",Medium,"#N/A",New,Subject_uytnx,"#N/A","#N/A","#N/A","#N/A","#N/A"
17b0eee6-07a9-415a-99fb-50689074df10,"#N/A","#N/A",false,Web,"#N/A","#N/A",Medium,"#N/A",New,Subject_boadv,"#N/A","#N/A","#N/A","#N/A","#N/A"
17bb5b15-aa13-4e76-b854-df6ad47588db,"#N/A","#N/A",false,Web,"#N/A","#N/A",Medium,"#N/A",New,Subject_cbbue,"#N/A","#N/A","#N/A","#N/A","#N/A"
17bcfd31-810b-4b27-80cc-07a2a4f3741a,"#N/A","#N/A",false,Web,"#N/A","#N/A",Medium,"#N/A",New,Subject_ltufq,"#N/A","#N/A","#N/A","#N/A","#N/A"
17c0f154-175b-4f47-860f-c3ace6100e9c,"#N/A","#N/A",false,Web,"#N/A","#N/A",Medium,"#N/A",New,Subject_sfjmo,"#N/A","#N/A","#N/A","#N/A","#N/A"
17c7ba83-6fab-48f2-a2d2-193f53b3421f,"#N/A","#N/A",false,Web,"#N/A","#N/A",Medium,"#N/A",New,Subject_fkqbc,"#N/A","#N/A","#N/A","#N/A","#N/A"
17c84ba5-2620-4a59-a97d-cc4d56f6bdf1,"#N/A","#N/A",false,Web,"#N/A","#N/A",Medium,"#N/A",New,Subject_usesr,"#N/A","#N/A","#N/A","#N/A","#N/A"
17cb915f-3d7a-4767-a114-5c6ccac6d5ff,"#N/A","#N/A",false,Web,"#N/A","#N/A",Medium,"#N/A",New,Subject_noxmb,"#N/A","#N/A","#N/A","#N/A","#N/A"
17cbc5d8-3065-4874-8242-1226d0703304,"#N/A","#N/A",false,Web,"#N/A","#N/A",Medium,"#N/A",New,Subject_cgkex,"#N/A","#N/A","#N/A","#N/A","#N/A"
17d4da48-fc17-47a8-beaa-aaf5b38fa8c5,"#N/A","#N/A",false,Web,"#N/A","#N/A",Medium,"#N/A",New,Subject_qkigy,"#N/A","#N/A","#N/A","#N/A","#N/A"
17d5852d-c2a9-4b09-adc9-a8d7cb6e5a75,"#N/A","#N/A",false,Web,"#N/A","#N/A",Medium,"#N/A",New,Subject_pdsvp,"#N/A","#N/A","#N/A","#N/A","#N/A"
17d7cbe2-8974-45fc-8a12-021e9726b845,"#N/A","#N/A",false,Web,"#N/A","#N/A",Medium,"#N/A",New,Subject_xiewo,"#N/A","#N/A","#N/A","#N/A","#N/A"
17dc5889-9a18-4b97-84c3-e40b502be68d,"#N/A","#N/A",false,Web,"#N/A","#N/A",Medium,"#N/A",New,Subject_dmcue,"#N/A","#N/A","#N/A","#N/A","#N/A"
17e1eb90-d7da-4a69-9082-2e203b227a63,"#N/A","#N/A",false,Web,"#N/A","#N/A",Medium,"#N/A",New,Subject_nbdeg,"#N/A","#N/A","#N/A","#N/A","#N/A"
17e40a94-5d4f-48d8-a76d-b8e8e4823ac3,"#N/A","#N/A",false,Web,"#N/A","#N/A",Medium,"#N/A",New,Subject_mdvci,"#N/A","#N/A","#N/A","#N/A","#N/A"
17e7da25-8ebc-43cf-ad7e-e5d1d78c5f85,"#N/A","#N/A",false,Web,"#N/A","#N/A",Medium,"#N/A",New,Subject_ywano,"#N/A","#N/A","#N/A","#N/A","#N/A"
17e87918-a2bf-4555-9c99-3c239f332571,"#N/A","#N/A",false,Web,"#N/A","#N/A",Medium,"#N/A",New,Subject_wfwnn,"#N/A","#N/A","#N/A","#N/A","#N/A"
17f0ccb8-55ad-4f8c-8762-2ea45cd168e2,"#N/A","#N/A",false,Web,"#N/A","#N/A",Medium,"#N/A",New,Subject_nnwym,"#N/A","#N/A","#N/A","#N/A","#N/A"
17f0ef78-4265-4380-a464-5e843d2d5b68,"#N/A","#N/A",false,Web,"#N/A","#N/A",Medium,"#N/A",New,Subject_wxkkq,"#N/A","#N/A","#N/A","#N/A","#N/A"
17f12fea-8067-4be6-a483-c1a6d279229e,"#N/A","#N/A",false,Web,"#N/A","#N/A",Medium,"#N/A",New,Subject_yothe,"#N/A","#N/A","#N/A","#N/A","#N/A"
17f7f45c-1b79-4ff7-a6d7-07758c164f71,"#N/A","#N/A",false,Web,"#N/A","#N/A",Medium,"#N/A",New,Subject_rhwqq,"#N/A","#N/A","#N/A","#N/A","#N/A"
17f82689-efa7-458b-8902-fb39335c8ea0,"#N/A","#N/A",false,Web,"#N/A","#N/A",Medium,"#N/A",New,Subject_nmexw,"#N/A","#N/A","#N/A","#N/A","#N/A"
17f85a45-4af1-45c2-82b4-35776c4a5103,"#N/A","#N/A",false,Web,"#N/A","#N/A",Medium,"#N/A",New,Subject_mqwwg,"#N/A","#N/A","#N/A","#N/A","#N/A"
17f99a05-ac9f-4a61-a8d9-782a5bef7caf,"#N/A","#N/A",false,Web,"#N/A","#N/A",Medium,"#N/A",New,Subject_qgilw,"#N/A","#N/A","#N/A","#N/A","#N/A"
17fafb6a-a851-4dc7-aa3c-1e1cf0ee8c2f,"#N/A","#N/A",false,Web,"#N/A","#N/A",Medium,"#N/A",New,Subject_anwda,"#N/A","#N/A","#N/A","#N/A","#N/A"
17fdb4da-e2ff-406f-8587-358f8e5de79a,"#N/A","#N/A",false,Web,"#N/A","#N/A",Medium,"#N/A",New,Subject_jvsmc,"#N/A","#N/A","#N/A","#N/A","#N/A"
1803118f-318d-436b-aa8f-601f2476f2d2,"#N/A","#N/A",false,Web,"#N/A","#N/A",Medium,"#N/A",New,Subject_clebg,"#N/A","#N/A","#N/A","#N/A","#N/A"
1803237a-3675-4c37-bdc2-ab65da4e509a,"#N/A","#N/A",false,Web,"#N/A","#N/A",Medium,"#N/A",New,Subject_zagcg,"#N/A","#N/A","#N/A","#N/A","#N/A"
180532f6-9645-465d-b745-f89965c73ecb,"#N/A","#N/A",false,Web,"#N/A","#N/A",Medium,"#N/A",New,Subject_dxtvy,"#N/A","#N/A","#N/A","#N/A","#N/A"
1807a650-78f5-4a95-a47a-b0f4fef3128a,"#N/A","#N/A",false,Web,"#N/A","#N/A",Medium,"#N/A",New,Subject_gpqwb,"#N/A","#N/A","#N/A","#N/A","#N/A"
1809053a-50a8-499e-8e97-079afef23870,"#N/A","#N/A",false,Web,"#N/A","#N/A",Medium,"#N/A",New,Subject_rehpg,"#N/A","#N/A","#N/A","#N/A","#N/A"
180b5ffb-e1f6-4610-891f-4849e970a29f,"#N/A","#N/A",false,Web,"#N/A","#N/A",Medium,"#N/A",New,Subject_gtcbx,"#N/A","#N/A","#N/A","#N/A","#N/A"
180d532c-3505-4655-a525-65a4365e8cb1,"#N/A","#N/A",false,Web,"#N/A","#N/A",Medium,"#N/A",New,Subject_qfkrv,"#N/A","#N/A","#N/A","#N/A","#N/A"
1811667e-5b6e-467b-b508-2f1bb87dc233,"#N/A","#N/A",false,Web,"#N/A","#N/A",Medium,"#N/A",New,Subject_kxivw,"#N/A","#N/A","#N/A","#N/A","#N/A"
18133fc7-f427-45b4-b783-3bd0459d719a,"#N/A","#N/A",false,Web,"#N/A","#N/A",Medium,"#N/A",New,Subject_yazje,"#N/A","#N/A","#N/A","#N/A","#N/A"
1814eb96-ca35-43a9-b220-f8d423733f87,"#N/A","#N/A",false,Web,"#N/A","#N/A",Medium,"#N/A",New,Subject_ksvkn,"#N/A","#N/A","#N/A","#N/A","#N/A"
1814f8b3-27e4-46ac-941e-d06a2d281572,"#N/A","#N/A",false,Web,"#N/A","#N/A",Medium,"#N/A",New,Subject_tphns,"#N/A","#N/A","#N/A","#N/A","#N/A"
18156559-302c-4339-bf8d-732921d2ec5c,"#N/A","#N/A",false,Web,"#N/A","#N/A",Medium,"#N/A",New,Subject_emrrs,"#N/A","#N/A","#N/A","#N/A","#N/A"
1816a21c-7213-476a-bb22-f2a76dd6c41e,"#N/A","#N/A",false,Web,"#N/A","#N/A",Medium,"#N/A",New,Subject_tdcek,"#N/A","#N/A","#N/A","#N/A","#N/A"
181a7098-3454-48fe-ba42-34fdd8e167e0,"#N/A","#N/A",false,Web,"#N/A","#N/A",Medium,"#N/A",New,Subject_unmbv,"#N/A","#N/A","#N/A","#N/A","#N/A"
181d25f4-56dc-441c-8b8f-1c1efec1f150,"#N/A","#N/A",false,Web,"#N/A","#N/A",Medium,"#N/A",New,Subject_zlbrp,"#N/A","#N/A","#N/A","#N/A","#N/A"
181f0147-4f40-4d01-a8b8-d3274a242a96,"#N/A","#N/A",false,Web,"#N/A","#N/A",Medium,"#N/A",New,Subject_capyr,"#N/A","#N/A","#N/A","#N/A","#N/A"
181f75a3-c7e3-479b-9643-45f4c90fad1f,"#N/A","#N/A",false,Web,"#N/A","#N/A",Medium,"#N/A",New,Subject_shhxf,"#N/A","#N/A","#N/A","#N/A","#N/A"
1822b19d-440c-4346-a032-a6a7ccb82941,"#N/A","#N/A",false,Web,"#N/A","#N/A",Medium,"#N/A",New,Subject_nxxic,"#N/A","#N/A","#N/A","#N/A","#N/A"
1824eb92-2127-4d0d-87b9-1041c74b4530,"#N/A","#N/A",false,Web,"#N/A","#N/A",Medium,"#N/A",New,Subject_pjeui,"#N/A","#N/A","#N/A","#N/A","#N/A"
18281fe1-d203-49eb-b141-fddff94e66c3,"#N/A","#N/A",false,Web,"#N/A","#N/A",Medium,"#N/A",New,Subject_zbmme,"#N/A","#N/A","#N/A","#N/A","#N/A"
1828a22d-fe47-4ce3-ba88-faedddcff9e3,"#N/A","#N/A",false,Web,"#N/A","#N/A",Medium,"#N/A",New,Subject_mbuln,"#N/A","#N/A","#N/A","#N/A","#N/A"
1828c0f6-58fb-4dec-a833-3e2a0936c4bd,"#N/A","#N/A",false,Web,"#N/A","#N/A",Medium,"#N/A",New,Subject_yfuvp,"#N/A","#N/A","#N/A","#N/A","#N/A"
1828d927-6e1b-4250-89aa-0255c4854b03,"#N/A","#N/A",false,Web,"#N/A","#N/A",Medium,"#N/A",New,Subject_jfvgv,"#N/A","#N/A","#N/A","#N/A","#N/A"
182a18b7-52da-4b55-97e1-2cf04057c6ff,"#N/A","#N/A",false,Web,"#N/A","#N/A",Medium,"#N/A",New,Subject_cdxox,"#N/A","#N/A","#N/A","#N/A","#N/A"
182b8c69-df1b-4009-afd7-107a55eb4b56,"#N/A","#N/A",false,Web,"#N/A","#N/A",Medium,"#N/A",New,Subject_wfkoe,"#N/A","#N/A","#N/A","#N/A","#N/A"
1833b27f-1e2f-4dcf-a4f1-215bbe4a8c60,"#N/A","#N/A",false,Web,"#N/A","#N/A",Medium,"#N/A",New,Subject_hplxb,"#N/A","#N/A","#N/A","#N/A","#N/A"
18372c56-2b21-4fa8-871d-91da25c78bce,"#N/A","#N/A",false,Web,"#N/A","#N/A",Medium,"#N/A",New,Subject_qbuhk,"#N/A","#N/A","#N/A","#N/A","#N/A"
183891f7-700e-4726-9727-5764420a82db,"#N/A","#N/A",false,Web,"#N/A","#N/A",Medium,"#N/A",New,Subject_wpmrp,"#N/A","#N/A","#N/A","#N/A","#N/A"
18411168-cce1-403a-8e0f-9853d16ed2b2,"#N/A","#N/A",false,Web,"#N/A","#N/A",Medium,"#N/A",New,Subject_ngbzx,"#N/A","#N/A","#N/A","#N/A","#N/A"
184784c8-d887-4cd7-a064-a9151ee33355,"#N/A","#N/A",false,Web,"#N/A","#N/A",Medium,"#N/A",New,Subject_yxnfc,"#N/A","#N/A","#N/A","#N/A","#N/A"
18488321-f047-4968-a851-6c13a1fd81aa,"#N/A","#N/A",false,Web,"#N/A","#N/A",Medium,"#N/A",New,Subject_zubqv,"#N/A","#N/A","#N/A","#N/A","#N/A"
184af9a7-7066-42c4-836e-9a7ff5fecf02,"#N/A","#N/A",false,Web,"#N/A","#N/A",Medium,"#N/A",New,Subject_xqjfi,"#N/A","#N/A","#N/A","#N/A","#N/A"
184b325f-eb3c-486a-8ca4-05c999641c7b,"#N/A","#N/A",false,Web,"#N/A","#N/A",Medium,"#N/A",New,Subject_sfaji,"#N/A","#N/A","#N/A","#N/A","#N/A"
184d93d1-5965-47e8-8d68-bedd452216c7,"#N/A","#N/A",false,Web,"#N/A","#N/A",Medium,"#N/A",New,Subject_jkddu,"#N/A","#N/A","#N/A","#N/A","#N/A"
184e7d58-094e-4c3a-95a9-1eec3efd6349,"#N/A","#N/A",false,Web,"#N/A","#N/A",Medium,"#N/A",New,Subject_boqhs,"#N/A","#N/A","#N/A","#N/A","#N/A"
18533e21-e57b-449a-9dae-00aec0aa38e2,"#N/A","#N/A",false,Web,"#N/A","#N/A",Medium,"#N/A",New,Subject_cnnhl,"#N/A","#N/A","#N/A","#N/A","#N/A"
1854b204-f920-4822-8743-4ad547851c45,"#N/A","#N/A",false,Web,"#N/A","#N/A",Medium,"#N/A",New,Subject_bitlv,"#N/A","#N/A","#N/A","#N/A","#N/A"
1859278f-f17d-4441-98ad-cdc6a6e58786,"#N/A","#N/A",false,Web,"#N/A","#N/A",Medium,"#N/A",New,Subject_jmevl,"#N/A","#N/A","#N/A","#N/A","#N/A"
185a21f6-37e9-4cb8-8921-fb64f666119b,"#N/A","#N/A",false,Web,"#N/A","#N/A",Medium,"#N/A",New,Subject_ksvtl,"#N/A","#N/A","#N/A","#N/A","#N/A"
185b0028-6f96-4efb-948c-bf9c2e82209c,"#N/A","#N/A",false,Web,"#N/A","#N/A",Medium,"#N/A",New,Subject_prjva,"#N/A","#N/A","#N/A","#N/A","#N/A"
185b5b7d-1648-4fce-8ae3-da4a40f079f6,"#N/A","#N/A",false,Web,"#N/A","#N/A",Medium,"#N/A",New,Subject_iojgb,"#N/A","#N/A","#N/A","#N/A","#N/A"
185b7ffc-e8ff-4451-bb6d-928819c8a4be,"#N/A","#N/A",false,Web,"#N/A","#N/A",Medium,"#N/A",New,Subject_gzitw,"#N/A","#N/A","#N/A","#N/A","#N/A"
185c2074-3c8b-46ad-903d-9f74f7efee87,"#N/A","#N/A",false,Web,"#N/A","#N/A",Medium,"#N/A",New,Subject_dhgsx,"#N/A","#N/A","#N/A","#N/A","#N/A"
185c6790-b99a-4cf5-8155-3ebe627d180d,"#N/A","#N/A",false,Web,"#N/A","#N/A",Medium,"#N/A",New,Subject_owmry,"#N/A","#N/A","#N/A","#N/A","#N/A"
185d079c-8ee2-496b-9acb-ef43da192c41,"#N/A","#N/A",false,Web,"#N/A","#N/A",Medium,"#N/A",New,Subject_qpegy,"#N/A","#N/A","#N/A","#N/A","#N/A"
18614c0f-b854-4402-8ca5-e66b578ca4ff,"#N/A","#N/A",false,Web,"#N/A","#N/A",Medium,"#N/A",New,Subject_dzyxo,"#N/A","#N/A","#N/A","#N/A","#N/A"
1862db72-7b97-49ec-afd3-1be287c34d55,"#N/A","#N/A",false,Web,"#N/A","#N/A",Medium,"#N/A",New,Subject_siifw,"#N/A","#N/A","#N/A","#N/A","#N/A"
1866b19b-f880-44ba-b0f3-06b67031aa28,"#N/A","#N/A",false,Web,"#N/A","#N/A",Medium,"#N/A",New,Subject_wrbvo,"#N/A","#N/A","#N/A","#N/A","#N/A"
186a42b3-6759-479d-b6e4-78c1fb196d59,"#N/A","#N/A",false,Web,"#N/A","#N/A",Medium,"#N/A",New,Subject_rvjpf,"#N/A","#N/A","#N/A","#N/A","#N/A"
186f315d-93af-4f2b-8002-e04c0b9532e5,"#N/A","#N/A",false,Web,"#N/A","#N/A",Medium,"#N/A",New,Subject_kxivw,"#N/A","#N/A","#N/A","#N/A","#N/A"
18752316-ceaa-43db-bee1-c8e7a3ccdaf3,"#N/A","#N/A",false,Web,"#N/A","#N/A",Medium,"#N/A",New,Subject_jfats,"#N/A","#N/A","#N/A","#N/A","#N/A"
187b30fd-5415-4202-b760-5b1230a41e96,"#N/A","#N/A",false,Web,"#N/A","#N/A",Medium,"#N/A",New,Subject_kvuqw,"#N/A","#N/A","#N/A","#N/A","#N/A"
187c8df7-b21c-492d-8de1-34f021b00d8c,"#N/A","#N/A",false,Web,"#N/A","#N/A",Medium,"#N/A",New,Subject_oijqc,"#N/A","#N/A","#N/A","#N/A","#N/A"
18818a89-00c1-41eb-bbc2-6c64d97cf860,"#N/A","#N/A",false,Web,"#N/A","#N/A",Medium,"#N/A",New,Subject_ijuev,"#N/A","#N/A","#N/A","#N/A","#N/A"
18851132-560a-4062-84ee-2dd806f77953,"#N/A","#N/A",false,Web,"#N/A","#N/A",Medium,"#N/A",New,Subject_posql,"#N/A","#N/A","#N/A","#N/A","#N/A"
188aac35-0f7a-4ef7-a2f3-ed0a6d808ccd,"#N/A","#N/A",false,Web,"#N/A","#N/A",Medium,"#N/A",New,Subject_cbivx,"#N/A","#N/A","#N/A","#N/A","#N/A"
188b3676-e248-4ea8-8785-119dc3c2fa58,"#N/A","#N/A",false,Web,"#N/A","#N/A",Medium,"#N/A",New,Subject_zrfuw,"#N/A","#N/A","#N/A","#N/A","#N/A"
188c6a87-5275-4a7e-b481-38a343823ac1,"#N/A","#N/A",false,Web,"#N/A","#N/A",Medium,"#N/A",New,Subject_rewai,"#N/A","#N/A","#N/A","#N/A","#N/A"
1891fe08-0234-4d30-bf3e-a285ff8bcaf7,"#N/A","#N/A",false,Web,"#N/A","#N/A",Medium,"#N/A",New,Subject_qcmnq,"#N/A","#N/A","#N/A","#N/A","#N/A"
18958441-a0cb-465e-b2d0-f4fb8005f13c,"#N/A","#N/A",false,Web,"#N/A","#N/A",Medium,"#N/A",New,Subject_gfown,"#N/A","#N/A","#N/A","#N/A","#N/A"
18982454-6948-4658-98ce-744b7aea0a99,"#N/A","#N/A",false,Web,"#N/A","#N/A",Medium,"#N/A",New,Subject_jojcw,"#N/A","#N/A","#N/A","#N/A","#N/A"
18984561-12c2-4bfb-95be-e40c712a61dc,"#N/A","#N/A",false,Web,"#N/A","#N/A",Medium,"#N/A",New,Subject_qanqk,"#N/A","#N/A","#N/A","#N/A","#N/A"
1898d632-08d3-4e4e-adcb-5768cc696bc9,"#N/A","#N/A",false,Web,"#N/A","#N/A",Medium,"#N/A",New,Subject_duyoa,"#N/A","#N/A","#N/A","#N/A","#N/A"
189a5015-f34d-4d98-90e6-85088de78738,"#N/A","#N/A",false,Web,"#N/A","#N/A",Medium,"#N/A",New,Subject_syciy,"#N/A","#N/A","#N/A","#N/A","#N/A"
189c1a11-4edb-48a8-8b28-c2dd151f23fc,"#N/A","#N/A",false,Web,"#N/A","#N/A",Medium,"#N/A",New,Subject_nrpvt,"#N/A","#N/A","#N/A","#N/A","#N/A"
18a56c89-1121-438b-a933-74fcaa1a8990,"#N/A","#N/A",false,Web,"#N/A","#N/A",Medium,"#N/A",New,Subject_mzbgl,"#N/A","#N/A","#N/A","#N/A","#N/A"
18a6a4a0-e050-4ec2-adbb-ade7ece287be,"#N/A","#N/A",false,Web,"#N/A","#N/A",Medium,"#N/A",New,Subject_pncup,"#N/A","#N/A","#N/A","#N/A","#N/A"
18aa0483-307d-4e7e-bfb4-756aa3b12cde,"#N/A","#N/A",false,Web,"#N/A","#N/A",Medium,"#N/A",New,Subject_fflmo,"#N/A","#N/A","#N/A","#N/A","#N/A"
18b0b43c-c113-4330-8301-3254819ecb6f,"#N/A","#N/A",false,Web,"#N/A","#N/A",Medium,"#N/A",New,Subject_cjaqa,"#N/A","#N/A","#N/A","#N/A","#N/A"
18b3bb7d-dec6-4fe5-a8d3-eb2477770bea,"#N/A","#N/A",false,Web,"#N/A","#N/A",Medium,"#N/A",New,Subject_tfbrp,"#N/A","#N/A","#N/A","#N/A","#N/A"
18bf8ded-4f10-4179-8ec4-66190af6364e,"#N/A","#N/A",false,Web,"#N/A","#N/A",Medium,"#N/A",New,Subject_xhnhf,"#N/A","#N/A","#N/A","#N/A","#N/A"
18bfa683-9457-48ab-bf14-5e01d006e085,"#N/A","#N/A",false,Web,"#N/A","#N/A",Medium,"#N/A",New,Subject_yyesf,"#N/A","#N/A","#N/A","#N/A","#N/A"
18c629c2-7c47-4865-a106-220d613755c2,"#N/A","#N/A",false,Web,"#N/A","#N/A",Medium,"#N/A",New,Subject_abjbm,"#N/A","#N/A","#N/A","#N/A","#N/A"
18cac10d-c054-4e0f-80ea-58f6e57872d1,"#N/A","#N/A",false,Web,"#N/A","#N/A",Medium,"#N/A",New,Subject_eugrp,"#N/A","#N/A","#N/A","#N/A","#N/A"
18ce0b1f-8f6c-4cd3-8db3-6c1bce9b7dd2,"#N/A","#N/A",false,Web,"#N/A","#N/A",Medium,"#N/A",New,Subject_wpiyi,"#N/A","#N/A","#N/A","#N/A","#N/A"
18cebc72-968b-4393-b595-9ea47de8221c,"#N/A","#N/A",false,Web,"#N/A","#N/A",Medium,"#N/A",New,Subject_aflyb,"#N/A","#N/A","#N/A","#N/A","#N/A"
18d6b792-3d13-473f-b670-e4ad9e44a6ae,"#N/A","#N/A",false,Web,"#N/A","#N/A",Medium,"#N/A",New,Subject_oskrz,"#N/A","#N/A","#N/A","#N/A","#N/A"
18db7d48-86bb-474b-b81e-0f065e4cae9f,"#N/A","#N/A",false,Web,"#N/A","#N/A",Medium,"#N/A",New,Subject_hhoke,"#N/A","#N/A","#N/A","#N/A","#N/A"
18de5863-397b-4d70-893c-27d3feb24b6a,"#N/A","#N/A",false,Web,"#N/A","#N/A",Medium,"#N/A",New,Subject_cuspm,"#N/A","#N/A","#N/A","#N/A","#N/A"
18de5ec4-96cb-4865-99bd-b068fc2a3882,"#N/A","#N/A",false,Web,"#N/A","#N/A",Medium,"#N/A",New,Subject_gwqtq,"#N/A","#N/A","#N/A","#N/A","#N/A"
18dec0e8-f8a7-4b40-8246-a70ee5ad8842,"#N/A","#N/A",false,Web,"#N/A","#N/A",Medium,"#N/A",New,Subject_hxcml,"#N/A","#N/A","#N/A","#N/A","#N/A"
18e7ac6a-8126-4019-82d1-a875d91f3fc4,"#N/A","#N/A",false,Web,"#N/A","#N/A",Medium,"#N/A",New,Subject_yqoti,"#N/A","#N/A","#N/A","#N/A","#N/A"
18e93218-4f41-4690-836c-5a06cadaca78,"#N/A","#N/A",false,Web,"#N/A","#N/A",Medium,"#N/A",New,Subject_kvyfk,"#N/A","#N/A","#N/A","#N/A","#N/A"
18eaa41c-923f-4144-8de0-1309028ee056,"#N/A","#N/A",false,Web,"#N/A","#N/A",Medium,"#N/A",New,Subject_gaxam,"#N/A","#N/A","#N/A","#N/A","#N/A"
18ec010f-7b8a-49d2-91dd-dcadbb8b96fd,"#N/A","#N/A",false,Web,"#N/A","#N/A",Medium,"#N/A",New,Subject_nsapx,"#N/A","#N/A","#N/A","#N/A","#N/A"
18ed6fbd-95ff-44f9-9f6e-55d4c793d096,"#N/A","#N/A",false,Web,"#N/A","#N/A",Medium,"#N/A",New,Subject_udoii,"#N/A","#N/A","#N/A","#N/A","#N/A"
18eda127-8d6d-400e-9d9b-4a972a8a50df,"#N/A","#N/A",false,Web,"#N/A","#N/A",Medium,"#N/A",New,Subject_lrkqt,"#N/A","#N/A","#N/A","#N/A","#N/A"
18ef7dcf-d181-47e4-84d6-e08465057f0b,"#N/A","#N/A",false,Web,"#N/A","#N/A",Medium,"#N/A",New,Subject_bqtqi,"#N/A","#N/A","#N/A","#N/A","#N/A"
18f641f1-5059-4723-a610-0e3cbbe086a1,"#N/A","#N/A",false,Web,"#N/A","#N/A",Medium,"#N/A",New,Subject_zzsjh,"#N/A","#N/A","#N/A","#N/A","#N/A"
18f7023e-73ed-48e9-a0d8-8ee8958c93ed,"#N/A","#N/A",false,Web,"#N/A","#N/A",Medium,"#N/A",New,Subject_kyrfb,"#N/A","#N/A","#N/A","#N/A","#N/A"
18f7cef0-81ea-406c-9ef7-dc7c7be8cbcb,"#N/A","#N/A",false,Web,"#N/A","#N/A",Medium,"#N/A",New,Subject_lgsan,"#N/A","#N/A","#N/A","#N/A","#N/A"
18f8a4f8-bb2c-4c38-9b11-dd14b98cc6f2,"#N/A","#N/A",false,Web,"#N/A","#N/A",Medium,"#N/A",New,Subject_ehxqh,"#N/A","#N/A","#N/A","#N/A","#N/A"
18faa7c3-bc25-406d-8d99-8de2445699df,"#N/A","#N/A",false,Web,"#N/A","#N/A",Medium,"#N/A",New,Subject_yymyi,"#N/A","#N/A","#N/A","#N/A","#N/A"
18ff3c2c-5308-4936-9658-99089bf3f66c,"#N/A","#N/A",false,Web,"#N/A","#N/A",Medium,"#N/A",New,Subject_clozm,"#N/A","#N/A","#N/A","#N/A","#N/A"
1900be15-3d31-457a-b208-b100f38f3015,"#N/A","#N/A",false,Web,"#N/A","#N/A",Medium,"#N/A",New,Subject_ifiqn,"#N/A","#N/A","#N/A","#N/A","#N/A"
1901b1b1-fbeb-4dc5-853f-a66e09f6451c,"#N/A","#N/A",false,Web,"#N/A","#N/A",Medium,"#N/A",New,Subject_sjrfc,"#N/A","#N/A","#N/A","#N/A","#N/A"
1904d9dd-4bd6-4082-8bd7-ddd13c5e7782,"#N/A","#N/A",false,Web,"#N/A","#N/A",Medium,"#N/A",New,Subject_jsayz,"#N/A","#N/A","#N/A","#N/A","#N/A"
19054fc1-39c5-495e-a5ea-742ee37e74eb,"#N/A","#N/A",false,Web,"#N/A","#N/A",Medium,"#N/A",New,Subject_lmysq,"#N/A","#N/A","#N/A","#N/A","#N/A"
1907d51e-527a-461e-92de-3304e2c8dca1,"#N/A","#N/A",false,Web,"#N/A","#N/A",Medium,"#N/A",New,Subject_lnjhv,"#N/A","#N/A","#N/A","#N/A","#N/A"
190a89ca-3eba-403b-ba77-e026620e3620,"#N/A","#N/A",false,Web,"#N/A","#N/A",Medium,"#N/A",New,Subject_fweqk,"#N/A","#N/A","#N/A","#N/A","#N/A"
190cc01c-bb3b-4a99-a968-1a5c8d820b53,"#N/A","#N/A",false,Web,"#N/A","#N/A",Medium,"#N/A",New,Subject_kvwzq,"#N/A","#N/A","#N/A","#N/A","#N/A"
190dc3ab-50ee-438f-b354-314a3762e806,"#N/A","#N/A",false,Web,"#N/A","#N/A",Medium,"#N/A",New,Subject_nexex,"#N/A","#N/A","#N/A","#N/A","#N/A"
190dce57-7eb9-4d26-86f6-01004099ee11,"#N/A","#N/A",false,Web,"#N/A","#N/A",Medium,"#N/A",New,Subject_ywjwz,"#N/A","#N/A","#N/A","#N/A","#N/A"
191044e2-7243-4e1a-a753-269044776c0e,"#N/A","#N/A",false,Web,"#N/A","#N/A",Medium,"#N/A",New,Subject_sltcm,"#N/A","#N/A","#N/A","#N/A","#N/A"
191208c8-f0e9-46b4-9295-ddb8b226f49d,"#N/A","#N/A",false,Web,"#N/A","#N/A",Medium,"#N/A",New,Subject_sotuh,"#N/A","#N/A","#N/A","#N/A","#N/A"
19135b33-9baf-4f3b-8227-bb8bba91041d,"#N/A","#N/A",false,Web,"#N/A","#N/A",Medium,"#N/A",New,Subject_jhmak,"#N/A","#N/A","#N/A","#N/A","#N/A"
191659e6-e722-4c4c-8dd2-6d4394792c4c,"#N/A","#N/A",false,Web,"#N/A","#N/A",Medium,"#N/A",New,Subject_qfibf,"#N/A","#N/A","#N/A","#N/A","#N/A"
1917c12e-1700-4cc9-8dc2-890813ce9946,"#N/A","#N/A",false,Web,"#N/A","#N/A",Medium,"#N/A",New,Subject_kxxxb,"#N/A","#N/A","#N/A","#N/A","#N/A"
19181b5e-8ad5-462e-b05d-0791f5bbe779,"#N/A","#N/A",false,Web,"#N/A","#N/A",Medium,"#N/A",New,Subject_qsuxa,"#N/A","#N/A","#N/A","#N/A","#N/A"
19187017-a1b9-428a-bbe9-a713f33b4f14,"#N/A","#N/A",false,Web,"#N/A","#N/A",Medium,"#N/A",New,Subject_zhnke,"#N/A","#N/A","#N/A","#N/A","#N/A"
19204c62-2161-4c27-9c2f-0bfa4873afe3,"#N/A","#N/A",false,Web,"#N/A","#N/A",Medium,"#N/A",New,Subject_hhdef,"#N/A","#N/A","#N/A","#N/A","#N/A"
19212db4-27cb-401b-84e8-3d115895217f,"#N/A","#N/A",false,Web,"#N/A","#N/A",Medium,"#N/A",New,Subject_qxnky,"#N/A","#N/A","#N/A","#N/A","#N/A"
19219186-230a-438c-8ab5-0df72d018c58,"#N/A","#N/A",false,Web,"#N/A","#N/A",Medium,"#N/A",New,Subject_yysfr,"#N/A","#N/A","#N/A","#N/A","#N/A"
1924df63-97f7-40f5-a912-7443a314f49d,"#N/A","#N/A",false,Web,"#N/A","#N/A",Medium,"#N/A",New,Subject_cdxxk,"#N/A","#N/A","#N/A","#N/A","#N/A"
1925e651-edf3-4b0a-bb1f-41317331f437,"#N/A","#N/A",false,Web,"#N/A","#N/A",Medium,"#N/A",New,Subject_odirp,"#N/A","#N/A","#N/A","#N/A","#N/A"
192aabfa-b8f9-475d-ae44-1d129cb8c300,"#N/A","#N/A",false,Web,"#N/A","#N/A",Medium,"#N/A",New,Subject_myuht,"#N/A","#N/A","#N/A","#N/A","#N/A"
192dedad-5246-4823-98b5-5ec4c4963394,"#N/A","#N/A",false,Web,"#N/A","#N/A",Medium,"#N/A",New,Subject_lpbvi,"#N/A","#N/A","#N/A","#N/A","#N/A"
192f4611-de97-4621-aa1b-64df2b8deb77,"#N/A","#N/A",false,Web,"#N/A","#N/A",Medium,"#N/A",New,Subject_zpmqt,"#N/A","#N/A","#N/A","#N/A","#N/A"
193205a7-acf3-40d6-8e0a-aeea2ac7449a,"#N/A","#N/A",false,Web,"#N/A","#N/A",Medium,"#N/A",New,Subject_pldld,"#N/A","#N/A","#N/A","#N/A","#N/A"
1933d6fe-95b7-436b-bc87-2da3bed1e565,"#N/A","#N/A",false,Web,"#N/A","#N/A",Medium,"#N/A",New,Subject_ujbbb,"#N/A","#N/A","#N/A","#N/A","#N/A"
193486b3-6f94-43d3-a0f0-4087ecadac1b,"#N/A","#N/A",false,Web,"#N/A","#N/A",Medium,"#N/A",New,Subject_hqmoc,"#N/A","#N/A","#N/A","#N/A","#N/A"
1936eb88-0b63-460a-8f6a-8054cf033d0b,"#N/A","#N/A",false,Web,"#N/A","#N/A",Medium,"#N/A",New,Subject_jbrob,"#N/A","#N/A","#N/A","#N/A","#N/A"
1936fae7-3813-4a1d-acfc-ee4948c9be9e,"#N/A","#N/A",false,Web,"#N/A","#N/A",Medium,"#N/A",New,Subject_vyglm,"#N/A","#N/A","#N/A","#N/A","#N/A"
19374ae5-5808-4d18-93cc-5c847e4a8597,"#N/A","#N/A",false,Web,"#N/A","#N/A",Medium,"#N/A",New,Subject_ohyob,"#N/A","#N/A","#N/A","#N/A","#N/A"
1939302b-e598-4de6-9e8f-5424560eee4a,"#N/A","#N/A",false,Web,"#N/A","#N/A",Medium,"#N/A",New,Subject_gtrmz,"#N/A","#N/A","#N/A","#N/A","#N/A"
193c87fb-ce87-4395-865e-d6ad7561348a,"#N/A","#N/A",false,Web,"#N/A","#N/A",Medium,"#N/A",New,Subject_zygqq,"#N/A","#N/A","#N/A","#N/A","#N/A"
19413613-7c9e-490e-97b4-9e41f33f1d81,"#N/A","#N/A",false,Web,"#N/A","#N/A",Medium,"#N/A",New,Subject_upxrb,"#N/A","#N/A","#N/A","#N/A","#N/A"
19454783-3bde-4324-b979-a948df29aa19,"#N/A","#N/A",false,Web,"#N/A","#N/A",Medium,"#N/A",New,Subject_ehunm,"#N/A","#N/A","#N/A","#N/A","#N/A"
194cc0fa-d57b-433e-bd18-c62e3b92471a,"#N/A","#N/A",false,Web,"#N/A","#N/A",Medium,"#N/A",New,Subject_tzrmc,"#N/A","#N/A","#N/A","#N/A","#N/A"
194f4223-2612-4159-84e5-d81f3469065d,"#N/A","#N/A",false,Web,"#N/A","#N/A",Medium,"#N/A",New,Subject_xwzll,"#N/A","#N/A","#N/A","#N/A","#N/A"
1952a570-af50-4b06-bab3-631c7804d844,"#N/A","#N/A",false,Web,"#N/A","#N/A",Medium,"#N/A",New,Subject_llrgw,"#N/A","#N/A","#N/A","#N/A","#N/A"
195716ff-0a26-4dae-ad7f-7933c744ecb8,"#N/A","#N/A",false,Web,"#N/A","#N/A",Medium,"#N/A",New,Subject_ghllm,"#N/A","#N/A","#N/A","#N/A","#N/A"
195cac54-ce08-4d48-aeab-ebb73e88d4dd,"#N/A","#N/A",false,Web,"#N/A","#N/A",Medium,"#N/A",New,Subject_dbhgq,"#N/A","#N/A","#N/A","#N/A","#N/A"
195f09d5-70b4-4097-87bf-83f3f9c7f190,"#N/A","#N/A",false,Web,"#N/A","#N/A",Medium,"#N/A",New,Subject_ydwtd,"#N/A","#N/A","#N/A","#N/A","#N/A"
196179f2-d5ae-4d5c-8787-8c890bf4f9cc,"#N/A","#N/A",false,Web,"#N/A","#N/A",Medium,"#N/A",New,Subject_gsdvm,"#N/A","#N/A","#N/A","#N/A","#N/A"
196202d8-1303-4189-b6e0-46c0ab63bc74,"#N/A","#N/A",false,Web,"#N/A","#N/A",Medium,"#N/A",New,Subject_medom,"#N/A","#N/A","#N/A","#N/A","#N/A"
1962874e-4943-44a0-bc97-8b3a0e742949,"#N/A","#N/A",false,Web,"#N/A","#N/A",Medium,"#N/A",New,Subject_riguh,"#N/A","#N/A","#N/A","#N/A","#N/A"
1964c9a8-da88-489c-a49f-67c3d00cfc59,"#N/A","#N/A",false,Web,"#N/A","#N/A",Medium,"#N/A",New,Subject_prbnz,"#N/A","#N/A","#N/A","#N/A","#N/A"
19697331-560d-4e3a-9ebc-3c179156e12b,"#N/A","#N/A",false,Web,"#N/A","#N/A",Medium,"#N/A",New,Subject_bkmld,"#N/A","#N/A","#N/A","#N/A","#N/A"
196a6447-3119-4e75-b4f5-a6886448739b,"#N/A","#N/A",false,Web,"#N/A","#N/A",Medium,"#N/A",New,Subject_cevsi,"#N/A","#N/A","#N/A","#N/A","#N/A"
196d1282-3f7b-4eef-9f59-0f5e5d68908a,"#N/A","#N/A",false,Web,"#N/A","#N/A",Medium,"#N/A",New,Subject_btmzy,"#N/A","#N/A","#N/A","#N/A","#N/A"
196dbf05-c14f-4912-b337-22df70039d48,"#N/A","#N/A",false,Web,"#N/A","#N/A",Medium,"#N/A",New,Subject_xtzkd,"#N/A","#N/A","#N/A","#N/A","#N/A"
197355c1-338c-441b-9fea-d49f515130e5,"#N/A","#N/A",false,Web,"#N/A","#N/A",Medium,"#N/A",New,Subject_qstaa,"#N/A","#N/A","#N/A","#N/A","#N/A"
1975414c-42ce-4f6c-8a07-76d71f06da85,"#N/A","#N/A",false,Web,"#N/A","#N/A",Medium,"#N/A",New,Subject_ewpad,"#N/A","#N/A","#N/A","#N/A","#N/A"
1975f425-cec1-4125-9527-beadb06efeff,"#N/A","#N/A",false,Web,"#N/A","#N/A",Medium,"#N/A",New,Subject_bicte,"#N/A","#N/A","#N/A","#N/A","#N/A"
19779263-a95d-4f8b-a65a-d7d4cd5a5436,"#N/A","#N/A",false,Web,"#N/A","#N/A",Medium,"#N/A",New,Subject_bazdi,"#N/A","#N/A","#N/A","#N/A","#N/A"
1978f10d-5fdb-485e-9652-dc79ed668aa7,"#N/A","#N/A",false,Web,"#N/A","#N/A",Medium,"#N/A",New,Subject_zgums,"#N/A","#N/A","#N/A","#N/A","#N/A"
197cf66d-41fd-42f8-838e-8bdad8690a9e,"#N/A","#N/A",false,Web,"#N/A","#N/A",Medium,"#N/A",New,Subject_cyais,"#N/A","#N/A","#N/A","#N/A","#N/A"
197f732b-a69e-48a2-986b-b385286d470c,"#N/A","#N/A",false,Web,"#N/A","#N/A",Medium,"#N/A",New,Subject_zwonh,"#N/A","#N/A","#N/A","#N/A","#N/A"
19867931-fd61-4147-8013-bf59c466ae57,"#N/A","#N/A",false,Web,"#N/A","#N/A",Medium,"#N/A",New,Subject_ofwaa,"#N/A","#N/A","#N/A","#N/A","#N/A"
199155f7-2ccf-47e8-a5b2-805f79bba819,"#N/A","#N/A",false,Web,"#N/A","#N/A",Medium,"#N/A",New,Subject_sfvjm,"#N/A","#N/A","#N/A","#N/A","#N/A"
1995465e-f0f7-46cb-b272-80242a4cf737,"#N/A","#N/A",false,Web,"#N/A","#N/A",Medium,"#N/A",New,Subject_paucd,"#N/A","#N/A","#N/A","#N/A","#N/A"
1995eaa7-775e-41ef-8dd1-4fd167dfa599,"#N/A","#N/A",false,Web,"#N/A","#N/A",Medium,"#N/A",New,Subject_yabkv,"#N/A","#N/A","#N/A","#N/A","#N/A"
19a339b6-d8ae-428c-a124-6d1d8be62473,"#N/A","#N/A",false,Web,"#N/A","#N/A",Medium,"#N/A",New,Subject_srczd,"#N/A","#N/A","#N/A","#N/A","#N/A"
19a4d163-1381-40e2-b0f4-d042441f5c5a,"#N/A","#N/A",false,Web,"#N/A","#N/A",Medium,"#N/A",New,Subject_yfxzj,"#N/A","#N/A","#N/A","#N/A","#N/A"
19a5bbb6-be52-4fe4-90c9-245b50b2145b,"#N/A","#N/A",false,Web,"#N/A","#N/A",Medium,"#N/A",New,Subject_yklux,"#N/A","#N/A","#N/A","#N/A","#N/A"
19a76cd9-1dc1-4c12-ba79-eca5247215f6,"#N/A","#N/A",false,Web,"#N/A","#N/A",Medium,"#N/A",New,Subject_adxdf,"#N/A","#N/A","#N/A","#N/A","#N/A"
19ab7885-ba61-4201-a515-9b12b7f4d9cd,"#N/A","#N/A",false,Web,"#N/A","#N/A",Medium,"#N/A",New,Subject_vvcuv,"#N/A","#N/A","#N/A","#N/A","#N/A"
19b192b2-f28f-4a58-bb8b-bd979a836d40,"#N/A","#N/A",false,Web,"#N/A","#N/A",Medium,"#N/A",New,Subject_mppnv,"#N/A","#N/A","#N/A","#N/A","#N/A"
19bc8a62-624b-435b-8a07-72fd73ea0c92,"#N/A","#N/A",false,Web,"#N/A","#N/A",Medium,"#N/A",New,Subject_xawaa,"#N/A","#N/A","#N/A","#N/A","#N/A"
19bd0dc0-29ab-40ed-82d6-a33e8e1b3165,"#N/A","#N/A",false,Web,"#N/A","#N/A",Medium,"#N/A",New,Subject_glctb,"#N/A","#N/A","#N/A","#N/A","#N/A"
19bd667f-d37f-4846-b29d-ab38d15846b0,"#N/A","#N/A",false,Web,"#N/A","#N/A",Medium,"#N/A",New,Subject_cqksv,"#N/A","#N/A","#N/A","#N/A","#N/A"
19bee05f-5ff2-4193-bbce-1632d4f27a80,"#N/A","#N/A",false,Web,"#N/A","#N/A",Medium,"#N/A",New,Subject_azumd,"#N/A","#N/A","#N/A","#N/A","#N/A"
19bef2b3-a222-4462-87b3-8c1130b7ef02,"#N/A","#N/A",false,Web,"#N/A","#N/A",Medium,"#N/A",New,Subject_uqywc,"#N/A","#N/A","#N/A","#N/A","#N/A"
19bf678e-6ee9-4ca3-bf11-a93a86e4a427,"#N/A","#N/A",false,Web,"#N/A","#N/A",Medium,"#N/A",New,Subject_hqkjq,"#N/A","#N/A","#N/A","#N/A","#N/A"
19c27f66-165f-4d04-8187-8db2de4bfebe,"#N/A","#N/A",false,Web,"#N/A","#N/A",Medium,"#N/A",New,Subject_qzksl,"#N/A","#N/A","#N/A","#N/A","#N/A"
19c35d62-ca7a-4f35-b068-e10b10c0a966,"#N/A","#N/A",false,Web,"#N/A","#N/A",Medium,"#N/A",New,Subject_hztco,"#N/A","#N/A","#N/A","#N/A","#N/A"
19c70adc-98f2-4470-9104-26784e8d84fb,"#N/A","#N/A",false,Web,"#N/A","#N/A",Medium,"#N/A",New,Subject_ueblj,"#N/A","#N/A","#N/A","#N/A","#N/A"
19c790f0-5405-413a-9a75-a1a0aca5219a,"#N/A","#N/A",false,Web,"#N/A","#N/A",Medium,"#N/A",New,Subject_yzcdx,"#N/A","#N/A","#N/A","#N/A","#N/A"
19ca36c3-c9c4-4065-8e81-e66ce564bde5,"#N/A","#N/A",false,Web,"#N/A","#N/A",Medium,"#N/A",New,Subject_hmbjt,"#N/A","#N/A","#N/A","#N/A","#N/A"
19ce3ee7-3c6b-47ff-969c-968efa911277,"#N/A","#N/A",false,Web,"#N/A","#N/A",Medium,"#N/A",New,Subject_nrwjl,"#N/A","#N/A","#N/A","#N/A","#N/A"
19cf93da-a720-4213-bde6-1a0da3f74a18,"#N/A","#N/A",false,Web,"#N/A","#N/A",Medium,"#N/A",New,Subject_gjvnh,"#N/A","#N/A","#N/A","#N/A","#N/A"
19d18968-a9af-4601-88db-7e817be36028,"#N/A","#N/A",false,Web,"#N/A","#N/A",Medium,"#N/A",New,Subject_ksomy,"#N/A","#N/A","#N/A","#N/A","#N/A"
19d1d678-df4a-4c49-b0d0-9be557da2dde,"#N/A","#N/A",false,Web,"#N/A","#N/A",Medium,"#N/A",New,Subject_tvrvt,"#N/A","#N/A","#N/A","#N/A","#N/A"
19d97341-7850-4bc3-87c1-3b12dcc5f718,"#N/A","#N/A",false,Web,"#N/A","#N/A",Medium,"#N/A",New,Subject_wjqsd,"#N/A","#N/A","#N/A","#N/A","#N/A"
19dc2eff-5606-4a96-8928-03f17de63935,"#N/A","#N/A",false,Web,"#N/A","#N/A",Medium,"#N/A",New,Subject_hyaee,"#N/A","#N/A","#N/A","#N/A","#N/A"
19dd95f7-7d1f-4a74-a04e-fa8a803afbdc,"#N/A","#N/A",false,Web,"#N/A","#N/A",Medium,"#N/A",New,Subject_hrmhj,"#N/A","#N/A","#N/A","#N/A","#N/A"
19e2f05a-a0cf-4e6c-ab6a-9da05d51ba04,"#N/A","#N/A",false,Web,"#N/A","#N/A",Medium,"#N/A",New,Subject_rauaa,"#N/A","#N/A","#N/A","#N/A","#N/A"
19e585d3-1027-4ec9-a91e-bf0bea13a1d9,"#N/A","#N/A",false,Web,"#N/A","#N/A",Medium,"#N/A",New,Subject_xbicn,"#N/A","#N/A","#N/A","#N/A","#N/A"
19e69ce7-b404-4cfd-8ba9-17c0e82e6b9d,"#N/A","#N/A",false,Web,"#N/A","#N/A",Medium,"#N/A",New,Subject_ajicy,"#N/A","#N/A","#N/A","#N/A","#N/A"
19e7fada-c8b0-4af3-a139-16ff3df73c3f,"#N/A","#N/A",false,Web,"#N/A","#N/A",Medium,"#N/A",New,Subject_icfhp,"#N/A","#N/A","#N/A","#N/A","#N/A"
19e8f1db-a2d4-4a75-af6b-f58b08fda055,"#N/A","#N/A",false,Web,"#N/A","#N/A",Medium,"#N/A",New,Subject_lgsdb,"#N/A","#N/A","#N/A","#N/A","#N/A"
19e96ccd-8ce8-4b45-a84a-6096c877910e,"#N/A","#N/A",false,Web,"#N/A","#N/A",Medium,"#N/A",New,Subject_mitfy,"#N/A","#N/A","#N/A","#N/A","#N/A"
19e9c18c-8ef7-4c76-8af2-df13d8945cf9,"#N/A","#N/A",false,Web,"#N/A","#N/A",Medium,"#N/A",New,Subject_qgkuq,"#N/A","#N/A","#N/A","#N/A","#N/A"
19ea0c70-6fca-4051-901c-9d16867753b2,"#N/A","#N/A",false,Web,"#N/A","#N/A",Medium,"#N/A",New,Subject_iczjx,"#N/A","#N/A","#N/A","#N/A","#N/A"
19ea2db4-4874-4947-9afc-c25dc7e343d4,"#N/A","#N/A",false,Web,"#N/A","#N/A",Medium,"#N/A",New,Subject_bwfuw,"#N/A","#N/A","#N/A","#N/A","#N/A"
19ed47b6-eca2-465e-bfb7-25faaa003816,"#N/A","#N/A",false,Web,"#N/A","#N/A",Medium,"#N/A",New,Subject_rmznp,"#N/A","#N/A","#N/A","#N/A","#N/A"
19ed78b2-f8a7-4ddb-a45a-351f7ba39666,"#N/A","#N/A",false,Web,"#N/A","#N/A",Medium,"#N/A",New,Subject_zkmld,"#N/A","#N/A","#N/A","#N/A","#N/A"
19ed9b0d-76b0-4f1e-a0f7-24ce9e21a3d8,"#N/A","#N/A",false,Web,"#N/A","#N/A",Medium,"#N/A",New,Subject_jrxuf,"#N/A","#N/A","#N/A","#N/A","#N/A"
19f2a608-b12d-4f84-bc82-2cbecc4dba02,"#N/A","#N/A",false,Web,"#N/A","#N/A",Medium,"#N/A",New,Subject_ytbep,"#N/A","#N/A","#N/A","#N/A","#N/A"
19f69420-bfa0-4e8c-9ed6-01f0b7416cd4,"#N/A","#N/A",false,Web,"#N/A","#N/A",Medium,"#N/A",New,Subject_qxipk,"#N/A","#N/A","#N/A","#N/A","#N/A"
19f7633e-3859-4bc2-9053-3d0c5ac74496,"#N/A","#N/A",false,Web,"#N/A","#N/A",Medium,"#N/A",New,Subject_wonls,"#N/A","#N/A","#N/A","#N/A","#N/A"
19fbd26a-f302-488f-bd66-1b0f1cb93f59,"#N/A","#N/A",false,Web,"#N/A","#N/A",Medium,"#N/A",New,Subject_gzvod,"#N/A","#N/A","#N/A","#N/A","#N/A"
19fc4c64-1bbe-4de3-8c20-5e328fc15c38,"#N/A","#N/A",false,Web,"#N/A","#N/A",Medium,"#N/A",New,Subject_dhfkw,"#N/A","#N/A","#N/A","#N/A","#N/A"
1a06a483-5c10-4ac8-a0ca-28fffd063172,"#N/A","#N/A",false,Web,"#N/A","#N/A",Medium,"#N/A",New,Subject_sezpe,"#N/A","#N/A","#N/A","#N/A","#N/A"
1a0b62fa-d6eb-460a-bea3-c0f68e927ffc,"#N/A","#N/A",false,Web,"#N/A","#N/A",Medium,"#N/A",New,Subject_qndnu,"#N/A","#N/A","#N/A","#N/A","#N/A"
1a1529f4-ff51-4364-83dd-4db42e98f9b4,"#N/A","#N/A",false,Web,"#N/A","#N/A",Medium,"#N/A",New,Subject_dqwvs,"#N/A","#N/A","#N/A","#N/A","#N/A"
1a19f1ca-9815-48f5-8a92-c6ede01b05cf,"#N/A","#N/A",false,Web,"#N/A","#N/A",Medium,"#N/A",New,Subject_ttubu,"#N/A","#N/A","#N/A","#N/A","#N/A"
1a19f576-6106-4b86-b745-4c7e0aa1e271,"#N/A","#N/A",false,Web,"#N/A","#N/A",Medium,"#N/A",New,Subject_stetk,"#N/A","#N/A","#N/A","#N/A","#N/A"
1a1c3655-9763-4255-8fd7-f0f0f41c85f9,"#N/A","#N/A",false,Web,"#N/A","#N/A",Medium,"#N/A",New,Subject_okkok,"#N/A","#N/A","#N/A","#N/A","#N/A"
1a1faa70-ea24-48c0-926d-928ed7e1b8df,"#N/A","#N/A",false,Web,"#N/A","#N/A",Medium,"#N/A",New,Subject_uvadj,"#N/A","#N/A","#N/A","#N/A","#N/A"
1a20f573-4fb9-4977-a3e1-5e3d4ed3f416,"#N/A","#N/A",false,Web,"#N/A","#N/A",Medium,"#N/A",New,Subject_vaqqq,"#N/A","#N/A","#N/A","#N/A","#N/A"
1a229075-e396-4be7-adae-39feb4c6d10e,"#N/A","#N/A",false,Web,"#N/A","#N/A",Medium,"#N/A",New,Subject_trnzj,"#N/A","#N/A","#N/A","#N/A","#N/A"
1a259d8c-cbec-4d3d-9eb6-16540d74fa85,"#N/A","#N/A",false,Web,"#N/A","#N/A",Medium,"#N/A",New,Subject_bpwjs,"#N/A","#N/A","#N/A","#N/A","#N/A"
1a27ddae-f96f-4c45-b16f-3b9ec9b2bc11,"#N/A","#N/A",false,Web,"#N/A","#N/A",Medium,"#N/A",New,Subject_obkis,"#N/A","#N/A","#N/A","#N/A","#N/A"
1a2ae923-2fc2-48f2-9131-b7b87c8b75a1,"#N/A","#N/A",false,Web,"#N/A","#N/A",Medium,"#N/A",New,Subject_khgig,"#N/A","#N/A","#N/A","#N/A","#N/A"
1a2c18d7-2c94-454e-9cdc-a9cd2632a8f8,"#N/A","#N/A",false,Web,"#N/A","#N/A",Medium,"#N/A",New,Subject_jbmkx,"#N/A","#N/A","#N/A","#N/A","#N/A"
1a2e5c97-7f3a-42c9-84f4-166de0655697,"#N/A","#N/A",false,Web,"#N/A","#N/A",Medium,"#N/A",New,Subject_ujaxw,"#N/A","#N/A","#N/A","#N/A","#N/A"
1a356ca9-d46c-4f8d-bfad-94290bdc772b,"#N/A","#N/A",false,Web,"#N/A","#N/A",Medium,"#N/A",New,Subject_hewfu,"#N/A","#N/A","#N/A","#N/A","#N/A"
1a3606fe-13cd-427e-bfd1-ae41e37a6ff1,"#N/A","#N/A",false,Web,"#N/A","#N/A",Medium,"#N/A",New,Subject_ljcyd,"#N/A","#N/A","#N/A","#N/A","#N/A"
1a37fddd-427d-4756-83f2-07625da44f81,"#N/A","#N/A",false,Web,"#N/A","#N/A",Medium,"#N/A",New,Subject_hwrdg,"#N/A","#N/A","#N/A","#N/A","#N/A"
1a39bbb8-36e8-4af8-8ba4-613ca72ac5a6,"#N/A","#N/A",false,Web,"#N/A","#N/A",Medium,"#N/A",New,Subject_tlfta,"#N/A","#N/A","#N/A","#N/A","#N/A"
1a44f6ef-5613-48aa-b26f-dacbb3c38a3e,"#N/A","#N/A",false,Web,"#N/A","#N/A",Medium,"#N/A",New,Subject_tpyib,"#N/A","#N/A","#N/A","#N/A","#N/A"
1a46ca2d-c3de-4dbf-a065-d8dcd705d7dc,"#N/A","#N/A",false,Web,"#N/A","#N/A",Medium,"#N/A",New,Subject_zpygy,"#N/A","#N/A","#N/A","#N/A","#N/A"
1a477d3d-41fd-4593-8746-9665ab5d6c92,"#N/A","#N/A",false,Web,"#N/A","#N/A",Medium,"#N/A",New,Subject_xcnmx,"#N/A","#N/A","#N/A","#N/A","#N/A"
1a4dd72b-0193-4be5-9142-085dae64380b,"#N/A","#N/A",false,Web,"#N/A","#N/A",Medium,"#N/A",New,Subject_bangg,"#N/A","#N/A","#N/A","#N/A","#N/A"
1a4fb21d-3edd-42bd-9a42-3c437810bc09,"#N/A","#N/A",false,Web,"#N/A","#N/A",Medium,"#N/A",New,Subject_qvuij,"#N/A","#N/A","#N/A","#N/A","#N/A"
1a5005ff-b06d-4dde-b513-f5e14519d82b,"#N/A","#N/A",false,Web,"#N/A","#N/A",Medium,"#N/A",New,Subject_bmcpx,"#N/A","#N/A","#N/A","#N/A","#N/A"
1a50f01f-2209-4690-8079-92b115e10182,"#N/A","#N/A",false,Web,"#N/A","#N/A",Medium,"#N/A",New,Subject_kgkbf,"#N/A","#N/A","#N/A","#N/A","#N/A"
1a520f45-5cbd-43ed-9355-ec417aae13fd,"#N/A","#N/A",false,Web,"#N/A","#N/A",Medium,"#N/A",New,Subject_jpwmn,"#N/A","#N/A","#N/A","#N/A","#N/A"
1a52b4ac-4dac-47c6-9f6f-038fbe422087,"#N/A","#N/A",false,Web,"#N/A","#N/A",Medium,"#N/A",New,Subject_kstwg,"#N/A","#N/A","#N/A","#N/A","#N/A"
1a52db0c-edd4-44ce-926d-833f3ea36ddf,"#N/A","#N/A",false,Web,"#N/A","#N/A",Medium,"#N/A",New,Subject_seowm,"#N/A","#N/A","#N/A","#N/A","#N/A"
1a56d3c4-a1cf-4c42-8839-070a6132e831,"#N/A","#N/A",false,Web,"#N/A","#N/A",Medium,"#N/A",New,Subject_ziadp,"#N/A","#N/A","#N/A","#N/A","#N/A"
1a57072b-f99e-4d13-914a-6f2052ae3514,"#N/A","#N/A",false,Web,"#N/A","#N/A",Medium,"#N/A",New,Subject_tsfvc,"#N/A","#N/A","#N/A","#N/A","#N/A"
1a5c2514-e229-4c7f-92cd-a2e7acec78b8,"#N/A","#N/A",false,Web,"#N/A","#N/A",Medium,"#N/A",New,Subject_uvbwe,"#N/A","#N/A","#N/A","#N/A","#N/A"
1a5d7526-998f-42bf-915a-5af95b4c911a,"#N/A","#N/A",false,Web,"#N/A","#N/A",Medium,"#N/A",New,Subject_nyumm,"#N/A","#N/A","#N/A","#N/A","#N/A"
1a5e7317-9f49-4be4-bd53-761335d0e605,"#N/A","#N/A",false,Web,"#N/A","#N/A",Medium,"#N/A",New,Subject_cuxov,"#N/A","#N/A","#N/A","#N/A","#N/A"
1a5ea1ef-70fc-409f-807f-5316615ae46b,"#N/A","#N/A",false,Web,"#N/A","#N/A",Medium,"#N/A",New,Subject_nmbad,"#N/A","#N/A","#N/A","#N/A","#N/A"
1a609a97-c122-47d4-b70e-45f5e44a6152,"#N/A","#N/A",false,Web,"#N/A","#N/A",Medium,"#N/A",New,Subject_neatr,"#N/A","#N/A","#N/A","#N/A","#N/A"
1a612b17-00f1-435a-ae3a-8e6a4226af0d,"#N/A","#N/A",false,Web,"#N/A","#N/A",Medium,"#N/A",New,Subject_ddowv,"#N/A","#N/A","#N/A","#N/A","#N/A"
1a62c6c1-778a-4577-8792-b23cd0bc394c,"#N/A","#N/A",false,Web,"#N/A","#N/A",Medium,"#N/A",New,Subject_qqtvu,"#N/A","#N/A","#N/A","#N/A","#N/A"
1a63bb37-085c-41cd-bf13-2e3bab31f1e0,"#N/A","#N/A",false,Web,"#N/A","#N/A",Medium,"#N/A",New,Subject_wpyfr,"#N/A","#N/A","#N/A","#N/A","#N/A"
1a63ce04-06af-44f0-b2d4-d14e056e3d1f,"#N/A","#N/A",false,Web,"#N/A","#N/A",Medium,"#N/A",New,Subject_roaqr,"#N/A","#N/A","#N/A","#N/A","#N/A"
1a66c2df-7e86-4ac0-9cfa-5f76e9a991d7,"#N/A","#N/A",false,Web,"#N/A","#N/A",Medium,"#N/A",New,Subject_useef,"#N/A","#N/A","#N/A","#N/A","#N/A"
1a6e8c3a-5180-4ec9-8737-695d4e6fcfff,"#N/A","#N/A",false,Web,"#N/A","#N/A",Medium,"#N/A",New,Subject_bymsr,"#N/A","#N/A","#N/A","#N/A","#N/A"
1a704f3e-f6e1-47f8-aae5-c0e5780d8853,"#N/A","#N/A",false,Web,"#N/A","#N/A",Medium,"#N/A",New,Subject_bolxi,"#N/A","#N/A","#N/A","#N/A","#N/A"
1a71fa45-e50a-47f1-9096-af2b7628f86c,"#N/A","#N/A",false,Web,"#N/A","#N/A",Medium,"#N/A",New,Subject_jnxra,"#N/A","#N/A","#N/A","#N/A","#N/A"
1a72f23b-0f11-465a-992a-04490c5e5ceb,"#N/A","#N/A",false,Web,"#N/A","#N/A",Medium,"#N/A",New,Subject_ptqwl,"#N/A","#N/A","#N/A","#N/A","#N/A"
1a74fd83-80ad-4e10-b4a9-6fc4489d8eb9,"#N/A","#N/A",false,Web,"#N/A","#N/A",Medium,"#N/A",New,Subject_ivyjr,"#N/A","#N/A","#N/A","#N/A","#N/A"
1a76bf4b-3178-4ff8-a580-f40b384a1f67,"#N/A","#N/A",false,Web,"#N/A","#N/A",Medium,"#N/A",New,Subject_erwcj,"#N/A","#N/A","#N/A","#N/A","#N/A"
1a7a0fef-3b14-4086-a658-b160ecf33eff,"#N/A","#N/A",false,Web,"#N/A","#N/A",Medium,"#N/A",New,Subject_deboa,"#N/A","#N/A","#N/A","#N/A","#N/A"
1a7ecfd8-a318-4ecb-8c47-3c8d430fc36e,"#N/A","#N/A",false,Web,"#N/A","#N/A",Medium,"#N/A",New,Subject_pzyfr,"#N/A","#N/A","#N/A","#N/A","#N/A"
1a7f68ef-f70b-4aaa-952b-b9aa57a16ba8,"#N/A","#N/A",false,Web,"#N/A","#N/A",Medium,"#N/A",New,Subject_bukfr,"#N/A","#N/A","#N/A","#N/A","#N/A"
1a85f29d-b6be-43d0-9824-b8143e33e69c,"#N/A","#N/A",false,Web,"#N/A","#N/A",Medium,"#N/A",New,Subject_rifid,"#N/A","#N/A","#N/A","#N/A","#N/A"
1a8bd812-95a9-4b25-acb1-2aa089987754,"#N/A","#N/A",false,Web,"#N/A","#N/A",Medium,"#N/A",New,Subject_xiejn,"#N/A","#N/A","#N/A","#N/A","#N/A"
1a8e1c93-5960-4373-81fd-cc4ca3168163,"#N/A","#N/A",false,Web,"#N/A","#N/A",Medium,"#N/A",New,Subject_gftyn,"#N/A","#N/A","#N/A","#N/A","#N/A"
1a97dc94-a410-411f-8ee2-b3df58f01699,"#N/A","#N/A",false,Web,"#N/A","#N/A",Medium,"#N/A",New,Subject_fwvyo,"#N/A","#N/A","#N/A","#N/A","#N/A"
1a994cf9-f2e6-4a89-830c-1df93884167e,"#N/A","#N/A",false,Web,"#N/A","#N/A",Medium,"#N/A",New,Subject_fnjdf,"#N/A","#N/A","#N/A","#N/A","#N/A"
1aa16c2d-3572-4ae6-8531-6af48414ac53,"#N/A","#N/A",false,Web,"#N/A","#N/A",Medium,"#N/A",New,Subject_sqpat,"#N/A","#N/A","#N/A","#N/A","#N/A"
1aa73a9f-07eb-45bd-be8e-f66402b5486d,"#N/A","#N/A",false,Web,"#N/A","#N/A",Medium,"#N/A",New,Subject_fypmr,"#N/A","#N/A","#N/A","#N/A","#N/A"
1aabc417-730b-4ab5-a52a-08a466593650,"#N/A","#N/A",false,Web,"#N/A","#N/A",Medium,"#N/A",New,Subject_fyfgb,"#N/A","#N/A","#N/A","#N/A","#N/A"
1aacd401-74f8-42ac-8e42-ef9399f1ae5f,"#N/A","#N/A",false,Web,"#N/A","#N/A",Medium,"#N/A",New,Subject_rputt,"#N/A","#N/A","#N/A","#N/A","#N/A"
1aad1a81-8f71-4e51-bfa7-45eda52880e6,"#N/A","#N/A",false,Web,"#N/A","#N/A",Medium,"#N/A",New,Subject_bgfln,"#N/A","#N/A","#N/A","#N/A","#N/A"
1aad51f3-68bc-4de9-9763-ba60b6ee5991,"#N/A","#N/A",false,Web,"#N/A","#N/A",Medium,"#N/A",New,Subject_eevql,"#N/A","#N/A","#N/A","#N/A","#N/A"
1aad6cdf-b9a8-48d2-882d-b08b51b57d5d,"#N/A","#N/A",false,Web,"#N/A","#N/A",Medium,"#N/A",New,Subject_gvgip,"#N/A","#N/A","#N/A","#N/A","#N/A"
1ab3d583-58bc-475c-a460-d4004eca50b2,"#N/A","#N/A",false,Web,"#N/A","#N/A",Medium,"#N/A",New,Subject_vvehh,"#N/A","#N/A","#N/A","#N/A","#N/A"
1ab49aeb-3dad-478e-a295-81b4a56fa582,"#N/A","#N/A",false,Web,"#N/A","#N/A",Medium,"#N/A",New,Subject_bxenp,"#N/A","#N/A","#N/A","#N/A","#N/A"
1ab6cd0c-08c7-45ef-bccf-b69e2e55130b,"#N/A","#N/A",false,Web,"#N/A","#N/A",Medium,"#N/A",New,Subject_efgdo,"#N/A","#N/A","#N/A","#N/A","#N/A"
1abd330a-6cd6-4fd2-8b37-37adad49b45d,"#N/A","#N/A",false,Web,"#N/A","#N/A",Medium,"#N/A",New,Subject_gppwn,"#N/A","#N/A","#N/A","#N/A","#N/A"
1ac4086c-16d1-4cc3-8d0e-b14d3c71aa33,"#N/A","#N/A",false,Web,"#N/A","#N/A",Medium,"#N/A",New,Subject_rusjo,"#N/A","#N/A","#N/A","#N/A","#N/A"
1ac46e0e-b7dd-47dc-b474-eb0aae5a59ab,"#N/A","#N/A",false,Web,"#N/A","#N/A",Medium,"#N/A",New,Subject_ikefa,"#N/A","#N/A","#N/A","#N/A","#N/A"
1ac6e462-eed3-4f2d-8c56-b59f717429ea,"#N/A","#N/A",false,Web,"#N/A","#N/A",Medium,"#N/A",New,Subject_ccfxl,"#N/A","#N/A","#N/A","#N/A","#N/A"
1ac808f5-28ea-4380-91b7-75e2b7cf3204,"#N/A","#N/A",false,Web,"#N/A","#N/A",Medium,"#N/A",New,Subject_ocnmp,"#N/A","#N/A","#N/A","#N/A","#N/A"
1acabfd0-b546-4d57-9c4d-b43d728ee59c,"#N/A","#N/A",false,Web,"#N/A","#N/A",Medium,"#N/A",New,Subject_dyalk,"#N/A","#N/A","#N/A","#N/A","#N/A"
1accd823-7af3-40ba-85e9-81b81212337b,"#N/A","#N/A",false,Web,"#N/A","#N/A",Medium,"#N/A",New,Subject_svrxq,"#N/A","#N/A","#N/A","#N/A","#N/A"
1acf60f3-4057-4e77-badc-f61ace47fe1f,"#N/A","#N/A",false,Web,"#N/A","#N/A",Medium,"#N/A",New,Subject_obxqg,"#N/A","#N/A","#N/A","#N/A","#N/A"
1ad2661d-1bac-4a8a-aca4-fe8a5ec4bfa7,"#N/A","#N/A",false,Web,"#N/A","#N/A",Medium,"#N/A",New,Subject_oigsu,"#N/A","#N/A","#N/A","#N/A","#N/A"
1ad36456-62cf-48f8-9d64-312187b979d5,"#N/A","#N/A",false,Web,"#N/A","#N/A",Medium,"#N/A",New,Subject_kwkdm,"#N/A","#N/A","#N/A","#N/A","#N/A"
1ad4ea45-6f01-4ee3-be40-c88eee955821,"#N/A","#N/A",false,Web,"#N/A","#N/A",Medium,"#N/A",New,Subject_gwxkz,"#N/A","#N/A","#N/A","#N/A","#N/A"
1ad6e638-334f-4ede-8b67-8b6aededaa72,"#N/A","#N/A",false,Web,"#N/A","#N/A",Medium,"#N/A",New,Subject_rkbch,"#N/A","#N/A","#N/A","#N/A","#N/A"
1ad98b68-716b-4b06-86ab-4fea84df8583,"#N/A","#N/A",false,Web,"#N/A","#N/A",Medium,"#N/A",New,Subject_uzhps,"#N/A","#N/A","#N/A","#N/A","#N/A"
1adae52e-66e0-417e-a1cb-df8e25c5aeea,"#N/A","#N/A",false,Web,"#N/A","#N/A",Medium,"#N/A",New,Subject_mqzqm,"#N/A","#N/A","#N/A","#N/A","#N/A"
1adbe1e7-1b41-4fcd-90b8-a747d825bff9,"#N/A","#N/A",false,Web,"#N/A","#N/A",Medium,"#N/A",New,Subject_bzhsl,"#N/A","#N/A","#N/A","#N/A","#N/A"
1adc2dfc-e168-443d-90a6-f6dac6b543c7,"#N/A","#N/A",false,Web,"#N/A","#N/A",Medium,"#N/A",New,Subject_cebdx,"#N/A","#N/A","#N/A","#N/A","#N/A"
1adc5a7b-cb0a-41b0-b93a-28b110840f80,"#N/A","#N/A",false,Web,"#N/A","#N/A",Medium,"#N/A",New,Subject_tnlrg,"#N/A","#N/A","#N/A","#N/A","#N/A"
1add7587-a888-47e7-8472-bd19b990c371,"#N/A","#N/A",false,Web,"#N/A","#N/A",Medium,"#N/A",New,Subject_wdlwk,"#N/A","#N/A","#N/A","#N/A","#N/A"
1ade303b-334e-40c4-9ca6-46b6e919d4bb,"#N/A","#N/A",false,Web,"#N/A","#N/A",Medium,"#N/A",New,Subject_trhos,"#N/A","#N/A","#N/A","#N/A","#N/A"
1ae18cf5-2b39-4f52-aa3e-8f4b01323e69,"#N/A","#N/A",false,Web,"#N/A","#N/A",Medium,"#N/A",New,Subject_yjibb,"#N/A","#N/A","#N/A","#N/A","#N/A"
1ae52fde-9a14-4f5f-a767-e7c10de90382,"#N/A","#N/A",false,Web,"#N/A","#N/A",Medium,"#N/A",New,Subject_xfzpq,"#N/A","#N/A","#N/A","#N/A","#N/A"
1ae817c2-0b67-4f33-8931-31ca3bbd4867,"#N/A","#N/A",false,Web,"#N/A","#N/A",Medium,"#N/A",New,Subject_ncfcq,"#N/A","#N/A","#N/A","#N/A","#N/A"
1aec3520-0990-4024-a3c7-1f20b1e4aeb9,"#N/A","#N/A",false,Web,"#N/A","#N/A",Medium,"#N/A",New,Subject_osxjr,"#N/A","#N/A","#N/A","#N/A","#N/A"
1af4e610-35b0-42c7-a9a8-04287dc2abeb,"#N/A","#N/A",false,Web,"#N/A","#N/A",Medium,"#N/A",New,Subject_pmgui,"#N/A","#N/A","#N/A","#N/A","#N/A"
1b0afde6-d65e-49b0-949b-ada78fe19de0,"#N/A","#N/A",false,Web,"#N/A","#N/A",Medium,"#N/A",New,Subject_efgxb,"#N/A","#N/A","#N/A","#N/A","#N/A"
1b11b5f9-ad4f-48ca-a668-f16800167880,"#N/A","#N/A",false,Web,"#N/A","#N/A",Medium,"#N/A",New,Subject_lmjbh,"#N/A","#N/A","#N/A","#N/A","#N/A"
1b132a29-0fcf-418c-b5df-d5ac382ab097,"#N/A","#N/A",false,Web,"#N/A","#N/A",Medium,"#N/A",New,Subject_fvdtd,"#N/A","#N/A","#N/A","#N/A","#N/A"
1b152813-7474-41bb-be00-21bb0389a0b3,"#N/A","#N/A",false,Web,"#N/A","#N/A",Medium,"#N/A",New,Subject_xevtk,"#N/A","#N/A","#N/A","#N/A","#N/A"
1b162d8b-b5d6-4158-b6e0-cb5206ea3063,"#N/A","#N/A",false,Web,"#N/A","#N/A",Medium,"#N/A",New,Subject_ienhl,"#N/A","#N/A","#N/A","#N/A","#N/A"
1b1656bf-1c8b-483f-a995-de12898a03b1,"#N/A","#N/A",false,Web,"#N/A","#N/A",Medium,"#N/A",New,Subject_rakbn,"#N/A","#N/A","#N/A","#N/A","#N/A"
1b17cdb9-8cc5-4f57-b75f-db3d2bc3a8c2,"#N/A","#N/A",false,Web,"#N/A","#N/A",Medium,"#N/A",New,Subject_bdkcs,"#N/A","#N/A","#N/A","#N/A","#N/A"
1b1c0f5b-e276-4d9a-b7f3-77fde99f7588,"#N/A","#N/A",false,Web,"#N/A","#N/A",Medium,"#N/A",New,Subject_ftcom,"#N/A","#N/A","#N/A","#N/A","#N/A"
1b1f8261-5058-4ad3-87c7-159c30707c83,"#N/A","#N/A",false,Web,"#N/A","#N/A",Medium,"#N/A",New,Subject_rtzal,"#N/A","#N/A","#N/A","#N/A","#N/A"
1b200fb4-ea69-4bc8-992d-15483fc22192,"#N/A","#N/A",false,Web,"#N/A","#N/A",Medium,"#N/A",New,Subject_vcfbu,"#N/A","#N/A","#N/A","#N/A","#N/A"
1b220012-1bf8-41a4-a40b-5743d8ed39da,"#N/A","#N/A",false,Web,"#N/A","#N/A",Medium,"#N/A",New,Subject_gdcng,"#N/A","#N/A","#N/A","#N/A","#N/A"
1b241c4e-429f-42a1-9d12-aeada3ab1714,"#N/A","#N/A",false,Web,"#N/A","#N/A",Medium,"#N/A",New,Subject_oscez,"#N/A","#N/A","#N/A","#N/A","#N/A"
1b244688-453c-46fb-9c18-c5c6953d96cc,"#N/A","#N/A",false,Web,"#N/A","#N/A",Medium,"#N/A",New,Subject_syyig,"#N/A","#N/A","#N/A","#N/A","#N/A"
1b252f69-c6c5-48e3-9c1e-2df9dc1cac5b,"#N/A","#N/A",false,Web,"#N/A","#N/A",Medium,"#N/A",New,Subject_peult,"#N/A","#N/A","#N/A","#N/A","#N/A"
1b29f50a-47e8-45fa-9331-0e3f5326f558,"#N/A","#N/A",false,Web,"#N/A","#N/A",Medium,"#N/A",New,Subject_fstea,"#N/A","#N/A","#N/A","#N/A","#N/A"
1b2ad06e-d5f1-45b4-a1fe-4b0a54c7434e,"#N/A","#N/A",false,Web,"#N/A","#N/A",Medium,"#N/A",New,Subject_vnncr,"#N/A","#N/A","#N/A","#N/A","#N/A"
1b2bf226-fee0-4bd7-9441-cbdea385771c,"#N/A","#N/A",false,Web,"#N/A","#N/A",Medium,"#N/A",New,Subject_xnjvc,"#N/A","#N/A","#N/A","#N/A","#N/A"
1b2d0616-f0a8-4b04-8d5d-11710463d73a,"#N/A","#N/A",false,Web,"#N/A","#N/A",Medium,"#N/A",New,Subject_zbdnn,"#N/A","#N/A","#N/A","#N/A","#N/A"
1b33232b-9a43-4c5f-bdd5-c8be7744ff29,"#N/A","#N/A",false,Web,"#N/A","#N/A",Medium,"#N/A",New,Subject_knpbu,"#N/A","#N/A","#N/A","#N/A","#N/A"
1b34dfd1-d17c-427a-a0f6-6cbe56a45de0,"#N/A","#N/A",false,Web,"#N/A","#N/A",Medium,"#N/A",New,Subject_suibr,"#N/A","#N/A","#N/A","#N/A","#N/A"
1b363139-d825-4f16-b80a-e5dd147b756d,"#N/A","#N/A",false,Web,"#N/A","#N/A",Medium,"#N/A",New,Subject_hhysm,"#N/A","#N/A","#N/A","#N/A","#N/A"
1b36838d-0bfe-4e30-a8c3-d8d8df6bf4ef,"#N/A","#N/A",false,Web,"#N/A","#N/A",Medium,"#N/A",New,Subject_olfrz,"#N/A","#N/A","#N/A","#N/A","#N/A"
1b38f084-b6d0-4e95-a58a-a8a5851989d8,"#N/A","#N/A",false,Web,"#N/A","#N/A",Medium,"#N/A",New,Subject_limia,"#N/A","#N/A","#N/A","#N/A","#N/A"
1b429d78-7f0e-4c39-89f8-640647fe8906,"#N/A","#N/A",false,Web,"#N/A","#N/A",Medium,"#N/A",New,Subject_koxas,"#N/A","#N/A","#N/A","#N/A","#N/A"
1b520274-0b9d-4140-8b6a-8517bb4b571b,"#N/A","#N/A",false,Web,"#N/A","#N/A",Medium,"#N/A",New,Subject_lwflc,"#N/A","#N/A","#N/A","#N/A","#N/A"
1b5276df-7ddd-4311-82e5-7bc548a538d4,"#N/A","#N/A",false,Web,"#N/A","#N/A",Medium,"#N/A",New,Subject_ikksv,"#N/A","#N/A","#N/A","#N/A","#N/A"
1b533749-1bef-4a8e-a600-f40dbe724f5a,"#N/A","#N/A",false,Web,"#N/A","#N/A",Medium,"#N/A",New,Subject_zphus,"#N/A","#N/A","#N/A","#N/A","#N/A"
1b536b2b-0b13-474a-a9e4-68314418551d,"#N/A","#N/A",false,Web,"#N/A","#N/A",Medium,"#N/A",New,Subject_mtpds,"#N/A","#N/A","#N/A","#N/A","#N/A"
1b568b03-f498-47e2-8a1a-d9452ae3b234,"#N/A","#N/A",false,Web,"#N/A","#N/A",Medium,"#N/A",New,Subject_ekvjq,"#N/A","#N/A","#N/A","#N/A","#N/A"
1b5c4355-d306-41ab-931e-cbfed8566dc5,"#N/A","#N/A",false,Web,"#N/A","#N/A",Medium,"#N/A",New,Subject_aiefk,"#N/A","#N/A","#N/A","#N/A","#N/A"
1b5c47b6-b0c8-4877-bfec-f9f201c48b1b,"#N/A","#N/A",false,Web,"#N/A","#N/A",Medium,"#N/A",New,Subject_myxyn,"#N/A","#N/A","#N/A","#N/A","#N/A"
1b5f0160-cdf5-4ba9-80b3-2afd51c07f36,"#N/A","#N/A",false,Web,"#N/A","#N/A",Medium,"#N/A",New,Subject_umahz,"#N/A","#N/A","#N/A","#N/A","#N/A"
1b5fc502-ce47-4c46-88ab-d9c729f1c6d2,"#N/A","#N/A",false,Web,"#N/A","#N/A",Medium,"#N/A",New,Subject_khesz,"#N/A","#N/A","#N/A","#N/A","#N/A"
1b61974a-7eaf-4b7d-aafd-c8edf11876d8,"#N/A","#N/A",false,Web,"#N/A","#N/A",Medium,"#N/A",New,Subject_mhazb,"#N/A","#N/A","#N/A","#N/A","#N/A"
1b637ba2-a1d6-4f50-990f-a4079c5f1d43,"#N/A","#N/A",false,Web,"#N/A","#N/A",Medium,"#N/A",New,Subject_emubg,"#N/A","#N/A","#N/A","#N/A","#N/A"
1b64333a-52ea-4ddf-9099-9a47ebab6797,"#N/A","#N/A",false,Web,"#N/A","#N/A",Medium,"#N/A",New,Subject_grsfg,"#N/A","#N/A","#N/A","#N/A","#N/A"
1b653623-d307-4d80-a705-08fdd39529b1,"#N/A","#N/A",false,Web,"#N/A","#N/A",Medium,"#N/A",New,Subject_iaqur,"#N/A","#N/A","#N/A","#N/A","#N/A"
1b67142c-b521-474a-9fdc-9ff997844b91,"#N/A","#N/A",false,Web,"#N/A","#N/A",Medium,"#N/A",New,Subject_butxh,"#N/A","#N/A","#N/A","#N/A","#N/A"
1b6714d9-27ce-4da6-bd3f-027a94d9ef4b,"#N/A","#N/A",false,Web,"#N/A","#N/A",Medium,"#N/A",New,Subject_poybi,"#N/A","#N/A","#N/A","#N/A","#N/A"
1b677af2-ebe2-4474-be32-b5e779fce57e,"#N/A","#N/A",false,Web,"#N/A","#N/A",Medium,"#N/A",New,Subject_dnjbw,"#N/A","#N/A","#N/A","#N/A","#N/A"
1b6b8bb0-4d4a-4916-902c-7728752dc87f,"#N/A","#N/A",false,Web,"#N/A","#N/A",Medium,"#N/A",New,Subject_uhatt,"#N/A","#N/A","#N/A","#N/A","#N/A"
1b6dc574-1a46-4676-b719-7ae41e4dfcab,"#N/A","#N/A",false,Web,"#N/A","#N/A",Medium,"#N/A",New,Subject_qmrxr,"#N/A","#N/A","#N/A","#N/A","#N/A"
1b749e15-dec5-431a-9d79-1b5039c06826,"#N/A","#N/A",false,Web,"#N/A","#N/A",Medium,"#N/A",New,Subject_cqvrj,"#N/A","#N/A","#N/A","#N/A","#N/A"
1b75e8f1-d20f-479e-9bdd-2dfbbaddc59c,"#N/A","#N/A",false,Web,"#N/A","#N/A",Medium,"#N/A",New,Subject_jzrzh,"#N/A","#N/A","#N/A","#N/A","#N/A"
1b768223-bbfc-45ac-ba4b-a9741f558bb2,"#N/A","#N/A",false,Web,"#N/A","#N/A",Medium,"#N/A",New,Subject_zzfdu,"#N/A","#N/A","#N/A","#N/A","#N/A"
1b786192-3836-412c-8982-f72034eebf34,"#N/A","#N/A",false,Web,"#N/A","#N/A",Medium,"#N/A",New,Subject_jdlif,"#N/A","#N/A","#N/A","#N/A","#N/A"
1b7dd486-4cbc-4fec-955d-70fb3ff96781,"#N/A","#N/A",false,Web,"#N/A","#N/A",Medium,"#N/A",New,Subject_fpszo,"#N/A","#N/A","#N/A","#N/A","#N/A"
1b8265b3-2d2a-46be-94f8-ebf2432a4189,"#N/A","#N/A",false,Web,"#N/A","#N/A",Medium,"#N/A",New,Subject_fpjod,"#N/A","#N/A","#N/A","#N/A","#N/A"
1b85b77f-0eae-4482-ac74-63a8ab922832,"#N/A","#N/A",false,Web,"#N/A","#N/A",Medium,"#N/A",New,Subject_gcocr,"#N/A","#N/A","#N/A","#N/A","#N/A"
1b86aacc-eed5-48e4-bfc1-4b6ba6628aee,"#N/A","#N/A",false,Web,"#N/A","#N/A",Medium,"#N/A",New,Subject_kjmyh,"#N/A","#N/A","#N/A","#N/A","#N/A"
1b891ad3-ccfc-4aad-8326-dd7cc6a6fd99,"#N/A","#N/A",false,Web,"#N/A","#N/A",Medium,"#N/A",New,Subject_ovgjc,"#N/A","#N/A","#N/A","#N/A","#N/A"
1b8e388e-a85d-4ca0-9078-03566a5d57a9,"#N/A","#N/A",false,Web,"#N/A","#N/A",Medium,"#N/A",New,Subject_yvesu,"#N/A","#N/A","#N/A","#N/A","#N/A"
1b901c87-b86e-466d-939a-191517d2f446,"#N/A","#N/A",false,Web,"#N/A","#N/A",Medium,"#N/A",New,Subject_fezwp,"#N/A","#N/A","#N/A","#N/A","#N/A"
1b90a670-bfd6-478d-89ab-95a30c894065,"#N/A","#N/A",false,Web,"#N/A","#N/A",Medium,"#N/A",New,Subject_ecpxk,"#N/A","#N/A","#N/A","#N/A","#N/A"
1b9a131d-42a0-4ab9-94c4-586e8dc01294,"#N/A","#N/A",false,Web,"#N/A","#N/A",Medium,"#N/A",New,Subject_ukshn,"#N/A","#N/A","#N/A","#N/A","#N/A"
1b9bdf1f-2dbc-4676-96d0-bb8c60503469,"#N/A","#N/A",false,Web,"#N/A","#N/A",Medium,"#N/A",New,Subject_ulucn,"#N/A","#N/A","#N/A","#N/A","#N/A"
1b9ec717-8c77-4749-b413-0bb43fab5d5a,"#N/A","#N/A",false,Web,"#N/A","#N/A",Medium,"#N/A",New,Subject_iiunh,"#N/A","#N/A","#N/A","#N/A","#N/A"
1ba69d07-df9d-4d73-8788-07fa07acd746,"#N/A","#N/A",false,Web,"#N/A","#N/A",Medium,"#N/A",New,Subject_hnmdq,"#N/A","#N/A","#N/A","#N/A","#N/A"
1bae573a-7922-44f4-a735-40c553030ad3,"#N/A","#N/A",false,Web,"#N/A","#N/A",Medium,"#N/A",New,Subject_vfbsu,"#N/A","#N/A","#N/A","#N/A","#N/A"
1baedf15-8585-4ea7-befd-e43cf04219d8,"#N/A","#N/A",false,Web,"#N/A","#N/A",Medium,"#N/A",New,Subject_dkwwj,"#N/A","#N/A","#N/A","#N/A","#N/A"
1baf9fcf-b8c3-4a5d-9ac5-30830db13fd1,"#N/A","#N/A",false,Web,"#N/A","#N/A",Medium,"#N/A",New,Subject_wluse,"#N/A","#N/A","#N/A","#N/A","#N/A"
1bb0ad0d-2a09-4ff4-b5e6-4acafcb50196,"#N/A","#N/A",false,Web,"#N/A","#N/A",Medium,"#N/A",New,Subject_zgxku,"#N/A","#N/A","#N/A","#N/A","#N/A"
1bb70a9d-3ca0-493e-b3d9-e6b05174f8ac,"#N/A","#N/A",false,Web,"#N/A","#N/A",Medium,"#N/A",New,Subject_stnqc,"#N/A","#N/A","#N/A","#N/A","#N/A"
1bbc948e-1c67-4fd3-a3fd-58c6854bbe97,"#N/A","#N/A",false,Web,"#N/A","#N/A",Medium,"#N/A",New,Subject_ttjkv,"#N/A","#N/A","#N/A","#N/A","#N/A"
1bbcd157-353f-4545-8a6b-4bf3b2e79f55,"#N/A","#N/A",false,Web,"#N/A","#N/A",Medium,"#N/A",New,Subject_wrmqt,"#N/A","#N/A","#N/A","#N/A","#N/A"
1bbe8aa6-d735-4efa-9c2c-cc17b310d122,"#N/A","#N/A",false,Web,"#N/A","#N/A",Medium,"#N/A",New,Subject_bnppx,"#N/A","#N/A","#N/A","#N/A","#N/A"
1bbea4fc-b1fe-48c8-979e-a043036f2f5b,"#N/A","#N/A",false,Web,"#N/A","#N/A",Medium,"#N/A",New,Subject_efwvs,"#N/A","#N/A","#N/A","#N/A","#N/A"
1bc19cb6-b15e-4ebc-8d65-8bd784eddb35,"#N/A","#N/A",false,Web,"#N/A","#N/A",Medium,"#N/A",New,Subject_tmewp,"#N/A","#N/A","#N/A","#N/A","#N/A"
1bc22df1-f29a-4afb-b16a-b7564c918ef9,"#N/A","#N/A",false,Web,"#N/A","#N/A",Medium,"#N/A",New,Subject_wmixt,"#N/A","#N/A","#N/A","#N/A","#N/A"
1bc42d7d-3dc8-47c3-96b7-60502e7a0748,"#N/A","#N/A",false,Web,"#N/A","#N/A",Medium,"#N/A",New,Subject_wuzzd,"#N/A","#N/A","#N/A","#N/A","#N/A"
1bca819b-a2d8-44c1-8130-ab9191b8dfc5,"#N/A","#N/A",false,Web,"#N/A","#N/A",Medium,"#N/A",New,Subject_ndory,"#N/A","#N/A","#N/A","#N/A","#N/A"
1bcb46d7-aab6-4865-9890-64241d9c4ca5,"#N/A","#N/A",false,Web,"#N/A","#N/A",Medium,"#N/A",New,Subject_euakb,"#N/A","#N/A","#N/A","#N/A","#N/A"
1bcc3c03-15c4-4876-9267-8121e68feb4b,"#N/A","#N/A",false,Web,"#N/A","#N/A",Medium,"#N/A",New,Subject_xgjrz,"#N/A","#N/A","#N/A","#N/A","#N/A"
1bcc8ed0-65af-45eb-a040-e1a0d2f29686,"#N/A","#N/A",false,Web,"#N/A","#N/A",Medium,"#N/A",New,Subject_bmdjb,"#N/A","#N/A","#N/A","#N/A","#N/A"
1bcee4e2-c917-4f11-a46d-505ae9dc409f,"#N/A","#N/A",false,Web,"#N/A","#N/A",Medium,"#N/A",New,Subject_zhjpv,"#N/A","#N/A","#N/A","#N/A","#N/A"
1bcfeafb-fc19-47c9-a717-14c61ac6882e,"#N/A","#N/A",false,Web,"#N/A","#N/A",Medium,"#N/A",New,Subject_vltux,"#N/A","#N/A","#N/A","#N/A","#N/A"
1bd50003-5434-4797-9940-03009602caba,"#N/A","#N/A",false,Web,"#N/A","#N/A",Medium,"#N/A",New,Subject_cglht,"#N/A","#N/A","#N/A","#N/A","#N/A"
1bd588d1-f436-4d24-b4f7-708a9790f2ed,"#N/A","#N/A",false,Web,"#N/A","#N/A",Medium,"#N/A",New,Subject_isenw,"#N/A","#N/A","#N/A","#N/A","#N/A"
1bd9604f-cb6c-473e-b44d-8d34da99ad93,"#N/A","#N/A",false,Web,"#N/A","#N/A",Medium,"#N/A",New,Subject_ubakr,"#N/A","#N/A","#N/A","#N/A","#N/A"
1bd96dec-12cb-4628-ba5e-94025a559db4,"#N/A","#N/A",false,Web,"#N/A","#N/A",Medium,"#N/A",New,Subject_dbjob,"#N/A","#N/A","#N/A","#N/A","#N/A"
1bde481d-63e5-4801-8d14-58a31512392b,"#N/A","#N/A",false,Web,"#N/A","#N/A",Medium,"#N/A",New,Subject_zxdmw,"#N/A","#N/A","#N/A","#N/A","#N/A"
1bde9f76-c37b-470c-9764-df3f55a6b92f,"#N/A","#N/A",false,Web,"#N/A","#N/A",Medium,"#N/A",New,Subject_cdqyt,"#N/A","#N/A","#N/A","#N/A","#N/A"
1be51b0e-8127-46e3-9685-b78ea9684cf4,"#N/A","#N/A",false,Web,"#N/A","#N/A",Medium,"#N/A",New,Subject_yvcwt,"#N/A","#N/A","#N/A","#N/A","#N/A"
1be5208d-80d8-4b46-adb1-768d426d16f9,"#N/A","#N/A",false,Web,"#N/A","#N/A",Medium,"#N/A",New,Subject_tyjhv,"#N/A","#N/A","#N/A","#N/A","#N/A"
1be63983-6881-4a5d-9a7e-8bb4bde0d2cc,"#N/A","#N/A",false,Web,"#N/A","#N/A",Medium,"#N/A",New,Subject_dbjzg,"#N/A","#N/A","#N/A","#N/A","#N/A"
1be7f6d3-8a2f-4650-854c-039490133aee,"#N/A","#N/A",false,Web,"#N/A","#N/A",Medium,"#N/A",New,Subject_khbyp,"#N/A","#N/A","#N/A","#N/A","#N/A"
1be86c45-ea51-4a13-8a3d-2a555c781007,"#N/A","#N/A",false,Web,"#N/A","#N/A",Medium,"#N/A",New,Subject_avwlj,"#N/A","#N/A","#N/A","#N/A","#N/A"
1be99751-4915-45ad-9243-43452412b419,"#N/A","#N/A",false,Web,"#N/A","#N/A",Medium,"#N/A",New,Subject_vbubd,"#N/A","#N/A","#N/A","#N/A","#N/A"
1bec1501-51a3-494b-bf47-d1d9fc4c3d74,"#N/A","#N/A",false,Web,"#N/A","#N/A",Medium,"#N/A",New,Subject_orfwm,"#N/A","#N/A","#N/A","#N/A","#N/A"
1bf2f0e3-153e-4e47-84ab-702bf560d598,"#N/A","#N/A",false,Web,"#N/A","#N/A",Medium,"#N/A",New,Subject_vqscy,"#N/A","#N/A","#N/A","#N/A","#N/A"
1bfdd217-73d3-4086-9edb-9e822d6acfb0,"#N/A","#N/A",false,Web,"#N/A","#N/A",Medium,"#N/A",New,Subject_pfbuv,"#N/A","#N/A","#N/A","#N/A","#N/A"
1c0202b8-8253-4b66-9dbe-de1c338a25f5,"#N/A","#N/A",false,Web,"#N/A","#N/A",Medium,"#N/A",New,Subject_yhilq,"#N/A","#N/A","#N/A","#N/A","#N/A"
1c068e62-96af-49db-b391-6ba41ca53aa3,"#N/A","#N/A",false,Web,"#N/A","#N/A",Medium,"#N/A",New,Subject_uxerb,"#N/A","#N/A","#N/A","#N/A","#N/A"
1c07514a-42fb-47aa-abb1-99cc4d799b93,"#N/A","#N/A",false,Web,"#N/A","#N/A",Medium,"#N/A",New,Subject_xhmqq,"#N/A","#N/A","#N/A","#N/A","#N/A"
1c0e532d-9dab-485d-a0b1-207969549da7,"#N/A","#N/A",false,Web,"#N/A","#N/A",Medium,"#N/A",New,Subject_xngne,"#N/A","#N/A","#N/A","#N/A","#N/A"
1c0ffae8-0f43-4a56-9bcc-efc427644f61,"#N/A","#N/A",false,Web,"#N/A","#N/A",Medium,"#N/A",New,Subject_hkyin,"#N/A","#N/A","#N/A","#N/A","#N/A"
1c11287f-6401-4e1d-968b-423c3eac9336,"#N/A","#N/A",false,Web,"#N/A","#N/A",Medium,"#N/A",New,Subject_wrxyk,"#N/A","#N/A","#N/A","#N/A","#N/A"
1c114aaf-3eef-48db-a8cd-f646cff1e23a,"#N/A","#N/A",false,Web,"#N/A","#N/A",Medium,"#N/A",New,Subject_liopc,"#N/A","#N/A","#N/A","#N/A","#N/A"
1c11c933-62f1-46cd-9bf6-9ad1816380dc,"#N/A","#N/A",false,Web,"#N/A","#N/A",Medium,"#N/A",New,Subject_khrec,"#N/A","#N/A","#N/A","#N/A","#N/A"
1c11f087-5d21-4ea8-b9d0-cf13ea8d44ee,"#N/A","#N/A",false,Web,"#N/A","#N/A",Medium,"#N/A",New,Subject_mugtx,"#N/A","#N/A","#N/A","#N/A","#N/A"
1c143ac4-db86-4b0c-95b7-6870059be5d5,"#N/A","#N/A",false,Web,"#N/A","#N/A",Medium,"#N/A",New,Subject_rcdjk,"#N/A","#N/A","#N/A","#N/A","#N/A"
1c14bc1c-5cc9-4cc4-a84e-15d7825f6f26,"#N/A","#N/A",false,Web,"#N/A","#N/A",Medium,"#N/A",New,Subject_gegyt,"#N/A","#N/A","#N/A","#N/A","#N/A"
1c14ccd8-083b-46d6-863a-b79f66b247d9,"#N/A","#N/A",false,Web,"#N/A","#N/A",Medium,"#N/A",New,Subject_disjx,"#N/A","#N/A","#N/A","#N/A","#N/A"
1c212dfb-455d-4f8b-bb8b-27767f2aa624,"#N/A","#N/A",false,Web,"#N/A","#N/A",Medium,"#N/A",New,Subject_lyuua,"#N/A","#N/A","#N/A","#N/A","#N/A"
1c2205ea-0edb-4a36-8881-accab03a22a6,"#N/A","#N/A",false,Web,"#N/A","#N/A",Medium,"#N/A",New,Subject_oqykb,"#N/A","#N/A","#N/A","#N/A","#N/A"
1c2268e3-e3f0-419e-aea1-051738c52b4d,"#N/A","#N/A",false,Web,"#N/A","#N/A",Medium,"#N/A",New,Subject_jhbbw,"#N/A","#N/A","#N/A","#N/A","#N/A"
1c24468e-e2fb-4582-8b99-ce2108e2d347,"#N/A","#N/A",false,Web,"#N/A","#N/A",Medium,"#N/A",New,Subject_knoiv,"#N/A","#N/A","#N/A","#N/A","#N/A"
1c25ded8-6e7d-4fe5-a146-d9c773bfc550,"#N/A","#N/A",false,Web,"#N/A","#N/A",Medium,"#N/A",New,Subject_eyfmk,"#N/A","#N/A","#N/A","#N/A","#N/A"
1c2c5d55-fbe6-4ea6-8986-3a64bfbf5d1f,"#N/A","#N/A",false,Web,"#N/A","#N/A",Medium,"#N/A",New,Subject_hcymv,"#N/A","#N/A","#N/A","#N/A","#N/A"
1c2d5861-0867-4f01-a90c-dc5fec8fbdac,"#N/A","#N/A",false,Web,"#N/A","#N/A",Medium,"#N/A",New,Subject_rpoxl,"#N/A","#N/A","#N/A","#N/A","#N/A"
1c3043e7-98e0-4b85-aa30-562ca02a64a8,"#N/A","#N/A",false,Web,"#N/A","#N/A",Medium,"#N/A",New,Subject_xfsbs,"#N/A","#N/A","#N/A","#N/A","#N/A"
1c30b700-dd41-4f49-943a-6968a08f3028,"#N/A","#N/A",false,Web,"#N/A","#N/A",Medium,"#N/A",New,Subject_dbcaj,"#N/A","#N/A","#N/A","#N/A","#N/A"
1c3348c7-dbd2-4d86-a40a-314c05498e3b,"#N/A","#N/A",false,Web,"#N/A","#N/A",Medium,"#N/A",New,Subject_xzeca,"#N/A","#N/A","#N/A","#N/A","#N/A"
1c344323-898b-41d1-8c7b-6ca66d15af9a,"#N/A","#N/A",false,Web,"#N/A","#N/A",Medium,"#N/A",New,Subject_evjaw,"#N/A","#N/A","#N/A","#N/A","#N/A"
1c365ca6-1429-4794-996e-e1c5d3bfb7c3,"#N/A","#N/A",false,Web,"#N/A","#N/A",Medium,"#N/A",New,Subject_wrvdg,"#N/A","#N/A","#N/A","#N/A","#N/A"
1c3d1752-bc1b-43b8-9361-c6badf33995d,"#N/A","#N/A",false,Web,"#N/A","#N/A",Medium,"#N/A",New,Subject_khumg,"#N/A","#N/A","#N/A","#N/A","#N/A"
1c3f3086-10ce-4775-93c7-6c0916c7ec71,"#N/A","#N/A",false,Web,"#N/A","#N/A",Medium,"#N/A",New,Subject_vxkaq,"#N/A","#N/A","#N/A","#N/A","#N/A"
1c40b126-34ba-4ba0-b7fb-6d8608231077,"#N/A","#N/A",false,Web,"#N/A","#N/A",Medium,"#N/A",New,Subject_tetnn,"#N/A","#N/A","#N/A","#N/A","#N/A"
1c498f64-2c73-4004-b642-3d3200b08572,"#N/A","#N/A",false,Web,"#N/A","#N/A",Medium,"#N/A",New,Subject_livho,"#N/A","#N/A","#N/A","#N/A","#N/A"
1c4cabad-e000-422c-9f0d-24711c32ee80,"#N/A","#N/A",false,Web,"#N/A","#N/A",Medium,"#N/A",New,Subject_epdmo,"#N/A","#N/A","#N/A","#N/A","#N/A"
1c50999e-7fac-478b-9a26-97f8583b1b7a,"#N/A","#N/A",false,Web,"#N/A","#N/A",Medium,"#N/A",New,Subject_klzsa,"#N/A","#N/A","#N/A","#N/A","#N/A"
1c510ab8-0668-4ded-8657-66911462de15,"#N/A","#N/A",false,Web,"#N/A","#N/A",Medium,"#N/A",New,Subject_osoqn,"#N/A","#N/A","#N/A","#N/A","#N/A"
1c53efa6-1c31-4a78-8d04-b72060c6f95d,"#N/A","#N/A",false,Web,"#N/A","#N/A",Medium,"#N/A",New,Subject_vrema,"#N/A","#N/A","#N/A","#N/A","#N/A"
1c56c715-02d4-4337-90e5-293c7277b1d4,"#N/A","#N/A",false,Web,"#N/A","#N/A",Medium,"#N/A",New,Subject_oehto,"#N/A","#N/A","#N/A","#N/A","#N/A"
1c585eb3-5026-43e2-a1cb-e25510a572a8,"#N/A","#N/A",false,Web,"#N/A","#N/A",Medium,"#N/A",New,Subject_ktnrq,"#N/A","#N/A","#N/A","#N/A","#N/A"
1c58e264-49c2-49aa-b697-33efb16e6673,"#N/A","#N/A",false,Web,"#N/A","#N/A",Medium,"#N/A",New,Subject_ofwaa,"#N/A","#N/A","#N/A","#N/A","#N/A"
1c59a85b-ea5c-47c9-a18f-3a6ba2920afc,"#N/A","#N/A",false,Web,"#N/A","#N/A",Medium,"#N/A",New,Subject_aukhq,"#N/A","#N/A","#N/A","#N/A","#N/A"
1c5c5b62-93f9-45bb-9c6e-cf087f5f548c,"#N/A","#N/A",false,Web,"#N/A","#N/A",Medium,"#N/A",New,Subject_ehiaj,"#N/A","#N/A","#N/A","#N/A","#N/A"
1c5f4326-2e7b-4568-a544-59aff0a803a8,"#N/A","#N/A",false,Web,"#N/A","#N/A",Medium,"#N/A",New,Subject_iztwt,"#N/A","#N/A","#N/A","#N/A","#N/A"
1c607b17-6847-4cd0-b412-470695be566d,"#N/A","#N/A",false,Web,"#N/A","#N/A",Medium,"#N/A",New,Subject_yjzbf,"#N/A","#N/A","#N/A","#N/A","#N/A"
1c61a80a-001a-475e-903b-ca65fb554701,"#N/A","#N/A",false,Web,"#N/A","#N/A",Medium,"#N/A",New,Subject_sgvde,"#N/A","#N/A","#N/A","#N/A","#N/A"
1c627850-f8e8-497f-9842-2849e43c69ea,"#N/A","#N/A",false,Web,"#N/A","#N/A",Medium,"#N/A",New,Subject_ofjth,"#N/A","#N/A","#N/A","#N/A","#N/A"
1c68e51f-cc8a-4654-9966-07772d6d791b,"#N/A","#N/A",false,Web,"#N/A","#N/A",Medium,"#N/A",New,Subject_icdsd,"#N/A","#N/A","#N/A","#N/A","#N/A"
1c859bde-d500-4876-a382-c631e30a724c,"#N/A","#N/A",false,Web,"#N/A","#N/A",Medium,"#N/A",New,Subject_jchtx,"#N/A","#N/A","#N/A","#N/A","#N/A"
1c89ad45-21cf-4488-94ef-6350cd694520,"#N/A","#N/A",false,Web,"#N/A","#N/A",Medium,"#N/A",New,Subject_cwhwx,"#N/A","#N/A","#N/A","#N/A","#N/A"
1c8a0f7a-8f1d-4468-8e5f-6ddbf7a3dadc,"#N/A","#N/A",false,Web,"#N/A","#N/A",Medium,"#N/A",New,Subject_gosjm,"#N/A","#N/A","#N/A","#N/A","#N/A"
1c8a23a8-0d7a-45bf-b72a-5a234da18347,"#N/A","#N/A",false,Web,"#N/A","#N/A",Medium,"#N/A",New,Subject_wdakj,"#N/A","#N/A","#N/A","#N/A","#N/A"
1c8e799b-4b65-4f0d-88b4-97d15da23168,"#N/A","#N/A",false,Web,"#N/A","#N/A",Medium,"#N/A",New,Subject_wttlq,"#N/A","#N/A","#N/A","#N/A","#N/A"
1c942899-d50e-4a4f-9a86-81a1069600b7,"#N/A","#N/A",false,Web,"#N/A","#N/A",Medium,"#N/A",New,Subject_efsbh,"#N/A","#N/A","#N/A","#N/A","#N/A"
1c963f12-3b83-4379-af33-9414fec56281,"#N/A","#N/A",false,Web,"#N/A","#N/A",Medium,"#N/A",New,Subject_gxumf,"#N/A","#N/A","#N/A","#N/A","#N/A"
1c975561-cdfa-4f6c-b855-34545fbb118f,"#N/A","#N/A",false,Web,"#N/A","#N/A",Medium,"#N/A",New,Subject_fxyqj,"#N/A","#N/A","#N/A","#N/A","#N/A"
1c988393-ffbb-47fc-afb5-bfcd5667b0cd,"#N/A","#N/A",false,Web,"#N/A","#N/A",Medium,"#N/A",New,Subject_bhiim,"#N/A","#N/A","#N/A","#N/A","#N/A"
1c99fdd8-ae9e-4dac-8f08-1520b1faaf80,"#N/A","#N/A",false,Web,"#N/A","#N/A",Medium,"#N/A",New,Subject_lktlu,"#N/A","#N/A","#N/A","#N/A","#N/A"
1c9af2c4-993f-4b60-b3f6-efefeceeaed6,"#N/A","#N/A",false,Web,"#N/A","#N/A",Medium,"#N/A",New,Subject_cezjj,"#N/A","#N/A","#N/A","#N/A","#N/A"
1c9ee739-1617-424d-9eee-757a7b274a44,"#N/A","#N/A",false,Web,"#N/A","#N/A",Medium,"#N/A",New,Subject_kvcmo,"#N/A","#N/A","#N/A","#N/A","#N/A"
1ca0d10c-8f04-4b89-992b-c73b1d012245,"#N/A","#N/A",false,Web,"#N/A","#N/A",Medium,"#N/A",New,Subject_yrrml,"#N/A","#N/A","#N/A","#N/A","#N/A"
1ca4c056-bbca-425a-8792-914aeb08e89f,"#N/A","#N/A",false,Web,"#N/A","#N/A",Medium,"#N/A",New,Subject_desqa,"#N/A","#N/A","#N/A","#N/A","#N/A"
1ca976f9-797c-4a28-a2bd-4c0a79c406e8,"#N/A","#N/A",false,Web,"#N/A","#N/A",Medium,"#N/A",New,Subject_psoil,"#N/A","#N/A","#N/A","#N/A","#N/A"
1caad162-37a0-4aa5-b34f-6dcd8ea757fd,"#N/A","#N/A",false,Web,"#N/A","#N/A",Medium,"#N/A",New,Subject_yyegs,"#N/A","#N/A","#N/A","#N/A","#N/A"
1cacaf36-498d-4cf6-a02b-b952c7251167,"#N/A","#N/A",false,Web,"#N/A","#N/A",Medium,"#N/A",New,Subject_meegn,"#N/A","#N/A","#N/A","#N/A","#N/A"
1cae0428-8205-4b7b-89e6-ac127cb7e6ee,"#N/A","#N/A",false,Web,"#N/A","#N/A",Medium,"#N/A",New,Subject_qeays,"#N/A","#N/A","#N/A","#N/A","#N/A"
1cbba971-636b-4e07-a424-f4ded336db62,"#N/A","#N/A",false,Web,"#N/A","#N/A",Medium,"#N/A",New,Subject_oklum,"#N/A","#N/A","#N/A","#N/A","#N/A"
1cc0b555-dba9-4238-876f-fe86e9793684,"#N/A","#N/A",false,Web,"#N/A","#N/A",Medium,"#N/A",New,Subject_nxofh,"#N/A","#N/A","#N/A","#N/A","#N/A"
1cc5efd3-48eb-4193-a617-9cac82b6aab4,"#N/A","#N/A",false,Web,"#N/A","#N/A",Medium,"#N/A",New,Subject_bdtzw,"#N/A","#N/A","#N/A","#N/A","#N/A"
1cc6d843-498b-4f98-9f30-273817b52d46,"#N/A","#N/A",false,Web,"#N/A","#N/A",Medium,"#N/A",New,Subject_yewom,"#N/A","#N/A","#N/A","#N/A","#N/A"
1ccb46bb-d6a1-4e9e-adff-2f0c95d707bb,"#N/A","#N/A",false,Web,"#N/A","#N/A",Medium,"#N/A",New,Subject_hqidl,"#N/A","#N/A","#N/A","#N/A","#N/A"
1ccbc999-d11f-4f11-a4dd-bd3a55928139,"#N/A","#N/A",false,Web,"#N/A","#N/A",Medium,"#N/A",New,Subject_dlwzw,"#N/A","#N/A","#N/A","#N/A","#N/A"
1ccd4a38-143c-4ba1-a43d-465c048bb5c2,"#N/A","#N/A",false,Web,"#N/A","#N/A",Medium,"#N/A",New,Subject_rdooc,"#N/A","#N/A","#N/A","#N/A","#N/A"
1cd1b7fd-4056-44a6-aefd-2ac750dd6d5d,"#N/A","#N/A",false,Web,"#N/A","#N/A",Medium,"#N/A",New,Subject_bvokm,"#N/A","#N/A","#N/A","#N/A","#N/A"
1cd2da5e-88e0-46e2-9265-06966ddf5431,"#N/A","#N/A",false,Web,"#N/A","#N/A",Medium,"#N/A",New,Subject_drbhw,"#N/A","#N/A","#N/A","#N/A","#N/A"
1cd33ce6-2104-4be9-89ca-66a696262275,"#N/A","#N/A",false,Web,"#N/A","#N/A",Medium,"#N/A",New,Subject_ozpms,"#N/A","#N/A","#N/A","#N/A","#N/A"
1cd9569d-bd7a-4c8c-9f00-614e55d3d15b,"#N/A","#N/A",false,Web,"#N/A","#N/A",Medium,"#N/A",New,Subject_ffree,"#N/A","#N/A","#N/A","#N/A","#N/A"
1cdd8bb1-c483-4630-9cb8-f718d639b8c9,"#N/A","#N/A",false,Web,"#N/A","#N/A",Medium,"#N/A",New,Subject_pnhja,"#N/A","#N/A","#N/A","#N/A","#N/A"
1cdf11b4-18ed-46ba-b3dc-144814df096d,"#N/A","#N/A",false,Web,"#N/A","#N/A",Medium,"#N/A",New,Subject_lfaen,"#N/A","#N/A","#N/A","#N/A","#N/A"
1cdf3225-1f4a-4272-8281-ade27e954951,"#N/A","#N/A",false,Web,"#N/A","#N/A",Medium,"#N/A",New,Subject_pfuxx,"#N/A","#N/A","#N/A","#N/A","#N/A"
1ce03c56-a779-453e-9745-ecbdc3c0813c,"#N/A","#N/A",false,Web,"#N/A","#N/A",Medium,"#N/A",New,Subject_gyybk,"#N/A","#N/A","#N/A","#N/A","#N/A"
1ce0835e-90da-45cb-9cc4-d58c9ab5cb3c,"#N/A","#N/A",false,Web,"#N/A","#N/A",Medium,"#N/A",New,Subject_wuvlk,"#N/A","#N/A","#N/A","#N/A","#N/A"
1ce18005-9720-40e4-b017-cc3f4158e56e,"#N/A","#N/A",false,Web,"#N/A","#N/A",Medium,"#N/A",New,Subject_cvwbn,"#N/A","#N/A","#N/A","#N/A","#N/A"
1ce3323e-706e-4e7a-b175-2357f791ebb3,"#N/A","#N/A",false,Web,"#N/A","#N/A",Medium,"#N/A",New,Subject_ewhhj,"#N/A","#N/A","#N/A","#N/A","#N/A"
1ce7bfdb-23e3-4bc2-8db7-8eccd15ba83b,"#N/A","#N/A",false,Web,"#N/A","#N/A",Medium,"#N/A",New,Subject_hzsfr,"#N/A","#N/A","#N/A","#N/A","#N/A"
1cec92b6-df59-40cc-a2d3-45ff260f1d74,"#N/A","#N/A",false,Web,"#N/A","#N/A",Medium,"#N/A",New,Subject_qdtws,"#N/A","#N/A","#N/A","#N/A","#N/A"
1cee5249-53ae-417b-a037-2c3c4236b6da,"#N/A","#N/A",false,Web,"#N/A","#N/A",Medium,"#N/A",New,Subject_typgy,"#N/A","#N/A","#N/A","#N/A","#N/A"
1cf399ee-bd6b-4e7c-8da9-1a483d96ace1,"#N/A","#N/A",false,Web,"#N/A","#N/A",Medium,"#N/A",New,Subject_hbxvn,"#N/A","#N/A","#N/A","#N/A","#N/A"
1cf3fe55-58c9-48aa-b3df-731e61d894e8,"#N/A","#N/A",false,Web,"#N/A","#N/A",Medium,"#N/A",New,Subject_hisbm,"#N/A","#N/A","#N/A","#N/A","#N/A"
1cf461ef-7bd0-4e23-b895-a85fe5c060fd,"#N/A","#N/A",false,Web,"#N/A","#N/A",Medium,"#N/A",New,Subject_dcioi,"#N/A","#N/A","#N/A","#N/A","#N/A"
1cf95283-fc69-4f9c-86e4-5bfe45b5a0f6,"#N/A","#N/A",false,Web,"#N/A","#N/A",Medium,"#N/A",New,Subject_wshtk,"#N/A","#N/A","#N/A","#N/A","#N/A"
1cf9c1b4-238a-4580-9ab4-b8c5607c3241,"#N/A","#N/A",false,Web,"#N/A","#N/A",Medium,"#N/A",New,Subject_bjnrv,"#N/A","#N/A","#N/A","#N/A","#N/A"
1cfe63da-c9ed-4fe4-b49b-a07d57b4e9e8,"#N/A","#N/A",false,Web,"#N/A","#N/A",Medium,"#N/A",New,Subject_lzmub,"#N/A","#N/A","#N/A","#N/A","#N/A"
1d025143-47d7-4112-9aaf-dc2a1ce7ae5a,"#N/A","#N/A",false,Web,"#N/A","#N/A",Medium,"#N/A",New,Subject_gdlag,"#N/A","#N/A","#N/A","#N/A","#N/A"
1d03b86d-a56d-4ef5-8dff-817621e2ce07,"#N/A","#N/A",false,Web,"#N/A","#N/A",Medium,"#N/A",New,Subject_fzulr,"#N/A","#N/A","#N/A","#N/A","#N/A"
1d0676e8-a9a2-4531-9c30-c64a2207f3e1,"#N/A","#N/A",false,Web,"#N/A","#N/A",Medium,"#N/A",New,Subject_bxvmk,"#N/A","#N/A","#N/A","#N/A","#N/A"
1d071bab-0bc9-42de-9470-cd9d34810a20,"#N/A","#N/A",false,Web,"#N/A","#N/A",Medium,"#N/A",New,Subject_fhonp,"#N/A","#N/A","#N/A","#N/A","#N/A"
1d09e0d9-1ea2-441c-9186-ed9e6ef56cef,"#N/A","#N/A",false,Web,"#N/A","#N/A",Medium,"#N/A",New,Subject_bzzzk,"#N/A","#N/A","#N/A","#N/A","#N/A"
1d0c1c15-b84d-4b25-8afe-0b7d3b7d2ba5,"#N/A","#N/A",false,Web,"#N/A","#N/A",Medium,"#N/A",New,Subject_zbmme,"#N/A","#N/A","#N/A","#N/A","#N/A"
1d112237-4f98-4e01-80c5-3af93f0097ba,"#N/A","#N/A",false,Web,"#N/A","#N/A",Medium,"#N/A",New,Subject_wttlq,"#N/A","#N/A","#N/A","#N/A","#N/A"
1d120213-103b-4e1e-a7e8-30a63809b41a,"#N/A","#N/A",false,Web,"#N/A","#N/A",Medium,"#N/A",New,Subject_romzm,"#N/A","#N/A","#N/A","#N/A","#N/A"
1d12d735-5289-48cc-876e-f866813d66d0,"#N/A","#N/A",false,Web,"#N/A","#N/A",Medium,"#N/A",New,Subject_grrey,"#N/A","#N/A","#N/A","#N/A","#N/A"
1d16f11b-300c-45a2-9b18-e75dc74621e5,"#N/A","#N/A",false,Web,"#N/A","#N/A",Medium,"#N/A",New,Subject_xikxx,"#N/A","#N/A","#N/A","#N/A","#N/A"
1d17bc51-a0e0-445e-81b6-2294e44e009b,"#N/A","#N/A",false,Web,"#N/A","#N/A",Medium,"#N/A",New,Subject_dgmsz,"#N/A","#N/A","#N/A","#N/A","#N/A"
1d190390-df86-4298-8afc-c81780c29acc,"#N/A","#N/A",false,Web,"#N/A","#N/A",Medium,"#N/A",New,Subject_gcdox,"#N/A","#N/A","#N/A","#N/A","#N/A"
1d1b6919-f288-4484-8e16-067d3f75bfed,"#N/A","#N/A",false,Web,"#N/A","#N/A",Medium,"#N/A",New,Subject_wckdb,"#N/A","#N/A","#N/A","#N/A","#N/A"
1d1d1ea3-49f2-4c31-9e0e-197ff908c61a,"#N/A","#N/A",false,Web,"#N/A","#N/A",Medium,"#N/A",New,Subject_tgnes,"#N/A","#N/A","#N/A","#N/A","#N/A"
1d1dd632-9159-4d1f-a04e-625c46a00afc,"#N/A","#N/A",false,Web,"#N/A","#N/A",Medium,"#N/A",New,Subject_hztgf,"#N/A","#N/A","#N/A","#N/A","#N/A"
1d1dd776-94c7-4498-b06e-aad3afc5e12a,"#N/A","#N/A",false,Web,"#N/A","#N/A",Medium,"#N/A",New,Subject_uzlpy,"#N/A","#N/A","#N/A","#N/A","#N/A"
1d1fe926-f70e-4319-aabf-9b0ccf9346fd,"#N/A","#N/A",false,Web,"#N/A","#N/A",Medium,"#N/A",New,Subject_khwlv,"#N/A","#N/A","#N/A","#N/A","#N/A"
1d214bd0-bc3b-4c6a-bb0a-5bbf5ea4df04,"#N/A","#N/A",false,Web,"#N/A","#N/A",Medium,"#N/A",New,Subject_hgvyf,"#N/A","#N/A","#N/A","#N/A","#N/A"
1d282495-86b1-409d-88f5-b0420c00a223,"#N/A","#N/A",false,Web,"#N/A","#N/A",Medium,"#N/A",New,Subject_cnjnl,"#N/A","#N/A","#N/A","#N/A","#N/A"
1d2cc00f-8fd1-4878-b966-f15982f48c61,"#N/A","#N/A",false,Web,"#N/A","#N/A",Medium,"#N/A",New,Subject_twmwb,"#N/A","#N/A","#N/A","#N/A","#N/A"
1d2d353f-3698-4590-9732-6e94292c0e0c,"#N/A","#N/A",false,Web,"#N/A","#N/A",Medium,"#N/A",New,Subject_wlaph,"#N/A","#N/A","#N/A","#N/A","#N/A"
1d2e6304-c2e4-4c49-a154-d75be2e52469,"#N/A","#N/A",false,Web,"#N/A","#N/A",Medium,"#N/A",New,Subject_klnsl,"#N/A","#N/A","#N/A","#N/A","#N/A"
1d3560b0-a1c0-4042-983e-88ba19551547,"#N/A","#N/A",false,Web,"#N/A","#N/A",Medium,"#N/A",New,Subject_ljktp,"#N/A","#N/A","#N/A","#N/A","#N/A"
1d38932a-0b7a-45a8-ac1c-d7b426b47025,"#N/A","#N/A",false,Web,"#N/A","#N/A",Medium,"#N/A",New,Subject_cruhr,"#N/A","#N/A","#N/A","#N/A","#N/A"
1d38a7f1-4c96-4cfd-b6e9-649827ff38b1,"#N/A","#N/A",false,Web,"#N/A","#N/A",Medium,"#N/A",New,Subject_gsxvh,"#N/A","#N/A","#N/A","#N/A","#N/A"
1d3b5360-7ebe-44ce-80ee-89a953394b8c,"#N/A","#N/A",false,Web,"#N/A","#N/A",Medium,"#N/A",New,Subject_lrrec,"#N/A","#N/A","#N/A","#N/A","#N/A"
1d3c5704-4d04-4565-a05e-c53b9cfd9b48,"#N/A","#N/A",false,Web,"#N/A","#N/A",Medium,"#N/A",New,Subject_geeev,"#N/A","#N/A","#N/A","#N/A","#N/A"
1d3e56a2-6897-4098-bf03-bf1e8641f8d4,"#N/A","#N/A",false,Web,"#N/A","#N/A",Medium,"#N/A",New,Subject_aqzcg,"#N/A","#N/A","#N/A","#N/A","#N/A"
1d3f2708-2606-4cb7-84dd-468de76a2380,"#N/A","#N/A",false,Web,"#N/A","#N/A",Medium,"#N/A",New,Subject_qahpo,"#N/A","#N/A","#N/A","#N/A","#N/A"
1d4137f8-5068-4f44-989a-e2ebbe9cb4f1,"#N/A","#N/A",false,Web,"#N/A","#N/A",Medium,"#N/A",New,Subject_tcrny,"#N/A","#N/A","#N/A","#N/A","#N/A"
1d43849a-06e2-4365-bb7c-e3537693c30e,"#N/A","#N/A",false,Web,"#N/A","#N/A",Medium,"#N/A",New,Subject_xrxla,"#N/A","#N/A","#N/A","#N/A","#N/A"
1d440dda-6604-4ab3-85e5-63634658c2ad,"#N/A","#N/A",false,Web,"#N/A","#N/A",Medium,"#N/A",New,Subject_zjitk,"#N/A","#N/A","#N/A","#N/A","#N/A"
1d453ff9-a835-4eda-8a8b-604cae4dd6ae,"#N/A","#N/A",false,Web,"#N/A","#N/A",Medium,"#N/A",New,Subject_rikto,"#N/A","#N/A","#N/A","#N/A","#N/A"
1d46129e-5783-49b2-84f2-347f9c98d7f8,"#N/A","#N/A",false,Web,"#N/A","#N/A",Medium,"#N/A",New,Subject_bqsxz,"#N/A","#N/A","#N/A","#N/A","#N/A"
1d4712e3-42bc-4a36-8d99-98339bc3c7a5,"#N/A","#N/A",false,Web,"#N/A","#N/A",Medium,"#N/A",New,Subject_cizur,"#N/A","#N/A","#N/A","#N/A","#N/A"
1d4cbac0-0fed-48a7-847d-d8a71520e182,"#N/A","#N/A",false,Web,"#N/A","#N/A",Medium,"#N/A",New,Subject_klkqc,"#N/A","#N/A","#N/A","#N/A","#N/A"
1d538979-0b8d-4ae8-8f39-3a05387b5967,"#N/A","#N/A",false,Web,"#N/A","#N/A",Medium,"#N/A",New,Subject_nwkix,"#N/A","#N/A","#N/A","#N/A","#N/A"
1d5bf463-463f-4d1f-9439-ed00aae4ebbf,"#N/A","#N/A",false,Web,"#N/A","#N/A",Medium,"#N/A",New,Subject_chjev,"#N/A","#N/A","#N/A","#N/A","#N/A"
1d6360b1-27ea-4265-9f25-27aff3a82393,"#N/A","#N/A",false,Web,"#N/A","#N/A",Medium,"#N/A",New,Subject_pggew,"#N/A","#N/A","#N/A","#N/A","#N/A"
1d640685-411e-4d9c-b81e-f5fa28cb88dc,"#N/A","#N/A",false,Web,"#N/A","#N/A",Medium,"#N/A",New,Subject_bdxrm,"#N/A","#N/A","#N/A","#N/A","#N/A"
1d6458f8-aafb-4afb-a1c0-13a42e4c94c6,"#N/A","#N/A",false,Web,"#N/A","#N/A",Medium,"#N/A",New,Subject_lcipd,"#N/A","#N/A","#N/A","#N/A","#N/A"
1d645c71-cd8d-4861-aeec-b7cc52683af5,"#N/A","#N/A",false,Web,"#N/A","#N/A",Medium,"#N/A",New,Subject_uzdai,"#N/A","#N/A","#N/A","#N/A","#N/A"
1d68b39d-83de-4491-ab0e-66694ae22955,"#N/A","#N/A",false,Web,"#N/A","#N/A",Medium,"#N/A",New,Subject_snord,"#N/A","#N/A","#N/A","#N/A","#N/A"
1d6c5185-4e98-45e4-90a6-f0022b3d8727,"#N/A","#N/A",false,Web,"#N/A","#N/A",Medium,"#N/A",New,Subject_poblj,"#N/A","#N/A","#N/A","#N/A","#N/A"
1d6dd5e3-75bf-4945-9c7d-ec768212803b,"#N/A","#N/A",false,Web,"#N/A","#N/A",Medium,"#N/A",New,Subject_mwblg,"#N/A","#N/A","#N/A","#N/A","#N/A"
1d6e80ec-8baa-411d-8628-ef464c7be567,"#N/A","#N/A",false,Web,"#N/A","#N/A",Medium,"#N/A",New,Subject_aitla,"#N/A","#N/A","#N/A","#N/A","#N/A"
1d6f8c53-f1df-4906-932f-28ee86eb8818,"#N/A","#N/A",false,Web,"#N/A","#N/A",Medium,"#N/A",New,Subject_kdcmh,"#N/A","#N/A","#N/A","#N/A","#N/A"
1d766035-d056-48d8-9ebc-237fd44e0d99,"#N/A","#N/A",false,Web,"#N/A","#N/A",Medium,"#N/A",New,Subject_olkqc,"#N/A","#N/A","#N/A","#N/A","#N/A"
1d7c883f-c9db-486c-a652-a36946b74953,"#N/A","#N/A",false,Web,"#N/A","#N/A",Medium,"#N/A",New,Subject_jhhfl,"#N/A","#N/A","#N/A","#N/A","#N/A"
1d7d757e-d015-4e52-9094-7ebc5fd4e0c1,"#N/A","#N/A",false,Web,"#N/A","#N/A",Medium,"#N/A",New,Subject_vilsn,"#N/A","#N/A","#N/A","#N/A","#N/A"
1d7d9f2e-d8a8-404c-840a-ca85e4500845,"#N/A","#N/A",false,Web,"#N/A","#N/A",Medium,"#N/A",New,Subject_ldqmx,"#N/A","#N/A","#N/A","#N/A","#N/A"
1d80f337-6601-4bf7-a573-b3f7e61a1ec0,"#N/A","#N/A",false,Web,"#N/A","#N/A",Medium,"#N/A",New,Subject_btkps,"#N/A","#N/A","#N/A","#N/A","#N/A"
1d81b6cc-3e75-43f5-a375-d1b87acf936c,"#N/A","#N/A",false,Web,"#N/A","#N/A",Medium,"#N/A",New,Subject_katpk,"#N/A","#N/A","#N/A","#N/A","#N/A"
1d81c3c7-f7d1-41b5-9599-25ba2f0fe125,"#N/A","#N/A",false,Web,"#N/A","#N/A",Medium,"#N/A",New,Subject_ryjue,"#N/A","#N/A","#N/A","#N/A","#N/A"
1d841cfa-dc43-470d-853e-fb17d4e7bad6,"#N/A","#N/A",false,Web,"#N/A","#N/A",Medium,"#N/A",New,Subject_vdqoe,"#N/A","#N/A","#N/A","#N/A","#N/A"
1d859b81-59ac-46c6-baa1-218fd13c0cf0,"#N/A","#N/A",false,Web,"#N/A","#N/A",Medium,"#N/A",New,Subject_dubyb,"#N/A","#N/A","#N/A","#N/A","#N/A"
1d877d86-8de3-4567-97fd-99034beb6e51,"#N/A","#N/A",false,Web,"#N/A","#N/A",Medium,"#N/A",New,Subject_kabjx,"#N/A","#N/A","#N/A","#N/A","#N/A"
1d892405-4fd4-4cfd-9ba2-0ca72dfb3761,"#N/A","#N/A",false,Web,"#N/A","#N/A",Medium,"#N/A",New,Subject_dhsyg,"#N/A","#N/A","#N/A","#N/A","#N/A"
1d898d56-4122-45ff-8d5f-1186f3c2e8ff,"#N/A","#N/A",false,Web,"#N/A","#N/A",Medium,"#N/A",New,Subject_nengp,"#N/A","#N/A","#N/A","#N/A","#N/A"
1d8ed026-1f84-4033-83d8-a824cb8cd07b,"#N/A","#N/A",false,Web,"#N/A","#N/A",Medium,"#N/A",New,Subject_jcqfe,"#N/A","#N/A","#N/A","#N/A","#N/A"
1d901094-95da-45ba-8879-a15ca2e666cb,"#N/A","#N/A",false,Web,"#N/A","#N/A",Medium,"#N/A",New,Subject_reyyk,"#N/A","#N/A","#N/A","#N/A","#N/A"
1d93b2f4-bfc8-41ff-a1e6-393124a50880,"#N/A","#N/A",false,Web,"#N/A","#N/A",Medium,"#N/A",New,Subject_geszd,"#N/A","#N/A","#N/A","#N/A","#N/A"
1d94b15e-867f-4f32-9c44-d7898fa26dc3,"#N/A","#N/A",false,Web,"#N/A","#N/A",Medium,"#N/A",New,Subject_kpbsg,"#N/A","#N/A","#N/A","#N/A","#N/A"
1d95e4aa-e9db-4f69-94f4-a41a069e7115,"#N/A","#N/A",false,Web,"#N/A","#N/A",Medium,"#N/A",New,Subject_zqxzq,"#N/A","#N/A","#N/A","#N/A","#N/A"
1d98fa77-a132-433c-af63-223694cbc63f,"#N/A","#N/A",false,Web,"#N/A","#N/A",Medium,"#N/A",New,Subject_cbtey,"#N/A","#N/A","#N/A","#N/A","#N/A"
1d9af98d-850b-447e-a8f1-fe8753ef8c6d,"#N/A","#N/A",false,Web,"#N/A","#N/A",Medium,"#N/A",New,Subject_alyfr,"#N/A","#N/A","#N/A","#N/A","#N/A"
1da2ce4a-8378-4c51-9546-ecec5d71500e,"#N/A","#N/A",false,Web,"#N/A","#N/A",Medium,"#N/A",New,Subject_vckay,"#N/A","#N/A","#N/A","#N/A","#N/A"
1da44dac-7365-45c1-9329-baf9497d4b15,"#N/A","#N/A",false,Web,"#N/A","#N/A",Medium,"#N/A",New,Subject_swsiv,"#N/A","#N/A","#N/A","#N/A","#N/A"
1da4ce53-4378-405b-846d-5c8d72d88e0a,"#N/A","#N/A",false,Web,"#N/A","#N/A",Medium,"#N/A",New,Subject_rmmvy,"#N/A","#N/A","#N/A","#N/A","#N/A"
1da7a2bd-319b-44d1-bae2-b92f070b5c94,"#N/A","#N/A",false,Web,"#N/A","#N/A",Medium,"#N/A",New,Subject_gzxir,"#N/A","#N/A","#N/A","#N/A","#N/A"
1daa76f6-b184-4f44-a13c-21431713e0fc,"#N/A","#N/A",false,Web,"#N/A","#N/A",Medium,"#N/A",New,Subject_nbwnz,"#N/A","#N/A","#N/A","#N/A","#N/A"
1daa9bcf-91ad-47d4-be70-16aab97c43d9,"#N/A","#N/A",false,Web,"#N/A","#N/A",Medium,"#N/A",New,Subject_zvczr,"#N/A","#N/A","#N/A","#N/A","#N/A"
1db2636d-0b69-4903-b15a-624f7d986f06,"#N/A","#N/A",false,Web,"#N/A","#N/A",Medium,"#N/A",New,Subject_dlwzw,"#N/A","#N/A","#N/A","#N/A","#N/A"
1db33617-459f-499f-8dec-d11b7782a297,"#N/A","#N/A",false,Web,"#N/A","#N/A",Medium,"#N/A",New,Subject_qieej,"#N/A","#N/A","#N/A","#N/A","#N/A"
1db757f4-98f3-4833-8e0c-deb171765717,"#N/A","#N/A",false,Web,"#N/A","#N/A",Medium,"#N/A",New,Subject_tqmtm,"#N/A","#N/A","#N/A","#N/A","#N/A"
1dba0872-996e-48dc-9256-a5fb14527e73,"#N/A","#N/A",false,Web,"#N/A","#N/A",Medium,"#N/A",New,Subject_jdhuk,"#N/A","#N/A","#N/A","#N/A","#N/A"
1dbdf1a7-047c-43dd-9a8b-d87f216512a1,"#N/A","#N/A",false,Web,"#N/A","#N/A",Medium,"#N/A",New,Subject_kdwzm,"#N/A","#N/A","#N/A","#N/A","#N/A"
1dbfd58a-04ff-4820-87a1-3826cc10c6d1,"#N/A","#N/A",false,Web,"#N/A","#N/A",Medium,"#N/A",New,Subject_lyult,"#N/A","#N/A","#N/A","#N/A","#N/A"
1dc1bc73-f508-458e-9d29-d396d44d4ed5,"#N/A","#N/A",false,Web,"#N/A","#N/A",Medium,"#N/A",New,Subject_wpksz,"#N/A","#N/A","#N/A","#N/A","#N/A"
1dc21d0f-52cd-4961-a45a-a7db836156e5,"#N/A","#N/A",false,Web,"#N/A","#N/A",Medium,"#N/A",New,Subject_qhsun,"#N/A","#N/A","#N/A","#N/A","#N/A"
1dc2a089-a2c5-435b-a5b8-9167bc0cee40,"#N/A","#N/A",false,Web,"#N/A","#N/A",Medium,"#N/A",New,Subject_xzsun,"#N/A","#N/A","#N/A","#N/A","#N/A"
1dc45bca-cbcf-4574-8941-736118d8a262,"#N/A","#N/A",false,Web,"#N/A","#N/A",Medium,"#N/A",New,Subject_tnyag,"#N/A","#N/A","#N/A","#N/A","#N/A"
1dc4e7a6-ea35-46ca-af00-443549a01668,"#N/A","#N/A",false,Web,"#N/A","#N/A",Medium,"#N/A",New,Subject_jcyjl,"#N/A","#N/A","#N/A","#N/A","#N/A"
1dc5e818-e7ed-4847-aad2-16f8b91847e5,"#N/A","#N/A",false,Web,"#N/A","#N/A",Medium,"#N/A",New,Subject_fghbu,"#N/A","#N/A","#N/A","#N/A","#N/A"
1dc7612f-9fa8-4de1-9fff-8eec9197f271,"#N/A","#N/A",false,Web,"#N/A","#N/A",Medium,"#N/A",New,Subject_vwbkv,"#N/A","#N/A","#N/A","#N/A","#N/A"
1dc8b7bb-71e9-4411-8097-f46afe0034bd,"#N/A","#N/A",false,Web,"#N/A","#N/A",Medium,"#N/A",New,Subject_etmcg,"#N/A","#N/A","#N/A","#N/A","#N/A"
1dcb24bb-8ba0-41ff-b8f8-61169cf04667,"#N/A","#N/A",false,Web,"#N/A","#N/A",Medium,"#N/A",New,Subject_fjktl,"#N/A","#N/A","#N/A","#N/A","#N/A"
1dcf736b-b28c-4be5-8ffc-86fe241221d5,"#N/A","#N/A",false,Web,"#N/A","#N/A",Medium,"#N/A",New,Subject_osqcd,"#N/A","#N/A","#N/A","#N/A","#N/A"
1ddad29c-f4c5-45fa-adf5-a18213545fcd,"#N/A","#N/A",false,Web,"#N/A","#N/A",Medium,"#N/A",New,Subject_xlgdi,"#N/A","#N/A","#N/A","#N/A","#N/A"
1ddb114d-b11e-405f-9989-d0127d8d7fc3,"#N/A","#N/A",false,Web,"#N/A","#N/A",Medium,"#N/A",New,Subject_ultja,"#N/A","#N/A","#N/A","#N/A","#N/A"
1ddb71f6-302b-4d05-9b77-48c9f9f1c9f5,"#N/A","#N/A",false,Web,"#N/A","#N/A",Medium,"#N/A",New,Subject_oelju,"#N/A","#N/A","#N/A","#N/A","#N/A"
1ddd99ea-3171-44cf-9b66-30b747d60287,"#N/A","#N/A",false,Web,"#N/A","#N/A",Medium,"#N/A",New,Subject_vjaby,"#N/A","#N/A","#N/A","#N/A","#N/A"
1de1a3e3-f4dd-431e-b09f-32a2d06f9bcb,"#N/A","#N/A",false,Web,"#N/A","#N/A",Medium,"#N/A",New,Subject_otabd,"#N/A","#N/A","#N/A","#N/A","#N/A"
1de2257c-460d-4bee-aee5-483f8851e24e,"#N/A","#N/A",false,Web,"#N/A","#N/A",Medium,"#N/A",New,Subject_jnxus,"#N/A","#N/A","#N/A","#N/A","#N/A"
1de26e8a-cef8-4c9a-b870-f28842b4e9df,"#N/A","#N/A",false,Web,"#N/A","#N/A",Medium,"#N/A",New,Subject_cuqmw,"#N/A","#N/A","#N/A","#N/A","#N/A"
1de2b7dd-7807-42cf-b44c-84ed0735b521,"#N/A","#N/A",false,Web,"#N/A","#N/A",Medium,"#N/A",New,Subject_eiepz,"#N/A","#N/A","#N/A","#N/A","#N/A"
1de6c339-f362-4da9-8c4a-89de380e790f,"#N/A","#N/A",false,Web,"#N/A","#N/A",Medium,"#N/A",New,Subject_qxyun,"#N/A","#N/A","#N/A","#N/A","#N/A"
1de8a32f-0804-4913-8973-3288a3c822eb,"#N/A","#N/A",false,Web,"#N/A","#N/A",Medium,"#N/A",New,Subject_kpsvj,"#N/A","#N/A","#N/A","#N/A","#N/A"
1de956be-9b29-422c-a793-f24513f38b89,"#N/A","#N/A",false,Web,"#N/A","#N/A",Medium,"#N/A",New,Subject_crxnp,"#N/A","#N/A","#N/A","#N/A","#N/A"
1dee4bd1-fc1d-49ec-8ea0-f883dff2d2f4,"#N/A","#N/A",false,Web,"#N/A","#N/A",Medium,"#N/A",New,Subject_wvdum,"#N/A","#N/A","#N/A","#N/A","#N/A"
1df7e3e8-3b2a-45f2-9fd6-0bfb2d4e2149,"#N/A","#N/A",false,Web,"#N/A","#N/A",Medium,"#N/A",New,Subject_ljlvu,"#N/A","#N/A","#N/A","#N/A","#N/A"
1dfadf84-bf50-407a-8bce-fd3c37ee56ce,"#N/A","#N/A",false,Web,"#N/A","#N/A",Medium,"#N/A",New,Subject_iceud,"#N/A","#N/A","#N/A","#N/A","#N/A"
1dfdf1f0-a086-4c88-9ead-25e19f5377cd,"#N/A","#N/A",false,Web,"#N/A","#N/A",Medium,"#N/A",New,Subject_kcrfa,"#N/A","#N/A","#N/A","#N/A","#N/A"
1e01590c-7e37-4d49-b533-b13fe967026e,"#N/A","#N/A",false,Web,"#N/A","#N/A",Medium,"#N/A",New,Subject_mprxe,"#N/A","#N/A","#N/A","#N/A","#N/A"
1e04f2da-507f-4bfe-a68c-28637597b392,"#N/A","#N/A",false,Web,"#N/A","#N/A",Medium,"#N/A",New,Subject_kzzrm,"#N/A","#N/A","#N/A","#N/A","#N/A"
1e0918ed-84dc-4a37-ae0a-59d5d5356a2d,"#N/A","#N/A",false,Web,"#N/A","#N/A",Medium,"#N/A",New,Subject_zvmdu,"#N/A","#N/A","#N/A","#N/A","#N/A"
1e0aea94-d803-4569-841a-b57f4571f886,"#N/A","#N/A",false,Web,"#N/A","#N/A",Medium,"#N/A",New,Subject_crxtj,"#N/A","#N/A","#N/A","#N/A","#N/A"
1e0d26ec-dcb4-4e68-bd0b-bafd4c8d19e2,"#N/A","#N/A",false,Web,"#N/A","#N/A",Medium,"#N/A",New,Subject_hozhk,"#N/A","#N/A","#N/A","#N/A","#N/A"
1e0dd097-5e96-4da5-bbaf-3aed0964e258,"#N/A","#N/A",false,Web,"#N/A","#N/A",Medium,"#N/A",New,Subject_iobxb,"#N/A","#N/A","#N/A","#N/A","#N/A"
1e13d1ff-df89-4f5e-a224-67aec44776f2,"#N/A","#N/A",false,Web,"#N/A","#N/A",Medium,"#N/A",New,Subject_ulisk,"#N/A","#N/A","#N/A","#N/A","#N/A"
1e20db26-294d-4b0d-8029-9368c47fc23b,"#N/A","#N/A",false,Web,"#N/A","#N/A",Medium,"#N/A",New,Subject_vwrfu,"#N/A","#N/A","#N/A","#N/A","#N/A"
1e22d370-cd95-4ca7-acab-39de4b6ed7fb,"#N/A","#N/A",false,Web,"#N/A","#N/A",Medium,"#N/A",New,Subject_wiepj,"#N/A","#N/A","#N/A","#N/A","#N/A"
1e275d59-47cf-4fd3-b63a-2de1d72563cf,"#N/A","#N/A",false,Web,"#N/A","#N/A",Medium,"#N/A",New,Subject_helgg,"#N/A","#N/A","#N/A","#N/A","#N/A"
1e300e94-8132-42cc-a79c-e0111a0366bf,"#N/A","#N/A",false,Web,"#N/A","#N/A",Medium,"#N/A",New,Subject_xjozy,"#N/A","#N/A","#N/A","#N/A","#N/A"
1e301d5a-7bed-4c98-a228-13d911d7874c,"#N/A","#N/A",false,Web,"#N/A","#N/A",Medium,"#N/A",New,Subject_ncnka,"#N/A","#N/A","#N/A","#N/A","#N/A"
1e30dc70-d008-41be-ab7f-3557eefc3df1,"#N/A","#N/A",false,Web,"#N/A","#N/A",Medium,"#N/A",New,Subject_erjjx,"#N/A","#N/A","#N/A","#N/A","#N/A"
1e3233c5-22aa-4ce7-a507-caebbf1c5f07,"#N/A","#N/A",false,Web,"#N/A","#N/A",Medium,"#N/A",New,Subject_folil,"#N/A","#N/A","#N/A","#N/A","#N/A"
1e341cfd-9652-4379-9a04-305a38a4c7a2,"#N/A","#N/A",false,Web,"#N/A","#N/A",Medium,"#N/A",New,Subject_swbez,"#N/A","#N/A","#N/A","#N/A","#N/A"
1e347d95-18d6-4a54-82b8-9b07eec429e2,"#N/A","#N/A",false,Web,"#N/A","#N/A",Medium,"#N/A",New,Subject_pivaa,"#N/A","#N/A","#N/A","#N/A","#N/A"
1e360461-8a51-4dfc-b881-29130d6a5d1f,"#N/A","#N/A",false,Web,"#N/A","#N/A",Medium,"#N/A",New,Subject_hhdvt,"#N/A","#N/A","#N/A","#N/A","#N/A"
1e374b7b-f543-480e-b338-73c045aad77b,"#N/A","#N/A",false,Web,"#N/A","#N/A",Medium,"#N/A",New,Subject_mydjw,"#N/A","#N/A","#N/A","#N/A","#N/A"
1e3cf6ff-34ba-4f25-8cea-e2ac2687ee2b,"#N/A","#N/A",false,Web,"#N/A","#N/A",Medium,"#N/A",New,Subject_bpirs,"#N/A","#N/A","#N/A","#N/A","#N/A"
1e3df991-6068-401b-807e-f0a7cac4e017,"#N/A","#N/A",false,Web,"#N/A","#N/A",Medium,"#N/A",New,Subject_oboze,"#N/A","#N/A","#N/A","#N/A","#N/A"
1e3f5824-3a5a-4b49-b80c-be6d04f8cf9f,"#N/A","#N/A",false,Web,"#N/A","#N/A",Medium,"#N/A",New,Subject_xcuci,"#N/A","#N/A","#N/A","#N/A","#N/A"
1e40ddca-5bd4-4494-9b35-4448446b01ca,"#N/A","#N/A",false,Web,"#N/A","#N/A",Medium,"#N/A",New,Subject_rgspo,"#N/A","#N/A","#N/A","#N/A","#N/A"
1e411002-c734-43e7-9c58-f5f905563a43,"#N/A","#N/A",false,Web,"#N/A","#N/A",Medium,"#N/A",New,Subject_qqmnf,"#N/A","#N/A","#N/A","#N/A","#N/A"
1e43e491-6a05-4695-b1b3-8d965df19f70,"#N/A","#N/A",false,Web,"#N/A","#N/A",Medium,"#N/A",New,Subject_fwemp,"#N/A","#N/A","#N/A","#N/A","#N/A"
1e4426a9-a072-4f66-83ce-ca72af621f8a,"#N/A","#N/A",false,Web,"#N/A","#N/A",Medium,"#N/A",New,Subject_anudk,"#N/A","#N/A","#N/A","#N/A","#N/A"
1e4a9a59-91ac-4f19-a517-205507b15b1d,"#N/A","#N/A",false,Web,"#N/A","#N/A",Medium,"#N/A",New,Subject_zlodf,"#N/A","#N/A","#N/A","#N/A","#N/A"
1e4b38be-2c82-42d3-9dcd-77914631c3ca,"#N/A","#N/A",false,Web,"#N/A","#N/A",Medium,"#N/A",New,Subject_pcsdp,"#N/A","#N/A","#N/A","#N/A","#N/A"
1e4c8f03-7567-4e2f-bdfa-be6326f4e9ff,"#N/A","#N/A",false,Web,"#N/A","#N/A",Medium,"#N/A",New,Subject_meeup,"#N/A","#N/A","#N/A","#N/A","#N/A"
1e51b254-b7be-4a1a-bf6c-fda1071818d4,"#N/A","#N/A",false,Web,"#N/A","#N/A",Medium,"#N/A",New,Subject_kdcmh,"#N/A","#N/A","#N/A","#N/A","#N/A"
1e520b75-f340-448c-91ea-705fba636fdc,"#N/A","#N/A",false,Web,"#N/A","#N/A",Medium,"#N/A",New,Subject_sdqtb,"#N/A","#N/A","#N/A","#N/A","#N/A"
1e526f8c-03f0-4916-ab3f-48c6f3e91d19,"#N/A","#N/A",false,Web,"#N/A","#N/A",Medium,"#N/A",New,Subject_gdxzy,"#N/A","#N/A","#N/A","#N/A","#N/A"
1e556b4e-0d10-43f2-ac14-848364ad7c46,"#N/A","#N/A",false,Web,"#N/A","#N/A",Medium,"#N/A",New,Subject_tkbmt,"#N/A","#N/A","#N/A","#N/A","#N/A"
1e57546f-85ef-44b9-98df-f630cf33a26e,"#N/A","#N/A",false,Web,"#N/A","#N/A",Medium,"#N/A",New,Subject_rytwj,"#N/A","#N/A","#N/A","#N/A","#N/A"
1e57bfbd-c76a-45a6-8d7e-6a696500d04c,"#N/A","#N/A",false,Web,"#N/A","#N/A",Medium,"#N/A",New,Subject_mxhlu,"#N/A","#N/A","#N/A","#N/A","#N/A"
1e599817-82f6-4acd-b2c7-44ac675338ff,"#N/A","#N/A",false,Web,"#N/A","#N/A",Medium,"#N/A",New,Subject_bhqua,"#N/A","#N/A","#N/A","#N/A","#N/A"
1e5c5e6c-28ad-4b9f-9802-342e1a342bd0,"#N/A","#N/A",false,Web,"#N/A","#N/A",Medium,"#N/A",New,Subject_sfswc,"#N/A","#N/A","#N/A","#N/A","#N/A"
1e66f66a-c3ff-46a1-bedc-a3f442810702,"#N/A","#N/A",false,Web,"#N/A","#N/A",Medium,"#N/A",New,Subject_zdyqb,"#N/A","#N/A","#N/A","#N/A","#N/A"
1e6793a8-7498-474c-9b06-0b9c71f2c5a6,"#N/A","#N/A",false,Web,"#N/A","#N/A",Medium,"#N/A",New,Subject_qtlhk,"#N/A","#N/A","#N/A","#N/A","#N/A"
1e696913-687b-43aa-8178-92dd13b74f83,"#N/A","#N/A",false,Web,"#N/A","#N/A",Medium,"#N/A",New,Subject_kugty,"#N/A","#N/A","#N/A","#N/A","#N/A"
1e6bf820-af30-4e1e-b2ca-4c62feea6801,"#N/A","#N/A",false,Web,"#N/A","#N/A",Medium,"#N/A",New,Subject_jvkaq,"#N/A","#N/A","#N/A","#N/A","#N/A"
1e6dbda8-3d7e-49a8-baae-ba023024b64f,"#N/A","#N/A",false,Web,"#N/A","#N/A",Medium,"#N/A",New,Subject_wqton,"#N/A","#N/A","#N/A","#N/A","#N/A"
1e6f17a7-1078-498a-863a-2b8f3b232726,"#N/A","#N/A",false,Web,"#N/A","#N/A",Medium,"#N/A",New,Subject_nkrqn,"#N/A","#N/A","#N/A","#N/A","#N/A"
1e6fd138-1fbd-4c4c-966c-dc2a124b8855,"#N/A","#N/A",false,Web,"#N/A","#N/A",Medium,"#N/A",New,Subject_sdmyc,"#N/A","#N/A","#N/A","#N/A","#N/A"
1e71eae5-5f1e-4f9b-a8a1-447870cadc1e,"#N/A","#N/A",false,Web,"#N/A","#N/A",Medium,"#N/A",New,Subject_qjujz,"#N/A","#N/A","#N/A","#N/A","#N/A"
1e72713a-bc7d-4a27-9522-fd97b56dbce9,"#N/A","#N/A",false,Web,"#N/A","#N/A",Medium,"#N/A",New,Subject_papyx,"#N/A","#N/A","#N/A","#N/A","#N/A"
1e7285e1-0f1b-428a-af0a-b55eadf7808e,"#N/A","#N/A",false,Web,"#N/A","#N/A",Medium,"#N/A",New,Subject_uebqw,"#N/A","#N/A","#N/A","#N/A","#N/A"
1e72cf85-3524-4bff-923f-b3035886512f,"#N/A","#N/A",false,Web,"#N/A","#N/A",Medium,"#N/A",New,Subject_bbrsk,"#N/A","#N/A","#N/A","#N/A","#N/A"
1e731e04-dd1d-4a5c-be01-1963741b0de7,"#N/A","#N/A",false,Web,"#N/A","#N/A",Medium,"#N/A",New,Subject_nhdpe,"#N/A","#N/A","#N/A","#N/A","#N/A"
1e7471f3-ce7e-4687-aea6-409f9e08add1,"#N/A","#N/A",false,Web,"#N/A","#N/A",Medium,"#N/A",New,Subject_rsdlm,"#N/A","#N/A","#N/A","#N/A","#N/A"
1e769d5a-9982-45c9-ac3b-0f0039682180,"#N/A","#N/A",false,Web,"#N/A","#N/A",Medium,"#N/A",New,Subject_iacht,"#N/A","#N/A","#N/A","#N/A","#N/A"
1e782e3e-a206-46dd-9042-36f8feb00d80,"#N/A","#N/A",false,Web,"#N/A","#N/A",Medium,"#N/A",New,Subject_vuehi,"#N/A","#N/A","#N/A","#N/A","#N/A"
1e783557-32f3-4618-9a6d-cbbcd05a3652,"#N/A","#N/A",false,Web,"#N/A","#N/A",Medium,"#N/A",New,Subject_ktqfl,"#N/A","#N/A","#N/A","#N/A","#N/A"
1e7bd9bb-0c58-401d-9727-7c080d684e9d,"#N/A","#N/A",false,Web,"#N/A","#N/A",Medium,"#N/A",New,Subject_lcipd,"#N/A","#N/A","#N/A","#N/A","#N/A"
1e7d8648-01af-4967-b261-16280f74e1fe,"#N/A","#N/A",false,Web,"#N/A","#N/A",Medium,"#N/A",New,Subject_qlrsn,"#N/A","#N/A","#N/A","#N/A","#N/A"
1e8046f1-8181-4df3-b08b-330234452213,"#N/A","#N/A",false,Web,"#N/A","#N/A",Medium,"#N/A",New,Subject_gkzsh,"#N/A","#N/A","#N/A","#N/A","#N/A"
1e84217b-6577-4fff-9458-b61e3ed72f81,"#N/A","#N/A",false,Web,"#N/A","#N/A",Medium,"#N/A",New,Subject_dpapf,"#N/A","#N/A","#N/A","#N/A","#N/A"
1e85cf39-81c4-4928-b4f3-bb008acb423a,"#N/A","#N/A",false,Web,"#N/A","#N/A",Medium,"#N/A",New,Subject_wqlli,"#N/A","#N/A","#N/A","#N/A","#N/A"
1e899427-2c1c-41ec-abf0-9294017c4d60,"#N/A","#N/A",false,Web,"#N/A","#N/A",Medium,"#N/A",New,Subject_cubrk,"#N/A","#N/A","#N/A","#N/A","#N/A"
1e8b7d0c-6dc4-41fb-8999-a04386b72cd0,"#N/A","#N/A",false,Web,"#N/A","#N/A",Medium,"#N/A",New,Subject_cswcw,"#N/A","#N/A","#N/A","#N/A","#N/A"
1e8cc064-8143-4f65-a1af-c28f0ab2a145,"#N/A","#N/A",false,Web,"#N/A","#N/A",Medium,"#N/A",New,Subject_koxxs,"#N/A","#N/A","#N/A","#N/A","#N/A"
1e8ddb5e-6a34-4ca6-977d-dc20b4af4e9c,"#N/A","#N/A",false,Web,"#N/A","#N/A",Medium,"#N/A",New,Subject_scxjm,"#N/A","#N/A","#N/A","#N/A","#N/A"
1e91b116-274a-4c70-a3e0-ab7a8362ef82,"#N/A","#N/A",false,Web,"#N/A","#N/A",Medium,"#N/A",New,Subject_mouyk,"#N/A","#N/A","#N/A","#N/A","#N/A"
1e9b77b9-8d47-4173-9fc6-a6cc04a8bd04,"#N/A","#N/A",false,Web,"#N/A","#N/A",Medium,"#N/A",New,Subject_ibtik,"#N/A","#N/A","#N/A","#N/A","#N/A"
1e9f71d4-caab-4a18-be3f-cef6ec27bccb,"#N/A","#N/A",false,Web,"#N/A","#N/A",Medium,"#N/A",New,Subject_urzxa,"#N/A","#N/A","#N/A","#N/A","#N/A"
1ea56e34-50e6-40be-97a8-fa3deaea9d56,"#N/A","#N/A",false,Web,"#N/A","#N/A",Medium,"#N/A",New,Subject_jepyr,"#N/A","#N/A","#N/A","#N/A","#N/A"
1ea88b7c-ef29-44e4-a206-5bcc006d9873,"#N/A","#N/A",false,Web,"#N/A","#N/A",Medium,"#N/A",New,Subject_fofgu,"#N/A","#N/A","#N/A","#N/A","#N/A"
1ea89f91-9eae-4832-a8a6-440b039a6ec2,"#N/A","#N/A",false,Web,"#N/A","#N/A",Medium,"#N/A",New,Subject_jfjdf,"#N/A","#N/A","#N/A","#N/A","#N/A"
1eac50cc-c87e-4c8e-807e-a2019d19040b,"#N/A","#N/A",false,Web,"#N/A","#N/A",Medium,"#N/A",New,Subject_warhr,"#N/A","#N/A","#N/A","#N/A","#N/A"
1eadaa8a-a497-4761-8229-8e8d32b2ae67,"#N/A","#N/A",false,Web,"#N/A","#N/A",Medium,"#N/A",New,Subject_vgteb,"#N/A","#N/A","#N/A","#N/A","#N/A"
1eb313c3-6af5-455a-9eba-16285f1cd2f6,"#N/A","#N/A",false,Web,"#N/A","#N/A",Medium,"#N/A",New,Subject_smkpi,"#N/A","#N/A","#N/A","#N/A","#N/A"
1eb55a15-0862-4bce-9aea-603d35a4e1b2,"#N/A","#N/A",false,Web,"#N/A","#N/A",Medium,"#N/A",New,Subject_kcuci,"#N/A","#N/A","#N/A","#N/A","#N/A"
1eb8ee53-efa6-4885-9613-bdf103f23a10,"#N/A","#N/A",false,Web,"#N/A","#N/A",Medium,"#N/A",New,Subject_toqsz,"#N/A","#N/A","#N/A","#N/A","#N/A"
1ec37bf0-7486-41d8-bb0f-9ddf6c4fdb55,"#N/A","#N/A",false,Web,"#N/A","#N/A",Medium,"#N/A",New,Subject_wnyjj,"#N/A","#N/A","#N/A","#N/A","#N/A"
1ec48809-0762-4bc6-8465-57671f6b5efe,"#N/A","#N/A",false,Web,"#N/A","#N/A",Medium,"#N/A",New,Subject_bjnrv,"#N/A","#N/A","#N/A","#N/A","#N/A"
1ed0b7ed-ea99-4243-94b0-867776b5c4ca,"#N/A","#N/A",false,Web,"#N/A","#N/A",Medium,"#N/A",New,Subject_qsqxq,"#N/A","#N/A","#N/A","#N/A","#N/A"
1ed870e3-9d29-4ac3-b3b6-6bc1ee5cbf5f,"#N/A","#N/A",false,Web,"#N/A","#N/A",Medium,"#N/A",New,Subject_bdtyz,"#N/A","#N/A","#N/A","#N/A","#N/A"
1eda0e88-4a1e-4cfc-98f3-d4ec8d5adc00,"#N/A","#N/A",false,Web,"#N/A","#N/A",Medium,"#N/A",New,Subject_whvlr,"#N/A","#N/A","#N/A","#N/A","#N/A"
1edd9b25-2321-41a0-9522-2d21ff52952c,"#N/A","#N/A",false,Web,"#N/A","#N/A",Medium,"#N/A",New,Subject_orkbf,"#N/A","#N/A","#N/A","#N/A","#N/A"
1edf593f-4e82-4019-8ac2-1f0b7f098998,"#N/A","#N/A",false,Web,"#N/A","#N/A",Medium,"#N/A",New,Subject_oglmo,"#N/A","#N/A","#N/A","#N/A","#N/A"
1ee1e5e4-5cfd-4f33-bdfc-abc21ad5b5e8,"#N/A","#N/A",false,Web,"#N/A","#N/A",Medium,"#N/A",New,Subject_viaxd,"#N/A","#N/A","#N/A","#N/A","#N/A"
1ee2e7a8-dbe0-4416-b603-340a64d8f0bf,"#N/A","#N/A",false,Web,"#N/A","#N/A",Medium,"#N/A",New,Subject_keqsj,"#N/A","#N/A","#N/A","#N/A","#N/A"
1ee3e4cc-5695-4815-b8e2-1be7b1e9c593,"#N/A","#N/A",false,Web,"#N/A","#N/A",Medium,"#N/A",New,Subject_vevjs,"#N/A","#N/A","#N/A","#N/A","#N/A"
1ee533cf-732b-41f8-9c47-5da71718aae5,"#N/A","#N/A",false,Web,"#N/A","#N/A",Medium,"#N/A",New,Subject_kmzip,"#N/A","#N/A","#N/A","#N/A","#N/A"
1ee764a9-4eda-4cdd-b97c-1f27b8a8dbd3,"#N/A","#N/A",false,Web,"#N/A","#N/A",Medium,"#N/A",New,Subject_ghspe,"#N/A","#N/A","#N/A","#N/A","#N/A"
1ee9792c-c34c-46aa-bab2-1be8e902d925,"#N/A","#N/A",false,Web,"#N/A","#N/A",Medium,"#N/A",New,Subject_mkudd,"#N/A","#N/A","#N/A","#N/A","#N/A"
1eea13c5-1125-4a2b-9b14-3a1a3a5c7184,"#N/A","#N/A",false,Web,"#N/A","#N/A",Medium,"#N/A",New,Subject_rphil,"#N/A","#N/A","#N/A","#N/A","#N/A"
1eeed4a3-e5bb-4f19-b803-725a558ece49,"#N/A","#N/A",false,Web,"#N/A","#N/A",Medium,"#N/A",New,Subject_aptwb,"#N/A","#N/A","#N/A","#N/A","#N/A"
1f0034e9-0790-4f95-b57d-7a6a6f468e00,"#N/A","#N/A",false,Web,"#N/A","#N/A",Medium,"#N/A",New,Subject_skikn,"#N/A","#N/A","#N/A","#N/A","#N/A"
1f0039c1-8a36-41c3-b6af-c4bb93cc146d,"#N/A","#N/A",false,Web,"#N/A","#N/A",Medium,"#N/A",New,Subject_kakxd,"#N/A","#N/A","#N/A","#N/A","#N/A"
1f00dc40-8ab2-4701-8743-c7b1796223d5,"#N/A","#N/A",false,Web,"#N/A","#N/A",Medium,"#N/A",New,Subject_kkimf,"#N/A","#N/A","#N/A","#N/A","#N/A"
1f02b2cb-174b-4018-8bc7-7a60b8a12182,"#N/A","#N/A",false,Web,"#N/A","#N/A",Medium,"#N/A",New,Subject_vkpla,"#N/A","#N/A","#N/A","#N/A","#N/A"
1f036115-2ff8-4781-8907-6ce88de19aa4,"#N/A","#N/A",false,Web,"#N/A","#N/A",Medium,"#N/A",New,Subject_hoebb,"#N/A","#N/A","#N/A","#N/A","#N/A"
1f03ffcc-9dcb-4411-acd9-5af67030e5e7,"#N/A","#N/A",false,Web,"#N/A","#N/A",Medium,"#N/A",New,Subject_cdkyf,"#N/A","#N/A","#N/A","#N/A","#N/A"
1f0cc657-8d76-4ed0-9068-991cd1b47b6c,"#N/A","#N/A",false,Web,"#N/A","#N/A",Medium,"#N/A",New,Subject_xxknm,"#N/A","#N/A","#N/A","#N/A","#N/A"
1f0cced5-17c0-4c35-bb1a-12991052cb1e,"#N/A","#N/A",false,Web,"#N/A","#N/A",Medium,"#N/A",New,Subject_orlue,"#N/A","#N/A","#N/A","#N/A","#N/A"
1f0fee25-90ee-490f-949d-8b5231787d1d,"#N/A","#N/A",false,Web,"#N/A","#N/A",Medium,"#N/A",New,Subject_gjjrv,"#N/A","#N/A","#N/A","#N/A","#N/A"
1f101a85-c82e-4b0d-943b-b730d8e680c7,"#N/A","#N/A",false,Web,"#N/A","#N/A",Medium,"#N/A",New,Subject_dftge,"#N/A","#N/A","#N/A","#N/A","#N/A"
1f166e17-81ac-4b2d-ab32-a0e5ac19a002,"#N/A","#N/A",false,Web,"#N/A","#N/A",Medium,"#N/A",New,Subject_mggxa,"#N/A","#N/A","#N/A","#N/A","#N/A"
1f170b10-f6f0-47a6-88ee-f9573f404a5e,"#N/A","#N/A",false,Web,"#N/A","#N/A",Medium,"#N/A",New,Subject_iwjzb,"#N/A","#N/A","#N/A","#N/A","#N/A"
1f17dc88-2442-42b1-97e2-d461d88c48e7,"#N/A","#N/A",false,Web,"#N/A","#N/A",Medium,"#N/A",New,Subject_jqyjl,"#N/A","#N/A","#N/A","#N/A","#N/A"
1f1bfe6d-a7fa-451f-b9c6-738f627eec35,"#N/A","#N/A",false,Web,"#N/A","#N/A",Medium,"#N/A",New,Subject_swstq,"#N/A","#N/A","#N/A","#N/A","#N/A"
1f1c8631-6106-4a71-a828-7814f65c1409,"#N/A","#N/A",false,Web,"#N/A","#N/A",Medium,"#N/A",New,Subject_aqjkp,"#N/A","#N/A","#N/A","#N/A","#N/A"
1f1e0e42-040f-4ee1-878c-8b2ba6a98ae6,"#N/A","#N/A",false,Web,"#N/A","#N/A",Medium,"#N/A",New,Subject_aklas,"#N/A","#N/A","#N/A","#N/A","#N/A"
1f1eb1c1-0e58-4459-a4f7-bbe475225d4d,"#N/A","#N/A",false,Web,"#N/A","#N/A",Medium,"#N/A",New,Subject_ugldn,"#N/A","#N/A","#N/A","#N/A","#N/A"
1f20a14e-253d-4ec0-a4d1-eda771d75d67,"#N/A","#N/A",false,Web,"#N/A","#N/A",Medium,"#N/A",New,Subject_iblzj,"#N/A","#N/A","#N/A","#N/A","#N/A"
1f23263f-235c-4788-babb-376a0cfdecda,"#N/A","#N/A",false,Web,"#N/A","#N/A",Medium,"#N/A",New,Subject_zzczh,"#N/A","#N/A","#N/A","#N/A","#N/A"
1f2687dc-9c21-4bb1-a3d7-4e60e2943c46,"#N/A","#N/A",false,Web,"#N/A","#N/A",Medium,"#N/A",New,Subject_eknhi,"#N/A","#N/A","#N/A","#N/A","#N/A"
1f2760ed-e1d5-4e50-a1cc-eadf2040bf08,"#N/A","#N/A",false,Web,"#N/A","#N/A",Medium,"#N/A",New,Subject_hwwfl,"#N/A","#N/A","#N/A","#N/A","#N/A"
1f28250d-4c95-4b0b-8bd0-e3e545945ae3,"#N/A","#N/A",false,Web,"#N/A","#N/A",Medium,"#N/A",New,Subject_namxc,"#N/A","#N/A","#N/A","#N/A","#N/A"
1f287242-cae7-413e-b6fb-f2c47f5f271b,"#N/A","#N/A",false,Web,"#N/A","#N/A",Medium,"#N/A",New,Subject_sdpoz,"#N/A","#N/A","#N/A","#N/A","#N/A"
1f2955cc-67a3-4f50-924f-512112ed753b,"#N/A","#N/A",false,Web,"#N/A","#N/A",Medium,"#N/A",New,Subject_locsb,"#N/A","#N/A","#N/A","#N/A","#N/A"
1f29e1f2-8fc2-4dff-a607-e0fa13e6268c,"#N/A","#N/A",false,Web,"#N/A","#N/A",Medium,"#N/A",New,Subject_lygwt,"#N/A","#N/A","#N/A","#N/A","#N/A"
1f2a29ac-36f0-4606-8090-e341d037950a,"#N/A","#N/A",false,Web,"#N/A","#N/A",Medium,"#N/A",New,Subject_olzco,"#N/A","#N/A","#N/A","#N/A","#N/A"
1f3165b4-70e7-408b-85fa-0621fb0f761a,"#N/A","#N/A",false,Web,"#N/A","#N/A",Medium,"#N/A",New,Subject_gnrdr,"#N/A","#N/A","#N/A","#N/A","#N/A"
1f3d29c1-5f96-4743-8209-3124eccb96dc,"#N/A","#N/A",false,Web,"#N/A","#N/A",Medium,"#N/A",New,Subject_tymeb,"#N/A","#N/A","#N/A","#N/A","#N/A"
1f3dc4f4-e94c-4a9b-9b46-b11cab28d31e,"#N/A","#N/A",false,Web,"#N/A","#N/A",Medium,"#N/A",New,Subject_shhxf,"#N/A","#N/A","#N/A","#N/A","#N/A"
1f3e2a1e-d9eb-40bd-a4e6-5d50f1898865,"#N/A","#N/A",false,Web,"#N/A","#N/A",Medium,"#N/A",New,Subject_vtola,"#N/A","#N/A","#N/A","#N/A","#N/A"
1f3f6465-7d3d-444b-9298-b962afc0217f,"#N/A","#N/A",false,Web,"#N/A","#N/A",Medium,"#N/A",New,Subject_rolub,"#N/A","#N/A","#N/A","#N/A","#N/A"
1f3f723f-7aa0-42a4-be76-2bde3c41ded7,"#N/A","#N/A",false,Web,"#N/A","#N/A",Medium,"#N/A",New,Subject_owslh,"#N/A","#N/A","#N/A","#N/A","#N/A"
1f412b3a-1028-41f1-9d17-0daf921e81dd,"#N/A","#N/A",false,Web,"#N/A","#N/A",Medium,"#N/A",New,Subject_uroxn,"#N/A","#N/A","#N/A","#N/A","#N/A"
1f42436a-5be3-4cd9-b9a5-d71dfdb787c8,"#N/A","#N/A",false,Web,"#N/A","#N/A",Medium,"#N/A",New,Subject_senry,"#N/A","#N/A","#N/A","#N/A","#N/A"
1f47a297-1fd8-4e7e-b5f2-de9a5a23d3b0,"#N/A","#N/A",false,Web,"#N/A","#N/A",Medium,"#N/A",New,Subject_xfyje,"#N/A","#N/A","#N/A","#N/A","#N/A"
1f4c0992-614c-4419-b70c-212f6334f846,"#N/A","#N/A",false,Web,"#N/A","#N/A",Medium,"#N/A",New,Subject_zrtmh,"#N/A","#N/A","#N/A","#N/A","#N/A"
1f511092-d029-4cf0-b1fe-5a20b938ae17,"#N/A","#N/A",false,Web,"#N/A","#N/A",Medium,"#N/A",New,Subject_qkigy,"#N/A","#N/A","#N/A","#N/A","#N/A"
1f51ebc5-19de-4ac9-ba85-e2419b29731d,"#N/A","#N/A",false,Web,"#N/A","#N/A",Medium,"#N/A",New,Subject_zimmu,"#N/A","#N/A","#N/A","#N/A","#N/A"
1f526e23-23ee-45b0-aaf3-1ecef03a46d8,"#N/A","#N/A",false,Web,"#N/A","#N/A",Medium,"#N/A",New,Subject_cdusv,"#N/A","#N/A","#N/A","#N/A","#N/A"
1f5459af-80de-47c4-81a0-dd675266cf81,"#N/A","#N/A",false,Web,"#N/A","#N/A",Medium,"#N/A",New,Subject_juymv,"#N/A","#N/A","#N/A","#N/A","#N/A"
1f545c1b-9f10-4564-840f-6e518675d97c,"#N/A","#N/A",false,Web,"#N/A","#N/A",Medium,"#N/A",New,Subject_yonhx,"#N/A","#N/A","#N/A","#N/A","#N/A"
1f556274-bfc5-4e04-8a88-42519e39eb9c,"#N/A","#N/A",false,Web,"#N/A","#N/A",Medium,"#N/A",New,Subject_xqdpb,"#N/A","#N/A","#N/A","#N/A","#N/A"
1f558240-957f-4093-a451-93a40069af6f,"#N/A","#N/A",false,Web,"#N/A","#N/A",Medium,"#N/A",New,Subject_xldng,"#N/A","#N/A","#N/A","#N/A","#N/A"
1f57fed1-4136-47cb-a99e-7202b2723df0,"#N/A","#N/A",false,Web,"#N/A","#N/A",Medium,"#N/A",New,Subject_ppshl,"#N/A","#N/A","#N/A","#N/A","#N/A"
1f5a6c02-0b91-4bfa-ae93-bcfbf3db42ff,"#N/A","#N/A",false,Web,"#N/A","#N/A",Medium,"#N/A",New,Subject_rydrl,"#N/A","#N/A","#N/A","#N/A","#N/A"
1f5d4eee-0912-49e6-8cc8-81999d19a354,"#N/A","#N/A",false,Web,"#N/A","#N/A",Medium,"#N/A",New,Subject_qurpo,"#N/A","#N/A","#N/A","#N/A","#N/A"
1f5efa38-7322-4cf2-bd4e-4ccf79e74b80,"#N/A","#N/A",false,Web,"#N/A","#N/A",Medium,"#N/A",New,Subject_znabh,"#N/A","#N/A","#N/A","#N/A","#N/A"
1f60bfbd-5543-4160-a1c3-ff7a2a77d576,"#N/A","#N/A",false,Web,"#N/A","#N/A",Medium,"#N/A",New,Subject_mlrhm,"#N/A","#N/A","#N/A","#N/A","#N/A"
1f61773e-bdbb-4190-ace2-fe6ed4550219,"#N/A","#N/A",false,Web,"#N/A","#N/A",Medium,"#N/A",New,Subject_mvzfg,"#N/A","#N/A","#N/A","#N/A","#N/A"
1f64cc2f-a9c7-4a2c-9d10-4374e5c8c4e0,"#N/A","#N/A",false,Web,"#N/A","#N/A",Medium,"#N/A",New,Subject_xxshc,"#N/A","#N/A","#N/A","#N/A","#N/A"
1f64f6cb-2339-46bf-82eb-dd739e5121af,"#N/A","#N/A",false,Web,"#N/A","#N/A",Medium,"#N/A",New,Subject_vjodi,"#N/A","#N/A","#N/A","#N/A","#N/A"
1f668950-d30c-483a-a234-5431a6a59dd0,"#N/A","#N/A",false,Web,"#N/A","#N/A",Medium,"#N/A",New,Subject_biebd,"#N/A","#N/A","#N/A","#N/A","#N/A"
1f6a2cea-4770-4514-936e-9ca87dfc1352,"#N/A","#N/A",false,Web,"#N/A","#N/A",Medium,"#N/A",New,Subject_jkumi,"#N/A","#N/A","#N/A","#N/A","#N/A"
1f6ae349-e132-4122-ba1d-4de649d8d351,"#N/A","#N/A",false,Web,"#N/A","#N/A",Medium,"#N/A",New,Subject_zkfqk,"#N/A","#N/A","#N/A","#N/A","#N/A"
1f6f4bc9-87af-46ec-bd17-1ca8338d3538,"#N/A","#N/A",false,Web,"#N/A","#N/A",Medium,"#N/A",New,Subject_nedyw,"#N/A","#N/A","#N/A","#N/A","#N/A"
1f6ff0d7-561a-4f78-b35e-206f39978792,"#N/A","#N/A",false,Web,"#N/A","#N/A",Medium,"#N/A",New,Subject_mrdya,"#N/A","#N/A","#N/A","#N/A","#N/A"
1f71d107-8862-4afd-a926-f789f574f95e,"#N/A","#N/A",false,Web,"#N/A","#N/A",Medium,"#N/A",New,Subject_edgze,"#N/A","#N/A","#N/A","#N/A","#N/A"
1f728dbf-01f6-4a63-91f7-8887279a25fc,"#N/A","#N/A",false,Web,"#N/A","#N/A",Medium,"#N/A",New,Subject_ltusi,"#N/A","#N/A","#N/A","#N/A","#N/A"
1f7cfa40-be0d-46d2-a54b-04bfaac77f87,"#N/A","#N/A",false,Web,"#N/A","#N/A",Medium,"#N/A",New,Subject_eulpv,"#N/A","#N/A","#N/A","#N/A","#N/A"
1f7d37b9-b9da-45a7-8ce3-22acd4683f7f,"#N/A","#N/A",false,Web,"#N/A","#N/A",Medium,"#N/A",New,Subject_zaitz,"#N/A","#N/A","#N/A","#N/A","#N/A"
1f835acf-4538-409c-bb3c-175ad3212aae,"#N/A","#N/A",false,Web,"#N/A","#N/A",Medium,"#N/A",New,Subject_imkje,"#N/A","#N/A","#N/A","#N/A","#N/A"
1f8790dc-e584-4f9d-8ffa-abe78c9c0499,"#N/A","#N/A",false,Web,"#N/A","#N/A",Medium,"#N/A",New,Subject_njqif,"#N/A","#N/A","#N/A","#N/A","#N/A"
1f89d61d-719a-4d75-8d0e-9ab27cde0508,"#N/A","#N/A",false,Web,"#N/A","#N/A",Medium,"#N/A",New,Subject_gmcla,"#N/A","#N/A","#N/A","#N/A","#N/A"
1f8a6e1d-e57b-46bc-98e1-570184020ae4,"#N/A","#N/A",false,Web,"#N/A","#N/A",Medium,"#N/A",New,Subject_qvyai,"#N/A","#N/A","#N/A","#N/A","#N/A"
1f8cb225-5fa3-43a6-9f7a-9162f12baf01,"#N/A","#N/A",false,Web,"#N/A","#N/A",Medium,"#N/A",New,Subject_gkqct,"#N/A","#N/A","#N/A","#N/A","#N/A"
1f8fbd6c-4c7f-44ce-9e3b-1f5485fe7b30,"#N/A","#N/A",false,Web,"#N/A","#N/A",Medium,"#N/A",New,Subject_mwsrq,"#N/A","#N/A","#N/A","#N/A","#N/A"
1f94b949-25dc-4a96-bc89-aecda512f7bc,"#N/A","#N/A",false,Web,"#N/A","#N/A",Medium,"#N/A",New,Subject_fbbxj,"#N/A","#N/A","#N/A","#N/A","#N/A"
1f9a8b59-4ccc-422c-90a1-6593b1140b16,"#N/A","#N/A",false,Web,"#N/A","#N/A",Medium,"#N/A",New,Subject_xyaqu,"#N/A","#N/A","#N/A","#N/A","#N/A"
1f9f3483-a525-4f13-b055-7dcfd36a28d1,"#N/A","#N/A",false,Web,"#N/A","#N/A",Medium,"#N/A",New,Subject_ivpsz,"#N/A","#N/A","#N/A","#N/A","#N/A"
1fa2969e-81dc-4a21-8550-7ed274222231,"#N/A","#N/A",false,Web,"#N/A","#N/A",Medium,"#N/A",New,Subject_bodkb,"#N/A","#N/A","#N/A","#N/A","#N/A"
1fa4e92e-da5d-477a-b9f0-d0fa5df7eadd,"#N/A","#N/A",false,Web,"#N/A","#N/A",Medium,"#N/A",New,Subject_dlngu,"#N/A","#N/A","#N/A","#N/A","#N/A"
1fa51907-a8b7-4291-ba2b-ae7719a50a07,"#N/A","#N/A",false,Web,"#N/A","#N/A",Medium,"#N/A",New,Subject_fnfbu,"#N/A","#N/A","#N/A","#N/A","#N/A"
1fa73bdf-b1b6-4af0-b278-524df862a3aa,"#N/A","#N/A",false,Web,"#N/A","#N/A",Medium,"#N/A",New,Subject_xdpmo,"#N/A","#N/A","#N/A","#N/A","#N/A"
1fab25d4-0fdc-4e9a-a1df-9be108a0dec7,"#N/A","#N/A",false,Web,"#N/A","#N/A",Medium,"#N/A",New,Subject_jgzep,"#N/A","#N/A","#N/A","#N/A","#N/A"
1faf6b37-7b9d-4ca2-ac5d-e0cdc6994ebb,"#N/A","#N/A",false,Web,"#N/A","#N/A",Medium,"#N/A",New,Subject_updwh,"#N/A","#N/A","#N/A","#N/A","#N/A"
1fb28d5b-e9c1-402a-9229-90cb28e3c4ac,"#N/A","#N/A",false,Web,"#N/A","#N/A",Medium,"#N/A",New,Subject_cjrkr,"#N/A","#N/A","#N/A","#N/A","#N/A"
1fb6d2d5-78cb-467a-b0fa-de3b1957237c,"#N/A","#N/A",false,Web,"#N/A","#N/A",Medium,"#N/A",New,Subject_ajqdl,"#N/A","#N/A","#N/A","#N/A","#N/A"
1fb7ebc4-95d5-40b3-856c-9086bfe8355a,"#N/A","#N/A",false,Web,"#N/A","#N/A",Medium,"#N/A",New,Subject_rfhdq,"#N/A","#N/A","#N/A","#N/A","#N/A"
1fbfca8f-56ee-40ef-8073-44d9ccc10c95,"#N/A","#N/A",false,Web,"#N/A","#N/A",Medium,"#N/A",New,Subject_gcuai,"#N/A","#N/A","#N/A","#N/A","#N/A"
1fc35cb7-d910-4b7c-b6ed-cc514e92991e,"#N/A","#N/A",false,Web,"#N/A","#N/A",Medium,"#N/A",New,Subject_dftge,"#N/A","#N/A","#N/A","#N/A","#N/A"
1fc3c4b0-bd43-4a49-9d36-927d9135b650,"#N/A","#N/A",false,Web,"#N/A","#N/A",Medium,"#N/A",New,Subject_nrhzd,"#N/A","#N/A","#N/A","#N/A","#N/A"
1fc3ccdc-22f9-48dd-8b41-d26f6bb49120,"#N/A","#N/A",false,Web,"#N/A","#N/A",Medium,"#N/A",New,Subject_iltnv,"#N/A","#N/A","#N/A","#N/A","#N/A"
1fc52dac-9c98-439a-a92b-cf09c50b699f,"#N/A","#N/A",false,Web,"#N/A","#N/A",Medium,"#N/A",New,Subject_sfzof,"#N/A","#N/A","#N/A","#N/A","#N/A"
1fc61056-7641-4f54-9ab7-12f1e00a3b7c,"#N/A","#N/A",false,Web,"#N/A","#N/A",Medium,"#N/A",New,Subject_tnmep,"#N/A","#N/A","#N/A","#N/A","#N/A"
1fc64574-6519-4a4b-a1cf-a107dc7d6b48,"#N/A","#N/A",false,Web,"#N/A","#N/A",Medium,"#N/A",New,Subject_kcddd,"#N/A","#N/A","#N/A","#N/A","#N/A"
1fc8dbc9-85e1-43b1-9ece-e8ca262b1b87,"#N/A","#N/A",false,Web,"#N/A","#N/A",Medium,"#N/A",New,Subject_vvvxh,"#N/A","#N/A","#N/A","#N/A","#N/A"
1fc8f301-a323-4668-ba96-26af53fb0734,"#N/A","#N/A",false,Web,"#N/A","#N/A",Medium,"#N/A",New,Subject_emmup,"#N/A","#N/A","#N/A","#N/A","#N/A"
1fca8c77-6d78-425a-a868-51b7660fb4c5,"#N/A","#N/A",false,Web,"#N/A","#N/A",Medium,"#N/A",New,Subject_bdtez,"#N/A","#N/A","#N/A","#N/A","#N/A"
1fcc9cb7-113f-4e44-86ea-69e785fa1622,"#N/A","#N/A",false,Web,"#N/A","#N/A",Medium,"#N/A",New,Subject_xauyn,"#N/A","#N/A","#N/A","#N/A","#N/A"
1fce2f94-9c3a-4f7d-94c0-8add06cb265c,"#N/A","#N/A",false,Web,"#N/A","#N/A",Medium,"#N/A",New,Subject_orvip,"#N/A","#N/A","#N/A","#N/A","#N/A"
1fd14a1e-07bf-4ad1-9961-97265b127069,"#N/A","#N/A",false,Web,"#N/A","#N/A",Medium,"#N/A",New,Subject_fewai,"#N/A","#N/A","#N/A","#N/A","#N/A"
1fd1edde-9eea-47ed-86b5-2bae9047ed62,"#N/A","#N/A",false,Web,"#N/A","#N/A",Medium,"#N/A",New,Subject_zqhmn,"#N/A","#N/A","#N/A","#N/A","#N/A"
1fd2d3d5-b5e8-47fb-9aa8-5e4d20e26c87,"#N/A","#N/A",false,Web,"#N/A","#N/A",Medium,"#N/A",New,Subject_vgkqt,"#N/A","#N/A","#N/A","#N/A","#N/A"
1fd8f15d-8664-4e07-a037-087f3b57777d,"#N/A","#N/A",false,Web,"#N/A","#N/A",Medium,"#N/A",New,Subject_xjrqt,"#N/A","#N/A","#N/A","#N/A","#N/A"
1fda16e9-2863-4d59-98c8-0fcbeb0a756a,"#N/A","#N/A",false,Web,"#N/A","#N/A",Medium,"#N/A",New,Subject_bnezu,"#N/A","#N/A","#N/A","#N/A","#N/A"
1fe27765-a48e-4a24-b45b-e5d65905b94c,"#N/A","#N/A",false,Web,"#N/A","#N/A",Medium,"#N/A",New,Subject_zockv,"#N/A","#N/A","#N/A","#N/A","#N/A"
1fe4c7e1-7eec-4c0f-908a-9cab5eb281be,"#N/A","#N/A",false,Web,"#N/A","#N/A",Medium,"#N/A",New,Subject_fpufb,"#N/A","#N/A","#N/A","#N/A","#N/A"
1feaf0ae-dea5-487d-9c5e-c630da8646a6,"#N/A","#N/A",false,Web,"#N/A","#N/A",Medium,"#N/A",New,Subject_abrda,"#N/A","#N/A","#N/A","#N/A","#N/A"
1fef07d6-3476-429a-afea-3d5ef6b543a5,"#N/A","#N/A",false,Web,"#N/A","#N/A",Medium,"#N/A",New,Subject_hneny,"#N/A","#N/A","#N/A","#N/A","#N/A"
1ff132c9-1270-431e-95c2-7a910404072e,"#N/A","#N/A",false,Web,"#N/A","#N/A",Medium,"#N/A",New,Subject_noicx,"#N/A","#N/A","#N/A","#N/A","#N/A"
1ff36fe5-87b8-4479-8190-90a61e2149b6,"#N/A","#N/A",false,Web,"#N/A","#N/A",Medium,"#N/A",New,Subject_dtrvg,"#N/A","#N/A","#N/A","#N/A","#N/A"
1ff73f10-2309-4844-9763-9ab6465539d1,"#N/A","#N/A",false,Web,"#N/A","#N/A",Medium,"#N/A",New,Subject_vitpt,"#N/A","#N/A","#N/A","#N/A","#N/A"
1ffc3bee-ebac-4d45-bdfa-f7d45fbea31d,"#N/A","#N/A",false,Web,"#N/A","#N/A",Medium,"#N/A",New,Subject_xssmr,"#N/A","#N/A","#N/A","#N/A","#N/A"
1ffd2a7e-eb9b-417a-8370-6d9a6a1764bf,"#N/A","#N/A",false,Web,"#N/A","#N/A",Medium,"#N/A",New,Subject_vrcsl,"#N/A","#N/A","#N/A","#N/A","#N/A"
200214ba-f268-4f15-9a6b-22d80a2ed7e6,"#N/A","#N/A",false,Web,"#N/A","#N/A",Medium,"#N/A",New,Subject_jbdot,"#N/A","#N/A","#N/A","#N/A","#N/A"
2003508d-c076-4f73-ac55-926e350ce0ff,"#N/A","#N/A",false,Web,"#N/A","#N/A",Medium,"#N/A",New,Subject_uztoe,"#N/A","#N/A","#N/A","#N/A","#N/A"
200558a6-8da5-498f-895d-7dd0e4935083,"#N/A","#N/A",false,Web,"#N/A","#N/A",Medium,"#N/A",New,Subject_bmsqa,"#N/A","#N/A","#N/A","#N/A","#N/A"
20055baa-7b53-46f3-8d2c-8b84e66094c0,"#N/A","#N/A",false,Web,"#N/A","#N/A",Medium,"#N/A",New,Subject_cqvrj,"#N/A","#N/A","#N/A","#N/A","#N/A"
200a1c74-f3ad-4a08-827b-f6a49bd67ede,"#N/A","#N/A",false,Web,"#N/A","#N/A",Medium,"#N/A",New,Subject_mjhls,"#N/A","#N/A","#N/A","#N/A","#N/A"
200ac8a6-ff34-4574-b217-b5e0226f18f4,"#N/A","#N/A",false,Web,"#N/A","#N/A",Medium,"#N/A",New,Subject_rpzbs,"#N/A","#N/A","#N/A","#N/A","#N/A"
200fcdd9-5a7c-47e8-8de7-46fedb9811e6,"#N/A","#N/A",false,Web,"#N/A","#N/A",Medium,"#N/A",New,Subject_ojkmo,"#N/A","#N/A","#N/A","#N/A","#N/A"
200fde3b-8339-41eb-90f1-f27218d2c2ee,"#N/A","#N/A",false,Web,"#N/A","#N/A",Medium,"#N/A",New,Subject_pkgjh,"#N/A","#N/A","#N/A","#N/A","#N/A"
20102b59-a094-4660-bbc0-d9b20525e138,"#N/A","#N/A",false,Web,"#N/A","#N/A",Medium,"#N/A",New,Subject_qfmer,"#N/A","#N/A","#N/A","#N/A","#N/A"
20116b87-49f1-4598-9144-9011a0394cba,"#N/A","#N/A",false,Web,"#N/A","#N/A",Medium,"#N/A",New,Subject_eymsc,"#N/A","#N/A","#N/A","#N/A","#N/A"
201327b0-81c9-43ed-86a0-4b7aa470a8ee,"#N/A","#N/A",false,Web,"#N/A","#N/A",Medium,"#N/A",New,Subject_efpxg,"#N/A","#N/A","#N/A","#N/A","#N/A"
20176ac3-032d-4d36-8225-9d951def3186,"#N/A","#N/A",false,Web,"#N/A","#N/A",Medium,"#N/A",New,Subject_abyxk,"#N/A","#N/A","#N/A","#N/A","#N/A"
201b66fd-5ed3-4ab2-9193-73d7af3351d5,"#N/A","#N/A",false,Web,"#N/A","#N/A",Medium,"#N/A",New,Subject_afgse,"#N/A","#N/A","#N/A","#N/A","#N/A"
201e2ed1-a95b-4ecb-bc21-8b9840ecf984,"#N/A","#N/A",false,Web,"#N/A","#N/A",Medium,"#N/A",New,Subject_ijexn,"#N/A","#N/A","#N/A","#N/A","#N/A"
20210f96-f0be-4198-a70d-ea7ca55fe118,"#N/A","#N/A",false,Web,"#N/A","#N/A",Medium,"#N/A",New,Subject_mlocx,"#N/A","#N/A","#N/A","#N/A","#N/A"
20229e74-f7e8-4177-81d5-f7fe5e35ec5a,"#N/A","#N/A",false,Web,"#N/A","#N/A",Medium,"#N/A",New,Subject_sdlfr,"#N/A","#N/A","#N/A","#N/A","#N/A"
2022c414-8103-4e93-ba2c-c81438809814,"#N/A","#N/A",false,Web,"#N/A","#N/A",Medium,"#N/A",New,Subject_mzxgn,"#N/A","#N/A","#N/A","#N/A","#N/A"
202378c3-1ad9-46eb-af6a-fea75949bc69,"#N/A","#N/A",false,Web,"#N/A","#N/A",Medium,"#N/A",New,Subject_djpah,"#N/A","#N/A","#N/A","#N/A","#N/A"
2024597a-3b49-4543-80b4-1e4837cce98d,"#N/A","#N/A",false,Web,"#N/A","#N/A",Medium,"#N/A",New,Subject_sdmuq,"#N/A","#N/A","#N/A","#N/A","#N/A"
20263b45-1c0e-4e7e-a847-072f3bc305dd,"#N/A","#N/A",false,Web,"#N/A","#N/A",Medium,"#N/A",New,Subject_gjjrv,"#N/A","#N/A","#N/A","#N/A","#N/A"
20263c94-421c-4efd-a9ca-54bdc9a2a830,"#N/A","#N/A",false,Web,"#N/A","#N/A",Medium,"#N/A",New,Subject_ldhme,"#N/A","#N/A","#N/A","#N/A","#N/A"
20291bd6-60d7-49cb-8e62-9d76580374a5,"#N/A","#N/A",false,Web,"#N/A","#N/A",Medium,"#N/A",New,Subject_cuarg,"#N/A","#N/A","#N/A","#N/A","#N/A"
202b2cf7-9e74-4b95-a7b3-6d205d968354,"#N/A","#N/A",false,Web,"#N/A","#N/A",Medium,"#N/A",New,Subject_fzntn,"#N/A","#N/A","#N/A","#N/A","#N/A"
202cc11f-c70c-4f9c-9dd7-d95711b65bee,"#N/A","#N/A",false,Web,"#N/A","#N/A",Medium,"#N/A",New,Subject_pteeh,"#N/A","#N/A","#N/A","#N/A","#N/A"
202ff34f-6b11-40a0-83d5-5ebc70288dd0,"#N/A","#N/A",false,Web,"#N/A","#N/A",Medium,"#N/A",New,Subject_kgsmt,"#N/A","#N/A","#N/A","#N/A","#N/A"
2030483b-6eca-4683-80b7-d1b27c99cc67,"#N/A","#N/A",false,Web,"#N/A","#N/A",Medium,"#N/A",New,Subject_htwkg,"#N/A","#N/A","#N/A","#N/A","#N/A"
2032d25e-4194-4f27-ad45-6c1a20080aba,"#N/A","#N/A",false,Web,"#N/A","#N/A",Medium,"#N/A",New,Subject_wewve,"#N/A","#N/A","#N/A","#N/A","#N/A"
2036391d-26be-4c4e-88f7-e8b779adf1b1,"#N/A","#N/A",false,Web,"#N/A","#N/A",Medium,"#N/A",New,Subject_pzypq,"#N/A","#N/A","#N/A","#N/A","#N/A"
2036760a-840e-40b9-90d0-79ba127f778f,"#N/A","#N/A",false,Web,"#N/A","#N/A",Medium,"#N/A",New,Subject_oncis,"#N/A","#N/A","#N/A","#N/A","#N/A"
203676ad-4df2-4ba9-b262-c4da5ba0172d,"#N/A","#N/A",false,Web,"#N/A","#N/A",Medium,"#N/A",New,Subject_johxw,"#N/A","#N/A","#N/A","#N/A","#N/A"
203f7c25-f40f-4923-9928-4b5471c9c285,"#N/A","#N/A",false,Web,"#N/A","#N/A",Medium,"#N/A",New,Subject_lphvs,"#N/A","#N/A","#N/A","#N/A","#N/A"
2045b0ab-68e1-4218-ad2a-f33d675c2f41,"#N/A","#N/A",false,Web,"#N/A","#N/A",Medium,"#N/A",New,Subject_ewesk,"#N/A","#N/A","#N/A","#N/A","#N/A"
204933cb-a68b-4140-ab3a-5342ffa10438,"#N/A","#N/A",false,Web,"#N/A","#N/A",Medium,"#N/A",New,Subject_fdvim,"#N/A","#N/A","#N/A","#N/A","#N/A"
2049abcf-a0bc-4283-a99c-bfe35dd75be9,"#N/A","#N/A",false,Web,"#N/A","#N/A",Medium,"#N/A",New,Subject_ehhry,"#N/A","#N/A","#N/A","#N/A","#N/A"
204af800-6dde-4007-b820-3c9ea528cb15,"#N/A","#N/A",false,Web,"#N/A","#N/A",Medium,"#N/A",New,Subject_oknjv,"#N/A","#N/A","#N/A","#N/A","#N/A"
204d170c-224b-4636-95fe-a5d674b31135,"#N/A","#N/A",false,Web,"#N/A","#N/A",Medium,"#N/A",New,Subject_uwifa,"#N/A","#N/A","#N/A","#N/A","#N/A"
204d8fba-c74c-4b76-898f-0ba5a913c6e1,"#N/A","#N/A",false,Web,"#N/A","#N/A",Medium,"#N/A",New,Subject_splqe,"#N/A","#N/A","#N/A","#N/A","#N/A"
204ef6cf-d373-4812-9c79-3a158b2291fd,"#N/A","#N/A",false,Web,"#N/A","#N/A",Medium,"#N/A",New,Subject_npjbp,"#N/A","#N/A","#N/A","#N/A","#N/A"
204f9543-943d-44e6-b8f7-2166ab3099b2,"#N/A","#N/A",false,Web,"#N/A","#N/A",Medium,"#N/A",New,Subject_clinn,"#N/A","#N/A","#N/A","#N/A","#N/A"
204f9a76-7cf9-4931-af07-528e3935774d,"#N/A","#N/A",false,Web,"#N/A","#N/A",Medium,"#N/A",New,Subject_cmvol,"#N/A","#N/A","#N/A","#N/A","#N/A"
20503821-57ea-47ce-bd27-e1dd0b52005e,"#N/A","#N/A",false,Web,"#N/A","#N/A",Medium,"#N/A",New,Subject_eewhb,"#N/A","#N/A","#N/A","#N/A","#N/A"
2050e34e-b8aa-4621-8ff9-ed44b6927f09,"#N/A","#N/A",false,Web,"#N/A","#N/A",Medium,"#N/A",New,Subject_nyyrh,"#N/A","#N/A","#N/A","#N/A","#N/A"
20539961-9559-4bef-a48d-99440fc057b5,"#N/A","#N/A",false,Web,"#N/A","#N/A",Medium,"#N/A",New,Subject_jkctm,"#N/A","#N/A","#N/A","#N/A","#N/A"
2053b5ff-12d6-48cb-be6c-79513c912462,"#N/A","#N/A",false,Web,"#N/A","#N/A",Medium,"#N/A",New,Subject_istvs,"#N/A","#N/A","#N/A","#N/A","#N/A"
20544d0e-3bf5-4887-96a5-ea2549fcc38d,"#N/A","#N/A",false,Web,"#N/A","#N/A",Medium,"#N/A",New,Subject_fbihx,"#N/A","#N/A","#N/A","#N/A","#N/A"
205511e5-f9f3-44e7-a9a2-317fea82d41c,"#N/A","#N/A",false,Web,"#N/A","#N/A",Medium,"#N/A",New,Subject_wfefi,"#N/A","#N/A","#N/A","#N/A","#N/A"
20552296-6d49-4855-af70-789d26765c1f,"#N/A","#N/A",false,Web,"#N/A","#N/A",Medium,"#N/A",New,Subject_yxsyr,"#N/A","#N/A","#N/A","#N/A","#N/A"
2056b350-5906-4018-a1a4-e90d756ce456,"#N/A","#N/A",false,Web,"#N/A","#N/A",Medium,"#N/A",New,Subject_noeey,"#N/A","#N/A","#N/A","#N/A","#N/A"
20576de6-4309-4282-906f-2fea5eb3707e,"#N/A","#N/A",false,Web,"#N/A","#N/A",Medium,"#N/A",New,Subject_vdtpu,"#N/A","#N/A","#N/A","#N/A","#N/A"
20585786-69f6-4238-a464-63a98ba9f0a0,"#N/A","#N/A",false,Web,"#N/A","#N/A",Medium,"#N/A",New,Subject_nukzj,"#N/A","#N/A","#N/A","#N/A","#N/A"
205af6c2-1555-4d53-aa40-ad8549b54bf7,"#N/A","#N/A",false,Web,"#N/A","#N/A",Medium,"#N/A",New,Subject_vombk,"#N/A","#N/A","#N/A","#N/A","#N/A"
205bc91c-3b69-4015-89aa-2afe1d12dee6,"#N/A","#N/A",false,Web,"#N/A","#N/A",Medium,"#N/A",New,Subject_devig,"#N/A","#N/A","#N/A","#N/A","#N/A"
205e0481-1f0f-40d6-9a74-b988dd6b0b58,"#N/A","#N/A",false,Web,"#N/A","#N/A",Medium,"#N/A",New,Subject_jeifc,"#N/A","#N/A","#N/A","#N/A","#N/A"
205e83b9-f41d-4ab1-a658-5b3281164034,"#N/A","#N/A",false,Web,"#N/A","#N/A",Medium,"#N/A",New,Subject_slhet,"#N/A","#N/A","#N/A","#N/A","#N/A"
205f1177-1f15-464c-be10-a2e8e61c9db5,"#N/A","#N/A",false,Web,"#N/A","#N/A",Medium,"#N/A",New,Subject_lclkx,"#N/A","#N/A","#N/A","#N/A","#N/A"
206246ee-afdc-4583-b9b8-de95ff5c959a,"#N/A","#N/A",false,Web,"#N/A","#N/A",Medium,"#N/A",New,Subject_etapq,"#N/A","#N/A","#N/A","#N/A","#N/A"
2063ef87-3a6c-4a7b-83f4-f33a228329f6,"#N/A","#N/A",false,Web,"#N/A","#N/A",Medium,"#N/A",New,Subject_wanku,"#N/A","#N/A","#N/A","#N/A","#N/A"
20651970-cf93-42d7-a2ad-1fd1f6671331,"#N/A","#N/A",false,Web,"#N/A","#N/A",Medium,"#N/A",New,Subject_krylf,"#N/A","#N/A","#N/A","#N/A","#N/A"
206a8802-5e64-4108-a20b-32269a5971b4,"#N/A","#N/A",false,Web,"#N/A","#N/A",Medium,"#N/A",New,Subject_gnpnp,"#N/A","#N/A","#N/A","#N/A","#N/A"
206aeef1-c7ea-484c-8f77-bb23311a7ac1,"#N/A","#N/A",false,Web,"#N/A","#N/A",Medium,"#N/A",New,Subject_zkrhq,"#N/A","#N/A","#N/A","#N/A","#N/A"
206ca4fd-68f7-4df1-88e6-0178b0e882bb,"#N/A","#N/A",false,Web,"#N/A","#N/A",Medium,"#N/A",New,Subject_dmhgz,"#N/A","#N/A","#N/A","#N/A","#N/A"
206f6d74-3f7f-4c1c-94e3-49ae7d7e3907,"#N/A","#N/A",false,Web,"#N/A","#N/A",Medium,"#N/A",New,Subject_ogwye,"#N/A","#N/A","#N/A","#N/A","#N/A"
20757dda-14f5-4ad1-80ca-1d42aadf3ebd,"#N/A","#N/A",false,Web,"#N/A","#N/A",Medium,"#N/A",New,Subject_glzyp,"#N/A","#N/A","#N/A","#N/A","#N/A"
20778475-adfe-4cf1-8393-2a4d85714e9b,"#N/A","#N/A",false,Web,"#N/A","#N/A",Medium,"#N/A",New,Subject_rrzxg,"#N/A","#N/A","#N/A","#N/A","#N/A"
20785883-f0e1-4131-bfa4-b2a5a4b367bd,"#N/A","#N/A",false,Web,"#N/A","#N/A",Medium,"#N/A",New,Subject_rhtat,"#N/A","#N/A","#N/A","#N/A","#N/A"
20787609-d736-4c4f-8916-30f29981a61a,"#N/A","#N/A",false,Web,"#N/A","#N/A",Medium,"#N/A",New,Subject_ydokj,"#N/A","#N/A","#N/A","#N/A","#N/A"
2078af6e-4e68-44a9-8113-205bd4e8485a,"#N/A","#N/A",false,Web,"#N/A","#N/A",Medium,"#N/A",New,Subject_qqpgz,"#N/A","#N/A","#N/A","#N/A","#N/A"
2082f134-ef55-4ddf-95cc-916d9773e3d2,"#N/A","#N/A",false,Web,"#N/A","#N/A",Medium,"#N/A",New,Subject_kugiz,"#N/A","#N/A","#N/A","#N/A","#N/A"
20884169-fcd0-4282-938f-0ea44df5f9d9,"#N/A","#N/A",false,Web,"#N/A","#N/A",Medium,"#N/A",New,Subject_dvhjw,"#N/A","#N/A","#N/A","#N/A","#N/A"
2088a5c6-3f29-4c36-a367-22d66c5508b8,"#N/A","#N/A",false,Web,"#N/A","#N/A",Medium,"#N/A",New,Subject_mgckh,"#N/A","#N/A","#N/A","#N/A","#N/A"
208aa6b5-a134-443a-9fda-3c279909c3f1,"#N/A","#N/A",false,Web,"#N/A","#N/A",Medium,"#N/A",New,Subject_prbnz,"#N/A","#N/A","#N/A","#N/A","#N/A"
208c78a2-c56e-4b4a-b8a4-39efeff7c75c,"#N/A","#N/A",false,Web,"#N/A","#N/A",Medium,"#N/A",New,Subject_evoyw,"#N/A","#N/A","#N/A","#N/A","#N/A"
208f4812-c9cc-4d3c-b63b-f2e665d3b983,"#N/A","#N/A",false,Web,"#N/A","#N/A",Medium,"#N/A",New,Subject_podvc,"#N/A","#N/A","#N/A","#N/A","#N/A"
2090cfdf-bf35-4ca3-b166-0a0f92b7075c,"#N/A","#N/A",false,Web,"#N/A","#N/A",Medium,"#N/A",New,Subject_aawzu,"#N/A","#N/A","#N/A","#N/A","#N/A"
20922c19-8589-48c1-8fb0-98649b5dcbf2,"#N/A","#N/A",false,Web,"#N/A","#N/A",Medium,"#N/A",New,Subject_iggrr,"#N/A","#N/A","#N/A","#N/A","#N/A"
2094c6e4-573f-491a-b2b6-22e04c2c4f42,"#N/A","#N/A",false,Web,"#N/A","#N/A",Medium,"#N/A",New,Subject_breyb,"#N/A","#N/A","#N/A","#N/A","#N/A"
2097ea7f-c01c-4c60-b4e2-b173e51119df,"#N/A","#N/A",false,Web,"#N/A","#N/A",Medium,"#N/A",New,Subject_jnmgf,"#N/A","#N/A","#N/A","#N/A","#N/A"
20a0fcb8-7776-4407-a8df-19c25135525e,"#N/A","#N/A",false,Web,"#N/A","#N/A",Medium,"#N/A",New,Subject_ccbmw,"#N/A","#N/A","#N/A","#N/A","#N/A"
20a36fcb-5261-4a82-ad4e-cdcb7d82a587,"#N/A","#N/A",false,Web,"#N/A","#N/A",Medium,"#N/A",New,Subject_mfzkh,"#N/A","#N/A","#N/A","#N/A","#N/A"
20a53cc1-76ea-4eb2-b23f-16387fa9f7c6,"#N/A","#N/A",false,Web,"#N/A","#N/A",Medium,"#N/A",New,Subject_bdkyg,"#N/A","#N/A","#N/A","#N/A","#N/A"
20a59178-fa8e-4ee2-9c3f-ff659f7e10f4,"#N/A","#N/A",false,Web,"#N/A","#N/A",Medium,"#N/A",New,Subject_nwpyl,"#N/A","#N/A","#N/A","#N/A","#N/A"
20ae8f35-6383-4d2b-a069-8d8684bb18af,"#N/A","#N/A",false,Web,"#N/A","#N/A",Medium,"#N/A",New,Subject_hjdda,"#N/A","#N/A","#N/A","#N/A","#N/A"
20b0c92d-4032-409a-800c-4900a9e8b805,"#N/A","#N/A",false,Web,"#N/A","#N/A",Medium,"#N/A",New,Subject_hbjpg,"#N/A","#N/A","#N/A","#N/A","#N/A"
20b6a270-2c5d-4827-b5ed-6929e7509327,"#N/A","#N/A",false,Web,"#N/A","#N/A",Medium,"#N/A",New,Subject_qzayp,"#N/A","#N/A","#N/A","#N/A","#N/A"
20b6f198-b0b2-4277-bc33-211e61c780ea,"#N/A","#N/A",false,Web,"#N/A","#N/A",Medium,"#N/A",New,Subject_lcijt,"#N/A","#N/A","#N/A","#N/A","#N/A"
20b88bf0-390e-4a5d-9456-e05737c84ac6,"#N/A","#N/A",false,Web,"#N/A","#N/A",Medium,"#N/A",New,Subject_womzm,"#N/A","#N/A","#N/A","#N/A","#N/A"
20b92982-abdb-41f3-8b35-77ab71717b88,"#N/A","#N/A",false,Web,"#N/A","#N/A",Medium,"#N/A",New,Subject_ojrjk,"#N/A","#N/A","#N/A","#N/A","#N/A"
20bc53e3-df67-4e57-9b6e-e44166be90e8,"#N/A","#N/A",false,Web,"#N/A","#N/A",Medium,"#N/A",New,Subject_dcrgs,"#N/A","#N/A","#N/A","#N/A","#N/A"
20bdb2aa-25da-4400-af8b-65a382991f11,"#N/A","#N/A",false,Web,"#N/A","#N/A",Medium,"#N/A",New,Subject_rjpmy,"#N/A","#N/A","#N/A","#N/A","#N/A"
20c08c07-ad1c-4748-920b-98d7354879c0,"#N/A","#N/A",false,Web,"#N/A","#N/A",Medium,"#N/A",New,Subject_jtwqi,"#N/A","#N/A","#N/A","#N/A","#N/A"
20c59cdc-1361-442c-b180-cbf90e8fb318,"#N/A","#N/A",false,Web,"#N/A","#N/A",Medium,"#N/A",New,Subject_zayzv,"#N/A","#N/A","#N/A","#N/A","#N/A"
20c94bb5-cbe3-45d3-9bbb-dc7158a4c2ca,"#N/A","#N/A",false,Web,"#N/A","#N/A",Medium,"#N/A",New,Subject_tgxgw,"#N/A","#N/A","#N/A","#N/A","#N/A"
20c9aeb5-47fa-45d9-a900-9263a48089c7,"#N/A","#N/A",false,Web,"#N/A","#N/A",Medium,"#N/A",New,Subject_xwijj,"#N/A","#N/A","#N/A","#N/A","#N/A"
20cc5ce1-f9e4-49a1-a8df-17f0c51ffb4f,"#N/A","#N/A",false,Web,"#N/A","#N/A",Medium,"#N/A",New,Subject_zdler,"#N/A","#N/A","#N/A","#N/A","#N/A"
20d886c1-d2ef-492e-9585-e61af98158ae,"#N/A","#N/A",false,Web,"#N/A","#N/A",Medium,"#N/A",New,Subject_cffke,"#N/A","#N/A","#N/A","#N/A","#N/A"
20dc5d8b-71aa-43d8-aa3c-1f367f11b8a8,"#N/A","#N/A",false,Web,"#N/A","#N/A",Medium,"#N/A",New,Subject_vaaco,"#N/A","#N/A","#N/A","#N/A","#N/A"
20e08fc7-5a2b-4076-817d-e691a5832fb3,"#N/A","#N/A",false,Web,"#N/A","#N/A",Medium,"#N/A",New,Subject_baecu,"#N/A","#N/A","#N/A","#N/A","#N/A"
20e55cf9-1815-4a6a-a911-6bee828ebbd6,"#N/A","#N/A",false,Web,"#N/A","#N/A",Medium,"#N/A",New,Subject_xnlzo,"#N/A","#N/A","#N/A","#N/A","#N/A"
20ed0684-6923-42ec-a5a1-c0797df1e10e,"#N/A","#N/A",false,Web,"#N/A","#N/A",Medium,"#N/A",New,Subject_gmqqj,"#N/A","#N/A","#N/A","#N/A","#N/A"
20ee043c-d298-49aa-8d87-4ebc7e68ee5c,"#N/A","#N/A",false,Web,"#N/A","#N/A",Medium,"#N/A",New,Subject_sqbac,"#N/A","#N/A","#N/A","#N/A","#N/A"
20f10bb1-6d88-4ad4-b66d-f262b875b768,"#N/A","#N/A",false,Web,"#N/A","#N/A",Medium,"#N/A",New,Subject_yuqiw,"#N/A","#N/A","#N/A","#N/A","#N/A"
20fa1c32-617f-42e1-adfd-b489874d2301,"#N/A","#N/A",false,Web,"#N/A","#N/A",Medium,"#N/A",New,Subject_gdoyn,"#N/A","#N/A","#N/A","#N/A","#N/A"
20fc40f9-9e32-43e3-be0e-0d6302e4cd74,"#N/A","#N/A",false,Web,"#N/A","#N/A",Medium,"#N/A",New,Subject_mtpds,"#N/A","#N/A","#N/A","#N/A","#N/A"
20fd7eb2-95d9-410a-a587-a4ed350d3d04,"#N/A","#N/A",false,Web,"#N/A","#N/A",Medium,"#N/A",New,Subject_xqucg,"#N/A","#N/A","#N/A","#N/A","#N/A"
20fddd83-3532-4e9e-8f98-c61849a94670,"#N/A","#N/A",false,Web,"#N/A","#N/A",Medium,"#N/A",New,Subject_ugmvt,"#N/A","#N/A","#N/A","#N/A","#N/A"
20fee0ad-4148-4728-92fe-dcebeef8f55f,"#N/A","#N/A",false,Web,"#N/A","#N/A",Medium,"#N/A",New,Subject_evqka,"#N/A","#N/A","#N/A","#N/A","#N/A"
21001aa2-b20b-48d0-8481-4b573253c691,"#N/A","#N/A",false,Web,"#N/A","#N/A",Medium,"#N/A",New,Subject_milyf,"#N/A","#N/A","#N/A","#N/A","#N/A"
210024c6-1c4f-4c25-bf26-8b6f40dc96f9,"#N/A","#N/A",false,Web,"#N/A","#N/A",Medium,"#N/A",New,Subject_enlcu,"#N/A","#N/A","#N/A","#N/A","#N/A"
210102df-a78a-4112-acc2-506cea6da7ad,"#N/A","#N/A",false,Web,"#N/A","#N/A",Medium,"#N/A",New,Subject_vycam,"#N/A","#N/A","#N/A","#N/A","#N/A"
2101d833-bd3b-4e0a-ae63-525633b31ba4,"#N/A","#N/A",false,Web,"#N/A","#N/A",Medium,"#N/A",New,Subject_ixeqi,"#N/A","#N/A","#N/A","#N/A","#N/A"
210946a8-ee37-4e2f-9567-b8b532acec36,"#N/A","#N/A",false,Web,"#N/A","#N/A",Medium,"#N/A",New,Subject_ojfte,"#N/A","#N/A","#N/A","#N/A","#N/A"
210c2ed7-ef71-425a-9992-323445a88b46,"#N/A","#N/A",false,Web,"#N/A","#N/A",Medium,"#N/A",New,Subject_xdvix,"#N/A","#N/A","#N/A","#N/A","#N/A"
2110739c-e5a7-45e6-b5af-d4b9f7b0acd0,"#N/A","#N/A",false,Web,"#N/A","#N/A",Medium,"#N/A",New,Subject_sfikw,"#N/A","#N/A","#N/A","#N/A","#N/A"
21176a63-6562-4ac1-a887-4557d8bdf4ed,"#N/A","#N/A",false,Web,"#N/A","#N/A",Medium,"#N/A",New,Subject_fnzul,"#N/A","#N/A","#N/A","#N/A","#N/A"
2117747b-c3b3-4ee4-a88e-e3b1ace4ad11,"#N/A","#N/A",false,Web,"#N/A","#N/A",Medium,"#N/A",New,Subject_oteag,"#N/A","#N/A","#N/A","#N/A","#N/A"
2117dc35-44f3-4471-b83f-59f816b1e114,"#N/A","#N/A",false,Web,"#N/A","#N/A",Medium,"#N/A",New,Subject_xdnwq,"#N/A","#N/A","#N/A","#N/A","#N/A"
2122f4bf-288c-4c34-811a-6ba08aa699ec,"#N/A","#N/A",false,Web,"#N/A","#N/A",Medium,"#N/A",New,Subject_fdgrq,"#N/A","#N/A","#N/A","#N/A","#N/A"
212396d1-6192-4456-b97e-0ef8246422f2,"#N/A","#N/A",false,Web,"#N/A","#N/A",Medium,"#N/A",New,Subject_wvirk,"#N/A","#N/A","#N/A","#N/A","#N/A"
21258642-56c7-4cf9-b12f-77904269bb7e,"#N/A","#N/A",false,Web,"#N/A","#N/A",Medium,"#N/A",New,Subject_kapdm,"#N/A","#N/A","#N/A","#N/A","#N/A"
21258653-3411-4128-a0e4-6661d7ae39cb,"#N/A","#N/A",false,Web,"#N/A","#N/A",Medium,"#N/A",New,Subject_ptlnu,"#N/A","#N/A","#N/A","#N/A","#N/A"
21264ada-0322-4342-b2ee-4fb713fda268,"#N/A","#N/A",false,Web,"#N/A","#N/A",Medium,"#N/A",New,Subject_tfmmt,"#N/A","#N/A","#N/A","#N/A","#N/A"
212811f4-3896-4302-b98d-0cda86343c64,"#N/A","#N/A",false,Web,"#N/A","#N/A",Medium,"#N/A",New,Subject_yvrqq,"#N/A","#N/A","#N/A","#N/A","#N/A"
212bb89f-d5fe-442f-b1da-26279850c4aa,"#N/A","#N/A",false,Web,"#N/A","#N/A",Medium,"#N/A",New,Subject_cdapp,"#N/A","#N/A","#N/A","#N/A","#N/A"
212ea052-3878-48b9-afed-9fe8ae28120e,"#N/A","#N/A",false,Web,"#N/A","#N/A",Medium,"#N/A",New,Subject_ndzxy,"#N/A","#N/A","#N/A","#N/A","#N/A"
212f0220-5ccc-4b54-bbb7-e26e7f4d5ef1,"#N/A","#N/A",false,Web,"#N/A","#N/A",Medium,"#N/A",New,Subject_yprvw,"#N/A","#N/A","#N/A","#N/A","#N/A"
212fab77-b30c-4e2e-bc41-db3b8caa2089,"#N/A","#N/A",false,Web,"#N/A","#N/A",Medium,"#N/A",New,Subject_tducn,"#N/A","#N/A","#N/A","#N/A","#N/A"
2137ab93-2402-450e-856f-763d60534d3a,"#N/A","#N/A",false,Web,"#N/A","#N/A",Medium,"#N/A",New,Subject_jqguh,"#N/A","#N/A","#N/A","#N/A","#N/A"
2139a2de-749c-4c70-a169-9c098af7c30f,"#N/A","#N/A",false,Web,"#N/A","#N/A",Medium,"#N/A",New,Subject_bxdbg,"#N/A","#N/A","#N/A","#N/A","#N/A"
2139c8fe-fb0c-4eba-82b3-6e730f3a10e0,"#N/A","#N/A",false,Web,"#N/A","#N/A",Medium,"#N/A",New,Subject_zzitk,"#N/A","#N/A","#N/A","#N/A","#N/A"
2141ffc1-28f3-48fd-9ed4-dc895719b042,"#N/A","#N/A",false,Web,"#N/A","#N/A",Medium,"#N/A",New,Subject_nuqks,"#N/A","#N/A","#N/A","#N/A","#N/A"
214e5d9c-2c2a-4470-afa8-e1a2ccab014d,"#N/A","#N/A",false,Web,"#N/A","#N/A",Medium,"#N/A",New,Subject_xdown,"#N/A","#N/A","#N/A","#N/A","#N/A"
214f587d-ee78-4c52-badd-cc6e7434f8fa,"#N/A","#N/A",false,Web,"#N/A","#N/A",Medium,"#N/A",New,Subject_stpgc,"#N/A","#N/A","#N/A","#N/A","#N/A"
21506487-59da-4790-a3b8-f1be47d97bd7,"#N/A","#N/A",false,Web,"#N/A","#N/A",Medium,"#N/A",New,Subject_pixbh,"#N/A","#N/A","#N/A","#N/A","#N/A"
21534890-2bb6-4f4b-9159-81f7f0df1e28,"#N/A","#N/A",false,Web,"#N/A","#N/A",Medium,"#N/A",New,Subject_vqfwe,"#N/A","#N/A","#N/A","#N/A","#N/A"
21557d8e-a5bb-478f-9827-478bb6077700,"#N/A","#N/A",false,Web,"#N/A","#N/A",Medium,"#N/A",New,Subject_xjheu,"#N/A","#N/A","#N/A","#N/A","#N/A"
21575a27-fc81-444f-ae8e-e7e7603a4c54,"#N/A","#N/A",false,Web,"#N/A","#N/A",Medium,"#N/A",New,Subject_wwwwd,"#N/A","#N/A","#N/A","#N/A","#N/A"
215837b0-30f8-4670-b27d-aa2f3a3be9a2,"#N/A","#N/A",false,Web,"#N/A","#N/A",Medium,"#N/A",New,Subject_xqnhy,"#N/A","#N/A","#N/A","#N/A","#N/A"
215aac8f-f151-49f3-9fcf-c082bce2f7a5,"#N/A","#N/A",false,Web,"#N/A","#N/A",Medium,"#N/A",New,Subject_nlfai,"#N/A","#N/A","#N/A","#N/A","#N/A"
215f06f0-9dc0-412a-bf9b-e91778b45c26,"#N/A","#N/A",false,Web,"#N/A","#N/A",Medium,"#N/A",New,Subject_xgkhs,"#N/A","#N/A","#N/A","#N/A","#N/A"
21661b3e-c8c4-49a8-8e03-0181ddabb320,"#N/A","#N/A",false,Web,"#N/A","#N/A",Medium,"#N/A",New,Subject_spvpe,"#N/A","#N/A","#N/A","#N/A","#N/A"
216b543a-762e-4ba9-82a1-3b63d7035ee0,"#N/A","#N/A",false,Web,"#N/A","#N/A",Medium,"#N/A",New,Subject_picvf,"#N/A","#N/A","#N/A","#N/A","#N/A"
216c6c45-9432-4772-b8a7-174d4bcbb8ea,"#N/A","#N/A",false,Web,"#N/A","#N/A",Medium,"#N/A",New,Subject_ifuof,"#N/A","#N/A","#N/A","#N/A","#N/A"
216cde6f-439a-4e45-9dad-d1e581460b2c,"#N/A","#N/A",false,Web,"#N/A","#N/A",Medium,"#N/A",New,Subject_aurzt,"#N/A","#N/A","#N/A","#N/A","#N/A"
2170f36c-fab2-4537-af6e-82fc56118e18,"#N/A","#N/A",false,Web,"#N/A","#N/A",Medium,"#N/A",New,Subject_milyf,"#N/A","#N/A","#N/A","#N/A","#N/A"
21726f5e-6df0-41bf-87a9-2f0dc6dc10d3,"#N/A","#N/A",false,Web,"#N/A","#N/A",Medium,"#N/A",New,Subject_wpmqc,"#N/A","#N/A","#N/A","#N/A","#N/A"
21752c0a-35f4-4417-a4d4-45ee16cfb4e8,"#N/A","#N/A",false,Web,"#N/A","#N/A",Medium,"#N/A",New,Subject_lhvca,"#N/A","#N/A","#N/A","#N/A","#N/A"
2175ac21-0851-4489-9f18-31e2700c4eb2,"#N/A","#N/A",false,Web,"#N/A","#N/A",Medium,"#N/A",New,Subject_ytpoc,"#N/A","#N/A","#N/A","#N/A","#N/A"
217a5910-7672-4a66-9a78-49e5f2d2f73c,"#N/A","#N/A",false,Web,"#N/A","#N/A",Medium,"#N/A",New,Subject_cffke,"#N/A","#N/A","#N/A","#N/A","#N/A"
217e4e1b-c4d6-4676-850c-ae9399157fdc,"#N/A","#N/A",false,Web,"#N/A","#N/A",Medium,"#N/A",New,Subject_pekcj,"#N/A","#N/A","#N/A","#N/A","#N/A"
217e89d8-36c5-4c2e-b38d-a6224e970e7f,"#N/A","#N/A",false,Web,"#N/A","#N/A",Medium,"#N/A",New,Subject_xakxa,"#N/A","#N/A","#N/A","#N/A","#N/A"
217f0148-e6c0-48a2-a272-d3bdaf773e5c,"#N/A","#N/A",false,Web,"#N/A","#N/A",Medium,"#N/A",New,Subject_xdtah,"#N/A","#N/A","#N/A","#N/A","#N/A"
217f5d0f-a742-4e0b-b5ac-526794d21db6,"#N/A","#N/A",false,Web,"#N/A","#N/A",Medium,"#N/A",New,Subject_ziadp,"#N/A","#N/A","#N/A","#N/A","#N/A"
218027aa-f154-456e-8297-eae4a1725088,"#N/A","#N/A",false,Web,"#N/A","#N/A",Medium,"#N/A",New,Subject_bpfum,"#N/A","#N/A","#N/A","#N/A","#N/A"
2183211b-7a18-4f16-9d54-073e0bddff2b,"#N/A","#N/A",false,Web,"#N/A","#N/A",Medium,"#N/A",New,Subject_ekcmd,"#N/A","#N/A","#N/A","#N/A","#N/A"
2184b645-c6d3-4683-af3f-359d34ea49a9,"#N/A","#N/A",false,Web,"#N/A","#N/A",Medium,"#N/A",New,Subject_epngt,"#N/A","#N/A","#N/A","#N/A","#N/A"
2186a2f6-cd85-4ea8-8bff-16432afb5462,"#N/A","#N/A",false,Web,"#N/A","#N/A",Medium,"#N/A",New,Subject_vlidf,"#N/A","#N/A","#N/A","#N/A","#N/A"
2186eeef-0798-4256-9b6d-b50d054eafed,"#N/A","#N/A",false,Web,"#N/A","#N/A",Medium,"#N/A",New,Subject_swoqo,"#N/A","#N/A","#N/A","#N/A","#N/A"
218bda05-f205-4fa0-abf3-7f5820cce286,"#N/A","#N/A",false,Web,"#N/A","#N/A",Medium,"#N/A",New,Subject_pfrpi,"#N/A","#N/A","#N/A","#N/A","#N/A"
218d504a-7f13-4bc4-9378-603b66a99fbf,"#N/A","#N/A",false,Web,"#N/A","#N/A",Medium,"#N/A",New,Subject_otkyr,"#N/A","#N/A","#N/A","#N/A","#N/A"
218ede38-946f-4fbf-ac14-daf5bfbadb48,"#N/A","#N/A",false,Web,"#N/A","#N/A",Medium,"#N/A",New,Subject_nmpmg,"#N/A","#N/A","#N/A","#N/A","#N/A"
21917bac-e5d5-484a-b041-10e2b5fe32e9,"#N/A","#N/A",false,Web,"#N/A","#N/A",Medium,"#N/A",New,Subject_ifuui,"#N/A","#N/A","#N/A","#N/A","#N/A"
219259cb-5966-48b1-b8ab-3647eaa87c94,"#N/A","#N/A",false,Web,"#N/A","#N/A",Medium,"#N/A",New,Subject_szepx,"#N/A","#N/A","#N/A","#N/A","#N/A"
21927d9f-a7a0-4e17-826b-30befbdeed26,"#N/A","#N/A",false,Web,"#N/A","#N/A",Medium,"#N/A",New,Subject_nytur,"#N/A","#N/A","#N/A","#N/A","#N/A"
2193fb2d-fa44-434d-8e65-4f355d3383d6,"#N/A","#N/A",false,Web,"#N/A","#N/A",Medium,"#N/A",New,Subject_jfpqr,"#N/A","#N/A","#N/A","#N/A","#N/A"
2198e98b-ba07-4a87-ad55-5aeb5bd2cd92,"#N/A","#N/A",false,Web,"#N/A","#N/A",Medium,"#N/A",New,Subject_enncy,"#N/A","#N/A","#N/A","#N/A","#N/A"
219acb81-256b-4a86-b8cc-6045a16508f0,"#N/A","#N/A",false,Web,"#N/A","#N/A",Medium,"#N/A",New,Subject_glvnb,"#N/A","#N/A","#N/A","#N/A","#N/A"
219b5475-c82a-4eca-b108-31ea28b22292,"#N/A","#N/A",false,Web,"#N/A","#N/A",Medium,"#N/A",New,Subject_mopfn,"#N/A","#N/A","#N/A","#N/A","#N/A"
219be13e-a0ab-4e4e-88ca-fbd014c0ea16,"#N/A","#N/A",false,Web,"#N/A","#N/A",Medium,"#N/A",New,Subject_nidtm,"#N/A","#N/A","#N/A","#N/A","#N/A"
219cadcd-649d-4396-8dc2-9562be72f5f8,"#N/A","#N/A",false,Web,"#N/A","#N/A",Medium,"#N/A",New,Subject_hzrqn,"#N/A","#N/A","#N/A","#N/A","#N/A"
219e49fc-d0be-40d2-8766-a8342e9e1b24,"#N/A","#N/A",false,Web,"#N/A","#N/A",Medium,"#N/A",New,Subject_gngza,"#N/A","#N/A","#N/A","#N/A","#N/A"
21a005d8-2a37-4a2b-a082-e0f031c75220,"#N/A","#N/A",false,Web,"#N/A","#N/A",Medium,"#N/A",New,Subject_vpvrz,"#N/A","#N/A","#N/A","#N/A","#N/A"
21a10a18-8687-49a6-9bf1-a9d0f09ade47,"#N/A","#N/A",false,Web,"#N/A","#N/A",Medium,"#N/A",New,Subject_fogbv,"#N/A","#N/A","#N/A","#N/A","#N/A"
21a19801-8848-4796-85de-f9e6d3822c86,"#N/A","#N/A",false,Web,"#N/A","#N/A",Medium,"#N/A",New,Subject_lliqu,"#N/A","#N/A","#N/A","#N/A","#N/A"
21a3e31a-aa1e-401b-827b-b4535fac1027,"#N/A","#N/A",false,Web,"#N/A","#N/A",Medium,"#N/A",New,Subject_nvhie,"#N/A","#N/A","#N/A","#N/A","#N/A"
21a886ca-c2ca-419e-921d-1dabbab6f92a,"#N/A","#N/A",false,Web,"#N/A","#N/A",Medium,"#N/A",New,Subject_uhtdl,"#N/A","#N/A","#N/A","#N/A","#N/A"
21a8ac7e-4728-4720-bd3d-01a11d700324,"#N/A","#N/A",false,Web,"#N/A","#N/A",Medium,"#N/A",New,Subject_wjdcj,"#N/A","#N/A","#N/A","#N/A","#N/A"
21aa45f6-2530-4a42-b63a-37cf51c40ca5,"#N/A","#N/A",false,Web,"#N/A","#N/A",Medium,"#N/A",New,Subject_yxwns,"#N/A","#N/A","#N/A","#N/A","#N/A"
21ae665c-ced7-4df7-95bc-c30a0d95d69c,"#N/A","#N/A",false,Web,"#N/A","#N/A",Medium,"#N/A",New,Subject_wyrpj,"#N/A","#N/A","#N/A","#N/A","#N/A"
21afb496-e695-4e59-879e-a06c7bb6647d,"#N/A","#N/A",false,Web,"#N/A","#N/A",Medium,"#N/A",New,Subject_ooecd,"#N/A","#N/A","#N/A","#N/A","#N/A"
21b09769-d08e-47d9-8195-52901b2354d1,"#N/A","#N/A",false,Web,"#N/A","#N/A",Medium,"#N/A",New,Subject_ltlxu,"#N/A","#N/A","#N/A","#N/A","#N/A"
21b0e930-c4ca-479f-b48f-1798fa701c01,"#N/A","#N/A",false,Web,"#N/A","#N/A",Medium,"#N/A",New,Subject_sekqc,"#N/A","#N/A","#N/A","#N/A","#N/A"
21b108e2-c8f7-4936-9196-ccb3234b742c,"#N/A","#N/A",false,Web,"#N/A","#N/A",Medium,"#N/A",New,Subject_vmokp,"#N/A","#N/A","#N/A","#N/A","#N/A"
21b80a45-3f4d-419c-a71d-5583876b1cec,"#N/A","#N/A",false,Web,"#N/A","#N/A",Medium,"#N/A",New,Subject_rydrl,"#N/A","#N/A","#N/A","#N/A","#N/A"
21b8b62d-4224-4c87-b316-8951d6c60232,"#N/A","#N/A",false,Web,"#N/A","#N/A",Medium,"#N/A",New,Subject_olsrl,"#N/A","#N/A","#N/A","#N/A","#N/A"
21b8e919-76f2-4060-a84c-19e4316b66fe,"#N/A","#N/A",false,Web,"#N/A","#N/A",Medium,"#N/A",New,Subject_acszc,"#N/A","#N/A","#N/A","#N/A","#N/A"
21b99151-500a-48e7-b356-71de2c3eb1af,"#N/A","#N/A",false,Web,"#N/A","#N/A",Medium,"#N/A",New,Subject_gpvrl,"#N/A","#N/A","#N/A","#N/A","#N/A"
21bcdc54-6e1a-4893-9914-58671466e0a9,"#N/A","#N/A",false,Web,"#N/A","#N/A",Medium,"#N/A",New,Subject_fulst,"#N/A","#N/A","#N/A","#N/A","#N/A"
21c241f2-ad2f-41e3-8d21-6b33d129757e,"#N/A","#N/A",false,Web,"#N/A","#N/A",Medium,"#N/A",New,Subject_smehu,"#N/A","#N/A","#N/A","#N/A","#N/A"
21c7d127-7de4-4558-9a8a-4bdded70ec4a,"#N/A","#N/A",false,Web,"#N/A","#N/A",Medium,"#N/A",New,Subject_ilicb,"#N/A","#N/A","#N/A","#N/A","#N/A"
21cc552e-1ae6-4092-973f-614880fbd413,"#N/A","#N/A",false,Web,"#N/A","#N/A",Medium,"#N/A",New,Subject_qicyv,"#N/A","#N/A","#N/A","#N/A","#N/A"
21d26395-0ffa-4afe-8a18-f78be51dcc48,"#N/A","#N/A",false,Web,"#N/A","#N/A",Medium,"#N/A",New,Subject_srczd,"#N/A","#N/A","#N/A","#N/A","#N/A"
21d3d15f-e3dc-415a-913f-033ec821ba8a,"#N/A","#N/A",false,Web,"#N/A","#N/A",Medium,"#N/A",New,Subject_livym,"#N/A","#N/A","#N/A","#N/A","#N/A"
21d4375e-b794-48b3-acb8-4faf4b27ad28,"#N/A","#N/A",false,Web,"#N/A","#N/A",Medium,"#N/A",New,Subject_mzxwb,"#N/A","#N/A","#N/A","#N/A","#N/A"
21d4d837-40d2-457e-8836-7b032bedc547,"#N/A","#N/A",false,Web,"#N/A","#N/A",Medium,"#N/A",New,Subject_ynxez,"#N/A","#N/A","#N/A","#N/A","#N/A"
21d72a4c-11c3-4645-aba6-17884486754a,"#N/A","#N/A",false,Web,"#N/A","#N/A",Medium,"#N/A",New,Subject_qiqzd,"#N/A","#N/A","#N/A","#N/A","#N/A"
21d89de2-fa6d-49cd-9b26-b57d423760b4,"#N/A","#N/A",false,Web,"#N/A","#N/A",Medium,"#N/A",New,Subject_bfurh,"#N/A","#N/A","#N/A","#N/A","#N/A"
21daea81-5835-40d1-9a66-a3d332403b6c,"#N/A","#N/A",false,Web,"#N/A","#N/A",Medium,"#N/A",New,Subject_qtpib,"#N/A","#N/A","#N/A","#N/A","#N/A"
21e019b4-65d6-448e-995b-04b0ad0ad98c,"#N/A","#N/A",false,Web,"#N/A","#N/A",Medium,"#N/A",New,Subject_iaygt,"#N/A","#N/A","#N/A","#N/A","#N/A"
21e57dcc-bf5b-4009-b87c-b6fd768530a9,"#N/A","#N/A",false,Web,"#N/A","#N/A",Medium,"#N/A",New,Subject_dacwz,"#N/A","#N/A","#N/A","#N/A","#N/A"
21e686e3-ec36-4602-b970-5185849b0b5a,"#N/A","#N/A",false,Web,"#N/A","#N/A",Medium,"#N/A",New,Subject_swknr,"#N/A","#N/A","#N/A","#N/A","#N/A"
21ed9ea8-af5a-44e5-b841-5a09c2438ca0,"#N/A","#N/A",false,Web,"#N/A","#N/A",Medium,"#N/A",New,Subject_ilnxa,"#N/A","#N/A","#N/A","#N/A","#N/A"
21edc04a-dafe-459b-95ce-161c2120788c,"#N/A","#N/A",false,Web,"#N/A","#N/A",Medium,"#N/A",New,Subject_cuolx,"#N/A","#N/A","#N/A","#N/A","#N/A"
21ee3fdd-731e-4a6f-89c5-ba13f3489277,"#N/A","#N/A",false,Web,"#N/A","#N/A",Medium,"#N/A",New,Subject_hdcdy,"#N/A","#N/A","#N/A","#N/A","#N/A"
21eff8fc-1aa4-44f3-b407-9fa49894f870,"#N/A","#N/A",false,Web,"#N/A","#N/A",Medium,"#N/A",New,Subject_vjiiw,"#N/A","#N/A","#N/A","#N/A","#N/A"
21fb08ae-f689-4e61-8975-284519bc4fde,"#N/A","#N/A",false,Web,"#N/A","#N/A",Medium,"#N/A",New,Subject_ebrff,"#N/A","#N/A","#N/A","#N/A","#N/A"
21feb1a6-6949-4e9b-8fd8-32ee4df2dd38,"#N/A","#N/A",false,Web,"#N/A","#N/A",Medium,"#N/A",New,Subject_fwyvf,"#N/A","#N/A","#N/A","#N/A","#N/A"
2202f65a-b416-4600-8dca-80e127ded8af,"#N/A","#N/A",false,Web,"#N/A","#N/A",Medium,"#N/A",New,Subject_fovcd,"#N/A","#N/A","#N/A","#N/A","#N/A"
22033fa5-805d-41af-b099-6b9b32e59490,"#N/A","#N/A",false,Web,"#N/A","#N/A",Medium,"#N/A",New,Subject_lcdln,"#N/A","#N/A","#N/A","#N/A","#N/A"
22043128-490c-4167-87e4-0c0f3eb42690,"#N/A","#N/A",false,Web,"#N/A","#N/A",Medium,"#N/A",New,Subject_dcbvp,"#N/A","#N/A","#N/A","#N/A","#N/A"
22068139-a55d-489e-954d-b03a4a31c32e,"#N/A","#N/A",false,Web,"#N/A","#N/A",Medium,"#N/A",New,Subject_gobzi,"#N/A","#N/A","#N/A","#N/A","#N/A"
220dc247-200e-4f0e-af80-e01d8fbd7742,"#N/A","#N/A",false,Web,"#N/A","#N/A",Medium,"#N/A",New,Subject_rdsmv,"#N/A","#N/A","#N/A","#N/A","#N/A"
220eb12e-1f4b-4374-b878-111913cb8230,"#N/A","#N/A",false,Web,"#N/A","#N/A",Medium,"#N/A",New,Subject_npemt,"#N/A","#N/A","#N/A","#N/A","#N/A"
2215cfa1-8873-4d73-8038-5d3afb593a58,"#N/A","#N/A",false,Web,"#N/A","#N/A",Medium,"#N/A",New,Subject_dkhyf,"#N/A","#N/A","#N/A","#N/A","#N/A"
22180a1b-678e-4760-9dab-e70c7819724a,"#N/A","#N/A",false,Web,"#N/A","#N/A",Medium,"#N/A",New,Subject_yykdf,"#N/A","#N/A","#N/A","#N/A","#N/A"
2218a960-3160-4594-a5c2-25782d11ed5f,"#N/A","#N/A",false,Web,"#N/A","#N/A",Medium,"#N/A",New,Subject_cybfx,"#N/A","#N/A","#N/A","#N/A","#N/A"
221d55b9-deb7-409b-9633-918358815183,"#N/A","#N/A",false,Web,"#N/A","#N/A",Medium,"#N/A",New,Subject_hovea,"#N/A","#N/A","#N/A","#N/A","#N/A"
221f752c-5402-45f2-b033-d6aa154cc8e6,"#N/A","#N/A",false,Web,"#N/A","#N/A",Medium,"#N/A",New,Subject_nrdtj,"#N/A","#N/A","#N/A","#N/A","#N/A"
222348c0-7a74-48d3-9c98-7a1d83af2d3f,"#N/A","#N/A",false,Web,"#N/A","#N/A",Medium,"#N/A",New,Subject_dfpfs,"#N/A","#N/A","#N/A","#N/A","#N/A"
2223d2fe-3ed1-47b5-acc6-a65ece30492c,"#N/A","#N/A",false,Web,"#N/A","#N/A",Medium,"#N/A",New,Subject_nsmay,"#N/A","#N/A","#N/A","#N/A","#N/A"
2225951d-7a56-42c4-9de3-6e096727eda9,"#N/A","#N/A",false,Web,"#N/A","#N/A",Medium,"#N/A",New,Subject_vzjxp,"#N/A","#N/A","#N/A","#N/A","#N/A"
2225ad04-d34f-4292-9f60-bec82164870e,"#N/A","#N/A",false,Web,"#N/A","#N/A",Medium,"#N/A",New,Subject_aaypz,"#N/A","#N/A","#N/A","#N/A","#N/A"
2229120d-0c9c-4dfe-bfda-f4bc228f83a1,"#N/A","#N/A",false,Web,"#N/A","#N/A",Medium,"#N/A",New,Subject_rduhf,"#N/A","#N/A","#N/A","#N/A","#N/A"
2229c829-1ed2-4481-9b85-479da1f6c308,"#N/A","#N/A",false,Web,"#N/A","#N/A",Medium,"#N/A",New,Subject_clwya,"#N/A","#N/A","#N/A","#N/A","#N/A"
2229f932-c14e-4400-b6af-6b535ccd9b47,"#N/A","#N/A",false,Web,"#N/A","#N/A",Medium,"#N/A",New,Subject_jxops,"#N/A","#N/A","#N/A","#N/A","#N/A"
222dbe5d-457d-4577-be14-667bb0338992,"#N/A","#N/A",false,Web,"#N/A","#N/A",Medium,"#N/A",New,Subject_wbshl,"#N/A","#N/A","#N/A","#N/A","#N/A"
222ed02b-9ba4-43f4-bf2f-7e3239f16951,"#N/A","#N/A",false,Web,"#N/A","#N/A",Medium,"#N/A",New,Subject_gbjys,"#N/A","#N/A","#N/A","#N/A","#N/A"
2230b60e-4c98-4755-9bbf-67f6dbd63b1a,"#N/A","#N/A",false,Web,"#N/A","#N/A",Medium,"#N/A",New,Subject_duqpl,"#N/A","#N/A","#N/A","#N/A","#N/A"
2234ce8c-98c2-4bf1-8068-71b754ed0f50,"#N/A","#N/A",false,Web,"#N/A","#N/A",Medium,"#N/A",New,Subject_nvxsr,"#N/A","#N/A","#N/A","#N/A","#N/A"
2237c0bf-87d4-41fd-b1f8-c35969df8333,"#N/A","#N/A",false,Web,"#N/A","#N/A",Medium,"#N/A",New,Subject_gggoa,"#N/A","#N/A","#N/A","#N/A","#N/A"
22383a87-fb45-42d8-a9d1-f0c0a1dbc77a,"#N/A","#N/A",false,Web,"#N/A","#N/A",Medium,"#N/A",New,Subject_plwsc,"#N/A","#N/A","#N/A","#N/A","#N/A"
22393375-97da-417a-83b6-410b05c66972,"#N/A","#N/A",false,Web,"#N/A","#N/A",Medium,"#N/A",New,Subject_zwhzw,"#N/A","#N/A","#N/A","#N/A","#N/A"
223a7f96-d57d-4504-b129-7fb411a86136,"#N/A","#N/A",false,Web,"#N/A","#N/A",Medium,"#N/A",New,Subject_mxbfy,"#N/A","#N/A","#N/A","#N/A","#N/A"
22436516-fd4a-4e65-8960-abaa8767f26e,"#N/A","#N/A",false,Web,"#N/A","#N/A",Medium,"#N/A",New,Subject_lydwf,"#N/A","#N/A","#N/A","#N/A","#N/A"
2248d28d-58fc-4429-880d-4ce1bb0de329,"#N/A","#N/A",false,Web,"#N/A","#N/A",Medium,"#N/A",New,Subject_jbksn,"#N/A","#N/A","#N/A","#N/A","#N/A"
224951eb-b878-4a05-97f5-c45704d45c73,"#N/A","#N/A",false,Web,"#N/A","#N/A",Medium,"#N/A",New,Subject_eyevl,"#N/A","#N/A","#N/A","#N/A","#N/A"
224f0dc2-0587-4e60-bb99-a23e824e224f,"#N/A","#N/A",false,Web,"#N/A","#N/A",Medium,"#N/A",New,Subject_cyevz,"#N/A","#N/A","#N/A","#N/A","#N/A"
224f34da-acf3-44d4-9fda-02628cf686dd,"#N/A","#N/A",false,Web,"#N/A","#N/A",Medium,"#N/A",New,Subject_gpinh,"#N/A","#N/A","#N/A","#N/A","#N/A"
2252e7e0-9ef5-4062-a473-23358fca1cfc,"#N/A","#N/A",false,Web,"#N/A","#N/A",Medium,"#N/A",New,Subject_kkmsn,"#N/A","#N/A","#N/A","#N/A","#N/A"
22535bf6-d34f-4b65-b2b6-a412e1b58aef,"#N/A","#N/A",false,Web,"#N/A","#N/A",Medium,"#N/A",New,Subject_hwsjt,"#N/A","#N/A","#N/A","#N/A","#N/A"
225b8aca-00f5-4e65-bf13-711d21168c03,"#N/A","#N/A",false,Web,"#N/A","#N/A",Medium,"#N/A",New,Subject_zseko,"#N/A","#N/A","#N/A","#N/A","#N/A"
225b8c6f-6871-4ed5-8bf7-49b681b7ee55,"#N/A","#N/A",false,Web,"#N/A","#N/A",Medium,"#N/A",New,Subject_cotfd,"#N/A","#N/A","#N/A","#N/A","#N/A"
225e58b0-425c-4e94-a241-9e69dac01ecb,"#N/A","#N/A",false,Web,"#N/A","#N/A",Medium,"#N/A",New,Subject_jpvdh,"#N/A","#N/A","#N/A","#N/A","#N/A"
225f4f86-d9b5-4ecd-90f8-cb668c8409ff,"#N/A","#N/A",false,Web,"#N/A","#N/A",Medium,"#N/A",New,Subject_taudf,"#N/A","#N/A","#N/A","#N/A","#N/A"
225fff5b-e950-4e0b-989d-ff87fdb0b591,"#N/A","#N/A",false,Web,"#N/A","#N/A",Medium,"#N/A",New,Subject_txztn,"#N/A","#N/A","#N/A","#N/A","#N/A"
2260f024-e5c0-43b8-9912-3672afd530c9,"#N/A","#N/A",false,Web,"#N/A","#N/A",Medium,"#N/A",New,Subject_nwuol,"#N/A","#N/A","#N/A","#N/A","#N/A"
22639586-b40b-47ed-b5e7-61b54aefffcc,"#N/A","#N/A",false,Web,"#N/A","#N/A",Medium,"#N/A",New,Subject_ehjel,"#N/A","#N/A","#N/A","#N/A","#N/A"
22661971-c1e5-43d1-917b-3a62fd5cc6e1,"#N/A","#N/A",false,Web,"#N/A","#N/A",Medium,"#N/A",New,Subject_oriez,"#N/A","#N/A","#N/A","#N/A","#N/A"
2268ab76-16f1-4e11-b42a-73b49610b149,"#N/A","#N/A",false,Web,"#N/A","#N/A",Medium,"#N/A",New,Subject_skmvp,"#N/A","#N/A","#N/A","#N/A","#N/A"
22698642-039d-4153-8982-213050c4704c,"#N/A","#N/A",false,Web,"#N/A","#N/A",Medium,"#N/A",New,Subject_taiqr,"#N/A","#N/A","#N/A","#N/A","#N/A"
226bb395-5d27-4fb6-9478-a29ff3858788,"#N/A","#N/A",false,Web,"#N/A","#N/A",Medium,"#N/A",New,Subject_vjlbi,"#N/A","#N/A","#N/A","#N/A","#N/A"
22713b76-5b5c-4eca-aadf-d1843d0566b5,"#N/A","#N/A",false,Web,"#N/A","#N/A",Medium,"#N/A",New,Subject_uigzs,"#N/A","#N/A","#N/A","#N/A","#N/A"
227159ff-0ae5-41cb-84e5-deaed5641891,"#N/A","#N/A",false,Web,"#N/A","#N/A",Medium,"#N/A",New,Subject_orfyf,"#N/A","#N/A","#N/A","#N/A","#N/A"
22752d63-4dd2-4ab8-bf78-07ff54cd7af0,"#N/A","#N/A",false,Web,"#N/A","#N/A",Medium,"#N/A",New,Subject_qldop,"#N/A","#N/A","#N/A","#N/A","#N/A"
2275a4e6-d3cd-4ad9-bea0-234aa5bc08e0,"#N/A","#N/A",false,Web,"#N/A","#N/A",Medium,"#N/A",New,Subject_jlqss,"#N/A","#N/A","#N/A","#N/A","#N/A"
2278d3d0-d050-4b94-aa39-4f445875106f,"#N/A","#N/A",false,Web,"#N/A","#N/A",Medium,"#N/A",New,Subject_tfmmt,"#N/A","#N/A","#N/A","#N/A","#N/A"
227c9671-a418-44f7-add1-b9dd4c914adf,"#N/A","#N/A",false,Web,"#N/A","#N/A",Medium,"#N/A",New,Subject_fxbcb,"#N/A","#N/A","#N/A","#N/A","#N/A"
227d46c3-6c95-4a5a-97b7-c3e2624f708d,"#N/A","#N/A",false,Web,"#N/A","#N/A",Medium,"#N/A",New,Subject_csgdi,"#N/A","#N/A","#N/A","#N/A","#N/A"
227e412b-3816-4b1b-bf72-40a637020de7,"#N/A","#N/A",false,Web,"#N/A","#N/A",Medium,"#N/A",New,Subject_imtwc,"#N/A","#N/A","#N/A","#N/A","#N/A"
2280282e-f7c1-42e3-85c5-f3c3007df508,"#N/A","#N/A",false,Web,"#N/A","#N/A",Medium,"#N/A",New,Subject_odirp,"#N/A","#N/A","#N/A","#N/A","#N/A"
22807b1b-c901-437d-86e4-2fabe8c9acbf,"#N/A","#N/A",false,Web,"#N/A","#N/A",Medium,"#N/A",New,Subject_nxxic,"#N/A","#N/A","#N/A","#N/A","#N/A"
2284dfbc-29dd-4b4f-b46e-5d7ef589c077,"#N/A","#N/A",false,Web,"#N/A","#N/A",Medium,"#N/A",New,Subject_bpakc,"#N/A","#N/A","#N/A","#N/A","#N/A"
2284f30b-8d66-402c-963d-812f3ae868fc,"#N/A","#N/A",false,Web,"#N/A","#N/A",Medium,"#N/A",New,Subject_ulorv,"#N/A","#N/A","#N/A","#N/A","#N/A"
22859819-f5c8-49c9-9f75-0648dec2a0bf,"#N/A","#N/A",false,Web,"#N/A","#N/A",Medium,"#N/A",New,Subject_vmjkk,"#N/A","#N/A","#N/A","#N/A","#N/A"
228677ed-aba9-4c79-b172-922444946a18,"#N/A","#N/A",false,Web,"#N/A","#N/A",Medium,"#N/A",New,Subject_rzodv,"#N/A","#N/A","#N/A","#N/A","#N/A"
228a0437-63ac-4709-a50b-80f192a52cda,"#N/A","#N/A",false,Web,"#N/A","#N/A",Medium,"#N/A",New,Subject_dbmga,"#N/A","#N/A","#N/A","#N/A","#N/A"
228a58e3-c53e-4c66-b9a5-d19e52067b1f,"#N/A","#N/A",false,Web,"#N/A","#N/A",Medium,"#N/A",New,Subject_luatu,"#N/A","#N/A","#N/A","#N/A","#N/A"
228d7ea2-0dfe-4834-87d2-443fc51df74c,"#N/A","#N/A",false,Web,"#N/A","#N/A",Medium,"#N/A",New,Subject_dywev,"#N/A","#N/A","#N/A","#N/A","#N/A"
2291e778-7190-4e91-abc5-aa3155682215,"#N/A","#N/A",false,Web,"#N/A","#N/A",Medium,"#N/A",New,Subject_omdaj,"#N/A","#N/A","#N/A","#N/A","#N/A"
229260e6-b992-440b-ad2e-22a31e389886,"#N/A","#N/A",false,Web,"#N/A","#N/A",Medium,"#N/A",New,Subject_tkdbn,"#N/A","#N/A","#N/A","#N/A","#N/A"
2295814f-53ec-411b-979a-e1e684754c92,"#N/A","#N/A",false,Web,"#N/A","#N/A",Medium,"#N/A",New,Subject_nefjk,"#N/A","#N/A","#N/A","#N/A","#N/A"
22986052-a7e9-4250-a4a5-81d960b27cae,"#N/A","#N/A",false,Web,"#N/A","#N/A",Medium,"#N/A",New,Subject_akklv,"#N/A","#N/A","#N/A","#N/A","#N/A"
229c1949-28b6-4041-9ae6-84448599c365,"#N/A","#N/A",false,Web,"#N/A","#N/A",Medium,"#N/A",New,Subject_hxjnh,"#N/A","#N/A","#N/A","#N/A","#N/A"
22a03c62-5380-4e5d-9858-2974235361d9,"#N/A","#N/A",false,Web,"#N/A","#N/A",Medium,"#N/A",New,Subject_mykjh,"#N/A","#N/A","#N/A","#N/A","#N/A"
22a2239f-3078-418b-aabe-33aa0f2c5206,"#N/A","#N/A",false,Web,"#N/A","#N/A",Medium,"#N/A",New,Subject_muucv,"#N/A","#N/A","#N/A","#N/A","#N/A"
22a34c3b-be87-4385-934a-9dbd61977475,"#N/A","#N/A",false,Web,"#N/A","#N/A",Medium,"#N/A",New,Subject_duljg,"#N/A","#N/A","#N/A","#N/A","#N/A"
22aa437c-a0be-4efc-8abd-bd80821d68be,"#N/A","#N/A",false,Web,"#N/A","#N/A",Medium,"#N/A",New,Subject_tuiod,"#N/A","#N/A","#N/A","#N/A","#N/A"
22af7723-e594-41d4-89e1-eb9b960f1ca6,"#N/A","#N/A",false,Web,"#N/A","#N/A",Medium,"#N/A",New,Subject_quzrh,"#N/A","#N/A","#N/A","#N/A","#N/A"
22c0f9d8-0b86-4ec6-b08e-5fff390e2e4a,"#N/A","#N/A",false,Web,"#N/A","#N/A",Medium,"#N/A",New,Subject_hlvop,"#N/A","#N/A","#N/A","#N/A","#N/A"
22c33cb2-bd1a-4397-b4cd-d728242d148d,"#N/A","#N/A",false,Web,"#N/A","#N/A",Medium,"#N/A",New,Subject_ybbyv,"#N/A","#N/A","#N/A","#N/A","#N/A"
22c3b9f3-290c-4cd2-bfd6-bf270e5de098,"#N/A","#N/A",false,Web,"#N/A","#N/A",Medium,"#N/A",New,Subject_frfgw,"#N/A","#N/A","#N/A","#N/A","#N/A"
22c45754-127a-4ce0-be52-7e6f7b6edd17,"#N/A","#N/A",false,Web,"#N/A","#N/A",Medium,"#N/A",New,Subject_airih,"#N/A","#N/A","#N/A","#N/A","#N/A"
22c483e3-f180-4636-bac3-24a65fa56ff4,"#N/A","#N/A",false,Web,"#N/A","#N/A",Medium,"#N/A",New,Subject_rwhpw,"#N/A","#N/A","#N/A","#N/A","#N/A"
22c8df3b-8bfd-4eab-bdea-32c6eaacc4e4,"#N/A","#N/A",false,Web,"#N/A","#N/A",Medium,"#N/A",New,Subject_hhvpj,"#N/A","#N/A","#N/A","#N/A","#N/A"
22cbacb9-fc89-4e94-afcd-26a8f57c8678,"#N/A","#N/A",false,Web,"#N/A","#N/A",Medium,"#N/A",New,Subject_ckouh,"#N/A","#N/A","#N/A","#N/A","#N/A"
22cc2943-09ef-4bca-b58b-99185abc2f64,"#N/A","#N/A",false,Web,"#N/A","#N/A",Medium,"#N/A",New,Subject_ghbyi,"#N/A","#N/A","#N/A","#N/A","#N/A"
22d15bee-5fab-45ce-998d-2ad4c6dbefac,"#N/A","#N/A",false,Web,"#N/A","#N/A",Medium,"#N/A",New,Subject_xnugc,"#N/A","#N/A","#N/A","#N/A","#N/A"
22d36bac-8c01-48cb-a102-527127f1c4bd,"#N/A","#N/A",false,Web,"#N/A","#N/A",Medium,"#N/A",New,Subject_voasp,"#N/A","#N/A","#N/A","#N/A","#N/A"
22d61bf0-367a-46f1-b32f-f53fbcda2ee0,"#N/A","#N/A",false,Web,"#N/A","#N/A",Medium,"#N/A",New,Subject_douoa,"#N/A","#N/A","#N/A","#N/A","#N/A"
22da85f9-1969-4488-a2db-d10375326f8b,"#N/A","#N/A",false,Web,"#N/A","#N/A",Medium,"#N/A",New,Subject_rnmhr,"#N/A","#N/A","#N/A","#N/A","#N/A"
22daac2a-465f-4add-bda2-305d5951ac94,"#N/A","#N/A",false,Web,"#N/A","#N/A",Medium,"#N/A",New,Subject_mmtou,"#N/A","#N/A","#N/A","#N/A","#N/A"
22ded988-d446-47dd-afeb-fcb824702836,"#N/A","#N/A",false,Web,"#N/A","#N/A",Medium,"#N/A",New,Subject_seshd,"#N/A","#N/A","#N/A","#N/A","#N/A"
22e013f4-4fdf-466f-b6bb-bee231c0c1ae,"#N/A","#N/A",false,Web,"#N/A","#N/A",Medium,"#N/A",New,Subject_fbijj,"#N/A","#N/A","#N/A","#N/A","#N/A"
22e6823a-bb4e-48d5-871e-15f033b401b0,"#N/A","#N/A",false,Web,"#N/A","#N/A",Medium,"#N/A",New,Subject_bengu,"#N/A","#N/A","#N/A","#N/A","#N/A"
22e7171b-0269-4e0c-9ffb-2d8cbd4e81f4,"#N/A","#N/A",false,Web,"#N/A","#N/A",Medium,"#N/A",New,Subject_ftxgf,"#N/A","#N/A","#N/A","#N/A","#N/A"
22ea118b-e251-44d9-8710-5075706a4a75,"#N/A","#N/A",false,Web,"#N/A","#N/A",Medium,"#N/A",New,Subject_hyisj,"#N/A","#N/A","#N/A","#N/A","#N/A"
22eb80ee-6ba9-4e24-b27c-d3bead48edd3,"#N/A","#N/A",false,Web,"#N/A","#N/A",Medium,"#N/A",New,Subject_yydnh,"#N/A","#N/A","#N/A","#N/A","#N/A"
22eccdf6-216d-480e-8d31-6f5c23d44cd4,"#N/A","#N/A",false,Web,"#N/A","#N/A",Medium,"#N/A",New,Subject_pvouw,"#N/A","#N/A","#N/A","#N/A","#N/A"
22edd52c-2432-4fcd-80be-5864897560d8,"#N/A","#N/A",false,Web,"#N/A","#N/A",Medium,"#N/A",New,Subject_dxgbb,"#N/A","#N/A","#N/A","#N/A","#N/A"
22f90ae7-de12-46f8-97dc-daf6caab9ef2,"#N/A","#N/A",false,Web,"#N/A","#N/A",Medium,"#N/A",New,Subject_uyugg,"#N/A","#N/A","#N/A","#N/A","#N/A"
22fc1568-0828-4775-9489-b1530da8f76f,"#N/A","#N/A",false,Web,"#N/A","#N/A",Medium,"#N/A",New,Subject_gkdfg,"#N/A","#N/A","#N/A","#N/A","#N/A"
22fec016-f558-408e-a67b-15ded7a8c029,"#N/A","#N/A",false,Web,"#N/A","#N/A",Medium,"#N/A",New,Subject_mxzxw,"#N/A","#N/A","#N/A","#N/A","#N/A"
2301caf2-3c5e-47c5-96f5-3b2ad4cb2119,"#N/A","#N/A",false,Web,"#N/A","#N/A",Medium,"#N/A",New,Subject_tdunc,"#N/A","#N/A","#N/A","#N/A","#N/A"
23064cc4-6301-49ec-8523-3aae32fc46b5,"#N/A","#N/A",false,Web,"#N/A","#N/A",Medium,"#N/A",New,Subject_yjwzt,"#N/A","#N/A","#N/A","#N/A","#N/A"
2306ec16-4d5a-4170-bacd-f5abe17463b4,"#N/A","#N/A",false,Web,"#N/A","#N/A",Medium,"#N/A",New,Subject_qwqnx,"#N/A","#N/A","#N/A","#N/A","#N/A"
23083e05-45a1-47a5-a6c0-8456269eb257,"#N/A","#N/A",false,Web,"#N/A","#N/A",Medium,"#N/A",New,Subject_nwbfh,"#N/A","#N/A","#N/A","#N/A","#N/A"
2308d6af-5be5-4bc0-be7b-dd283ab42780,"#N/A","#N/A",false,Web,"#N/A","#N/A",Medium,"#N/A",New,Subject_oiezo,"#N/A","#N/A","#N/A","#N/A","#N/A"
230a24ac-ab69-440e-bc3a-e54cb13a472f,"#N/A","#N/A",false,Web,"#N/A","#N/A",Medium,"#N/A",New,Subject_iibyi,"#N/A","#N/A","#N/A","#N/A","#N/A"
230cc9dc-be3e-4610-84d8-dea2aa1b8c95,"#N/A","#N/A",false,Web,"#N/A","#N/A",Medium,"#N/A",New,Subject_agudy,"#N/A","#N/A","#N/A","#N/A","#N/A"
230d4766-87b6-40c5-89ed-c3a261cadf97,"#N/A","#N/A",false,Web,"#N/A","#N/A",Medium,"#N/A",New,Subject_hurff,"#N/A","#N/A","#N/A","#N/A","#N/A"
230d83cd-ad63-409f-bb60-7fe56460fffa,"#N/A","#N/A",false,Web,"#N/A","#N/A",Medium,"#N/A",New,Subject_zgfap,"#N/A","#N/A","#N/A","#N/A","#N/A"
230f8b6a-adbe-40b8-9d9f-d90f72de4e7e,"#N/A","#N/A",false,Web,"#N/A","#N/A",Medium,"#N/A",New,Subject_rpnnv,"#N/A","#N/A","#N/A","#N/A","#N/A"
2312408f-882f-41de-87ce-d1915b58baf3,"#N/A","#N/A",false,Web,"#N/A","#N/A",Medium,"#N/A",New,Subject_oiiha,"#N/A","#N/A","#N/A","#N/A","#N/A"
2315d5b0-ff90-40b7-a9a4-b61989e072e1,"#N/A","#N/A",false,Web,"#N/A","#N/A",Medium,"#N/A",New,Subject_mklmg,"#N/A","#N/A","#N/A","#N/A","#N/A"
23187898-64ca-4951-8336-0293d76d29da,"#N/A","#N/A",false,Web,"#N/A","#N/A",Medium,"#N/A",New,Subject_xwyno,"#N/A","#N/A","#N/A","#N/A","#N/A"
2318e1b9-1681-40cd-a832-74d2eb47ec4f,"#N/A","#N/A",false,Web,"#N/A","#N/A",Medium,"#N/A",New,Subject_lkfhh,"#N/A","#N/A","#N/A","#N/A","#N/A"
23195971-58c8-4d69-b984-821a48abbb0f,"#N/A","#N/A",false,Web,"#N/A","#N/A",Medium,"#N/A",New,Subject_bzqya,"#N/A","#N/A","#N/A","#N/A","#N/A"
231a74f9-4081-495b-9534-bdd98a93683b,"#N/A","#N/A",false,Web,"#N/A","#N/A",Medium,"#N/A",New,Subject_oqvff,"#N/A","#N/A","#N/A","#N/A","#N/A"
231ad0e3-d3a4-4a80-b385-12b8bdf8d372,"#N/A","#N/A",false,Web,"#N/A","#N/A",Medium,"#N/A",New,Subject_thslo,"#N/A","#N/A","#N/A","#N/A","#N/A"
231ae6df-0852-4792-8a03-e3f20576873e,"#N/A","#N/A",false,Web,"#N/A","#N/A",Medium,"#N/A",New,Subject_xvfqb,"#N/A","#N/A","#N/A","#N/A","#N/A"
231d3d9e-efcd-4afb-b69c-a544d7445dd2,"#N/A","#N/A",false,Web,"#N/A","#N/A",Medium,"#N/A",New,Subject_ubfgh,"#N/A","#N/A","#N/A","#N/A","#N/A"
231f096b-4872-4557-ba15-6dd296e3735e,"#N/A","#N/A",false,Web,"#N/A","#N/A",Medium,"#N/A",New,Subject_czqnq,"#N/A","#N/A","#N/A","#N/A","#N/A"
23213efa-2181-491b-8ae0-c7c75b4622fc,"#N/A","#N/A",false,Web,"#N/A","#N/A",Medium,"#N/A",New,Subject_hfvxk,"#N/A","#N/A","#N/A","#N/A","#N/A"
232468c8-d260-43fc-ac6c-cb355b9c9f2c,"#N/A","#N/A",false,Web,"#N/A","#N/A",Medium,"#N/A",New,Subject_dxbpc,"#N/A","#N/A","#N/A","#N/A","#N/A"
23297393-c238-4cfd-9d09-061c9ec9abcf,"#N/A","#N/A",false,Web,"#N/A","#N/A",Medium,"#N/A",New,Subject_gqvng,"#N/A","#N/A","#N/A","#N/A","#N/A"
232d3dbd-bea5-4bb0-a39c-5c64df239f7e,"#N/A","#N/A",false,Web,"#N/A","#N/A",Medium,"#N/A",New,Subject_luspb,"#N/A","#N/A","#N/A","#N/A","#N/A"
232e0f27-4586-447d-bc8b-f15f9fd2c754,"#N/A","#N/A",false,Web,"#N/A","#N/A",Medium,"#N/A",New,Subject_xspzi,"#N/A","#N/A","#N/A","#N/A","#N/A"
233191fe-7e7f-4f22-b912-33ab84a5ab94,"#N/A","#N/A",false,Web,"#N/A","#N/A",Medium,"#N/A",New,Subject_fvzhw,"#N/A","#N/A","#N/A","#N/A","#N/A"
2335c634-25b0-40a3-86ec-aa9177ed981e,"#N/A","#N/A",false,Web,"#N/A","#N/A",Medium,"#N/A",New,Subject_gohua,"#N/A","#N/A","#N/A","#N/A","#N/A"
23364719-9750-465b-b8c2-9eb34967a92e,"#N/A","#N/A",false,Web,"#N/A","#N/A",Medium,"#N/A",New,Subject_hbjcg,"#N/A","#N/A","#N/A","#N/A","#N/A"
2336f57f-ca40-4e3a-9952-a08c2fbddfd0,"#N/A","#N/A",false,Web,"#N/A","#N/A",Medium,"#N/A",New,Subject_xfuua,"#N/A","#N/A","#N/A","#N/A","#N/A"
2337a712-f5a3-42eb-a4df-e93df70d7830,"#N/A","#N/A",false,Web,"#N/A","#N/A",Medium,"#N/A",New,Subject_wdnbl,"#N/A","#N/A","#N/A","#N/A","#N/A"
233aef28-3afb-47ac-9fd5-ad759a6de494,"#N/A","#N/A",false,Web,"#N/A","#N/A",Medium,"#N/A",New,Subject_dwnvo,"#N/A","#N/A","#N/A","#N/A","#N/A"
233afa5f-561d-4f6a-a8cb-cb66fe94303d,"#N/A","#N/A",false,Web,"#N/A","#N/A",Medium,"#N/A",New,Subject_rqtds,"#N/A","#N/A","#N/A","#N/A","#N/A"
233b85ff-f03f-49ad-8ca6-3d0a0474885f,"#N/A","#N/A",false,Web,"#N/A","#N/A",Medium,"#N/A",New,Subject_lfvoa,"#N/A","#N/A","#N/A","#N/A","#N/A"
233c06e2-91ac-423e-8e89-3fcf002094c8,"#N/A","#N/A",false,Web,"#N/A","#N/A",Medium,"#N/A",New,Subject_deslc,"#N/A","#N/A","#N/A","#N/A","#N/A"
233c4f59-725e-48ef-b0d6-0d3c05ddd7ff,"#N/A","#N/A",false,Web,"#N/A","#N/A",Medium,"#N/A",New,Subject_kiohc,"#N/A","#N/A","#N/A","#N/A","#N/A"
233da216-791a-4a5c-9f0f-f0c39d582b5d,"#N/A","#N/A",false,Web,"#N/A","#N/A",Medium,"#N/A",New,Subject_fldiu,"#N/A","#N/A","#N/A","#N/A","#N/A"
233f1bad-2f8e-4f35-bbf4-3f19060c2a5c,"#N/A","#N/A",false,Web,"#N/A","#N/A",Medium,"#N/A",New,Subject_flffh,"#N/A","#N/A","#N/A","#N/A","#N/A"
23421267-f12a-4f5b-b2b2-5e3fdf334997,"#N/A","#N/A",false,Web,"#N/A","#N/A",Medium,"#N/A",New,Subject_ybxfm,"#N/A","#N/A","#N/A","#N/A","#N/A"
2349a4b1-81a2-4957-a607-c70affff1904,"#N/A","#N/A",false,Web,"#N/A","#N/A",Medium,"#N/A",New,Subject_dcrgs,"#N/A","#N/A","#N/A","#N/A","#N/A"
234ff24e-3819-42c8-bc94-bd288f0d0388,"#N/A","#N/A",false,Web,"#N/A","#N/A",Medium,"#N/A",New,Subject_ronbi,"#N/A","#N/A","#N/A","#N/A","#N/A"
235b1aef-8be1-4bc3-8562-51480ce3369f,"#N/A","#N/A",false,Web,"#N/A","#N/A",Medium,"#N/A",New,Subject_dqxcs,"#N/A","#N/A","#N/A","#N/A","#N/A"
235bf88e-9477-4dd0-ae24-84567afbd992,"#N/A","#N/A",false,Web,"#N/A","#N/A",Medium,"#N/A",New,Subject_oufoe,"#N/A","#N/A","#N/A","#N/A","#N/A"
235cb6bb-0a54-4e7a-b5ec-7a8e624adf62,"#N/A","#N/A",false,Web,"#N/A","#N/A",Medium,"#N/A",New,Subject_dibka,"#N/A","#N/A","#N/A","#N/A","#N/A"
235e6b20-c204-486c-8e7f-17803ef54c1f,"#N/A","#N/A",false,Web,"#N/A","#N/A",Medium,"#N/A",New,Subject_rikgx,"#N/A","#N/A","#N/A","#N/A","#N/A"
236354fd-b9d9-4fbc-a82c-c3edd4d57e9f,"#N/A","#N/A",false,Web,"#N/A","#N/A",Medium,"#N/A",New,Subject_tdwrw,"#N/A","#N/A","#N/A","#N/A","#N/A"
23653f96-e3b1-4552-bb56-c2d189cf6864,"#N/A","#N/A",false,Web,"#N/A","#N/A",Medium,"#N/A",New,Subject_qllwf,"#N/A","#N/A","#N/A","#N/A","#N/A"
2369daca-a681-4765-945b-7fcad8f91771,"#N/A","#N/A",false,Web,"#N/A","#N/A",Medium,"#N/A",New,Subject_jlkvx,"#N/A","#N/A","#N/A","#N/A","#N/A"
236c112c-2f9f-41a0-9ffc-41f7df4c36b8,"#N/A","#N/A",false,Web,"#N/A","#N/A",Medium,"#N/A",New,Subject_heehq,"#N/A","#N/A","#N/A","#N/A","#N/A"
2370d114-2d3c-4313-86cb-fc11ce18123a,"#N/A","#N/A",false,Web,"#N/A","#N/A",Medium,"#N/A",New,Subject_lpvbe,"#N/A","#N/A","#N/A","#N/A","#N/A"
2371979c-080f-4003-890f-817fab7f0750,"#N/A","#N/A",false,Web,"#N/A","#N/A",Medium,"#N/A",New,Subject_jhwri,"#N/A","#N/A","#N/A","#N/A","#N/A"
2373614d-3d6a-4dc6-84df-f17e41ac9adb,"#N/A","#N/A",false,Web,"#N/A","#N/A",Medium,"#N/A",New,Subject_poltt,"#N/A","#N/A","#N/A","#N/A","#N/A"
23753b1c-3b6d-4888-867e-7929c9af51a7,"#N/A","#N/A",false,Web,"#N/A","#N/A",Medium,"#N/A",New,Subject_ljlvu,"#N/A","#N/A","#N/A","#N/A","#N/A"
23753e69-4d76-41d2-a974-4a07311f282b,"#N/A","#N/A",false,Web,"#N/A","#N/A",Medium,"#N/A",New,Subject_tbczn,"#N/A","#N/A","#N/A","#N/A","#N/A"
2375b0db-35bf-4c55-8941-44374386fb37,"#N/A","#N/A",false,Web,"#N/A","#N/A",Medium,"#N/A",New,Subject_httqr,"#N/A","#N/A","#N/A","#N/A","#N/A"
237950da-a657-49ec-99ad-1a0abf557189,"#N/A","#N/A",false,Web,"#N/A","#N/A",Medium,"#N/A",New,Subject_gcrbm,"#N/A","#N/A","#N/A","#N/A","#N/A"
237c1b32-7884-4f54-9dc8-ecb9fd1cbc54,"#N/A","#N/A",false,Web,"#N/A","#N/A",Medium,"#N/A",New,Subject_ngxhy,"#N/A","#N/A","#N/A","#N/A","#N/A"
237d96a4-9f81-452c-89f5-94d1812c13ff,"#N/A","#N/A",false,Web,"#N/A","#N/A",Medium,"#N/A",New,Subject_twikj,"#N/A","#N/A","#N/A","#N/A","#N/A"
23805540-0730-4576-b9e4-23f8eed5bb41,"#N/A","#N/A",false,Web,"#N/A","#N/A",Medium,"#N/A",New,Subject_ghsrp,"#N/A","#N/A","#N/A","#N/A","#N/A"
23871582-3488-4613-9048-218b6252c561,"#N/A","#N/A",false,Web,"#N/A","#N/A",Medium,"#N/A",New,Subject_putwb,"#N/A","#N/A","#N/A","#N/A","#N/A"
2392e59a-384a-48ee-b8c3-2b6ba87e6d7f,"#N/A","#N/A",false,Web,"#N/A","#N/A",Medium,"#N/A",New,Subject_kldbp,"#N/A","#N/A","#N/A","#N/A","#N/A"
23933019-15b4-4c64-8ce3-82e1e2a5fe2c,"#N/A","#N/A",false,Web,"#N/A","#N/A",Medium,"#N/A",New,Subject_zrgyo,"#N/A","#N/A","#N/A","#N/A","#N/A"
23946989-9d63-443f-83cd-962a7844be30,"#N/A","#N/A",false,Web,"#N/A","#N/A",Medium,"#N/A",New,Subject_zzmnb,"#N/A","#N/A","#N/A","#N/A","#N/A"
2397cf07-8866-47e3-b07d-d8333b683f79,"#N/A","#N/A",false,Web,"#N/A","#N/A",Medium,"#N/A",New,Subject_bgigm,"#N/A","#N/A","#N/A","#N/A","#N/A"
23a40ced-308f-4871-9a61-92541d41f99a,"#N/A","#N/A",false,Web,"#N/A","#N/A",Medium,"#N/A",New,Subject_nzbax,"#N/A","#N/A","#N/A","#N/A","#N/A"
23a49024-c9a5-4af0-9ff1-c75408fc5491,"#N/A","#N/A",false,Web,"#N/A","#N/A",Medium,"#N/A",New,Subject_eevws,"#N/A","#N/A","#N/A","#N/A","#N/A"
23a95520-684d-467c-b6f4-9f87936d8d3a,"#N/A","#N/A",false,Web,"#N/A","#N/A",Medium,"#N/A",New,Subject_fevqk,"#N/A","#N/A","#N/A","#N/A","#N/A"
23ab993d-5260-42d7-a445-fccb9279ce88,"#N/A","#N/A",false,Web,"#N/A","#N/A",Medium,"#N/A",New,Subject_jmrdi,"#N/A","#N/A","#N/A","#N/A","#N/A"
23ad1a58-42af-4753-8ff8-6b7313d62b91,"#N/A","#N/A",false,Web,"#N/A","#N/A",Medium,"#N/A",New,Subject_kjtwv,"#N/A","#N/A","#N/A","#N/A","#N/A"
23ae045a-ebd0-47af-aa89-05bf9df93085,"#N/A","#N/A",false,Web,"#N/A","#N/A",Medium,"#N/A",New,Subject_nzcvg,"#N/A","#N/A","#N/A","#N/A","#N/A"
23aec2d7-6f67-4cbf-867a-5d6213ac9196,"#N/A","#N/A",false,Web,"#N/A","#N/A",Medium,"#N/A",New,Subject_hegaz,"#N/A","#N/A","#N/A","#N/A","#N/A"
23afaf77-5245-4f35-946d-f2aa0207f5e2,"#N/A","#N/A",false,Web,"#N/A","#N/A",Medium,"#N/A",New,Subject_fhgjr,"#N/A","#N/A","#N/A","#N/A","#N/A"
23b092f2-83aa-4793-80f7-bb59734bbfc7,"#N/A","#N/A",false,Web,"#N/A","#N/A",Medium,"#N/A",New,Subject_bnhiy,"#N/A","#N/A","#N/A","#N/A","#N/A"
23b10e9b-4ba7-44db-a010-282aac47a099,"#N/A","#N/A",false,Web,"#N/A","#N/A",Medium,"#N/A",New,Subject_wjpel,"#N/A","#N/A","#N/A","#N/A","#N/A"
23b45f6e-0b5d-4a7d-ae45-0bb06e632db9,"#N/A","#N/A",false,Web,"#N/A","#N/A",Medium,"#N/A",New,Subject_bcdwx,"#N/A","#N/A","#N/A","#N/A","#N/A"
23b62fa3-69c3-4a18-8544-91e172d9f65b,"#N/A","#N/A",false,Web,"#N/A","#N/A",Medium,"#N/A",New,Subject_zrooy,"#N/A","#N/A","#N/A","#N/A","#N/A"
23b7cfce-24d5-490f-a37f-67271fcaa8a1,"#N/A","#N/A",false,Web,"#N/A","#N/A",Medium,"#N/A",New,Subject_pgwsd,"#N/A","#N/A","#N/A","#N/A","#N/A"
23ba59b9-e2f9-4584-bf13-933b5b392236,"#N/A","#N/A",false,Web,"#N/A","#N/A",Medium,"#N/A",New,Subject_ilunx,"#N/A","#N/A","#N/A","#N/A","#N/A"
23bdfcde-bf34-40ac-8aad-e6775dec18fa,"#N/A","#N/A",false,Web,"#N/A","#N/A",Medium,"#N/A",New,Subject_hfpzk,"#N/A","#N/A","#N/A","#N/A","#N/A"
23c10b20-3a26-4ed3-8d54-7ee07f05370f,"#N/A","#N/A",false,Web,"#N/A","#N/A",Medium,"#N/A",New,Subject_sgfna,"#N/A","#N/A","#N/A","#N/A","#N/A"
23c21ee9-4b41-4926-92ef-fe0201d30890,"#N/A","#N/A",false,Web,"#N/A","#N/A",Medium,"#N/A",New,Subject_vcaho,"#N/A","#N/A","#N/A","#N/A","#N/A"
23c3303d-0d9d-411f-9044-30444ffaa0be,"#N/A","#N/A",false,Web,"#N/A","#N/A",Medium,"#N/A",New,Subject_dviye,"#N/A","#N/A","#N/A","#N/A","#N/A"
23c332c3-09b6-4c17-a839-4e7334cee9ff,"#N/A","#N/A",false,Web,"#N/A","#N/A",Medium,"#N/A",New,Subject_crizd,"#N/A","#N/A","#N/A","#N/A","#N/A"
23c50a91-b003-4faa-bfff-f42d326d6308,"#N/A","#N/A",false,Web,"#N/A","#N/A",Medium,"#N/A",New,Subject_gketc,"#N/A","#N/A","#N/A","#N/A","#N/A"
23cc2f6a-309b-436b-b46d-b11184b029c7,"#N/A","#N/A",false,Web,"#N/A","#N/A",Medium,"#N/A",New,Subject_odtqy,"#N/A","#N/A","#N/A","#N/A","#N/A"
23d2fe71-0e93-43ff-ad4a-b08c44e98820,"#N/A","#N/A",false,Web,"#N/A","#N/A",Medium,"#N/A",New,Subject_tbxpw,"#N/A","#N/A","#N/A","#N/A","#N/A"
23d4069a-8c8b-40a4-a66a-b55ed1b40057,"#N/A","#N/A",false,Web,"#N/A","#N/A",Medium,"#N/A",New,Subject_qckkg,"#N/A","#N/A","#N/A","#N/A","#N/A"
23d4ca31-cd6d-4edd-9b12-228d4651857f,"#N/A","#N/A",false,Web,"#N/A","#N/A",Medium,"#N/A",New,Subject_djsxb,"#N/A","#N/A","#N/A","#N/A","#N/A"
23dc9afb-a79f-427a-bb82-f5de8f7adfbd,"#N/A","#N/A",false,Web,"#N/A","#N/A",Medium,"#N/A",New,Subject_fkyon,"#N/A","#N/A","#N/A","#N/A","#N/A"
23dcde66-cedd-4d6f-8adf-5b43b6124152,"#N/A","#N/A",false,Web,"#N/A","#N/A",Medium,"#N/A",New,Subject_hkmet,"#N/A","#N/A","#N/A","#N/A","#N/A"
23ddb71f-ab47-4719-8fa8-4756ef9e7c83,"#N/A","#N/A",false,Web,"#N/A","#N/A",Medium,"#N/A",New,Subject_evmqm,"#N/A","#N/A","#N/A","#N/A","#N/A"
23e7c0a2-b9b6-431e-bb40-1d0217e9ea44,"#N/A","#N/A",false,Web,"#N/A","#N/A",Medium,"#N/A",New,Subject_yuwfd,"#N/A","#N/A","#N/A","#N/A","#N/A"
23e95c89-9c6a-4094-bb27-d77358b9b95a,"#N/A","#N/A",false,Web,"#N/A","#N/A",Medium,"#N/A",New,Subject_cqfcy,"#N/A","#N/A","#N/A","#N/A","#N/A"
23f3b8e9-ea2e-40a5-bb1d-886263b36e3c,"#N/A","#N/A",false,Web,"#N/A","#N/A",Medium,"#N/A",New,Subject_vytje,"#N/A","#N/A","#N/A","#N/A","#N/A"
23f56be0-2066-4e73-a438-39a16ce09aa5,"#N/A","#N/A",false,Web,"#N/A","#N/A",Medium,"#N/A",New,Subject_sqlqh,"#N/A","#N/A","#N/A","#N/A","#N/A"
23f6d359-c44f-4c2a-bbfc-da6c4e1cfd6a,"#N/A","#N/A",false,Web,"#N/A","#N/A",Medium,"#N/A",New,Subject_fwkfu,"#N/A","#N/A","#N/A","#N/A","#N/A"
23f7ce3d-8cde-4349-80c2-4ef1e75c52c2,"#N/A","#N/A",false,Web,"#N/A","#N/A",Medium,"#N/A",New,Subject_mzdea,"#N/A","#N/A","#N/A","#N/A","#N/A"
23f99d4b-10d2-43b5-9637-837a1a0c0706,"#N/A","#N/A",false,Web,"#N/A","#N/A",Medium,"#N/A",New,Subject_pclii,"#N/A","#N/A","#N/A","#N/A","#N/A"
24029631-4b5f-4950-8cfb-af76b6e4db3f,"#N/A","#N/A",false,Web,"#N/A","#N/A",Medium,"#N/A",New,Subject_nkfko,"#N/A","#N/A","#N/A","#N/A","#N/A"
2402da03-2ec6-467a-9c6b-c7856abade6f,"#N/A","#N/A",false,Web,"#N/A","#N/A",Medium,"#N/A",New,Subject_iqnyc,"#N/A","#N/A","#N/A","#N/A","#N/A"
240bcdd9-26c1-4e08-8131-5166e8fb768f,"#N/A","#N/A",false,Web,"#N/A","#N/A",Medium,"#N/A",New,Subject_bbfwe,"#N/A","#N/A","#N/A","#N/A","#N/A"
240da18d-e453-4670-9faa-775a490d9a29,"#N/A","#N/A",false,Web,"#N/A","#N/A",Medium,"#N/A",New,Subject_bwhtm,"#N/A","#N/A","#N/A","#N/A","#N/A"
240e2aec-e1b9-4b7c-be73-2ef035a3ecc8,"#N/A","#N/A",false,Web,"#N/A","#N/A",Medium,"#N/A",New,Subject_ygong,"#N/A","#N/A","#N/A","#N/A","#N/A"
240f9623-da22-4f6a-b3ee-247d7fcbb44d,"#N/A","#N/A",false,Web,"#N/A","#N/A",Medium,"#N/A",New,Subject_lrsfs,"#N/A","#N/A","#N/A","#N/A","#N/A"
240fd5dd-e679-4c16-9ce8-e5194cec1655,"#N/A","#N/A",false,Web,"#N/A","#N/A",Medium,"#N/A",New,Subject_hfysp,"#N/A","#N/A","#N/A","#N/A","#N/A"
2414c71b-507e-4107-a040-f9dba59e4a6b,"#N/A","#N/A",false,Web,"#N/A","#N/A",Medium,"#N/A",New,Subject_bubbp,"#N/A","#N/A","#N/A","#N/A","#N/A"
24156cd7-251e-4c29-bbd4-a10e2781fd1c,"#N/A","#N/A",false,Web,"#N/A","#N/A",Medium,"#N/A",New,Subject_woehi,"#N/A","#N/A","#N/A","#N/A","#N/A"
24165e34-4c46-4ec7-a7bd-122dd1941456,"#N/A","#N/A",false,Web,"#N/A","#N/A",Medium,"#N/A",New,Subject_vgzzq,"#N/A","#N/A","#N/A","#N/A","#N/A"
24168ecf-f60f-4b1a-ae3a-e2cf5a457a00,"#N/A","#N/A",false,Web,"#N/A","#N/A",Medium,"#N/A",New,Subject_ymlhv,"#N/A","#N/A","#N/A","#N/A","#N/A"
2417ca40-63c9-4ef5-b0b5-a0b4e1a943d0,"#N/A","#N/A",false,Web,"#N/A","#N/A",Medium,"#N/A",New,Subject_vzkli,"#N/A","#N/A","#N/A","#N/A","#N/A"
241a0dda-247e-4fa5-a884-4292d1030459,"#N/A","#N/A",false,Web,"#N/A","#N/A",Medium,"#N/A",New,Subject_svmfr,"#N/A","#N/A","#N/A","#N/A","#N/A"
241d86a9-6507-4723-9fa5-30868b883b0c,"#N/A","#N/A",false,Web,"#N/A","#N/A",Medium,"#N/A",New,Subject_osemg,"#N/A","#N/A","#N/A","#N/A","#N/A"
241de205-7f66-4522-8769-f45aa80081ed,"#N/A","#N/A",false,Web,"#N/A","#N/A",Medium,"#N/A",New,Subject_uyijv,"#N/A","#N/A","#N/A","#N/A","#N/A"
241ec86e-0daa-4b0e-81eb-45485b7a39f5,"#N/A","#N/A",false,Web,"#N/A","#N/A",Medium,"#N/A",New,Subject_wpkzb,"#N/A","#N/A","#N/A","#N/A","#N/A"
2424763e-136f-4e3e-89f4-cb357d7fee06,"#N/A","#N/A",false,Web,"#N/A","#N/A",Medium,"#N/A",New,Subject_ehjlx,"#N/A","#N/A","#N/A","#N/A","#N/A"
2424c270-7380-4701-8e18-7a404f9d6f3e,"#N/A","#N/A",false,Web,"#N/A","#N/A",Medium,"#N/A",New,Subject_ipoig,"#N/A","#N/A","#N/A","#N/A","#N/A"
242682a5-2c28-4aa7-b178-d02c9e6b0154,"#N/A","#N/A",false,Web,"#N/A","#N/A",Medium,"#N/A",New,Subject_lkkgk,"#N/A","#N/A","#N/A","#N/A","#N/A"
24268737-9f43-4f93-8976-7761257f8e20,"#N/A","#N/A",false,Web,"#N/A","#N/A",Medium,"#N/A",New,Subject_zdspp,"#N/A","#N/A","#N/A","#N/A","#N/A"
242acf54-0dce-4c95-92e1-87953e26747a,"#N/A","#N/A",false,Web,"#N/A","#N/A",Medium,"#N/A",New,Subject_xqnmj,"#N/A","#N/A","#N/A","#N/A","#N/A"
2430c5e7-e7f2-42e5-b9f1-c39a680c62c4,"#N/A","#N/A",false,Web,"#N/A","#N/A",Medium,"#N/A",New,Subject_grfot,"#N/A","#N/A","#N/A","#N/A","#N/A"
24312187-8db1-4f65-8858-d99db03f2ed5,"#N/A","#N/A",false,Web,"#N/A","#N/A",Medium,"#N/A",New,Subject_bipmu,"#N/A","#N/A","#N/A","#N/A","#N/A"
243394ee-98ca-4667-9dc4-f13d3ec6b22a,"#N/A","#N/A",false,Web,"#N/A","#N/A",Medium,"#N/A",New,Subject_upbov,"#N/A","#N/A","#N/A","#N/A","#N/A"
2435356a-e5f5-4bcd-b0c6-dcdf7319514c,"#N/A","#N/A",false,Web,"#N/A","#N/A",Medium,"#N/A",New,Subject_rykuw,"#N/A","#N/A","#N/A","#N/A","#N/A"
243c391e-b4af-4fa4-bc25-53a6f775929a,"#N/A","#N/A",false,Web,"#N/A","#N/A",Medium,"#N/A",New,Subject_fukrs,"#N/A","#N/A","#N/A","#N/A","#N/A"
243cf560-4584-4509-a4de-b5005f245ab2,"#N/A","#N/A",false,Web,"#N/A","#N/A",Medium,"#N/A",New,Subject_iimuo,"#N/A","#N/A","#N/A","#N/A","#N/A"
243e919c-4ea4-4c2c-b1ba-0bcab8ada51f,"#N/A","#N/A",false,Web,"#N/A","#N/A",Medium,"#N/A",New,Subject_qjlku,"#N/A","#N/A","#N/A","#N/A","#N/A"
243f89fa-6301-4ed7-bf72-79c2e3e0eecd,"#N/A","#N/A",false,Web,"#N/A","#N/A",Medium,"#N/A",New,Subject_frrkp,"#N/A","#N/A","#N/A","#N/A","#N/A"
24449422-0fb0-47f1-bac7-ffd278cff6f2,"#N/A","#N/A",false,Web,"#N/A","#N/A",Medium,"#N/A",New,Subject_qwzdg,"#N/A","#N/A","#N/A","#N/A","#N/A"
2445558f-9153-4c23-a49a-918ef3360eba,"#N/A","#N/A",false,Web,"#N/A","#N/A",Medium,"#N/A",New,Subject_ykoed,"#N/A","#N/A","#N/A","#N/A","#N/A"
244b24c4-570b-4e68-a05f-b5be380ea57d,"#N/A","#N/A",false,Web,"#N/A","#N/A",Medium,"#N/A",New,Subject_tlrdu,"#N/A","#N/A","#N/A","#N/A","#N/A"
244c8601-e7a4-4768-b952-933752808d5c,"#N/A","#N/A",false,Web,"#N/A","#N/A",Medium,"#N/A",New,Subject_prmdm,"#N/A","#N/A","#N/A","#N/A","#N/A"
244f5223-c590-47be-bf1e-d0b13c7fab4c,"#N/A","#N/A",false,Web,"#N/A","#N/A",Medium,"#N/A",New,Subject_ivtbh,"#N/A","#N/A","#N/A","#N/A","#N/A"
24527ee8-8c14-4b2b-b3fb-c05057798da4,"#N/A","#N/A",false,Web,"#N/A","#N/A",Medium,"#N/A",New,Subject_rjvqr,"#N/A","#N/A","#N/A","#N/A","#N/A"
24535d0c-6c77-418d-a214-5080aa6fcc36,"#N/A","#N/A",false,Web,"#N/A","#N/A",Medium,"#N/A",New,Subject_ilxit,"#N/A","#N/A","#N/A","#N/A","#N/A"
2454868c-b34c-412d-bd80-bc85309d0af2,"#N/A","#N/A",false,Web,"#N/A","#N/A",Medium,"#N/A",New,Subject_cbhrr,"#N/A","#N/A","#N/A","#N/A","#N/A"
2458561b-1834-49ef-b276-c1b776e3ef39,"#N/A","#N/A",false,Web,"#N/A","#N/A",Medium,"#N/A",New,Subject_wejlo,"#N/A","#N/A","#N/A","#N/A","#N/A"
245bf41a-f4ae-4ecf-a60a-02233366c30c,"#N/A","#N/A",false,Web,"#N/A","#N/A",Medium,"#N/A",New,Subject_wvapc,"#N/A","#N/A","#N/A","#N/A","#N/A"
245c42e2-358a-435a-bddd-3cf3fd99ad45,"#N/A","#N/A",false,Web,"#N/A","#N/A",Medium,"#N/A",New,Subject_paezq,"#N/A","#N/A","#N/A","#N/A","#N/A"
245d790b-3183-4417-b10d-0fd009499223,"#N/A","#N/A",false,Web,"#N/A","#N/A",Medium,"#N/A",New,Subject_icnpa,"#N/A","#N/A","#N/A","#N/A","#N/A"
245f74dc-c7e4-4ba1-ad7a-01bbfcec28f5,"#N/A","#N/A",false,Web,"#N/A","#N/A",Medium,"#N/A",New,Subject_hjciy,"#N/A","#N/A","#N/A","#N/A","#N/A"
245fa734-8959-4dd4-bcbe-3e6324131a57,"#N/A","#N/A",false,Web,"#N/A","#N/A",Medium,"#N/A",New,Subject_weecw,"#N/A","#N/A","#N/A","#N/A","#N/A"
245faf2c-3e50-4d5d-b073-26ca4100335d,"#N/A","#N/A",false,Web,"#N/A","#N/A",Medium,"#N/A",New,Subject_ifmjl,"#N/A","#N/A","#N/A","#N/A","#N/A"
246133ca-ad9e-40df-bacd-93fb038ad5fd,"#N/A","#N/A",false,Web,"#N/A","#N/A",Medium,"#N/A",New,Subject_guyrv,"#N/A","#N/A","#N/A","#N/A","#N/A"
24635900-a2e8-49bd-aac2-bfe8485c6850,"#N/A","#N/A",false,Web,"#N/A","#N/A",Medium,"#N/A",New,Subject_yfpwk,"#N/A","#N/A","#N/A","#N/A","#N/A"
24658488-4647-4704-b284-a1895734a7af,"#N/A","#N/A",false,Web,"#N/A","#N/A",Medium,"#N/A",New,Subject_etlvt,"#N/A","#N/A","#N/A","#N/A","#N/A"
2465fcac-3aad-40c8-b72a-026cae6f7543,"#N/A","#N/A",false,Web,"#N/A","#N/A",Medium,"#N/A",New,Subject_eotpu,"#N/A","#N/A","#N/A","#N/A","#N/A"
246ae58e-0e7f-482d-9708-fe6e4cb826eb,"#N/A","#N/A",false,Web,"#N/A","#N/A",Medium,"#N/A",New,Subject_uanhb,"#N/A","#N/A","#N/A","#N/A","#N/A"
246ce9d9-c14e-4fbd-8949-d1029395fa1e,"#N/A","#N/A",false,Web,"#N/A","#N/A",Medium,"#N/A",New,Subject_mxaqk,"#N/A","#N/A","#N/A","#N/A","#N/A"
246ebd7b-4d07-4079-941c-0ba99d2423c7,"#N/A","#N/A",false,Web,"#N/A","#N/A",Medium,"#N/A",New,Subject_kxwwg,"#N/A","#N/A","#N/A","#N/A","#N/A"
246f4413-9640-48f5-b0e2-cecfb4e9d646,"#N/A","#N/A",false,Web,"#N/A","#N/A",Medium,"#N/A",New,Subject_phglf,"#N/A","#N/A","#N/A","#N/A","#N/A"
247467a3-2ec5-41ef-826c-21ab73487f26,"#N/A","#N/A",false,Web,"#N/A","#N/A",Medium,"#N/A",New,Subject_nbczj,"#N/A","#N/A","#N/A","#N/A","#N/A"
2475361e-ec2f-4891-85cf-f6865dcec867,"#N/A","#N/A",false,Web,"#N/A","#N/A",Medium,"#N/A",New,Subject_rxyzm,"#N/A","#N/A","#N/A","#N/A","#N/A"
2478ae81-7e17-4e50-9f16-d798a07229db,"#N/A","#N/A",false,Web,"#N/A","#N/A",Medium,"#N/A",New,Subject_ephzl,"#N/A","#N/A","#N/A","#N/A","#N/A"
247923b3-f861-4309-9da0-89790a6a568f,"#N/A","#N/A",false,Web,"#N/A","#N/A",Medium,"#N/A",New,Subject_hrhjh,"#N/A","#N/A","#N/A","#N/A","#N/A"
2479e322-e6e9-465d-bc2a-e6708b53e004,"#N/A","#N/A",false,Web,"#N/A","#N/A",Medium,"#N/A",New,Subject_xdoos,"#N/A","#N/A","#N/A","#N/A","#N/A"
247b89a2-0c17-4465-a6e5-53b9ec85e7c2,"#N/A","#N/A",false,Web,"#N/A","#N/A",Medium,"#N/A",New,Subject_zdyqb,"#N/A","#N/A","#N/A","#N/A","#N/A"
247c6e5f-e74d-4d9f-951e-51ee9c3418c5,"#N/A","#N/A",false,Web,"#N/A","#N/A",Medium,"#N/A",New,Subject_clnxq,"#N/A","#N/A","#N/A","#N/A","#N/A"
247eb6cc-490a-44b4-9e17-391e66a635ca,"#N/A","#N/A",false,Web,"#N/A","#N/A",Medium,"#N/A",New,Subject_afkno,"#N/A","#N/A","#N/A","#N/A","#N/A"
24811109-b5b6-41d4-8119-d960b3b77919,"#N/A","#N/A",false,Web,"#N/A","#N/A",Medium,"#N/A",New,Subject_fyxst,"#N/A","#N/A","#N/A","#N/A","#N/A"
2481a8e0-6919-43a1-8aad-6ea5cdbdde8f,"#N/A","#N/A",false,Web,"#N/A","#N/A",Medium,"#N/A",New,Subject_xsiut,"#N/A","#N/A","#N/A","#N/A","#N/A"
24829142-65e7-479f-a8b1-1d46ad3e44ce,"#N/A","#N/A",false,Web,"#N/A","#N/A",Medium,"#N/A",New,Subject_iphha,"#N/A","#N/A","#N/A","#N/A","#N/A"
24871309-0e88-4d79-92ef-1eb4a518a2ac,"#N/A","#N/A",false,Web,"#N/A","#N/A",Medium,"#N/A",New,Subject_hadpr,"#N/A","#N/A","#N/A","#N/A","#N/A"
248a45fa-b8e5-49bc-95e3-1c0d4c1c924d,"#N/A","#N/A",false,Web,"#N/A","#N/A",Medium,"#N/A",New,Subject_nimcz,"#N/A","#N/A","#N/A","#N/A","#N/A"
248d5885-0cf4-4f41-80de-360e1fdbc52a,"#N/A","#N/A",false,Web,"#N/A","#N/A",Medium,"#N/A",New,Subject_dmilx,"#N/A","#N/A","#N/A","#N/A","#N/A"
248df103-1b94-4ad1-a93b-3f95d4e2f383,"#N/A","#N/A",false,Web,"#N/A","#N/A",Medium,"#N/A",New,Subject_wcmhc,"#N/A","#N/A","#N/A","#N/A","#N/A"
248ef6b0-32d2-43a9-999b-0ad50a59ec7b,"#N/A","#N/A",false,Web,"#N/A","#N/A",Medium,"#N/A",New,Subject_lvizk,"#N/A","#N/A","#N/A","#N/A","#N/A"
24924a1d-064a-448d-953a-77d64f228a66,"#N/A","#N/A",false,Web,"#N/A","#N/A",Medium,"#N/A",New,Subject_ynapu,"#N/A","#N/A","#N/A","#N/A","#N/A"
2493599f-b430-4943-a602-b1d66404ef01,"#N/A","#N/A",false,Web,"#N/A","#N/A",Medium,"#N/A",New,Subject_ytvto,"#N/A","#N/A","#N/A","#N/A","#N/A"
24948fb4-3b2b-41d9-bbd9-27ead04b5ba3,"#N/A","#N/A",false,Web,"#N/A","#N/A",Medium,"#N/A",New,Subject_xaqwm,"#N/A","#N/A","#N/A","#N/A","#N/A"
24974013-3ca0-4bca-bc23-95f70521cf94,"#N/A","#N/A",false,Web,"#N/A","#N/A",Medium,"#N/A",New,Subject_ubmso,"#N/A","#N/A","#N/A","#N/A","#N/A"
249851c2-5a36-42bd-9038-80fe4fc7a765,"#N/A","#N/A",false,Web,"#N/A","#N/A",Medium,"#N/A",New,Subject_wwahs,"#N/A","#N/A","#N/A","#N/A","#N/A"
249b6561-42b4-44d4-8c5c-c89d82bb2e4f,"#N/A","#N/A",false,Web,"#N/A","#N/A",Medium,"#N/A",New,Subject_vcbfr,"#N/A","#N/A","#N/A","#N/A","#N/A"
249c5967-1592-4a5c-a122-83f97f68afbb,"#N/A","#N/A",false,Web,"#N/A","#N/A",Medium,"#N/A",New,Subject_rqsrw,"#N/A","#N/A","#N/A","#N/A","#N/A"
249f4657-f6cd-44c8-82df-ea8c10cde304,"#N/A","#N/A",false,Web,"#N/A","#N/A",Medium,"#N/A",New,Subject_yuwwx,"#N/A","#N/A","#N/A","#N/A","#N/A"
24a23d97-9a35-4624-9c21-021036ceafca,"#N/A","#N/A",false,Web,"#N/A","#N/A",Medium,"#N/A",New,Subject_iwiup,"#N/A","#N/A","#N/A","#N/A","#N/A"
24a37612-6756-4720-8025-2582036a132c,"#N/A","#N/A",false,Web,"#N/A","#N/A",Medium,"#N/A",New,Subject_dwlxb,"#N/A","#N/A","#N/A","#N/A","#N/A"
24a46e1b-46b1-43a3-acc7-413d237b2060,"#N/A","#N/A",false,Web,"#N/A","#N/A",Medium,"#N/A",New,Subject_olrra,"#N/A","#N/A","#N/A","#N/A","#N/A"
24a6970e-b336-42e0-8149-43af55a81b2f,"#N/A","#N/A",false,Web,"#N/A","#N/A",Medium,"#N/A",New,Subject_nkuyp,"#N/A","#N/A","#N/A","#N/A","#N/A"
24ab4746-090b-4957-b421-3abc67df297a,"#N/A","#N/A",false,Web,"#N/A","#N/A",Medium,"#N/A",New,Subject_rxyzm,"#N/A","#N/A","#N/A","#N/A","#N/A"
24b21e2f-d889-4d5a-b7a0-63599544e9ee,"#N/A","#N/A",false,Web,"#N/A","#N/A",Medium,"#N/A",New,Subject_aybfi,"#N/A","#N/A","#N/A","#N/A","#N/A"
24bb3e1c-b65e-4607-9d8d-223adacccf8a,"#N/A","#N/A",false,Web,"#N/A","#N/A",Medium,"#N/A",New,Subject_tuxsq,"#N/A","#N/A","#N/A","#N/A","#N/A"
24bba77c-6c6e-47d7-a5dd-24067bba069a,"#N/A","#N/A",false,Web,"#N/A","#N/A",Medium,"#N/A",New,Subject_misps,"#N/A","#N/A","#N/A","#N/A","#N/A"
24c18501-d70b-40a9-bd72-b5e93362cda9,"#N/A","#N/A",false,Web,"#N/A","#N/A",Medium,"#N/A",New,Subject_lkmxn,"#N/A","#N/A","#N/A","#N/A","#N/A"
24c56aed-ffff-451a-8b43-2ab4419d4fea,"#N/A","#N/A",false,Web,"#N/A","#N/A",Medium,"#N/A",New,Subject_fvvcf,"#N/A","#N/A","#N/A","#N/A","#N/A"
24c724d8-c5e6-4998-9722-a2c929a411ba,"#N/A","#N/A",false,Web,"#N/A","#N/A",Medium,"#N/A",New,Subject_btipd,"#N/A","#N/A","#N/A","#N/A","#N/A"
24ca3872-4592-4c35-9967-8356301246f0,"#N/A","#N/A",false,Web,"#N/A","#N/A",Medium,"#N/A",New,Subject_sbypq,"#N/A","#N/A","#N/A","#N/A","#N/A"
24cafcd2-f1ea-4f95-827a-e0ac1b87607e,"#N/A","#N/A",false,Web,"#N/A","#N/A",Medium,"#N/A",New,Subject_rusjo,"#N/A","#N/A","#N/A","#N/A","#N/A"
24cd6a38-4d29-47de-96e6-3a8dd24c6bc2,"#N/A","#N/A",false,Web,"#N/A","#N/A",Medium,"#N/A",New,Subject_ocokf,"#N/A","#N/A","#N/A","#N/A","#N/A"
24cf15b7-ba3b-46eb-9e64-a1de72fc3307,"#N/A","#N/A",false,Web,"#N/A","#N/A",Medium,"#N/A",New,Subject_wsopl,"#N/A","#N/A","#N/A","#N/A","#N/A"
24d0b46f-ec1f-42c5-a450-f2852be44a7e,"#N/A","#N/A",false,Web,"#N/A","#N/A",Medium,"#N/A",New,Subject_wsary,"#N/A","#N/A","#N/A","#N/A","#N/A"
24d184a7-8e01-4592-a3e0-044b337c7bcb,"#N/A","#N/A",false,Web,"#N/A","#N/A",Medium,"#N/A",New,Subject_vykru,"#N/A","#N/A","#N/A","#N/A","#N/A"
24d33106-c038-4526-bca7-6be9ac130c48,"#N/A","#N/A",false,Web,"#N/A","#N/A",Medium,"#N/A",New,Subject_qovmu,"#N/A","#N/A","#N/A","#N/A","#N/A"
24d47346-a55b-4b12-adfd-254a72cdddcb,"#N/A","#N/A",false,Web,"#N/A","#N/A",Medium,"#N/A",New,Subject_elkkw,"#N/A","#N/A","#N/A","#N/A","#N/A"
24d4a103-bdef-4c03-83c3-c5871653fdd2,"#N/A","#N/A",false,Web,"#N/A","#N/A",Medium,"#N/A",New,Subject_wdetu,"#N/A","#N/A","#N/A","#N/A","#N/A"
24d65f70-c533-4589-8644-dd8d4fa2fc28,"#N/A","#N/A",false,Web,"#N/A","#N/A",Medium,"#N/A",New,Subject_kskps,"#N/A","#N/A","#N/A","#N/A","#N/A"
24d8a2ad-50c6-4676-b384-00f7cd3c6cbb,"#N/A","#N/A",false,Web,"#N/A","#N/A",Medium,"#N/A",New,Subject_hegaz,"#N/A","#N/A","#N/A","#N/A","#N/A"
24da9949-bea7-4d18-856d-1b1e99305561,"#N/A","#N/A",false,Web,"#N/A","#N/A",Medium,"#N/A",New,Subject_euyif,"#N/A","#N/A","#N/A","#N/A","#N/A"
24db1262-f36f-4a34-8bed-77409ece46b4,"#N/A","#N/A",false,Web,"#N/A","#N/A",Medium,"#N/A",New,Subject_zohyj,"#N/A","#N/A","#N/A","#N/A","#N/A"
24db52b6-781d-44a8-aacb-5b16f8d44557,"#N/A","#N/A",false,Web,"#N/A","#N/A",Medium,"#N/A",New,Subject_gmbge,"#N/A","#N/A","#N/A","#N/A","#N/A"
24dc4adf-5cf0-4b7a-84b7-2b020af18da5,"#N/A","#N/A",false,Web,"#N/A","#N/A",Medium,"#N/A",New,Subject_imaas,"#N/A","#N/A","#N/A","#N/A","#N/A"
24dc9ff1-2988-4e14-bae4-521f03f545d8,"#N/A","#N/A",false,Web,"#N/A","#N/A",Medium,"#N/A",New,Subject_hnvrx,"#N/A","#N/A","#N/A","#N/A","#N/A"
24de3f19-b2cc-4fa6-8f86-eeb5914a64c0,"#N/A","#N/A",false,Web,"#N/A","#N/A",Medium,"#N/A",New,Subject_qqtpf,"#N/A","#N/A","#N/A","#N/A","#N/A"
24e00d1e-fb98-493b-a130-917d3e657693,"#N/A","#N/A",false,Web,"#N/A","#N/A",Medium,"#N/A",New,Subject_eevql,"#N/A","#N/A","#N/A","#N/A","#N/A"
24e23e16-f5bf-4817-93e9-eed647d7ec1e,"#N/A","#N/A",false,Web,"#N/A","#N/A",Medium,"#N/A",New,Subject_pszau,"#N/A","#N/A","#N/A","#N/A","#N/A"
24e30869-da5f-4eb1-8ae3-fbab5bf2045d,"#N/A","#N/A",false,Web,"#N/A","#N/A",Medium,"#N/A",New,Subject_ebjqx,"#N/A","#N/A","#N/A","#N/A","#N/A"
24e3c645-a747-4f10-a945-9f85f9262fb6,"#N/A","#N/A",false,Web,"#N/A","#N/A",Medium,"#N/A",New,Subject_xjazm,"#N/A","#N/A","#N/A","#N/A","#N/A"
24eb527b-cefd-4648-b80b-7489c55d8388,"#N/A","#N/A",false,Web,"#N/A","#N/A",Medium,"#N/A",New,Subject_ijbwr,"#N/A","#N/A","#N/A","#N/A","#N/A"
24eb6773-a433-4c7a-8dfe-f56f17f9a98a,"#N/A","#N/A",false,Web,"#N/A","#N/A",Medium,"#N/A",New,Subject_nbcpv,"#N/A","#N/A","#N/A","#N/A","#N/A"
24ec85bf-5c84-4793-afc4-a769a170d49b,"#N/A","#N/A",false,Web,"#N/A","#N/A",Medium,"#N/A",New,Subject_arqkj,"#N/A","#N/A","#N/A","#N/A","#N/A"
24ee046f-94d1-4313-a8a5-0268959e4cf3,"#N/A","#N/A",false,Web,"#N/A","#N/A",Medium,"#N/A",New,Subject_bdwzv,"#N/A","#N/A","#N/A","#N/A","#N/A"
24f483f6-b882-410a-adec-1aff9d62bdb7,"#N/A","#N/A",false,Web,"#N/A","#N/A",Medium,"#N/A",New,Subject_enxnl,"#N/A","#N/A","#N/A","#N/A","#N/A"
24f68969-f864-46b9-a7c5-e9b137679a77,"#N/A","#N/A",false,Web,"#N/A","#N/A",Medium,"#N/A",New,Subject_hujcr,"#N/A","#N/A","#N/A","#N/A","#N/A"
24f6a981-f818-4b49-9cad-48cf2d487d0a,"#N/A","#N/A",false,Web,"#N/A","#N/A",Medium,"#N/A",New,Subject_mbwqs,"#N/A","#N/A","#N/A","#N/A","#N/A"
24fd297e-f455-4e12-b2c4-059bdb16f795,"#N/A","#N/A",false,Web,"#N/A","#N/A",Medium,"#N/A",New,Subject_jyben,"#N/A","#N/A","#N/A","#N/A","#N/A"
24fe4643-a6d8-46bc-acee-18c8168275d7,"#N/A","#N/A",false,Web,"#N/A","#N/A",Medium,"#N/A",New,Subject_ocvfe,"#N/A","#N/A","#N/A","#N/A","#N/A"
2501d5ad-6f68-47c8-9bf7-8121bbbdd3e4,"#N/A","#N/A",false,Web,"#N/A","#N/A",Medium,"#N/A",New,Subject_jaacs,"#N/A","#N/A","#N/A","#N/A","#N/A"
250623a1-5a1f-492f-8f25-2fccc2d3bd3a,"#N/A","#N/A",false,Web,"#N/A","#N/A",Medium,"#N/A",New,Subject_munxm,"#N/A","#N/A","#N/A","#N/A","#N/A"
2508b54d-9221-42f9-a938-37d5d1663a82,"#N/A","#N/A",false,Web,"#N/A","#N/A",Medium,"#N/A",New,Subject_zyclm,"#N/A","#N/A","#N/A","#N/A","#N/A"
2512118a-f82b-4e75-b0a6-e943f064073f,"#N/A","#N/A",false,Web,"#N/A","#N/A",Medium,"#N/A",New,Subject_ioebs,"#N/A","#N/A","#N/A","#N/A","#N/A"
2513539d-dad6-4d70-a1be-63ef2840412e,"#N/A","#N/A",false,Web,"#N/A","#N/A",Medium,"#N/A",New,Subject_fiiqp,"#N/A","#N/A","#N/A","#N/A","#N/A"
2514885f-3cbb-41f3-9a2b-f90399be7413,"#N/A","#N/A",false,Web,"#N/A","#N/A",Medium,"#N/A",New,Subject_scxep,"#N/A","#N/A","#N/A","#N/A","#N/A"
2514ea6d-151b-465d-a69b-573155b03c73,"#N/A","#N/A",false,Web,"#N/A","#N/A",Medium,"#N/A",New,Subject_fflmo,"#N/A","#N/A","#N/A","#N/A","#N/A"
25169bcc-7772-400f-840c-ac8ad0d5f1b0,"#N/A","#N/A",false,Web,"#N/A","#N/A",Medium,"#N/A",New,Subject_hdnpq,"#N/A","#N/A","#N/A","#N/A","#N/A"
251808eb-cadf-4d9a-a687-9a756ad230f3,"#N/A","#N/A",false,Web,"#N/A","#N/A",Medium,"#N/A",New,Subject_bskdp,"#N/A","#N/A","#N/A","#N/A","#N/A"
25196431-c3a3-4a17-9f96-9a14f0e6b402,"#N/A","#N/A",false,Web,"#N/A","#N/A",Medium,"#N/A",New,Subject_ybula,"#N/A","#N/A","#N/A","#N/A","#N/A"
2519c5f7-e4ea-4bae-98af-1eb8eb961c6f,"#N/A","#N/A",false,Web,"#N/A","#N/A",Medium,"#N/A",New,Subject_xdsmx,"#N/A","#N/A","#N/A","#N/A","#N/A"
2520456d-681f-4fc5-8028-b05b33fc9cc1,"#N/A","#N/A",false,Web,"#N/A","#N/A",Medium,"#N/A",New,Subject_wlnib,"#N/A","#N/A","#N/A","#N/A","#N/A"
25283be8-5525-4dd6-8c2c-f160f7a6d35b,"#N/A","#N/A",false,Web,"#N/A","#N/A",Medium,"#N/A",New,Subject_fiuho,"#N/A","#N/A","#N/A","#N/A","#N/A"
252d7fe7-240b-4544-ae29-ccdcdca934ac,"#N/A","#N/A",false,Web,"#N/A","#N/A",Medium,"#N/A",New,Subject_kguvr,"#N/A","#N/A","#N/A","#N/A","#N/A"
252debf2-bdda-4df6-8990-b17698add0b6,"#N/A","#N/A",false,Web,"#N/A","#N/A",Medium,"#N/A",New,Subject_wgoxo,"#N/A","#N/A","#N/A","#N/A","#N/A"
2532ac1d-82a5-4845-ae14-1dee5f97baab,"#N/A","#N/A",false,Web,"#N/A","#N/A",Medium,"#N/A",New,Subject_dnere,"#N/A","#N/A","#N/A","#N/A","#N/A"
25342263-4baa-4d32-b637-fd3681f839b5,"#N/A","#N/A",false,Web,"#N/A","#N/A",Medium,"#N/A",New,Subject_mfrkc,"#N/A","#N/A","#N/A","#N/A","#N/A"
2534fcb4-95b3-4967-a8df-66fbc3a07a23,"#N/A","#N/A",false,Web,"#N/A","#N/A",Medium,"#N/A",New,Subject_yghrr,"#N/A","#N/A","#N/A","#N/A","#N/A"
25371476-f7d4-4004-8675-0703bca048c3,"#N/A","#N/A",false,Web,"#N/A","#N/A",Medium,"#N/A",New,Subject_rbhxm,"#N/A","#N/A","#N/A","#N/A","#N/A"
253869e9-e4b8-4fca-806e-a3424255195c,"#N/A","#N/A",false,Web,"#N/A","#N/A",Medium,"#N/A",New,Subject_xzfsx,"#N/A","#N/A","#N/A","#N/A","#N/A"
25392106-5df1-4436-9707-041adcc39679,"#N/A","#N/A",false,Web,"#N/A","#N/A",Medium,"#N/A",New,Subject_pfrpi,"#N/A","#N/A","#N/A","#N/A","#N/A"
253ac738-b0fb-49c0-9ce4-f04cd55c6c0d,"#N/A","#N/A",false,Web,"#N/A","#N/A",Medium,"#N/A",New,Subject_tyisj,"#N/A","#N/A","#N/A","#N/A","#N/A"
253b1c5e-4a09-4423-8023-5e6a33dc736a,"#N/A","#N/A",false,Web,"#N/A","#N/A",Medium,"#N/A",New,Subject_zwehk,"#N/A","#N/A","#N/A","#N/A","#N/A"
253ed38e-ce4b-42ad-994f-095379f7e900,"#N/A","#N/A",false,Web,"#N/A","#N/A",Medium,"#N/A",New,Subject_xrccb,"#N/A","#N/A","#N/A","#N/A","#N/A"
253ffb6b-780f-43b7-a323-fdef2a7b8e38,"#N/A","#N/A",false,Web,"#N/A","#N/A",Medium,"#N/A",New,Subject_ptysn,"#N/A","#N/A","#N/A","#N/A","#N/A"
25416187-3bcf-464b-8ab0-3dcb8d5f73e0,"#N/A","#N/A",false,Web,"#N/A","#N/A",Medium,"#N/A",New,Subject_bzpmd,"#N/A","#N/A","#N/A","#N/A","#N/A"
25427da0-7860-4e49-a2b7-f5f3fa1f1b08,"#N/A","#N/A",false,Web,"#N/A","#N/A",Medium,"#N/A",New,Subject_wsvie,"#N/A","#N/A","#N/A","#N/A","#N/A"
2545423b-fd69-41ee-8c95-c084e61bc97c,"#N/A","#N/A",false,Web,"#N/A","#N/A",Medium,"#N/A",New,Subject_xtlla,"#N/A","#N/A","#N/A","#N/A","#N/A"
25460e14-95ee-4411-b7de-dac3fd80a18f,"#N/A","#N/A",false,Web,"#N/A","#N/A",Medium,"#N/A",New,Subject_wgnpv,"#N/A","#N/A","#N/A","#N/A","#N/A"
25490dd0-a5f8-433c-b165-c543e644c0be,"#N/A","#N/A",false,Web,"#N/A","#N/A",Medium,"#N/A",New,Subject_ehbrw,"#N/A","#N/A","#N/A","#N/A","#N/A"
25513fe9-5f4b-4682-8501-954432db50fb,"#N/A","#N/A",false,Web,"#N/A","#N/A",Medium,"#N/A",New,Subject_olibp,"#N/A","#N/A","#N/A","#N/A","#N/A"
255a3078-6465-42ee-a051-399c66310106,"#N/A","#N/A",false,Web,"#N/A","#N/A",Medium,"#N/A",New,Subject_qhnvv,"#N/A","#N/A","#N/A","#N/A","#N/A"
25634696-2e2e-4e63-b53c-ed12333deaeb,"#N/A","#N/A",false,Web,"#N/A","#N/A",Medium,"#N/A",New,Subject_newki,"#N/A","#N/A","#N/A","#N/A","#N/A"
256430cf-3157-4b05-a05f-717383371d3e,"#N/A","#N/A",false,Web,"#N/A","#N/A",Medium,"#N/A",New,Subject_zqdfq,"#N/A","#N/A","#N/A","#N/A","#N/A"
2578df24-432f-4729-80d0-b746e6b3bd17,"#N/A","#N/A",false,Web,"#N/A","#N/A",Medium,"#N/A",New,Subject_gvzds,"#N/A","#N/A","#N/A","#N/A","#N/A"
257b61fc-4db3-430b-a459-6ca1b8065e5a,"#N/A","#N/A",false,Web,"#N/A","#N/A",Medium,"#N/A",New,Subject_dzmpp,"#N/A","#N/A","#N/A","#N/A","#N/A"
2580c710-ef17-4c84-81b7-171d5fce84fc,"#N/A","#N/A",false,Web,"#N/A","#N/A",Medium,"#N/A",New,Subject_ewtgb,"#N/A","#N/A","#N/A","#N/A","#N/A"
25850ea4-9203-4458-bf53-2315e6834cb6,"#N/A","#N/A",false,Web,"#N/A","#N/A",Medium,"#N/A",New,Subject_ygduf,"#N/A","#N/A","#N/A","#N/A","#N/A"
25871ebe-22bd-4898-959d-3779cfc3b1e9,"#N/A","#N/A",false,Web,"#N/A","#N/A",Medium,"#N/A",New,Subject_xrugp,"#N/A","#N/A","#N/A","#N/A","#N/A"
258ae2ea-1f2d-402e-ad86-b8fad424209b,"#N/A","#N/A",false,Web,"#N/A","#N/A",Medium,"#N/A",New,Subject_xdkkp,"#N/A","#N/A","#N/A","#N/A","#N/A"
258dbe4b-f1d3-4f20-b4e9-36cea09708fa,"#N/A","#N/A",false,Web,"#N/A","#N/A",Medium,"#N/A",New,Subject_hkmtf,"#N/A","#N/A","#N/A","#N/A","#N/A"
258ec86d-210c-4772-aaa4-44ff490dc17b,"#N/A","#N/A",false,Web,"#N/A","#N/A",Medium,"#N/A",New,Subject_znhfa,"#N/A","#N/A","#N/A","#N/A","#N/A"
258f8de9-e056-4ca4-994f-1c4b4d668b69,"#N/A","#N/A",false,Web,"#N/A","#N/A",Medium,"#N/A",New,Subject_ddbua,"#N/A","#N/A","#N/A","#N/A","#N/A"
2590337b-5304-415e-9fd6-9261081aa3a5,"#N/A","#N/A",false,Web,"#N/A","#N/A",Medium,"#N/A",New,Subject_pgjkh,"#N/A","#N/A","#N/A","#N/A","#N/A"
25975fe1-1d2a-45d0-9e92-ae57bb67d381,"#N/A","#N/A",false,Web,"#N/A","#N/A",Medium,"#N/A",New,Subject_xvylc,"#N/A","#N/A","#N/A","#N/A","#N/A"
259af8b5-c727-4123-b14b-43856505c2aa,"#N/A","#N/A",false,Web,"#N/A","#N/A",Medium,"#N/A",New,Subject_msjqb,"#N/A","#N/A","#N/A","#N/A","#N/A"
259d94b6-cc0d-4888-b7a3-16c8b0f31b94,"#N/A","#N/A",false,Web,"#N/A","#N/A",Medium,"#N/A",New,Subject_gwvmx,"#N/A","#N/A","#N/A","#N/A","#N/A"
25a261a1-cadd-410f-8608-694dc4d221e9,"#N/A","#N/A",false,Web,"#N/A","#N/A",Medium,"#N/A",New,Subject_fbvuf,"#N/A","#N/A","#N/A","#N/A","#N/A"
25a3c39a-b03c-4079-a028-a4d8b902123d,"#N/A","#N/A",false,Web,"#N/A","#N/A",Medium,"#N/A",New,Subject_bomqe,"#N/A","#N/A","#N/A","#N/A","#N/A"
25a43d01-a147-4dd5-99b9-99cca4c510ef,"#N/A","#N/A",false,Web,"#N/A","#N/A",Medium,"#N/A",New,Subject_grrxn,"#N/A","#N/A","#N/A","#N/A","#N/A"
25a6ac58-b724-40a2-9416-6d389ba20652,"#N/A","#N/A",false,Web,"#N/A","#N/A",Medium,"#N/A",New,Subject_kbljz,"#N/A","#N/A","#N/A","#N/A","#N/A"
25a8670d-9cc0-4acc-9fa6-188262e09dd0,"#N/A","#N/A",false,Web,"#N/A","#N/A",Medium,"#N/A",New,Subject_mxome,"#N/A","#N/A","#N/A","#N/A","#N/A"
25a9a4d2-a3e3-4441-9287-e69e52f3d1b8,"#N/A","#N/A",false,Web,"#N/A","#N/A",Medium,"#N/A",New,Subject_maxwm,"#N/A","#N/A","#N/A","#N/A","#N/A"
25ab2ff0-9f57-4844-a612-fae3af5e3e70,"#N/A","#N/A",false,Web,"#N/A","#N/A",Medium,"#N/A",New,Subject_sgbpd,"#N/A","#N/A","#N/A","#N/A","#N/A"
25ae7ca8-0c21-40f8-a717-c1cf5d925521,"#N/A","#N/A",false,Web,"#N/A","#N/A",Medium,"#N/A",New,Subject_ujarc,"#N/A","#N/A","#N/A","#N/A","#N/A"
25af5dc2-d4c8-4592-be82-bf718425b1d7,"#N/A","#N/A",false,Web,"#N/A","#N/A",Medium,"#N/A",New,Subject_ufxym,"#N/A","#N/A","#N/A","#N/A","#N/A"
25b66ef3-e1f9-4738-aa4e-fa167af96b97,"#N/A","#N/A",false,Web,"#N/A","#N/A",Medium,"#N/A",New,Subject_bgqva,"#N/A","#N/A","#N/A","#N/A","#N/A"
25b6c321-bc14-44b1-b91f-0ab3675a48e1,"#N/A","#N/A",false,Web,"#N/A","#N/A",Medium,"#N/A",New,Subject_xtpfu,"#N/A","#N/A","#N/A","#N/A","#N/A"
25b91c63-1185-4148-be11-018200353de5,"#N/A","#N/A",false,Web,"#N/A","#N/A",Medium,"#N/A",New,Subject_kgran,"#N/A","#N/A","#N/A","#N/A","#N/A"
25ba12cb-49dc-4103-a142-3d95aab2f901,"#N/A","#N/A",false,Web,"#N/A","#N/A",Medium,"#N/A",New,Subject_eygvp,"#N/A","#N/A","#N/A","#N/A","#N/A"
25bc59a3-f0f0-4425-b8bb-751526e4274a,"#N/A","#N/A",false,Web,"#N/A","#N/A",Medium,"#N/A",New,Subject_suphi,"#N/A","#N/A","#N/A","#N/A","#N/A"
25c08f6d-dbb7-4517-9b9a-ce8da57d864f,"#N/A","#N/A",false,Web,"#N/A","#N/A",Medium,"#N/A",New,Subject_jqmdh,"#N/A","#N/A","#N/A","#N/A","#N/A"
25c10918-f1ea-4294-a34b-1322fedcdf4a,"#N/A","#N/A",false,Web,"#N/A","#N/A",Medium,"#N/A",New,Subject_lzscn,"#N/A","#N/A","#N/A","#N/A","#N/A"
25c28072-83e6-4cc0-b800-bad0d5404972,"#N/A","#N/A",false,Web,"#N/A","#N/A",Medium,"#N/A",New,Subject_grrey,"#N/A","#N/A","#N/A","#N/A","#N/A"
25c6fa48-a9c5-472b-bc7b-646bf768ed3c,"#N/A","#N/A",false,Web,"#N/A","#N/A",Medium,"#N/A",New,Subject_lxxeg,"#N/A","#N/A","#N/A","#N/A","#N/A"
25cb75f5-fed5-4cc3-ae9c-c3862d55225f,"#N/A","#N/A",false,Web,"#N/A","#N/A",Medium,"#N/A",New,Subject_ehshy,"#N/A","#N/A","#N/A","#N/A","#N/A"
25cd2718-dd9f-4f7c-adb8-8db7dbe12d29,"#N/A","#N/A",false,Web,"#N/A","#N/A",Medium,"#N/A",New,Subject_eodpn,"#N/A","#N/A","#N/A","#N/A","#N/A"
25cd7e7d-5a7b-4859-ba1d-5a2ae27cb67a,"#N/A","#N/A",false,Web,"#N/A","#N/A",Medium,"#N/A",New,Subject_vxfuy,"#N/A","#N/A","#N/A","#N/A","#N/A"
25d08c13-3061-4196-988e-256d0b41c7eb,"#N/A","#N/A",false,Web,"#N/A","#N/A",Medium,"#N/A",New,Subject_tgoal,"#N/A","#N/A","#N/A","#N/A","#N/A"
25d1fe07-fda1-40ac-9077-e187427927bb,"#N/A","#N/A",false,Web,"#N/A","#N/A",Medium,"#N/A",New,Subject_vjjxe,"#N/A","#N/A","#N/A","#N/A","#N/A"
25d36348-8786-4c54-ba0e-0aff0e4b0f9d,"#N/A","#N/A",false,Web,"#N/A","#N/A",Medium,"#N/A",New,Subject_bszli,"#N/A","#N/A","#N/A","#N/A","#N/A"
25d5d4f7-8ab8-4f94-810d-9a0ad08ff54b,"#N/A","#N/A",false,Web,"#N/A","#N/A",Medium,"#N/A",New,Subject_tzbvp,"#N/A","#N/A","#N/A","#N/A","#N/A"
25d5d9c5-b55e-4f7e-9f7c-12dfebe05f70,"#N/A","#N/A",false,Web,"#N/A","#N/A",Medium,"#N/A",New,Subject_hdymv,"#N/A","#N/A","#N/A","#N/A","#N/A"
25d5dac8-8fc6-4b80-b366-784ab4d8c4da,"#N/A","#N/A",false,Web,"#N/A","#N/A",Medium,"#N/A",New,Subject_bcwfn,"#N/A","#N/A","#N/A","#N/A","#N/A"
25d689cc-da5d-4b0e-8e5e-e245fcc51b73,"#N/A","#N/A",false,Web,"#N/A","#N/A",Medium,"#N/A",New,Subject_ydrbs,"#N/A","#N/A","#N/A","#N/A","#N/A"
25dfffa8-13b8-4d16-999d-3b5162531ac4,"#N/A","#N/A",false,Web,"#N/A","#N/A",Medium,"#N/A",New,Subject_zwgyo,"#N/A","#N/A","#N/A","#N/A","#N/A"
25e3128c-743e-462e-a6bf-21fc2494143a,"#N/A","#N/A",false,Web,"#N/A","#N/A",Medium,"#N/A",New,Subject_tjdal,"#N/A","#N/A","#N/A","#N/A","#N/A"
25e59243-ee90-46e3-9ddf-94027606b3c1,"#N/A","#N/A",false,Web,"#N/A","#N/A",Medium,"#N/A",New,Subject_zvgko,"#N/A","#N/A","#N/A","#N/A","#N/A"
25ec47bf-070a-4993-9ba6-a98590419155,"#N/A","#N/A",false,Web,"#N/A","#N/A",Medium,"#N/A",New,Subject_evblz,"#N/A","#N/A","#N/A","#N/A","#N/A"
25eeb810-d24a-46d9-aaa2-c2f9f53171a2,"#N/A","#N/A",false,Web,"#N/A","#N/A",Medium,"#N/A",New,Subject_jhprm,"#N/A","#N/A","#N/A","#N/A","#N/A"
25ef3d0f-e532-4e1e-9f0c-9f3066b88cd5,"#N/A","#N/A",false,Web,"#N/A","#N/A",Medium,"#N/A",New,Subject_xogix,"#N/A","#N/A","#N/A","#N/A","#N/A"
25ef3d81-73ba-4875-9b6d-bbe4812043f1,"#N/A","#N/A",false,Web,"#N/A","#N/A",Medium,"#N/A",New,Subject_jarij,"#N/A","#N/A","#N/A","#N/A","#N/A"
25f22fc1-119f-49f9-9a78-641da447a96a,"#N/A","#N/A",false,Web,"#N/A","#N/A",Medium,"#N/A",New,Subject_mzgue,"#N/A","#N/A","#N/A","#N/A","#N/A"
25fba3fd-b278-408d-85c7-cf1262b3a3b3,"#N/A","#N/A",false,Web,"#N/A","#N/A",Medium,"#N/A",New,Subject_cchkb,"#N/A","#N/A","#N/A","#N/A","#N/A"
26001067-07df-4fab-ae75-acd89b276af8,"#N/A","#N/A",false,Web,"#N/A","#N/A",Medium,"#N/A",New,Subject_wwfld,"#N/A","#N/A","#N/A","#N/A","#N/A"
2601764a-8528-4b94-9a14-3b8592e450e5,"#N/A","#N/A",false,Web,"#N/A","#N/A",Medium,"#N/A",New,Subject_zzatt,"#N/A","#N/A","#N/A","#N/A","#N/A"
2605812d-8d39-4c9e-baaf-4ac0e0f4b861,"#N/A","#N/A",false,Web,"#N/A","#N/A",Medium,"#N/A",New,Subject_lovcr,"#N/A","#N/A","#N/A","#N/A","#N/A"
26079472-56e0-4603-b36e-1d87253a6e52,"#N/A","#N/A",false,Web,"#N/A","#N/A",Medium,"#N/A",New,Subject_xxnlj,"#N/A","#N/A","#N/A","#N/A","#N/A"
2607bc70-d630-4f40-8621-6243f0ff1e30,"#N/A","#N/A",false,Web,"#N/A","#N/A",Medium,"#N/A",New,Subject_zgvjo,"#N/A","#N/A","#N/A","#N/A","#N/A"
260c97b9-fea6-4eb2-a9ba-ecb5267925a9,"#N/A","#N/A",false,Web,"#N/A","#N/A",Medium,"#N/A",New,Subject_yrrdl,"#N/A","#N/A","#N/A","#N/A","#N/A"
2615fc73-9f11-4f0d-9097-11289df70829,"#N/A","#N/A",false,Web,"#N/A","#N/A",Medium,"#N/A",New,Subject_utwud,"#N/A","#N/A","#N/A","#N/A","#N/A"
261e69dc-3209-470f-a5d4-a5a5a935d009,"#N/A","#N/A",false,Web,"#N/A","#N/A",Medium,"#N/A",New,Subject_myuht,"#N/A","#N/A","#N/A","#N/A","#N/A"
261f5a59-f50f-4770-ad5a-e28226221e9f,"#N/A","#N/A",false,Web,"#N/A","#N/A",Medium,"#N/A",New,Subject_tyxyo,"#N/A","#N/A","#N/A","#N/A","#N/A"
262149c6-e93a-45bd-a2fa-714d4f4bcde6,"#N/A","#N/A",false,Web,"#N/A","#N/A",Medium,"#N/A",New,Subject_uxmvu,"#N/A","#N/A","#N/A","#N/A","#N/A"
2624437b-8339-4dc8-83be-073ecc993f38,"#N/A","#N/A",false,Web,"#N/A","#N/A",Medium,"#N/A",New,Subject_lgyuc,"#N/A","#N/A","#N/A","#N/A","#N/A"
26268c50-acb1-4980-b13d-8a0ddc69771a,"#N/A","#N/A",false,Web,"#N/A","#N/A",Medium,"#N/A",New,Subject_tpasl,"#N/A","#N/A","#N/A","#N/A","#N/A"
2628f294-ca6f-458d-8272-ec091cfcd439,"#N/A","#N/A",false,Web,"#N/A","#N/A",Medium,"#N/A",New,Subject_hcxmo,"#N/A","#N/A","#N/A","#N/A","#N/A"
262aa562-73ed-4479-b393-fe878bb552ef,"#N/A","#N/A",false,Web,"#N/A","#N/A",Medium,"#N/A",New,Subject_gzitw,"#N/A","#N/A","#N/A","#N/A","#N/A"
262eed85-39c2-4f87-b3cc-4409cfd8ce62,"#N/A","#N/A",false,Web,"#N/A","#N/A",Medium,"#N/A",New,Subject_emahz,"#N/A","#N/A","#N/A","#N/A","#N/A"
262f2551-4850-45d0-85d2-3fcabf9ddf2c,"#N/A","#N/A",false,Web,"#N/A","#N/A",Medium,"#N/A",New,Subject_ehlxp,"#N/A","#N/A","#N/A","#N/A","#N/A"
2631da73-b271-46eb-a902-d6edb4248415,"#N/A","#N/A",false,Web,"#N/A","#N/A",Medium,"#N/A",New,Subject_ytjdn,"#N/A","#N/A","#N/A","#N/A","#N/A"
2632f069-3c6d-478c-8920-67b44726b358,"#N/A","#N/A",false,Web,"#N/A","#N/A",Medium,"#N/A",New,Subject_obzyn,"#N/A","#N/A","#N/A","#N/A","#N/A"
26360a14-dd86-46c2-971b-614656fe1ff1,"#N/A","#N/A",false,Web,"#N/A","#N/A",Medium,"#N/A",New,Subject_vljcp,"#N/A","#N/A","#N/A","#N/A","#N/A"
263655a6-6657-4dd8-95f6-c9ff909f3400,"#N/A","#N/A",false,Web,"#N/A","#N/A",Medium,"#N/A",New,Subject_mszoz,"#N/A","#N/A","#N/A","#N/A","#N/A"
2636ec8c-0d8e-4b67-ba50-cda63f984866,"#N/A","#N/A",false,Web,"#N/A","#N/A",Medium,"#N/A",New,Subject_neeif,"#N/A","#N/A","#N/A","#N/A","#N/A"
263b67b5-b768-497f-84d1-77716e981b1e,"#N/A","#N/A",false,Web,"#N/A","#N/A",Medium,"#N/A",New,Subject_ptioq,"#N/A","#N/A","#N/A","#N/A","#N/A"
263e46bf-de5d-4334-a142-f352888d3521,"#N/A","#N/A",false,Web,"#N/A","#N/A",Medium,"#N/A",New,Subject_udkcn,"#N/A","#N/A","#N/A","#N/A","#N/A"
2642c1f3-6434-4984-a3c0-9008313781ae,"#N/A","#N/A",false,Web,"#N/A","#N/A",Medium,"#N/A",New,Subject_lnwnb,"#N/A","#N/A","#N/A","#N/A","#N/A"
26437b10-033b-4a52-b2f1-75673b88a88c,"#N/A","#N/A",false,Web,"#N/A","#N/A",Medium,"#N/A",New,Subject_cvmgr,"#N/A","#N/A","#N/A","#N/A","#N/A"
2643865e-9954-4f0a-83af-6260ff31ac85,"#N/A","#N/A",false,Web,"#N/A","#N/A",Medium,"#N/A",New,Subject_iymyp,"#N/A","#N/A","#N/A","#N/A","#N/A"
26489c65-6a5f-4838-a34f-0313e17295ed,"#N/A","#N/A",false,Web,"#N/A","#N/A",Medium,"#N/A",New,Subject_jepcw,"#N/A","#N/A","#N/A","#N/A","#N/A"
264ac8e7-ee9c-4d58-803d-48316cd5829e,"#N/A","#N/A",false,Web,"#N/A","#N/A",Medium,"#N/A",New,Subject_umbiu,"#N/A","#N/A","#N/A","#N/A","#N/A"
264b7222-a3e2-4b2d-b0d4-49f3ad6b8a9d,"#N/A","#N/A",false,Web,"#N/A","#N/A",Medium,"#N/A",New,Subject_icphu,"#N/A","#N/A","#N/A","#N/A","#N/A"
264d2941-6616-4023-8ffd-c3c7a4d0baaa,"#N/A","#N/A",false,Web,"#N/A","#N/A",Medium,"#N/A",New,Subject_prkwv,"#N/A","#N/A","#N/A","#N/A","#N/A"
26500d58-bbb2-42f5-86d5-bf875ad8107b,"#N/A","#N/A",false,Web,"#N/A","#N/A",Medium,"#N/A",New,Subject_jkhfa,"#N/A","#N/A","#N/A","#N/A","#N/A"
26514e56-e91a-4a0b-948e-c6875bf8c5e8,"#N/A","#N/A",false,Web,"#N/A","#N/A",Medium,"#N/A",New,Subject_twwre,"#N/A","#N/A","#N/A","#N/A","#N/A"
2652ec38-6425-4a48-b7ff-12d699bf2685,"#N/A","#N/A",false,Web,"#N/A","#N/A",Medium,"#N/A",New,Subject_bbkny,"#N/A","#N/A","#N/A","#N/A","#N/A"
26543bcd-eb84-4ed8-998a-4b19f8ff2804,"#N/A","#N/A",false,Web,"#N/A","#N/A",Medium,"#N/A",New,Subject_iogov,"#N/A","#N/A","#N/A","#N/A","#N/A"
26553a35-2879-4b0f-b41a-307d4b662898,"#N/A","#N/A",false,Web,"#N/A","#N/A",Medium,"#N/A",New,Subject_ehugy,"#N/A","#N/A","#N/A","#N/A","#N/A"
2655eca5-a5f0-4b7d-ac39-961873f3def7,"#N/A","#N/A",false,Web,"#N/A","#N/A",Medium,"#N/A",New,Subject_vrsln,"#N/A","#N/A","#N/A","#N/A","#N/A"
2656f37a-b895-4728-b3ab-c1bb4cc8df25,"#N/A","#N/A",false,Web,"#N/A","#N/A",Medium,"#N/A",New,Subject_juzyb,"#N/A","#N/A","#N/A","#N/A","#N/A"
265b0fd9-1f7b-4b8b-be48-ae50b38dc752,"#N/A","#N/A",false,Web,"#N/A","#N/A",Medium,"#N/A",New,Subject_keied,"#N/A","#N/A","#N/A","#N/A","#N/A"
26617f8f-20d2-44ad-8386-b51e616cfd82,"#N/A","#N/A",false,Web,"#N/A","#N/A",Medium,"#N/A",New,Subject_icxpu,"#N/A","#N/A","#N/A","#N/A","#N/A"
2665f430-79ac-425f-8f16-71a1a84d6c8f,"#N/A","#N/A",false,Web,"#N/A","#N/A",Medium,"#N/A",New,Subject_tazpx,"#N/A","#N/A","#N/A","#N/A","#N/A"
2669ea7e-f30a-40e3-ae5a-a69dbc0d5184,"#N/A","#N/A",false,Web,"#N/A","#N/A",Medium,"#N/A",New,Subject_hneqq,"#N/A","#N/A","#N/A","#N/A","#N/A"
266df298-32d4-4912-8db8-abb49ed06a81,"#N/A","#N/A",false,Web,"#N/A","#N/A",Medium,"#N/A",New,Subject_nkdyn,"#N/A","#N/A","#N/A","#N/A","#N/A"
266e403a-59a3-48a4-ba25-97d08c1233bf,"#N/A","#N/A",false,Web,"#N/A","#N/A",Medium,"#N/A",New,Subject_bglgc,"#N/A","#N/A","#N/A","#N/A","#N/A"
266fb419-2ec8-436c-8309-33b9b13ad09e,"#N/A","#N/A",false,Web,"#N/A","#N/A",Medium,"#N/A",New,Subject_vynfj,"#N/A","#N/A","#N/A","#N/A","#N/A"
2671abe8-08b9-49a5-b749-3f6b76dec6ed,"#N/A","#N/A",false,Web,"#N/A","#N/A",Medium,"#N/A",New,Subject_lrrec,"#N/A","#N/A","#N/A","#N/A","#N/A"
26726d95-484f-4ec4-a5b2-31171f5ba31c,"#N/A","#N/A",false,Web,"#N/A","#N/A",Medium,"#N/A",New,Subject_tuqcq,"#N/A","#N/A","#N/A","#N/A","#N/A"
2676f908-f25e-4524-89ab-6985c8d0d288,"#N/A","#N/A",false,Web,"#N/A","#N/A",Medium,"#N/A",New,Subject_unluq,"#N/A","#N/A","#N/A","#N/A","#N/A"
26787495-077e-4dc6-8a48-787015418bb8,"#N/A","#N/A",false,Web,"#N/A","#N/A",Medium,"#N/A",New,Subject_veyov,"#N/A","#N/A","#N/A","#N/A","#N/A"
267b5d7b-52f9-4e9a-aeb6-f2a1b23288a0,"#N/A","#N/A",false,Web,"#N/A","#N/A",Medium,"#N/A",New,Subject_kawjr,"#N/A","#N/A","#N/A","#N/A","#N/A"
267b9187-46c9-4382-beb2-2b0c11457926,"#N/A","#N/A",false,Web,"#N/A","#N/A",Medium,"#N/A",New,Subject_sqons,"#N/A","#N/A","#N/A","#N/A","#N/A"
267cb83d-f5a2-4221-991a-8265dcc038a6,"#N/A","#N/A",false,Web,"#N/A","#N/A",Medium,"#N/A",New,Subject_lfjsp,"#N/A","#N/A","#N/A","#N/A","#N/A"
2682f932-36dc-4701-813e-e418d2e6c4ac,"#N/A","#N/A",false,Web,"#N/A","#N/A",Medium,"#N/A",New,Subject_lrgah,"#N/A","#N/A","#N/A","#N/A","#N/A"
26836b14-c43d-4051-951e-50e44941f6c1,"#N/A","#N/A",false,Web,"#N/A","#N/A",Medium,"#N/A",New,Subject_nniuk,"#N/A","#N/A","#N/A","#N/A","#N/A"
2683efb0-dd52-4a68-a39c-5bacc8fb7120,"#N/A","#N/A",false,Web,"#N/A","#N/A",Medium,"#N/A",New,Subject_aojkv,"#N/A","#N/A","#N/A","#N/A","#N/A"
268803a4-14fe-46fd-9510-12cfc88764c2,"#N/A","#N/A",false,Web,"#N/A","#N/A",Medium,"#N/A",New,Subject_gshhz,"#N/A","#N/A","#N/A","#N/A","#N/A"
269177c7-6e7d-4fbd-b3c5-525ed7f8f823,"#N/A","#N/A",false,Web,"#N/A","#N/A",Medium,"#N/A",New,Subject_bxdan,"#N/A","#N/A","#N/A","#N/A","#N/A"
269192e1-2557-427a-a7b7-ad414eb0377f,"#N/A","#N/A",false,Web,"#N/A","#N/A",Medium,"#N/A",New,Subject_dxuhq,"#N/A","#N/A","#N/A","#N/A","#N/A"
2691fbfe-0efb-4a09-859e-92b99c1ab175,"#N/A","#N/A",false,Web,"#N/A","#N/A",Medium,"#N/A",New,Subject_oowuc,"#N/A","#N/A","#N/A","#N/A","#N/A"
26940c7b-ffbf-4419-90dc-6d6fb1f39066,"#N/A","#N/A",false,Web,"#N/A","#N/A",Medium,"#N/A",New,Subject_luopk,"#N/A","#N/A","#N/A","#N/A","#N/A"
26965530-4b5f-4879-9fad-060e5154e57e,"#N/A","#N/A",false,Web,"#N/A","#N/A",Medium,"#N/A",New,Subject_cuzpo,"#N/A","#N/A","#N/A","#N/A","#N/A"
2697514d-8a84-456d-96a7-55f1ae63144a,"#N/A","#N/A",false,Web,"#N/A","#N/A",Medium,"#N/A",New,Subject_urkfm,"#N/A","#N/A","#N/A","#N/A","#N/A"
26a3ce15-cb7f-4a29-8c27-5ae51b91a0d5,"#N/A","#N/A",false,Web,"#N/A","#N/A",Medium,"#N/A",New,Subject_tcxtn,"#N/A","#N/A","#N/A","#N/A","#N/A"
26a729ad-b002-40b4-a0fb-3aba0fbcc1eb,"#N/A","#N/A",false,Web,"#N/A","#N/A",Medium,"#N/A",New,Subject_ksncj,"#N/A","#N/A","#N/A","#N/A","#N/A"
26a79c25-e9c5-46d2-8907-b077716142c4,"#N/A","#N/A",false,Web,"#N/A","#N/A",Medium,"#N/A",New,Subject_ksdpi,"#N/A","#N/A","#N/A","#N/A","#N/A"
26abbd9e-7436-4cf3-a1af-6a8ffbfea073,"#N/A","#N/A",false,Web,"#N/A","#N/A",Medium,"#N/A",New,Subject_oetcw,"#N/A","#N/A","#N/A","#N/A","#N/A"
26ad1749-0454-4b65-b275-b0084f5fc1db,"#N/A","#N/A",false,Web,"#N/A","#N/A",Medium,"#N/A",New,Subject_mmbnm,"#N/A","#N/A","#N/A","#N/A","#N/A"
26ad58a7-f01e-4b78-92b4-b6ce361e0000,"#N/A","#N/A",false,Web,"#N/A","#N/A",Medium,"#N/A",New,Subject_xutbs,"#N/A","#N/A","#N/A","#N/A","#N/A"
26b07aae-1c7d-43c6-b480-d6458842cc85,"#N/A","#N/A",false,Web,"#N/A","#N/A",Medium,"#N/A",New,Subject_gmvlf,"#N/A","#N/A","#N/A","#N/A","#N/A"
26b10381-2f6c-4d00-8e82-a9629354db21,"#N/A","#N/A",false,Web,"#N/A","#N/A",Medium,"#N/A",New,Subject_eyefb,"#N/A","#N/A","#N/A","#N/A","#N/A"
26b237be-f01d-4197-b4eb-dfc56214e2c8,"#N/A","#N/A",false,Web,"#N/A","#N/A",Medium,"#N/A",New,Subject_lnhiq,"#N/A","#N/A","#N/A","#N/A","#N/A"
26b33f13-171e-4659-b789-1938283f1064,"#N/A","#N/A",false,Web,"#N/A","#N/A",Medium,"#N/A",New,Subject_ervdo,"#N/A","#N/A","#N/A","#N/A","#N/A"
26b7df75-24b8-4fe3-b19c-ad62143a6b92,"#N/A","#N/A",false,Web,"#N/A","#N/A",Medium,"#N/A",New,Subject_kktgh,"#N/A","#N/A","#N/A","#N/A","#N/A"
26be960a-76d8-40b8-97e4-d416a2cbc088,"#N/A","#N/A",false,Web,"#N/A","#N/A",Medium,"#N/A",New,Subject_xbgnx,"#N/A","#N/A","#N/A","#N/A","#N/A"
26bf47d9-dc3b-45f7-b1ec-2149cd01bc9a,"#N/A","#N/A",false,Web,"#N/A","#N/A",Medium,"#N/A",New,Subject_umera,"#N/A","#N/A","#N/A","#N/A","#N/A"
26c14634-83bf-4474-b522-90247d6de49f,"#N/A","#N/A",false,Web,"#N/A","#N/A",Medium,"#N/A",New,Subject_zezta,"#N/A","#N/A","#N/A","#N/A","#N/A"
26c36936-3dc6-4f8b-aa17-22a48233ace9,"#N/A","#N/A",false,Web,"#N/A","#N/A",Medium,"#N/A",New,Subject_wjyky,"#N/A","#N/A","#N/A","#N/A","#N/A"
26c4f43e-a537-4627-8fc2-fc62e1808899,"#N/A","#N/A",false,Web,"#N/A","#N/A",Medium,"#N/A",New,Subject_gccvx,"#N/A","#N/A","#N/A","#N/A","#N/A"
26c8ddde-6e74-4abb-9723-a869d3f35f05,"#N/A","#N/A",false,Web,"#N/A","#N/A",Medium,"#N/A",New,Subject_wmlvr,"#N/A","#N/A","#N/A","#N/A","#N/A"
26ca1113-79e8-4de1-b55c-e99412d1e2d6,"#N/A","#N/A",false,Web,"#N/A","#N/A",Medium,"#N/A",New,Subject_zrjxc,"#N/A","#N/A","#N/A","#N/A","#N/A"
26cbe4ab-4124-4182-9318-ed510b365419,"#N/A","#N/A",false,Web,"#N/A","#N/A",Medium,"#N/A",New,Subject_ivqhu,"#N/A","#N/A","#N/A","#N/A","#N/A"
26cbe75b-3a5a-4a2a-8013-daefe36f6e3b,"#N/A","#N/A",false,Web,"#N/A","#N/A",Medium,"#N/A",New,Subject_bzgao,"#N/A","#N/A","#N/A","#N/A","#N/A"
26d230c3-4b4a-4fbb-baa8-f73492e89201,"#N/A","#N/A",false,Web,"#N/A","#N/A",Medium,"#N/A",New,Subject_tslgs,"#N/A","#N/A","#N/A","#N/A","#N/A"
26d6b56d-482f-4004-9de1-948dd8fa42f3,"#N/A","#N/A",false,Web,"#N/A","#N/A",Medium,"#N/A",New,Subject_djaqh,"#N/A","#N/A","#N/A","#N/A","#N/A"
26d9649d-8adf-4f4a-b756-a998af78dd62,"#N/A","#N/A",false,Web,"#N/A","#N/A",Medium,"#N/A",New,Subject_rhelp,"#N/A","#N/A","#N/A","#N/A","#N/A"
26dacad1-a769-4075-8246-8d0c6b91265d,"#N/A","#N/A",false,Web,"#N/A","#N/A",Medium,"#N/A",New,Subject_lgyzx,"#N/A","#N/A","#N/A","#N/A","#N/A"
26db7450-2809-436b-be77-e4bc8b00d576,"#N/A","#N/A",false,Web,"#N/A","#N/A",Medium,"#N/A",New,Subject_zduqc,"#N/A","#N/A","#N/A","#N/A","#N/A"
26db7d52-a4bc-4517-a7a3-882b8777e104,"#N/A","#N/A",false,Web,"#N/A","#N/A",Medium,"#N/A",New,Subject_jyzho,"#N/A","#N/A","#N/A","#N/A","#N/A"
26dc3460-848f-47c5-8c18-1e37a51b4194,"#N/A","#N/A",false,Web,"#N/A","#N/A",Medium,"#N/A",New,Subject_uxcgi,"#N/A","#N/A","#N/A","#N/A","#N/A"
26de7848-0d8f-493f-85eb-1a8042b3cc3b,"#N/A","#N/A",false,Web,"#N/A","#N/A",Medium,"#N/A",New,Subject_qlcwj,"#N/A","#N/A","#N/A","#N/A","#N/A"
26df41c5-e8aa-4eac-86c3-e20b4acbdaf1,"#N/A","#N/A",false,Web,"#N/A","#N/A",Medium,"#N/A",New,Subject_crndw,"#N/A","#N/A","#N/A","#N/A","#N/A"
26e1f47a-fec0-4945-a0b2-a64b44b74f3a,"#N/A","#N/A",false,Web,"#N/A","#N/A",Medium,"#N/A",New,Subject_ieouo,"#N/A","#N/A","#N/A","#N/A","#N/A"
26e4f7de-352d-448c-a15a-f147b7bde896,"#N/A","#N/A",false,Web,"#N/A","#N/A",Medium,"#N/A",New,Subject_tvuuj,"#N/A","#N/A","#N/A","#N/A","#N/A"
26e8b2f2-793e-4cad-928b-43b5200c9fdd,"#N/A","#N/A",false,Web,"#N/A","#N/A",Medium,"#N/A",New,Subject_qosuz,"#N/A","#N/A","#N/A","#N/A","#N/A"
26ef0fea-ee4d-49f3-9f98-1666ee071569,"#N/A","#N/A",false,Web,"#N/A","#N/A",Medium,"#N/A",New,Subject_swbhe,"#N/A","#N/A","#N/A","#N/A","#N/A"
26f2b33b-fceb-40ca-856b-3600ec0a216e,"#N/A","#N/A",false,Web,"#N/A","#N/A",Medium,"#N/A",New,Subject_nerdp,"#N/A","#N/A","#N/A","#N/A","#N/A"
26fb2c55-665f-48ca-b50b-88dbbd079049,"#N/A","#N/A",false,Web,"#N/A","#N/A",Medium,"#N/A",New,Subject_dceun,"#N/A","#N/A","#N/A","#N/A","#N/A"
26fe8b54-daa9-4139-923f-9ec22e385799,"#N/A","#N/A",false,Web,"#N/A","#N/A",Medium,"#N/A",New,Subject_hdgkf,"#N/A","#N/A","#N/A","#N/A","#N/A"
26fea5b2-dbb8-4588-a591-78a8b5663c52,"#N/A","#N/A",false,Web,"#N/A","#N/A",Medium,"#N/A",New,Subject_mvfee,"#N/A","#N/A","#N/A","#N/A","#N/A"
26ff260d-29a7-424e-88e5-e8ac7b8d0a5a,"#N/A","#N/A",false,Web,"#N/A","#N/A",Medium,"#N/A",New,Subject_phhzf,"#N/A","#N/A","#N/A","#N/A","#N/A"
270672f6-4592-4547-91b6-1fa48138f71b,"#N/A","#N/A",false,Web,"#N/A","#N/A",Medium,"#N/A",New,Subject_tmvcq,"#N/A","#N/A","#N/A","#N/A","#N/A"
2708c5c4-52ee-4ed0-9542-632afeca6d45,"#N/A","#N/A",false,Web,"#N/A","#N/A",Medium,"#N/A",New,Subject_nxmbc,"#N/A","#N/A","#N/A","#N/A","#N/A"
2708e68e-adff-4cef-88fd-a240dfb5ee6f,"#N/A","#N/A",false,Web,"#N/A","#N/A",Medium,"#N/A",New,Subject_njlod,"#N/A","#N/A","#N/A","#N/A","#N/A"
2708f0ea-1581-40b7-a71d-730d41ba2d3d,"#N/A","#N/A",false,Web,"#N/A","#N/A",Medium,"#N/A",New,Subject_qzxqb,"#N/A","#N/A","#N/A","#N/A","#N/A"
270b3f87-0aef-4772-8033-223c3e9c5dcc,"#N/A","#N/A",false,Web,"#N/A","#N/A",Medium,"#N/A",New,Subject_cdkyf,"#N/A","#N/A","#N/A","#N/A","#N/A"
270bdc90-2f27-4d7c-83e9-4eafa41be28b,"#N/A","#N/A",false,Web,"#N/A","#N/A",Medium,"#N/A",New,Subject_syqzl,"#N/A","#N/A","#N/A","#N/A","#N/A"
270e37e5-e868-407c-b19e-6b796da65fd5,"#N/A","#N/A",false,Web,"#N/A","#N/A",Medium,"#N/A",New,Subject_dvmit,"#N/A","#N/A","#N/A","#N/A","#N/A"
271567ba-3a86-402a-8ac3-7680b809f985,"#N/A","#N/A",false,Web,"#N/A","#N/A",Medium,"#N/A",New,Subject_srgcs,"#N/A","#N/A","#N/A","#N/A","#N/A"
27188703-4443-47eb-bc00-31a81cef936b,"#N/A","#N/A",false,Web,"#N/A","#N/A",Medium,"#N/A",New,Subject_ezkwo,"#N/A","#N/A","#N/A","#N/A","#N/A"
27195997-3548-4cba-865d-aac541375ac0,"#N/A","#N/A",false,Web,"#N/A","#N/A",Medium,"#N/A",New,Subject_vqlim,"#N/A","#N/A","#N/A","#N/A","#N/A"
271b3696-92ce-4517-9c93-ad4c6c544390,"#N/A","#N/A",false,Web,"#N/A","#N/A",Medium,"#N/A",New,Subject_iancq,"#N/A","#N/A","#N/A","#N/A","#N/A"
27223802-b421-4766-b6ad-8bdd84e1f769,"#N/A","#N/A",false,Web,"#N/A","#N/A",Medium,"#N/A",New,Subject_ukrgw,"#N/A","#N/A","#N/A","#N/A","#N/A"
2726d257-a1dd-42eb-a003-e5c4ebd600ed,"#N/A","#N/A",false,Web,"#N/A","#N/A",Medium,"#N/A",New,Subject_ufoco,"#N/A","#N/A","#N/A","#N/A","#N/A"
272ca2c5-a686-4c5e-b810-7f2c981a25c4,"#N/A","#N/A",false,Web,"#N/A","#N/A",Medium,"#N/A",New,Subject_pusvb,"#N/A","#N/A","#N/A","#N/A","#N/A"
27305ebf-5c51-4c8e-96b2-0a8671553480,"#N/A","#N/A",false,Web,"#N/A","#N/A",Medium,"#N/A",New,Subject_cmczi,"#N/A","#N/A","#N/A","#N/A","#N/A"
2732fa76-4ac9-4d3e-9733-c1ad55090f2a,"#N/A","#N/A",false,Web,"#N/A","#N/A",Medium,"#N/A",New,Subject_kghtp,"#N/A","#N/A","#N/A","#N/A","#N/A"
2734bf1b-d246-46e4-b6db-878f4408c5dc,"#N/A","#N/A",false,Web,"#N/A","#N/A",Medium,"#N/A",New,Subject_bwjpb,"#N/A","#N/A","#N/A","#N/A","#N/A"
273ca011-2809-48a2-90f1-34a734810b1b,"#N/A","#N/A",false,Web,"#N/A","#N/A",Medium,"#N/A",New,Subject_eyorj,"#N/A","#N/A","#N/A","#N/A","#N/A"
273fbb86-68a1-4502-9d40-847ff0a9ecf0,"#N/A","#N/A",false,Web,"#N/A","#N/A",Medium,"#N/A",New,Subject_alcte,"#N/A","#N/A","#N/A","#N/A","#N/A"
2740995c-5f22-4e54-ba1b-a3d46d49b6e6,"#N/A","#N/A",false,Web,"#N/A","#N/A",Medium,"#N/A",New,Subject_eioba,"#N/A","#N/A","#N/A","#N/A","#N/A"
274768a0-dfae-495f-bb66-7fd5f005a83e,"#N/A","#N/A",false,Web,"#N/A","#N/A",Medium,"#N/A",New,Subject_kzwxv,"#N/A","#N/A","#N/A","#N/A","#N/A"
274785ed-cfa7-4dea-91d2-f589f7b02358,"#N/A","#N/A",false,Web,"#N/A","#N/A",Medium,"#N/A",New,Subject_xsazi,"#N/A","#N/A","#N/A","#N/A","#N/A"
274aeeb3-2d40-4af7-95b0-97b1bc3581de,"#N/A","#N/A",false,Web,"#N/A","#N/A",Medium,"#N/A",New,Subject_gaslj,"#N/A","#N/A","#N/A","#N/A","#N/A"
274ba7ff-39e8-4927-9de6-bbff90760fee,"#N/A","#N/A",false,Web,"#N/A","#N/A",Medium,"#N/A",New,Subject_elaqn,"#N/A","#N/A","#N/A","#N/A","#N/A"
274bf6ab-534e-4cef-81fa-4b2def066159,"#N/A","#N/A",false,Web,"#N/A","#N/A",Medium,"#N/A",New,Subject_pnshd,"#N/A","#N/A","#N/A","#N/A","#N/A"
274d35dc-df4d-4931-ad75-6341041d61cf,"#N/A","#N/A",false,Web,"#N/A","#N/A",Medium,"#N/A",New,Subject_labaa,"#N/A","#N/A","#N/A","#N/A","#N/A"
2751e59c-0f3b-4bc0-ac47-0132d5053c95,"#N/A","#N/A",false,Web,"#N/A","#N/A",Medium,"#N/A",New,Subject_ujhkg,"#N/A","#N/A","#N/A","#N/A","#N/A"
2758196c-79ec-4df8-8dd7-0471a7403a16,"#N/A","#N/A",false,Web,"#N/A","#N/A",Medium,"#N/A",New,Subject_pgwgr,"#N/A","#N/A","#N/A","#N/A","#N/A"
275925cc-65b0-4005-adb5-e7f9f38eb704,"#N/A","#N/A",false,Web,"#N/A","#N/A",Medium,"#N/A",New,Subject_ctymm,"#N/A","#N/A","#N/A","#N/A","#N/A"
275d835f-5b6f-4be5-853b-c36151852565,"#N/A","#N/A",false,Web,"#N/A","#N/A",Medium,"#N/A",New,Subject_lmfmg,"#N/A","#N/A","#N/A","#N/A","#N/A"
2763923b-4928-4044-b4a2-6cd7ca324fbf,"#N/A","#N/A",false,Web,"#N/A","#N/A",Medium,"#N/A",New,Subject_kpvum,"#N/A","#N/A","#N/A","#N/A","#N/A"
276428bc-af5e-41e5-a84b-67b71a2e5322,"#N/A","#N/A",false,Web,"#N/A","#N/A",Medium,"#N/A",New,Subject_lwipt,"#N/A","#N/A","#N/A","#N/A","#N/A"
276704cd-5d65-4c38-b7e0-7a5f0e592e4e,"#N/A","#N/A",false,Web,"#N/A","#N/A",Medium,"#N/A",New,Subject_ihlfi,"#N/A","#N/A","#N/A","#N/A","#N/A"
2767f25b-dc14-4fd9-aa71-463d54a010bb,"#N/A","#N/A",false,Web,"#N/A","#N/A",Medium,"#N/A",New,Subject_bomqe,"#N/A","#N/A","#N/A","#N/A","#N/A"
276978e3-3380-4db7-8d0f-cbceda2d75a3,"#N/A","#N/A",false,Web,"#N/A","#N/A",Medium,"#N/A",New,Subject_azobj,"#N/A","#N/A","#N/A","#N/A","#N/A"
276acd25-0bb6-4e57-b82d-dec70c4fff00,"#N/A","#N/A",false,Web,"#N/A","#N/A",Medium,"#N/A",New,Subject_zaazb,"#N/A","#N/A","#N/A","#N/A","#N/A"
276c044b-85a9-451f-9403-5a999d53ec9c,"#N/A","#N/A",false,Web,"#N/A","#N/A",Medium,"#N/A",New,Subject_xdvba,"#N/A","#N/A","#N/A","#N/A","#N/A"
27757452-c15f-4077-99c4-0ae5522c6777,"#N/A","#N/A",false,Web,"#N/A","#N/A",Medium,"#N/A",New,Subject_rztpx,"#N/A","#N/A","#N/A","#N/A","#N/A"
2775fd24-abb0-40ca-aab8-3d6be0f34cfd,"#N/A","#N/A",false,Web,"#N/A","#N/A",Medium,"#N/A",New,Subject_ffkln,"#N/A","#N/A","#N/A","#N/A","#N/A"
27797027-fc14-4f4a-b7a1-6630dd431c5e,"#N/A","#N/A",false,Web,"#N/A","#N/A",Medium,"#N/A",New,Subject_lruzg,"#N/A","#N/A","#N/A","#N/A","#N/A"
277a104f-a330-4dc8-aab9-003c22092d5b,"#N/A","#N/A",false,Web,"#N/A","#N/A",Medium,"#N/A",New,Subject_xzoaa,"#N/A","#N/A","#N/A","#N/A","#N/A"
277f5c11-a912-47f5-af73-e9f0fe451829,"#N/A","#N/A",false,Web,"#N/A","#N/A",Medium,"#N/A",New,Subject_wyfsw,"#N/A","#N/A","#N/A","#N/A","#N/A"
27803e08-eb1e-4fdc-b8ce-dded2982c6d9,"#N/A","#N/A",false,Web,"#N/A","#N/A",Medium,"#N/A",New,Subject_vdeto,"#N/A","#N/A","#N/A","#N/A","#N/A"
2781dbdb-253e-4fab-ade0-6c9ee2566036,"#N/A","#N/A",false,Web,"#N/A","#N/A",Medium,"#N/A",New,Subject_jebvd,"#N/A","#N/A","#N/A","#N/A","#N/A"
2784dbf7-fee5-4803-8a7a-81033471f498,"#N/A","#N/A",false,Web,"#N/A","#N/A",Medium,"#N/A",New,Subject_jrppo,"#N/A","#N/A","#N/A","#N/A","#N/A"
2785bea4-ab62-4b97-b5c1-e0a02cc931e3,"#N/A","#N/A",false,Web,"#N/A","#N/A",Medium,"#N/A",New,Subject_okuhb,"#N/A","#N/A","#N/A","#N/A","#N/A"
2785c083-84da-451d-a8f7-0cab477e4bac,"#N/A","#N/A",false,Web,"#N/A","#N/A",Medium,"#N/A",New,Subject_xqyic,"#N/A","#N/A","#N/A","#N/A","#N/A"
278889dc-1e89-413e-891f-e976d06627ec,"#N/A","#N/A",false,Web,"#N/A","#N/A",Medium,"#N/A",New,Subject_yztxh,"#N/A","#N/A","#N/A","#N/A","#N/A"
278aa8c7-0761-47dd-9b09-330fc96548f7,"#N/A","#N/A",false,Web,"#N/A","#N/A",Medium,"#N/A",New,Subject_iawcw,"#N/A","#N/A","#N/A","#N/A","#N/A"
278d44bb-4dea-47ff-9539-13a7146a995b,"#N/A","#N/A",false,Web,"#N/A","#N/A",Medium,"#N/A",New,Subject_mahlb,"#N/A","#N/A","#N/A","#N/A","#N/A"
278e61e5-ad95-4798-a91b-eb5059113bb5,"#N/A","#N/A",false,Web,"#N/A","#N/A",Medium,"#N/A",New,Subject_ntcro,"#N/A","#N/A","#N/A","#N/A","#N/A"
278fa37c-a2b9-4dbc-9003-6c1b900dd6ed,"#N/A","#N/A",false,Web,"#N/A","#N/A",Medium,"#N/A",New,Subject_sbmio,"#N/A","#N/A","#N/A","#N/A","#N/A"
2790fc0b-4bb3-4056-8c2d-feb0a2a4c325,"#N/A","#N/A",false,Web,"#N/A","#N/A",Medium,"#N/A",New,Subject_avuqb,"#N/A","#N/A","#N/A","#N/A","#N/A"
2792a9a1-2b3d-4577-83dc-68acdb99dabe,"#N/A","#N/A",false,Web,"#N/A","#N/A",Medium,"#N/A",New,Subject_mpgkx,"#N/A","#N/A","#N/A","#N/A","#N/A"
2794cb83-3581-4e88-87fc-815756b5419d,"#N/A","#N/A",false,Web,"#N/A","#N/A",Medium,"#N/A",New,Subject_tsfvc,"#N/A","#N/A","#N/A","#N/A","#N/A"
2794f1f1-edac-45d6-9586-51f2c8b7424e,"#N/A","#N/A",false,Web,"#N/A","#N/A",Medium,"#N/A",New,Subject_bdfvr,"#N/A","#N/A","#N/A","#N/A","#N/A"
279ba2a2-6e36-424f-8707-733b4d2ec55c,"#N/A","#N/A",false,Web,"#N/A","#N/A",Medium,"#N/A",New,Subject_fiwut,"#N/A","#N/A","#N/A","#N/A","#N/A"
279f5fd5-2019-4df9-844d-1fb232f22466,"#N/A","#N/A",false,Web,"#N/A","#N/A",Medium,"#N/A",New,Subject_hwrdg,"#N/A","#N/A","#N/A","#N/A","#N/A"
279f6a30-47f1-495d-ad51-a390045e6312,"#N/A","#N/A",false,Web,"#N/A","#N/A",Medium,"#N/A",New,Subject_ijjss,"#N/A","#N/A","#N/A","#N/A","#N/A"
27a0c5ba-c6cd-4537-931b-6c0e1d5dba93,"#N/A","#N/A",false,Web,"#N/A","#N/A",Medium,"#N/A",New,Subject_hprsw,"#N/A","#N/A","#N/A","#N/A","#N/A"
27a4a1e8-4c90-4b4a-b3b6-5d6fccf66bd4,"#N/A","#N/A",false,Web,"#N/A","#N/A",Medium,"#N/A",New,Subject_yhxrd,"#N/A","#N/A","#N/A","#N/A","#N/A"
27afe173-abdf-41a5-a452-6559d553a250,"#N/A","#N/A",false,Web,"#N/A","#N/A",Medium,"#N/A",New,Subject_agrzl,"#N/A","#N/A","#N/A","#N/A","#N/A"
27b0a5e7-16f7-484a-9f87-a5360cb1447c,"#N/A","#N/A",false,Web,"#N/A","#N/A",Medium,"#N/A",New,Subject_eyefw,"#N/A","#N/A","#N/A","#N/A","#N/A"
27b25b67-ea65-4cf4-bdb7-7eefda619dca,"#N/A","#N/A",false,Web,"#N/A","#N/A",Medium,"#N/A",New,Subject_ghatd,"#N/A","#N/A","#N/A","#N/A","#N/A"
27b801ff-1c3a-44fe-a72b-22d36800de93,"#N/A","#N/A",false,Web,"#N/A","#N/A",Medium,"#N/A",New,Subject_zvjrr,"#N/A","#N/A","#N/A","#N/A","#N/A"
27b94230-4a46-40c3-96fc-e0221c658bc6,"#N/A","#N/A",false,Web,"#N/A","#N/A",Medium,"#N/A",New,Subject_xbtge,"#N/A","#N/A","#N/A","#N/A","#N/A"
27bcc1aa-7f00-4290-a4c7-e34a316e1fe8,"#N/A","#N/A",false,Web,"#N/A","#N/A",Medium,"#N/A",New,Subject_qvuij,"#N/A","#N/A","#N/A","#N/A","#N/A"
27bd77b7-5b9d-4c0c-a27c-b26e0e8bf5c3,"#N/A","#N/A",false,Web,"#N/A","#N/A",Medium,"#N/A",New,Subject_xgabc,"#N/A","#N/A","#N/A","#N/A","#N/A"
27c40b64-945b-4434-90b4-9d9183b04530,"#N/A","#N/A",false,Web,"#N/A","#N/A",Medium,"#N/A",New,Subject_rfafu,"#N/A","#N/A","#N/A","#N/A","#N/A"
27c4b186-8f9e-455d-9d88-4077507a1455,"#N/A","#N/A",false,Web,"#N/A","#N/A",Medium,"#N/A",New,Subject_ltnfu,"#N/A","#N/A","#N/A","#N/A","#N/A"
27c79723-59e8-4d80-ae35-467b1ef12f3a,"#N/A","#N/A",false,Web,"#N/A","#N/A",Medium,"#N/A",New,Subject_naodt,"#N/A","#N/A","#N/A","#N/A","#N/A"
27c7eabe-4db2-40ca-b363-0b3be935c53e,"#N/A","#N/A",false,Web,"#N/A","#N/A",Medium,"#N/A",New,Subject_rsjoz,"#N/A","#N/A","#N/A","#N/A","#N/A"
27cd8833-58a8-4472-b0ca-737430bb0834,"#N/A","#N/A",false,Web,"#N/A","#N/A",Medium,"#N/A",New,Subject_nojun,"#N/A","#N/A","#N/A","#N/A","#N/A"
27d12825-598f-4f81-be53-36f7e36b79e9,"#N/A","#N/A",false,Web,"#N/A","#N/A",Medium,"#N/A",New,Subject_mvtoa,"#N/A","#N/A","#N/A","#N/A","#N/A"
27d2e765-8055-4e6c-9f1f-69701cb4f829,"#N/A","#N/A",false,Web,"#N/A","#N/A",Medium,"#N/A",New,Subject_kgjhb,"#N/A","#N/A","#N/A","#N/A","#N/A"
27d71c2d-4db1-4750-bfed-11a90a392ad8,"#N/A","#N/A",false,Web,"#N/A","#N/A",Medium,"#N/A",New,Subject_ohspd,"#N/A","#N/A","#N/A","#N/A","#N/A"
27d9af10-e9ea-417e-af4f-de962dd4e252,"#N/A","#N/A",false,Web,"#N/A","#N/A",Medium,"#N/A",New,Subject_ejipc,"#N/A","#N/A","#N/A","#N/A","#N/A"
27e90bbd-9518-428d-8c04-8e444ce72864,"#N/A","#N/A",false,Web,"#N/A","#N/A",Medium,"#N/A",New,Subject_xxdaz,"#N/A","#N/A","#N/A","#N/A","#N/A"
27e923ec-d283-4424-8fb2-9e66adfbb56f,"#N/A","#N/A",false,Web,"#N/A","#N/A",Medium,"#N/A",New,Subject_qiqdy,"#N/A","#N/A","#N/A","#N/A","#N/A"
27eed49e-27b3-4f1e-ae19-1f7b12117d1d,"#N/A","#N/A",false,Web,"#N/A","#N/A",Medium,"#N/A",New,Subject_oqbtq,"#N/A","#N/A","#N/A","#N/A","#N/A"
27ef08f1-9e15-4bbf-aa1b-6062a812496c,"#N/A","#N/A",false,Web,"#N/A","#N/A",Medium,"#N/A",New,Subject_bmgpi,"#N/A","#N/A","#N/A","#N/A","#N/A"
27ef90e8-ceb7-4145-82d9-f1df12e2b213,"#N/A","#N/A",false,Web,"#N/A","#N/A",Medium,"#N/A",New,Subject_hdymv,"#N/A","#N/A","#N/A","#N/A","#N/A"
27ff1e6e-22b8-444c-8bf6-f947f44bd068,"#N/A","#N/A",false,Web,"#N/A","#N/A",Medium,"#N/A",New,Subject_ocvfe,"#N/A","#N/A","#N/A","#N/A","#N/A"
280301ff-dbed-43de-a415-3565a87bf5c0,"#N/A","#N/A",false,Web,"#N/A","#N/A",Medium,"#N/A",New,Subject_uooel,"#N/A","#N/A","#N/A","#N/A","#N/A"
280517be-a601-489e-a857-fd5f0bbf6531,"#N/A","#N/A",false,Web,"#N/A","#N/A",Medium,"#N/A",New,Subject_fertc,"#N/A","#N/A","#N/A","#N/A","#N/A"
28055e90-b4f2-4889-b49a-60f7b2016b07,"#N/A","#N/A",false,Web,"#N/A","#N/A",Medium,"#N/A",New,Subject_fpjju,"#N/A","#N/A","#N/A","#N/A","#N/A"
2808f635-0334-4f5b-a29c-f901ea34dbdb,"#N/A","#N/A",false,Web,"#N/A","#N/A",Medium,"#N/A",New,Subject_gqlwq,"#N/A","#N/A","#N/A","#N/A","#N/A"
280b298e-b91a-40e6-8da7-cc5781de9bb3,"#N/A","#N/A",false,Web,"#N/A","#N/A",Medium,"#N/A",New,Subject_hekzw,"#N/A","#N/A","#N/A","#N/A","#N/A"
280be512-0934-4d11-8cba-b5f372be1ccf,"#N/A","#N/A",false,Web,"#N/A","#N/A",Medium,"#N/A",New,Subject_ohuml,"#N/A","#N/A","#N/A","#N/A","#N/A"
280fc089-4b0f-4a6a-869e-e81a3e8d4bbd,"#N/A","#N/A",false,Web,"#N/A","#N/A",Medium,"#N/A",New,Subject_pydam,"#N/A","#N/A","#N/A","#N/A","#N/A"
280fd3e7-a5ed-424c-90eb-7015517b35af,"#N/A","#N/A",false,Web,"#N/A","#N/A",Medium,"#N/A",New,Subject_oifkb,"#N/A","#N/A","#N/A","#N/A","#N/A"
28101820-1355-4db3-a29f-a02a5812f60b,"#N/A","#N/A",false,Web,"#N/A","#N/A",Medium,"#N/A",New,Subject_smxdb,"#N/A","#N/A","#N/A","#N/A","#N/A"
2817e70e-6cc0-4949-b0b2-2897e2b52243,"#N/A","#N/A",false,Web,"#N/A","#N/A",Medium,"#N/A",New,Subject_uuixx,"#N/A","#N/A","#N/A","#N/A","#N/A"
2818d7a2-0c71-4c7f-89ab-71748acbdc62,"#N/A","#N/A",false,Web,"#N/A","#N/A",Medium,"#N/A",New,Subject_dplul,"#N/A","#N/A","#N/A","#N/A","#N/A"
2819280e-3f74-4b45-838a-673c8fa5e073,"#N/A","#N/A",false,Web,"#N/A","#N/A",Medium,"#N/A",New,Subject_fyozq,"#N/A","#N/A","#N/A","#N/A","#N/A"
281a2665-695e-4dbd-a727-8446bee3374d,"#N/A","#N/A",false,Web,"#N/A","#N/A",Medium,"#N/A",New,Subject_azvzn,"#N/A","#N/A","#N/A","#N/A","#N/A"
281b8485-2bbe-4ded-b1d7-b0ddaf1faf2e,"#N/A","#N/A",false,Web,"#N/A","#N/A",Medium,"#N/A",New,Subject_qhghb,"#N/A","#N/A","#N/A","#N/A","#N/A"
281c3d18-b6d0-42f5-9023-766a717f5a1e,"#N/A","#N/A",false,Web,"#N/A","#N/A",Medium,"#N/A",New,Subject_ibaqk,"#N/A","#N/A","#N/A","#N/A","#N/A"
281ce61b-7842-4bd1-b927-3f291736e64e,"#N/A","#N/A",false,Web,"#N/A","#N/A",Medium,"#N/A",New,Subject_wzxsk,"#N/A","#N/A","#N/A","#N/A","#N/A"
2823811a-52e4-4c63-b30e-f0ebcd86a885,"#N/A","#N/A",false,Web,"#N/A","#N/A",Medium,"#N/A",New,Subject_xsaqn,"#N/A","#N/A","#N/A","#N/A","#N/A"
2827fc6e-68eb-4d14-8e8e-d8b62f86a745,"#N/A","#N/A",false,Web,"#N/A","#N/A",Medium,"#N/A",New,Subject_gojqm,"#N/A","#N/A","#N/A","#N/A","#N/A"
28298744-360c-4164-99bc-90e2c4c8f419,"#N/A","#N/A",false,Web,"#N/A","#N/A",Medium,"#N/A",New,Subject_dxswm,"#N/A","#N/A","#N/A","#N/A","#N/A"
282f8662-cfe5-41a6-bf48-43ed300ee62a,"#N/A","#N/A",false,Web,"#N/A","#N/A",Medium,"#N/A",New,Subject_hwlhl,"#N/A","#N/A","#N/A","#N/A","#N/A"
2830ee36-4ae4-499f-a948-61e769825e06,"#N/A","#N/A",false,Web,"#N/A","#N/A",Medium,"#N/A",New,Subject_ahsdd,"#N/A","#N/A","#N/A","#N/A","#N/A"
2831ad7c-2c8d-4999-bfb1-43f0ef3ba3b5,"#N/A","#N/A",false,Web,"#N/A","#N/A",Medium,"#N/A",New,Subject_jjqtp,"#N/A","#N/A","#N/A","#N/A","#N/A"
2832a7e1-0c7b-4bdb-a04b-ed9cbd4b4e3e,"#N/A","#N/A",false,Web,"#N/A","#N/A",Medium,"#N/A",New,Subject_wmmfk,"#N/A","#N/A","#N/A","#N/A","#N/A"
283cf872-7650-4123-b832-6ce078c5d18e,"#N/A","#N/A",false,Web,"#N/A","#N/A",Medium,"#N/A",New,Subject_jqlef,"#N/A","#N/A","#N/A","#N/A","#N/A"
2847304e-8235-4f3e-915b-b65aa219b47f,"#N/A","#N/A",false,Web,"#N/A","#N/A",Medium,"#N/A",New,Subject_glznt,"#N/A","#N/A","#N/A","#N/A","#N/A"
2848b862-b2f5-491c-b893-bdff8270b0db,"#N/A","#N/A",false,Web,"#N/A","#N/A",Medium,"#N/A",New,Subject_gnanq,"#N/A","#N/A","#N/A","#N/A","#N/A"
284a6a60-e75e-4fd4-9550-7a8c437cc63b,"#N/A","#N/A",false,Web,"#N/A","#N/A",Medium,"#N/A",New,Subject_tcjjb,"#N/A","#N/A","#N/A","#N/A","#N/A"
284aa170-b8b2-4282-99e2-c855a490eedf,"#N/A","#N/A",false,Web,"#N/A","#N/A",Medium,"#N/A",New,Subject_bbrsk,"#N/A","#N/A","#N/A","#N/A","#N/A"
284ab169-c58f-4ef1-a68d-c12579bb1cec,"#N/A","#N/A",false,Web,"#N/A","#N/A",Medium,"#N/A",New,Subject_akafp,"#N/A","#N/A","#N/A","#N/A","#N/A"
284b6eff-d639-4348-88ec-3399b5661648,"#N/A","#N/A",false,Web,"#N/A","#N/A",Medium,"#N/A",New,Subject_sdgqh,"#N/A","#N/A","#N/A","#N/A","#N/A"
284da95f-fe99-4dac-91a1-346488a72a4f,"#N/A","#N/A",false,Web,"#N/A","#N/A",Medium,"#N/A",New,Subject_mdygn,"#N/A","#N/A","#N/A","#N/A","#N/A"
284e2453-72a5-445f-b1c2-3e1db1ec0c97,"#N/A","#N/A",false,Web,"#N/A","#N/A",Medium,"#N/A",New,Subject_llimq,"#N/A","#N/A","#N/A","#N/A","#N/A"
2853c4e4-62aa-413f-8232-ce98f070a980,"#N/A","#N/A",false,Web,"#N/A","#N/A",Medium,"#N/A",New,Subject_fwheq,"#N/A","#N/A","#N/A","#N/A","#N/A"
2853e0eb-27e6-412b-9850-34bb21ed4ea8,"#N/A","#N/A",false,Web,"#N/A","#N/A",Medium,"#N/A",New,Subject_uywjl,"#N/A","#N/A","#N/A","#N/A","#N/A"
285488ea-99ee-4444-bf7a-ba505b1add15,"#N/A","#N/A",false,Web,"#N/A","#N/A",Medium,"#N/A",New,Subject_oamnc,"#N/A","#N/A","#N/A","#N/A","#N/A"
285b70bc-abce-40cd-826e-ef78edfd4606,"#N/A","#N/A",false,Web,"#N/A","#N/A",Medium,"#N/A",New,Subject_bkpak,"#N/A","#N/A","#N/A","#N/A","#N/A"
2864bf30-7310-441b-9614-3b8235a3de74,"#N/A","#N/A",false,Web,"#N/A","#N/A",Medium,"#N/A",New,Subject_fwrip,"#N/A","#N/A","#N/A","#N/A","#N/A"
2866cac0-4d9f-4919-8ed3-fdf7263be5a0,"#N/A","#N/A",false,Web,"#N/A","#N/A",Medium,"#N/A",New,Subject_mkkbx,"#N/A","#N/A","#N/A","#N/A","#N/A"
286a2fab-d33a-4aae-968b-9ac8d5d65e5c,"#N/A","#N/A",false,Web,"#N/A","#N/A",Medium,"#N/A",New,Subject_drwqu,"#N/A","#N/A","#N/A","#N/A","#N/A"
286d0d2f-6a10-4da6-a8ed-f9696b2c2aa1,"#N/A","#N/A",false,Web,"#N/A","#N/A",Medium,"#N/A",New,Subject_pwyvn,"#N/A","#N/A","#N/A","#N/A","#N/A"
28700f15-bba5-4e67-8e4b-1510260574f0,"#N/A","#N/A",false,Web,"#N/A","#N/A",Medium,"#N/A",New,Subject_rcktx,"#N/A","#N/A","#N/A","#N/A","#N/A"
2870b6f1-5b6b-4736-80f1-4961f9f833c9,"#N/A","#N/A",false,Web,"#N/A","#N/A",Medium,"#N/A",New,Subject_fnxqi,"#N/A","#N/A","#N/A","#N/A","#N/A"
2878e329-225e-4e28-8822-60131686bd99,"#N/A","#N/A",false,Web,"#N/A","#N/A",Medium,"#N/A",New,Subject_sdhjg,"#N/A","#N/A","#N/A","#N/A","#N/A"
2879cc29-a8e4-41e8-b1a3-2cba03eaa95b,"#N/A","#N/A",false,Web,"#N/A","#N/A",Medium,"#N/A",New,Subject_zyycv,"#N/A","#N/A","#N/A","#N/A","#N/A"
287d3767-c51e-459a-8299-739a2435a6d8,"#N/A","#N/A",false,Web,"#N/A","#N/A",Medium,"#N/A",New,Subject_rougv,"#N/A","#N/A","#N/A","#N/A","#N/A"
287dceea-54fa-4a45-b679-fe9c9ccb9f32,"#N/A","#N/A",false,Web,"#N/A","#N/A",Medium,"#N/A",New,Subject_kcovh,"#N/A","#N/A","#N/A","#N/A","#N/A"
287f7552-24db-4f5b-a29e-f36cf6b968c3,"#N/A","#N/A",false,Web,"#N/A","#N/A",Medium,"#N/A",New,Subject_edevs,"#N/A","#N/A","#N/A","#N/A","#N/A"
288198dd-6660-485a-9a93-7a1e04239fae,"#N/A","#N/A",false,Web,"#N/A","#N/A",Medium,"#N/A",New,Subject_ygqrh,"#N/A","#N/A","#N/A","#N/A","#N/A"
2882c802-daea-45e0-ab15-1716d08e5926,"#N/A","#N/A",false,Web,"#N/A","#N/A",Medium,"#N/A",New,Subject_lkfhh,"#N/A","#N/A","#N/A","#N/A","#N/A"
28867ff3-e5bc-48f0-ac6e-0f0382ab4a8a,"#N/A","#N/A",false,Web,"#N/A","#N/A",Medium,"#N/A",New,Subject_gaopp,"#N/A","#N/A","#N/A","#N/A","#N/A"
288c9e35-9b83-46fd-ae04-547960f32289,"#N/A","#N/A",false,Web,"#N/A","#N/A",Medium,"#N/A",New,Subject_qahds,"#N/A","#N/A","#N/A","#N/A","#N/A"
288e804f-3f60-4d6a-b5e7-c724e6f6129f,"#N/A","#N/A",false,Web,"#N/A","#N/A",Medium,"#N/A",New,Subject_qrxeo,"#N/A","#N/A","#N/A","#N/A","#N/A"
289023dd-c08c-468f-a0c3-66341896e5e7,"#N/A","#N/A",false,Web,"#N/A","#N/A",Medium,"#N/A",New,Subject_gosyb,"#N/A","#N/A","#N/A","#N/A","#N/A"
2892f4b0-e7b1-4cfc-813e-a2ee8bd358cb,"#N/A","#N/A",false,Web,"#N/A","#N/A",Medium,"#N/A",New,Subject_ugegu,"#N/A","#N/A","#N/A","#N/A","#N/A"
2893f2d8-5865-42c2-b37d-e79704835da5,"#N/A","#N/A",false,Web,"#N/A","#N/A",Medium,"#N/A",New,Subject_jowzh,"#N/A","#N/A","#N/A","#N/A","#N/A"
28941b74-d3ba-48a0-a8f3-146b232faf2b,"#N/A","#N/A",false,Web,"#N/A","#N/A",Medium,"#N/A",New,Subject_yftpz,"#N/A","#N/A","#N/A","#N/A","#N/A"
2894c1c2-fb8c-45c4-8296-0b2f82c0f352,"#N/A","#N/A",false,Web,"#N/A","#N/A",Medium,"#N/A",New,Subject_zduqc,"#N/A","#N/A","#N/A","#N/A","#N/A"
289c377d-76cb-4d31-8051-f9a8233ca6e1,"#N/A","#N/A",false,Web,"#N/A","#N/A",Medium,"#N/A",New,Subject_iutzw,"#N/A","#N/A","#N/A","#N/A","#N/A"
289f4100-e10b-48b7-b57a-c2ea21a107b0,"#N/A","#N/A",false,Web,"#N/A","#N/A",Medium,"#N/A",New,Subject_hsmde,"#N/A","#N/A","#N/A","#N/A","#N/A"
28a0bb66-95a8-4a85-ba17-1e8f010acc32,"#N/A","#N/A",false,Web,"#N/A","#N/A",Medium,"#N/A",New,Subject_rcjwr,"#N/A","#N/A","#N/A","#N/A","#N/A"
28acde45-f29e-4c96-9bf9-2058528eeea3,"#N/A","#N/A",false,Web,"#N/A","#N/A",Medium,"#N/A",New,Subject_vakbm,"#N/A","#N/A","#N/A","#N/A","#N/A"
28ad9e77-d60b-4f31-b3b4-b5856de6396c,"#N/A","#N/A",false,Web,"#N/A","#N/A",Medium,"#N/A",New,Subject_iggak,"#N/A","#N/A","#N/A","#N/A","#N/A"
28ae2d5c-6f9d-425c-b962-60a29e9d0c6c,"#N/A","#N/A",false,Web,"#N/A","#N/A",Medium,"#N/A",New,Subject_wobui,"#N/A","#N/A","#N/A","#N/A","#N/A"
28afd8d3-387a-42f1-bf45-5a6a0d56d57c,"#N/A","#N/A",false,Web,"#N/A","#N/A",Medium,"#N/A",New,Subject_gketc,"#N/A","#N/A","#N/A","#N/A","#N/A"
28b1865f-993a-4ab0-aded-18dd49d61b9c,"#N/A","#N/A",false,Web,"#N/A","#N/A",Medium,"#N/A",New,Subject_gserh,"#N/A","#N/A","#N/A","#N/A","#N/A"
28b1fcf9-27a9-4fa7-8d91-cc18ee294b86,"#N/A","#N/A",false,Web,"#N/A","#N/A",Medium,"#N/A",New,Subject_frwcv,"#N/A","#N/A","#N/A","#N/A","#N/A"
28b2843a-c0a3-4aa0-8929-2203f08840d3,"#N/A","#N/A",false,Web,"#N/A","#N/A",Medium,"#N/A",New,Subject_schul,"#N/A","#N/A","#N/A","#N/A","#N/A"
28b38735-0b51-413a-bb67-5209194a010e,"#N/A","#N/A",false,Web,"#N/A","#N/A",Medium,"#N/A",New,Subject_ixgea,"#N/A","#N/A","#N/A","#N/A","#N/A"
28b80d88-f5ac-4c54-b0f5-8fb511f39b81,"#N/A","#N/A",false,Web,"#N/A","#N/A",Medium,"#N/A",New,Subject_pqyek,"#N/A","#N/A","#N/A","#N/A","#N/A"
28ba0162-0731-4545-9426-94a0b290d05e,"#N/A","#N/A",false,Web,"#N/A","#N/A",Medium,"#N/A",New,Subject_vrkyo,"#N/A","#N/A","#N/A","#N/A","#N/A"
28bb7dc2-1444-48ac-9b8f-f2ba8f671018,"#N/A","#N/A",false,Web,"#N/A","#N/A",Medium,"#N/A",New,Subject_hpwxy,"#N/A","#N/A","#N/A","#N/A","#N/A"
28bc2de4-c367-4b59-8e11-7ae05ac1ea3b,"#N/A","#N/A",false,Web,"#N/A","#N/A",Medium,"#N/A",New,Subject_xxfom,"#N/A","#N/A","#N/A","#N/A","#N/A"
28bc9014-3fdf-475a-b245-681bc50cfc83,"#N/A","#N/A",false,Web,"#N/A","#N/A",Medium,"#N/A",New,Subject_iyhyl,"#N/A","#N/A","#N/A","#N/A","#N/A"
28bdc04d-d007-4570-b7fc-48dc5f618e12,"#N/A","#N/A",false,Web,"#N/A","#N/A",Medium,"#N/A",New,Subject_mbphr,"#N/A","#N/A","#N/A","#N/A","#N/A"
28bebdb2-679f-4b4c-9b9b-9e7667a2cd15,"#N/A","#N/A",false,Web,"#N/A","#N/A",Medium,"#N/A",New,Subject_iloyb,"#N/A","#N/A","#N/A","#N/A","#N/A"
28c17e6f-6fd0-420f-b340-277f5ba0aeda,"#N/A","#N/A",false,Web,"#N/A","#N/A",Medium,"#N/A",New,Subject_brgxq,"#N/A","#N/A","#N/A","#N/A","#N/A"
28c24702-91ea-43eb-b49c-3622934ccc5b,"#N/A","#N/A",false,Web,"#N/A","#N/A",Medium,"#N/A",New,Subject_efaxo,"#N/A","#N/A","#N/A","#N/A","#N/A"
28c4c3e7-be13-43df-b43f-13ce1edb9ef8,"#N/A","#N/A",false,Web,"#N/A","#N/A",Medium,"#N/A",New,Subject_pgjoo,"#N/A","#N/A","#N/A","#N/A","#N/A"
28c5cc4c-eb70-4da1-bf1f-0af8399d9181,"#N/A","#N/A",false,Web,"#N/A","#N/A",Medium,"#N/A",New,Subject_jcjwd,"#N/A","#N/A","#N/A","#N/A","#N/A"
28cee580-d828-4cd1-b295-c5e0beb6fb0b,"#N/A","#N/A",false,Web,"#N/A","#N/A",Medium,"#N/A",New,Subject_xoyqz,"#N/A","#N/A","#N/A","#N/A","#N/A"
28d45006-c574-42d3-bb4e-2cd336c68f86,"#N/A","#N/A",false,Web,"#N/A","#N/A",Medium,"#N/A",New,Subject_buliv,"#N/A","#N/A","#N/A","#N/A","#N/A"
28d5eb57-e750-4290-8cf7-5ecf02d39e58,"#N/A","#N/A",false,Web,"#N/A","#N/A",Medium,"#N/A",New,Subject_fiqrf,"#N/A","#N/A","#N/A","#N/A","#N/A"
28d7d91a-42a7-4456-bc79-a5d0ce8e529d,"#N/A","#N/A",false,Web,"#N/A","#N/A",Medium,"#N/A",New,Subject_dijzs,"#N/A","#N/A","#N/A","#N/A","#N/A"
28e296d8-ac01-4052-afdc-a93986436d43,"#N/A","#N/A",false,Web,"#N/A","#N/A",Medium,"#N/A",New,Subject_sfikw,"#N/A","#N/A","#N/A","#N/A","#N/A"
28e2e4ca-d3e8-4fa4-bfbd-d43340a6b543,"#N/A","#N/A",false,Web,"#N/A","#N/A",Medium,"#N/A",New,Subject_fuwnm,"#N/A","#N/A","#N/A","#N/A","#N/A"
28e362a7-5dec-4965-b20c-c300644c5ca2,"#N/A","#N/A",false,Web,"#N/A","#N/A",Medium,"#N/A",New,Subject_vrdzn,"#N/A","#N/A","#N/A","#N/A","#N/A"
28e405f8-7ac4-4960-9f89-5e210ba7e77d,"#N/A","#N/A",false,Web,"#N/A","#N/A",Medium,"#N/A",New,Subject_zeqnh,"#N/A","#N/A","#N/A","#N/A","#N/A"
28e5554d-b6e2-4014-8765-515d263ed309,"#N/A","#N/A",false,Web,"#N/A","#N/A",Medium,"#N/A",New,Subject_nvqrl,"#N/A","#N/A","#N/A","#N/A","#N/A"
28e7aa6f-2201-41da-8c38-be9fc551da4e,"#N/A","#N/A",false,Web,"#N/A","#N/A",Medium,"#N/A",New,Subject_dgwcf,"#N/A","#N/A","#N/A","#N/A","#N/A"
28e827ae-2683-466e-8906-2bb896683b76,"#N/A","#N/A",false,Web,"#N/A","#N/A",Medium,"#N/A",New,Subject_tevkk,"#N/A","#N/A","#N/A","#N/A","#N/A"
28ebab6f-ef32-4d9d-8527-3df0a60c2887,"#N/A","#N/A",false,Web,"#N/A","#N/A",Medium,"#N/A",New,Subject_obeiq,"#N/A","#N/A","#N/A","#N/A","#N/A"
28ee67d9-1268-4249-87b6-70f71b15a859,"#N/A","#N/A",false,Web,"#N/A","#N/A",Medium,"#N/A",New,Subject_fxonf,"#N/A","#N/A","#N/A","#N/A","#N/A"
28f1504b-824e-4432-b4b0-20b1392c7b6c,"#N/A","#N/A",false,Web,"#N/A","#N/A",Medium,"#N/A",New,Subject_kpcae,"#N/A","#N/A","#N/A","#N/A","#N/A"
28f223e1-0719-4940-87dd-69645de8b482,"#N/A","#N/A",false,Web,"#N/A","#N/A",Medium,"#N/A",New,Subject_xiewo,"#N/A","#N/A","#N/A","#N/A","#N/A"
28f3e5fd-fbc3-42b0-b859-f68f4fcededf,"#N/A","#N/A",false,Web,"#N/A","#N/A",Medium,"#N/A",New,Subject_hqyjb,"#N/A","#N/A","#N/A","#N/A","#N/A"
28facd68-c592-40df-b57c-0667e8b18bf3,"#N/A","#N/A",false,Web,"#N/A","#N/A",Medium,"#N/A",New,Subject_zgiaw,"#N/A","#N/A","#N/A","#N/A","#N/A"
28fda2be-e504-4382-8d93-5b938bd0d0b0,"#N/A","#N/A",false,Web,"#N/A","#N/A",Medium,"#N/A",New,Subject_gsclu,"#N/A","#N/A","#N/A","#N/A","#N/A"
2902c63f-d7a2-4570-bcdd-2e0457fa86a7,"#N/A","#N/A",false,Web,"#N/A","#N/A",Medium,"#N/A",New,Subject_eopzl,"#N/A","#N/A","#N/A","#N/A","#N/A"
290646a3-8801-4325-87e4-5a8c42682ebe,"#N/A","#N/A",false,Web,"#N/A","#N/A",Medium,"#N/A",New,Subject_awkao,"#N/A","#N/A","#N/A","#N/A","#N/A"
2907c711-bb44-4460-9283-983dae0e6e75,"#N/A","#N/A",false,Web,"#N/A","#N/A",Medium,"#N/A",New,Subject_msvqz,"#N/A","#N/A","#N/A","#N/A","#N/A"
290cd7bc-2197-4faa-aeba-37526b064e0d,"#N/A","#N/A",false,Web,"#N/A","#N/A",Medium,"#N/A",New,Subject_bixfy,"#N/A","#N/A","#N/A","#N/A","#N/A"
290d1982-d86a-4342-ad57-ecec7386428a,"#N/A","#N/A",false,Web,"#N/A","#N/A",Medium,"#N/A",New,Subject_gmtrg,"#N/A","#N/A","#N/A","#N/A","#N/A"
290f1d9c-23c9-4849-82c1-5a15e11ff319,"#N/A","#N/A",false,Web,"#N/A","#N/A",Medium,"#N/A",New,Subject_ebjqx,"#N/A","#N/A","#N/A","#N/A","#N/A"
290ff9fd-7a96-4d26-bb3e-9b8cea015b95,"#N/A","#N/A",false,Web,"#N/A","#N/A",Medium,"#N/A",New,Subject_bhwri,"#N/A","#N/A","#N/A","#N/A","#N/A"
2912fc82-4756-4332-b557-f9042a7502f1,"#N/A","#N/A",false,Web,"#N/A","#N/A",Medium,"#N/A",New,Subject_mdjoy,"#N/A","#N/A","#N/A","#N/A","#N/A"
2915efc6-61bf-44db-aa43-87f0dfe63d15,"#N/A","#N/A",false,Web,"#N/A","#N/A",Medium,"#N/A",New,Subject_lpexj,"#N/A","#N/A","#N/A","#N/A","#N/A"
291bac34-42b7-4b86-bfc5-72eaa623278b,"#N/A","#N/A",false,Web,"#N/A","#N/A",Medium,"#N/A",New,Subject_ppshl,"#N/A","#N/A","#N/A","#N/A","#N/A"
291d83a1-640b-49b3-bd16-64afa942108e,"#N/A","#N/A",false,Web,"#N/A","#N/A",Medium,"#N/A",New,Subject_tvpsa,"#N/A","#N/A","#N/A","#N/A","#N/A"
291f3744-edf5-4bfc-8f58-c94cfa9362dc,"#N/A","#N/A",false,Web,"#N/A","#N/A",Medium,"#N/A",New,Subject_dqatl,"#N/A","#N/A","#N/A","#N/A","#N/A"
291f87f4-9e71-46bd-8542-c515dd2e6627,"#N/A","#N/A",false,Web,"#N/A","#N/A",Medium,"#N/A",New,Subject_uwsbd,"#N/A","#N/A","#N/A","#N/A","#N/A"
291f89d2-9d8e-4900-aa54-46b065ac82c9,"#N/A","#N/A",false,Web,"#N/A","#N/A",Medium,"#N/A",New,Subject_vmjkk,"#N/A","#N/A","#N/A","#N/A","#N/A"
2921860c-9d2b-42ae-84f3-24787959353b,"#N/A","#N/A",false,Web,"#N/A","#N/A",Medium,"#N/A",New,Subject_mysbw,"#N/A","#N/A","#N/A","#N/A","#N/A"
29230669-3dba-45da-8f54-ec6b313e680a,"#N/A","#N/A",false,Web,"#N/A","#N/A",Medium,"#N/A",New,Subject_uclyh,"#N/A","#N/A","#N/A","#N/A","#N/A"
2929b79f-6a11-4383-a42a-f141d16fad95,"#N/A","#N/A",false,Web,"#N/A","#N/A",Medium,"#N/A",New,Subject_mugtx,"#N/A","#N/A","#N/A","#N/A","#N/A"
292aac83-c09d-4ffb-adc3-53f24868feef,"#N/A","#N/A",false,Web,"#N/A","#N/A",Medium,"#N/A",New,Subject_zcllj,"#N/A","#N/A","#N/A","#N/A","#N/A"
292fe984-8fc7-43b2-a30b-867e86412cfb,"#N/A","#N/A",false,Web,"#N/A","#N/A",Medium,"#N/A",New,Subject_nejgw,"#N/A","#N/A","#N/A","#N/A","#N/A"
2932c183-be07-406d-ae48-c4df68a38e85,"#N/A","#N/A",false,Web,"#N/A","#N/A",Medium,"#N/A",New,Subject_lwfjl,"#N/A","#N/A","#N/A","#N/A","#N/A"
2936d9d8-472e-4919-b298-cb9ce85496c7,"#N/A","#N/A",false,Web,"#N/A","#N/A",Medium,"#N/A",New,Subject_ealkb,"#N/A","#N/A","#N/A","#N/A","#N/A"
2939d550-7e52-49fb-82c0-d240140956b8,"#N/A","#N/A",false,Web,"#N/A","#N/A",Medium,"#N/A",New,Subject_ttcsn,"#N/A","#N/A","#N/A","#N/A","#N/A"
293a0a0e-41bc-43f5-865a-8554d97de73a,"#N/A","#N/A",false,Web,"#N/A","#N/A",Medium,"#N/A",New,Subject_nrwjl,"#N/A","#N/A","#N/A","#N/A","#N/A"
293a13fd-0360-42f1-9905-749882b27ca7,"#N/A","#N/A",false,Web,"#N/A","#N/A",Medium,"#N/A",New,Subject_lttcp,"#N/A","#N/A","#N/A","#N/A","#N/A"
293ac0bf-6104-4f6f-abce-0418c30c2c42,"#N/A","#N/A",false,Web,"#N/A","#N/A",Medium,"#N/A",New,Subject_goais,"#N/A","#N/A","#N/A","#N/A","#N/A"
293e26c6-5db1-41c3-808e-ab3f7e7be07a,"#N/A","#N/A",false,Web,"#N/A","#N/A",Medium,"#N/A",New,Subject_gokmh,"#N/A","#N/A","#N/A","#N/A","#N/A"
293f73a6-088b-40b2-81b2-3840295e5a94,"#N/A","#N/A",false,Web,"#N/A","#N/A",Medium,"#N/A",New,Subject_hhcvv,"#N/A","#N/A","#N/A","#N/A","#N/A"
29448e4c-92ca-48fe-a303-b25e970dda56,"#N/A","#N/A",false,Web,"#N/A","#N/A",Medium,"#N/A",New,Subject_zfcgx,"#N/A","#N/A","#N/A","#N/A","#N/A"
29464d9c-7e76-44e7-b1e6-4a8880b05aec,"#N/A","#N/A",false,Web,"#N/A","#N/A",Medium,"#N/A",New,Subject_xenba,"#N/A","#N/A","#N/A","#N/A","#N/A"
29471344-ed0e-4d3a-aa4f-e6b0bba3dd1c,"#N/A","#N/A",false,Web,"#N/A","#N/A",Medium,"#N/A",New,Subject_ugeuv,"#N/A","#N/A","#N/A","#N/A","#N/A"
2950d5f4-6f0f-4844-8e1b-a11349c0a57f,"#N/A","#N/A",false,Web,"#N/A","#N/A",Medium,"#N/A",New,Subject_axptq,"#N/A","#N/A","#N/A","#N/A","#N/A"
2953702e-c33c-4c33-8452-4321fee414fe,"#N/A","#N/A",false,Web,"#N/A","#N/A",Medium,"#N/A",New,Subject_bfknb,"#N/A","#N/A","#N/A","#N/A","#N/A"
2955aba8-0630-412e-852e-7704e77cd1b5,"#N/A","#N/A",false,Web,"#N/A","#N/A",Medium,"#N/A",New,Subject_yfrug,"#N/A","#N/A","#N/A","#N/A","#N/A"
29566867-03de-4a62-8daf-06ead7f1a6f6,"#N/A","#N/A",false,Web,"#N/A","#N/A",Medium,"#N/A",New,Subject_elzue,"#N/A","#N/A","#N/A","#N/A","#N/A"
29577be5-6ae5-4d51-a62e-4f6e2d23e874,"#N/A","#N/A",false,Web,"#N/A","#N/A",Medium,"#N/A",New,Subject_unkyr,"#N/A","#N/A","#N/A","#N/A","#N/A"
2959db18-ca8a-4b4e-8ea4-7c3ec9cae0a2,"#N/A","#N/A",false,Web,"#N/A","#N/A",Medium,"#N/A",New,Subject_etpvx,"#N/A","#N/A","#N/A","#N/A","#N/A"
295c51ac-4a08-44c2-9d75-32a9d8aeeec2,"#N/A","#N/A",false,Web,"#N/A","#N/A",Medium,"#N/A",New,Subject_cahvj,"#N/A","#N/A","#N/A","#N/A","#N/A"
29614c13-add1-443f-bda7-628388510d92,"#N/A","#N/A",false,Web,"#N/A","#N/A",Medium,"#N/A",New,Subject_vbbgw,"#N/A","#N/A","#N/A","#N/A","#N/A"
2961f7a5-9d99-4f37-bcd6-9c58755e8224,"#N/A","#N/A",false,Web,"#N/A","#N/A",Medium,"#N/A",New,Subject_uxgoo,"#N/A","#N/A","#N/A","#N/A","#N/A"
2963bad8-3c9a-4039-aff5-26446a011064,"#N/A","#N/A",false,Web,"#N/A","#N/A",Medium,"#N/A",New,Subject_dfudx,"#N/A","#N/A","#N/A","#N/A","#N/A"
296528b3-babd-4001-a0a6-1827425c0dca,"#N/A","#N/A",false,Web,"#N/A","#N/A",Medium,"#N/A",New,Subject_wpksz,"#N/A","#N/A","#N/A","#N/A","#N/A"
2965a196-5f17-4f36-a554-ff222329f259,"#N/A","#N/A",false,Web,"#N/A","#N/A",Medium,"#N/A",New,Subject_rjlok,"#N/A","#N/A","#N/A","#N/A","#N/A"
2968ee58-5dba-4a7c-beff-1f4de51945ea,"#N/A","#N/A",false,Web,"#N/A","#N/A",Medium,"#N/A",New,Subject_biddk,"#N/A","#N/A","#N/A","#N/A","#N/A"
296e67db-095a-4a8b-b603-eb82c474f55c,"#N/A","#N/A",false,Web,"#N/A","#N/A",Medium,"#N/A",New,Subject_syqzl,"#N/A","#N/A","#N/A","#N/A","#N/A"
296f7fb6-f2d8-40bf-aba7-ca0562626ea2,"#N/A","#N/A",false,Web,"#N/A","#N/A",Medium,"#N/A",New,Subject_qjnnq,"#N/A","#N/A","#N/A","#N/A","#N/A"
2977c9a3-a35c-47cb-addf-1f28d152ee86,"#N/A","#N/A",false,Web,"#N/A","#N/A",Medium,"#N/A",New,Subject_oyfik,"#N/A","#N/A","#N/A","#N/A","#N/A"
2979eac6-7e71-4654-9d0d-774046fdd8ad,"#N/A","#N/A",false,Web,"#N/A","#N/A",Medium,"#N/A",New,Subject_liwnl,"#N/A","#N/A","#N/A","#N/A","#N/A"
297c8874-8342-413c-a435-cfd654252ea8,"#N/A","#N/A",false,Web,"#N/A","#N/A",Medium,"#N/A",New,Subject_ecsfg,"#N/A","#N/A","#N/A","#N/A","#N/A"
297dbd59-fc1f-4135-8402-f2fba749fbb9,"#N/A","#N/A",false,Web,"#N/A","#N/A",Medium,"#N/A",New,Subject_rgadu,"#N/A","#N/A","#N/A","#N/A","#N/A"
297e3ef6-5e8d-4bf7-914e-3059402161c0,"#N/A","#N/A",false,Web,"#N/A","#N/A",Medium,"#N/A",New,Subject_vhesh,"#N/A","#N/A","#N/A","#N/A","#N/A"
29804313-b420-4920-b60e-5232984e5dc4,"#N/A","#N/A",false,Web,"#N/A","#N/A",Medium,"#N/A",New,Subject_ahlse,"#N/A","#N/A","#N/A","#N/A","#N/A"
29809939-5705-4962-89d3-3c8da88c633c,"#N/A","#N/A",false,Web,"#N/A","#N/A",Medium,"#N/A",New,Subject_vrtjq,"#N/A","#N/A","#N/A","#N/A","#N/A"
2980aba5-dfbf-4a79-9cef-a96143bc57ff,"#N/A","#N/A",false,Web,"#N/A","#N/A",Medium,"#N/A",New,Subject_aujgq,"#N/A","#N/A","#N/A","#N/A","#N/A"
29898850-88b8-478e-861b-c5c63497ec38,"#N/A","#N/A",false,Web,"#N/A","#N/A",Medium,"#N/A",New,Subject_auvlw,"#N/A","#N/A","#N/A","#N/A","#N/A"
2989e79a-e52e-4cb9-aa06-13009a69b508,"#N/A","#N/A",false,Web,"#N/A","#N/A",Medium,"#N/A",New,Subject_rfbvs,"#N/A","#N/A","#N/A","#N/A","#N/A"
298cf946-2031-4fd3-ac65-9f58663b4e20,"#N/A","#N/A",false,Web,"#N/A","#N/A",Medium,"#N/A",New,Subject_jwykz,"#N/A","#N/A","#N/A","#N/A","#N/A"
298d1d4b-f698-48bb-8d70-8c37e9d91a64,"#N/A","#N/A",false,Web,"#N/A","#N/A",Medium,"#N/A",New,Subject_gmumf,"#N/A","#N/A","#N/A","#N/A","#N/A"
299ba2ba-60e5-42e6-8ebb-177064c087c0,"#N/A","#N/A",false,Web,"#N/A","#N/A",Medium,"#N/A",New,Subject_ekmkd,"#N/A","#N/A","#N/A","#N/A","#N/A"
299e9d9e-7ecb-4736-8fb9-98cf376bd60d,"#N/A","#N/A",false,Web,"#N/A","#N/A",Medium,"#N/A",New,Subject_fhviv,"#N/A","#N/A","#N/A","#N/A","#N/A"
29a033ac-3c3f-4dab-a1a6-715832694b4c,"#N/A","#N/A",false,Web,"#N/A","#N/A",Medium,"#N/A",New,Subject_xciol,"#N/A","#N/A","#N/A","#N/A","#N/A"
29a52de8-c50f-47b1-9be1-5fbd92222fe5,"#N/A","#N/A",false,Web,"#N/A","#N/A",Medium,"#N/A",New,Subject_znyrj,"#N/A","#N/A","#N/A","#N/A","#N/A"
29a9ccc3-1473-4d9e-8613-02ff02f04023,"#N/A","#N/A",false,Web,"#N/A","#N/A",Medium,"#N/A",New,Subject_owrkz,"#N/A","#N/A","#N/A","#N/A","#N/A"
29ac8a72-7171-4b42-bb21-eb8a7278739f,"#N/A","#N/A",false,Web,"#N/A","#N/A",Medium,"#N/A",New,Subject_rqbmp,"#N/A","#N/A","#N/A","#N/A","#N/A"
29ad9633-2680-4343-baf1-f7b91e28c31a,"#N/A","#N/A",false,Web,"#N/A","#N/A",Medium,"#N/A",New,Subject_wmciw,"#N/A","#N/A","#N/A","#N/A","#N/A"
29af9aac-7481-4d55-bbf7-33ed5ed15e15,"#N/A","#N/A",false,Web,"#N/A","#N/A",Medium,"#N/A",New,Subject_samua,"#N/A","#N/A","#N/A","#N/A","#N/A"
29afb2e5-c9d1-4178-8326-a632fbb65493,"#N/A","#N/A",false,Web,"#N/A","#N/A",Medium,"#N/A",New,Subject_ptafs,"#N/A","#N/A","#N/A","#N/A","#N/A"
29b1b1bc-9bc2-4bd8-b657-c4d4ca0fe2ab,"#N/A","#N/A",false,Web,"#N/A","#N/A",Medium,"#N/A",New,Subject_wymaq,"#N/A","#N/A","#N/A","#N/A","#N/A"
29b7ac30-35e3-4f91-9112-d32b9abdac88,"#N/A","#N/A",false,Web,"#N/A","#N/A",Medium,"#N/A",New,Subject_xjzqs,"#N/A","#N/A","#N/A","#N/A","#N/A"
29b973fd-e7c3-4654-b7ea-2b04715b9326,"#N/A","#N/A",false,Web,"#N/A","#N/A",Medium,"#N/A",New,Subject_bdwaw,"#N/A","#N/A","#N/A","#N/A","#N/A"
29bcb1c6-dced-47f7-ab53-da6f0a093c31,"#N/A","#N/A",false,Web,"#N/A","#N/A",Medium,"#N/A",New,Subject_pcrvb,"#N/A","#N/A","#N/A","#N/A","#N/A"
29bce3f2-e541-4674-b789-9631c5dc5b0f,"#N/A","#N/A",false,Web,"#N/A","#N/A",Medium,"#N/A",New,Subject_ubhei,"#N/A","#N/A","#N/A","#N/A","#N/A"
29bd4a5a-9051-449f-8143-ee9c2596a840,"#N/A","#N/A",false,Web,"#N/A","#N/A",Medium,"#N/A",New,Subject_vvcuv,"#N/A","#N/A","#N/A","#N/A","#N/A"
29c144d4-d74f-400a-ac37-3d904518aa1e,"#N/A","#N/A",false,Web,"#N/A","#N/A",Medium,"#N/A",New,Subject_eppmh,"#N/A","#N/A","#N/A","#N/A","#N/A"
29c31088-3138-41e0-9020-b60166afb3f4,"#N/A","#N/A",false,Web,"#N/A","#N/A",Medium,"#N/A",New,Subject_witvt,"#N/A","#N/A","#N/A","#N/A","#N/A"
29c451d2-4864-470f-b66e-c303a00bb785,"#N/A","#N/A",false,Web,"#N/A","#N/A",Medium,"#N/A",New,Subject_drmrr,"#N/A","#N/A","#N/A","#N/A","#N/A"
29c54682-d96d-42d2-928b-ed2bc633a8f4,"#N/A","#N/A",false,Web,"#N/A","#N/A",Medium,"#N/A",New,Subject_fdxhv,"#N/A","#N/A","#N/A","#N/A","#N/A"
29cb6c74-ad74-4c96-b90a-50da6e068ae5,"#N/A","#N/A",false,Web,"#N/A","#N/A",Medium,"#N/A",New,Subject_rtuci,"#N/A","#N/A","#N/A","#N/A","#N/A"
29cd1320-8c26-4715-969e-93c618873b4d,"#N/A","#N/A",false,Web,"#N/A","#N/A",Medium,"#N/A",New,Subject_jfrrn,"#N/A","#N/A","#N/A","#N/A","#N/A"
29cd6180-b50c-42c7-9ec2-2b05a4125170,"#N/A","#N/A",false,Web,"#N/A","#N/A",Medium,"#N/A",New,Subject_joioa,"#N/A","#N/A","#N/A","#N/A","#N/A"
29ce7cad-64ba-4aee-a26a-bd13df7e2966,"#N/A","#N/A",false,Web,"#N/A","#N/A",Medium,"#N/A",New,Subject_fcjer,"#N/A","#N/A","#N/A","#N/A","#N/A"
29cf378f-2eb4-4143-8f88-7cad648e881e,"#N/A","#N/A",false,Web,"#N/A","#N/A",Medium,"#N/A",New,Subject_ikoui,"#N/A","#N/A","#N/A","#N/A","#N/A"
29d46153-57f3-4ebb-b02d-a6fd7aed0214,"#N/A","#N/A",false,Web,"#N/A","#N/A",Medium,"#N/A",New,Subject_ozmlz,"#N/A","#N/A","#N/A","#N/A","#N/A"
29d529aa-543f-4aff-b739-a70b2d1267e9,"#N/A","#N/A",false,Web,"#N/A","#N/A",Medium,"#N/A",New,Subject_saihr,"#N/A","#N/A","#N/A","#N/A","#N/A"
29d644be-ef34-4c01-8798-c0754215a07f,"#N/A","#N/A",false,Web,"#N/A","#N/A",Medium,"#N/A",New,Subject_aoohc,"#N/A","#N/A","#N/A","#N/A","#N/A"
29dc57cf-db0e-4002-b533-c9512ae8c476,"#N/A","#N/A",false,Web,"#N/A","#N/A",Medium,"#N/A",New,Subject_zkayo,"#N/A","#N/A","#N/A","#N/A","#N/A"
29df79c6-3c87-4d32-a168-44c802a2f09f,"#N/A","#N/A",false,Web,"#N/A","#N/A",Medium,"#N/A",New,Subject_zwvmh,"#N/A","#N/A","#N/A","#N/A","#N/A"
29e07387-3af8-49c4-be57-ee540f642bc3,"#N/A","#N/A",false,Web,"#N/A","#N/A",Medium,"#N/A",New,Subject_cekef,"#N/A","#N/A","#N/A","#N/A","#N/A"
29e14b98-8031-475a-9844-1a643b375806,"#N/A","#N/A",false,Web,"#N/A","#N/A",Medium,"#N/A",New,Subject_rxnco,"#N/A","#N/A","#N/A","#N/A","#N/A"
29e2ed06-218a-497e-a980-cefcde361197,"#N/A","#N/A",false,Web,"#N/A","#N/A",Medium,"#N/A",New,Subject_mgcla,"#N/A","#N/A","#N/A","#N/A","#N/A"
29e3caa7-6092-42ed-8eed-f4434fc3837c,"#N/A","#N/A",false,Web,"#N/A","#N/A",Medium,"#N/A",New,Subject_lwmxr,"#N/A","#N/A","#N/A","#N/A","#N/A"
29e8825d-b92d-4ce2-8119-a65f89f17895,"#N/A","#N/A",false,Web,"#N/A","#N/A",Medium,"#N/A",New,Subject_gmvpv,"#N/A","#N/A","#N/A","#N/A","#N/A"
29ef1d8d-47b4-473c-bb60-8079f617d3ab,"#N/A","#N/A",false,Web,"#N/A","#N/A",Medium,"#N/A",New,Subject_nbdmp,"#N/A","#N/A","#N/A","#N/A","#N/A"
29f17613-1a47-4815-ad4c-fcd91dccd4b4,"#N/A","#N/A",false,Web,"#N/A","#N/A",Medium,"#N/A",New,Subject_whsdp,"#N/A","#N/A","#N/A","#N/A","#N/A"
29f327bc-2dea-4560-a887-18f4371d1d9c,"#N/A","#N/A",false,Web,"#N/A","#N/A",Medium,"#N/A",New,Subject_kgaya,"#N/A","#N/A","#N/A","#N/A","#N/A"
29f5b82e-94de-4e08-92da-30ac388b19fa,"#N/A","#N/A",false,Web,"#N/A","#N/A",Medium,"#N/A",New,Subject_xwyul,"#N/A","#N/A","#N/A","#N/A","#N/A"
29f8a3ba-5d57-4314-b9d4-028b43b65866,"#N/A","#N/A",false,Web,"#N/A","#N/A",Medium,"#N/A",New,Subject_lppaz,"#N/A","#N/A","#N/A","#N/A","#N/A"
29fb9be2-07ad-4e31-b1f6-4e1b202a0b5f,"#N/A","#N/A",false,Web,"#N/A","#N/A",Medium,"#N/A",New,Subject_hcxmo,"#N/A","#N/A","#N/A","#N/A","#N/A"
2a015d3f-a7d2-455f-849d-e321b124c0f4,"#N/A","#N/A",false,Web,"#N/A","#N/A",Medium,"#N/A",New,Subject_pponm,"#N/A","#N/A","#N/A","#N/A","#N/A"
2a0441c9-7839-4042-a08d-74db9612d950,"#N/A","#N/A",false,Web,"#N/A","#N/A",Medium,"#N/A",New,Subject_hbevj,"#N/A","#N/A","#N/A","#N/A","#N/A"
2a082f54-bb30-4556-97f2-b87a3e7cb43a,"#N/A","#N/A",false,Web,"#N/A","#N/A",Medium,"#N/A",New,Subject_ichhp,"#N/A","#N/A","#N/A","#N/A","#N/A"
2a09335b-d2bb-4e20-9281-6adf3ec00653,"#N/A","#N/A",false,Web,"#N/A","#N/A",Medium,"#N/A",New,Subject_gqdwz,"#N/A","#N/A","#N/A","#N/A","#N/A"
2a10da59-99c1-477c-8a06-56afa13e217d,"#N/A","#N/A",false,Web,"#N/A","#N/A",Medium,"#N/A",New,Subject_lntzj,"#N/A","#N/A","#N/A","#N/A","#N/A"
2a112e66-2f5b-4d30-b188-718820c565d9,"#N/A","#N/A",false,Web,"#N/A","#N/A",Medium,"#N/A",New,Subject_nkrqn,"#N/A","#N/A","#N/A","#N/A","#N/A"
2a12abf2-9ba2-451d-8faf-a5fa0924d682,"#N/A","#N/A",false,Web,"#N/A","#N/A",Medium,"#N/A",New,Subject_vsfjl,"#N/A","#N/A","#N/A","#N/A","#N/A"
2a220228-acfd-45b7-8a1e-b583a99a5cdd,"#N/A","#N/A",false,Web,"#N/A","#N/A",Medium,"#N/A",New,Subject_kgran,"#N/A","#N/A","#N/A","#N/A","#N/A"
2a2374f2-4299-4faa-8411-b89fa514ded4,"#N/A","#N/A",false,Web,"#N/A","#N/A",Medium,"#N/A",New,Subject_ghwta,"#N/A","#N/A","#N/A","#N/A","#N/A"
2a23fe69-4f89-4116-92cb-8965ffda2df1,"#N/A","#N/A",false,Web,"#N/A","#N/A",Medium,"#N/A",New,Subject_zbjzp,"#N/A","#N/A","#N/A","#N/A","#N/A"
2a24c3c1-1c86-40c9-82f8-cef1b9da29ad,"#N/A","#N/A",false,Web,"#N/A","#N/A",Medium,"#N/A",New,Subject_nzyae,"#N/A","#N/A","#N/A","#N/A","#N/A"
2a27fa7e-bda9-4a36-be0f-b26b3d4fc852,"#N/A","#N/A",false,Web,"#N/A","#N/A",Medium,"#N/A",New,Subject_xldng,"#N/A","#N/A","#N/A","#N/A","#N/A"
2a293953-4bbd-46dc-820f-ca2a1da4370d,"#N/A","#N/A",false,Web,"#N/A","#N/A",Medium,"#N/A",New,Subject_hlqsm,"#N/A","#N/A","#N/A","#N/A","#N/A"
2a29ec2c-4008-4c07-ae70-27125e9e3572,"#N/A","#N/A",false,Web,"#N/A","#N/A",Medium,"#N/A",New,Subject_spzwd,"#N/A","#N/A","#N/A","#N/A","#N/A"
2a2b6469-388d-4e59-afd6-16050433832f,"#N/A","#N/A",false,Web,"#N/A","#N/A",Medium,"#N/A",New,Subject_rycej,"#N/A","#N/A","#N/A","#N/A","#N/A"
2a2bc127-971d-4d58-9ff3-764e629b3464,"#N/A","#N/A",false,Web,"#N/A","#N/A",Medium,"#N/A",New,Subject_loylo,"#N/A","#N/A","#N/A","#N/A","#N/A"
2a2bcd2d-2eb9-4aa5-b51e-1d3670019d82,"#N/A","#N/A",false,Web,"#N/A","#N/A",Medium,"#N/A",New,Subject_vckay,"#N/A","#N/A","#N/A","#N/A","#N/A"
2a2c09c2-b516-482a-8871-0990639fdd50,"#N/A","#N/A",false,Web,"#N/A","#N/A",Medium,"#N/A",New,Subject_xedxq,"#N/A","#N/A","#N/A","#N/A","#N/A"
2a2cbc07-6ffe-44b2-8c2c-c52e2110140b,"#N/A","#N/A",false,Web,"#N/A","#N/A",Medium,"#N/A",New,Subject_kzwph,"#N/A","#N/A","#N/A","#N/A","#N/A"
2a2ec0f3-7ab1-4f32-b7b1-f7748ddcc356,"#N/A","#N/A",false,Web,"#N/A","#N/A",Medium,"#N/A",New,Subject_pxnoi,"#N/A","#N/A","#N/A","#N/A","#N/A"
2a2fc1e1-497d-4d7e-9f5e-60974c1bbb45,"#N/A","#N/A",false,Web,"#N/A","#N/A",Medium,"#N/A",New,Subject_zqmqo,"#N/A","#N/A","#N/A","#N/A","#N/A"
2a2fc29e-1c0a-4d48-9621-5db4209d5971,"#N/A","#N/A",false,Web,"#N/A","#N/A",Medium,"#N/A",New,Subject_gliww,"#N/A","#N/A","#N/A","#N/A","#N/A"
2a3b7c86-3ead-4e9c-bdce-ccadc39f8103,"#N/A","#N/A",false,Web,"#N/A","#N/A",Medium,"#N/A",New,Subject_vacsq,"#N/A","#N/A","#N/A","#N/A","#N/A"
2a3d62cb-ea6e-471f-9044-e491d6b63450,"#N/A","#N/A",false,Web,"#N/A","#N/A",Medium,"#N/A",New,Subject_iqrpz,"#N/A","#N/A","#N/A","#N/A","#N/A"
2a3f32f9-985f-49b8-8ac5-58b1759dbf88,"#N/A","#N/A",false,Web,"#N/A","#N/A",Medium,"#N/A",New,Subject_wefpo,"#N/A","#N/A","#N/A","#N/A","#N/A"
2a417c0c-1bd9-48eb-bda3-16f9291bcf25,"#N/A","#N/A",false,Web,"#N/A","#N/A",Medium,"#N/A",New,Subject_catkt,"#N/A","#N/A","#N/A","#N/A","#N/A"
2a4a7452-8445-418b-b132-7f4f36603959,"#N/A","#N/A",false,Web,"#N/A","#N/A",Medium,"#N/A",New,Subject_bxqdt,"#N/A","#N/A","#N/A","#N/A","#N/A"
2a53fd75-0c10-47ce-ada4-5c1c7c0efd27,"#N/A","#N/A",false,Web,"#N/A","#N/A",Medium,"#N/A",New,Subject_avsfe,"#N/A","#N/A","#N/A","#N/A","#N/A"
2a5660bb-d558-4915-ba00-48cbcdb832f2,"#N/A","#N/A",false,Web,"#N/A","#N/A",Medium,"#N/A",New,Subject_ieltk,"#N/A","#N/A","#N/A","#N/A","#N/A"
2a58f1d3-bdef-449b-a9a8-3db72273bc3f,"#N/A","#N/A",false,Web,"#N/A","#N/A",Medium,"#N/A",New,Subject_pywil,"#N/A","#N/A","#N/A","#N/A","#N/A"
2a5e004f-ed17-488d-89e3-c6280640387b,"#N/A","#N/A",false,Web,"#N/A","#N/A",Medium,"#N/A",New,Subject_vwbkv,"#N/A","#N/A","#N/A","#N/A","#N/A"
2a6325c4-1720-4ab8-9fee-19a58fc8f810,"#N/A","#N/A",false,Web,"#N/A","#N/A",Medium,"#N/A",New,Subject_btpkr,"#N/A","#N/A","#N/A","#N/A","#N/A"
2a67bd0e-3c96-4a54-ae8e-c827951d6694,"#N/A","#N/A",false,Web,"#N/A","#N/A",Medium,"#N/A",New,Subject_pccrn,"#N/A","#N/A","#N/A","#N/A","#N/A"
2a686fd6-79c5-4a11-9387-cbdb9193f7b3,"#N/A","#N/A",false,Web,"#N/A","#N/A",Medium,"#N/A",New,Subject_oflaq,"#N/A","#N/A","#N/A","#N/A","#N/A"
2a690679-2e32-44d7-b700-82026da9261d,"#N/A","#N/A",false,Web,"#N/A","#N/A",Medium,"#N/A",New,Subject_neudw,"#N/A","#N/A","#N/A","#N/A","#N/A"
2a6a93b3-9e96-417e-a742-857832774b95,"#N/A","#N/A",false,Web,"#N/A","#N/A",Medium,"#N/A",New,Subject_fejak,"#N/A","#N/A","#N/A","#N/A","#N/A"
2a6cbc43-9711-42f1-823e-8b0ac999ce4c,"#N/A","#N/A",false,Web,"#N/A","#N/A",Medium,"#N/A",New,Subject_akzam,"#N/A","#N/A","#N/A","#N/A","#N/A"
2a6e05fb-44d0-49b9-8c00-391bd62a567e,"#N/A","#N/A",false,Web,"#N/A","#N/A",Medium,"#N/A",New,Subject_hurcu,"#N/A","#N/A","#N/A","#N/A","#N/A"
2a7419f1-660d-42a0-82ad-19f33ae32c49,"#N/A","#N/A",false,Web,"#N/A","#N/A",Medium,"#N/A",New,Subject_ogyzl,"#N/A","#N/A","#N/A","#N/A","#N/A"
2a7a3464-d481-4b79-85f1-5063b574281f,"#N/A","#N/A",false,Web,"#N/A","#N/A",Medium,"#N/A",New,Subject_mzdxh,"#N/A","#N/A","#N/A","#N/A","#N/A"
2a7e07fc-82e1-47b0-966a-0fdb80fb0e7d,"#N/A","#N/A",false,Web,"#N/A","#N/A",Medium,"#N/A",New,Subject_tsjyw,"#N/A","#N/A","#N/A","#N/A","#N/A"
2a7e655c-3b81-4e38-9b32-f28c9c9de4ba,"#N/A","#N/A",false,Web,"#N/A","#N/A",Medium,"#N/A",New,Subject_awpbo,"#N/A","#N/A","#N/A","#N/A","#N/A"
2a7ea6b1-d76e-4c35-ae89-9a0b79e15827,"#N/A","#N/A",false,Web,"#N/A","#N/A",Medium,"#N/A",New,Subject_nhwtd,"#N/A","#N/A","#N/A","#N/A","#N/A"
2a7f8e3f-1ae7-42ac-a828-70e526e3c885,"#N/A","#N/A",false,Web,"#N/A","#N/A",Medium,"#N/A",New,Subject_vdtln,"#N/A","#N/A","#N/A","#N/A","#N/A"
2a872da0-8a12-4b32-b2af-7baa94e9ad79,"#N/A","#N/A",false,Web,"#N/A","#N/A",Medium,"#N/A",New,Subject_jfshh,"#N/A","#N/A","#N/A","#N/A","#N/A"
2a8747e7-8980-4a41-a082-b3e092316754,"#N/A","#N/A",false,Web,"#N/A","#N/A",Medium,"#N/A",New,Subject_jimpi,"#N/A","#N/A","#N/A","#N/A","#N/A"
2a8c3941-2563-484e-afb0-2bbd68d4d76f,"#N/A","#N/A",false,Web,"#N/A","#N/A",Medium,"#N/A",New,Subject_punvg,"#N/A","#N/A","#N/A","#N/A","#N/A"
2a8cff0a-5cdd-466e-8cff-59dd0a01fe6a,"#N/A","#N/A",false,Web,"#N/A","#N/A",Medium,"#N/A",New,Subject_jasna,"#N/A","#N/A","#N/A","#N/A","#N/A"
2a92627b-7c08-4802-bbee-1b033a7d9801,"#N/A","#N/A",false,Web,"#N/A","#N/A",Medium,"#N/A",New,Subject_sqanl,"#N/A","#N/A","#N/A","#N/A","#N/A"
2a942527-cdcf-4bf9-97aa-4210b89e5e00,"#N/A","#N/A",false,Web,"#N/A","#N/A",Medium,"#N/A",New,Subject_zeiuv,"#N/A","#N/A","#N/A","#N/A","#N/A"
2a9797cb-d66b-4c4c-9aec-64d663c9add9,"#N/A","#N/A",false,Web,"#N/A","#N/A",Medium,"#N/A",New,Subject_gdlna,"#N/A","#N/A","#N/A","#N/A","#N/A"
2a99f6fb-8804-4cf4-80e8-90543e309505,"#N/A","#N/A",false,Web,"#N/A","#N/A",Medium,"#N/A",New,Subject_mllhk,"#N/A","#N/A","#N/A","#N/A","#N/A"
2a9aa4eb-b26d-4ecb-a134-f2fc37260af8,"#N/A","#N/A",false,Web,"#N/A","#N/A",Medium,"#N/A",New,Subject_iwdqc,"#N/A","#N/A","#N/A","#N/A","#N/A"
2a9c72a2-3659-4c7a-b8ae-382101974998,"#N/A","#N/A",false,Web,"#N/A","#N/A",Medium,"#N/A",New,Subject_tycaq,"#N/A","#N/A","#N/A","#N/A","#N/A"
2a9ce271-33d8-4742-b7d6-eeb6b7f0a788,"#N/A","#N/A",false,Web,"#N/A","#N/A",Medium,"#N/A",New,Subject_mryjv,"#N/A","#N/A","#N/A","#N/A","#N/A"
2a9e27c0-ebd4-4df1-a785-4f88baa3512a,"#N/A","#N/A",false,Web,"#N/A","#N/A",Medium,"#N/A",New,Subject_bbpcx,"#N/A","#N/A","#N/A","#N/A","#N/A"
2aa0dfe3-0404-4f84-acab-5dc102d3d30a,"#N/A","#N/A",false,Web,"#N/A","#N/A",Medium,"#N/A",New,Subject_dkobr,"#N/A","#N/A","#N/A","#N/A","#N/A"
2aa31ff1-fa4b-437e-b5f4-77537fc21c4b,"#N/A","#N/A",false,Web,"#N/A","#N/A",Medium,"#N/A",New,Subject_ngygq,"#N/A","#N/A","#N/A","#N/A","#N/A"
2aab197d-0c9e-480b-95cc-9185b681a1b9,"#N/A","#N/A",false,Web,"#N/A","#N/A",Medium,"#N/A",New,Subject_wuekh,"#N/A","#N/A","#N/A","#N/A","#N/A"
2aabe67f-07e8-4050-b6b8-89a64d2c5502,"#N/A","#N/A",false,Web,"#N/A","#N/A",Medium,"#N/A",New,Subject_huwfy,"#N/A","#N/A","#N/A","#N/A","#N/A"
2aaf7f12-f4e1-4293-9824-5a7973326c07,"#N/A","#N/A",false,Web,"#N/A","#N/A",Medium,"#N/A",New,Subject_zbgdz,"#N/A","#N/A","#N/A","#N/A","#N/A"
2ab26146-61fd-443b-9a20-17d88439aafe,"#N/A","#N/A",false,Web,"#N/A","#N/A",Medium,"#N/A",New,Subject_kcsbg,"#N/A","#N/A","#N/A","#N/A","#N/A"
2ab30e34-faa8-4683-bb06-c824b0d3e7b4,"#N/A","#N/A",false,Web,"#N/A","#N/A",Medium,"#N/A",New,Subject_jnvur,"#N/A","#N/A","#N/A","#N/A","#N/A"
2ab6389f-e0ce-447a-a927-fe5cef1de233,"#N/A","#N/A",false,Web,"#N/A","#N/A",Medium,"#N/A",New,Subject_mgncr,"#N/A","#N/A","#N/A","#N/A","#N/A"
2ab98cf8-d5d6-48b4-914d-24a068b78f53,"#N/A","#N/A",false,Web,"#N/A","#N/A",Medium,"#N/A",New,Subject_kymft,"#N/A","#N/A","#N/A","#N/A","#N/A"
2ab9b272-0d4f-4733-9103-ef7e7d2bb364,"#N/A","#N/A",false,Web,"#N/A","#N/A",Medium,"#N/A",New,Subject_fuojo,"#N/A","#N/A","#N/A","#N/A","#N/A"
2abb4570-baad-473b-b8b6-d36869730003,"#N/A","#N/A",false,Web,"#N/A","#N/A",Medium,"#N/A",New,Subject_mpymx,"#N/A","#N/A","#N/A","#N/A","#N/A"
2abc5fc5-74d9-49d2-a939-4542342df4d3,"#N/A","#N/A",false,Web,"#N/A","#N/A",Medium,"#N/A",New,Subject_xzdpu,"#N/A","#N/A","#N/A","#N/A","#N/A"
2abdd56a-808f-47ed-99ac-576a84334593,"#N/A","#N/A",false,Web,"#N/A","#N/A",Medium,"#N/A",New,Subject_eqwtg,"#N/A","#N/A","#N/A","#N/A","#N/A"
2abf9611-0672-4a6f-a9f5-87cb6884b1e9,"#N/A","#N/A",false,Web,"#N/A","#N/A",Medium,"#N/A",New,Subject_xixid,"#N/A","#N/A","#N/A","#N/A","#N/A"
2ac0262c-c6fa-4479-a1f9-6e006b84976d,"#N/A","#N/A",false,Web,"#N/A","#N/A",Medium,"#N/A",New,Subject_tlawd,"#N/A","#N/A","#N/A","#N/A","#N/A"
2ac1062d-af31-4adb-acc9-eafb64401473,"#N/A","#N/A",false,Web,"#N/A","#N/A",Medium,"#N/A",New,Subject_fhlog,"#N/A","#N/A","#N/A","#N/A","#N/A"
2ac55753-e30d-4114-9121-dae2210280ec,"#N/A","#N/A",false,Web,"#N/A","#N/A",Medium,"#N/A",New,Subject_vpemc,"#N/A","#N/A","#N/A","#N/A","#N/A"
2ac7bb50-93f0-4e20-83f9-dd4505483978,"#N/A","#N/A",false,Web,"#N/A","#N/A",Medium,"#N/A",New,Subject_etpxf,"#N/A","#N/A","#N/A","#N/A","#N/A"
2aca0282-e53d-4c56-a20c-e95ea1a4601d,"#N/A","#N/A",false,Web,"#N/A","#N/A",Medium,"#N/A",New,Subject_egedm,"#N/A","#N/A","#N/A","#N/A","#N/A"
2acddd01-b103-453a-842d-3299083d0dda,"#N/A","#N/A",false,Web,"#N/A","#N/A",Medium,"#N/A",New,Subject_fkdvz,"#N/A","#N/A","#N/A","#N/A","#N/A"
2ad433eb-c321-44a9-b917-6f1c82751457,"#N/A","#N/A",false,Web,"#N/A","#N/A",Medium,"#N/A",New,Subject_hpewn,"#N/A","#N/A","#N/A","#N/A","#N/A"
2ad453e9-9277-44b2-b52e-d88ffd689807,"#N/A","#N/A",false,Web,"#N/A","#N/A",Medium,"#N/A",New,Subject_xidrq,"#N/A","#N/A","#N/A","#N/A","#N/A"
2ad6bb86-9ba2-4b93-9fed-1887232bbf2e,"#N/A","#N/A",false,Web,"#N/A","#N/A",Medium,"#N/A",New,Subject_rdigc,"#N/A","#N/A","#N/A","#N/A","#N/A"
2ad8d371-85c5-4058-ac47-95b923c66733,"#N/A","#N/A",false,Web,"#N/A","#N/A",Medium,"#N/A",New,Subject_wdnbx,"#N/A","#N/A","#N/A","#N/A","#N/A"
2adaafc3-0fcd-4f2c-aaff-fab8e1982018,"#N/A","#N/A",false,Web,"#N/A","#N/A",Medium,"#N/A",New,Subject_ysyvd,"#N/A","#N/A","#N/A","#N/A","#N/A"
2add4b7c-b864-4ddf-b8b2-9180b0cc238a,"#N/A","#N/A",false,Web,"#N/A","#N/A",Medium,"#N/A",New,Subject_vjlbi,"#N/A","#N/A","#N/A","#N/A","#N/A"
2addbc36-2eb9-42a8-b5ef-30bafcf7034c,"#N/A","#N/A",false,Web,"#N/A","#N/A",Medium,"#N/A",New,Subject_lkzup,"#N/A","#N/A","#N/A","#N/A","#N/A"
2ae5dc98-45e9-4526-bd0e-cd9c131f0d56,"#N/A","#N/A",false,Web,"#N/A","#N/A",Medium,"#N/A",New,Subject_grzkv,"#N/A","#N/A","#N/A","#N/A","#N/A"
2ae83ff2-cfe0-44b5-996b-c1dc795f72c5,"#N/A","#N/A",false,Web,"#N/A","#N/A",Medium,"#N/A",New,Subject_eozdd,"#N/A","#N/A","#N/A","#N/A","#N/A"
2ae99283-ce91-4c2f-91ad-e82f99eaa42c,"#N/A","#N/A",false,Web,"#N/A","#N/A",Medium,"#N/A",New,Subject_vccge,"#N/A","#N/A","#N/A","#N/A","#N/A"
2aed47da-0188-48ea-a65a-6e0463d0af20,"#N/A","#N/A",false,Web,"#N/A","#N/A",Medium,"#N/A",New,Subject_jjrpn,"#N/A","#N/A","#N/A","#N/A","#N/A"
2af0d317-953a-405c-853b-63ee5ea21324,"#N/A","#N/A",false,Web,"#N/A","#N/A",Medium,"#N/A",New,Subject_mlscd,"#N/A","#N/A","#N/A","#N/A","#N/A"
2af52c4a-23ef-455f-a7d0-1308fd3d6704,"#N/A","#N/A",false,Web,"#N/A","#N/A",Medium,"#N/A",New,Subject_lljvy,"#N/A","#N/A","#N/A","#N/A","#N/A"
2afc0637-45e0-46ef-a90b-4656733b7775,"#N/A","#N/A",false,Web,"#N/A","#N/A",Medium,"#N/A",New,Subject_mzxdb,"#N/A","#N/A","#N/A","#N/A","#N/A"
2aff3b07-138a-4371-87d5-a4bed282f86e,"#N/A","#N/A",false,Web,"#N/A","#N/A",Medium,"#N/A",New,Subject_qivvv,"#N/A","#N/A","#N/A","#N/A","#N/A"
2b00c27f-09ad-47bc-a5e2-5b0f6aed4f40,"#N/A","#N/A",false,Web,"#N/A","#N/A",Medium,"#N/A",New,Subject_xstpg,"#N/A","#N/A","#N/A","#N/A","#N/A"
2b0217a5-f3a7-47ea-a0f0-2be051b006d7,"#N/A","#N/A",false,Web,"#N/A","#N/A",Medium,"#N/A",New,Subject_ziqay,"#N/A","#N/A","#N/A","#N/A","#N/A"
2b02ee13-389b-499f-ac28-09f3a390afbd,"#N/A","#N/A",false,Web,"#N/A","#N/A",Medium,"#N/A",New,Subject_btmcm,"#N/A","#N/A","#N/A","#N/A","#N/A"
2b09cf88-bff0-4d5d-a8f6-53c90e77f8ab,"#N/A","#N/A",false,Web,"#N/A","#N/A",Medium,"#N/A",New,Subject_fctur,"#N/A","#N/A","#N/A","#N/A","#N/A"
2b0decdb-17c7-4ecf-a5cc-dc22afdcdf60,"#N/A","#N/A",false,Web,"#N/A","#N/A",Medium,"#N/A",New,Subject_gosjm,"#N/A","#N/A","#N/A","#N/A","#N/A"
2b13f6d7-cef7-4ab3-b546-68b5b3f1ce57,"#N/A","#N/A",false,Web,"#N/A","#N/A",Medium,"#N/A",New,Subject_sifto,"#N/A","#N/A","#N/A","#N/A","#N/A"
2b191d53-e6b7-4626-abe9-430c7b4d0dcc,"#N/A","#N/A",false,Web,"#N/A","#N/A",Medium,"#N/A",New,Subject_jctth,"#N/A","#N/A","#N/A","#N/A","#N/A"
2b1921b5-6cd2-45bb-b84b-b2b40a7fcaa2,"#N/A","#N/A",false,Web,"#N/A","#N/A",Medium,"#N/A",New,Subject_vlcje,"#N/A","#N/A","#N/A","#N/A","#N/A"
2b1980eb-e1d1-4950-b5a8-c9bea17713b0,"#N/A","#N/A",false,Web,"#N/A","#N/A",Medium,"#N/A",New,Subject_xuidi,"#N/A","#N/A","#N/A","#N/A","#N/A"
2b1c6695-914e-4169-9de0-e4cd073a4e7c,"#N/A","#N/A",false,Web,"#N/A","#N/A",Medium,"#N/A",New,Subject_enixr,"#N/A","#N/A","#N/A","#N/A","#N/A"
2b1e07cd-ad14-42c3-a547-ed6d509bf573,"#N/A","#N/A",false,Web,"#N/A","#N/A",Medium,"#N/A",New,Subject_txzqu,"#N/A","#N/A","#N/A","#N/A","#N/A"
2b23d958-c881-4643-80a5-b47e91b7c693,"#N/A","#N/A",false,Web,"#N/A","#N/A",Medium,"#N/A",New,Subject_dszhb,"#N/A","#N/A","#N/A","#N/A","#N/A"
2b26ef36-1523-43ab-b458-79c456389f09,"#N/A","#N/A",false,Web,"#N/A","#N/A",Medium,"#N/A",New,Subject_rlbfs,"#N/A","#N/A","#N/A","#N/A","#N/A"
2b295a40-a849-4128-832a-30da12d626ee,"#N/A","#N/A",false,Web,"#N/A","#N/A",Medium,"#N/A",New,Subject_ggmbr,"#N/A","#N/A","#N/A","#N/A","#N/A"
2b2b1334-9508-4259-b980-59c04dcf7c83,"#N/A","#N/A",false,Web,"#N/A","#N/A",Medium,"#N/A",New,Subject_bkpgt,"#N/A","#N/A","#N/A","#N/A","#N/A"
2b30749a-4040-4f48-b438-35ea7b4a7c10,"#N/A","#N/A",false,Web,"#N/A","#N/A",Medium,"#N/A",New,Subject_lxnxs,"#N/A","#N/A","#N/A","#N/A","#N/A"
2b33e056-18ea-4bb8-aabd-148d10913cb1,"#N/A","#N/A",false,Web,"#N/A","#N/A",Medium,"#N/A",New,Subject_cyvrr,"#N/A","#N/A","#N/A","#N/A","#N/A"
2b34e65b-92f9-46bb-961d-2b60c465c8e5,"#N/A","#N/A",false,Web,"#N/A","#N/A",Medium,"#N/A",New,Subject_cozll,"#N/A","#N/A","#N/A","#N/A","#N/A"
2b390626-9196-48c6-adc8-9f76d4486f9b,"#N/A","#N/A",false,Web,"#N/A","#N/A",Medium,"#N/A",New,Subject_pnyxz,"#N/A","#N/A","#N/A","#N/A","#N/A"
2b3b73fa-98ec-4524-9ae4-6c8bd3baab0a,"#N/A","#N/A",false,Web,"#N/A","#N/A",Medium,"#N/A",New,Subject_pjujd,"#N/A","#N/A","#N/A","#N/A","#N/A"
2b3cdbe2-df9d-4362-bd44-f242fcf5d00e,"#N/A","#N/A",false,Web,"#N/A","#N/A",Medium,"#N/A",New,Subject_tyxig,"#N/A","#N/A","#N/A","#N/A","#N/A"
2b3df5b1-3c30-41bc-9df5-0fec9cb7d0a5,"#N/A","#N/A",false,Web,"#N/A","#N/A",Medium,"#N/A",New,Subject_suegy,"#N/A","#N/A","#N/A","#N/A","#N/A"
2b3e02f9-3de0-43d3-95f6-80135b6dd63a,"#N/A","#N/A",false,Web,"#N/A","#N/A",Medium,"#N/A",New,Subject_hqxzl,"#N/A","#N/A","#N/A","#N/A","#N/A"
2b435af4-9cff-4308-acd5-34c26c1352a7,"#N/A","#N/A",false,Web,"#N/A","#N/A",Medium,"#N/A",New,Subject_jokoc,"#N/A","#N/A","#N/A","#N/A","#N/A"
2b43f525-16ee-473f-9e64-b87f6787b283,"#N/A","#N/A",false,Web,"#N/A","#N/A",Medium,"#N/A",New,Subject_rvwga,"#N/A","#N/A","#N/A","#N/A","#N/A"
2b4470a0-b8a9-4fde-82a7-16a2628c3ad3,"#N/A","#N/A",false,Web,"#N/A","#N/A",Medium,"#N/A",New,Subject_eirhd,"#N/A","#N/A","#N/A","#N/A","#N/A"
2b451c99-ee1b-44d6-9f58-7630ee544a1d,"#N/A","#N/A",false,Web,"#N/A","#N/A",Medium,"#N/A",New,Subject_fyjzq,"#N/A","#N/A","#N/A","#N/A","#N/A"
2b45ebfa-06b6-4395-84a0-de3bde44ca26,"#N/A","#N/A",false,Web,"#N/A","#N/A",Medium,"#N/A",New,Subject_arkyo,"#N/A","#N/A","#N/A","#N/A","#N/A"
2b5037b5-e244-4f42-8be4-606b57df253c,"#N/A","#N/A",false,Web,"#N/A","#N/A",Medium,"#N/A",New,Subject_hpyuu,"#N/A","#N/A","#N/A","#N/A","#N/A"
2b52f617-ec26-4043-95ae-17db85adf8d4,"#N/A","#N/A",false,Web,"#N/A","#N/A",Medium,"#N/A",New,Subject_qrmcn,"#N/A","#N/A","#N/A","#N/A","#N/A"
2b5bc622-edbe-4e29-810b-8c771790956b,"#N/A","#N/A",false,Web,"#N/A","#N/A",Medium,"#N/A",New,Subject_mvzkc,"#N/A","#N/A","#N/A","#N/A","#N/A"
2b5d585c-1efd-4ed2-916d-a62323db8a7a,"#N/A","#N/A",false,Web,"#N/A","#N/A",Medium,"#N/A",New,Subject_execb,"#N/A","#N/A","#N/A","#N/A","#N/A"
2b613f63-739c-4878-973c-210063452559,"#N/A","#N/A",false,Web,"#N/A","#N/A",Medium,"#N/A",New,Subject_poggc,"#N/A","#N/A","#N/A","#N/A","#N/A"
2b61ac62-cf99-42ca-bd4d-7584dcbc0fee,"#N/A","#N/A",false,Web,"#N/A","#N/A",Medium,"#N/A",New,Subject_oekxm,"#N/A","#N/A","#N/A","#N/A","#N/A"
2b66d775-a6b1-4377-88b8-984efc131ee9,"#N/A","#N/A",false,Web,"#N/A","#N/A",Medium,"#N/A",New,Subject_yccfq,"#N/A","#N/A","#N/A","#N/A","#N/A"
2b69f7ef-e538-49fa-bf29-256ce6e6b230,"#N/A","#N/A",false,Web,"#N/A","#N/A",Medium,"#N/A",New,Subject_ivyfe,"#N/A","#N/A","#N/A","#N/A","#N/A"
2b6a826e-4e1b-44ed-b7ea-816637a88497,"#N/A","#N/A",false,Web,"#N/A","#N/A",Medium,"#N/A",New,Subject_scfxz,"#N/A","#N/A","#N/A","#N/A","#N/A"
2b6fa742-0b48-475e-8723-3162c29ec44c,"#N/A","#N/A",false,Web,"#N/A","#N/A",Medium,"#N/A",New,Subject_ffhky,"#N/A","#N/A","#N/A","#N/A","#N/A"
2b7260fa-a2b1-416c-ba66-8255bfe2b5e7,"#N/A","#N/A",false,Web,"#N/A","#N/A",Medium,"#N/A",New,Subject_eofao,"#N/A","#N/A","#N/A","#N/A","#N/A"
2b73c1d8-7e42-442c-8793-be0cea1e9b14,"#N/A","#N/A",false,Web,"#N/A","#N/A",Medium,"#N/A",New,Subject_sxrxu,"#N/A","#N/A","#N/A","#N/A","#N/A"
2b770d31-e677-4782-94dd-4f284953cbbf,"#N/A","#N/A",false,Web,"#N/A","#N/A",Medium,"#N/A",New,Subject_ryonc,"#N/A","#N/A","#N/A","#N/A","#N/A"
2b775f7a-844d-4a2d-b003-cbb821495d59,"#N/A","#N/A",false,Web,"#N/A","#N/A",Medium,"#N/A",New,Subject_arhpl,"#N/A","#N/A","#N/A","#N/A","#N/A"
2b77b891-7ee6-4795-813e-88d560644131,"#N/A","#N/A",false,Web,"#N/A","#N/A",Medium,"#N/A",New,Subject_yepei,"#N/A","#N/A","#N/A","#N/A","#N/A"
2b79a871-ba61-4f63-b5cc-c6dc5cd0b1c4,"#N/A","#N/A",false,Web,"#N/A","#N/A",Medium,"#N/A",New,Subject_iwwly,"#N/A","#N/A","#N/A","#N/A","#N/A"
2b7a781c-a519-4202-83cd-3320b6ab6ca5,"#N/A","#N/A",false,Web,"#N/A","#N/A",Medium,"#N/A",New,Subject_mqrzm,"#N/A","#N/A","#N/A","#N/A","#N/A"
2b7c4e56-179c-49da-a9ef-e7b94b6191bf,"#N/A","#N/A",false,Web,"#N/A","#N/A",Medium,"#N/A",New,Subject_pkbhx,"#N/A","#N/A","#N/A","#N/A","#N/A"
2b7e3292-f5a3-4024-91e0-66c1fae78c78,"#N/A","#N/A",false,Web,"#N/A","#N/A",Medium,"#N/A",New,Subject_vmpcj,"#N/A","#N/A","#N/A","#N/A","#N/A"
2b804dd4-fdb9-4b00-8b31-a568aaa74e54,"#N/A","#N/A",false,Web,"#N/A","#N/A",Medium,"#N/A",New,Subject_ztbny,"#N/A","#N/A","#N/A","#N/A","#N/A"
2b80732d-d928-48de-9a97-a34624c0a1f0,"#N/A","#N/A",false,Web,"#N/A","#N/A",Medium,"#N/A",New,Subject_eqemy,"#N/A","#N/A","#N/A","#N/A","#N/A"
2b812242-52a8-4536-92e0-24ca0cd752dc,"#N/A","#N/A",false,Web,"#N/A","#N/A",Medium,"#N/A",New,Subject_enqdz,"#N/A","#N/A","#N/A","#N/A","#N/A"
2b832764-50b3-4680-9017-0e391fe409c0,"#N/A","#N/A",false,Web,"#N/A","#N/A",Medium,"#N/A",New,Subject_pogpg,"#N/A","#N/A","#N/A","#N/A","#N/A"
2b835ff4-f80d-4ac1-b4e1-da447e2fb79a,"#N/A","#N/A",false,Web,"#N/A","#N/A",Medium,"#N/A",New,Subject_mjqul,"#N/A","#N/A","#N/A","#N/A","#N/A"
2b85cf39-749e-40b5-af6a-6415788c017b,"#N/A","#N/A",false,Web,"#N/A","#N/A",Medium,"#N/A",New,Subject_autka,"#N/A","#N/A","#N/A","#N/A","#N/A"
2b8a0eb6-5f35-4781-a982-772dcb532bf1,"#N/A","#N/A",false,Web,"#N/A","#N/A",Medium,"#N/A",New,Subject_likhh,"#N/A","#N/A","#N/A","#N/A","#N/A"
2b8b3a85-fce5-44e4-891b-f9189783493a,"#N/A","#N/A",false,Web,"#N/A","#N/A",Medium,"#N/A",New,Subject_rkmla,"#N/A","#N/A","#N/A","#N/A","#N/A"
2b8cb5ed-3cdf-449c-8adb-0cdbcadd7f6b,"#N/A","#N/A",false,Web,"#N/A","#N/A",Medium,"#N/A",New,Subject_oixun,"#N/A","#N/A","#N/A","#N/A","#N/A"
2b93f499-b1d4-408c-bc61-50f15a895ccb,"#N/A","#N/A",false,Web,"#N/A","#N/A",Medium,"#N/A",New,Subject_ghlzt,"#N/A","#N/A","#N/A","#N/A","#N/A"
2b97e907-07b0-44f7-95b0-5f8fc019dc0f,"#N/A","#N/A",false,Web,"#N/A","#N/A",Medium,"#N/A",New,Subject_efuhr,"#N/A","#N/A","#N/A","#N/A","#N/A"
2b992d04-8dcd-4dfe-865e-2d73f20e7eab,"#N/A","#N/A",false,Web,"#N/A","#N/A",Medium,"#N/A",New,Subject_ougno,"#N/A","#N/A","#N/A","#N/A","#N/A"
2b995884-ae81-4ef5-ba52-2591b07c4040,"#N/A","#N/A",false,Web,"#N/A","#N/A",Medium,"#N/A",New,Subject_wdguu,"#N/A","#N/A","#N/A","#N/A","#N/A"
2b9a229b-fcc4-48d5-a51f-49ddbdbd788b,"#N/A","#N/A",false,Web,"#N/A","#N/A",Medium,"#N/A",New,Subject_bhois,"#N/A","#N/A","#N/A","#N/A","#N/A"
2b9ff13b-1994-4950-acf3-99aa53bbf30e,"#N/A","#N/A",false,Web,"#N/A","#N/A",Medium,"#N/A",New,Subject_xryno,"#N/A","#N/A","#N/A","#N/A","#N/A"
2ba07db4-d1b1-4676-8998-261758653fdc,"#N/A","#N/A",false,Web,"#N/A","#N/A",Medium,"#N/A",New,Subject_xwlww,"#N/A","#N/A","#N/A","#N/A","#N/A"
2ba0f0fa-26d3-450b-8b49-dc4a02ec5b4f,"#N/A","#N/A",false,Web,"#N/A","#N/A",Medium,"#N/A",New,Subject_mbwcx,"#N/A","#N/A","#N/A","#N/A","#N/A"
2ba33ead-96ed-4f0a-8265-3f05d2da5117,"#N/A","#N/A",false,Web,"#N/A","#N/A",Medium,"#N/A",New,Subject_lbiul,"#N/A","#N/A","#N/A","#N/A","#N/A"
2ba6a497-66f6-4fb9-82dc-4628e05ca869,"#N/A","#N/A",false,Web,"#N/A","#N/A",Medium,"#N/A",New,Subject_tfdrq,"#N/A","#N/A","#N/A","#N/A","#N/A"
2ba829f8-97c9-44cf-9e7b-339d8558f18e,"#N/A","#N/A",false,Web,"#N/A","#N/A",Medium,"#N/A",New,Subject_okvvk,"#N/A","#N/A","#N/A","#N/A","#N/A"
2ba979c2-8938-42fb-95ed-49fea9cb167d,"#N/A","#N/A",false,Web,"#N/A","#N/A",Medium,"#N/A",New,Subject_bjkyo,"#N/A","#N/A","#N/A","#N/A","#N/A"
2ba9d8aa-1d65-4ca3-9abb-f6be89a2c6df,"#N/A","#N/A",false,Web,"#N/A","#N/A",Medium,"#N/A",New,Subject_wkbas,"#N/A","#N/A","#N/A","#N/A","#N/A"
2bb14198-0c4c-455b-980c-50f6447341f1,"#N/A","#N/A",false,Web,"#N/A","#N/A",Medium,"#N/A",New,Subject_wnxne,"#N/A","#N/A","#N/A","#N/A","#N/A"
2bb48ea1-89c4-4189-a0ee-f15347ef911f,"#N/A","#N/A",false,Web,"#N/A","#N/A",Medium,"#N/A",New,Subject_msxal,"#N/A","#N/A","#N/A","#N/A","#N/A"
2bb610cf-e254-403e-9bc7-c46d7fe946ac,"#N/A","#N/A",false,Web,"#N/A","#N/A",Medium,"#N/A",New,Subject_wdbrs,"#N/A","#N/A","#N/A","#N/A","#N/A"
2bb64800-104a-4d0c-86ba-207d951c5400,"#N/A","#N/A",false,Web,"#N/A","#N/A",Medium,"#N/A",New,Subject_ougno,"#N/A","#N/A","#N/A","#N/A","#N/A"
2bb9000e-61f5-4bcf-a4d2-f29dbc3e2d10,"#N/A","#N/A",false,Web,"#N/A","#N/A",Medium,"#N/A",New,Subject_wzyia,"#N/A","#N/A","#N/A","#N/A","#N/A"
2bbae083-5c76-4789-b3d7-fa1076afd4f0,"#N/A","#N/A",false,Web,"#N/A","#N/A",Medium,"#N/A",New,Subject_xkwpi,"#N/A","#N/A","#N/A","#N/A","#N/A"
2bbbc712-5cf6-4ca1-8667-4db14d775a82,"#N/A","#N/A",false,Web,"#N/A","#N/A",Medium,"#N/A",New,Subject_lnyqf,"#N/A","#N/A","#N/A","#N/A","#N/A"
2bc13ed6-184f-43b1-b547-92882028f7ac,"#N/A","#N/A",false,Web,"#N/A","#N/A",Medium,"#N/A",New,Subject_ajicy,"#N/A","#N/A","#N/A","#N/A","#N/A"
2bc1fce2-0775-4620-a2ad-ab3519111cae,"#N/A","#N/A",false,Web,"#N/A","#N/A",Medium,"#N/A",New,Subject_wgoeo,"#N/A","#N/A","#N/A","#N/A","#N/A"
2bc3efd7-539f-4da9-8366-02abc9bf56c9,"#N/A","#N/A",false,Web,"#N/A","#N/A",Medium,"#N/A",New,Subject_qhzdd,"#N/A","#N/A","#N/A","#N/A","#N/A"
2bc8c8a0-663e-4eda-8afb-2d51a88c3027,"#N/A","#N/A",false,Web,"#N/A","#N/A",Medium,"#N/A",New,Subject_rpfup,"#N/A","#N/A","#N/A","#N/A","#N/A"
2bcb7e33-ed92-4061-83b5-5da289a1ab05,"#N/A","#N/A",false,Web,"#N/A","#N/A",Medium,"#N/A",New,Subject_ihpjq,"#N/A","#N/A","#N/A","#N/A","#N/A"
2bcc8493-a278-4467-b05f-06a6c18606ba,"#N/A","#N/A",false,Web,"#N/A","#N/A",Medium,"#N/A",New,Subject_zqzik,"#N/A","#N/A","#N/A","#N/A","#N/A"
2bd054e8-d8f2-4034-a61b-9824f2ed34c6,"#N/A","#N/A",false,Web,"#N/A","#N/A",Medium,"#N/A",New,Subject_zfiql,"#N/A","#N/A","#N/A","#N/A","#N/A"
2bd9d504-1eed-4917-92f4-2f2449b67572,"#N/A","#N/A",false,Web,"#N/A","#N/A",Medium,"#N/A",New,Subject_zhutq,"#N/A","#N/A","#N/A","#N/A","#N/A"
2bddb01a-a73b-4355-a41b-a459f6fc737e,"#N/A","#N/A",false,Web,"#N/A","#N/A",Medium,"#N/A",New,Subject_xlblr,"#N/A","#N/A","#N/A","#N/A","#N/A"
2bddffdc-207b-4520-98f9-ed6bfa6bb5e9,"#N/A","#N/A",false,Web,"#N/A","#N/A",Medium,"#N/A",New,Subject_gpvbn,"#N/A","#N/A","#N/A","#N/A","#N/A"
2be0e031-d65f-4632-90c7-5e8389aa1b70,"#N/A","#N/A",false,Web,"#N/A","#N/A",Medium,"#N/A",New,Subject_furam,"#N/A","#N/A","#N/A","#N/A","#N/A"
2be2cb33-dea6-442e-874b-800c4981961c,"#N/A","#N/A",false,Web,"#N/A","#N/A",Medium,"#N/A",New,Subject_mbqnc,"#N/A","#N/A","#N/A","#N/A","#N/A"
2be4b1d1-6568-4c4a-9003-667ab6975f0c,"#N/A","#N/A",false,Web,"#N/A","#N/A",Medium,"#N/A",New,Subject_fnexj,"#N/A","#N/A","#N/A","#N/A","#N/A"
2be552a4-f88d-47ad-9983-3181e43eb396,"#N/A","#N/A",false,Web,"#N/A","#N/A",Medium,"#N/A",New,Subject_fbnsk,"#N/A","#N/A","#N/A","#N/A","#N/A"
2be666d3-8f91-4391-8609-15c8210c4cc2,"#N/A","#N/A",false,Web,"#N/A","#N/A",Medium,"#N/A",New,Subject_teems,"#N/A","#N/A","#N/A","#N/A","#N/A"
2be9bfa4-6efe-4724-a4c6-db6ff084b2e8,"#N/A","#N/A",false,Web,"#N/A","#N/A",Medium,"#N/A",New,Subject_reaac,"#N/A","#N/A","#N/A","#N/A","#N/A"
2bedc64a-e74e-4151-89d9-a18a49e7925f,"#N/A","#N/A",false,Web,"#N/A","#N/A",Medium,"#N/A",New,Subject_tgaji,"#N/A","#N/A","#N/A","#N/A","#N/A"
2bf0587e-3bc9-48cb-9cc0-6fcdfd4ff009,"#N/A","#N/A",false,Web,"#N/A","#N/A",Medium,"#N/A",New,Subject_kywdo,"#N/A","#N/A","#N/A","#N/A","#N/A"
2bf2bc8a-a0a1-458b-80e7-0816c5fd2610,"#N/A","#N/A",false,Web,"#N/A","#N/A",Medium,"#N/A",New,Subject_lgjuc,"#N/A","#N/A","#N/A","#N/A","#N/A"
2bf45174-5656-4043-bc3d-195e12bdc5ee,"#N/A","#N/A",false,Web,"#N/A","#N/A",Medium,"#N/A",New,Subject_veafa,"#N/A","#N/A","#N/A","#N/A","#N/A"
2bf59f2f-b260-474a-ad4e-ccfb9052dfce,"#N/A","#N/A",false,Web,"#N/A","#N/A",Medium,"#N/A",New,Subject_dkgcp,"#N/A","#N/A","#N/A","#N/A","#N/A"
2bf77c95-cb9d-4cd7-8759-6d4ccbc66def,"#N/A","#N/A",false,Web,"#N/A","#N/A",Medium,"#N/A",New,Subject_uljsh,"#N/A","#N/A","#N/A","#N/A","#N/A"
2bfb29e3-bd2b-4495-9450-4ebd265fca2c,"#N/A","#N/A",false,Web,"#N/A","#N/A",Medium,"#N/A",New,Subject_ezgkr,"#N/A","#N/A","#N/A","#N/A","#N/A"
2bfc8ffd-9919-4035-aac2-ebfb47b2696b,"#N/A","#N/A",false,Web,"#N/A","#N/A",Medium,"#N/A",New,Subject_nqnwl,"#N/A","#N/A","#N/A","#N/A","#N/A"
2bfce7f9-b0c0-4c21-ae24-94daef6e7cf9,"#N/A","#N/A",false,Web,"#N/A","#N/A",Medium,"#N/A",New,Subject_bjwdb,"#N/A","#N/A","#N/A","#N/A","#N/A"
2c00bd7c-957d-4c21-b575-1a99ea987dcb,"#N/A","#N/A",false,Web,"#N/A","#N/A",Medium,"#N/A",New,Subject_uvchf,"#N/A","#N/A","#N/A","#N/A","#N/A"
2c03300a-e2f3-4355-a229-c97f725151cc,"#N/A","#N/A",false,Web,"#N/A","#N/A",Medium,"#N/A",New,Subject_zmsbr,"#N/A","#N/A","#N/A","#N/A","#N/A"
2c03c5b1-825c-44e6-9323-28c2544676f3,"#N/A","#N/A",false,Web,"#N/A","#N/A",Medium,"#N/A",New,Subject_ormgh,"#N/A","#N/A","#N/A","#N/A","#N/A"
2c06aae7-3845-4b5a-833d-0ece55f9205b,"#N/A","#N/A",false,Web,"#N/A","#N/A",Medium,"#N/A",New,Subject_tfxjm,"#N/A","#N/A","#N/A","#N/A","#N/A"
2c0d3458-257b-4cd1-9aa5-476721250847,"#N/A","#N/A",false,Web,"#N/A","#N/A",Medium,"#N/A",New,Subject_aiywv,"#N/A","#N/A","#N/A","#N/A","#N/A"
2c101d68-4a8e-4b95-8d15-27844695b069,"#N/A","#N/A",false,Web,"#N/A","#N/A",Medium,"#N/A",New,Subject_chodo,"#N/A","#N/A","#N/A","#N/A","#N/A"
2c10a42e-e323-4aa4-86d0-817068930293,"#N/A","#N/A",false,Web,"#N/A","#N/A",Medium,"#N/A",New,Subject_xesci,"#N/A","#N/A","#N/A","#N/A","#N/A"
2c158962-0502-4c04-8d81-c2fe983eab24,"#N/A","#N/A",false,Web,"#N/A","#N/A",Medium,"#N/A",New,Subject_bsmru,"#N/A","#N/A","#N/A","#N/A","#N/A"
2c1cbb1f-3f57-487f-bd85-7e8f98e3ad78,"#N/A","#N/A",false,Web,"#N/A","#N/A",Medium,"#N/A",New,Subject_eajgo,"#N/A","#N/A","#N/A","#N/A","#N/A"
2c23534d-b9a5-46e2-961d-283fbb69c739,"#N/A","#N/A",false,Web,"#N/A","#N/A",Medium,"#N/A",New,Subject_pbkpi,"#N/A","#N/A","#N/A","#N/A","#N/A"
2c2449e2-1841-434e-931a-7bb8393aba69,"#N/A","#N/A",false,Web,"#N/A","#N/A",Medium,"#N/A",New,Subject_iklou,"#N/A","#N/A","#N/A","#N/A","#N/A"
2c2a6b58-dfc2-4109-9076-8fdcf68a9a32,"#N/A","#N/A",false,Web,"#N/A","#N/A",Medium,"#N/A",New,Subject_xzzdl,"#N/A","#N/A","#N/A","#N/A","#N/A"
2c2a7fed-3592-4ba9-81b7-f68408b8793a,"#N/A","#N/A",false,Web,"#N/A","#N/A",Medium,"#N/A",New,Subject_jrlvm,"#N/A","#N/A","#N/A","#N/A","#N/A"
2c2debe0-965d-4bce-ab23-bea6d0be5b09,"#N/A","#N/A",false,Web,"#N/A","#N/A",Medium,"#N/A",New,Subject_jtsah,"#N/A","#N/A","#N/A","#N/A","#N/A"
2c30209f-468e-4288-bb49-1335a1c02ad6,"#N/A","#N/A",false,Web,"#N/A","#N/A",Medium,"#N/A",New,Subject_oeqnx,"#N/A","#N/A","#N/A","#N/A","#N/A"
2c305acc-03bd-4294-9389-0d0f65d206bc,"#N/A","#N/A",false,Web,"#N/A","#N/A",Medium,"#N/A",New,Subject_dkobr,"#N/A","#N/A","#N/A","#N/A","#N/A"
2c3194ce-60f1-47d4-bc12-8604e5e2c998,"#N/A","#N/A",false,Web,"#N/A","#N/A",Medium,"#N/A",New,Subject_mhwvb,"#N/A","#N/A","#N/A","#N/A","#N/A"
2c3a3ab5-762d-47b9-a82c-8d866958f0f6,"#N/A","#N/A",false,Web,"#N/A","#N/A",Medium,"#N/A",New,Subject_xmkcb,"#N/A","#N/A","#N/A","#N/A","#N/A"
2c3a8983-5672-4c19-86c8-13bb4ee312f4,"#N/A","#N/A",false,Web,"#N/A","#N/A",Medium,"#N/A",New,Subject_nvxgn,"#N/A","#N/A","#N/A","#N/A","#N/A"
2c3b353c-f67e-460f-b785-3b790ab7f53c,"#N/A","#N/A",false,Web,"#N/A","#N/A",Medium,"#N/A",New,Subject_krjge,"#N/A","#N/A","#N/A","#N/A","#N/A"
2c413fa9-2aa8-4ab8-a65f-5ff1239e47e2,"#N/A","#N/A",false,Web,"#N/A","#N/A",Medium,"#N/A",New,Subject_cqfcy,"#N/A","#N/A","#N/A","#N/A","#N/A"
2c415763-9c9b-44d3-bc5c-b3e4516f0b83,"#N/A","#N/A",false,Web,"#N/A","#N/A",Medium,"#N/A",New,Subject_jmkpz,"#N/A","#N/A","#N/A","#N/A","#N/A"
2c452eac-e689-44c3-9eac-730666b44e41,"#N/A","#N/A",false,Web,"#N/A","#N/A",Medium,"#N/A",New,Subject_asuuu,"#N/A","#N/A","#N/A","#N/A","#N/A"
2c4729b3-3253-4d65-bdff-192f5a7760d5,"#N/A","#N/A",false,Web,"#N/A","#N/A",Medium,"#N/A",New,Subject_kuclr,"#N/A","#N/A","#N/A","#N/A","#N/A"
2c487c96-98cf-4efa-8ba3-36fbce888593,"#N/A","#N/A",false,Web,"#N/A","#N/A",Medium,"#N/A",New,Subject_jffcr,"#N/A","#N/A","#N/A","#N/A","#N/A"
2c49baa2-2d09-4dcc-8486-71e97358b8e6,"#N/A","#N/A",false,Web,"#N/A","#N/A",Medium,"#N/A",New,Subject_fkjtb,"#N/A","#N/A","#N/A","#N/A","#N/A"
2c4a4685-c70c-487c-9c4a-28ece9b31b48,"#N/A","#N/A",false,Web,"#N/A","#N/A",Medium,"#N/A",New,Subject_uiwux,"#N/A","#N/A","#N/A","#N/A","#N/A"
2c51f6bc-7eeb-424c-aada-767af5683aa8,"#N/A","#N/A",false,Web,"#N/A","#N/A",Medium,"#N/A",New,Subject_yxqhh,"#N/A","#N/A","#N/A","#N/A","#N/A"
2c54eb9b-9b8c-4639-8062-f4d57cce2233,"#N/A","#N/A",false,Web,"#N/A","#N/A",Medium,"#N/A",New,Subject_cknqe,"#N/A","#N/A","#N/A","#N/A","#N/A"
2c57de04-65ad-40fb-ae0e-b008be95b816,"#N/A","#N/A",false,Web,"#N/A","#N/A",Medium,"#N/A",New,Subject_ibiea,"#N/A","#N/A","#N/A","#N/A","#N/A"
2c59ab4d-6ddf-44ae-83ca-b8ffd9cc6fe8,"#N/A","#N/A",false,Web,"#N/A","#N/A",Medium,"#N/A",New,Subject_itigo,"#N/A","#N/A","#N/A","#N/A","#N/A"
2c59ea24-a97c-49be-af2c-33a74f270293,"#N/A","#N/A",false,Web,"#N/A","#N/A",Medium,"#N/A",New,Subject_vnbxd,"#N/A","#N/A","#N/A","#N/A","#N/A"
2c5ac9fd-52ea-471b-91b2-6ba4dae930d8,"#N/A","#N/A",false,Web,"#N/A","#N/A",Medium,"#N/A",New,Subject_mezym,"#N/A","#N/A","#N/A","#N/A","#N/A"
2c5c09df-5b23-4269-b5a4-f1e9c16f6c16,"#N/A","#N/A",false,Web,"#N/A","#N/A",Medium,"#N/A",New,Subject_rntzm,"#N/A","#N/A","#N/A","#N/A","#N/A"
2c61c983-fe16-4836-9bfb-8ac9db45e58b,"#N/A","#N/A",false,Web,"#N/A","#N/A",Medium,"#N/A",New,Subject_fmnun,"#N/A","#N/A","#N/A","#N/A","#N/A"
2c6223d7-6198-4bfd-ae3f-c9716095fd59,"#N/A","#N/A",false,Web,"#N/A","#N/A",Medium,"#N/A",New,Subject_uxdgu,"#N/A","#N/A","#N/A","#N/A","#N/A"
2c6352cd-1cec-466f-b147-d8b5425be345,"#N/A","#N/A",false,Web,"#N/A","#N/A",Medium,"#N/A",New,Subject_dcmbe,"#N/A","#N/A","#N/A","#N/A","#N/A"
2c655218-ca6f-4ec4-a22e-e262b226902f,"#N/A","#N/A",false,Web,"#N/A","#N/A",Medium,"#N/A",New,Subject_jztfv,"#N/A","#N/A","#N/A","#N/A","#N/A"
2c67d7ee-145c-4a6d-a9ee-d066256ceeb5,"#N/A","#N/A",false,Web,"#N/A","#N/A",Medium,"#N/A",New,Subject_pqcyw,"#N/A","#N/A","#N/A","#N/A","#N/A"
2c68749a-ceb6-45be-858c-1c8061fc762b,"#N/A","#N/A",false,Web,"#N/A","#N/A",Medium,"#N/A",New,Subject_lnssd,"#N/A","#N/A","#N/A","#N/A","#N/A"
2c6c7a17-4aa3-4d23-9041-95fcb77916df,"#N/A","#N/A",false,Web,"#N/A","#N/A",Medium,"#N/A",New,Subject_peyem,"#N/A","#N/A","#N/A","#N/A","#N/A"
2c6db302-37bd-4e22-a61d-925ddf37d44d,"#N/A","#N/A",false,Web,"#N/A","#N/A",Medium,"#N/A",New,Subject_ibibh,"#N/A","#N/A","#N/A","#N/A","#N/A"
2c80ad87-ceac-451c-8d01-c5a55a6592fb,"#N/A","#N/A",false,Web,"#N/A","#N/A",Medium,"#N/A",New,Subject_xxhkf,"#N/A","#N/A","#N/A","#N/A","#N/A"
2c826a78-4818-4a4f-a214-b1f3fe3088a2,"#N/A","#N/A",false,Web,"#N/A","#N/A",Medium,"#N/A",New,Subject_lmguw,"#N/A","#N/A","#N/A","#N/A","#N/A"
2c83136d-dc30-4c41-87f9-1b66f75aa36c,"#N/A","#N/A",false,Web,"#N/A","#N/A",Medium,"#N/A",New,Subject_cbjgo,"#N/A","#N/A","#N/A","#N/A","#N/A"
2c8b770d-30c4-47a5-9d52-5c7723095c73,"#N/A","#N/A",false,Web,"#N/A","#N/A",Medium,"#N/A",New,Subject_rpqal,"#N/A","#N/A","#N/A","#N/A","#N/A"
2c8d3b1e-3b15-4230-bee5-e274953d96c1,"#N/A","#N/A",false,Web,"#N/A","#N/A",Medium,"#N/A",New,Subject_uherb,"#N/A","#N/A","#N/A","#N/A","#N/A"
2c8fd4d3-e67d-440b-a721-77dc5bede616,"#N/A","#N/A",false,Web,"#N/A","#N/A",Medium,"#N/A",New,Subject_payxd,"#N/A","#N/A","#N/A","#N/A","#N/A"
2c90a70f-7541-4124-ae81-b2e97cdf9eda,"#N/A","#N/A",false,Web,"#N/A","#N/A",Medium,"#N/A",New,Subject_zewzc,"#N/A","#N/A","#N/A","#N/A","#N/A"
2c919465-2733-46bd-a73c-b015145716e9,"#N/A","#N/A",false,Web,"#N/A","#N/A",Medium,"#N/A",New,Subject_uyrys,"#N/A","#N/A","#N/A","#N/A","#N/A"
2c9487f1-e735-4b98-b846-4cdee7844f7c,"#N/A","#N/A",false,Web,"#N/A","#N/A",Medium,"#N/A",New,Subject_zuict,"#N/A","#N/A","#N/A","#N/A","#N/A"
2c96904d-cb41-42ca-88b4-a2d12c8c98e3,"#N/A","#N/A",false,Web,"#N/A","#N/A",Medium,"#N/A",New,Subject_tchsi,"#N/A","#N/A","#N/A","#N/A","#N/A"
2c97b23c-06d9-4669-8edd-acf20da1a7ee,"#N/A","#N/A",false,Web,"#N/A","#N/A",Medium,"#N/A",New,Subject_riijk,"#N/A","#N/A","#N/A","#N/A","#N/A"
2c9e4a00-0435-477a-b110-457b9dee8ab8,"#N/A","#N/A",false,Web,"#N/A","#N/A",Medium,"#N/A",New,Subject_mnkwf,"#N/A","#N/A","#N/A","#N/A","#N/A"
2ca48fae-7b43-469d-b73b-e4cb2ff14a3f,"#N/A","#N/A",false,Web,"#N/A","#N/A",Medium,"#N/A",New,Subject_mbnaj,"#N/A","#N/A","#N/A","#N/A","#N/A"
2ca725de-12c3-418e-b86e-39bd1e49d366,"#N/A","#N/A",false,Web,"#N/A","#N/A",Medium,"#N/A",New,Subject_kmkku,"#N/A","#N/A","#N/A","#N/A","#N/A"
2caca083-2109-45a6-86d7-262b0f185319,"#N/A","#N/A",false,Web,"#N/A","#N/A",Medium,"#N/A",New,Subject_zpvih,"#N/A","#N/A","#N/A","#N/A","#N/A"
2cae0024-1db7-4a14-915a-e5fa20ac92be,"#N/A","#N/A",false,Web,"#N/A","#N/A",Medium,"#N/A",New,Subject_aokmy,"#N/A","#N/A","#N/A","#N/A","#N/A"
2cb0d799-3cb4-476d-bbfd-7942ff03757a,"#N/A","#N/A",false,Web,"#N/A","#N/A",Medium,"#N/A",New,Subject_pseqw,"#N/A","#N/A","#N/A","#N/A","#N/A"
2cb1d772-4771-4bf0-92f8-5ffd4d88bd69,"#N/A","#N/A",false,Web,"#N/A","#N/A",Medium,"#N/A",New,Subject_crkss,"#N/A","#N/A","#N/A","#N/A","#N/A"
2cb62a4d-add3-44df-b380-94d68e5286e2,"#N/A","#N/A",false,Web,"#N/A","#N/A",Medium,"#N/A",New,Subject_rjccl,"#N/A","#N/A","#N/A","#N/A","#N/A"
2cb641a7-bcc1-4dd1-bc06-104627eeff04,"#N/A","#N/A",false,Web,"#N/A","#N/A",Medium,"#N/A",New,Subject_jdvlw,"#N/A","#N/A","#N/A","#N/A","#N/A"
2cb67eed-6d20-4916-a4b1-3dbcbbb08026,"#N/A","#N/A",false,Web,"#N/A","#N/A",Medium,"#N/A",New,Subject_yfcnv,"#N/A","#N/A","#N/A","#N/A","#N/A"
2cb7f031-d6d4-48ce-af78-fbc5cb9e6662,"#N/A","#N/A",false,Web,"#N/A","#N/A",Medium,"#N/A",New,Subject_ykzdx,"#N/A","#N/A","#N/A","#N/A","#N/A"
2cb9f9e2-3b21-489b-8f60-b9e6b703751c,"#N/A","#N/A",false,Web,"#N/A","#N/A",Medium,"#N/A",New,Subject_bctpq,"#N/A","#N/A","#N/A","#N/A","#N/A"
2cba6b9e-985c-481a-a196-fb51ba60258e,"#N/A","#N/A",false,Web,"#N/A","#N/A",Medium,"#N/A",New,Subject_bijub,"#N/A","#N/A","#N/A","#N/A","#N/A"
2cbbe315-12b2-4798-9b00-3846c6759941,"#N/A","#N/A",false,Web,"#N/A","#N/A",Medium,"#N/A",New,Subject_bitxm,"#N/A","#N/A","#N/A","#N/A","#N/A"
2cbc0476-863c-4b84-8d74-4d0d3fa28fd9,"#N/A","#N/A",false,Web,"#N/A","#N/A",Medium,"#N/A",New,Subject_gpyct,"#N/A","#N/A","#N/A","#N/A","#N/A"
2cbc1c05-cd09-4821-9b8a-9257376380ce,"#N/A","#N/A",false,Web,"#N/A","#N/A",Medium,"#N/A",New,Subject_hnvrj,"#N/A","#N/A","#N/A","#N/A","#N/A"
2cbca77a-21e8-4013-b2e7-ab7dedd6032e,"#N/A","#N/A",false,Web,"#N/A","#N/A",Medium,"#N/A",New,Subject_rgudd,"#N/A","#N/A","#N/A","#N/A","#N/A"
2cbd9184-dec8-4d8f-8d65-ca2ef4515e00,"#N/A","#N/A",false,Web,"#N/A","#N/A",Medium,"#N/A",New,Subject_tcjjb,"#N/A","#N/A","#N/A","#N/A","#N/A"
2cbe9738-88fc-4aa8-8a0e-65b6351ee2e4,"#N/A","#N/A",false,Web,"#N/A","#N/A",Medium,"#N/A",New,Subject_cyais,"#N/A","#N/A","#N/A","#N/A","#N/A"
2cc210ff-e791-4df1-a0a6-189d9511255e,"#N/A","#N/A",false,Web,"#N/A","#N/A",Medium,"#N/A",New,Subject_iboae,"#N/A","#N/A","#N/A","#N/A","#N/A"
2cc4aa07-31de-416b-b5a5-81ef201e0861,"#N/A","#N/A",false,Web,"#N/A","#N/A",Medium,"#N/A",New,Subject_wikft,"#N/A","#N/A","#N/A","#N/A","#N/A"
2cc6e824-8888-49ba-84cf-7c438bcbbb2d,"#N/A","#N/A",false,Web,"#N/A","#N/A",Medium,"#N/A",New,Subject_fleyn,"#N/A","#N/A","#N/A","#N/A","#N/A"
2cc82fa5-59a4-4a50-b90f-8210945ec42c,"#N/A","#N/A",false,Web,"#N/A","#N/A",Medium,"#N/A",New,Subject_bcdhx,"#N/A","#N/A","#N/A","#N/A","#N/A"
2cc83077-b79f-4405-869c-e1db67b56461,"#N/A","#N/A",false,Web,"#N/A","#N/A",Medium,"#N/A",New,Subject_adfjg,"#N/A","#N/A","#N/A","#N/A","#N/A"
2cc89416-2243-4cea-b2ac-7718841d9132,"#N/A","#N/A",false,Web,"#N/A","#N/A",Medium,"#N/A",New,Subject_puhnl,"#N/A","#N/A","#N/A","#N/A","#N/A"
2cca88eb-1598-48cd-b9ae-d0e896427cb5,"#N/A","#N/A",false,Web,"#N/A","#N/A",Medium,"#N/A",New,Subject_byvsr,"#N/A","#N/A","#N/A","#N/A","#N/A"
2cd5dba4-c45c-42c9-bdf2-40d35a33de54,"#N/A","#N/A",false,Web,"#N/A","#N/A",Medium,"#N/A",New,Subject_cdjjk,"#N/A","#N/A","#N/A","#N/A","#N/A"
2cd95694-01c2-48b2-8008-c765c5b6d439,"#N/A","#N/A",false,Web,"#N/A","#N/A",Medium,"#N/A",New,Subject_kpsvj,"#N/A","#N/A","#N/A","#N/A","#N/A"
2cdccacc-7d9c-42d4-b4c8-46817d12dab4,"#N/A","#N/A",false,Web,"#N/A","#N/A",Medium,"#N/A",New,Subject_duljg,"#N/A","#N/A","#N/A","#N/A","#N/A"
2ce0951f-4486-4474-9aa0-e79dfb4cb3b3,"#N/A","#N/A",false,Web,"#N/A","#N/A",Medium,"#N/A",New,Subject_vxlha,"#N/A","#N/A","#N/A","#N/A","#N/A"
2ce165ff-245c-40c4-b6ca-01626715700b,"#N/A","#N/A",false,Web,"#N/A","#N/A",Medium,"#N/A",New,Subject_vcsiz,"#N/A","#N/A","#N/A","#N/A","#N/A"
2ce2ebcc-442d-4385-b36b-600884f5fbd1,"#N/A","#N/A",false,Web,"#N/A","#N/A",Medium,"#N/A",New,Subject_vhrzy,"#N/A","#N/A","#N/A","#N/A","#N/A"
2ce5a15e-728e-419b-98e2-07366e1f6e12,"#N/A","#N/A",false,Web,"#N/A","#N/A",Medium,"#N/A",New,Subject_npeyr,"#N/A","#N/A","#N/A","#N/A","#N/A"
2ce7cd30-51dc-463a-b182-de0d05408f1c,"#N/A","#N/A",false,Web,"#N/A","#N/A",Medium,"#N/A",New,Subject_ukqad,"#N/A","#N/A","#N/A","#N/A","#N/A"
2cef3bc7-13c6-491d-9e63-7a21ec49b60c,"#N/A","#N/A",false,Web,"#N/A","#N/A",Medium,"#N/A",New,Subject_gflxd,"#N/A","#N/A","#N/A","#N/A","#N/A"
2cfaa283-d8a2-40f0-bcb8-131c3e50d47b,"#N/A","#N/A",false,Web,"#N/A","#N/A",Medium,"#N/A",New,Subject_vvxum,"#N/A","#N/A","#N/A","#N/A","#N/A"
2cfc0ec6-106f-4903-9251-9a6fe5ffee46,"#N/A","#N/A",false,Web,"#N/A","#N/A",Medium,"#N/A",New,Subject_xtlac,"#N/A","#N/A","#N/A","#N/A","#N/A"
2cfd4718-b73f-4031-8b43-50c4544291d5,"#N/A","#N/A",false,Web,"#N/A","#N/A",Medium,"#N/A",New,Subject_sdqtb,"#N/A","#N/A","#N/A","#N/A","#N/A"
2cfeb71b-63bb-46d8-be15-0fc02b5cd5b9,"#N/A","#N/A",false,Web,"#N/A","#N/A",Medium,"#N/A",New,Subject_muykd,"#N/A","#N/A","#N/A","#N/A","#N/A"
2d01310a-291b-481c-951b-e821bc7fec01,"#N/A","#N/A",false,Web,"#N/A","#N/A",Medium,"#N/A",New,Subject_worak,"#N/A","#N/A","#N/A","#N/A","#N/A"
2d0a391b-372d-438e-899b-c0357f8dc1e7,"#N/A","#N/A",false,Web,"#N/A","#N/A",Medium,"#N/A",New,Subject_svdgm,"#N/A","#N/A","#N/A","#N/A","#N/A"
2d0cfac9-c150-4d93-8995-0f348a8a6950,"#N/A","#N/A",false,Web,"#N/A","#N/A",Medium,"#N/A",New,Subject_iltnv,"#N/A","#N/A","#N/A","#N/A","#N/A"
2d0db015-be04-4288-aa34-85e051f6e975,"#N/A","#N/A",false,Web,"#N/A","#N/A",Medium,"#N/A",New,Subject_vvwbq,"#N/A","#N/A","#N/A","#N/A","#N/A"
2d0e97d1-9708-4a7e-8eae-8a7d63f4f855,"#N/A","#N/A",false,Web,"#N/A","#N/A",Medium,"#N/A",New,Subject_xegde,"#N/A","#N/A","#N/A","#N/A","#N/A"
2d10790b-9f1f-402f-acf9-0fe37e9b3a03,"#N/A","#N/A",false,Web,"#N/A","#N/A",Medium,"#N/A",New,Subject_kxvut,"#N/A","#N/A","#N/A","#N/A","#N/A"
2d120367-6b31-4bd0-b5d5-3161cd9f03df,"#N/A","#N/A",false,Web,"#N/A","#N/A",Medium,"#N/A",New,Subject_yexot,"#N/A","#N/A","#N/A","#N/A","#N/A"
2d12517d-c01a-4eb1-bae4-55685a480121,"#N/A","#N/A",false,Web,"#N/A","#N/A",Medium,"#N/A",New,Subject_gozjx,"#N/A","#N/A","#N/A","#N/A","#N/A"
2d163f42-ae88-442c-9761-a4e5990fda64,"#N/A","#N/A",false,Web,"#N/A","#N/A",Medium,"#N/A",New,Subject_piejh,"#N/A","#N/A","#N/A","#N/A","#N/A"
2d165643-6033-4222-ab86-14384b1856ac,"#N/A","#N/A",false,Web,"#N/A","#N/A",Medium,"#N/A",New,Subject_plrku,"#N/A","#N/A","#N/A","#N/A","#N/A"
2d1a1e4e-7388-4b1b-b353-02a8d8c9cf94,"#N/A","#N/A",false,Web,"#N/A","#N/A",Medium,"#N/A",New,Subject_nqpsf,"#N/A","#N/A","#N/A","#N/A","#N/A"
2d1d33cc-e28b-4cfb-8a3d-75874af19d00,"#N/A","#N/A",false,Web,"#N/A","#N/A",Medium,"#N/A",New,Subject_upcfv,"#N/A","#N/A","#N/A","#N/A","#N/A"
2d1fb6ca-e78a-4f11-8e3f-cc42210f96a1,"#N/A","#N/A",false,Web,"#N/A","#N/A",Medium,"#N/A",New,Subject_vxefb,"#N/A","#N/A","#N/A","#N/A","#N/A"
2d202ad2-0dbb-47a8-8902-5970ff924379,"#N/A","#N/A",false,Web,"#N/A","#N/A",Medium,"#N/A",New,Subject_bsfaz,"#N/A","#N/A","#N/A","#N/A","#N/A"
2d254f8a-9fb7-4fa7-a94a-427c5ce4c190,"#N/A","#N/A",false,Web,"#N/A","#N/A",Medium,"#N/A",New,Subject_wlkbs,"#N/A","#N/A","#N/A","#N/A","#N/A"
2d2a92d8-9fd3-46f2-81d7-8165c5f98295,"#N/A","#N/A",false,Web,"#N/A","#N/A",Medium,"#N/A",New,Subject_oggnx,"#N/A","#N/A","#N/A","#N/A","#N/A"
2d31583c-5548-42d6-8462-556d3d109bf2,"#N/A","#N/A",false,Web,"#N/A","#N/A",Medium,"#N/A",New,Subject_tzlal,"#N/A","#N/A","#N/A","#N/A","#N/A"
2d338e81-cbee-4e5d-b374-54e8e3294e80,"#N/A","#N/A",false,Web,"#N/A","#N/A",Medium,"#N/A",New,Subject_nmfbs,"#N/A","#N/A","#N/A","#N/A","#N/A"
2d3b66cd-0515-4298-8c42-07b755629b4a,"#N/A","#N/A",false,Web,"#N/A","#N/A",Medium,"#N/A",New,Subject_wxaec,"#N/A","#N/A","#N/A","#N/A","#N/A"
2d3ba32c-aa9f-4a18-a49c-7d3c049a7c16,"#N/A","#N/A",false,Web,"#N/A","#N/A",Medium,"#N/A",New,Subject_lyzlu,"#N/A","#N/A","#N/A","#N/A","#N/A"
2d411858-3712-4c04-83ad-6cba6a8dab65,"#N/A","#N/A",false,Web,"#N/A","#N/A",Medium,"#N/A",New,Subject_jalmo,"#N/A","#N/A","#N/A","#N/A","#N/A"
2d433baa-836f-4d7e-a7c1-6201aea368b8,"#N/A","#N/A",false,Web,"#N/A","#N/A",Medium,"#N/A",New,Subject_ghojz,"#N/A","#N/A","#N/A","#N/A","#N/A"
2d48812e-3aef-46d9-b302-67b3c09a4c23,"#N/A","#N/A",false,Web,"#N/A","#N/A",Medium,"#N/A",New,Subject_zpgjq,"#N/A","#N/A","#N/A","#N/A","#N/A"
2d49e54a-514a-4e76-8ebc-0d74079776a5,"#N/A","#N/A",false,Web,"#N/A","#N/A",Medium,"#N/A",New,Subject_raets,"#N/A","#N/A","#N/A","#N/A","#N/A"
2d4c6dc6-767c-445f-a5c4-656652e47d4c,"#N/A","#N/A",false,Web,"#N/A","#N/A",Medium,"#N/A",New,Subject_nnsun,"#N/A","#N/A","#N/A","#N/A","#N/A"
2d4d131b-384a-4ef1-8440-b0898fd01c03,"#N/A","#N/A",false,Web,"#N/A","#N/A",Medium,"#N/A",New,Subject_cyexl,"#N/A","#N/A","#N/A","#N/A","#N/A"
2d4e0c28-2287-40d3-a1b4-94c2de56512b,"#N/A","#N/A",false,Web,"#N/A","#N/A",Medium,"#N/A",New,Subject_rlvtx,"#N/A","#N/A","#N/A","#N/A","#N/A"
2d52ce66-4638-4330-a58c-664f25542c7e,"#N/A","#N/A",false,Web,"#N/A","#N/A",Medium,"#N/A",New,Subject_jhobm,"#N/A","#N/A","#N/A","#N/A","#N/A"
2d56aea7-e660-4ff7-8ef8-4d28cbbe4919,"#N/A","#N/A",false,Web,"#N/A","#N/A",Medium,"#N/A",New,Subject_oohjg,"#N/A","#N/A","#N/A","#N/A","#N/A"
2d583a46-517e-400e-861e-c6acf7500927,"#N/A","#N/A",false,Web,"#N/A","#N/A",Medium,"#N/A",New,Subject_steds,"#N/A","#N/A","#N/A","#N/A","#N/A"
2d5b69a0-1068-48da-bdaf-20d34937f6d4,"#N/A","#N/A",false,Web,"#N/A","#N/A",Medium,"#N/A",New,Subject_ghnpl,"#N/A","#N/A","#N/A","#N/A","#N/A"
2d66ecee-73cf-4f75-903a-59e196ae752c,"#N/A","#N/A",false,Web,"#N/A","#N/A",Medium,"#N/A",New,Subject_istvs,"#N/A","#N/A","#N/A","#N/A","#N/A"
2d69b5c3-bc1f-44fb-9d47-9b8a024c942c,"#N/A","#N/A",false,Web,"#N/A","#N/A",Medium,"#N/A",New,Subject_qxzcq,"#N/A","#N/A","#N/A","#N/A","#N/A"
2d6d7f73-74f6-4f2d-a08e-7650d099dbcf,"#N/A","#N/A",false,Web,"#N/A","#N/A",Medium,"#N/A",New,Subject_yvwyp,"#N/A","#N/A","#N/A","#N/A","#N/A"
2d6e5d3e-8902-451d-a6c2-817f60c6d988,"#N/A","#N/A",false,Web,"#N/A","#N/A",Medium,"#N/A",New,Subject_xvpnk,"#N/A","#N/A","#N/A","#N/A","#N/A"
2d6ef70c-5c8a-4720-a65b-787d015d33ae,"#N/A","#N/A",false,Web,"#N/A","#N/A",Medium,"#N/A",New,Subject_xigpu,"#N/A","#N/A","#N/A","#N/A","#N/A"
2d70917c-e8a6-49a1-9801-e123e474fd37,"#N/A","#N/A",false,Web,"#N/A","#N/A",Medium,"#N/A",New,Subject_ypwcy,"#N/A","#N/A","#N/A","#N/A","#N/A"
2d70d17d-271b-4fe7-8c64-becd52caef6e,"#N/A","#N/A",false,Web,"#N/A","#N/A",Medium,"#N/A",New,Subject_bbhsy,"#N/A","#N/A","#N/A","#N/A","#N/A"
2d72b00b-9880-4580-ac98-d95d0288edc1,"#N/A","#N/A",false,Web,"#N/A","#N/A",Medium,"#N/A",New,Subject_vqrij,"#N/A","#N/A","#N/A","#N/A","#N/A"
2d731c1e-9b05-4fe6-9843-f1ac3a9d1158,"#N/A","#N/A",false,Web,"#N/A","#N/A",Medium,"#N/A",New,Subject_gujgu,"#N/A","#N/A","#N/A","#N/A","#N/A"
2d7429a8-b368-4be5-86f7-48633a56247d,"#N/A","#N/A",false,Web,"#N/A","#N/A",Medium,"#N/A",New,Subject_avjjs,"#N/A","#N/A","#N/A","#N/A","#N/A"
2d76151b-91f5-4bb0-b032-3c5487fd591c,"#N/A","#N/A",false,Web,"#N/A","#N/A",Medium,"#N/A",New,Subject_rpuyd,"#N/A","#N/A","#N/A","#N/A","#N/A"
2d79fb55-36f0-472c-94d3-83d81e973d55,"#N/A","#N/A",false,Web,"#N/A","#N/A",Medium,"#N/A",New,Subject_tirci,"#N/A","#N/A","#N/A","#N/A","#N/A"
2d7bee00-efef-4ea7-940e-7236098b1f77,"#N/A","#N/A",false,Web,"#N/A","#N/A",Medium,"#N/A",New,Subject_wsemq,"#N/A","#N/A","#N/A","#N/A","#N/A"
2d7f2a42-897f-4b0d-bf1d-6d15155d7533,"#N/A","#N/A",false,Web,"#N/A","#N/A",Medium,"#N/A",New,Subject_yfaum,"#N/A","#N/A","#N/A","#N/A","#N/A"
2d7faf29-6747-46e4-b9e1-a51cd9bab0ba,"#N/A","#N/A",false,Web,"#N/A","#N/A",Medium,"#N/A",New,Subject_ncesa,"#N/A","#N/A","#N/A","#N/A","#N/A"
2d8279a1-7fcb-47c3-8547-f20568352057,"#N/A","#N/A",false,Web,"#N/A","#N/A",Medium,"#N/A",New,Subject_jctth,"#N/A","#N/A","#N/A","#N/A","#N/A"
2d871882-2356-487c-8d40-e4f6c96d495a,"#N/A","#N/A",false,Web,"#N/A","#N/A",Medium,"#N/A",New,Subject_irokc,"#N/A","#N/A","#N/A","#N/A","#N/A"
2d8c28e0-dad0-4511-89bc-42cf73c16d3b,"#N/A","#N/A",false,Web,"#N/A","#N/A",Medium,"#N/A",New,Subject_hvyvx,"#N/A","#N/A","#N/A","#N/A","#N/A"
2d95c365-8754-4fb6-b176-80738d650f5f,"#N/A","#N/A",false,Web,"#N/A","#N/A",Medium,"#N/A",New,Subject_mgkzs,"#N/A","#N/A","#N/A","#N/A","#N/A"
2d9954ad-6e3f-49ea-b1f6-de0608b07a6e,"#N/A","#N/A",false,Web,"#N/A","#N/A",Medium,"#N/A",New,Subject_ysifh,"#N/A","#N/A","#N/A","#N/A","#N/A"
2d9a7838-c57e-4fec-89b5-ca4d6ac01339,"#N/A","#N/A",false,Web,"#N/A","#N/A",Medium,"#N/A",New,Subject_tyqhk,"#N/A","#N/A","#N/A","#N/A","#N/A"
2da33e92-4900-4e57-9c37-c99aec114e2a,"#N/A","#N/A",false,Web,"#N/A","#N/A",Medium,"#N/A",New,Subject_dyaaj,"#N/A","#N/A","#N/A","#N/A","#N/A"
2dac959a-ca34-4c0e-b064-847147205fd3,"#N/A","#N/A",false,Web,"#N/A","#N/A",Medium,"#N/A",New,Subject_vabel,"#N/A","#N/A","#N/A","#N/A","#N/A"
2dacc42b-56a2-469b-bfbd-95eaf895b8a1,"#N/A","#N/A",false,Web,"#N/A","#N/A",Medium,"#N/A",New,Subject_xjrqt,"#N/A","#N/A","#N/A","#N/A","#N/A"
2daf431e-0eee-4f21-b8d4-8bf7e404302e,"#N/A","#N/A",false,Web,"#N/A","#N/A",Medium,"#N/A",New,Subject_jpqin,"#N/A","#N/A","#N/A","#N/A","#N/A"
2daf9101-2d6f-4d67-ad43-182814685a9f,"#N/A","#N/A",false,Web,"#N/A","#N/A",Medium,"#N/A",New,Subject_bsnuw,"#N/A","#N/A","#N/A","#N/A","#N/A"
2db1ef58-2b54-4ba5-aedb-a0198071558e,"#N/A","#N/A",false,Web,"#N/A","#N/A",Medium,"#N/A",New,Subject_mlimf,"#N/A","#N/A","#N/A","#N/A","#N/A"
2db24045-94d6-47fb-b5da-0a92fd0aec00,"#N/A","#N/A",false,Web,"#N/A","#N/A",Medium,"#N/A",New,Subject_hbmio,"#N/A","#N/A","#N/A","#N/A","#N/A"
2db4e2c3-27f1-42f5-9b5c-331338d23f7b,"#N/A","#N/A",false,Web,"#N/A","#N/A",Medium,"#N/A",New,Subject_wmxzz,"#N/A","#N/A","#N/A","#N/A","#N/A"
2db82be0-8fba-418c-bbb0-7c00b358ec3a,"#N/A","#N/A",false,Web,"#N/A","#N/A",Medium,"#N/A",New,Subject_zsmkr,"#N/A","#N/A","#N/A","#N/A","#N/A"
2dbad1bf-4710-4bc1-8f10-8d71ac5a5dac,"#N/A","#N/A",false,Web,"#N/A","#N/A",Medium,"#N/A",New,Subject_ewwpb,"#N/A","#N/A","#N/A","#N/A","#N/A"
2dbb67b2-c1db-4baa-8cb6-f33b0a00b8a2,"#N/A","#N/A",false,Web,"#N/A","#N/A",Medium,"#N/A",New,Subject_fvdtd,"#N/A","#N/A","#N/A","#N/A","#N/A"
2dc1071b-2003-4c32-acb0-3dfcfca6bb41,"#N/A","#N/A",false,Web,"#N/A","#N/A",Medium,"#N/A",New,Subject_ckzmg,"#N/A","#N/A","#N/A","#N/A","#N/A"
2dc2c155-3c5c-41a7-a4a5-b2aa723d9b6c,"#N/A","#N/A",false,Web,"#N/A","#N/A",Medium,"#N/A",New,Subject_ovptc,"#N/A","#N/A","#N/A","#N/A","#N/A"
2dc2ca75-2fae-4dc7-92ac-c477f5efb273,"#N/A","#N/A",false,Web,"#N/A","#N/A",Medium,"#N/A",New,Subject_zvcfr,"#N/A","#N/A","#N/A","#N/A","#N/A"
2dc3ecdc-a16f-4b9e-9cad-fab696ed30fd,"#N/A","#N/A",false,Web,"#N/A","#N/A",Medium,"#N/A",New,Subject_xpmps,"#N/A","#N/A","#N/A","#N/A","#N/A"
2dc7d189-f208-49f3-a470-5698da49caff,"#N/A","#N/A",false,Web,"#N/A","#N/A",Medium,"#N/A",New,Subject_ezbod,"#N/A","#N/A","#N/A","#N/A","#N/A"
2dca0fc7-dddd-42b9-afde-4ba4551573b4,"#N/A","#N/A",false,Web,"#N/A","#N/A",Medium,"#N/A",New,Subject_ljsor,"#N/A","#N/A","#N/A","#N/A","#N/A"
2dcf2ab2-d334-454e-97cb-8c47bfe63831,"#N/A","#N/A",false,Web,"#N/A","#N/A",Medium,"#N/A",New,Subject_rcdpe,"#N/A","#N/A","#N/A","#N/A","#N/A"
2dd2ad59-cd12-4b42-9d3c-1001ac200563,"#N/A","#N/A",false,Web,"#N/A","#N/A",Medium,"#N/A",New,Subject_dakso,"#N/A","#N/A","#N/A","#N/A","#N/A"
2dd856a0-66ad-4625-80a3-36e2251b5071,"#N/A","#N/A",false,Web,"#N/A","#N/A",Medium,"#N/A",New,Subject_wcmbh,"#N/A","#N/A","#N/A","#N/A","#N/A"
2ddbe4d3-b073-4150-b03c-aead2052a633,"#N/A","#N/A",false,Web,"#N/A","#N/A",Medium,"#N/A",New,Subject_rvcwj,"#N/A","#N/A","#N/A","#N/A","#N/A"
2ddbf601-74ed-4b1a-8506-792f09e73e52,"#N/A","#N/A",false,Web,"#N/A","#N/A",Medium,"#N/A",New,Subject_gvkqe,"#N/A","#N/A","#N/A","#N/A","#N/A"
2de03abc-594e-48b6-baae-0c5bc21e5c01,"#N/A","#N/A",false,Web,"#N/A","#N/A",Medium,"#N/A",New,Subject_cswnj,"#N/A","#N/A","#N/A","#N/A","#N/A"
2de0f0dc-0d8d-4978-8876-9321dfe8c8c7,"#N/A","#N/A",false,Web,"#N/A","#N/A",Medium,"#N/A",New,Subject_bqyqc,"#N/A","#N/A","#N/A","#N/A","#N/A"
2de3a739-dc4e-4b83-869e-bb47c6ac1369,"#N/A","#N/A",false,Web,"#N/A","#N/A",Medium,"#N/A",New,Subject_jcoks,"#N/A","#N/A","#N/A","#N/A","#N/A"
2de3a8a0-fdac-451c-af0b-81c3a53cbfa5,"#N/A","#N/A",false,Web,"#N/A","#N/A",Medium,"#N/A",New,Subject_dllhl,"#N/A","#N/A","#N/A","#N/A","#N/A"
2de86784-99d2-4b40-857c-eb4114773f9f,"#N/A","#N/A",false,Web,"#N/A","#N/A",Medium,"#N/A",New,Subject_sybcw,"#N/A","#N/A","#N/A","#N/A","#N/A"
2de9c7c8-de7d-4307-9966-8861cde2e2bf,"#N/A","#N/A",false,Web,"#N/A","#N/A",Medium,"#N/A",New,Subject_sfbkq,"#N/A","#N/A","#N/A","#N/A","#N/A"
2deaa64a-7364-4496-86ec-9c017da1c5b9,"#N/A","#N/A",false,Web,"#N/A","#N/A",Medium,"#N/A",New,Subject_kskps,"#N/A","#N/A","#N/A","#N/A","#N/A"
2dee2121-c9be-40d9-8cda-f33d3de264e6,"#N/A","#N/A",false,Web,"#N/A","#N/A",Medium,"#N/A",New,Subject_lwmxr,"#N/A","#N/A","#N/A","#N/A","#N/A"
2dee697d-c2d4-4da5-be4f-3729e7a83e2f,"#N/A","#N/A",false,Web,"#N/A","#N/A",Medium,"#N/A",New,Subject_mmjzv,"#N/A","#N/A","#N/A","#N/A","#N/A"
2df27d68-98b2-46ce-be56-3345fbb31132,"#N/A","#N/A",false,Web,"#N/A","#N/A",Medium,"#N/A",New,Subject_ptywa,"#N/A","#N/A","#N/A","#N/A","#N/A"
2df50412-2383-4f9f-8fcd-298bfd2506c6,"#N/A","#N/A",false,Web,"#N/A","#N/A",Medium,"#N/A",New,Subject_ksfvc,"#N/A","#N/A","#N/A","#N/A","#N/A"
2df51472-d734-4934-8979-cb1be72e6ba0,"#N/A","#N/A",false,Web,"#N/A","#N/A",Medium,"#N/A",New,Subject_vdojv,"#N/A","#N/A","#N/A","#N/A","#N/A"
2dfa3939-f322-45d6-9fc8-c49cc008dbd1,"#N/A","#N/A",false,Web,"#N/A","#N/A",Medium,"#N/A",New,Subject_oeqqu,"#N/A","#N/A","#N/A","#N/A","#N/A"
2dfb8faf-f267-46ec-87b2-848a12c5ef0d,"#N/A","#N/A",false,Web,"#N/A","#N/A",Medium,"#N/A",New,Subject_npgyb,"#N/A","#N/A","#N/A","#N/A","#N/A"
2dfbe9d5-e946-4986-84bc-6e5a239c66fb,"#N/A","#N/A",false,Web,"#N/A","#N/A",Medium,"#N/A",New,Subject_kyweu,"#N/A","#N/A","#N/A","#N/A","#N/A"
2dfd32ba-891a-4c74-80a2-5508d4d74f88,"#N/A","#N/A",false,Web,"#N/A","#N/A",Medium,"#N/A",New,Subject_njwge,"#N/A","#N/A","#N/A","#N/A","#N/A"
2dfd7414-c1ae-4471-9a8e-a119bf4b7fcd,"#N/A","#N/A",false,Web,"#N/A","#N/A",Medium,"#N/A",New,Subject_djosc,"#N/A","#N/A","#N/A","#N/A","#N/A"
2dff5eff-640a-4ef1-a15b-4de3a76b1b5e,"#N/A","#N/A",false,Web,"#N/A","#N/A",Medium,"#N/A",New,Subject_zbtqt,"#N/A","#N/A","#N/A","#N/A","#N/A"
2e0193cd-30d7-413b-8826-e1a7a471c387,"#N/A","#N/A",false,Web,"#N/A","#N/A",Medium,"#N/A",New,Subject_jroxz,"#N/A","#N/A","#N/A","#N/A","#N/A"
2e03fb04-3f86-43a5-b5e3-4e73af61d66e,"#N/A","#N/A",false,Web,"#N/A","#N/A",Medium,"#N/A",New,Subject_wuzzd,"#N/A","#N/A","#N/A","#N/A","#N/A"
2e048733-6c79-4036-b399-354e5292ddd5,"#N/A","#N/A",false,Web,"#N/A","#N/A",Medium,"#N/A",New,Subject_krkxu,"#N/A","#N/A","#N/A","#N/A","#N/A"
2e0561c1-6e01-4b79-b983-bf4bc9fcffbc,"#N/A","#N/A",false,Web,"#N/A","#N/A",Medium,"#N/A",New,Subject_bzjby,"#N/A","#N/A","#N/A","#N/A","#N/A"
2e06b7f1-ee76-464a-a124-761197b00223,"#N/A","#N/A",false,Web,"#N/A","#N/A",Medium,"#N/A",New,Subject_kgxgb,"#N/A","#N/A","#N/A","#N/A","#N/A"
2e0c542e-767e-401d-87f1-482393ba629a,"#N/A","#N/A",false,Web,"#N/A","#N/A",Medium,"#N/A",New,Subject_lvoei,"#N/A","#N/A","#N/A","#N/A","#N/A"
2e10ad0a-39b0-43d9-a755-a8172b301f8a,"#N/A","#N/A",false,Web,"#N/A","#N/A",Medium,"#N/A",New,Subject_jeqmg,"#N/A","#N/A","#N/A","#N/A","#N/A"
2e10eadc-393d-474b-a159-04420f85a7d7,"#N/A","#N/A",false,Web,"#N/A","#N/A",Medium,"#N/A",New,Subject_empvd,"#N/A","#N/A","#N/A","#N/A","#N/A"
2e11d9a6-cce4-45e6-80e7-6268367971a6,"#N/A","#N/A",false,Web,"#N/A","#N/A",Medium,"#N/A",New,Subject_fgfrr,"#N/A","#N/A","#N/A","#N/A","#N/A"
2e14d704-5419-45ac-99ce-8e3f38a01291,"#N/A","#N/A",false,Web,"#N/A","#N/A",Medium,"#N/A",New,Subject_quexb,"#N/A","#N/A","#N/A","#N/A","#N/A"
2e154b5a-041c-4bb3-83a4-0ce6967ab3c1,"#N/A","#N/A",false,Web,"#N/A","#N/A",Medium,"#N/A",New,Subject_cvian,"#N/A","#N/A","#N/A","#N/A","#N/A"
2e15d94b-67ae-480b-8890-c736c8e5c088,"#N/A","#N/A",false,Web,"#N/A","#N/A",Medium,"#N/A",New,Subject_iwuke,"#N/A","#N/A","#N/A","#N/A","#N/A"
2e16222e-b452-469f-88c4-354ca04f26f2,"#N/A","#N/A",false,Web,"#N/A","#N/A",Medium,"#N/A",New,Subject_lokjd,"#N/A","#N/A","#N/A","#N/A","#N/A"
2e1a81ec-ee1a-443d-acba-a04056aecbae,"#N/A","#N/A",false,Web,"#N/A","#N/A",Medium,"#N/A",New,Subject_vzvgx,"#N/A","#N/A","#N/A","#N/A","#N/A"
2e1af981-38a4-41ba-bbbd-fe9880f35727,"#N/A","#N/A",false,Web,"#N/A","#N/A",Medium,"#N/A",New,Subject_sqkec,"#N/A","#N/A","#N/A","#N/A","#N/A"
2e23365f-5ac9-40bd-a2f2-2a80412df75f,"#N/A","#N/A",false,Web,"#N/A","#N/A",Medium,"#N/A",New,Subject_bqsru,"#N/A","#N/A","#N/A","#N/A","#N/A"
2e2618f1-e2b1-4b28-8bba-bb0928669bb7,"#N/A","#N/A",false,Web,"#N/A","#N/A",Medium,"#N/A",New,Subject_ioxgd,"#N/A","#N/A","#N/A","#N/A","#N/A"
2e28a343-480d-4a0f-bb1c-8c26f3a5502a,"#N/A","#N/A",false,Web,"#N/A","#N/A",Medium,"#N/A",New,Subject_wecoi,"#N/A","#N/A","#N/A","#N/A","#N/A"
2e29e346-63fc-41b9-b64a-7f4949ca5cde,"#N/A","#N/A",false,Web,"#N/A","#N/A",Medium,"#N/A",New,Subject_gokmh,"#N/A","#N/A","#N/A","#N/A","#N/A"
2e3019c9-afaa-44c3-a19f-47e344e5879d,"#N/A","#N/A",false,Web,"#N/A","#N/A",Medium,"#N/A",New,Subject_kejhp,"#N/A","#N/A","#N/A","#N/A","#N/A"
2e3296ef-46d8-4f34-854d-a1463920b784,"#N/A","#N/A",false,Web,"#N/A","#N/A",Medium,"#N/A",New,Subject_hnvrj,"#N/A","#N/A","#N/A","#N/A","#N/A"
2e337724-999a-47d4-9e34-ec7f973fa5c7,"#N/A","#N/A",false,Web,"#N/A","#N/A",Medium,"#N/A",New,Subject_brgff,"#N/A","#N/A","#N/A","#N/A","#N/A"
2e3489cd-571a-4b3f-9060-2d591b32a90a,"#N/A","#N/A",false,Web,"#N/A","#N/A",Medium,"#N/A",New,Subject_kuoog,"#N/A","#N/A","#N/A","#N/A","#N/A"
2e357d69-2bb3-4db3-b5df-46861d34a08a,"#N/A","#N/A",false,Web,"#N/A","#N/A",Medium,"#N/A",New,Subject_msabi,"#N/A","#N/A","#N/A","#N/A","#N/A"
2e3ae34c-830b-4602-bf62-71d037b5b467,"#N/A","#N/A",false,Web,"#N/A","#N/A",Medium,"#N/A",New,Subject_rkqry,"#N/A","#N/A","#N/A","#N/A","#N/A"
2e3c0829-c463-426e-9e4a-4921de54f30d,"#N/A","#N/A",false,Web,"#N/A","#N/A",Medium,"#N/A",New,Subject_jijbt,"#N/A","#N/A","#N/A","#N/A","#N/A"
2e3cbcf3-299d-4c75-bb95-57a335e47fcd,"#N/A","#N/A",false,Web,"#N/A","#N/A",Medium,"#N/A",New,Subject_zzfpp,"#N/A","#N/A","#N/A","#N/A","#N/A"
2e3e442a-bfbd-49fc-8a7c-d313019617fb,"#N/A","#N/A",false,Web,"#N/A","#N/A",Medium,"#N/A",New,Subject_scqqt,"#N/A","#N/A","#N/A","#N/A","#N/A"
2e4483aa-8b74-498b-a4ee-69a072189847,"#N/A","#N/A",false,Web,"#N/A","#N/A",Medium,"#N/A",New,Subject_vgkmz,"#N/A","#N/A","#N/A","#N/A","#N/A"
2e4e06fc-8dcc-4d9f-987e-6f9f6b953509,"#N/A","#N/A",false,Web,"#N/A","#N/A",Medium,"#N/A",New,Subject_dvssw,"#N/A","#N/A","#N/A","#N/A","#N/A"
2e521191-7335-4b52-ba1d-12e397f07d7a,"#N/A","#N/A",false,Web,"#N/A","#N/A",Medium,"#N/A",New,Subject_lwist,"#N/A","#N/A","#N/A","#N/A","#N/A"
2e54ea65-3120-4bbc-b602-c3059cfe1ca9,"#N/A","#N/A",false,Web,"#N/A","#N/A",Medium,"#N/A",New,Subject_mrzuf,"#N/A","#N/A","#N/A","#N/A","#N/A"
2e5d1fd1-6fd4-47d8-9441-3742d5312a21,"#N/A","#N/A",false,Web,"#N/A","#N/A",Medium,"#N/A",New,Subject_mvgpz,"#N/A","#N/A","#N/A","#N/A","#N/A"
2e5e976a-c650-4301-b0fd-0ebbc651a8b2,"#N/A","#N/A",false,Web,"#N/A","#N/A",Medium,"#N/A",New,Subject_zumia,"#N/A","#N/A","#N/A","#N/A","#N/A"
2e60df94-9ae8-41f3-bf2c-5c7f0e309bb5,"#N/A","#N/A",false,Web,"#N/A","#N/A",Medium,"#N/A",New,Subject_abiwx,"#N/A","#N/A","#N/A","#N/A","#N/A"
2e6170f3-ada5-471f-98d1-4110166870fa,"#N/A","#N/A",false,Web,"#N/A","#N/A",Medium,"#N/A",New,Subject_vpcrg,"#N/A","#N/A","#N/A","#N/A","#N/A"
2e633049-4b0d-4394-92df-10645f64e54c,"#N/A","#N/A",false,Web,"#N/A","#N/A",Medium,"#N/A",New,Subject_vaekx,"#N/A","#N/A","#N/A","#N/A","#N/A"
2e662c09-8326-4cdf-aa6c-121a64ec80a5,"#N/A","#N/A",false,Web,"#N/A","#N/A",Medium,"#N/A",New,Subject_yuqce,"#N/A","#N/A","#N/A","#N/A","#N/A"
2e67ac1f-ced7-4e79-9205-f49b9c40d47e,"#N/A","#N/A",false,Web,"#N/A","#N/A",Medium,"#N/A",New,Subject_gserh,"#N/A","#N/A","#N/A","#N/A","#N/A"
2e6db8ee-bfad-4602-81c5-f2cd9994f2c2,"#N/A","#N/A",false,Web,"#N/A","#N/A",Medium,"#N/A",New,Subject_boffs,"#N/A","#N/A","#N/A","#N/A","#N/A"
2e7083a7-3aac-4fb3-bd48-e2a83cf04220,"#N/A","#N/A",false,Web,"#N/A","#N/A",Medium,"#N/A",New,Subject_vmtxq,"#N/A","#N/A","#N/A","#N/A","#N/A"
2e71c94a-8bb4-4311-857e-bc6a37157027,"#N/A","#N/A",false,Web,"#N/A","#N/A",Medium,"#N/A",New,Subject_ksbec,"#N/A","#N/A","#N/A","#N/A","#N/A"
2e7ae6d4-5966-47bd-9420-686fb145c64d,"#N/A","#N/A",false,Web,"#N/A","#N/A",Medium,"#N/A",New,Subject_kjjgs,"#N/A","#N/A","#N/A","#N/A","#N/A"
2e7bddad-12ef-4ca8-bf84-cfcd062e187a,"#N/A","#N/A",false,Web,"#N/A","#N/A",Medium,"#N/A",New,Subject_xrgoj,"#N/A","#N/A","#N/A","#N/A","#N/A"
2e7f58c6-5d08-48e0-b6e5-3fd0d5e46019,"#N/A","#N/A",false,Web,"#N/A","#N/A",Medium,"#N/A",New,Subject_qkqjs,"#N/A","#N/A","#N/A","#N/A","#N/A"
2e81c1bf-1ad8-4b5d-9619-2088f00c1dd4,"#N/A","#N/A",false,Web,"#N/A","#N/A",Medium,"#N/A",New,Subject_eepsb,"#N/A","#N/A","#N/A","#N/A","#N/A"
2e8412c0-4aa0-4777-876d-c40954e67a3c,"#N/A","#N/A",false,Web,"#N/A","#N/A",Medium,"#N/A",New,Subject_pajie,"#N/A","#N/A","#N/A","#N/A","#N/A"
2e84ef0e-8337-4aac-bb65-a6abf33f6bbc,"#N/A","#N/A",false,Web,"#N/A","#N/A",Medium,"#N/A",New,Subject_kxvut,"#N/A","#N/A","#N/A","#N/A","#N/A"
2e85316c-4c3f-42d6-97b8-41da942b124c,"#N/A","#N/A",false,Web,"#N/A","#N/A",Medium,"#N/A",New,Subject_ytbjw,"#N/A","#N/A","#N/A","#N/A","#N/A"
2e857ad5-af04-428c-aeb5-a2974cb13a5f,"#N/A","#N/A",false,Web,"#N/A","#N/A",Medium,"#N/A",New,Subject_zqrot,"#N/A","#N/A","#N/A","#N/A","#N/A"
2e867fae-c4b5-49fb-9af2-77ecebbda692,"#N/A","#N/A",false,Web,"#N/A","#N/A",Medium,"#N/A",New,Subject_oklkw,"#N/A","#N/A","#N/A","#N/A","#N/A"
2e8905b4-a024-4371-8995-facf616bead6,"#N/A","#N/A",false,Web,"#N/A","#N/A",Medium,"#N/A",New,Subject_uolml,"#N/A","#N/A","#N/A","#N/A","#N/A"
2e8ba39d-f15b-4b6e-b3d5-294133392407,"#N/A","#N/A",false,Web,"#N/A","#N/A",Medium,"#N/A",New,Subject_kbkla,"#N/A","#N/A","#N/A","#N/A","#N/A"
2e8d210b-5321-490e-9637-f077a22621db,"#N/A","#N/A",false,Web,"#N/A","#N/A",Medium,"#N/A",New,Subject_wmrzo,"#N/A","#N/A","#N/A","#N/A","#N/A"
2e8fde0b-6deb-4814-8def-e28a45dddf04,"#N/A","#N/A",false,Web,"#N/A","#N/A",Medium,"#N/A",New,Subject_ahcnx,"#N/A","#N/A","#N/A","#N/A","#N/A"
2e9062e6-d8bf-4a53-aa85-7ff9f0a4ee91,"#N/A","#N/A",false,Web,"#N/A","#N/A",Medium,"#N/A",New,Subject_diliv,"#N/A","#N/A","#N/A","#N/A","#N/A"
2e9143ba-2491-4f6b-830c-652584c44f41,"#N/A","#N/A",false,Web,"#N/A","#N/A",Medium,"#N/A",New,Subject_ldjpb,"#N/A","#N/A","#N/A","#N/A","#N/A"
2e9f6475-414b-4bfc-aacd-9199d122f556,"#N/A","#N/A",false,Web,"#N/A","#N/A",Medium,"#N/A",New,Subject_ptqwl,"#N/A","#N/A","#N/A","#N/A","#N/A"
2e9fa0a6-aa32-44d3-bc26-0b585ae2258c,"#N/A","#N/A",false,Web,"#N/A","#N/A",Medium,"#N/A",New,Subject_eugrp,"#N/A","#N/A","#N/A","#N/A","#N/A"
2ea00824-f018-46c9-9f2c-f82eac419af8,"#N/A","#N/A",false,Web,"#N/A","#N/A",Medium,"#N/A",New,Subject_uulnk,"#N/A","#N/A","#N/A","#N/A","#N/A"
2ea35c58-d4e1-4eed-82d7-2b7c1d8c6d03,"#N/A","#N/A",false,Web,"#N/A","#N/A",Medium,"#N/A",New,Subject_dhvkl,"#N/A","#N/A","#N/A","#N/A","#N/A"
2ea50718-6859-452f-82b8-ef14e2b16ae6,"#N/A","#N/A",false,Web,"#N/A","#N/A",Medium,"#N/A",New,Subject_qtxrr,"#N/A","#N/A","#N/A","#N/A","#N/A"
2ea7f81a-ee45-42b4-b3aa-07db3ffe6de2,"#N/A","#N/A",false,Web,"#N/A","#N/A",Medium,"#N/A",New,Subject_unoci,"#N/A","#N/A","#N/A","#N/A","#N/A"
2eb1c471-3184-45dc-94b7-1ce54954a70c,"#N/A","#N/A",false,Web,"#N/A","#N/A",Medium,"#N/A",New,Subject_vlsvv,"#N/A","#N/A","#N/A","#N/A","#N/A"
2eb9d912-3411-4143-8262-c98a73a2c055,"#N/A","#N/A",false,Web,"#N/A","#N/A",Medium,"#N/A",New,Subject_rpvzm,"#N/A","#N/A","#N/A","#N/A","#N/A"
2eba1452-9370-48e9-aae6-6673e92a49a3,"#N/A","#N/A",false,Web,"#N/A","#N/A",Medium,"#N/A",New,Subject_xsoxb,"#N/A","#N/A","#N/A","#N/A","#N/A"
2ebe2887-19cc-434c-98ad-f705e94be278,"#N/A","#N/A",false,Web,"#N/A","#N/A",Medium,"#N/A",New,Subject_fsbhv,"#N/A","#N/A","#N/A","#N/A","#N/A"
2ebf2f8d-57c4-4af0-b5ee-756ffbb8b06c,"#N/A","#N/A",false,Web,"#N/A","#N/A",Medium,"#N/A",New,Subject_eistu,"#N/A","#N/A","#N/A","#N/A","#N/A"
2ec22bcd-d7d2-4b63-95f0-5ddca5a876c4,"#N/A","#N/A",false,Web,"#N/A","#N/A",Medium,"#N/A",New,Subject_auvkb,"#N/A","#N/A","#N/A","#N/A","#N/A"
2ece46bc-f38e-4d95-8def-21b1af02e78c,"#N/A","#N/A",false,Web,"#N/A","#N/A",Medium,"#N/A",New,Subject_msqab,"#N/A","#N/A","#N/A","#N/A","#N/A"
2ed1fd6e-28e2-4125-a568-ad93954cf393,"#N/A","#N/A",false,Web,"#N/A","#N/A",Medium,"#N/A",New,Subject_pqafz,"#N/A","#N/A","#N/A","#N/A","#N/A"
2ed54e65-3d14-4fc4-98fb-6c26f919e79a,"#N/A","#N/A",false,Web,"#N/A","#N/A",Medium,"#N/A",New,Subject_synbn,"#N/A","#N/A","#N/A","#N/A","#N/A"
2edc6009-5322-45a3-8688-f6227a8c9862,"#N/A","#N/A",false,Web,"#N/A","#N/A",Medium,"#N/A",New,Subject_xildu,"#N/A","#N/A","#N/A","#N/A","#N/A"
2edc747e-685d-4bb9-b10a-13d6888f88a7,"#N/A","#N/A",false,Web,"#N/A","#N/A",Medium,"#N/A",New,Subject_njwun,"#N/A","#N/A","#N/A","#N/A","#N/A"
2edd195d-81f9-458a-8feb-c77d3a3b6e29,"#N/A","#N/A",false,Web,"#N/A","#N/A",Medium,"#N/A",New,Subject_gpbcy,"#N/A","#N/A","#N/A","#N/A","#N/A"
2ee04c08-8f69-4967-93e9-48400b0c1cae,"#N/A","#N/A",false,Web,"#N/A","#N/A",Medium,"#N/A",New,Subject_zvfbb,"#N/A","#N/A","#N/A","#N/A","#N/A"
2ee541e3-a19c-48a1-bffd-857cd54c1cf5,"#N/A","#N/A",false,Web,"#N/A","#N/A",Medium,"#N/A",New,Subject_wzgnf,"#N/A","#N/A","#N/A","#N/A","#N/A"
2ee7dd01-6b9e-451e-91f7-67aa8fd9de36,"#N/A","#N/A",false,Web,"#N/A","#N/A",Medium,"#N/A",New,Subject_horto,"#N/A","#N/A","#N/A","#N/A","#N/A"
2eebac0d-fadc-4c10-ab91-f3d83847d1a9,"#N/A","#N/A",false,Web,"#N/A","#N/A",Medium,"#N/A",New,Subject_dwkhq,"#N/A","#N/A","#N/A","#N/A","#N/A"
2eef8501-7f5e-4f40-8726-b4143e0efa69,"#N/A","#N/A",false,Web,"#N/A","#N/A",Medium,"#N/A",New,Subject_fbjay,"#N/A","#N/A","#N/A","#N/A","#N/A"
2ef2aeeb-5e4f-495b-a954-e029a0612c3f,"#N/A","#N/A",false,Web,"#N/A","#N/A",Medium,"#N/A",New,Subject_cpaey,"#N/A","#N/A","#N/A","#N/A","#N/A"
2efdb605-d259-4644-974b-0a834b782312,"#N/A","#N/A",false,Web,"#N/A","#N/A",Medium,"#N/A",New,Subject_tvrzi,"#N/A","#N/A","#N/A","#N/A","#N/A"
2f004360-5301-4e8e-a0d7-0986b01358fb,"#N/A","#N/A",false,Web,"#N/A","#N/A",Medium,"#N/A",New,Subject_jazaq,"#N/A","#N/A","#N/A","#N/A","#N/A"
2f072bab-9643-4634-a463-ff60a8bdccd0,"#N/A","#N/A",false,Web,"#N/A","#N/A",Medium,"#N/A",New,Subject_wmwus,"#N/A","#N/A","#N/A","#N/A","#N/A"
2f1374f0-6c66-4700-808d-dae8892c97fb,"#N/A","#N/A",false,Web,"#N/A","#N/A",Medium,"#N/A",New,Subject_uzdxy,"#N/A","#N/A","#N/A","#N/A","#N/A"
2f143171-8c70-4f5d-b2a3-ed2dbd7d2d93,"#N/A","#N/A",false,Web,"#N/A","#N/A",Medium,"#N/A",New,Subject_oilvx,"#N/A","#N/A","#N/A","#N/A","#N/A"
2f154b24-734b-41e8-84a1-3c53b57d2b4d,"#N/A","#N/A",false,Web,"#N/A","#N/A",Medium,"#N/A",New,Subject_bkaql,"#N/A","#N/A","#N/A","#N/A","#N/A"
2f16160b-f198-4513-a7cf-f4193a1e11e7,"#N/A","#N/A",false,Web,"#N/A","#N/A",Medium,"#N/A",New,Subject_rsjoz,"#N/A","#N/A","#N/A","#N/A","#N/A"
2f17e45a-b29f-4f00-b4c5-00ceead372b6,"#N/A","#N/A",false,Web,"#N/A","#N/A",Medium,"#N/A",New,Subject_gmhid,"#N/A","#N/A","#N/A","#N/A","#N/A"
2f19ec33-235b-4950-8127-8605a8df9412,"#N/A","#N/A",false,Web,"#N/A","#N/A",Medium,"#N/A",New,Subject_aetgs,"#N/A","#N/A","#N/A","#N/A","#N/A"
2f1b4f4a-b6e0-40c6-b8ee-0458b4316b26,"#N/A","#N/A",false,Web,"#N/A","#N/A",Medium,"#N/A",New,Subject_xrwea,"#N/A","#N/A","#N/A","#N/A","#N/A"
2f1cd1d1-def5-4356-8ac6-7d8cd0f8318b,"#N/A","#N/A",false,Web,"#N/A","#N/A",Medium,"#N/A",New,Subject_dvsaa,"#N/A","#N/A","#N/A","#N/A","#N/A"
2f1e91bc-e28e-4b88-b00a-39af5803ddb0,"#N/A","#N/A",false,Web,"#N/A","#N/A",Medium,"#N/A",New,Subject_yzoym,"#N/A","#N/A","#N/A","#N/A","#N/A"
2f200b05-083e-42f2-9eec-bc8505353c1c,"#N/A","#N/A",false,Web,"#N/A","#N/A",Medium,"#N/A",New,Subject_sbyfe,"#N/A","#N/A","#N/A","#N/A","#N/A"
2f2021fd-8830-4269-b831-4d7db027a973,"#N/A","#N/A",false,Web,"#N/A","#N/A",Medium,"#N/A",New,Subject_fqqfg,"#N/A","#N/A","#N/A","#N/A","#N/A"
2f206147-19e0-4a3f-a00f-a0478e470fcb,"#N/A","#N/A",false,Web,"#N/A","#N/A",Medium,"#N/A",New,Subject_wkieg,"#N/A","#N/A","#N/A","#N/A","#N/A"
2f20c654-f3fd-4e50-8578-8c3a9101b165,"#N/A","#N/A",false,Web,"#N/A","#N/A",Medium,"#N/A",New,Subject_hmcmt,"#N/A","#N/A","#N/A","#N/A","#N/A"
2f236877-cf3d-48c2-acf8-54cf1d5bbe12,"#N/A","#N/A",false,Web,"#N/A","#N/A",Medium,"#N/A",New,Subject_arebn,"#N/A","#N/A","#N/A","#N/A","#N/A"
2f27aade-2d73-45fd-8777-deadb7475da7,"#N/A","#N/A",false,Web,"#N/A","#N/A",Medium,"#N/A",New,Subject_uudrg,"#N/A","#N/A","#N/A","#N/A","#N/A"
2f2d9e6c-1241-458e-aa06-5745c3b5ab7d,"#N/A","#N/A",false,Web,"#N/A","#N/A",Medium,"#N/A",New,Subject_wtisd,"#N/A","#N/A","#N/A","#N/A","#N/A"
2f330aa2-f203-4b8c-9a7c-df35dcdeef15,"#N/A","#N/A",false,Web,"#N/A","#N/A",Medium,"#N/A",New,Subject_vkizy,"#N/A","#N/A","#N/A","#N/A","#N/A"
2f332957-7d17-495f-8bf9-67965b9a0ae5,"#N/A","#N/A",false,Web,"#N/A","#N/A",Medium,"#N/A",New,Subject_epcfm,"#N/A","#N/A","#N/A","#N/A","#N/A"
2f336ecf-4286-4bec-8034-0603f9b6c857,"#N/A","#N/A",false,Web,"#N/A","#N/A",Medium,"#N/A",New,Subject_cvwzb,"#N/A","#N/A","#N/A","#N/A","#N/A"
2f3bdc9f-1be2-4b04-aca3-9d4754e619f7,"#N/A","#N/A",false,Web,"#N/A","#N/A",Medium,"#N/A",New,Subject_avgyl,"#N/A","#N/A","#N/A","#N/A","#N/A"
2f41b273-715f-4343-891c-4eb3e60c990f,"#N/A","#N/A",false,Web,"#N/A","#N/A",Medium,"#N/A",New,Subject_nlotm,"#N/A","#N/A","#N/A","#N/A","#N/A"
2f443f9c-38e0-48b8-8a06-bb02c5e69f7b,"#N/A","#N/A",false,Web,"#N/A","#N/A",Medium,"#N/A",New,Subject_mxdnj,"#N/A","#N/A","#N/A","#N/A","#N/A"
2f48fc98-b39b-4906-966c-05bcc71256f9,"#N/A","#N/A",false,Web,"#N/A","#N/A",Medium,"#N/A",New,Subject_faqrw,"#N/A","#N/A","#N/A","#N/A","#N/A"
2f4b2736-54e7-480e-97b5-a3a63e42bde3,"#N/A","#N/A",false,Web,"#N/A","#N/A",Medium,"#N/A",New,Subject_uxgvq,"#N/A","#N/A","#N/A","#N/A","#N/A"
2f4d9677-24f2-4b42-99eb-6670331f2ca0,"#N/A","#N/A",false,Web,"#N/A","#N/A",Medium,"#N/A",New,Subject_fxwoa,"#N/A","#N/A","#N/A","#N/A","#N/A"
2f4e4d6a-d727-4ddb-bab4-4dce8d606772,"#N/A","#N/A",false,Web,"#N/A","#N/A",Medium,"#N/A",New,Subject_drhmy,"#N/A","#N/A","#N/A","#N/A","#N/A"
2f501ae0-18d0-4360-a3c4-db548ba8e680,"#N/A","#N/A",false,Web,"#N/A","#N/A",Medium,"#N/A",New,Subject_zwouo,"#N/A","#N/A","#N/A","#N/A","#N/A"
2f536c87-2b59-40eb-a931-4716e097c567,"#N/A","#N/A",false,Web,"#N/A","#N/A",Medium,"#N/A",New,Subject_wbpyo,"#N/A","#N/A","#N/A","#N/A","#N/A"
2f548cce-b467-443c-8980-0ae7fe96d090,"#N/A","#N/A",false,Web,"#N/A","#N/A",Medium,"#N/A",New,Subject_aygda,"#N/A","#N/A","#N/A","#N/A","#N/A"
2f5d627c-cf68-4ca0-9653-b3b17b8a8c25,"#N/A","#N/A",false,Web,"#N/A","#N/A",Medium,"#N/A",New,Subject_gdezi,"#N/A","#N/A","#N/A","#N/A","#N/A"
2f5d6c06-2175-4eb3-8bee-ba6589eee50b,"#N/A","#N/A",false,Web,"#N/A","#N/A",Medium,"#N/A",New,Subject_irprw,"#N/A","#N/A","#N/A","#N/A","#N/A"
2f5eb44d-decb-420c-a279-91855a713c0b,"#N/A","#N/A",false,Web,"#N/A","#N/A",Medium,"#N/A",New,Subject_tyabn,"#N/A","#N/A","#N/A","#N/A","#N/A"
2f5ecd0a-8ef5-4f7f-bc3b-64356adc4e3e,"#N/A","#N/A",false,Web,"#N/A","#N/A",Medium,"#N/A",New,Subject_fekqn,"#N/A","#N/A","#N/A","#N/A","#N/A"
2f6a05c1-db74-4836-be59-bc69aabed025,"#N/A","#N/A",false,Web,"#N/A","#N/A",Medium,"#N/A",New,Subject_yiipq,"#N/A","#N/A","#N/A","#N/A","#N/A"
2f6a0a8e-ff39-46c6-9c9f-3a1c45e4fdf9,"#N/A","#N/A",false,Web,"#N/A","#N/A",Medium,"#N/A",New,Subject_uufhr,"#N/A","#N/A","#N/A","#N/A","#N/A"
2f6ea6cf-8a83-4665-bde0-d7c8970a6fd8,"#N/A","#N/A",false,Web,"#N/A","#N/A",Medium,"#N/A",New,Subject_odoeg,"#N/A","#N/A","#N/A","#N/A","#N/A"
2f6f16d3-366c-4de1-886d-075febdc6ab0,"#N/A","#N/A",false,Web,"#N/A","#N/A",Medium,"#N/A",New,Subject_kutvn,"#N/A","#N/A","#N/A","#N/A","#N/A"
2f6fd0bd-3e1b-40e3-85bd-349a49f5d05d,"#N/A","#N/A",false,Web,"#N/A","#N/A",Medium,"#N/A",New,Subject_jucve,"#N/A","#N/A","#N/A","#N/A","#N/A"
2f743f5b-95e6-4fa8-8ece-d0c42f96f3b3,"#N/A","#N/A",false,Web,"#N/A","#N/A",Medium,"#N/A",New,Subject_yhfmv,"#N/A","#N/A","#N/A","#N/A","#N/A"
2f74955c-1cc1-47f9-92ca-791648d8872f,"#N/A","#N/A",false,Web,"#N/A","#N/A",Medium,"#N/A",New,Subject_nhzce,"#N/A","#N/A","#N/A","#N/A","#N/A"
2f787b6c-04dd-4d08-a4b3-46d4768e3e37,"#N/A","#N/A",false,Web,"#N/A","#N/A",Medium,"#N/A",New,Subject_qsglx,"#N/A","#N/A","#N/A","#N/A","#N/A"
2f7a58d6-9a57-40e1-a984-e07e456d30b4,"#N/A","#N/A",false,Web,"#N/A","#N/A",Medium,"#N/A",New,Subject_yezpx,"#N/A","#N/A","#N/A","#N/A","#N/A"
2f81e74c-54d3-4e50-8bf2-20f63979e8b7,"#N/A","#N/A",false,Web,"#N/A","#N/A",Medium,"#N/A",New,Subject_fepyz,"#N/A","#N/A","#N/A","#N/A","#N/A"
2f86a571-18ca-4f15-8b56-6db343f767dd,"#N/A","#N/A",false,Web,"#N/A","#N/A",Medium,"#N/A",New,Subject_juanj,"#N/A","#N/A","#N/A","#N/A","#N/A"
2f86a8c4-0105-4220-aa7f-cc74f6d868b6,"#N/A","#N/A",false,Web,"#N/A","#N/A",Medium,"#N/A",New,Subject_jwsmt,"#N/A","#N/A","#N/A","#N/A","#N/A"
2f870f88-9c33-41af-ac49-b2272d0c360e,"#N/A","#N/A",false,Web,"#N/A","#N/A",Medium,"#N/A",New,Subject_sqlqh,"#N/A","#N/A","#N/A","#N/A","#N/A"
2f8a6a4e-56c6-4ea9-af98-814e73021b5f,"#N/A","#N/A",false,Web,"#N/A","#N/A",Medium,"#N/A",New,Subject_tbqqi,"#N/A","#N/A","#N/A","#N/A","#N/A"
2f8bc551-c914-4842-8e1e-2218b6e6a9af,"#N/A","#N/A",false,Web,"#N/A","#N/A",Medium,"#N/A",New,Subject_fbdid,"#N/A","#N/A","#N/A","#N/A","#N/A"
2f8c33cd-96d2-4331-97ac-a28ae4d79323,"#N/A","#N/A",false,Web,"#N/A","#N/A",Medium,"#N/A",New,Subject_btpab,"#N/A","#N/A","#N/A","#N/A","#N/A"
2f8e3922-73e7-42c5-a12d-d9c709a285d3,"#N/A","#N/A",false,Web,"#N/A","#N/A",Medium,"#N/A",New,Subject_uwfce,"#N/A","#N/A","#N/A","#N/A","#N/A"
2f9615e6-b1bb-4b38-b120-ecee70dc33a7,"#N/A","#N/A",false,Web,"#N/A","#N/A",Medium,"#N/A",New,Subject_tlnpb,"#N/A","#N/A","#N/A","#N/A","#N/A"
2f964bc8-edfc-4183-bb60-2f6ecaffc5ad,"#N/A","#N/A",false,Web,"#N/A","#N/A",Medium,"#N/A",New,Subject_rphyn,"#N/A","#N/A","#N/A","#N/A","#N/A"
2f971c96-83e9-493d-ab8f-dcdcc94e74de,"#N/A","#N/A",false,Web,"#N/A","#N/A",Medium,"#N/A",New,Subject_ylzts,"#N/A","#N/A","#N/A","#N/A","#N/A"
2f99d37b-1b30-4d5d-9f89-20e573aa26ee,"#N/A","#N/A",false,Web,"#N/A","#N/A",Medium,"#N/A",New,Subject_yqopc,"#N/A","#N/A","#N/A","#N/A","#N/A"
2f9a532c-9ce8-454f-980c-1255ecae42f5,"#N/A","#N/A",false,Web,"#N/A","#N/A",Medium,"#N/A",New,Subject_rogaf,"#N/A","#N/A","#N/A","#N/A","#N/A"
2f9cdf4d-e554-4b2d-835c-ea911dcd7271,"#N/A","#N/A",false,Web,"#N/A","#N/A",Medium,"#N/A",New,Subject_jwwfd,"#N/A","#N/A","#N/A","#N/A","#N/A"
2f9f1303-f176-45e7-b50a-17d4a255ba47,"#N/A","#N/A",false,Web,"#N/A","#N/A",Medium,"#N/A",New,Subject_jwxej,"#N/A","#N/A","#N/A","#N/A","#N/A"
2fa047de-7ea8-4935-a6cc-527edf1aec61,"#N/A","#N/A",false,Web,"#N/A","#N/A",Medium,"#N/A",New,Subject_ulauz,"#N/A","#N/A","#N/A","#N/A","#N/A"
2fa0ef61-111b-4712-bb76-5437014da39c,"#N/A","#N/A",false,Web,"#N/A","#N/A",Medium,"#N/A",New,Subject_ufdip,"#N/A","#N/A","#N/A","#N/A","#N/A"
2fa74aba-6c8e-4d7f-a1df-30341e12648c,"#N/A","#N/A",false,Web,"#N/A","#N/A",Medium,"#N/A",New,Subject_kcwhj,"#N/A","#N/A","#N/A","#N/A","#N/A"
2fac46da-4464-434d-8a7e-f3007b9fa9f6,"#N/A","#N/A",false,Web,"#N/A","#N/A",Medium,"#N/A",New,Subject_pwwaw,"#N/A","#N/A","#N/A","#N/A","#N/A"
2facc532-a00d-4373-ac35-ae32fd4b2542,"#N/A","#N/A",false,Web,"#N/A","#N/A",Medium,"#N/A",New,Subject_mwpfo,"#N/A","#N/A","#N/A","#N/A","#N/A"
2faf5114-0408-4e2f-8c0d-d3835d88bfb9,"#N/A","#N/A",false,Web,"#N/A","#N/A",Medium,"#N/A",New,Subject_jaezk,"#N/A","#N/A","#N/A","#N/A","#N/A"
2fb024bb-ad61-4edb-b902-0daa67049989,"#N/A","#N/A",false,Web,"#N/A","#N/A",Medium,"#N/A",New,Subject_yhilq,"#N/A","#N/A","#N/A","#N/A","#N/A"
2fb22889-3cb4-4885-9d86-315e65ebd2b6,"#N/A","#N/A",false,Web,"#N/A","#N/A",Medium,"#N/A",New,Subject_yyyfm,"#N/A","#N/A","#N/A","#N/A","#N/A"
2fb25c5a-f109-4129-967f-61d28b513985,"#N/A","#N/A",false,Web,"#N/A","#N/A",Medium,"#N/A",New,Subject_kujyh,"#N/A","#N/A","#N/A","#N/A","#N/A"
2fb8ee66-1f41-41c8-a891-5a96438e1077,"#N/A","#N/A",false,Web,"#N/A","#N/A",Medium,"#N/A",New,Subject_yodws,"#N/A","#N/A","#N/A","#N/A","#N/A"
2fbb3b15-8127-4603-9bb2-5977ab7f2fdb,"#N/A","#N/A",false,Web,"#N/A","#N/A",Medium,"#N/A",New,Subject_fkyvo,"#N/A","#N/A","#N/A","#N/A","#N/A"
2fbfc3a6-afc2-4c2f-b1ff-b9d94f3eeda8,"#N/A","#N/A",false,Web,"#N/A","#N/A",Medium,"#N/A",New,Subject_orkbf,"#N/A","#N/A","#N/A","#N/A","#N/A"
2fc01e3c-85ac-4db5-b5fa-de60abc83fe3,"#N/A","#N/A",false,Web,"#N/A","#N/A",Medium,"#N/A",New,Subject_brqys,"#N/A","#N/A","#N/A","#N/A","#N/A"
2fc047f9-d5c3-4440-b86b-1d1c099b2fcf,"#N/A","#N/A",false,Web,"#N/A","#N/A",Medium,"#N/A",New,Subject_knphy,"#N/A","#N/A","#N/A","#N/A","#N/A"
2fc12eb8-1def-453d-8f82-dddd79ed88e1,"#N/A","#N/A",false,Web,"#N/A","#N/A",Medium,"#N/A",New,Subject_gjkyw,"#N/A","#N/A","#N/A","#N/A","#N/A"
2fc86274-fc5c-4ee8-b2f5-4725b6f37fa1,"#N/A","#N/A",false,Web,"#N/A","#N/A",Medium,"#N/A",New,Subject_wxyhg,"#N/A","#N/A","#N/A","#N/A","#N/A"
2fcbc4a6-725b-4f74-9d7f-7e0de398ab28,"#N/A","#N/A",false,Web,"#N/A","#N/A",Medium,"#N/A",New,Subject_hlgtt,"#N/A","#N/A","#N/A","#N/A","#N/A"
2fd0ad44-dee1-4858-be41-3c2732b5e989,"#N/A","#N/A",false,Web,"#N/A","#N/A",Medium,"#N/A",New,Subject_fbtwt,"#N/A","#N/A","#N/A","#N/A","#N/A"
2fd34edb-56eb-48f8-a8cc-075ae2b93e6e,"#N/A","#N/A",false,Web,"#N/A","#N/A",Medium,"#N/A",New,Subject_evjac,"#N/A","#N/A","#N/A","#N/A","#N/A"
2fd7f365-3997-48cb-b87c-e102ec0dca63,"#N/A","#N/A",false,Web,"#N/A","#N/A",Medium,"#N/A",New,Subject_rpqal,"#N/A","#N/A","#N/A","#N/A","#N/A"
2fda8032-e187-4ec4-813e-f616a6be74a4,"#N/A","#N/A",false,Web,"#N/A","#N/A",Medium,"#N/A",New,Subject_iyukd,"#N/A","#N/A","#N/A","#N/A","#N/A"
2fdccf4e-ffda-46ac-80fd-58fa05183957,"#N/A","#N/A",false,Web,"#N/A","#N/A",Medium,"#N/A",New,Subject_xbkyu,"#N/A","#N/A","#N/A","#N/A","#N/A"
2fde625a-da1f-4d76-b585-95155c2c0450,"#N/A","#N/A",false,Web,"#N/A","#N/A",Medium,"#N/A",New,Subject_fzymj,"#N/A","#N/A","#N/A","#N/A","#N/A"
2fdf19f4-c7d0-4b4b-b048-f096e84eff92,"#N/A","#N/A",false,Web,"#N/A","#N/A",Medium,"#N/A",New,Subject_fudfr,"#N/A","#N/A","#N/A","#N/A","#N/A"
2fe1764d-b2fd-4ab7-bb58-67ca0d86d1b5,"#N/A","#N/A",false,Web,"#N/A","#N/A",Medium,"#N/A",New,Subject_ioqzm,"#N/A","#N/A","#N/A","#N/A","#N/A"
2fe758b0-8668-492f-b694-5491ab73a316,"#N/A","#N/A",false,Web,"#N/A","#N/A",Medium,"#N/A",New,Subject_qjdhs,"#N/A","#N/A","#N/A","#N/A","#N/A"
2feb0b1c-55c8-4316-bd1e-7c285b43a4d3,"#N/A","#N/A",false,Web,"#N/A","#N/A",Medium,"#N/A",New,Subject_uzdpk,"#N/A","#N/A","#N/A","#N/A","#N/A"
2ff95775-6368-4de9-8df4-f4152ee9dae3,"#N/A","#N/A",false,Web,"#N/A","#N/A",Medium,"#N/A",New,Subject_rqjkj,"#N/A","#N/A","#N/A","#N/A","#N/A"
2ff9a2c7-63a1-43ac-9061-39f1ee6854fa,"#N/A","#N/A",false,Web,"#N/A","#N/A",Medium,"#N/A",New,Subject_lcijy,"#N/A","#N/A","#N/A","#N/A","#N/A"
2ff9ab8d-5505-4931-8513-dfbdfe9e1c6b,"#N/A","#N/A",false,Web,"#N/A","#N/A",Medium,"#N/A",New,Subject_lgtqh,"#N/A","#N/A","#N/A","#N/A","#N/A"
2ffac949-aff2-43c3-a0c1-254b55ae7542,"#N/A","#N/A",false,Web,"#N/A","#N/A",Medium,"#N/A",New,Subject_rftcu,"#N/A","#N/A","#N/A","#N/A","#N/A"
2ffb2a4f-7df2-4865-a261-460492d5cb98,"#N/A","#N/A",false,Web,"#N/A","#N/A",Medium,"#N/A",New,Subject_ohrgv,"#N/A","#N/A","#N/A","#N/A","#N/A"
2ffcc96b-a344-461e-b0f8-9f753d417cf7,"#N/A","#N/A",false,Web,"#N/A","#N/A",Medium,"#N/A",New,Subject_eavwv,"#N/A","#N/A","#N/A","#N/A","#N/A"
2ffda930-1e42-47c7-98e2-22953e70f2cd,"#N/A","#N/A",false,Web,"#N/A","#N/A",Medium,"#N/A",New,Subject_hodwr,"#N/A","#N/A","#N/A","#N/A","#N/A"
30030fbf-2b95-4a64-bced-9a2cb7eaaa84,"#N/A","#N/A",false,Web,"#N/A","#N/A",Medium,"#N/A",New,Subject_hcahl,"#N/A","#N/A","#N/A","#N/A","#N/A"
30038bf1-722b-4f1d-a63e-bdac4902420d,"#N/A","#N/A",false,Web,"#N/A","#N/A",Medium,"#N/A",New,Subject_hhwis,"#N/A","#N/A","#N/A","#N/A","#N/A"
300491a8-1b60-4bec-ac97-dcf53c69c846,"#N/A","#N/A",false,Web,"#N/A","#N/A",Medium,"#N/A",New,Subject_dxaps,"#N/A","#N/A","#N/A","#N/A","#N/A"
300aa737-8894-4de6-b179-6c3e9d6f0273,"#N/A","#N/A",false,Web,"#N/A","#N/A",Medium,"#N/A",New,Subject_iozhx,"#N/A","#N/A","#N/A","#N/A","#N/A"
300df376-1ead-4449-ae7a-f58eca0ad822,"#N/A","#N/A",false,Web,"#N/A","#N/A",Medium,"#N/A",New,Subject_fihnt,"#N/A","#N/A","#N/A","#N/A","#N/A"
300f3f2b-35b3-48fc-81b4-a9f403580701,"#N/A","#N/A",false,Web,"#N/A","#N/A",Medium,"#N/A",New,Subject_puvbd,"#N/A","#N/A","#N/A","#N/A","#N/A"
30110458-4b1e-4bae-85d9-4aa6f59e5e48,"#N/A","#N/A",false,Web,"#N/A","#N/A",Medium,"#N/A",New,Subject_qkcfe,"#N/A","#N/A","#N/A","#N/A","#N/A"
30110e38-853f-4c65-a4b1-691c459fff6b,"#N/A","#N/A",false,Web,"#N/A","#N/A",Medium,"#N/A",New,Subject_axevi,"#N/A","#N/A","#N/A","#N/A","#N/A"
3011509e-fa2a-4430-9e97-79636f39b154,"#N/A","#N/A",false,Web,"#N/A","#N/A",Medium,"#N/A",New,Subject_kbcdz,"#N/A","#N/A","#N/A","#N/A","#N/A"
3015e14f-c34e-4db0-9f9e-4be01ad7110e,"#N/A","#N/A",false,Web,"#N/A","#N/A",Medium,"#N/A",New,Subject_bhwht,"#N/A","#N/A","#N/A","#N/A","#N/A"
301d3960-26a8-4e7d-af08-295c07f7b8b7,"#N/A","#N/A",false,Web,"#N/A","#N/A",Medium,"#N/A",New,Subject_uyodc,"#N/A","#N/A","#N/A","#N/A","#N/A"
301d89c3-580b-4842-a415-2a62d9d83a75,"#N/A","#N/A",false,Web,"#N/A","#N/A",Medium,"#N/A",New,Subject_ytyoz,"#N/A","#N/A","#N/A","#N/A","#N/A"
30298c36-aed5-4c20-a588-b0b0d3242460,"#N/A","#N/A",false,Web,"#N/A","#N/A",Medium,"#N/A",New,Subject_aortw,"#N/A","#N/A","#N/A","#N/A","#N/A"
302d0bc7-51d4-47e1-b207-b8f161d0a76c,"#N/A","#N/A",false,Web,"#N/A","#N/A",Medium,"#N/A",New,Subject_gpvbn,"#N/A","#N/A","#N/A","#N/A","#N/A"
302fd591-1589-4c85-8d07-e7ab67b297f0,"#N/A","#N/A",false,Web,"#N/A","#N/A",Medium,"#N/A",New,Subject_vrquf,"#N/A","#N/A","#N/A","#N/A","#N/A"
30368feb-c7d0-4140-a5d7-21169f6584d5,"#N/A","#N/A",false,Web,"#N/A","#N/A",Medium,"#N/A",New,Subject_cihsi,"#N/A","#N/A","#N/A","#N/A","#N/A"
303a261c-c968-4384-9c38-dd2c8a2eedb9,"#N/A","#N/A",false,Web,"#N/A","#N/A",Medium,"#N/A",New,Subject_qfnbi,"#N/A","#N/A","#N/A","#N/A","#N/A"
303b3c9b-af27-4552-a587-35c56390b21a,"#N/A","#N/A",false,Web,"#N/A","#N/A",Medium,"#N/A",New,Subject_nvqrl,"#N/A","#N/A","#N/A","#N/A","#N/A"
303c322e-da65-46cf-9cdb-f1ca456c9d64,"#N/A","#N/A",false,Web,"#N/A","#N/A",Medium,"#N/A",New,Subject_fobbo,"#N/A","#N/A","#N/A","#N/A","#N/A"
303f4046-4028-4821-acd5-ec9b9b7230d2,"#N/A","#N/A",false,Web,"#N/A","#N/A",Medium,"#N/A",New,Subject_jnydb,"#N/A","#N/A","#N/A","#N/A","#N/A"
303f67ff-5403-4dbe-a0ee-8307117645c3,"#N/A","#N/A",false,Web,"#N/A","#N/A",Medium,"#N/A",New,Subject_zmerl,"#N/A","#N/A","#N/A","#N/A","#N/A"
3042cb83-8e99-4c6c-82ea-788856b0e694,"#N/A","#N/A",false,Web,"#N/A","#N/A",Medium,"#N/A",New,Subject_wvsqa,"#N/A","#N/A","#N/A","#N/A","#N/A"
3043c425-5e2e-4fc2-8780-0758f89acee0,"#N/A","#N/A",false,Web,"#N/A","#N/A",Medium,"#N/A",New,Subject_kgnea,"#N/A","#N/A","#N/A","#N/A","#N/A"
304473fe-888a-4e3d-8209-3d43ed37a7a2,"#N/A","#N/A",false,Web,"#N/A","#N/A",Medium,"#N/A",New,Subject_rmalb,"#N/A","#N/A","#N/A","#N/A","#N/A"
304649bd-254d-4c04-b1c7-a5d393a8a04e,"#N/A","#N/A",false,Web,"#N/A","#N/A",Medium,"#N/A",New,Subject_ldvwu,"#N/A","#N/A","#N/A","#N/A","#N/A"
304b42de-90a9-4be3-a50d-313de94cc08c,"#N/A","#N/A",false,Web,"#N/A","#N/A",Medium,"#N/A",New,Subject_ivfyx,"#N/A","#N/A","#N/A","#N/A","#N/A"
304daf45-e3e5-4868-b954-b174c126a0f6,"#N/A","#N/A",false,Web,"#N/A","#N/A",Medium,"#N/A",New,Subject_tvkbr,"#N/A","#N/A","#N/A","#N/A","#N/A"
30504245-db81-42b4-82d9-30d6c360719c,"#N/A","#N/A",false,Web,"#N/A","#N/A",Medium,"#N/A",New,Subject_zjqub,"#N/A","#N/A","#N/A","#N/A","#N/A"
3053b2ac-d870-4733-9139-4502e2726748,"#N/A","#N/A",false,Web,"#N/A","#N/A",Medium,"#N/A",New,Subject_crjbi,"#N/A","#N/A","#N/A","#N/A","#N/A"
3054684e-1ad9-4a2f-84ee-40f62874bb95,"#N/A","#N/A",false,Web,"#N/A","#N/A",Medium,"#N/A",New,Subject_segdr,"#N/A","#N/A","#N/A","#N/A","#N/A"
3054e01e-6539-4a18-8600-da01e051d640,"#N/A","#N/A",false,Web,"#N/A","#N/A",Medium,"#N/A",New,Subject_hkohf,"#N/A","#N/A","#N/A","#N/A","#N/A"
30586322-b4b4-41bb-b8b0-66b910f167dd,"#N/A","#N/A",false,Web,"#N/A","#N/A",Medium,"#N/A",New,Subject_zbycm,"#N/A","#N/A","#N/A","#N/A","#N/A"
30651747-912b-4078-9259-be8f3bcfe8cc,"#N/A","#N/A",false,Web,"#N/A","#N/A",Medium,"#N/A",New,Subject_citgk,"#N/A","#N/A","#N/A","#N/A","#N/A"
3065d24b-e2ed-42b8-8f9c-186017378190,"#N/A","#N/A",false,Web,"#N/A","#N/A",Medium,"#N/A",New,Subject_gjure,"#N/A","#N/A","#N/A","#N/A","#N/A"
3066cfce-717e-455f-aa21-1f4ef517eb58,"#N/A","#N/A",false,Web,"#N/A","#N/A",Medium,"#N/A",New,Subject_krrvg,"#N/A","#N/A","#N/A","#N/A","#N/A"
306cb71f-aae4-4ac1-9041-022a24b39b52,"#N/A","#N/A",false,Web,"#N/A","#N/A",Medium,"#N/A",New,Subject_olran,"#N/A","#N/A","#N/A","#N/A","#N/A"
30762d11-9d41-4cd6-b55b-91402ed6209f,"#N/A","#N/A",false,Web,"#N/A","#N/A",Medium,"#N/A",New,Subject_jdclf,"#N/A","#N/A","#N/A","#N/A","#N/A"
307888b6-3e80-4317-b317-eddd983cb2f9,"#N/A","#N/A",false,Web,"#N/A","#N/A",Medium,"#N/A",New,Subject_apcxe,"#N/A","#N/A","#N/A","#N/A","#N/A"
307a669b-ff0f-4f74-bd4f-4ecfcb8c7389,"#N/A","#N/A",false,Web,"#N/A","#N/A",Medium,"#N/A",New,Subject_mewex,"#N/A","#N/A","#N/A","#N/A","#N/A"
307b28e7-787f-4fbb-92d9-76b5af8ad0da,"#N/A","#N/A",false,Web,"#N/A","#N/A",Medium,"#N/A",New,Subject_xmprr,"#N/A","#N/A","#N/A","#N/A","#N/A"
307b82cf-9ae4-45f1-ac82-12652315167e,"#N/A","#N/A",false,Web,"#N/A","#N/A",Medium,"#N/A",New,Subject_ghbkp,"#N/A","#N/A","#N/A","#N/A","#N/A"
307d143b-97b7-42d1-9aab-377991d0616d,"#N/A","#N/A",false,Web,"#N/A","#N/A",Medium,"#N/A",New,Subject_lvoei,"#N/A","#N/A","#N/A","#N/A","#N/A"
30821f58-ee74-49e5-8f6a-c7c930536ff3,"#N/A","#N/A",false,Web,"#N/A","#N/A",Medium,"#N/A",New,Subject_zsffg,"#N/A","#N/A","#N/A","#N/A","#N/A"
30849c32-d253-4111-b57c-a4c6c13fb92e,"#N/A","#N/A",false,Web,"#N/A","#N/A",Medium,"#N/A",New,Subject_rmzwa,"#N/A","#N/A","#N/A","#N/A","#N/A"
30878a72-5e79-415a-953f-a83e14a48e09,"#N/A","#N/A",false,Web,"#N/A","#N/A",Medium,"#N/A",New,Subject_jyqqw,"#N/A","#N/A","#N/A","#N/A","#N/A"
308cdda6-2d24-40ad-b978-66b4b3368fff,"#N/A","#N/A",false,Web,"#N/A","#N/A",Medium,"#N/A",New,Subject_ugyzp,"#N/A","#N/A","#N/A","#N/A","#N/A"
308d2f5d-80a6-4998-aa49-941b5e9e9656,"#N/A","#N/A",false,Web,"#N/A","#N/A",Medium,"#N/A",New,Subject_bwpyn,"#N/A","#N/A","#N/A","#N/A","#N/A"
308e42e5-190b-451c-8cfe-2d388712b277,"#N/A","#N/A",false,Web,"#N/A","#N/A",Medium,"#N/A",New,Subject_hxiep,"#N/A","#N/A","#N/A","#N/A","#N/A"
308fa605-f772-4d71-b79a-48e8977bc1d9,"#N/A","#N/A",false,Web,"#N/A","#N/A",Medium,"#N/A",New,Subject_kngdx,"#N/A","#N/A","#N/A","#N/A","#N/A"
30923075-aef9-480b-a4d0-1d1ae12e89ef,"#N/A","#N/A",false,Web,"#N/A","#N/A",Medium,"#N/A",New,Subject_untcm,"#N/A","#N/A","#N/A","#N/A","#N/A"
30950d30-a12d-46ed-9059-ca166344dedf,"#N/A","#N/A",false,Web,"#N/A","#N/A",Medium,"#N/A",New,Subject_xzeca,"#N/A","#N/A","#N/A","#N/A","#N/A"
3095490a-4307-4d0f-9c85-79d16a7b1d93,"#N/A","#N/A",false,Web,"#N/A","#N/A",Medium,"#N/A",New,Subject_thaie,"#N/A","#N/A","#N/A","#N/A","#N/A"
30955f97-c475-4028-9601-d5e287f0c5bc,"#N/A","#N/A",false,Web,"#N/A","#N/A",Medium,"#N/A",New,Subject_tpvcu,"#N/A","#N/A","#N/A","#N/A","#N/A"
3096c61a-6e8a-4ce0-9666-42312da0ef57,"#N/A","#N/A",false,Web,"#N/A","#N/A",Medium,"#N/A",New,Subject_nqqar,"#N/A","#N/A","#N/A","#N/A","#N/A"
3098555a-0c2b-43dd-b141-1971669a35eb,"#N/A","#N/A",false,Web,"#N/A","#N/A",Medium,"#N/A",New,Subject_ojray,"#N/A","#N/A","#N/A","#N/A","#N/A"
30987bd7-dbd6-4ebc-80c1-59e27a09683a,"#N/A","#N/A",false,Web,"#N/A","#N/A",Medium,"#N/A",New,Subject_dsjmw,"#N/A","#N/A","#N/A","#N/A","#N/A"
309a3429-5fe6-4f89-b502-89f763d92088,"#N/A","#N/A",false,Web,"#N/A","#N/A",Medium,"#N/A",New,Subject_ushau,"#N/A","#N/A","#N/A","#N/A","#N/A"
309aa165-e34e-4771-ab83-a0f3d2fecfd0,"#N/A","#N/A",false,Web,"#N/A","#N/A",Medium,"#N/A",New,Subject_hdfxr,"#N/A","#N/A","#N/A","#N/A","#N/A"
309d7211-fd69-4ae9-9c49-64d7469313be,"#N/A","#N/A",false,Web,"#N/A","#N/A",Medium,"#N/A",New,Subject_xuixv,"#N/A","#N/A","#N/A","#N/A","#N/A"
309dbf6c-36e5-4702-aed1-f34605421ee2,"#N/A","#N/A",false,Web,"#N/A","#N/A",Medium,"#N/A",New,Subject_mzbgl,"#N/A","#N/A","#N/A","#N/A","#N/A"
30ad5cb9-0c5b-4953-8a19-95855f558159,"#N/A","#N/A",false,Web,"#N/A","#N/A",Medium,"#N/A",New,Subject_njhar,"#N/A","#N/A","#N/A","#N/A","#N/A"
30af488a-4135-42e9-a6c0-cc425452fdff,"#N/A","#N/A",false,Web,"#N/A","#N/A",Medium,"#N/A",New,Subject_dceyg,"#N/A","#N/A","#N/A","#N/A","#N/A"
30b3b6d4-17bc-46a7-8209-b1d51f0228c6,"#N/A","#N/A",false,Web,"#N/A","#N/A",Medium,"#N/A",New,Subject_cvwvm,"#N/A","#N/A","#N/A","#N/A","#N/A"
30b772da-8e4e-4447-912a-2af699985ae6,"#N/A","#N/A",false,Web,"#N/A","#N/A",Medium,"#N/A",New,Subject_qgjuj,"#N/A","#N/A","#N/A","#N/A","#N/A"
30b98fe9-58ab-4602-ad0b-f7c8a07c24da,"#N/A","#N/A",false,Web,"#N/A","#N/A",Medium,"#N/A",New,Subject_rjwhp,"#N/A","#N/A","#N/A","#N/A","#N/A"
30ba4f07-471d-45db-8154-6a1f33a5875f,"#N/A","#N/A",false,Web,"#N/A","#N/A",Medium,"#N/A",New,Subject_irgcf,"#N/A","#N/A","#N/A","#N/A","#N/A"
30c8907a-830e-4858-8031-e2ecbabebd86,"#N/A","#N/A",false,Web,"#N/A","#N/A",Medium,"#N/A",New,Subject_ueqcd,"#N/A","#N/A","#N/A","#N/A","#N/A"
30c926d6-8edd-474b-a943-bad6d3bfdfe3,"#N/A","#N/A",false,Web,"#N/A","#N/A",Medium,"#N/A",New,Subject_mopdh,"#N/A","#N/A","#N/A","#N/A","#N/A"
30ca5e10-ce73-494f-82fd-25ac43ce4e31,"#N/A","#N/A",false,Web,"#N/A","#N/A",Medium,"#N/A",New,Subject_qcpod,"#N/A","#N/A","#N/A","#N/A","#N/A"
30ccb598-1319-4b17-8fe4-dc77a4440c6c,"#N/A","#N/A",false,Web,"#N/A","#N/A",Medium,"#N/A",New,Subject_oywdr,"#N/A","#N/A","#N/A","#N/A","#N/A"
30ccfbe6-a491-4aa8-9bc8-3b6643c7ef2e,"#N/A","#N/A",false,Web,"#N/A","#N/A",Medium,"#N/A",New,Subject_isuiu,"#N/A","#N/A","#N/A","#N/A","#N/A"
30d11aa2-f23d-4237-a877-7008d7097aa7,"#N/A","#N/A",false,Web,"#N/A","#N/A",Medium,"#N/A",New,Subject_wozxx,"#N/A","#N/A","#N/A","#N/A","#N/A"
30d3ff0e-6431-4b72-a95d-92d14b1356c2,"#N/A","#N/A",false,Web,"#N/A","#N/A",Medium,"#N/A",New,Subject_rwlna,"#N/A","#N/A","#N/A","#N/A","#N/A"
30d430ea-a080-4bde-b06d-9925c15f6816,"#N/A","#N/A",false,Web,"#N/A","#N/A",Medium,"#N/A",New,Subject_hfgns,"#N/A","#N/A","#N/A","#N/A","#N/A"
30d47dbe-5f34-417e-8099-38dd887c97ef,"#N/A","#N/A",false,Web,"#N/A","#N/A",Medium,"#N/A",New,Subject_jryrp,"#N/A","#N/A","#N/A","#N/A","#N/A"
30d51453-a125-4f93-816f-f7ffbab967c0,"#N/A","#N/A",false,Web,"#N/A","#N/A",Medium,"#N/A",New,Subject_egcjy,"#N/A","#N/A","#N/A","#N/A","#N/A"
30d67f41-5fb8-4baf-96a7-26b2cf32ac87,"#N/A","#N/A",false,Web,"#N/A","#N/A",Medium,"#N/A",New,Subject_skgft,"#N/A","#N/A","#N/A","#N/A","#N/A"
30db1c8a-f82f-46ba-aad0-87b99f890599,"#N/A","#N/A",false,Web,"#N/A","#N/A",Medium,"#N/A",New,Subject_ssvmg,"#N/A","#N/A","#N/A","#N/A","#N/A"
30db6717-e763-4bd8-a544-e4822e5c65f3,"#N/A","#N/A",false,Web,"#N/A","#N/A",Medium,"#N/A",New,Subject_spmer,"#N/A","#N/A","#N/A","#N/A","#N/A"
30e14782-496e-43ac-83aa-f3c8a230c808,"#N/A","#N/A",false,Web,"#N/A","#N/A",Medium,"#N/A",New,Subject_mxoti,"#N/A","#N/A","#N/A","#N/A","#N/A"
30e17117-936e-47b8-b908-2b4a4c527f9e,"#N/A","#N/A",false,Web,"#N/A","#N/A",Medium,"#N/A",New,Subject_glzsg,"#N/A","#N/A","#N/A","#N/A","#N/A"
30e1eabd-1a1b-4c62-a7d7-d865070a4874,"#N/A","#N/A",false,Web,"#N/A","#N/A",Medium,"#N/A",New,Subject_sffob,"#N/A","#N/A","#N/A","#N/A","#N/A"
30ec3800-c7cc-413f-988d-c18b4c641846,"#N/A","#N/A",false,Web,"#N/A","#N/A",Medium,"#N/A",New,Subject_ywvgs,"#N/A","#N/A","#N/A","#N/A","#N/A"
30eeb2a3-4008-41d7-b8bf-152da93828dd,"#N/A","#N/A",false,Web,"#N/A","#N/A",Medium,"#N/A",New,Subject_oxblx,"#N/A","#N/A","#N/A","#N/A","#N/A"
30eee66a-d68e-4007-a6e5-ca0dbb72a4fa,"#N/A","#N/A",false,Web,"#N/A","#N/A",Medium,"#N/A",New,Subject_pywqi,"#N/A","#N/A","#N/A","#N/A","#N/A"
30f8df48-6e17-40a0-9642-5024cd4a0e1f,"#N/A","#N/A",false,Web,"#N/A","#N/A",Medium,"#N/A",New,Subject_eriwi,"#N/A","#N/A","#N/A","#N/A","#N/A"
30f91ecd-72c8-40e6-830f-1f6d40d3bf4d,"#N/A","#N/A",false,Web,"#N/A","#N/A",Medium,"#N/A",New,Subject_beltc,"#N/A","#N/A","#N/A","#N/A","#N/A"
30fc8010-2e8b-4791-81ce-48d92d97e58f,"#N/A","#N/A",false,Web,"#N/A","#N/A",Medium,"#N/A",New,Subject_wsekz,"#N/A","#N/A","#N/A","#N/A","#N/A"
30fcdfe3-ef1d-4977-a321-df58096a5daa,"#N/A","#N/A",false,Web,"#N/A","#N/A",Medium,"#N/A",New,Subject_bxzrq,"#N/A","#N/A","#N/A","#N/A","#N/A"
30fdd47f-caa1-4000-87e9-d7ca45e7bb90,"#N/A","#N/A",false,Web,"#N/A","#N/A",Medium,"#N/A",New,Subject_eamtb,"#N/A","#N/A","#N/A","#N/A","#N/A"
3100aadc-eedd-497e-9373-d0f5d98f2a87,"#N/A","#N/A",false,Web,"#N/A","#N/A",Medium,"#N/A",New,Subject_tyimn,"#N/A","#N/A","#N/A","#N/A","#N/A"
3101000b-1963-4069-9a7d-31685293ee12,"#N/A","#N/A",false,Web,"#N/A","#N/A",Medium,"#N/A",New,Subject_quvtk,"#N/A","#N/A","#N/A","#N/A","#N/A"
31013a84-e73d-46ec-90d9-8dca18faf7fd,"#N/A","#N/A",false,Web,"#N/A","#N/A",Medium,"#N/A",New,Subject_yjdoc,"#N/A","#N/A","#N/A","#N/A","#N/A"
310333b6-13cc-41c5-ba81-f8e0dd6c2116,"#N/A","#N/A",false,Web,"#N/A","#N/A",Medium,"#N/A",New,Subject_jdpdo,"#N/A","#N/A","#N/A","#N/A","#N/A"
3104e944-73cd-4ae1-b9b2-2f4ab866ef95,"#N/A","#N/A",false,Web,"#N/A","#N/A",Medium,"#N/A",New,Subject_tplrn,"#N/A","#N/A","#N/A","#N/A","#N/A"
31057197-82e6-4459-a5bc-25bf365d942a,"#N/A","#N/A",false,Web,"#N/A","#N/A",Medium,"#N/A",New,Subject_jokoc,"#N/A","#N/A","#N/A","#N/A","#N/A"
31075537-36e7-4d42-8b5e-3c0c08c8e53c,"#N/A","#N/A",false,Web,"#N/A","#N/A",Medium,"#N/A",New,Subject_tunfi,"#N/A","#N/A","#N/A","#N/A","#N/A"
310a7ae5-9255-490a-a5f8-c0f15b7a43be,"#N/A","#N/A",false,Web,"#N/A","#N/A",Medium,"#N/A",New,Subject_jqmud,"#N/A","#N/A","#N/A","#N/A","#N/A"
310bbf10-3182-4fec-bcd7-2b0b7746734a,"#N/A","#N/A",false,Web,"#N/A","#N/A",Medium,"#N/A",New,Subject_vohas,"#N/A","#N/A","#N/A","#N/A","#N/A"
310fef79-200a-4c4c-8eef-b0834c51b5db,"#N/A","#N/A",false,Web,"#N/A","#N/A",Medium,"#N/A",New,Subject_skdza,"#N/A","#N/A","#N/A","#N/A","#N/A"
3110ab2a-2eea-44ca-b7d6-04fd465cba04,"#N/A","#N/A",false,Web,"#N/A","#N/A",Medium,"#N/A",New,Subject_yfupx,"#N/A","#N/A","#N/A","#N/A","#N/A"
311277c0-4488-4def-acaf-d0259a0cbc00,"#N/A","#N/A",false,Web,"#N/A","#N/A",Medium,"#N/A",New,Subject_ffevf,"#N/A","#N/A","#N/A","#N/A","#N/A"
3114c0dd-60f5-4bd3-b42d-80f0ea4f8140,"#N/A","#N/A",false,Web,"#N/A","#N/A",Medium,"#N/A",New,Subject_iuxxq,"#N/A","#N/A","#N/A","#N/A","#N/A"
3114fa37-d4e9-49c2-b8e8-2af2fce60770,"#N/A","#N/A",false,Web,"#N/A","#N/A",Medium,"#N/A",New,Subject_rxhfo,"#N/A","#N/A","#N/A","#N/A","#N/A"
31151ce2-896a-4e0e-b0dc-ead578af9b8e,"#N/A","#N/A",false,Web,"#N/A","#N/A",Medium,"#N/A",New,Subject_zuwum,"#N/A","#N/A","#N/A","#N/A","#N/A"
31153a5c-1a73-412b-b85e-d100604a79b9,"#N/A","#N/A",false,Web,"#N/A","#N/A",Medium,"#N/A",New,Subject_vxfbc,"#N/A","#N/A","#N/A","#N/A","#N/A"
31157ff9-9b80-412d-bdfe-941fd5530d23,"#N/A","#N/A",false,Web,"#N/A","#N/A",Medium,"#N/A",New,Subject_rwvdg,"#N/A","#N/A","#N/A","#N/A","#N/A"
311690d7-da66-447b-90a9-25139627b0d1,"#N/A","#N/A",false,Web,"#N/A","#N/A",Medium,"#N/A",New,Subject_aijoi,"#N/A","#N/A","#N/A","#N/A","#N/A"
3116a80c-2c2e-4748-9ab5-4cc30a5c71db,"#N/A","#N/A",false,Web,"#N/A","#N/A",Medium,"#N/A",New,Subject_heerc,"#N/A","#N/A","#N/A","#N/A","#N/A"
311cadd8-8b6d-49b0-bbe0-4faabb675fbd,"#N/A","#N/A",false,Web,"#N/A","#N/A",Medium,"#N/A",New,Subject_yiadn,"#N/A","#N/A","#N/A","#N/A","#N/A"
311d1b9a-9e77-4e95-8955-301f98d47f08,"#N/A","#N/A",false,Web,"#N/A","#N/A",Medium,"#N/A",New,Subject_kxtbh,"#N/A","#N/A","#N/A","#N/A","#N/A"
311e269a-7e40-48e8-aac8-3de62e4e7a37,"#N/A","#N/A",false,Web,"#N/A","#N/A",Medium,"#N/A",New,Subject_nivxy,"#N/A","#N/A","#N/A","#N/A","#N/A"
3124354c-c22e-4c2b-abc9-ed0d33110fa6,"#N/A","#N/A",false,Web,"#N/A","#N/A",Medium,"#N/A",New,Subject_gwxwk,"#N/A","#N/A","#N/A","#N/A","#N/A"
31272fbc-b1bd-4708-9229-c956ddafbdc9,"#N/A","#N/A",false,Web,"#N/A","#N/A",Medium,"#N/A",New,Subject_wuqdm,"#N/A","#N/A","#N/A","#N/A","#N/A"
312767ec-383b-457e-8cd7-b7ba1a5652c6,"#N/A","#N/A",false,Web,"#N/A","#N/A",Medium,"#N/A",New,Subject_ektzu,"#N/A","#N/A","#N/A","#N/A","#N/A"
312cb371-47bf-4eec-86ce-f55a51702ed2,"#N/A","#N/A",false,Web,"#N/A","#N/A",Medium,"#N/A",New,Subject_vvaru,"#N/A","#N/A","#N/A","#N/A","#N/A"
3135d0c5-166f-4317-ba1f-412717ec69c6,"#N/A","#N/A",false,Web,"#N/A","#N/A",Medium,"#N/A",New,Subject_uwrqc,"#N/A","#N/A","#N/A","#N/A","#N/A"
3138e717-cadb-490d-a22e-af2528a7f8ad,"#N/A","#N/A",false,Web,"#N/A","#N/A",Medium,"#N/A",New,Subject_rdzci,"#N/A","#N/A","#N/A","#N/A","#N/A"
3138f563-9484-4a4d-85c8-3951beb29fe6,"#N/A","#N/A",false,Web,"#N/A","#N/A",Medium,"#N/A",New,Subject_nitiu,"#N/A","#N/A","#N/A","#N/A","#N/A"
313a72a0-165b-4d8b-8336-16369c32ca8c,"#N/A","#N/A",false,Web,"#N/A","#N/A",Medium,"#N/A",New,Subject_vcpzk,"#N/A","#N/A","#N/A","#N/A","#N/A"
313d2df1-c16f-40ca-be5e-4cc1da2634dc,"#N/A","#N/A",false,Web,"#N/A","#N/A",Medium,"#N/A",New,Subject_ltvnw,"#N/A","#N/A","#N/A","#N/A","#N/A"
313fd221-2343-4336-9823-bcf0f4b1d49a,"#N/A","#N/A",false,Web,"#N/A","#N/A",Medium,"#N/A",New,Subject_bvokm,"#N/A","#N/A","#N/A","#N/A","#N/A"
314908c0-7ba8-4aa8-9bd7-2450f379dd4b,"#N/A","#N/A",false,Web,"#N/A","#N/A",Medium,"#N/A",New,Subject_iegdu,"#N/A","#N/A","#N/A","#N/A","#N/A"
314adda9-b80b-40b2-93cc-08108e0f05c9,"#N/A","#N/A",false,Web,"#N/A","#N/A",Medium,"#N/A",New,Subject_sjyhy,"#N/A","#N/A","#N/A","#N/A","#N/A"
314b5a9c-3c81-48e2-b5d5-0bb54fbaff92,"#N/A","#N/A",false,Web,"#N/A","#N/A",Medium,"#N/A",New,Subject_jhffp,"#N/A","#N/A","#N/A","#N/A","#N/A"
315042a8-3b28-4c8f-b75d-85c19f2fde31,"#N/A","#N/A",false,Web,"#N/A","#N/A",Medium,"#N/A",New,Subject_lovaa,"#N/A","#N/A","#N/A","#N/A","#N/A"
3152c0be-db9f-4c75-a099-eeff63474884,"#N/A","#N/A",false,Web,"#N/A","#N/A",Medium,"#N/A",New,Subject_espxh,"#N/A","#N/A","#N/A","#N/A","#N/A"
3157c17b-a8f8-4405-a9ce-87d23ee03383,"#N/A","#N/A",false,Web,"#N/A","#N/A",Medium,"#N/A",New,Subject_zrooy,"#N/A","#N/A","#N/A","#N/A","#N/A"
316048d7-281c-4b92-803a-09d2fadc4a1f,"#N/A","#N/A",false,Web,"#N/A","#N/A",Medium,"#N/A",New,Subject_yghrr,"#N/A","#N/A","#N/A","#N/A","#N/A"
3163647e-fea5-430e-9736-8593bd2a1066,"#N/A","#N/A",false,Web,"#N/A","#N/A",Medium,"#N/A",New,Subject_etety,"#N/A","#N/A","#N/A","#N/A","#N/A"
3164c592-42d8-405d-bfb5-16643e440475,"#N/A","#N/A",false,Web,"#N/A","#N/A",Medium,"#N/A",New,Subject_bkzpc,"#N/A","#N/A","#N/A","#N/A","#N/A"
3164c6b6-029b-4d8b-898f-0a920e721740,"#N/A","#N/A",false,Web,"#N/A","#N/A",Medium,"#N/A",New,Subject_clutt,"#N/A","#N/A","#N/A","#N/A","#N/A"
3166d61f-4607-4ca7-a1e4-3d4c04bb78cf,"#N/A","#N/A",false,Web,"#N/A","#N/A",Medium,"#N/A",New,Subject_hnmdq,"#N/A","#N/A","#N/A","#N/A","#N/A"
316cdd1d-e700-4cea-ac10-749d48af0144,"#N/A","#N/A",false,Web,"#N/A","#N/A",Medium,"#N/A",New,Subject_gqgda,"#N/A","#N/A","#N/A","#N/A","#N/A"
31716c48-34e2-4759-94ce-4c36ee1bcfa3,"#N/A","#N/A",false,Web,"#N/A","#N/A",Medium,"#N/A",New,Subject_diktj,"#N/A","#N/A","#N/A","#N/A","#N/A"
3171f9ff-d840-4848-b519-d73c7cc58a21,"#N/A","#N/A",false,Web,"#N/A","#N/A",Medium,"#N/A",New,Subject_firok,"#N/A","#N/A","#N/A","#N/A","#N/A"
3177e91a-13a7-4caf-a9ff-2f8cb073555b,"#N/A","#N/A",false,Web,"#N/A","#N/A",Medium,"#N/A",New,Subject_loylo,"#N/A","#N/A","#N/A","#N/A","#N/A"
31786ed6-c961-4c37-882f-228a22af9390,"#N/A","#N/A",false,Web,"#N/A","#N/A",Medium,"#N/A",New,Subject_hwlbq,"#N/A","#N/A","#N/A","#N/A","#N/A"
317e13ca-cae0-425e-9cd1-a62072e8e6fe,"#N/A","#N/A",false,Web,"#N/A","#N/A",Medium,"#N/A",New,Subject_vdojv,"#N/A","#N/A","#N/A","#N/A","#N/A"
317f6b7e-a289-4aa7-b148-e079f09e80b4,"#N/A","#N/A",false,Web,"#N/A","#N/A",Medium,"#N/A",New,Subject_rcwva,"#N/A","#N/A","#N/A","#N/A","#N/A"
317f72b9-37b0-4a38-9fae-5d591e76885d,"#N/A","#N/A",false,Web,"#N/A","#N/A",Medium,"#N/A",New,Subject_npwxp,"#N/A","#N/A","#N/A","#N/A","#N/A"
31841415-0566-4bd5-a570-b4207bbd6585,"#N/A","#N/A",false,Web,"#N/A","#N/A",Medium,"#N/A",New,Subject_xjuyp,"#N/A","#N/A","#N/A","#N/A","#N/A"
3186e8f1-106b-4ee4-a952-5f75e24412e0,"#N/A","#N/A",false,Web,"#N/A","#N/A",Medium,"#N/A",New,Subject_onidj,"#N/A","#N/A","#N/A","#N/A","#N/A"
3187e2eb-a6a8-4064-8b6c-011e1ea64449,"#N/A","#N/A",false,Web,"#N/A","#N/A",Medium,"#N/A",New,Subject_ykgyt,"#N/A","#N/A","#N/A","#N/A","#N/A"
318c3263-e08b-448a-b66d-f3d4948712a7,"#N/A","#N/A",false,Web,"#N/A","#N/A",Medium,"#N/A",New,Subject_fufen,"#N/A","#N/A","#N/A","#N/A","#N/A"
318c496c-14a9-42ef-852f-5fa30f89ae35,"#N/A","#N/A",false,Web,"#N/A","#N/A",Medium,"#N/A",New,Subject_pwdve,"#N/A","#N/A","#N/A","#N/A","#N/A"
318cd227-2d1a-40a5-85c4-c0ab7a57f4b7,"#N/A","#N/A",false,Web,"#N/A","#N/A",Medium,"#N/A",New,Subject_birok,"#N/A","#N/A","#N/A","#N/A","#N/A"
318e9666-d8ed-42e2-9eae-e7c001aa124d,"#N/A","#N/A",false,Web,"#N/A","#N/A",Medium,"#N/A",New,Subject_anjea,"#N/A","#N/A","#N/A","#N/A","#N/A"
3191b975-1aec-471a-b94b-95544cfc3575,"#N/A","#N/A",false,Web,"#N/A","#N/A",Medium,"#N/A",New,Subject_foesi,"#N/A","#N/A","#N/A","#N/A","#N/A"
319542d6-45dd-4fa2-aba6-5a2e8901545d,"#N/A","#N/A",false,Web,"#N/A","#N/A",Medium,"#N/A",New,Subject_tnbuh,"#N/A","#N/A","#N/A","#N/A","#N/A"
3196767e-1641-4255-b775-e55abdf79d53,"#N/A","#N/A",false,Web,"#N/A","#N/A",Medium,"#N/A",New,Subject_zwgyo,"#N/A","#N/A","#N/A","#N/A","#N/A"
31971fe4-f280-4ec1-8b49-67a6034e718f,"#N/A","#N/A",false,Web,"#N/A","#N/A",Medium,"#N/A",New,Subject_egwch,"#N/A","#N/A","#N/A","#N/A","#N/A"
3199b40f-f180-4af4-8fb7-4b4ca04ae94d,"#N/A","#N/A",false,Web,"#N/A","#N/A",Medium,"#N/A",New,Subject_mtilh,"#N/A","#N/A","#N/A","#N/A","#N/A"
319b3825-da84-4be0-a190-76fa991bc0cf,"#N/A","#N/A",false,Web,"#N/A","#N/A",Medium,"#N/A",New,Subject_akaal,"#N/A","#N/A","#N/A","#N/A","#N/A"
319c3214-a6a5-4787-a91e-b90010590998,"#N/A","#N/A",false,Web,"#N/A","#N/A",Medium,"#N/A",New,Subject_dzvvr,"#N/A","#N/A","#N/A","#N/A","#N/A"
319cfbfe-8f0f-4060-a8b6-8664614a63b4,"#N/A","#N/A",false,Web,"#N/A","#N/A",Medium,"#N/A",New,Subject_nyqmu,"#N/A","#N/A","#N/A","#N/A","#N/A"
31a0a023-5658-488d-ac44-fd2866fc1353,"#N/A","#N/A",false,Web,"#N/A","#N/A",Medium,"#N/A",New,Subject_pycfw,"#N/A","#N/A","#N/A","#N/A","#N/A"
31a36112-6e7f-4700-a26e-bdb66050258e,"#N/A","#N/A",false,Web,"#N/A","#N/A",Medium,"#N/A",New,Subject_gnzyp,"#N/A","#N/A","#N/A","#N/A","#N/A"
31a4c483-51b3-4134-895c-512f537064f5,"#N/A","#N/A",false,Web,"#N/A","#N/A",Medium,"#N/A",New,Subject_babay,"#N/A","#N/A","#N/A","#N/A","#N/A"
31a94152-cfd1-4b53-a6fc-dc2abd34095a,"#N/A","#N/A",false,Web,"#N/A","#N/A",Medium,"#N/A",New,Subject_ymgou,"#N/A","#N/A","#N/A","#N/A","#N/A"
31ade4cb-1b59-4101-96e2-860889081323,"#N/A","#N/A",false,Web,"#N/A","#N/A",Medium,"#N/A",New,Subject_nrojv,"#N/A","#N/A","#N/A","#N/A","#N/A"
31af4eb0-5fc3-43d8-8347-8449fe86c0a1,"#N/A","#N/A",false,Web,"#N/A","#N/A",Medium,"#N/A",New,Subject_ellks,"#N/A","#N/A","#N/A","#N/A","#N/A"
31af58b9-09cd-4f16-967c-72234441159b,"#N/A","#N/A",false,Web,"#N/A","#N/A",Medium,"#N/A",New,Subject_sraxl,"#N/A","#N/A","#N/A","#N/A","#N/A"
31b335d3-333a-4f01-a76a-b6cbd0fd997a,"#N/A","#N/A",false,Web,"#N/A","#N/A",Medium,"#N/A",New,Subject_xzskc,"#N/A","#N/A","#N/A","#N/A","#N/A"
31b3bc02-40e2-4084-b09e-32f12aa2ce3c,"#N/A","#N/A",false,Web,"#N/A","#N/A",Medium,"#N/A",New,Subject_gucip,"#N/A","#N/A","#N/A","#N/A","#N/A"
31b66268-51fc-4815-821d-de2af14fd9e0,"#N/A","#N/A",false,Web,"#N/A","#N/A",Medium,"#N/A",New,Subject_aizpl,"#N/A","#N/A","#N/A","#N/A","#N/A"
31b875e2-2fb3-4c71-ad4d-608d746bd134,"#N/A","#N/A",false,Web,"#N/A","#N/A",Medium,"#N/A",New,Subject_cofjj,"#N/A","#N/A","#N/A","#N/A","#N/A"
31bc0e9b-4e47-45be-b3b9-03e50fbd66c1,"#N/A","#N/A",false,Web,"#N/A","#N/A",Medium,"#N/A",New,Subject_nqytz,"#N/A","#N/A","#N/A","#N/A","#N/A"
31bffdd5-5f52-4e7c-a3e7-16b721cc63bb,"#N/A","#N/A",false,Web,"#N/A","#N/A",Medium,"#N/A",New,Subject_mhcvk,"#N/A","#N/A","#N/A","#N/A","#N/A"
31c0f9a0-49d2-446b-9da4-2066d5e22437,"#N/A","#N/A",false,Web,"#N/A","#N/A",Medium,"#N/A",New,Subject_lyuhh,"#N/A","#N/A","#N/A","#N/A","#N/A"
31c7b46f-935d-4086-ac6d-b11673c2adf0,"#N/A","#N/A",false,Web,"#N/A","#N/A",Medium,"#N/A",New,Subject_ptlnu,"#N/A","#N/A","#N/A","#N/A","#N/A"
31ccc4b0-d5bb-4285-8c2f-81ed21a2d0bf,"#N/A","#N/A",false,Web,"#N/A","#N/A",Medium,"#N/A",New,Subject_tjfju,"#N/A","#N/A","#N/A","#N/A","#N/A"
31d2fc56-d8c9-4e0e-9251-61fe3fedc1fd,"#N/A","#N/A",false,Web,"#N/A","#N/A",Medium,"#N/A",New,Subject_rjpmy,"#N/A","#N/A","#N/A","#N/A","#N/A"
31d3088b-215a-4fb5-b6a4-85a751fa89fa,"#N/A","#N/A",false,Web,"#N/A","#N/A",Medium,"#N/A",New,Subject_bbqdh,"#N/A","#N/A","#N/A","#N/A","#N/A"
31d59acb-8c2c-4d8b-8882-252b050bf4be,"#N/A","#N/A",false,Web,"#N/A","#N/A",Medium,"#N/A",New,Subject_rrjez,"#N/A","#N/A","#N/A","#N/A","#N/A"
31da3228-034e-4fb3-81c1-d6780b02b776,"#N/A","#N/A",false,Web,"#N/A","#N/A",Medium,"#N/A",New,Subject_czhgz,"#N/A","#N/A","#N/A","#N/A","#N/A"
31dbcb8a-fb45-4de0-b7ed-bf46c2f51a97,"#N/A","#N/A",false,Web,"#N/A","#N/A",Medium,"#N/A",New,Subject_tsgmf,"#N/A","#N/A","#N/A","#N/A","#N/A"
31dede3c-16fd-4cbf-84ee-529abd45eaa2,"#N/A","#N/A",false,Web,"#N/A","#N/A",Medium,"#N/A",New,Subject_tuaqs,"#N/A","#N/A","#N/A","#N/A","#N/A"
31e2c59e-e2f2-4076-aa71-ce521fc722ff,"#N/A","#N/A",false,Web,"#N/A","#N/A",Medium,"#N/A",New,Subject_otabd,"#N/A","#N/A","#N/A","#N/A","#N/A"
31e3ecf2-b58a-455a-8e68-00d8db34197e,"#N/A","#N/A",false,Web,"#N/A","#N/A",Medium,"#N/A",New,Subject_hsmde,"#N/A","#N/A","#N/A","#N/A","#N/A"
31e49c1a-122e-4838-ae42-af3a89e0b50b,"#N/A","#N/A",false,Web,"#N/A","#N/A",Medium,"#N/A",New,Subject_odzma,"#N/A","#N/A","#N/A","#N/A","#N/A"
31e65429-a95f-4d1a-a83d-0539645c0b4f,"#N/A","#N/A",false,Web,"#N/A","#N/A",Medium,"#N/A",New,Subject_uxecd,"#N/A","#N/A","#N/A","#N/A","#N/A"
31e7c8d6-d539-4d95-8c52-e8a5753d7706,"#N/A","#N/A",false,Web,"#N/A","#N/A",Medium,"#N/A",New,Subject_lvenv,"#N/A","#N/A","#N/A","#N/A","#N/A"
31e81936-2047-4bd8-bedf-7c65cd756837,"#N/A","#N/A",false,Web,"#N/A","#N/A",Medium,"#N/A",New,Subject_erkzg,"#N/A","#N/A","#N/A","#N/A","#N/A"
31ed9905-ad9c-4831-9732-becbafd86744,"#N/A","#N/A",false,Web,"#N/A","#N/A",Medium,"#N/A",New,Subject_nkxvp,"#N/A","#N/A","#N/A","#N/A","#N/A"
31f1aa08-db20-4856-bf15-6255f5b3afdb,"#N/A","#N/A",false,Web,"#N/A","#N/A",Medium,"#N/A",New,Subject_rijez,"#N/A","#N/A","#N/A","#N/A","#N/A"
31f595ab-f167-4677-8f58-8af66c80448e,"#N/A","#N/A",false,Web,"#N/A","#N/A",Medium,"#N/A",New,Subject_sfqet,"#N/A","#N/A","#N/A","#N/A","#N/A"
31f899a2-0a01-4c0f-abd1-a98e2dbdf524,"#N/A","#N/A",false,Web,"#N/A","#N/A",Medium,"#N/A",New,Subject_zlugw,"#N/A","#N/A","#N/A","#N/A","#N/A"
31f9c5fa-d1cc-455b-b53f-afe21a47ba9c,"#N/A","#N/A",false,Web,"#N/A","#N/A",Medium,"#N/A",New,Subject_vgido,"#N/A","#N/A","#N/A","#N/A","#N/A"
31fbdacb-bce3-4ca5-b872-210346b4e883,"#N/A","#N/A",false,Web,"#N/A","#N/A",Medium,"#N/A",New,Subject_psemw,"#N/A","#N/A","#N/A","#N/A","#N/A"
31fdcde3-da85-4886-b793-d1c6365e4536,"#N/A","#N/A",false,Web,"#N/A","#N/A",Medium,"#N/A",New,Subject_wijjh,"#N/A","#N/A","#N/A","#N/A","#N/A"
31fe1f47-9a96-432f-8ae0-8b295af86c7d,"#N/A","#N/A",false,Web,"#N/A","#N/A",Medium,"#N/A",New,Subject_lbekr,"#N/A","#N/A","#N/A","#N/A","#N/A"
32001648-a0cf-4768-8dea-8ee3c996b5e8,"#N/A","#N/A",false,Web,"#N/A","#N/A",Medium,"#N/A",New,Subject_ljydt,"#N/A","#N/A","#N/A","#N/A","#N/A"
32003f3f-9dfc-437a-933f-2638c5d1221a,"#N/A","#N/A",false,Web,"#N/A","#N/A",Medium,"#N/A",New,Subject_mvgdv,"#N/A","#N/A","#N/A","#N/A","#N/A"
3207bce8-78b8-445c-9f48-6d70992aca44,"#N/A","#N/A",false,Web,"#N/A","#N/A",Medium,"#N/A",New,Subject_pprhj,"#N/A","#N/A","#N/A","#N/A","#N/A"
320ae138-4cff-40a9-9c2c-0ffe8d042d2c,"#N/A","#N/A",false,Web,"#N/A","#N/A",Medium,"#N/A",New,Subject_lnaxa,"#N/A","#N/A","#N/A","#N/A","#N/A"
320aff69-2320-4be2-ac89-842101ece84a,"#N/A","#N/A",false,Web,"#N/A","#N/A",Medium,"#N/A",New,Subject_sbogh,"#N/A","#N/A","#N/A","#N/A","#N/A"
320dc655-f758-4a9c-8aa7-ec12bc2b67cc,"#N/A","#N/A",false,Web,"#N/A","#N/A",Medium,"#N/A",New,Subject_xpagc,"#N/A","#N/A","#N/A","#N/A","#N/A"
320f30ab-aeb5-4884-95dc-00eb19907ef5,"#N/A","#N/A",false,Web,"#N/A","#N/A",Medium,"#N/A",New,Subject_slngy,"#N/A","#N/A","#N/A","#N/A","#N/A"
32151107-ec25-49ff-99ad-f055465c656a,"#N/A","#N/A",false,Web,"#N/A","#N/A",Medium,"#N/A",New,Subject_cqlzd,"#N/A","#N/A","#N/A","#N/A","#N/A"
3217ebbd-965d-4165-a14f-320641fd43a8,"#N/A","#N/A",false,Web,"#N/A","#N/A",Medium,"#N/A",New,Subject_hkikl,"#N/A","#N/A","#N/A","#N/A","#N/A"
321ae3f7-f9f3-4ee5-b8fa-05c593452c04,"#N/A","#N/A",false,Web,"#N/A","#N/A",Medium,"#N/A",New,Subject_ovckd,"#N/A","#N/A","#N/A","#N/A","#N/A"
32200d82-a163-4b60-86d7-bd9a56f427e0,"#N/A","#N/A",false,Web,"#N/A","#N/A",Medium,"#N/A",New,Subject_bwqis,"#N/A","#N/A","#N/A","#N/A","#N/A"
32245292-18d3-4010-9c8c-01c5917a3077,"#N/A","#N/A",false,Web,"#N/A","#N/A",Medium,"#N/A",New,Subject_dwihu,"#N/A","#N/A","#N/A","#N/A","#N/A"
32266e7a-2353-48aa-9859-0e84ba5cf831,"#N/A","#N/A",false,Web,"#N/A","#N/A",Medium,"#N/A",New,Subject_xdcip,"#N/A","#N/A","#N/A","#N/A","#N/A"
3229409e-a9fa-4cb8-8f16-7ecace2028d5,"#N/A","#N/A",false,Web,"#N/A","#N/A",Medium,"#N/A",New,Subject_zphus,"#N/A","#N/A","#N/A","#N/A","#N/A"
322fb70e-b225-44c5-aba3-ed5a3071c5f0,"#N/A","#N/A",false,Web,"#N/A","#N/A",Medium,"#N/A",New,Subject_nelwg,"#N/A","#N/A","#N/A","#N/A","#N/A"
32348d6d-ac4c-44af-96c9-ca2946e5b2dc,"#N/A","#N/A",false,Web,"#N/A","#N/A",Medium,"#N/A",New,Subject_yxxvg,"#N/A","#N/A","#N/A","#N/A","#N/A"
3235e404-1d63-4c0c-9384-48702c8c209f,"#N/A","#N/A",false,Web,"#N/A","#N/A",Medium,"#N/A",New,Subject_sprgt,"#N/A","#N/A","#N/A","#N/A","#N/A"
32388038-f24c-4895-8dcb-3c95cd2fda30,"#N/A","#N/A",false,Web,"#N/A","#N/A",Medium,"#N/A",New,Subject_iqtxe,"#N/A","#N/A","#N/A","#N/A","#N/A"
323dcc74-0251-4c90-878e-392d5d5a9e15,"#N/A","#N/A",false,Web,"#N/A","#N/A",Medium,"#N/A",New,Subject_hnuma,"#N/A","#N/A","#N/A","#N/A","#N/A"
323f70aa-aec3-4465-a666-990d79af588e,"#N/A","#N/A",false,Web,"#N/A","#N/A",Medium,"#N/A",New,Subject_odjfp,"#N/A","#N/A","#N/A","#N/A","#N/A"
323f9a01-5f59-4f6c-a565-bb1d0b1215d7,"#N/A","#N/A",false,Web,"#N/A","#N/A",Medium,"#N/A",New,Subject_fgrgu,"#N/A","#N/A","#N/A","#N/A","#N/A"
32429d37-1be2-4e38-9b0e-746306908bc6,"#N/A","#N/A",false,Web,"#N/A","#N/A",Medium,"#N/A",New,Subject_yozmv,"#N/A","#N/A","#N/A","#N/A","#N/A"
32462214-b99f-4d27-8b59-09552b4a2a40,"#N/A","#N/A",false,Web,"#N/A","#N/A",Medium,"#N/A",New,Subject_bjdmx,"#N/A","#N/A","#N/A","#N/A","#N/A"
32463cd2-e035-41e7-9c2a-3148bef9a00b,"#N/A","#N/A",false,Web,"#N/A","#N/A",Medium,"#N/A",New,Subject_jkyjk,"#N/A","#N/A","#N/A","#N/A","#N/A"
32464794-ba92-4d3c-a825-c2fbb34232f2,"#N/A","#N/A",false,Web,"#N/A","#N/A",Medium,"#N/A",New,Subject_asxdh,"#N/A","#N/A","#N/A","#N/A","#N/A"
3246a55b-c617-4970-8542-623a34da7629,"#N/A","#N/A",false,Web,"#N/A","#N/A",Medium,"#N/A",New,Subject_mdflo,"#N/A","#N/A","#N/A","#N/A","#N/A"
32491da5-c96b-4304-a199-22ef2168645a,"#N/A","#N/A",false,Web,"#N/A","#N/A",Medium,"#N/A",New,Subject_earna,"#N/A","#N/A","#N/A","#N/A","#N/A"
324968e9-9a46-4954-8598-2ee95b967a7b,"#N/A","#N/A",false,Web,"#N/A","#N/A",Medium,"#N/A",New,Subject_nhhqm,"#N/A","#N/A","#N/A","#N/A","#N/A"
3249aab8-5056-4a71-bc41-445989de0eab,"#N/A","#N/A",false,Web,"#N/A","#N/A",Medium,"#N/A",New,Subject_ildvl,"#N/A","#N/A","#N/A","#N/A","#N/A"
324be383-2e6f-4005-81f4-a1b4f4b48d2b,"#N/A","#N/A",false,Web,"#N/A","#N/A",Medium,"#N/A",New,Subject_yzvax,"#N/A","#N/A","#N/A","#N/A","#N/A"
324d6acc-a582-44c4-bd8d-b8fb5431e9ca,"#N/A","#N/A",false,Web,"#N/A","#N/A",Medium,"#N/A",New,Subject_moogo,"#N/A","#N/A","#N/A","#N/A","#N/A"
32543eb8-4aa4-4b20-9d16-8538966767f9,"#N/A","#N/A",false,Web,"#N/A","#N/A",Medium,"#N/A",New,Subject_xaxpp,"#N/A","#N/A","#N/A","#N/A","#N/A"
325483d0-5582-41fc-9751-c514040645e1,"#N/A","#N/A",false,Web,"#N/A","#N/A",Medium,"#N/A",New,Subject_xkssp,"#N/A","#N/A","#N/A","#N/A","#N/A"
325746bd-17dc-4dbc-a601-44af9cbfdc7f,"#N/A","#N/A",false,Web,"#N/A","#N/A",Medium,"#N/A",New,Subject_zgiez,"#N/A","#N/A","#N/A","#N/A","#N/A"
325ddaa8-1ad8-4829-8c17-3eacdd3ce03c,"#N/A","#N/A",false,Web,"#N/A","#N/A",Medium,"#N/A",New,Subject_ursiu,"#N/A","#N/A","#N/A","#N/A","#N/A"
325ebcc1-a3a6-4604-ab54-d63212635080,"#N/A","#N/A",false,Web,"#N/A","#N/A",Medium,"#N/A",New,Subject_ecqoq,"#N/A","#N/A","#N/A","#N/A","#N/A"
326031a1-37e5-43bb-bd1e-3fb0b52afd7d,"#N/A","#N/A",false,Web,"#N/A","#N/A",Medium,"#N/A",New,Subject_vkrlo,"#N/A","#N/A","#N/A","#N/A","#N/A"
32645853-7960-4285-89e1-dc89fcb61c3e,"#N/A","#N/A",false,Web,"#N/A","#N/A",Medium,"#N/A",New,Subject_ikafg,"#N/A","#N/A","#N/A","#N/A","#N/A"
3265bae2-5c27-40d1-94cd-da4570ca9be8,"#N/A","#N/A",false,Web,"#N/A","#N/A",Medium,"#N/A",New,Subject_pwrie,"#N/A","#N/A","#N/A","#N/A","#N/A"
3266c6a4-af60-4c0f-8787-861abd974983,"#N/A","#N/A",false,Web,"#N/A","#N/A",Medium,"#N/A",New,Subject_aeaoq,"#N/A","#N/A","#N/A","#N/A","#N/A"
326814a8-48bf-4f89-8a10-d41db7bebddb,"#N/A","#N/A",false,Web,"#N/A","#N/A",Medium,"#N/A",New,Subject_aqfkd,"#N/A","#N/A","#N/A","#N/A","#N/A"
3268a558-e749-46c7-88d1-f3e98e59d945,"#N/A","#N/A",false,Web,"#N/A","#N/A",Medium,"#N/A",New,Subject_uktoo,"#N/A","#N/A","#N/A","#N/A","#N/A"
327360de-d004-4fe0-8265-0dfb0093072d,"#N/A","#N/A",false,Web,"#N/A","#N/A",Medium,"#N/A",New,Subject_vyzia,"#N/A","#N/A","#N/A","#N/A","#N/A"
327b7851-d3f1-4bc6-9514-8e3b60eb0507,"#N/A","#N/A",false,Web,"#N/A","#N/A",Medium,"#N/A",New,Subject_jvnqp,"#N/A","#N/A","#N/A","#N/A","#N/A"
327e49d9-c38a-4263-83af-3d8ca16e24af,"#N/A","#N/A",false,Web,"#N/A","#N/A",Medium,"#N/A",New,Subject_oxhys,"#N/A","#N/A","#N/A","#N/A","#N/A"
327f344c-fc2c-4347-abeb-f01b324979f5,"#N/A","#N/A",false,Web,"#N/A","#N/A",Medium,"#N/A",New,Subject_dtmhc,"#N/A","#N/A","#N/A","#N/A","#N/A"
32803670-72c9-4769-8151-2db0a2e63d97,"#N/A","#N/A",false,Web,"#N/A","#N/A",Medium,"#N/A",New,Subject_ckvrt,"#N/A","#N/A","#N/A","#N/A","#N/A"
32806fb9-4441-4afa-bbb2-8c723978111b,"#N/A","#N/A",false,Web,"#N/A","#N/A",Medium,"#N/A",New,Subject_zcabo,"#N/A","#N/A","#N/A","#N/A","#N/A"
3285a3d4-e229-4df3-8c0c-06701beb43b1,"#N/A","#N/A",false,Web,"#N/A","#N/A",Medium,"#N/A",New,Subject_zjdcw,"#N/A","#N/A","#N/A","#N/A","#N/A"
3288266c-5720-49d0-9430-1513860ef91b,"#N/A","#N/A",false,Web,"#N/A","#N/A",Medium,"#N/A",New,Subject_gusrl,"#N/A","#N/A","#N/A","#N/A","#N/A"
328fc146-996a-4910-b04a-8a16de2cba0e,"#N/A","#N/A",false,Web,"#N/A","#N/A",Medium,"#N/A",New,Subject_lublh,"#N/A","#N/A","#N/A","#N/A","#N/A"
32957a7b-ca38-4fec-8060-57035f8fbfe2,"#N/A","#N/A",false,Web,"#N/A","#N/A",Medium,"#N/A",New,Subject_evrrv,"#N/A","#N/A","#N/A","#N/A","#N/A"
32974f12-5cd3-4dbb-b263-f676eccbc72a,"#N/A","#N/A",false,Web,"#N/A","#N/A",Medium,"#N/A",New,Subject_vrarm,"#N/A","#N/A","#N/A","#N/A","#N/A"
329af6e9-43a7-4188-998a-fd3d99ec5e7b,"#N/A","#N/A",false,Web,"#N/A","#N/A",Medium,"#N/A",New,Subject_rzdau,"#N/A","#N/A","#N/A","#N/A","#N/A"
329bd39b-752d-4bc9-8af1-3e5c59ef4942,"#N/A","#N/A",false,Web,"#N/A","#N/A",Medium,"#N/A",New,Subject_ojghw,"#N/A","#N/A","#N/A","#N/A","#N/A"
329cf9e2-7dc3-4554-a81a-b5e5efe73b79,"#N/A","#N/A",false,Web,"#N/A","#N/A",Medium,"#N/A",New,Subject_huepo,"#N/A","#N/A","#N/A","#N/A","#N/A"
32a1ae1b-d24c-4bbf-8e32-a7e7733e4a8c,"#N/A","#N/A",false,Web,"#N/A","#N/A",Medium,"#N/A",New,Subject_atdsf,"#N/A","#N/A","#N/A","#N/A","#N/A"
32a44960-b430-47aa-9759-86048614721a,"#N/A","#N/A",false,Web,"#N/A","#N/A",Medium,"#N/A",New,Subject_rkebw,"#N/A","#N/A","#N/A","#N/A","#N/A"
32a4c62d-2fbd-4019-892b-eedee7521889,"#N/A","#N/A",false,Web,"#N/A","#N/A",Medium,"#N/A",New,Subject_xfzpq,"#N/A","#N/A","#N/A","#N/A","#N/A"
32a59574-323b-4455-9022-605edbe00a11,"#N/A","#N/A",false,Web,"#N/A","#N/A",Medium,"#N/A",New,Subject_qsapk,"#N/A","#N/A","#N/A","#N/A","#N/A"
32a6f07e-a27a-4eda-bb53-d258fe980624,"#N/A","#N/A",false,Web,"#N/A","#N/A",Medium,"#N/A",New,Subject_rczmf,"#N/A","#N/A","#N/A","#N/A","#N/A"
32a89a91-9aee-4ebb-8b45-dadf3a66f4f7,"#N/A","#N/A",false,Web,"#N/A","#N/A",Medium,"#N/A",New,Subject_vlbei,"#N/A","#N/A","#N/A","#N/A","#N/A"
32af7f68-69d8-4681-9524-2850cf9c3853,"#N/A","#N/A",false,Web,"#N/A","#N/A",Medium,"#N/A",New,Subject_sepbm,"#N/A","#N/A","#N/A","#N/A","#N/A"
32af991c-46bd-4f93-8d6b-afd8ee00aeb2,"#N/A","#N/A",false,Web,"#N/A","#N/A",Medium,"#N/A",New,Subject_ffeqh,"#N/A","#N/A","#N/A","#N/A","#N/A"
32b28e82-91ef-4303-abfb-83291e6728ee,"#N/A","#N/A",false,Web,"#N/A","#N/A",Medium,"#N/A",New,Subject_femqc,"#N/A","#N/A","#N/A","#N/A","#N/A"
32b492ce-ca18-494b-9d0e-efd3fcff838b,"#N/A","#N/A",false,Web,"#N/A","#N/A",Medium,"#N/A",New,Subject_asuuu,"#N/A","#N/A","#N/A","#N/A","#N/A"
32b822fc-2bfa-4101-80ad-82f9fec508dc,"#N/A","#N/A",false,Web,"#N/A","#N/A",Medium,"#N/A",New,Subject_xeyzx,"#N/A","#N/A","#N/A","#N/A","#N/A"
32ccae2f-b87e-4448-878c-35682a3f27dc,"#N/A","#N/A",false,Web,"#N/A","#N/A",Medium,"#N/A",New,Subject_wrvrf,"#N/A","#N/A","#N/A","#N/A","#N/A"
32d0e630-f29d-4860-90cd-ec028280af0a,"#N/A","#N/A",false,Web,"#N/A","#N/A",Medium,"#N/A",New,Subject_flaef,"#N/A","#N/A","#N/A","#N/A","#N/A"
32df0c3a-74d6-49ca-bdd1-d50a40d8c082,"#N/A","#N/A",false,Web,"#N/A","#N/A",Medium,"#N/A",New,Subject_cblbc,"#N/A","#N/A","#N/A","#N/A","#N/A"
32e3b7c8-5a6a-48b2-93ed-9104cfda5d22,"#N/A","#N/A",false,Web,"#N/A","#N/A",Medium,"#N/A",New,Subject_lkytj,"#N/A","#N/A","#N/A","#N/A","#N/A"
32e3f64c-33df-4521-b877-03d4ddcce13a,"#N/A","#N/A",false,Web,"#N/A","#N/A",Medium,"#N/A",New,Subject_prqjc,"#N/A","#N/A","#N/A","#N/A","#N/A"
32e8e1c0-03f5-478b-a72f-3e3f7888a46d,"#N/A","#N/A",false,Web,"#N/A","#N/A",Medium,"#N/A",New,Subject_apyic,"#N/A","#N/A","#N/A","#N/A","#N/A"
32eb02ad-53fe-416e-be55-27efd14919b3,"#N/A","#N/A",false,Web,"#N/A","#N/A",Medium,"#N/A",New,Subject_aviqw,"#N/A","#N/A","#N/A","#N/A","#N/A"
32ecf06c-b75e-4534-ae84-5937e07c95a1,"#N/A","#N/A",false,Web,"#N/A","#N/A",Medium,"#N/A",New,Subject_mpues,"#N/A","#N/A","#N/A","#N/A","#N/A"
32ee8d4a-cd06-46c3-bd9f-154ca91eb3d3,"#N/A","#N/A",false,Web,"#N/A","#N/A",Medium,"#N/A",New,Subject_lfaen,"#N/A","#N/A","#N/A","#N/A","#N/A"
32eea632-b73f-45dd-93dc-588f0ab9d13a,"#N/A","#N/A",false,Web,"#N/A","#N/A",Medium,"#N/A",New,Subject_nledo,"#N/A","#N/A","#N/A","#N/A","#N/A"
32ef32c6-6a04-4eb2-b731-54edbcf51b3c,"#N/A","#N/A",false,Web,"#N/A","#N/A",Medium,"#N/A",New,Subject_pjyoy,"#N/A","#N/A","#N/A","#N/A","#N/A"
32eff041-320a-4a7f-b844-7eae6338ed02,"#N/A","#N/A",false,Web,"#N/A","#N/A",Medium,"#N/A",New,Subject_bixfy,"#N/A","#N/A","#N/A","#N/A","#N/A"
32f05e70-e3e0-4502-a981-24b7c9fcfe92,"#N/A","#N/A",false,Web,"#N/A","#N/A",Medium,"#N/A",New,Subject_pczhk,"#N/A","#N/A","#N/A","#N/A","#N/A"
32f2d74b-a374-4e0f-9e00-3da96dc9f6b1,"#N/A","#N/A",false,Web,"#N/A","#N/A",Medium,"#N/A",New,Subject_efukq,"#N/A","#N/A","#N/A","#N/A","#N/A"
32f8d58b-1c11-4d95-ab96-61f8e4ea2845,"#N/A","#N/A",false,Web,"#N/A","#N/A",Medium,"#N/A",New,Subject_ogzwx,"#N/A","#N/A","#N/A","#N/A","#N/A"
32fb5771-ae9d-4837-822c-67ef081f08ca,"#N/A","#N/A",false,Web,"#N/A","#N/A",Medium,"#N/A",New,Subject_nxofh,"#N/A","#N/A","#N/A","#N/A","#N/A"
32fead9b-0d47-4f75-a67c-81d782993b25,"#N/A","#N/A",false,Web,"#N/A","#N/A",Medium,"#N/A",New,Subject_vikrv,"#N/A","#N/A","#N/A","#N/A","#N/A"
33095b16-1ff6-43fd-b29f-421936d5164b,"#N/A","#N/A",false,Web,"#N/A","#N/A",Medium,"#N/A",New,Subject_ppoqk,"#N/A","#N/A","#N/A","#N/A","#N/A"
330f0888-9072-469d-a8e3-5dee81c82ac5,"#N/A","#N/A",false,Web,"#N/A","#N/A",Medium,"#N/A",New,Subject_hcfdb,"#N/A","#N/A","#N/A","#N/A","#N/A"
3312c738-ded3-4385-8a2e-de9dc4bde0c3,"#N/A","#N/A",false,Web,"#N/A","#N/A",Medium,"#N/A",New,Subject_ftiao,"#N/A","#N/A","#N/A","#N/A","#N/A"
33139b4f-d299-492b-9c9d-cabe787a6c4a,"#N/A","#N/A",false,Web,"#N/A","#N/A",Medium,"#N/A",New,Subject_xwazd,"#N/A","#N/A","#N/A","#N/A","#N/A"
3314066b-7306-404c-ae9c-d6b88a7772bc,"#N/A","#N/A",false,Web,"#N/A","#N/A",Medium,"#N/A",New,Subject_pwgcm,"#N/A","#N/A","#N/A","#N/A","#N/A"
3315252f-4c2d-45ca-901d-4dec158bdd5e,"#N/A","#N/A",false,Web,"#N/A","#N/A",Medium,"#N/A",New,Subject_hqidl,"#N/A","#N/A","#N/A","#N/A","#N/A"
33154f1d-01e0-4dd5-acc3-642dbf44e1c0,"#N/A","#N/A",false,Web,"#N/A","#N/A",Medium,"#N/A",New,Subject_hafjg,"#N/A","#N/A","#N/A","#N/A","#N/A"
3319d9ed-4e8b-4fc0-821d-05e0e8a81793,"#N/A","#N/A",false,Web,"#N/A","#N/A",Medium,"#N/A",New,Subject_eurcr,"#N/A","#N/A","#N/A","#N/A","#N/A"
331a5159-16d3-4fbe-ac53-9f6ebb71f960,"#N/A","#N/A",false,Web,"#N/A","#N/A",Medium,"#N/A",New,Subject_mryjv,"#N/A","#N/A","#N/A","#N/A","#N/A"
331ee32b-980f-42da-a975-cd6fdba2979b,"#N/A","#N/A",false,Web,"#N/A","#N/A",Medium,"#N/A",New,Subject_gyqzf,"#N/A","#N/A","#N/A","#N/A","#N/A"
3320be4e-dcbb-4dbd-a9f6-c4bb7302732d,"#N/A","#N/A",false,Web,"#N/A","#N/A",Medium,"#N/A",New,Subject_rbhxm,"#N/A","#N/A","#N/A","#N/A","#N/A"
332386be-03e0-4254-8344-3e62deedf0d3,"#N/A","#N/A",false,Web,"#N/A","#N/A",Medium,"#N/A",New,Subject_zjlrf,"#N/A","#N/A","#N/A","#N/A","#N/A"
332ba5c3-b420-47c9-9dd0-9ae0459025e9,"#N/A","#N/A",false,Web,"#N/A","#N/A",Medium,"#N/A",New,Subject_lkmug,"#N/A","#N/A","#N/A","#N/A","#N/A"
333a2486-89c9-4641-b1b4-52c4ad306427,"#N/A","#N/A",false,Web,"#N/A","#N/A",Medium,"#N/A",New,Subject_ncetx,"#N/A","#N/A","#N/A","#N/A","#N/A"
333afef2-0d56-4860-8832-0133a8a10c40,"#N/A","#N/A",false,Web,"#N/A","#N/A",Medium,"#N/A",New,Subject_ayfob,"#N/A","#N/A","#N/A","#N/A","#N/A"
333ef090-7a1a-4a4e-8f31-9ee3ec36702f,"#N/A","#N/A",false,Web,"#N/A","#N/A",Medium,"#N/A",New,Subject_bjsno,"#N/A","#N/A","#N/A","#N/A","#N/A"
333f9cb7-1c03-411b-8c36-a8bd52713c0a,"#N/A","#N/A",false,Web,"#N/A","#N/A",Medium,"#N/A",New,Subject_xgipt,"#N/A","#N/A","#N/A","#N/A","#N/A"
334251ec-c9a7-49a9-8c68-266b6d05cfe9,"#N/A","#N/A",false,Web,"#N/A","#N/A",Medium,"#N/A",New,Subject_eeiab,"#N/A","#N/A","#N/A","#N/A","#N/A"
334324ab-190f-49e9-bcc8-7d5f281605bc,"#N/A","#N/A",false,Web,"#N/A","#N/A",Medium,"#N/A",New,Subject_pkaux,"#N/A","#N/A","#N/A","#N/A","#N/A"
33466795-88e9-40a6-9491-11b6cf17f8ba,"#N/A","#N/A",false,Web,"#N/A","#N/A",Medium,"#N/A",New,Subject_larxc,"#N/A","#N/A","#N/A","#N/A","#N/A"
3348d54c-d8d8-4533-abb8-c133f88fef93,"#N/A","#N/A",false,Web,"#N/A","#N/A",Medium,"#N/A",New,Subject_grwsn,"#N/A","#N/A","#N/A","#N/A","#N/A"
335167f3-d6e4-4e75-8616-49992bd1171d,"#N/A","#N/A",false,Web,"#N/A","#N/A",Medium,"#N/A",New,Subject_vkjga,"#N/A","#N/A","#N/A","#N/A","#N/A"
33543bc9-3e57-482d-8bc4-3fc022bc1ecf,"#N/A","#N/A",false,Web,"#N/A","#N/A",Medium,"#N/A",New,Subject_ktqfl,"#N/A","#N/A","#N/A","#N/A","#N/A"
335572e1-5140-4d2f-880d-6d4a2b1a4407,"#N/A","#N/A",false,Web,"#N/A","#N/A",Medium,"#N/A",New,Subject_zvfsa,"#N/A","#N/A","#N/A","#N/A","#N/A"
33565b41-cb8f-4e9d-b774-819a37b960c8,"#N/A","#N/A",false,Web,"#N/A","#N/A",Medium,"#N/A",New,Subject_lqfrw,"#N/A","#N/A","#N/A","#N/A","#N/A"
33568448-173f-4f8a-a37b-71caf32e4bec,"#N/A","#N/A",false,Web,"#N/A","#N/A",Medium,"#N/A",New,Subject_dkmgd,"#N/A","#N/A","#N/A","#N/A","#N/A"
3357a6be-eada-42d2-921a-b8a7be733365,"#N/A","#N/A",false,Web,"#N/A","#N/A",Medium,"#N/A",New,Subject_iyort,"#N/A","#N/A","#N/A","#N/A","#N/A"
335c7df6-59c7-4920-a0cc-1a4576622dd2,"#N/A","#N/A",false,Web,"#N/A","#N/A",Medium,"#N/A",New,Subject_fvfzw,"#N/A","#N/A","#N/A","#N/A","#N/A"
335ccc2b-c82b-4682-a669-4209f2395ee3,"#N/A","#N/A",false,Web,"#N/A","#N/A",Medium,"#N/A",New,Subject_anjtb,"#N/A","#N/A","#N/A","#N/A","#N/A"
33600241-4f17-401e-ba79-a0185a85b501,"#N/A","#N/A",false,Web,"#N/A","#N/A",Medium,"#N/A",New,Subject_tpodb,"#N/A","#N/A","#N/A","#N/A","#N/A"
3361ef70-5163-4305-861f-29578cb4fc95,"#N/A","#N/A",false,Web,"#N/A","#N/A",Medium,"#N/A",New,Subject_lnwkp,"#N/A","#N/A","#N/A","#N/A","#N/A"
33626cdf-05f0-4501-9551-a361dcc9a171,"#N/A","#N/A",false,Web,"#N/A","#N/A",Medium,"#N/A",New,Subject_srdjg,"#N/A","#N/A","#N/A","#N/A","#N/A"
336658ea-c245-40af-80be-d4c4b506de4b,"#N/A","#N/A",false,Web,"#N/A","#N/A",Medium,"#N/A",New,Subject_zleis,"#N/A","#N/A","#N/A","#N/A","#N/A"
336b916d-23c8-477f-8ed3-878c681bb2b0,"#N/A","#N/A",false,Web,"#N/A","#N/A",Medium,"#N/A",New,Subject_vzyco,"#N/A","#N/A","#N/A","#N/A","#N/A"
337680f1-2b6b-47f3-9a9c-cdb1a203d64d,"#N/A","#N/A",false,Web,"#N/A","#N/A",Medium,"#N/A",New,Subject_wbwlo,"#N/A","#N/A","#N/A","#N/A","#N/A"
337f5edd-f5e1-4e33-bc2f-cbe9cbfd0bf4,"#N/A","#N/A",false,Web,"#N/A","#N/A",Medium,"#N/A",New,Subject_mezbj,"#N/A","#N/A","#N/A","#N/A","#N/A"
337fe9d2-9ca2-4c4f-b52f-f0d34d1fff5b,"#N/A","#N/A",false,Web,"#N/A","#N/A",Medium,"#N/A",New,Subject_dwdhx,"#N/A","#N/A","#N/A","#N/A","#N/A"
338071b3-fc59-4ea9-a432-9321d77489dc,"#N/A","#N/A",false,Web,"#N/A","#N/A",Medium,"#N/A",New,Subject_nsmay,"#N/A","#N/A","#N/A","#N/A","#N/A"
33835dcc-a444-4a1a-9a3c-f74b642a5dd9,"#N/A","#N/A",false,Web,"#N/A","#N/A",Medium,"#N/A",New,Subject_cbwyb,"#N/A","#N/A","#N/A","#N/A","#N/A"
33896a4b-71ca-4cca-87ab-7985b16914e2,"#N/A","#N/A",false,Web,"#N/A","#N/A",Medium,"#N/A",New,Subject_uanhh,"#N/A","#N/A","#N/A","#N/A","#N/A"
3393303e-e4a9-4474-8884-8e2245647839,"#N/A","#N/A",false,Web,"#N/A","#N/A",Medium,"#N/A",New,Subject_jazzj,"#N/A","#N/A","#N/A","#N/A","#N/A"
339381ee-978d-49ee-bf6c-7641b75b3095,"#N/A","#N/A",false,Web,"#N/A","#N/A",Medium,"#N/A",New,Subject_pkiqm,"#N/A","#N/A","#N/A","#N/A","#N/A"
3396605f-1a55-433e-9e64-6b10b4a82cfb,"#N/A","#N/A",false,Web,"#N/A","#N/A",Medium,"#N/A",New,Subject_yufub,"#N/A","#N/A","#N/A","#N/A","#N/A"
339c3d6c-57ac-441f-a194-ef9d80d232f1,"#N/A","#N/A",false,Web,"#N/A","#N/A",Medium,"#N/A",New,Subject_awone,"#N/A","#N/A","#N/A","#N/A","#N/A"
339eb50f-662d-4483-9ccb-4abce995d754,"#N/A","#N/A",false,Web,"#N/A","#N/A",Medium,"#N/A",New,Subject_aqnkv,"#N/A","#N/A","#N/A","#N/A","#N/A"
33a1b46e-1938-4fd4-932d-d963f445f08f,"#N/A","#N/A",false,Web,"#N/A","#N/A",Medium,"#N/A",New,Subject_vgdec,"#N/A","#N/A","#N/A","#N/A","#N/A"
33a1c508-bbb5-4d26-a466-7e593561934d,"#N/A","#N/A",false,Web,"#N/A","#N/A",Medium,"#N/A",New,Subject_saxsj,"#N/A","#N/A","#N/A","#N/A","#N/A"
33a34e0e-5539-4b55-9ef6-1997b6f6a9ae,"#N/A","#N/A",false,Web,"#N/A","#N/A",Medium,"#N/A",New,Subject_rybch,"#N/A","#N/A","#N/A","#N/A","#N/A"
33a44b48-0b4c-4e52-82f0-220937754e03,"#N/A","#N/A",false,Web,"#N/A","#N/A",Medium,"#N/A",New,Subject_paevd,"#N/A","#N/A","#N/A","#N/A","#N/A"
33a58ab7-56f3-4169-8d92-a3fa2e843a0e,"#N/A","#N/A",false,Web,"#N/A","#N/A",Medium,"#N/A",New,Subject_aolru,"#N/A","#N/A","#N/A","#N/A","#N/A"
33aad8f1-4d76-47f8-a15a-644a51646ee0,"#N/A","#N/A",false,Web,"#N/A","#N/A",Medium,"#N/A",New,Subject_dxmlk,"#N/A","#N/A","#N/A","#N/A","#N/A"
33b242d5-5960-409b-a6d2-e6e521e714ad,"#N/A","#N/A",false,Web,"#N/A","#N/A",Medium,"#N/A",New,Subject_whiyr,"#N/A","#N/A","#N/A","#N/A","#N/A"
33b374db-75d7-4b57-92d7-d8c268de0413,"#N/A","#N/A",false,Web,"#N/A","#N/A",Medium,"#N/A",New,Subject_nfqvn,"#N/A","#N/A","#N/A","#N/A","#N/A"
33b3cbc2-1a52-4d6a-87b7-a4a61854bcb1,"#N/A","#N/A",false,Web,"#N/A","#N/A",Medium,"#N/A",New,Subject_gbfcy,"#N/A","#N/A","#N/A","#N/A","#N/A"
33b3fea9-fa08-4d26-9e82-9096d6bb0e88,"#N/A","#N/A",false,Web,"#N/A","#N/A",Medium,"#N/A",New,Subject_yiqba,"#N/A","#N/A","#N/A","#N/A","#N/A"
33b94ff6-dac7-4560-94e0-e2cf174f8d1d,"#N/A","#N/A",false,Web,"#N/A","#N/A",Medium,"#N/A",New,Subject_omjsa,"#N/A","#N/A","#N/A","#N/A","#N/A"
33ba16f4-bea5-4796-a91a-dd4b459643ed,"#N/A","#N/A",false,Web,"#N/A","#N/A",Medium,"#N/A",New,Subject_vprju,"#N/A","#N/A","#N/A","#N/A","#N/A"
33bb6221-9079-4a6b-909a-6c17662f451b,"#N/A","#N/A",false,Web,"#N/A","#N/A",Medium,"#N/A",New,Subject_etesn,"#N/A","#N/A","#N/A","#N/A","#N/A"
33c1e03b-8af1-4d0b-92d1-9a708c24e884,"#N/A","#N/A",false,Web,"#N/A","#N/A",Medium,"#N/A",New,Subject_hchru,"#N/A","#N/A","#N/A","#N/A","#N/A"
33ca5ad7-6d9b-4631-ac9d-82ad0788ba62,"#N/A","#N/A",false,Web,"#N/A","#N/A",Medium,"#N/A",New,Subject_xwzvm,"#N/A","#N/A","#N/A","#N/A","#N/A"
33cc8bd5-19c9-4270-932f-4bf641889a0a,"#N/A","#N/A",false,Web,"#N/A","#N/A",Medium,"#N/A",New,Subject_ggwkl,"#N/A","#N/A","#N/A","#N/A","#N/A"
33cd53df-ab17-43ce-8b17-a24ca11ae9f8,"#N/A","#N/A",false,Web,"#N/A","#N/A",Medium,"#N/A",New,Subject_hwrku,"#N/A","#N/A","#N/A","#N/A","#N/A"
33d1db9f-f981-484a-b2ca-fca1a9cd4c38,"#N/A","#N/A",false,Web,"#N/A","#N/A",Medium,"#N/A",New,Subject_umcas,"#N/A","#N/A","#N/A","#N/A","#N/A"
33d1ff35-c5c8-4d8f-9ab5-b4ebff1cdb4a,"#N/A","#N/A",false,Web,"#N/A","#N/A",Medium,"#N/A",New,Subject_hyjnh,"#N/A","#N/A","#N/A","#N/A","#N/A"
33d35e74-b9ba-4f52-9e12-ae08b4c8a4fa,"#N/A","#N/A",false,Web,"#N/A","#N/A",Medium,"#N/A",New,Subject_gniuw,"#N/A","#N/A","#N/A","#N/A","#N/A"
33d48cdd-5b0a-4f4d-a21e-1f9ff5564f3b,"#N/A","#N/A",false,Web,"#N/A","#N/A",Medium,"#N/A",New,Subject_iogov,"#N/A","#N/A","#N/A","#N/A","#N/A"
33d50979-aa8f-4cfa-94b6-9fe0c88af80c,"#N/A","#N/A",false,Web,"#N/A","#N/A",Medium,"#N/A",New,Subject_rfhdq,"#N/A","#N/A","#N/A","#N/A","#N/A"
33d5e9a2-002e-48c3-b13d-b9657107b7ac,"#N/A","#N/A",false,Web,"#N/A","#N/A",Medium,"#N/A",New,Subject_hfvta,"#N/A","#N/A","#N/A","#N/A","#N/A"
33d5ee3a-4059-4c83-8db9-6fe259f11639,"#N/A","#N/A",false,Web,"#N/A","#N/A",Medium,"#N/A",New,Subject_mljuv,"#N/A","#N/A","#N/A","#N/A","#N/A"
33d659d5-99d4-4a83-8c44-69bcf81be6b8,"#N/A","#N/A",false,Web,"#N/A","#N/A",Medium,"#N/A",New,Subject_wwjmr,"#N/A","#N/A","#N/A","#N/A","#N/A"
33dc47db-84b2-4e15-921b-feade2a3df99,"#N/A","#N/A",false,Web,"#N/A","#N/A",Medium,"#N/A",New,Subject_fpoac,"#N/A","#N/A","#N/A","#N/A","#N/A"
33ddf57b-9ba2-4d21-bbbd-cd7383983e7c,"#N/A","#N/A",false,Web,"#N/A","#N/A",Medium,"#N/A",New,Subject_clagi,"#N/A","#N/A","#N/A","#N/A","#N/A"
33e2394c-1e05-440a-9f05-6cfe46d0217d,"#N/A","#N/A",false,Web,"#N/A","#N/A",Medium,"#N/A",New,Subject_hodsu,"#N/A","#N/A","#N/A","#N/A","#N/A"
33e32a4f-f6b1-49b4-8cf7-2c8bc844c31f,"#N/A","#N/A",false,Web,"#N/A","#N/A",Medium,"#N/A",New,Subject_kiwte,"#N/A","#N/A","#N/A","#N/A","#N/A"
33e37dac-3cb6-4ea4-8394-eb136e68d748,"#N/A","#N/A",false,Web,"#N/A","#N/A",Medium,"#N/A",New,Subject_emyqp,"#N/A","#N/A","#N/A","#N/A","#N/A"
33e3ab27-ed61-4564-add7-a6728176113a,"#N/A","#N/A",false,Web,"#N/A","#N/A",Medium,"#N/A",New,Subject_fhflg,"#N/A","#N/A","#N/A","#N/A","#N/A"
33e4da32-5c63-486d-a450-3cc8969419d7,"#N/A","#N/A",false,Web,"#N/A","#N/A",Medium,"#N/A",New,Subject_cyfog,"#N/A","#N/A","#N/A","#N/A","#N/A"
33e83608-1845-4f45-b8e8-25050f9d2ba3,"#N/A","#N/A",false,Web,"#N/A","#N/A",Medium,"#N/A",New,Subject_boulb,"#N/A","#N/A","#N/A","#N/A","#N/A"
33f1cc4b-d63a-4706-b39a-e343a147fb34,"#N/A","#N/A",false,Web,"#N/A","#N/A",Medium,"#N/A",New,Subject_frdsl,"#N/A","#N/A","#N/A","#N/A","#N/A"
33fbc903-6e6e-4aa0-b4ba-a90586706bad,"#N/A","#N/A",false,Web,"#N/A","#N/A",Medium,"#N/A",New,Subject_jltem,"#N/A","#N/A","#N/A","#N/A","#N/A"
33fd45f6-6ff5-40be-b8cb-6f801acba274,"#N/A","#N/A",false,Web,"#N/A","#N/A",Medium,"#N/A",New,Subject_vxkgd,"#N/A","#N/A","#N/A","#N/A","#N/A"
340de663-56b2-43e5-95c9-8f72c3b91efe,"#N/A","#N/A",false,Web,"#N/A","#N/A",Medium,"#N/A",New,Subject_nstbr,"#N/A","#N/A","#N/A","#N/A","#N/A"
341011bf-cbcf-48e9-acd2-c41a4fc43f4d,"#N/A","#N/A",false,Web,"#N/A","#N/A",Medium,"#N/A",New,Subject_ncyej,"#N/A","#N/A","#N/A","#N/A","#N/A"
34143459-a933-4ef8-85f6-cb7731e23196,"#N/A","#N/A",false,Web,"#N/A","#N/A",Medium,"#N/A",New,Subject_bglgc,"#N/A","#N/A","#N/A","#N/A","#N/A"
3416c4be-cd5e-4532-8a5c-67e29d2042dd,"#N/A","#N/A",false,Web,"#N/A","#N/A",Medium,"#N/A",New,Subject_zhnmb,"#N/A","#N/A","#N/A","#N/A","#N/A"
3418e30d-f7a8-4e8d-ae9c-642a265b2514,"#N/A","#N/A",false,Web,"#N/A","#N/A",Medium,"#N/A",New,Subject_kfwri,"#N/A","#N/A","#N/A","#N/A","#N/A"
341ec070-67e5-4170-ae1b-b359b7492ab5,"#N/A","#N/A",false,Web,"#N/A","#N/A",Medium,"#N/A",New,Subject_sjvxy,"#N/A","#N/A","#N/A","#N/A","#N/A"
34219c7e-7665-49c5-8d23-907cdaffa07d,"#N/A","#N/A",false,Web,"#N/A","#N/A",Medium,"#N/A",New,Subject_hxpju,"#N/A","#N/A","#N/A","#N/A","#N/A"
34221887-9a90-4608-83a2-69f3d19fb914,"#N/A","#N/A",false,Web,"#N/A","#N/A",Medium,"#N/A",New,Subject_pdomd,"#N/A","#N/A","#N/A","#N/A","#N/A"
3427e9c8-dec4-4211-be6a-0641088caa19,"#N/A","#N/A",false,Web,"#N/A","#N/A",Medium,"#N/A",New,Subject_axllg,"#N/A","#N/A","#N/A","#N/A","#N/A"
342bbc00-0086-44ac-9be1-e39db236a22a,"#N/A","#N/A",false,Web,"#N/A","#N/A",Medium,"#N/A",New,Subject_neybw,"#N/A","#N/A","#N/A","#N/A","#N/A"
342eb10b-6c93-4b48-a333-c752d545c15e,"#N/A","#N/A",false,Web,"#N/A","#N/A",Medium,"#N/A",New,Subject_eqfuy,"#N/A","#N/A","#N/A","#N/A","#N/A"
342f84e7-a347-4e9c-bd64-7fcc351a2cfa,"#N/A","#N/A",false,Web,"#N/A","#N/A",Medium,"#N/A",New,Subject_cghey,"#N/A","#N/A","#N/A","#N/A","#N/A"
34323431-f3f8-41f4-a894-b119cb236edf,"#N/A","#N/A",false,Web,"#N/A","#N/A",Medium,"#N/A",New,Subject_nraip,"#N/A","#N/A","#N/A","#N/A","#N/A"
343b812d-5b9c-417b-b20d-b2ee67358f9d,"#N/A","#N/A",false,Web,"#N/A","#N/A",Medium,"#N/A",New,Subject_mhrsi,"#N/A","#N/A","#N/A","#N/A","#N/A"
343d46c0-2978-4085-9198-e9b84fdd7bd1,"#N/A","#N/A",false,Web,"#N/A","#N/A",Medium,"#N/A",New,Subject_lnzjf,"#N/A","#N/A","#N/A","#N/A","#N/A"
3440d7eb-5d87-4ae6-ab12-74958e4877fb,"#N/A","#N/A",false,Web,"#N/A","#N/A",Medium,"#N/A",New,Subject_nkyqo,"#N/A","#N/A","#N/A","#N/A","#N/A"
3440ed9e-01eb-4415-8603-cb77d641b771,"#N/A","#N/A",false,Web,"#N/A","#N/A",Medium,"#N/A",New,Subject_oeses,"#N/A","#N/A","#N/A","#N/A","#N/A"
34445464-9369-4dd6-8e07-e6c3fdbe1df2,"#N/A","#N/A",false,Web,"#N/A","#N/A",Medium,"#N/A",New,Subject_ngoce,"#N/A","#N/A","#N/A","#N/A","#N/A"
344671be-ca46-4eb7-bca1-32a9ebcd18be,"#N/A","#N/A",false,Web,"#N/A","#N/A",Medium,"#N/A",New,Subject_nlxkl,"#N/A","#N/A","#N/A","#N/A","#N/A"
34469ef2-29ff-40aa-a156-83810cb5c6e9,"#N/A","#N/A",false,Web,"#N/A","#N/A",Medium,"#N/A",New,Subject_fojng,"#N/A","#N/A","#N/A","#N/A","#N/A"
3446ad50-0a71-4d1c-8a98-4e024793ded2,"#N/A","#N/A",false,Web,"#N/A","#N/A",Medium,"#N/A",New,Subject_lekhi,"#N/A","#N/A","#N/A","#N/A","#N/A"
34481253-6ddc-478f-ad93-5d57357dd341,"#N/A","#N/A",false,Web,"#N/A","#N/A",Medium,"#N/A",New,Subject_ckanj,"#N/A","#N/A","#N/A","#N/A","#N/A"
344900ca-3716-44c6-b393-fbdf1e13acf0,"#N/A","#N/A",false,Web,"#N/A","#N/A",Medium,"#N/A",New,Subject_dbtbo,"#N/A","#N/A","#N/A","#N/A","#N/A"
344fbc69-93d2-434a-b983-bd303fe7f43d,"#N/A","#N/A",false,Web,"#N/A","#N/A",Medium,"#N/A",New,Subject_snzdr,"#N/A","#N/A","#N/A","#N/A","#N/A"
3450eb6a-1aaa-4ccc-b65f-7c66cb669f7c,"#N/A","#N/A",false,Web,"#N/A","#N/A",Medium,"#N/A",New,Subject_mavkp,"#N/A","#N/A","#N/A","#N/A","#N/A"
345283bc-9ee1-4e73-a0b5-9816747c9833,"#N/A","#N/A",false,Web,"#N/A","#N/A",Medium,"#N/A",New,Subject_uuott,"#N/A","#N/A","#N/A","#N/A","#N/A"
345638aa-4b14-45f3-bbb0-6ec1f14a234a,"#N/A","#N/A",false,Web,"#N/A","#N/A",Medium,"#N/A",New,Subject_jkvlx,"#N/A","#N/A","#N/A","#N/A","#N/A"
345639ea-1ee1-485e-a008-d8c4f2e2e58c,"#N/A","#N/A",false,Web,"#N/A","#N/A",Medium,"#N/A",New,Subject_oojce,"#N/A","#N/A","#N/A","#N/A","#N/A"
3456a1f0-f0e9-4409-a4db-d2a684dc4a0b,"#N/A","#N/A",false,Web,"#N/A","#N/A",Medium,"#N/A",New,Subject_nhlfq,"#N/A","#N/A","#N/A","#N/A","#N/A"
345b2390-e6a7-4ab5-b956-41354fb6a155,"#N/A","#N/A",false,Web,"#N/A","#N/A",Medium,"#N/A",New,Subject_trkeu,"#N/A","#N/A","#N/A","#N/A","#N/A"
345b443d-c6c2-4915-b50d-2a239bccedc2,"#N/A","#N/A",false,Web,"#N/A","#N/A",Medium,"#N/A",New,Subject_iagiw,"#N/A","#N/A","#N/A","#N/A","#N/A"
345dea4f-3f18-4304-8e5d-829cdb269031,"#N/A","#N/A",false,Web,"#N/A","#N/A",Medium,"#N/A",New,Subject_isuvo,"#N/A","#N/A","#N/A","#N/A","#N/A"
345e8c0c-9804-4a36-8a70-2d13ec3f1667,"#N/A","#N/A",false,Web,"#N/A","#N/A",Medium,"#N/A",New,Subject_ktrdv,"#N/A","#N/A","#N/A","#N/A","#N/A"
346291bd-6ba0-4456-beb6-8b0db6940a1c,"#N/A","#N/A",false,Web,"#N/A","#N/A",Medium,"#N/A",New,Subject_zyzea,"#N/A","#N/A","#N/A","#N/A","#N/A"
34676c7d-33de-4b2d-b9b0-7cf4791a52bc,"#N/A","#N/A",false,Web,"#N/A","#N/A",Medium,"#N/A",New,Subject_tinzi,"#N/A","#N/A","#N/A","#N/A","#N/A"
346794da-588a-49b8-92b3-5bd385941923,"#N/A","#N/A",false,Web,"#N/A","#N/A",Medium,"#N/A",New,Subject_wlhel,"#N/A","#N/A","#N/A","#N/A","#N/A"
3469d58f-5828-4186-9d7f-2a4eb02b2ed6,"#N/A","#N/A",false,Web,"#N/A","#N/A",Medium,"#N/A",New,Subject_ihjaf,"#N/A","#N/A","#N/A","#N/A","#N/A"
347149ef-08b8-4b1b-9606-220fc5f0c1bd,"#N/A","#N/A",false,Web,"#N/A","#N/A",Medium,"#N/A",New,Subject_rykqv,"#N/A","#N/A","#N/A","#N/A","#N/A"
347293cf-cc5d-43c8-bc3c-6fb7e9a2ac61,"#N/A","#N/A",false,Web,"#N/A","#N/A",Medium,"#N/A",New,Subject_nbbgs,"#N/A","#N/A","#N/A","#N/A","#N/A"
3475d591-aac2-4c7c-8591-35309fc40669,"#N/A","#N/A",false,Web,"#N/A","#N/A",Medium,"#N/A",New,Subject_qwctp,"#N/A","#N/A","#N/A","#N/A","#N/A"
3479cb0e-91f4-42e6-8b47-922e38132f91,"#N/A","#N/A",false,Web,"#N/A","#N/A",Medium,"#N/A",New,Subject_uhauw,"#N/A","#N/A","#N/A","#N/A","#N/A"
347c8467-cfe0-4222-afe7-e30d8d249983,"#N/A","#N/A",false,Web,"#N/A","#N/A",Medium,"#N/A",New,Subject_kavpo,"#N/A","#N/A","#N/A","#N/A","#N/A"
34857e1d-6b39-4aa7-8a40-cf4af8b0fa95,"#N/A","#N/A",false,Web,"#N/A","#N/A",Medium,"#N/A",New,Subject_flmwt,"#N/A","#N/A","#N/A","#N/A","#N/A"
34860051-7d1a-4b76-8118-c930717783db,"#N/A","#N/A",false,Web,"#N/A","#N/A",Medium,"#N/A",New,Subject_qnpwq,"#N/A","#N/A","#N/A","#N/A","#N/A"
3487d0a4-eddf-4613-b08b-98f4f0e7fc39,"#N/A","#N/A",false,Web,"#N/A","#N/A",Medium,"#N/A",New,Subject_hdvkp,"#N/A","#N/A","#N/A","#N/A","#N/A"
34900839-b3e1-45de-9ef9-2fa1fef8a9ca,"#N/A","#N/A",false,Web,"#N/A","#N/A",Medium,"#N/A",New,Subject_ysofi,"#N/A","#N/A","#N/A","#N/A","#N/A"
34922bd5-3a04-42e3-ab07-5c0dc6f764db,"#N/A","#N/A",false,Web,"#N/A","#N/A",Medium,"#N/A",New,Subject_mtjem,"#N/A","#N/A","#N/A","#N/A","#N/A"
3492cbf2-5305-4880-94dd-2a166c9604fd,"#N/A","#N/A",false,Web,"#N/A","#N/A",Medium,"#N/A",New,Subject_gjzfx,"#N/A","#N/A","#N/A","#N/A","#N/A"
3497ff85-0b5c-410f-8e43-c3216146c01b,"#N/A","#N/A",false,Web,"#N/A","#N/A",Medium,"#N/A",New,Subject_jawjo,"#N/A","#N/A","#N/A","#N/A","#N/A"
349aa99f-ab9c-490e-9c51-10e2bac10870,"#N/A","#N/A",false,Web,"#N/A","#N/A",Medium,"#N/A",New,Subject_wqatc,"#N/A","#N/A","#N/A","#N/A","#N/A"
34a27dd6-46ef-4ac9-ade0-857db039f630,"#N/A","#N/A",false,Web,"#N/A","#N/A",Medium,"#N/A",New,Subject_plcid,"#N/A","#N/A","#N/A","#N/A","#N/A"
34a39aba-1a79-47ec-876d-5c2f7e789d02,"#N/A","#N/A",false,Web,"#N/A","#N/A",Medium,"#N/A",New,Subject_dnekk,"#N/A","#N/A","#N/A","#N/A","#N/A"
34a48142-6ec8-414a-9996-4624c0b65815,"#N/A","#N/A",false,Web,"#N/A","#N/A",Medium,"#N/A",New,Subject_zwyhs,"#N/A","#N/A","#N/A","#N/A","#N/A"
34a83ede-3c86-4641-968e-680e132f85de,"#N/A","#N/A",false,Web,"#N/A","#N/A",Medium,"#N/A",New,Subject_mylzn,"#N/A","#N/A","#N/A","#N/A","#N/A"
34b7ee98-130b-45b9-aceb-e081e77a60e3,"#N/A","#N/A",false,Web,"#N/A","#N/A",Medium,"#N/A",New,Subject_lwrde,"#N/A","#N/A","#N/A","#N/A","#N/A"
34bbdbc4-54a6-44b2-acf0-b7c5845c7c05,"#N/A","#N/A",false,Web,"#N/A","#N/A",Medium,"#N/A",New,Subject_ulvrn,"#N/A","#N/A","#N/A","#N/A","#N/A"
34bc3d0b-88d4-4dcd-bd88-bf548dc7c386,"#N/A","#N/A",false,Web,"#N/A","#N/A",Medium,"#N/A",New,Subject_ngclg,"#N/A","#N/A","#N/A","#N/A","#N/A"
34c3e2dc-d092-47e0-b73e-a74e3a59c6cc,"#N/A","#N/A",false,Web,"#N/A","#N/A",Medium,"#N/A",New,Subject_fttyh,"#N/A","#N/A","#N/A","#N/A","#N/A"
34c560ba-6d7d-4215-b0c2-cd7d49d43ecb,"#N/A","#N/A",false,Web,"#N/A","#N/A",Medium,"#N/A",New,Subject_zvpon,"#N/A","#N/A","#N/A","#N/A","#N/A"
34cc904d-7439-4430-9960-437ba2241a83,"#N/A","#N/A",false,Web,"#N/A","#N/A",Medium,"#N/A",New,Subject_kazkc,"#N/A","#N/A","#N/A","#N/A","#N/A"
34cd67fc-8fa7-486d-a320-699be9a58516,"#N/A","#N/A",false,Web,"#N/A","#N/A",Medium,"#N/A",New,Subject_ixwwa,"#N/A","#N/A","#N/A","#N/A","#N/A"
34cd6812-71ca-477e-93b2-c109263acbd8,"#N/A","#N/A",false,Web,"#N/A","#N/A",Medium,"#N/A",New,Subject_tuxte,"#N/A","#N/A","#N/A","#N/A","#N/A"
34ce344e-35eb-4302-9d86-17114614a86b,"#N/A","#N/A",false,Web,"#N/A","#N/A",Medium,"#N/A",New,Subject_tsibd,"#N/A","#N/A","#N/A","#N/A","#N/A"
34d0321e-4d7e-4f30-9327-3a5aac80724b,"#N/A","#N/A",false,Web,"#N/A","#N/A",Medium,"#N/A",New,Subject_bltuw,"#N/A","#N/A","#N/A","#N/A","#N/A"
34d39ca7-f8c5-44fe-a309-08e47013de4e,"#N/A","#N/A",false,Web,"#N/A","#N/A",Medium,"#N/A",New,Subject_fgehg,"#N/A","#N/A","#N/A","#N/A","#N/A"
34d6eb94-7994-4c7e-aa6b-ab29ab711028,"#N/A","#N/A",false,Web,"#N/A","#N/A",Medium,"#N/A",New,Subject_tlkju,"#N/A","#N/A","#N/A","#N/A","#N/A"
34d863a4-8f51-458d-91e7-011672f66619,"#N/A","#N/A",false,Web,"#N/A","#N/A",Medium,"#N/A",New,Subject_yrgnv,"#N/A","#N/A","#N/A","#N/A","#N/A"
34e094c4-ce0f-4aa5-8ffb-9945cf33b353,"#N/A","#N/A",false,Web,"#N/A","#N/A",Medium,"#N/A",New,Subject_htmbj,"#N/A","#N/A","#N/A","#N/A","#N/A"
34e78f65-d2a7-4bd3-98f4-c7de3bfd55dd,"#N/A","#N/A",false,Web,"#N/A","#N/A",Medium,"#N/A",New,Subject_tfegj,"#N/A","#N/A","#N/A","#N/A","#N/A"
34e88acc-d44b-433e-a776-ec0e5c0fa9b5,"#N/A","#N/A",false,Web,"#N/A","#N/A",Medium,"#N/A",New,Subject_zpvih,"#N/A","#N/A","#N/A","#N/A","#N/A"
34e99828-30b8-4998-b33a-d656cedc4151,"#N/A","#N/A",false,Web,"#N/A","#N/A",Medium,"#N/A",New,Subject_lvwoh,"#N/A","#N/A","#N/A","#N/A","#N/A"
34ea63b7-e155-48f0-bd42-c957bab8c26b,"#N/A","#N/A",false,Web,"#N/A","#N/A",Medium,"#N/A",New,Subject_luyxd,"#N/A","#N/A","#N/A","#N/A","#N/A"
34ecf854-b00f-4fec-b2d9-78cd58bc1a8c,"#N/A","#N/A",false,Web,"#N/A","#N/A",Medium,"#N/A",New,Subject_gueyn,"#N/A","#N/A","#N/A","#N/A","#N/A"
34edaec7-fb7d-4f8e-8ec7-86fef70a6f08,"#N/A","#N/A",false,Web,"#N/A","#N/A",Medium,"#N/A",New,Subject_guiai,"#N/A","#N/A","#N/A","#N/A","#N/A"
34ee7265-3db0-4bae-bdb7-49c4cc714b2d,"#N/A","#N/A",false,Web,"#N/A","#N/A",Medium,"#N/A",New,Subject_eokqs,"#N/A","#N/A","#N/A","#N/A","#N/A"
34f54e45-e6e6-41ce-9b55-6285d3390c89,"#N/A","#N/A",false,Web,"#N/A","#N/A",Medium,"#N/A",New,Subject_wgzsa,"#N/A","#N/A","#N/A","#N/A","#N/A"
34f70689-4a86-4510-8bc9-a62186523c36,"#N/A","#N/A",false,Web,"#N/A","#N/A",Medium,"#N/A",New,Subject_anhjg,"#N/A","#N/A","#N/A","#N/A","#N/A"
34f9580d-9513-4149-a2ca-56f01a8ed114,"#N/A","#N/A",false,Web,"#N/A","#N/A",Medium,"#N/A",New,Subject_lyots,"#N/A","#N/A","#N/A","#N/A","#N/A"
34ffaa18-87b3-404b-a30f-3d5b1154e151,"#N/A","#N/A",false,Web,"#N/A","#N/A",Medium,"#N/A",New,Subject_pwxpz,"#N/A","#N/A","#N/A","#N/A","#N/A"
35002a66-6b93-40fb-9d28-3f7a4d5fed61,"#N/A","#N/A",false,Web,"#N/A","#N/A",Medium,"#N/A",New,Subject_wpzdf,"#N/A","#N/A","#N/A","#N/A","#N/A"
3503395c-5144-4a8f-9c86-9390335e4add,"#N/A","#N/A",false,Web,"#N/A","#N/A",Medium,"#N/A",New,Subject_jruvs,"#N/A","#N/A","#N/A","#N/A","#N/A"
3505e2c8-3df9-4463-a55a-9e5826020819,"#N/A","#N/A",false,Web,"#N/A","#N/A",Medium,"#N/A",New,Subject_bfqkk,"#N/A","#N/A","#N/A","#N/A","#N/A"
35094747-3c4f-45d0-9394-6af835163d06,"#N/A","#N/A",false,Web,"#N/A","#N/A",Medium,"#N/A",New,Subject_zjams,"#N/A","#N/A","#N/A","#N/A","#N/A"
3509905a-800a-4632-9eb9-e869d7012043,"#N/A","#N/A",false,Web,"#N/A","#N/A",Medium,"#N/A",New,Subject_fysxu,"#N/A","#N/A","#N/A","#N/A","#N/A"
350b5d3a-744c-4f6d-8025-726e4418be3b,"#N/A","#N/A",false,Web,"#N/A","#N/A",Medium,"#N/A",New,Subject_ncxau,"#N/A","#N/A","#N/A","#N/A","#N/A"
350bbf51-a21e-4bb3-814f-6f175960e51a,"#N/A","#N/A",false,Web,"#N/A","#N/A",Medium,"#N/A",New,Subject_irecp,"#N/A","#N/A","#N/A","#N/A","#N/A"
350ca15b-6200-4b3d-9ab1-4fdb58f4560c,"#N/A","#N/A",false,Web,"#N/A","#N/A",Medium,"#N/A",New,Subject_xhpci,"#N/A","#N/A","#N/A","#N/A","#N/A"
351472ea-3fe7-4a7a-9643-725fdf3d91e7,"#N/A","#N/A",false,Web,"#N/A","#N/A",Medium,"#N/A",New,Subject_fawcc,"#N/A","#N/A","#N/A","#N/A","#N/A"
351fe2be-3667-4a08-9b99-79dedda5091a,"#N/A","#N/A",false,Web,"#N/A","#N/A",Medium,"#N/A",New,Subject_lkzup,"#N/A","#N/A","#N/A","#N/A","#N/A"
35273c71-842e-4db5-b347-5d01d09a9571,"#N/A","#N/A",false,Web,"#N/A","#N/A",Medium,"#N/A",New,Subject_ituym,"#N/A","#N/A","#N/A","#N/A","#N/A"
352a7530-9d57-43c4-9e84-9936b04afc4a,"#N/A","#N/A",false,Web,"#N/A","#N/A",Medium,"#N/A",New,Subject_tagwp,"#N/A","#N/A","#N/A","#N/A","#N/A"
352a8bf8-fbde-4a04-a570-16c39f3e6338,"#N/A","#N/A",false,Web,"#N/A","#N/A",Medium,"#N/A",New,Subject_unqds,"#N/A","#N/A","#N/A","#N/A","#N/A"
352b7969-34a6-4d5b-b2ed-eeba54c9f9cc,"#N/A","#N/A",false,Web,"#N/A","#N/A",Medium,"#N/A",New,Subject_utfnd,"#N/A","#N/A","#N/A","#N/A","#N/A"
35330ef4-5ddc-4f38-b296-98d5df41704c,"#N/A","#N/A",false,Web,"#N/A","#N/A",Medium,"#N/A",New,Subject_tlnpb,"#N/A","#N/A","#N/A","#N/A","#N/A"
353974f2-3bc3-483b-8b51-395ab92c7b52,"#N/A","#N/A",false,Web,"#N/A","#N/A",Medium,"#N/A",New,Subject_hymxd,"#N/A","#N/A","#N/A","#N/A","#N/A"
353b33c0-29ba-4c12-a8a0-1ad8f66b9bf1,"#N/A","#N/A",false,Web,"#N/A","#N/A",Medium,"#N/A",New,Subject_kuyib,"#N/A","#N/A","#N/A","#N/A","#N/A"
353cbf08-cbcd-47cd-8b5a-b9486cd6b276,"#N/A","#N/A",false,Web,"#N/A","#N/A",Medium,"#N/A",New,Subject_loffs,"#N/A","#N/A","#N/A","#N/A","#N/A"
353cc724-069b-45bf-ba81-6b067f33bc83,"#N/A","#N/A",false,Web,"#N/A","#N/A",Medium,"#N/A",New,Subject_hruei,"#N/A","#N/A","#N/A","#N/A","#N/A"
353ff034-91f2-43a1-a155-954ffbd30a98,"#N/A","#N/A",false,Web,"#N/A","#N/A",Medium,"#N/A",New,Subject_ubdse,"#N/A","#N/A","#N/A","#N/A","#N/A"
3542f561-9208-455e-99ef-c752c573b948,"#N/A","#N/A",false,Web,"#N/A","#N/A",Medium,"#N/A",New,Subject_kknsg,"#N/A","#N/A","#N/A","#N/A","#N/A"
3544e9ea-7fe9-45b6-9ba5-7914526152aa,"#N/A","#N/A",false,Web,"#N/A","#N/A",Medium,"#N/A",New,Subject_qyokh,"#N/A","#N/A","#N/A","#N/A","#N/A"
35458534-ad72-499c-83df-41d647514589,"#N/A","#N/A",false,Web,"#N/A","#N/A",Medium,"#N/A",New,Subject_bjimv,"#N/A","#N/A","#N/A","#N/A","#N/A"
3549370f-be2c-483b-8530-cc05c0bcf6a4,"#N/A","#N/A",false,Web,"#N/A","#N/A",Medium,"#N/A",New,Subject_alewe,"#N/A","#N/A","#N/A","#N/A","#N/A"
354d9189-f8fc-4ef1-b8c4-9cdc6e413078,"#N/A","#N/A",false,Web,"#N/A","#N/A",Medium,"#N/A",New,Subject_jzpbk,"#N/A","#N/A","#N/A","#N/A","#N/A"
35503b78-9421-4b13-ab4e-ead58f802437,"#N/A","#N/A",false,Web,"#N/A","#N/A",Medium,"#N/A",New,Subject_bljgz,"#N/A","#N/A","#N/A","#N/A","#N/A"
355273b2-64be-4eef-931c-38b8324782ec,"#N/A","#N/A",false,Web,"#N/A","#N/A",Medium,"#N/A",New,Subject_szyuj,"#N/A","#N/A","#N/A","#N/A","#N/A"
3558a5c3-43ac-429f-b707-0b9827dc9a8f,"#N/A","#N/A",false,Web,"#N/A","#N/A",Medium,"#N/A",New,Subject_hzwqr,"#N/A","#N/A","#N/A","#N/A","#N/A"
35592110-4408-4fc5-9ea3-abff7717a8b5,"#N/A","#N/A",false,Web,"#N/A","#N/A",Medium,"#N/A",New,Subject_vbbso,"#N/A","#N/A","#N/A","#N/A","#N/A"
355a0177-af2a-409b-be84-3f23d8fbc159,"#N/A","#N/A",false,Web,"#N/A","#N/A",Medium,"#N/A",New,Subject_wkarz,"#N/A","#N/A","#N/A","#N/A","#N/A"
355a520a-a002-4dc9-a81b-125cadceb32f,"#N/A","#N/A",false,Web,"#N/A","#N/A",Medium,"#N/A",New,Subject_xxnlj,"#N/A","#N/A","#N/A","#N/A","#N/A"
355d4336-4b42-47e9-b5e6-e0978c852090,"#N/A","#N/A",false,Web,"#N/A","#N/A",Medium,"#N/A",New,Subject_wusmv,"#N/A","#N/A","#N/A","#N/A","#N/A"
355d4d96-37b5-4295-bca3-5915c3414bd7,"#N/A","#N/A",false,Web,"#N/A","#N/A",Medium,"#N/A",New,Subject_bjblk,"#N/A","#N/A","#N/A","#N/A","#N/A"
3563d4f7-3adb-4da1-b9c9-fa2540410bc3,"#N/A","#N/A",false,Web,"#N/A","#N/A",Medium,"#N/A",New,Subject_ztrpf,"#N/A","#N/A","#N/A","#N/A","#N/A"
3566aee5-802e-4c01-b979-ddbe5df2bea4,"#N/A","#N/A",false,Web,"#N/A","#N/A",Medium,"#N/A",New,Subject_xzwdo,"#N/A","#N/A","#N/A","#N/A","#N/A"
3568e418-0b1a-4308-8b03-88f41c717b85,"#N/A","#N/A",false,Web,"#N/A","#N/A",Medium,"#N/A",New,Subject_hprhv,"#N/A","#N/A","#N/A","#N/A","#N/A"
35695c25-fe39-4a63-b206-dfb855d2fa39,"#N/A","#N/A",false,Web,"#N/A","#N/A",Medium,"#N/A",New,Subject_bdeoi,"#N/A","#N/A","#N/A","#N/A","#N/A"
356a6166-a1a2-426f-aa40-71cc6542d774,"#N/A","#N/A",false,Web,"#N/A","#N/A",Medium,"#N/A",New,Subject_ttbsj,"#N/A","#N/A","#N/A","#N/A","#N/A"
356fd2c5-6cac-447a-bb92-95803ba06dfb,"#N/A","#N/A",false,Web,"#N/A","#N/A",Medium,"#N/A",New,Subject_kswik,"#N/A","#N/A","#N/A","#N/A","#N/A"
3570045e-0224-4d8a-b6a7-7761e1b38be4,"#N/A","#N/A",false,Web,"#N/A","#N/A",Medium,"#N/A",New,Subject_ibkfo,"#N/A","#N/A","#N/A","#N/A","#N/A"
35709dd3-e00f-429c-8451-e53dd6f9c200,"#N/A","#N/A",false,Web,"#N/A","#N/A",Medium,"#N/A",New,Subject_uwrsp,"#N/A","#N/A","#N/A","#N/A","#N/A"
357a517b-44a2-43d2-9146-f3a1493f80f3,"#N/A","#N/A",false,Web,"#N/A","#N/A",Medium,"#N/A",New,Subject_jxatv,"#N/A","#N/A","#N/A","#N/A","#N/A"
357d1dca-cbb3-4bb7-89ff-ad31908834ab,"#N/A","#N/A",false,Web,"#N/A","#N/A",Medium,"#N/A",New,Subject_itmrn,"#N/A","#N/A","#N/A","#N/A","#N/A"
35805883-8b4c-4164-ba59-ab6cff0cf537,"#N/A","#N/A",false,Web,"#N/A","#N/A",Medium,"#N/A",New,Subject_noguw,"#N/A","#N/A","#N/A","#N/A","#N/A"
3582041a-6396-4149-8cd2-3daf280a84d1,"#N/A","#N/A",false,Web,"#N/A","#N/A",Medium,"#N/A",New,Subject_ovqla,"#N/A","#N/A","#N/A","#N/A","#N/A"
358266ab-15e8-4140-a501-3f6f303ef4b9,"#N/A","#N/A",false,Web,"#N/A","#N/A",Medium,"#N/A",New,Subject_jlkvx,"#N/A","#N/A","#N/A","#N/A","#N/A"
3584e03e-6677-476f-aac2-8227a73f5fde,"#N/A","#N/A",false,Web,"#N/A","#N/A",Medium,"#N/A",New,Subject_llkmo,"#N/A","#N/A","#N/A","#N/A","#N/A"
35853433-afda-4cc5-903b-6cfe2a246c58,"#N/A","#N/A",false,Web,"#N/A","#N/A",Medium,"#N/A",New,Subject_mmslj,"#N/A","#N/A","#N/A","#N/A","#N/A"
35870145-6c14-4b30-8d78-f239356e28c7,"#N/A","#N/A",false,Web,"#N/A","#N/A",Medium,"#N/A",New,Subject_crxtj,"#N/A","#N/A","#N/A","#N/A","#N/A"
358c75fb-2b3e-417a-ae75-e35affeb909f,"#N/A","#N/A",false,Web,"#N/A","#N/A",Medium,"#N/A",New,Subject_arzpi,"#N/A","#N/A","#N/A","#N/A","#N/A"
3591396b-9e80-48b9-b256-75fcef2ba641,"#N/A","#N/A",false,Web,"#N/A","#N/A",Medium,"#N/A",New,Subject_kwaai,"#N/A","#N/A","#N/A","#N/A","#N/A"
3592478e-38f9-4bba-9dc5-2588b156ffcd,"#N/A","#N/A",false,Web,"#N/A","#N/A",Medium,"#N/A",New,Subject_puqpy,"#N/A","#N/A","#N/A","#N/A","#N/A"
35961361-e905-4451-af12-f171537f4ba9,"#N/A","#N/A",false,Web,"#N/A","#N/A",Medium,"#N/A",New,Subject_bytek,"#N/A","#N/A","#N/A","#N/A","#N/A"
3597fc29-1a1c-4717-beb5-af322b7831d9,"#N/A","#N/A",false,Web,"#N/A","#N/A",Medium,"#N/A",New,Subject_vkeak,"#N/A","#N/A","#N/A","#N/A","#N/A"
3599699b-3b71-458e-b30e-626152c89006,"#N/A","#N/A",false,Web,"#N/A","#N/A",Medium,"#N/A",New,Subject_lvwoh,"#N/A","#N/A","#N/A","#N/A","#N/A"
359e660f-c5e2-4e02-943d-30595bc6d9a6,"#N/A","#N/A",false,Web,"#N/A","#N/A",Medium,"#N/A",New,Subject_bxggf,"#N/A","#N/A","#N/A","#N/A","#N/A"
359fb9c1-6647-4abe-9ebc-d647ebed17f6,"#N/A","#N/A",false,Web,"#N/A","#N/A",Medium,"#N/A",New,Subject_vjiqd,"#N/A","#N/A","#N/A","#N/A","#N/A"
35a3c5e7-8921-4f17-be66-0ff56e4d44f8,"#N/A","#N/A",false,Web,"#N/A","#N/A",Medium,"#N/A",New,Subject_scwxm,"#N/A","#N/A","#N/A","#N/A","#N/A"
35a5ed93-2ced-48cf-af5d-d851f587fc67,"#N/A","#N/A",false,Web,"#N/A","#N/A",Medium,"#N/A",New,Subject_mljtb,"#N/A","#N/A","#N/A","#N/A","#N/A"
35a622f7-2ce0-470a-85f4-2d246274ffcf,"#N/A","#N/A",false,Web,"#N/A","#N/A",Medium,"#N/A",New,Subject_brawa,"#N/A","#N/A","#N/A","#N/A","#N/A"
35a6bf17-98fe-461d-84b5-72a35a9768e0,"#N/A","#N/A",false,Web,"#N/A","#N/A",Medium,"#N/A",New,Subject_xakuh,"#N/A","#N/A","#N/A","#N/A","#N/A"
35aadb8c-8231-452c-9a56-0cd9b2e91075,"#N/A","#N/A",false,Web,"#N/A","#N/A",Medium,"#N/A",New,Subject_brqys,"#N/A","#N/A","#N/A","#N/A","#N/A"
35ad407e-56da-4f45-b5e1-b31e36658474,"#N/A","#N/A",false,Web,"#N/A","#N/A",Medium,"#N/A",New,Subject_obxdb,"#N/A","#N/A","#N/A","#N/A","#N/A"
35ad5710-74b5-43fe-bfe9-cf83e466dc50,"#N/A","#N/A",false,Web,"#N/A","#N/A",Medium,"#N/A",New,Subject_rvbmy,"#N/A","#N/A","#N/A","#N/A","#N/A"
35adbf71-d35e-403e-ba93-ed073f648927,"#N/A","#N/A",false,Web,"#N/A","#N/A",Medium,"#N/A",New,Subject_yuppn,"#N/A","#N/A","#N/A","#N/A","#N/A"
35adf2db-cfa3-4f5f-b110-926e25ac3496,"#N/A","#N/A",false,Web,"#N/A","#N/A",Medium,"#N/A",New,Subject_apviw,"#N/A","#N/A","#N/A","#N/A","#N/A"
35b793fd-433b-4b35-822a-e989e3ff4069,"#N/A","#N/A",false,Web,"#N/A","#N/A",Medium,"#N/A",New,Subject_fdvze,"#N/A","#N/A","#N/A","#N/A","#N/A"
35bb9fe2-82c6-4623-9220-2f3c22cee24b,"#N/A","#N/A",false,Web,"#N/A","#N/A",Medium,"#N/A",New,Subject_nytnd,"#N/A","#N/A","#N/A","#N/A","#N/A"
35bcc2bf-5322-42a0-82a5-c96bc6a24ce6,"#N/A","#N/A",false,Web,"#N/A","#N/A",Medium,"#N/A",New,Subject_byjqi,"#N/A","#N/A","#N/A","#N/A","#N/A"
35bd708b-d361-4bb1-89c0-ebc863f60af5,"#N/A","#N/A",false,Web,"#N/A","#N/A",Medium,"#N/A",New,Subject_biktm,"#N/A","#N/A","#N/A","#N/A","#N/A"
35c12ccb-28a8-42b3-869f-e0074aeb21bc,"#N/A","#N/A",false,Web,"#N/A","#N/A",Medium,"#N/A",New,Subject_wyasp,"#N/A","#N/A","#N/A","#N/A","#N/A"
35c22e9e-b92b-4b84-9de2-570c86bbdf9a,"#N/A","#N/A",false,Web,"#N/A","#N/A",Medium,"#N/A",New,Subject_bmpty,"#N/A","#N/A","#N/A","#N/A","#N/A"
35c5e793-fe3c-42cf-9b39-baa019d1f69d,"#N/A","#N/A",false,Web,"#N/A","#N/A",Medium,"#N/A",New,Subject_uknkp,"#N/A","#N/A","#N/A","#N/A","#N/A"
35c68d4f-9d3f-477d-9b0b-e223934fbccf,"#N/A","#N/A",false,Web,"#N/A","#N/A",Medium,"#N/A",New,Subject_cgrff,"#N/A","#N/A","#N/A","#N/A","#N/A"
35cb8553-922c-41d7-a15d-c70cea3eb318,"#N/A","#N/A",false,Web,"#N/A","#N/A",Medium,"#N/A",New,Subject_izlol,"#N/A","#N/A","#N/A","#N/A","#N/A"
35d197c2-8c80-4ead-b3c2-4a2aec6c54b4,"#N/A","#N/A",false,Web,"#N/A","#N/A",Medium,"#N/A",New,Subject_wklgh,"#N/A","#N/A","#N/A","#N/A","#N/A"
35d29f49-d728-410b-bbe0-528f69723b37,"#N/A","#N/A",false,Web,"#N/A","#N/A",Medium,"#N/A",New,Subject_sxdfv,"#N/A","#N/A","#N/A","#N/A","#N/A"
35d39678-9e9d-4907-a587-200d0287f7d4,"#N/A","#N/A",false,Web,"#N/A","#N/A",Medium,"#N/A",New,Subject_pqgqn,"#N/A","#N/A","#N/A","#N/A","#N/A"
35d6f6eb-3fa0-40ee-b38d-e8c87d627f0c,"#N/A","#N/A",false,Web,"#N/A","#N/A",Medium,"#N/A",New,Subject_ihuvk,"#N/A","#N/A","#N/A","#N/A","#N/A"
35d9bc9d-ee97-49f2-b8d5-b84666716198,"#N/A","#N/A",false,Web,"#N/A","#N/A",Medium,"#N/A",New,Subject_uvkkm,"#N/A","#N/A","#N/A","#N/A","#N/A"
35dcf95d-26e2-4b80-8cde-ce2e10bb4631,"#N/A","#N/A",false,Web,"#N/A","#N/A",Medium,"#N/A",New,Subject_oayqc,"#N/A","#N/A","#N/A","#N/A","#N/A"
35dee8c7-5eeb-434f-b3ef-2d6ea8348af5,"#N/A","#N/A",false,Web,"#N/A","#N/A",Medium,"#N/A",New,Subject_kutvn,"#N/A","#N/A","#N/A","#N/A","#N/A"
35e0d21d-16a9-4856-afd1-33508adc08e1,"#N/A","#N/A",false,Web,"#N/A","#N/A",Medium,"#N/A",New,Subject_yjglf,"#N/A","#N/A","#N/A","#N/A","#N/A"
35e2d100-d0c7-43fd-9827-e9a1469eded0,"#N/A","#N/A",false,Web,"#N/A","#N/A",Medium,"#N/A",New,Subject_ghsbq,"#N/A","#N/A","#N/A","#N/A","#N/A"
35e7c3df-19c9-43de-9ff9-3d0e6b2359de,"#N/A","#N/A",false,Web,"#N/A","#N/A",Medium,"#N/A",New,Subject_weiem,"#N/A","#N/A","#N/A","#N/A","#N/A"
35e8cec7-d7e8-414c-8ecf-3ce493ec0b25,"#N/A","#N/A",false,Web,"#N/A","#N/A",Medium,"#N/A",New,Subject_jymmd,"#N/A","#N/A","#N/A","#N/A","#N/A"
35e9c3e7-0041-4d95-8bec-e966fb24a5b2,"#N/A","#N/A",false,Web,"#N/A","#N/A",Medium,"#N/A",New,Subject_madqx,"#N/A","#N/A","#N/A","#N/A","#N/A"
35eb228d-8666-4e60-ab16-288b90faa325,"#N/A","#N/A",false,Web,"#N/A","#N/A",Medium,"#N/A",New,Subject_pujlo,"#N/A","#N/A","#N/A","#N/A","#N/A"
35ee5c7d-d916-46fd-9c16-f2ef999ed3cb,"#N/A","#N/A",false,Web,"#N/A","#N/A",Medium,"#N/A",New,Subject_xerjv,"#N/A","#N/A","#N/A","#N/A","#N/A"
35f22fe8-bb65-4cde-8b5f-34c8bd34c996,"#N/A","#N/A",false,Web,"#N/A","#N/A",Medium,"#N/A",New,Subject_bggva,"#N/A","#N/A","#N/A","#N/A","#N/A"
35f54b42-1745-4bc0-946f-435d0fa57ca7,"#N/A","#N/A",false,Web,"#N/A","#N/A",Medium,"#N/A",New,Subject_icllx,"#N/A","#N/A","#N/A","#N/A","#N/A"
35f6bdf3-db5e-4d79-9bef-f4e5d8148d39,"#N/A","#N/A",false,Web,"#N/A","#N/A",Medium,"#N/A",New,Subject_hxmrc,"#N/A","#N/A","#N/A","#N/A","#N/A"
35f75168-f42e-4f1a-ab45-ac1e31ce5f6d,"#N/A","#N/A",false,Web,"#N/A","#N/A",Medium,"#N/A",New,Subject_yhxos,"#N/A","#N/A","#N/A","#N/A","#N/A"
35f9f8c1-acb7-45d0-b695-5b4fdd763562,"#N/A","#N/A",false,Web,"#N/A","#N/A",Medium,"#N/A",New,Subject_agude,"#N/A","#N/A","#N/A","#N/A","#N/A"
35fbab78-e996-4cb7-a882-9f1f660f69ee,"#N/A","#N/A",false,Web,"#N/A","#N/A",Medium,"#N/A",New,Subject_olzcc,"#N/A","#N/A","#N/A","#N/A","#N/A"
35fc182a-01b8-43c5-a252-fd6d481498d1,"#N/A","#N/A",false,Web,"#N/A","#N/A",Medium,"#N/A",New,Subject_afcap,"#N/A","#N/A","#N/A","#N/A","#N/A"
35fc846b-ad9b-48b5-8ec9-dd1f91c5ea46,"#N/A","#N/A",false,Web,"#N/A","#N/A",Medium,"#N/A",New,Subject_xdphy,"#N/A","#N/A","#N/A","#N/A","#N/A"
35feb8ba-51fb-43ab-bf72-4c2dfd240757,"#N/A","#N/A",false,Web,"#N/A","#N/A",Medium,"#N/A",New,Subject_xfgkl,"#N/A","#N/A","#N/A","#N/A","#N/A"
3600350f-f85e-45bc-b51d-257cdba33660,"#N/A","#N/A",false,Web,"#N/A","#N/A",Medium,"#N/A",New,Subject_urbzr,"#N/A","#N/A","#N/A","#N/A","#N/A"
360053bd-03e5-4f55-bc63-0a135a580b59,"#N/A","#N/A",false,Web,"#N/A","#N/A",Medium,"#N/A",New,Subject_bplwg,"#N/A","#N/A","#N/A","#N/A","#N/A"
3604011f-c277-4126-a66f-8b21898d6dd6,"#N/A","#N/A",false,Web,"#N/A","#N/A",Medium,"#N/A",New,Subject_ziltf,"#N/A","#N/A","#N/A","#N/A","#N/A"
3609c399-6b70-4fb9-be36-8f1653d93669,"#N/A","#N/A",false,Web,"#N/A","#N/A",Medium,"#N/A",New,Subject_joioa,"#N/A","#N/A","#N/A","#N/A","#N/A"
360a3720-1320-42a7-ba26-2426d8939dab,"#N/A","#N/A",false,Web,"#N/A","#N/A",Medium,"#N/A",New,Subject_oiyxu,"#N/A","#N/A","#N/A","#N/A","#N/A"
360fa1a6-fb1c-4aaf-b732-a8f513eb20a0,"#N/A","#N/A",false,Web,"#N/A","#N/A",Medium,"#N/A",New,Subject_jzmec,"#N/A","#N/A","#N/A","#N/A","#N/A"
36157263-b43d-4b93-a058-d6826382602c,"#N/A","#N/A",false,Web,"#N/A","#N/A",Medium,"#N/A",New,Subject_mgolx,"#N/A","#N/A","#N/A","#N/A","#N/A"
3615a9ff-94ac-4877-9705-97b98be773cb,"#N/A","#N/A",false,Web,"#N/A","#N/A",Medium,"#N/A",New,Subject_uclyh,"#N/A","#N/A","#N/A","#N/A","#N/A"
361808a0-870d-477d-8d58-387493191176,"#N/A","#N/A",false,Web,"#N/A","#N/A",Medium,"#N/A",New,Subject_vsfmp,"#N/A","#N/A","#N/A","#N/A","#N/A"
361c9387-8200-493a-b328-1bf7f0be00c5,"#N/A","#N/A",false,Web,"#N/A","#N/A",Medium,"#N/A",New,Subject_zgskf,"#N/A","#N/A","#N/A","#N/A","#N/A"
361e7880-5161-400b-957e-c0550e7a7ee6,"#N/A","#N/A",false,Web,"#N/A","#N/A",Medium,"#N/A",New,Subject_uewhi,"#N/A","#N/A","#N/A","#N/A","#N/A"
36279dbe-2acd-431f-9292-8a73fbe62187,"#N/A","#N/A",false,Web,"#N/A","#N/A",Medium,"#N/A",New,Subject_opvua,"#N/A","#N/A","#N/A","#N/A","#N/A"
3627c67e-6f0c-4b91-8a70-2d16beb3809c,"#N/A","#N/A",false,Web,"#N/A","#N/A",Medium,"#N/A",New,Subject_hvhxu,"#N/A","#N/A","#N/A","#N/A","#N/A"
3628e4af-ee06-40a3-a900-deaf4288c36d,"#N/A","#N/A",false,Web,"#N/A","#N/A",Medium,"#N/A",New,Subject_uolul,"#N/A","#N/A","#N/A","#N/A","#N/A"
362a8b5f-ae44-4cae-a368-f8785ee03dda,"#N/A","#N/A",false,Web,"#N/A","#N/A",Medium,"#N/A",New,Subject_enlik,"#N/A","#N/A","#N/A","#N/A","#N/A"
362c8d42-7641-42a7-b3a7-81d2bb0e0c53,"#N/A","#N/A",false,Web,"#N/A","#N/A",Medium,"#N/A",New,Subject_tuwub,"#N/A","#N/A","#N/A","#N/A","#N/A"
362ebbff-7c32-44f4-8a2e-afc728655249,"#N/A","#N/A",false,Web,"#N/A","#N/A",Medium,"#N/A",New,Subject_qlujg,"#N/A","#N/A","#N/A","#N/A","#N/A"
362f5e30-039b-4b75-9776-6a52718cabb7,"#N/A","#N/A",false,Web,"#N/A","#N/A",Medium,"#N/A",New,Subject_smmdk,"#N/A","#N/A","#N/A","#N/A","#N/A"
3630b539-5954-4bee-8f78-5b39ada716c8,"#N/A","#N/A",false,Web,"#N/A","#N/A",Medium,"#N/A",New,Subject_htdhm,"#N/A","#N/A","#N/A","#N/A","#N/A"
3630c294-6aac-42ae-be4f-c62d98254e6a,"#N/A","#N/A",false,Web,"#N/A","#N/A",Medium,"#N/A",New,Subject_plhss,"#N/A","#N/A","#N/A","#N/A","#N/A"
3630dbdc-0447-4712-88d6-4ad915538b86,"#N/A","#N/A",false,Web,"#N/A","#N/A",Medium,"#N/A",New,Subject_khgig,"#N/A","#N/A","#N/A","#N/A","#N/A"
36350550-9aae-452e-ad20-bb63dbf78885,"#N/A","#N/A",false,Web,"#N/A","#N/A",Medium,"#N/A",New,Subject_jfgxg,"#N/A","#N/A","#N/A","#N/A","#N/A"
363528e1-ff71-44dd-8c8b-81772f9bc179,"#N/A","#N/A",false,Web,"#N/A","#N/A",Medium,"#N/A",New,Subject_noeey,"#N/A","#N/A","#N/A","#N/A","#N/A"
3639ee31-fb76-4ca2-a300-ae504ca54fb4,"#N/A","#N/A",false,Web,"#N/A","#N/A",Medium,"#N/A",New,Subject_dpzit,"#N/A","#N/A","#N/A","#N/A","#N/A"
363a489b-51d6-4487-ae79-74a84049f3b0,"#N/A","#N/A",false,Web,"#N/A","#N/A",Medium,"#N/A",New,Subject_iesxp,"#N/A","#N/A","#N/A","#N/A","#N/A"
363ad765-ac39-4b28-af9f-19cbde475a69,"#N/A","#N/A",false,Web,"#N/A","#N/A",Medium,"#N/A",New,Subject_yiknd,"#N/A","#N/A","#N/A","#N/A","#N/A"
363dfa1e-5e82-4a61-8d52-7c762a246db6,"#N/A","#N/A",false,Web,"#N/A","#N/A",Medium,"#N/A",New,Subject_ngatw,"#N/A","#N/A","#N/A","#N/A","#N/A"
3640a3f1-642b-4846-9f50-df9e241eae0a,"#N/A","#N/A",false,Web,"#N/A","#N/A",Medium,"#N/A",New,Subject_zvxjn,"#N/A","#N/A","#N/A","#N/A","#N/A"
36422f96-0f48-4f88-9ad3-57fd0d3a8309,"#N/A","#N/A",false,Web,"#N/A","#N/A",Medium,"#N/A",New,Subject_tvvyb,"#N/A","#N/A","#N/A","#N/A","#N/A"
3643c9c8-7cd8-41bf-97e6-7a8cc5e4ba61,"#N/A","#N/A",false,Web,"#N/A","#N/A",Medium,"#N/A",New,Subject_bfqrj,"#N/A","#N/A","#N/A","#N/A","#N/A"
364409d9-b766-4912-a3d3-853e9814d116,"#N/A","#N/A",false,Web,"#N/A","#N/A",Medium,"#N/A",New,Subject_xfeyx,"#N/A","#N/A","#N/A","#N/A","#N/A"
36443364-0095-413f-8757-e8f8d1ea8628,"#N/A","#N/A",false,Web,"#N/A","#N/A",Medium,"#N/A",New,Subject_jsjeo,"#N/A","#N/A","#N/A","#N/A","#N/A"
3645fedc-3b9a-4bed-a5ae-cfcaf5fc23c5,"#N/A","#N/A",false,Web,"#N/A","#N/A",Medium,"#N/A",New,Subject_wohni,"#N/A","#N/A","#N/A","#N/A","#N/A"
3646820e-6f46-44b1-84da-ee8e7c7b42ba,"#N/A","#N/A",false,Web,"#N/A","#N/A",Medium,"#N/A",New,Subject_jzjet,"#N/A","#N/A","#N/A","#N/A","#N/A"
364737ca-f34a-45a9-892f-d915f81352ab,"#N/A","#N/A",false,Web,"#N/A","#N/A",Medium,"#N/A",New,Subject_dnfpa,"#N/A","#N/A","#N/A","#N/A","#N/A"
364bba17-9375-40fb-a9e0-59d0d5bbe492,"#N/A","#N/A",false,Web,"#N/A","#N/A",Medium,"#N/A",New,Subject_banxm,"#N/A","#N/A","#N/A","#N/A","#N/A"
3650933e-62c1-4937-91d6-ea379701e10c,"#N/A","#N/A",false,Web,"#N/A","#N/A",Medium,"#N/A",New,Subject_jaglo,"#N/A","#N/A","#N/A","#N/A","#N/A"
36514808-a478-403b-b7b4-ab579feaabc0,"#N/A","#N/A",false,Web,"#N/A","#N/A",Medium,"#N/A",New,Subject_ptswi,"#N/A","#N/A","#N/A","#N/A","#N/A"
3651eb61-d150-404b-a93a-de6d65c6757d,"#N/A","#N/A",false,Web,"#N/A","#N/A",Medium,"#N/A",New,Subject_ecsfg,"#N/A","#N/A","#N/A","#N/A","#N/A"
3652a0ef-2ac4-4522-9e84-3413edd10b42,"#N/A","#N/A",false,Web,"#N/A","#N/A",Medium,"#N/A",New,Subject_kfbhg,"#N/A","#N/A","#N/A","#N/A","#N/A"
36569bfa-d6a2-47c0-962f-bc0d2d951674,"#N/A","#N/A",false,Web,"#N/A","#N/A",Medium,"#N/A",New,Subject_amrjf,"#N/A","#N/A","#N/A","#N/A","#N/A"
36588e05-8030-4a08-81ea-56ae4d2dc884,"#N/A","#N/A",false,Web,"#N/A","#N/A",Medium,"#N/A",New,Subject_wvacj,"#N/A","#N/A","#N/A","#N/A","#N/A"
365b0ca8-a8b8-4301-b04d-9dad11dd0120,"#N/A","#N/A",false,Web,"#N/A","#N/A",Medium,"#N/A",New,Subject_sibmr,"#N/A","#N/A","#N/A","#N/A","#N/A"
365b36b3-0c2b-42cb-8c35-c264fd78bf96,"#N/A","#N/A",false,Web,"#N/A","#N/A",Medium,"#N/A",New,Subject_slrji,"#N/A","#N/A","#N/A","#N/A","#N/A"
365ce6c8-41e2-42c7-b666-8d8c9a27390b,"#N/A","#N/A",false,Web,"#N/A","#N/A",Medium,"#N/A",New,Subject_omlzq,"#N/A","#N/A","#N/A","#N/A","#N/A"
365ea4b1-266a-4bbd-b544-2ab1325a0dda,"#N/A","#N/A",false,Web,"#N/A","#N/A",Medium,"#N/A",New,Subject_pkgnw,"#N/A","#N/A","#N/A","#N/A","#N/A"
3660057b-96d6-4c8a-a236-9a1b38c0002a,"#N/A","#N/A",false,Web,"#N/A","#N/A",Medium,"#N/A",New,Subject_aeuff,"#N/A","#N/A","#N/A","#N/A","#N/A"
36618166-75da-4b0b-a3eb-5dbaa2b6dcfd,"#N/A","#N/A",false,Web,"#N/A","#N/A",Medium,"#N/A",New,Subject_nqfzu,"#N/A","#N/A","#N/A","#N/A","#N/A"
36655d64-9f44-499b-9fa5-06d0b6661454,"#N/A","#N/A",false,Web,"#N/A","#N/A",Medium,"#N/A",New,Subject_cvblu,"#N/A","#N/A","#N/A","#N/A","#N/A"
3666e43f-d959-4fdc-b5ac-bcdc5b4356e6,"#N/A","#N/A",false,Web,"#N/A","#N/A",Medium,"#N/A",New,Subject_wbxyq,"#N/A","#N/A","#N/A","#N/A","#N/A"
3666f574-5e4b-42c7-a269-83c752d7294b,"#N/A","#N/A",false,Web,"#N/A","#N/A",Medium,"#N/A",New,Subject_rlmie,"#N/A","#N/A","#N/A","#N/A","#N/A"
366b8f9a-2b91-4ea4-913e-a376e870298e,"#N/A","#N/A",false,Web,"#N/A","#N/A",Medium,"#N/A",New,Subject_qtxrr,"#N/A","#N/A","#N/A","#N/A","#N/A"
366cbc61-19db-4e4e-9e20-285c128f46a4,"#N/A","#N/A",false,Web,"#N/A","#N/A",Medium,"#N/A",New,Subject_gfovl,"#N/A","#N/A","#N/A","#N/A","#N/A"
366ea0bd-1649-4374-963a-2174e118a11e,"#N/A","#N/A",false,Web,"#N/A","#N/A",Medium,"#N/A",New,Subject_raunu,"#N/A","#N/A","#N/A","#N/A","#N/A"
366f0f83-5098-4f62-9335-9e1925ad1b0f,"#N/A","#N/A",false,Web,"#N/A","#N/A",Medium,"#N/A",New,Subject_uuost,"#N/A","#N/A","#N/A","#N/A","#N/A"
366f88cd-7417-4289-82d4-78bfb9ae4c1d,"#N/A","#N/A",false,Web,"#N/A","#N/A",Medium,"#N/A",New,Subject_qjicp,"#N/A","#N/A","#N/A","#N/A","#N/A"
3670b16d-e064-4870-b391-ceb803364271,"#N/A","#N/A",false,Web,"#N/A","#N/A",Medium,"#N/A",New,Subject_uwipn,"#N/A","#N/A","#N/A","#N/A","#N/A"
36717530-6f75-481d-9127-425909b1c8e0,"#N/A","#N/A",false,Web,"#N/A","#N/A",Medium,"#N/A",New,Subject_entog,"#N/A","#N/A","#N/A","#N/A","#N/A"
36741158-2f27-4544-8817-f6fa922c7bb1,"#N/A","#N/A",false,Web,"#N/A","#N/A",Medium,"#N/A",New,Subject_kjlxt,"#N/A","#N/A","#N/A","#N/A","#N/A"
3675ab61-7381-4880-958d-59fc877c6acf,"#N/A","#N/A",false,Web,"#N/A","#N/A",Medium,"#N/A",New,Subject_pzxdg,"#N/A","#N/A","#N/A","#N/A","#N/A"
3679a129-9c5f-4ab4-ab2a-35a4d03f4b0f,"#N/A","#N/A",false,Web,"#N/A","#N/A",Medium,"#N/A",New,Subject_zruqd,"#N/A","#N/A","#N/A","#N/A","#N/A"
367a1de1-5e98-4b0b-8745-5199f907b1c2,"#N/A","#N/A",false,Web,"#N/A","#N/A",Medium,"#N/A",New,Subject_hboyb,"#N/A","#N/A","#N/A","#N/A","#N/A"
367f07fb-a1db-4c01-bf11-9f0cb777276e,"#N/A","#N/A",false,Web,"#N/A","#N/A",Medium,"#N/A",New,Subject_hiuvy,"#N/A","#N/A","#N/A","#N/A","#N/A"
367f4781-ca14-411f-9182-9878e0e4436e,"#N/A","#N/A",false,Web,"#N/A","#N/A",Medium,"#N/A",New,Subject_jptyj,"#N/A","#N/A","#N/A","#N/A","#N/A"
367fdb78-9c1c-4add-80b5-2911a9c6e86c,"#N/A","#N/A",false,Web,"#N/A","#N/A",Medium,"#N/A",New,Subject_uwwia,"#N/A","#N/A","#N/A","#N/A","#N/A"
368223a4-da3b-4d28-b206-f624673a354d,"#N/A","#N/A",false,Web,"#N/A","#N/A",Medium,"#N/A",New,Subject_vddil,"#N/A","#N/A","#N/A","#N/A","#N/A"
3685ef3a-97ca-4ca6-9e3b-ea710d1e3579,"#N/A","#N/A",false,Web,"#N/A","#N/A",Medium,"#N/A",New,Subject_srgma,"#N/A","#N/A","#N/A","#N/A","#N/A"
3686ee24-331b-4182-b5bb-2fff9bf8e353,"#N/A","#N/A",false,Web,"#N/A","#N/A",Medium,"#N/A",New,Subject_wavzl,"#N/A","#N/A","#N/A","#N/A","#N/A"
368c7fb5-b5af-4310-80e0-8245a109e9e0,"#N/A","#N/A",false,Web,"#N/A","#N/A",Medium,"#N/A",New,Subject_lnkaa,"#N/A","#N/A","#N/A","#N/A","#N/A"
3691082a-c072-4088-98a4-c152d8226bef,"#N/A","#N/A",false,Web,"#N/A","#N/A",Medium,"#N/A",New,Subject_dezzx,"#N/A","#N/A","#N/A","#N/A","#N/A"
36923b20-b697-4360-8d8f-d62bd68c6a40,"#N/A","#N/A",false,Web,"#N/A","#N/A",Medium,"#N/A",New,Subject_feymt,"#N/A","#N/A","#N/A","#N/A","#N/A"
369644c1-e095-4e5e-a6a1-19928aa7ae61,"#N/A","#N/A",false,Web,"#N/A","#N/A",Medium,"#N/A",New,Subject_puvnv,"#N/A","#N/A","#N/A","#N/A","#N/A"
3696f5a0-615f-47eb-8328-a3d02ddc60bb,"#N/A","#N/A",false,Web,"#N/A","#N/A",Medium,"#N/A",New,Subject_bktor,"#N/A","#N/A","#N/A","#N/A","#N/A"
3697b35b-0ee6-4e4e-af25-15306a2e3ce9,"#N/A","#N/A",false,Web,"#N/A","#N/A",Medium,"#N/A",New,Subject_msgzm,"#N/A","#N/A","#N/A","#N/A","#N/A"
369a9e53-e7a3-47f6-aa3f-9e2c026461c4,"#N/A","#N/A",false,Web,"#N/A","#N/A",Medium,"#N/A",New,Subject_gvkqe,"#N/A","#N/A","#N/A","#N/A","#N/A"
369b85cf-e46d-4b75-89bd-f4023e023fc5,"#N/A","#N/A",false,Web,"#N/A","#N/A",Medium,"#N/A",New,Subject_rjrlc,"#N/A","#N/A","#N/A","#N/A","#N/A"
369c24bd-6fca-4bfa-820a-210c4e1b8228,"#N/A","#N/A",false,Web,"#N/A","#N/A",Medium,"#N/A",New,Subject_wmohs,"#N/A","#N/A","#N/A","#N/A","#N/A"
369e274a-db09-431a-8ae1-3550c6afd8bb,"#N/A","#N/A",false,Web,"#N/A","#N/A",Medium,"#N/A",New,Subject_inghy,"#N/A","#N/A","#N/A","#N/A","#N/A"
369e8bca-f857-4a02-bb9a-ede7c0d6cba6,"#N/A","#N/A",false,Web,"#N/A","#N/A",Medium,"#N/A",New,Subject_fcyec,"#N/A","#N/A","#N/A","#N/A","#N/A"
369f18de-0b26-470d-b30d-f9d20645243b,"#N/A","#N/A",false,Web,"#N/A","#N/A",Medium,"#N/A",New,Subject_uamtg,"#N/A","#N/A","#N/A","#N/A","#N/A"
36a026a5-afd3-4a1c-94a8-4f66cbad4d48,"#N/A","#N/A",false,Web,"#N/A","#N/A",Medium,"#N/A",New,Subject_bkgqr,"#N/A","#N/A","#N/A","#N/A","#N/A"
36a594e8-0014-4734-86b9-c1e83a477d94,"#N/A","#N/A",false,Web,"#N/A","#N/A",Medium,"#N/A",New,Subject_lyelf,"#N/A","#N/A","#N/A","#N/A","#N/A"
36a59cd2-e768-4a03-8dcb-7d76fe3e5e1d,"#N/A","#N/A",false,Web,"#N/A","#N/A",Medium,"#N/A",New,Subject_iqpkm,"#N/A","#N/A","#N/A","#N/A","#N/A"
36a65675-5dfc-461f-be6e-7bca05ca4b91,"#N/A","#N/A",false,Web,"#N/A","#N/A",Medium,"#N/A",New,Subject_chhtb,"#N/A","#N/A","#N/A","#N/A","#N/A"
36a91eee-b335-4bdd-801b-7d75b0fd2566,"#N/A","#N/A",false,Web,"#N/A","#N/A",Medium,"#N/A",New,Subject_svxij,"#N/A","#N/A","#N/A","#N/A","#N/A"
36b48dc7-a4b7-48b1-860b-b8d798af4251,"#N/A","#N/A",false,Web,"#N/A","#N/A",Medium,"#N/A",New,Subject_jnwxq,"#N/A","#N/A","#N/A","#N/A","#N/A"
36bbcda3-cd88-4b31-b06c-881e728ba284,"#N/A","#N/A",false,Web,"#N/A","#N/A",Medium,"#N/A",New,Subject_zarpz,"#N/A","#N/A","#N/A","#N/A","#N/A"
36bd5bb9-40ef-431e-8a3a-8b77c83d5a54,"#N/A","#N/A",false,Web,"#N/A","#N/A",Medium,"#N/A",New,Subject_vjiiw,"#N/A","#N/A","#N/A","#N/A","#N/A"
36c00ba7-83ee-49e1-ba94-7e09886cfa57,"#N/A","#N/A",false,Web,"#N/A","#N/A",Medium,"#N/A",New,Subject_omcfv,"#N/A","#N/A","#N/A","#N/A","#N/A"
36c140fa-2c0e-461e-bc9e-8b0a66fe9e82,"#N/A","#N/A",false,Web,"#N/A","#N/A",Medium,"#N/A",New,Subject_hyudb,"#N/A","#N/A","#N/A","#N/A","#N/A"
36c780d3-140d-4ced-a0fc-ff2b4594f07e,"#N/A","#N/A",false,Web,"#N/A","#N/A",Medium,"#N/A",New,Subject_lrvdp,"#N/A","#N/A","#N/A","#N/A","#N/A"
36c899e1-3ab4-4d55-985d-58a6262ed2f2,"#N/A","#N/A",false,Web,"#N/A","#N/A",Medium,"#N/A",New,Subject_oxnhx,"#N/A","#N/A","#N/A","#N/A","#N/A"
36c99e3b-57a9-4fa5-91e3-137c7289c41b,"#N/A","#N/A",false,Web,"#N/A","#N/A",Medium,"#N/A",New,Subject_bulzj,"#N/A","#N/A","#N/A","#N/A","#N/A"
36cb0f93-b53e-4626-9e1e-c4544f360e86,"#N/A","#N/A",false,Web,"#N/A","#N/A",Medium,"#N/A",New,Subject_sxlkl,"#N/A","#N/A","#N/A","#N/A","#N/A"
36cb9024-8c7e-4631-9dcb-e52c874c0451,"#N/A","#N/A",false,Web,"#N/A","#N/A",Medium,"#N/A",New,Subject_xkpcf,"#N/A","#N/A","#N/A","#N/A","#N/A"
36cbf7fd-c424-4aee-bcb3-57650d647911,"#N/A","#N/A",false,Web,"#N/A","#N/A",Medium,"#N/A",New,Subject_zzaar,"#N/A","#N/A","#N/A","#N/A","#N/A"
36ce796c-5877-4bde-aab5-55b8123b1617,"#N/A","#N/A",false,Web,"#N/A","#N/A",Medium,"#N/A",New,Subject_ozxpp,"#N/A","#N/A","#N/A","#N/A","#N/A"
36ceb769-c1ea-468c-8458-720b1e5f3ed0,"#N/A","#N/A",false,Web,"#N/A","#N/A",Medium,"#N/A",New,Subject_ixnad,"#N/A","#N/A","#N/A","#N/A","#N/A"
36cff92a-9561-437c-af6f-5a2bfddf8ffb,"#N/A","#N/A",false,Web,"#N/A","#N/A",Medium,"#N/A",New,Subject_uiail,"#N/A","#N/A","#N/A","#N/A","#N/A"
36d736bd-ddf2-4391-a31a-1f508d6462ca,"#N/A","#N/A",false,Web,"#N/A","#N/A",Medium,"#N/A",New,Subject_ghwlv,"#N/A","#N/A","#N/A","#N/A","#N/A"
36d8bd19-6de4-4ad2-ba88-c1638aa7a048,"#N/A","#N/A",false,Web,"#N/A","#N/A",Medium,"#N/A",New,Subject_rdsxk,"#N/A","#N/A","#N/A","#N/A","#N/A"
36d989e2-a792-4331-870f-25512fb4dea7,"#N/A","#N/A",false,Web,"#N/A","#N/A",Medium,"#N/A",New,Subject_wamvu,"#N/A","#N/A","#N/A","#N/A","#N/A"
36db2a95-e865-49ee-a619-04828bace976,"#N/A","#N/A",false,Web,"#N/A","#N/A",Medium,"#N/A",New,Subject_wmsoq,"#N/A","#N/A","#N/A","#N/A","#N/A"
36df8880-8f09-410a-8270-ad3c6fa9b9e9,"#N/A","#N/A",false,Web,"#N/A","#N/A",Medium,"#N/A",New,Subject_obdku,"#N/A","#N/A","#N/A","#N/A","#N/A"
36e31bf9-4275-4dfc-b18d-82fca9fea23e,"#N/A","#N/A",false,Web,"#N/A","#N/A",Medium,"#N/A",New,Subject_lelwh,"#N/A","#N/A","#N/A","#N/A","#N/A"
36e72963-54d0-433c-8285-51d9142e25cf,"#N/A","#N/A",false,Web,"#N/A","#N/A",Medium,"#N/A",New,Subject_exjok,"#N/A","#N/A","#N/A","#N/A","#N/A"
36ebd1b1-4378-447b-9ca4-7c7b3ae15375,"#N/A","#N/A",false,Web,"#N/A","#N/A",Medium,"#N/A",New,Subject_jsjwr,"#N/A","#N/A","#N/A","#N/A","#N/A"
36f05fc7-8e8b-483d-afe0-e9140c9f98c7,"#N/A","#N/A",false,Web,"#N/A","#N/A",Medium,"#N/A",New,Subject_slenb,"#N/A","#N/A","#N/A","#N/A","#N/A"
36f26c7b-eb75-4394-9630-5301753a346b,"#N/A","#N/A",false,Web,"#N/A","#N/A",Medium,"#N/A",New,Subject_rzooo,"#N/A","#N/A","#N/A","#N/A","#N/A"
36f289ab-94d9-4b4b-97e4-69796140c936,"#N/A","#N/A",false,Web,"#N/A","#N/A",Medium,"#N/A",New,Subject_lwktl,"#N/A","#N/A","#N/A","#N/A","#N/A"
36f31cb6-a344-448c-b14f-19bbc712774c,"#N/A","#N/A",false,Web,"#N/A","#N/A",Medium,"#N/A",New,Subject_cnfie,"#N/A","#N/A","#N/A","#N/A","#N/A"
36f4a2c1-d373-43a0-9ae9-df2d2632dc34,"#N/A","#N/A",false,Web,"#N/A","#N/A",Medium,"#N/A",New,Subject_svbug,"#N/A","#N/A","#N/A","#N/A","#N/A"
36f88c9c-d512-4dfe-bd78-f2946730b2af,"#N/A","#N/A",false,Web,"#N/A","#N/A",Medium,"#N/A",New,Subject_jarij,"#N/A","#N/A","#N/A","#N/A","#N/A"
36f93c9a-6a64-4003-aa6b-40a7a6d86f0f,"#N/A","#N/A",false,Web,"#N/A","#N/A",Medium,"#N/A",New,Subject_uhwnv,"#N/A","#N/A","#N/A","#N/A","#N/A"
36fab3a6-bab3-455e-82eb-0f9cf9f3c6a6,"#N/A","#N/A",false,Web,"#N/A","#N/A",Medium,"#N/A",New,Subject_kqcmg,"#N/A","#N/A","#N/A","#N/A","#N/A"
36fbe35e-ada3-4c11-9bc2-5f9f817edc1c,"#N/A","#N/A",false,Web,"#N/A","#N/A",Medium,"#N/A",New,Subject_yjwae,"#N/A","#N/A","#N/A","#N/A","#N/A"
36fd0ba3-53db-4145-8c5b-9bd0c5f42b27,"#N/A","#N/A",false,Web,"#N/A","#N/A",Medium,"#N/A",New,Subject_tpaye,"#N/A","#N/A","#N/A","#N/A","#N/A"
36fd5269-5e55-4bfd-8fb8-1f198885e1fd,"#N/A","#N/A",false,Web,"#N/A","#N/A",Medium,"#N/A",New,Subject_vwrfu,"#N/A","#N/A","#N/A","#N/A","#N/A"
36fe049e-4cd2-4617-8a60-3e6097c92b1f,"#N/A","#N/A",false,Web,"#N/A","#N/A",Medium,"#N/A",New,Subject_slyzf,"#N/A","#N/A","#N/A","#N/A","#N/A"
36fed0bf-5415-4dc5-a528-c3e349095714,"#N/A","#N/A",false,Web,"#N/A","#N/A",Medium,"#N/A",New,Subject_tkfbq,"#N/A","#N/A","#N/A","#N/A","#N/A"
37006cfc-8c28-4de3-ba55-8dde6917f7b9,"#N/A","#N/A",false,Web,"#N/A","#N/A",Medium,"#N/A",New,Subject_lcghm,"#N/A","#N/A","#N/A","#N/A","#N/A"
37014d2e-6234-41ba-877c-43dc8c61add7,"#N/A","#N/A",false,Web,"#N/A","#N/A",Medium,"#N/A",New,Subject_aaqpw,"#N/A","#N/A","#N/A","#N/A","#N/A"
37053c4f-3383-441a-9598-1dcc26d2217a,"#N/A","#N/A",false,Web,"#N/A","#N/A",Medium,"#N/A",New,Subject_ionsq,"#N/A","#N/A","#N/A","#N/A","#N/A"
37083b26-e0f2-40ab-9afa-d4c30ee4267d,"#N/A","#N/A",false,Web,"#N/A","#N/A",Medium,"#N/A",New,Subject_cefch,"#N/A","#N/A","#N/A","#N/A","#N/A"
3708f89f-79f7-40ea-8ea2-da2dc50a33dc,"#N/A","#N/A",false,Web,"#N/A","#N/A",Medium,"#N/A",New,Subject_ycbir,"#N/A","#N/A","#N/A","#N/A","#N/A"
370a08f9-f369-411e-83e3-4bef7c7acd65,"#N/A","#N/A",false,Web,"#N/A","#N/A",Medium,"#N/A",New,Subject_qiamf,"#N/A","#N/A","#N/A","#N/A","#N/A"
370a1575-8e46-4a08-9b5a-b9c9b1075b6d,"#N/A","#N/A",false,Web,"#N/A","#N/A",Medium,"#N/A",New,Subject_rwgiz,"#N/A","#N/A","#N/A","#N/A","#N/A"
370a5642-da5f-47e8-8239-5d57d19ca8ca,"#N/A","#N/A",false,Web,"#N/A","#N/A",Medium,"#N/A",New,Subject_tffoa,"#N/A","#N/A","#N/A","#N/A","#N/A"
370ab686-9753-4b16-bb57-eef75e371366,"#N/A","#N/A",false,Web,"#N/A","#N/A",Medium,"#N/A",New,Subject_wgrff,"#N/A","#N/A","#N/A","#N/A","#N/A"
370e5c06-c3dd-4c63-8042-65501f064c83,"#N/A","#N/A",false,Web,"#N/A","#N/A",Medium,"#N/A",New,Subject_abyxk,"#N/A","#N/A","#N/A","#N/A","#N/A"
3718d835-a313-452c-8c5a-4ad3fcfdb4ff,"#N/A","#N/A",false,Web,"#N/A","#N/A",Medium,"#N/A",New,Subject_crcta,"#N/A","#N/A","#N/A","#N/A","#N/A"
37190a3d-2b89-4951-9497-8e206264fcfb,"#N/A","#N/A",false,Web,"#N/A","#N/A",Medium,"#N/A",New,Subject_zltdl,"#N/A","#N/A","#N/A","#N/A","#N/A"
371a9988-a90e-4692-83d2-9bf76a70afb7,"#N/A","#N/A",false,Web,"#N/A","#N/A",Medium,"#N/A",New,Subject_jxxfb,"#N/A","#N/A","#N/A","#N/A","#N/A"
371c9eed-716e-42a8-8bf5-6593dbfa680e,"#N/A","#N/A",false,Web,"#N/A","#N/A",Medium,"#N/A",New,Subject_gfyfg,"#N/A","#N/A","#N/A","#N/A","#N/A"
3722b64a-56f9-4ae9-a583-09df08c915bb,"#N/A","#N/A",false,Web,"#N/A","#N/A",Medium,"#N/A",New,Subject_zklrr,"#N/A","#N/A","#N/A","#N/A","#N/A"
3724fcfc-d66b-4775-89cc-24f293f08650,"#N/A","#N/A",false,Web,"#N/A","#N/A",Medium,"#N/A",New,Subject_yoltn,"#N/A","#N/A","#N/A","#N/A","#N/A"
372574c0-3d54-45a4-b9fd-964eb8b284e0,"#N/A","#N/A",false,Web,"#N/A","#N/A",Medium,"#N/A",New,Subject_ektrl,"#N/A","#N/A","#N/A","#N/A","#N/A"
37270d82-2f6f-40bd-a50e-87c3e733cf65,"#N/A","#N/A",false,Web,"#N/A","#N/A",Medium,"#N/A",New,Subject_bgzhs,"#N/A","#N/A","#N/A","#N/A","#N/A"
37275cc3-c4a5-4d6f-bb17-72e334823633,"#N/A","#N/A",false,Web,"#N/A","#N/A",Medium,"#N/A",New,Subject_zkfgo,"#N/A","#N/A","#N/A","#N/A","#N/A"
372e02ab-3b57-42f2-9ed4-c4beffedd8f8,"#N/A","#N/A",false,Web,"#N/A","#N/A",Medium,"#N/A",New,Subject_jbdui,"#N/A","#N/A","#N/A","#N/A","#N/A"
373151a7-41c3-421f-baad-05932a4ca0e9,"#N/A","#N/A",false,Web,"#N/A","#N/A",Medium,"#N/A",New,Subject_qznuc,"#N/A","#N/A","#N/A","#N/A","#N/A"
37334cc7-8d5b-4452-9d39-c324fb3fdfdc,"#N/A","#N/A",false,Web,"#N/A","#N/A",Medium,"#N/A",New,Subject_wpmpk,"#N/A","#N/A","#N/A","#N/A","#N/A"
3734d06e-6ade-4913-a324-98cb139ce1e1,"#N/A","#N/A",false,Web,"#N/A","#N/A",Medium,"#N/A",New,Subject_efuhr,"#N/A","#N/A","#N/A","#N/A","#N/A"
3738413a-64a3-4e52-b767-2fcc3bf83b08,"#N/A","#N/A",false,Web,"#N/A","#N/A",Medium,"#N/A",New,Subject_izhky,"#N/A","#N/A","#N/A","#N/A","#N/A"
373a64bf-ae31-46ff-9c52-0f7b85391561,"#N/A","#N/A",false,Web,"#N/A","#N/A",Medium,"#N/A",New,Subject_dfaeu,"#N/A","#N/A","#N/A","#N/A","#N/A"
373bea21-a5e7-49e9-ae80-dd6b57e8e276,"#N/A","#N/A",false,Web,"#N/A","#N/A",Medium,"#N/A",New,Subject_qsgjt,"#N/A","#N/A","#N/A","#N/A","#N/A"
373c7d6b-bb77-48a4-a2fc-96ece99fa8fe,"#N/A","#N/A",false,Web,"#N/A","#N/A",Medium,"#N/A",New,Subject_bmoqc,"#N/A","#N/A","#N/A","#N/A","#N/A"
373d74e3-15d3-471f-a727-7551eacc932f,"#N/A","#N/A",false,Web,"#N/A","#N/A",Medium,"#N/A",New,Subject_xpftp,"#N/A","#N/A","#N/A","#N/A","#N/A"
3740c50d-feaf-42f6-99a5-2b622fe49ab6,"#N/A","#N/A",false,Web,"#N/A","#N/A",Medium,"#N/A",New,Subject_zogtt,"#N/A","#N/A","#N/A","#N/A","#N/A"
3741411a-0b75-463f-a91d-c047e125094d,"#N/A","#N/A",false,Web,"#N/A","#N/A",Medium,"#N/A",New,Subject_zupgc,"#N/A","#N/A","#N/A","#N/A","#N/A"
37499eb3-02b1-4aba-b88d-de82234e9b3d,"#N/A","#N/A",false,Web,"#N/A","#N/A",Medium,"#N/A",New,Subject_tchgj,"#N/A","#N/A","#N/A","#N/A","#N/A"
374fc43a-16a4-4d23-bf21-e1f7ef6883a9,"#N/A","#N/A",false,Web,"#N/A","#N/A",Medium,"#N/A",New,Subject_amqjw,"#N/A","#N/A","#N/A","#N/A","#N/A"
375134c3-93a0-44ec-aa15-00a92b54e593,"#N/A","#N/A",false,Web,"#N/A","#N/A",Medium,"#N/A",New,Subject_nfqcu,"#N/A","#N/A","#N/A","#N/A","#N/A"
3755bca9-3baf-41e5-8b42-e12478a0c548,"#N/A","#N/A",false,Web,"#N/A","#N/A",Medium,"#N/A",New,Subject_hurff,"#N/A","#N/A","#N/A","#N/A","#N/A"
375cd641-ffc7-4353-89a4-ce3fc734a82f,"#N/A","#N/A",false,Web,"#N/A","#N/A",Medium,"#N/A",New,Subject_eudjf,"#N/A","#N/A","#N/A","#N/A","#N/A"
375ce255-d937-4296-9e92-aa9736aa0e53,"#N/A","#N/A",false,Web,"#N/A","#N/A",Medium,"#N/A",New,Subject_sgqgp,"#N/A","#N/A","#N/A","#N/A","#N/A"
375ec3f4-e41a-4e97-b778-447fb19eb479,"#N/A","#N/A",false,Web,"#N/A","#N/A",Medium,"#N/A",New,Subject_hltlh,"#N/A","#N/A","#N/A","#N/A","#N/A"
375ee0ad-71cc-43ba-8ef9-53652421fa78,"#N/A","#N/A",false,Web,"#N/A","#N/A",Medium,"#N/A",New,Subject_jrzxb,"#N/A","#N/A","#N/A","#N/A","#N/A"
375f34da-f6e3-4a96-b16b-bb2ecb61a127,"#N/A","#N/A",false,Web,"#N/A","#N/A",Medium,"#N/A",New,Subject_atfkj,"#N/A","#N/A","#N/A","#N/A","#N/A"
3764f3b3-58b5-4856-ae53-2d37070322cc,"#N/A","#N/A",false,Web,"#N/A","#N/A",Medium,"#N/A",New,Subject_bfurh,"#N/A","#N/A","#N/A","#N/A","#N/A"
376978e4-c6db-4c80-82fb-8c8263658517,"#N/A","#N/A",false,Web,"#N/A","#N/A",Medium,"#N/A",New,Subject_tdpjo,"#N/A","#N/A","#N/A","#N/A","#N/A"
376b49ba-da41-4e83-a46b-e04fa95a9a05,"#N/A","#N/A",false,Web,"#N/A","#N/A",Medium,"#N/A",New,Subject_zdhoe,"#N/A","#N/A","#N/A","#N/A","#N/A"
376b9f1f-b41a-4f16-95aa-274453a83046,"#N/A","#N/A",false,Web,"#N/A","#N/A",Medium,"#N/A",New,Subject_fubvi,"#N/A","#N/A","#N/A","#N/A","#N/A"
376bdca9-87ed-439c-8acd-5928dccddc28,"#N/A","#N/A",false,Web,"#N/A","#N/A",Medium,"#N/A",New,Subject_jdiuk,"#N/A","#N/A","#N/A","#N/A","#N/A"
376c057c-cfd8-47df-94c1-44e083f16231,"#N/A","#N/A",false,Web,"#N/A","#N/A",Medium,"#N/A",New,Subject_wzkla,"#N/A","#N/A","#N/A","#N/A","#N/A"
376c1122-77c6-4bfb-a7c2-ca30dde25d40,"#N/A","#N/A",false,Web,"#N/A","#N/A",Medium,"#N/A",New,Subject_xeltc,"#N/A","#N/A","#N/A","#N/A","#N/A"
3774887f-5dac-4cba-9079-353a81ebeb9c,"#N/A","#N/A",false,Web,"#N/A","#N/A",Medium,"#N/A",New,Subject_wuaeh,"#N/A","#N/A","#N/A","#N/A","#N/A"
37750d8e-d592-4d00-aa8d-c80dad811277,"#N/A","#N/A",false,Web,"#N/A","#N/A",Medium,"#N/A",New,Subject_glwxv,"#N/A","#N/A","#N/A","#N/A","#N/A"
37766962-88a7-4fe2-9d1e-2d64c8a04b84,"#N/A","#N/A",false,Web,"#N/A","#N/A",Medium,"#N/A",New,Subject_paklj,"#N/A","#N/A","#N/A","#N/A","#N/A"
37768c8b-abdd-4382-b58f-4b77e7e5f042,"#N/A","#N/A",false,Web,"#N/A","#N/A",Medium,"#N/A",New,Subject_sqpul,"#N/A","#N/A","#N/A","#N/A","#N/A"
3779d44b-f0cb-449d-a127-6891cb84ee7d,"#N/A","#N/A",false,Web,"#N/A","#N/A",Medium,"#N/A",New,Subject_nfoew,"#N/A","#N/A","#N/A","#N/A","#N/A"
377d524f-404d-466a-bc3c-3a2d1d116fd5,"#N/A","#N/A",false,Web,"#N/A","#N/A",Medium,"#N/A",New,Subject_uobfh,"#N/A","#N/A","#N/A","#N/A","#N/A"
37829d5f-a067-4128-b2d0-d2b7ec1c7c35,"#N/A","#N/A",false,Web,"#N/A","#N/A",Medium,"#N/A",New,Subject_mwhzv,"#N/A","#N/A","#N/A","#N/A","#N/A"
3782b4b6-7c93-49ce-ab5d-f8bd45469fe0,"#N/A","#N/A",false,Web,"#N/A","#N/A",Medium,"#N/A",New,Subject_mavft,"#N/A","#N/A","#N/A","#N/A","#N/A"
37855619-9f71-4860-8e99-1a49bee57eff,"#N/A","#N/A",false,Web,"#N/A","#N/A",Medium,"#N/A",New,Subject_sttoz,"#N/A","#N/A","#N/A","#N/A","#N/A"
378ea339-e2c4-463c-a697-ea7d71579430,"#N/A","#N/A",false,Web,"#N/A","#N/A",Medium,"#N/A",New,Subject_ildvl,"#N/A","#N/A","#N/A","#N/A","#N/A"
3791fd8d-4169-4b42-9f98-b9d7163ca72e,"#N/A","#N/A",false,Web,"#N/A","#N/A",Medium,"#N/A",New,Subject_yiwcg,"#N/A","#N/A","#N/A","#N/A","#N/A"
379423f3-4e10-49f3-aed6-35dc4b4604c2,"#N/A","#N/A",false,Web,"#N/A","#N/A",Medium,"#N/A",New,Subject_qmdgp,"#N/A","#N/A","#N/A","#N/A","#N/A"
379560f4-b604-489f-9c56-3d837acb8a6b,"#N/A","#N/A",false,Web,"#N/A","#N/A",Medium,"#N/A",New,Subject_ftejw,"#N/A","#N/A","#N/A","#N/A","#N/A"
379574b8-862d-44cb-8d7d-2ec932800e86,"#N/A","#N/A",false,Web,"#N/A","#N/A",Medium,"#N/A",New,Subject_saihr,"#N/A","#N/A","#N/A","#N/A","#N/A"
37985174-cf25-4245-907e-927db9cb881a,"#N/A","#N/A",false,Web,"#N/A","#N/A",Medium,"#N/A",New,Subject_hxjrb,"#N/A","#N/A","#N/A","#N/A","#N/A"
379a7f9a-99c0-4e1c-8414-ff2c77371977,"#N/A","#N/A",false,Web,"#N/A","#N/A",Medium,"#N/A",New,Subject_zadfj,"#N/A","#N/A","#N/A","#N/A","#N/A"
379afd3d-e4a3-40f7-9a88-8ca9cb4ee8ab,"#N/A","#N/A",false,Web,"#N/A","#N/A",Medium,"#N/A",New,Subject_dhsyg,"#N/A","#N/A","#N/A","#N/A","#N/A"
379c598c-4ce6-4eb6-8657-548982855e81,"#N/A","#N/A",false,Web,"#N/A","#N/A",Medium,"#N/A",New,Subject_yudau,"#N/A","#N/A","#N/A","#N/A","#N/A"
379eb8f6-ad4d-40d0-b2bd-4ac0df851044,"#N/A","#N/A",false,Web,"#N/A","#N/A",Medium,"#N/A",New,Subject_sfkus,"#N/A","#N/A","#N/A","#N/A","#N/A"
37a79ac0-0e90-4466-9885-2abb2eb61dd2,"#N/A","#N/A",false,Web,"#N/A","#N/A",Medium,"#N/A",New,Subject_yowre,"#N/A","#N/A","#N/A","#N/A","#N/A"
37ab4593-8d6d-471e-80dc-e6709ef37282,"#N/A","#N/A",false,Web,"#N/A","#N/A",Medium,"#N/A",New,Subject_pxpou,"#N/A","#N/A","#N/A","#N/A","#N/A"
37adf7be-223e-4bd6-bd8a-12b1156629ce,"#N/A","#N/A",false,Web,"#N/A","#N/A",Medium,"#N/A",New,Subject_odrfc,"#N/A","#N/A","#N/A","#N/A","#N/A"
37ae7c9f-98bd-4ed1-8a03-f811f20021cb,"#N/A","#N/A",false,Web,"#N/A","#N/A",Medium,"#N/A",New,Subject_belcy,"#N/A","#N/A","#N/A","#N/A","#N/A"
37b2d2ad-4fab-4f5e-9096-b460bd972e54,"#N/A","#N/A",false,Web,"#N/A","#N/A",Medium,"#N/A",New,Subject_clgzx,"#N/A","#N/A","#N/A","#N/A","#N/A"
37b3a6b4-ea5d-4347-b4be-107546644493,"#N/A","#N/A",false,Web,"#N/A","#N/A",Medium,"#N/A",New,Subject_mhago,"#N/A","#N/A","#N/A","#N/A","#N/A"
37b4b8e2-dbbd-460f-97b1-e6eda5c651ea,"#N/A","#N/A",false,Web,"#N/A","#N/A",Medium,"#N/A",New,Subject_ibkqd,"#N/A","#N/A","#N/A","#N/A","#N/A"
37b86fcd-4e48-44dd-aa1e-ce8d7ea4e5b0,"#N/A","#N/A",false,Web,"#N/A","#N/A",Medium,"#N/A",New,Subject_folil,"#N/A","#N/A","#N/A","#N/A","#N/A"
37bd5e2c-f3d7-4a5e-af75-beba7d4b63e0,"#N/A","#N/A",false,Web,"#N/A","#N/A",Medium,"#N/A",New,Subject_ucjel,"#N/A","#N/A","#N/A","#N/A","#N/A"
37c0d0f9-b467-4b23-a5ef-b74ec78ffcf0,"#N/A","#N/A",false,Web,"#N/A","#N/A",Medium,"#N/A",New,Subject_yppgp,"#N/A","#N/A","#N/A","#N/A","#N/A"
37c51c64-73aa-406c-9121-36f1d97128a1,"#N/A","#N/A",false,Web,"#N/A","#N/A",Medium,"#N/A",New,Subject_xfdyb,"#N/A","#N/A","#N/A","#N/A","#N/A"
37c5c55b-8223-4213-800b-b923e9583976,"#N/A","#N/A",false,Web,"#N/A","#N/A",Medium,"#N/A",New,Subject_xfgql,"#N/A","#N/A","#N/A","#N/A","#N/A"
37c5ecbf-ce06-43a3-9de5-7a7c52f5ae5f,"#N/A","#N/A",false,Web,"#N/A","#N/A",Medium,"#N/A",New,Subject_bzmyd,"#N/A","#N/A","#N/A","#N/A","#N/A"
37c86842-0d15-46a6-9785-54f4deb638f8,"#N/A","#N/A",false,Web,"#N/A","#N/A",Medium,"#N/A",New,Subject_ecmzq,"#N/A","#N/A","#N/A","#N/A","#N/A"
37cb4875-38ba-44d6-9a0a-43fb33c50622,"#N/A","#N/A",false,Web,"#N/A","#N/A",Medium,"#N/A",New,Subject_dxbwj,"#N/A","#N/A","#N/A","#N/A","#N/A"
37cf05ab-f346-44f7-8f54-8b52ce1cda8e,"#N/A","#N/A",false,Web,"#N/A","#N/A",Medium,"#N/A",New,Subject_maesn,"#N/A","#N/A","#N/A","#N/A","#N/A"
37cf15ab-53e3-4b07-90ac-f5969d5157ad,"#N/A","#N/A",false,Web,"#N/A","#N/A",Medium,"#N/A",New,Subject_jbwhq,"#N/A","#N/A","#N/A","#N/A","#N/A"
37d14f76-2ec8-42a3-9aa1-3c59f2bb7769,"#N/A","#N/A",false,Web,"#N/A","#N/A",Medium,"#N/A",New,Subject_pmvzc,"#N/A","#N/A","#N/A","#N/A","#N/A"
37d40fd0-14e4-492f-81a2-1c157d5b7d82,"#N/A","#N/A",false,Web,"#N/A","#N/A",Medium,"#N/A",New,Subject_xvise,"#N/A","#N/A","#N/A","#N/A","#N/A"
37d61fe4-9105-4f03-9234-a6c60676d6c8,"#N/A","#N/A",false,Web,"#N/A","#N/A",Medium,"#N/A",New,Subject_mveii,"#N/A","#N/A","#N/A","#N/A","#N/A"
37d62734-1a4f-4794-a6ee-567266efd67d,"#N/A","#N/A",false,Web,"#N/A","#N/A",Medium,"#N/A",New,Subject_bmtwg,"#N/A","#N/A","#N/A","#N/A","#N/A"
37d709e0-9479-4f1b-9540-79967df1c7c1,"#N/A","#N/A",false,Web,"#N/A","#N/A",Medium,"#N/A",New,Subject_xncnw,"#N/A","#N/A","#N/A","#N/A","#N/A"
37d73e4e-9f18-4063-be54-c4c0984c5943,"#N/A","#N/A",false,Web,"#N/A","#N/A",Medium,"#N/A",New,Subject_uagli,"#N/A","#N/A","#N/A","#N/A","#N/A"
37db6e07-f339-41c6-a874-d5dcfa91db77,"#N/A","#N/A",false,Web,"#N/A","#N/A",Medium,"#N/A",New,Subject_pkegb,"#N/A","#N/A","#N/A","#N/A","#N/A"
37ddff0c-fe91-4eda-8c75-e4595baf333e,"#N/A","#N/A",false,Web,"#N/A","#N/A",Medium,"#N/A",New,Subject_gblez,"#N/A","#N/A","#N/A","#N/A","#N/A"
37de18e2-ac62-492f-aeeb-fc31bc18020f,"#N/A","#N/A",false,Web,"#N/A","#N/A",Medium,"#N/A",New,Subject_tnedl,"#N/A","#N/A","#N/A","#N/A","#N/A"
37dfd770-80fe-4db5-b1fe-2a80710d36c1,"#N/A","#N/A",false,Web,"#N/A","#N/A",Medium,"#N/A",New,Subject_hjsen,"#N/A","#N/A","#N/A","#N/A","#N/A"
37dfe0e9-245f-4bdb-a4c2-339938ef1354,"#N/A","#N/A",false,Web,"#N/A","#N/A",Medium,"#N/A",New,Subject_ykyrw,"#N/A","#N/A","#N/A","#N/A","#N/A"
37e3a241-3e2c-4d0c-a991-7442dc308147,"#N/A","#N/A",false,Web,"#N/A","#N/A",Medium,"#N/A",New,Subject_sxgsx,"#N/A","#N/A","#N/A","#N/A","#N/A"
37e4340d-d4fc-4d93-a3eb-5113a6413086,"#N/A","#N/A",false,Web,"#N/A","#N/A",Medium,"#N/A",New,Subject_wlrao,"#N/A","#N/A","#N/A","#N/A","#N/A"
37e479ad-6d50-4b41-97eb-277b911b5709,"#N/A","#N/A",false,Web,"#N/A","#N/A",Medium,"#N/A",New,Subject_gwabc,"#N/A","#N/A","#N/A","#N/A","#N/A"
37e4d6b8-fa7e-4409-bd12-89d85ef4c44a,"#N/A","#N/A",false,Web,"#N/A","#N/A",Medium,"#N/A",New,Subject_auvva,"#N/A","#N/A","#N/A","#N/A","#N/A"
37e5dc1b-bf50-4d74-84c8-a8e286c7e128,"#N/A","#N/A",false,Web,"#N/A","#N/A",Medium,"#N/A",New,Subject_tvhds,"#N/A","#N/A","#N/A","#N/A","#N/A"
37e5f920-d9cf-43ed-b944-b4d68e78d5a2,"#N/A","#N/A",false,Web,"#N/A","#N/A",Medium,"#N/A",New,Subject_loctx,"#N/A","#N/A","#N/A","#N/A","#N/A"
37e6b9b6-b721-4a5a-a5f4-b443d8a9ebfe,"#N/A","#N/A",false,Web,"#N/A","#N/A",Medium,"#N/A",New,Subject_vahic,"#N/A","#N/A","#N/A","#N/A","#N/A"
37e7fb3b-e79c-48e3-8d44-d147bbf280fd,"#N/A","#N/A",false,Web,"#N/A","#N/A",Medium,"#N/A",New,Subject_mnkwf,"#N/A","#N/A","#N/A","#N/A","#N/A"
37ebcf2c-e6c0-4235-8c17-a0b9100183de,"#N/A","#N/A",false,Web,"#N/A","#N/A",Medium,"#N/A",New,Subject_xysxa,"#N/A","#N/A","#N/A","#N/A","#N/A"
37f317d0-36f7-4a1e-9dc3-fa24027adb5c,"#N/A","#N/A",false,Web,"#N/A","#N/A",Medium,"#N/A",New,Subject_dkrxf,"#N/A","#N/A","#N/A","#N/A","#N/A"
37f33e6a-9d77-4e23-b18c-f7d3896c6574,"#N/A","#N/A",false,Web,"#N/A","#N/A",Medium,"#N/A",New,Subject_loezi,"#N/A","#N/A","#N/A","#N/A","#N/A"
37f3b0e0-b340-4d1f-b250-8e5105c14484,"#N/A","#N/A",false,Web,"#N/A","#N/A",Medium,"#N/A",New,Subject_pwlfy,"#N/A","#N/A","#N/A","#N/A","#N/A"
37f4d3bd-1198-4046-b8b8-b895f50ce94d,"#N/A","#N/A",false,Web,"#N/A","#N/A",Medium,"#N/A",New,Subject_oclqe,"#N/A","#N/A","#N/A","#N/A","#N/A"
37f53cf9-6f6f-4dda-a710-8dda97345411,"#N/A","#N/A",false,Web,"#N/A","#N/A",Medium,"#N/A",New,Subject_ycfsn,"#N/A","#N/A","#N/A","#N/A","#N/A"
37f7cf9b-10fa-4e50-af42-6ac8276cfa7d,"#N/A","#N/A",false,Web,"#N/A","#N/A",Medium,"#N/A",New,Subject_pfbno,"#N/A","#N/A","#N/A","#N/A","#N/A"
37f8636a-b77e-44e7-97de-e0d1c9f5ab60,"#N/A","#N/A",false,Web,"#N/A","#N/A",Medium,"#N/A",New,Subject_mpwmf,"#N/A","#N/A","#N/A","#N/A","#N/A"
37fbedf5-9797-4cad-99a3-7baba653ab48,"#N/A","#N/A",false,Web,"#N/A","#N/A",Medium,"#N/A",New,Subject_toeex,"#N/A","#N/A","#N/A","#N/A","#N/A"
37fe9340-c276-4778-b864-f386d1001a3f,"#N/A","#N/A",false,Web,"#N/A","#N/A",Medium,"#N/A",New,Subject_xsqeb,"#N/A","#N/A","#N/A","#N/A","#N/A"
3803ef2e-1a59-4c21-b807-0711e58cd46b,"#N/A","#N/A",false,Web,"#N/A","#N/A",Medium,"#N/A",New,Subject_vjjsr,"#N/A","#N/A","#N/A","#N/A","#N/A"
3803fe49-9851-4da7-b89f-d8399971cc99,"#N/A","#N/A",false,Web,"#N/A","#N/A",Medium,"#N/A",New,Subject_udkcm,"#N/A","#N/A","#N/A","#N/A","#N/A"
3807c657-6309-4095-9baa-0fa31ac8ec40,"#N/A","#N/A",false,Web,"#N/A","#N/A",Medium,"#N/A",New,Subject_hqqoi,"#N/A","#N/A","#N/A","#N/A","#N/A"
380d7365-f078-4166-aa8d-418e536bb3a1,"#N/A","#N/A",false,Web,"#N/A","#N/A",Medium,"#N/A",New,Subject_foiyr,"#N/A","#N/A","#N/A","#N/A","#N/A"
3813a076-2668-469b-8d0c-5ea4c4d679df,"#N/A","#N/A",false,Web,"#N/A","#N/A",Medium,"#N/A",New,Subject_kjgqc,"#N/A","#N/A","#N/A","#N/A","#N/A"
38157b6e-dcaf-451d-9cc8-230fa3dbc304,"#N/A","#N/A",false,Web,"#N/A","#N/A",Medium,"#N/A",New,Subject_easzw,"#N/A","#N/A","#N/A","#N/A","#N/A"
3819a7bc-f203-4487-a9ef-755d0cb9189f,"#N/A","#N/A",false,Web,"#N/A","#N/A",Medium,"#N/A",New,Subject_iwuke,"#N/A","#N/A","#N/A","#N/A","#N/A"
3826b3d0-73a2-48a6-8670-c56634ccb226,"#N/A","#N/A",false,Web,"#N/A","#N/A",Medium,"#N/A",New,Subject_datck,"#N/A","#N/A","#N/A","#N/A","#N/A"
3827ebfc-8e38-495b-bc1c-be4f3bfe8bfe,"#N/A","#N/A",false,Web,"#N/A","#N/A",Medium,"#N/A",New,Subject_mglul,"#N/A","#N/A","#N/A","#N/A","#N/A"
382a5259-b3ff-48f0-82f2-b924d687a11e,"#N/A","#N/A",false,Web,"#N/A","#N/A",Medium,"#N/A",New,Subject_ysgjm,"#N/A","#N/A","#N/A","#N/A","#N/A"
382b92da-1df9-404a-8870-4b775734f9cc,"#N/A","#N/A",false,Web,"#N/A","#N/A",Medium,"#N/A",New,Subject_kwhmt,"#N/A","#N/A","#N/A","#N/A","#N/A"
382c1cf3-0df6-4e4e-b1e4-e025ee61c84f,"#N/A","#N/A",false,Web,"#N/A","#N/A",Medium,"#N/A",New,Subject_cofjj,"#N/A","#N/A","#N/A","#N/A","#N/A"
382df48f-70b6-43b3-a2cb-b41fa1a19f15,"#N/A","#N/A",false,Web,"#N/A","#N/A",Medium,"#N/A",New,Subject_lnetx,"#N/A","#N/A","#N/A","#N/A","#N/A"
382f5370-a758-4b6c-8568-a7025960abd7,"#N/A","#N/A",false,Web,"#N/A","#N/A",Medium,"#N/A",New,Subject_ocdnt,"#N/A","#N/A","#N/A","#N/A","#N/A"
383007cf-a565-44b4-b00b-b9555a2c6252,"#N/A","#N/A",false,Web,"#N/A","#N/A",Medium,"#N/A",New,Subject_ahick,"#N/A","#N/A","#N/A","#N/A","#N/A"
38347590-fadf-4d4d-9676-82d0d7305018,"#N/A","#N/A",false,Web,"#N/A","#N/A",Medium,"#N/A",New,Subject_mzhgp,"#N/A","#N/A","#N/A","#N/A","#N/A"
383548f9-f62d-4688-b4b0-0a1bf74d1a75,"#N/A","#N/A",false,Web,"#N/A","#N/A",Medium,"#N/A",New,Subject_pazuj,"#N/A","#N/A","#N/A","#N/A","#N/A"
3837e307-38ad-40eb-8954-543d1a7fba0d,"#N/A","#N/A",false,Web,"#N/A","#N/A",Medium,"#N/A",New,Subject_pybry,"#N/A","#N/A","#N/A","#N/A","#N/A"
3839412e-64bc-4c82-adfe-27992cf3f046,"#N/A","#N/A",false,Web,"#N/A","#N/A",Medium,"#N/A",New,Subject_uhasb,"#N/A","#N/A","#N/A","#N/A","#N/A"
383c8b7b-28f7-45e2-a4fb-6added30c594,"#N/A","#N/A",false,Web,"#N/A","#N/A",Medium,"#N/A",New,Subject_zbyzg,"#N/A","#N/A","#N/A","#N/A","#N/A"
383caca3-4a9d-4bc6-961f-a4fab1d1a9d0,"#N/A","#N/A",false,Web,"#N/A","#N/A",Medium,"#N/A",New,Subject_bptqh,"#N/A","#N/A","#N/A","#N/A","#N/A"
3841ad57-b5b3-45f1-80dc-3885f3f8f688,"#N/A","#N/A",false,Web,"#N/A","#N/A",Medium,"#N/A",New,Subject_yageb,"#N/A","#N/A","#N/A","#N/A","#N/A"
3842ac69-6486-4779-a806-896c3bf1c5c1,"#N/A","#N/A",false,Web,"#N/A","#N/A",Medium,"#N/A",New,Subject_dsgjo,"#N/A","#N/A","#N/A","#N/A","#N/A"
3846c300-1858-4422-b4ef-59c1fc5d8f2e,"#N/A","#N/A",false,Web,"#N/A","#N/A",Medium,"#N/A",New,Subject_ogyjq,"#N/A","#N/A","#N/A","#N/A","#N/A"
3848b6be-32e0-4041-a230-936313fe88da,"#N/A","#N/A",false,Web,"#N/A","#N/A",Medium,"#N/A",New,Subject_cjrkr,"#N/A","#N/A","#N/A","#N/A","#N/A"
384dc8b9-4ad9-4b77-899f-2809cb93d697,"#N/A","#N/A",false,Web,"#N/A","#N/A",Medium,"#N/A",New,Subject_kkokd,"#N/A","#N/A","#N/A","#N/A","#N/A"
38512fed-c146-4e03-bd8c-386d3be929c0,"#N/A","#N/A",false,Web,"#N/A","#N/A",Medium,"#N/A",New,Subject_jtdbk,"#N/A","#N/A","#N/A","#N/A","#N/A"
385313fc-a0be-4e86-b581-b0df0352c6e0,"#N/A","#N/A",false,Web,"#N/A","#N/A",Medium,"#N/A",New,Subject_seynv,"#N/A","#N/A","#N/A","#N/A","#N/A"
3854e7ec-cef3-4d91-9fdd-c90e028b22d6,"#N/A","#N/A",false,Web,"#N/A","#N/A",Medium,"#N/A",New,Subject_kyweu,"#N/A","#N/A","#N/A","#N/A","#N/A"
385ce60a-9f28-43dd-acf1-7d71edcf2679,"#N/A","#N/A",false,Web,"#N/A","#N/A",Medium,"#N/A",New,Subject_dysey,"#N/A","#N/A","#N/A","#N/A","#N/A"
386172dc-3e75-4f9b-aa72-386720551f2c,"#N/A","#N/A",false,Web,"#N/A","#N/A",Medium,"#N/A",New,Subject_lxuxj,"#N/A","#N/A","#N/A","#N/A","#N/A"
38651f1f-a0ce-4376-b485-fff4832aa5a3,"#N/A","#N/A",false,Web,"#N/A","#N/A",Medium,"#N/A",New,Subject_xsazi,"#N/A","#N/A","#N/A","#N/A","#N/A"
38672f96-f292-4af5-93cc-d4d051915839,"#N/A","#N/A",false,Web,"#N/A","#N/A",Medium,"#N/A",New,Subject_rykqv,"#N/A","#N/A","#N/A","#N/A","#N/A"
3867d483-9d2b-4e23-a4f3-fa94bcf5bb3a,"#N/A","#N/A",false,Web,"#N/A","#N/A",Medium,"#N/A",New,Subject_vqpqm,"#N/A","#N/A","#N/A","#N/A","#N/A"
3868de39-b38d-4331-ad7e-28b2141193db,"#N/A","#N/A",false,Web,"#N/A","#N/A",Medium,"#N/A",New,Subject_wmdpf,"#N/A","#N/A","#N/A","#N/A","#N/A"
386bead3-834c-4f8d-91ee-d15eac90dd28,"#N/A","#N/A",false,Web,"#N/A","#N/A",Medium,"#N/A",New,Subject_khumg,"#N/A","#N/A","#N/A","#N/A","#N/A"
386c7431-2d53-4273-b15e-c7a711176a97,"#N/A","#N/A",false,Web,"#N/A","#N/A",Medium,"#N/A",New,Subject_kdvuf,"#N/A","#N/A","#N/A","#N/A","#N/A"
3872fdf3-392b-4e6d-b9ae-6fa4b0ec352c,"#N/A","#N/A",false,Web,"#N/A","#N/A",Medium,"#N/A",New,Subject_mvvqa,"#N/A","#N/A","#N/A","#N/A","#N/A"
3873012b-3977-4aa7-8684-9fec3b4066d5,"#N/A","#N/A",false,Web,"#N/A","#N/A",Medium,"#N/A",New,Subject_riecj,"#N/A","#N/A","#N/A","#N/A","#N/A"
387466fd-2113-4e30-b5e5-b9f85b766f99,"#N/A","#N/A",false,Web,"#N/A","#N/A",Medium,"#N/A",New,Subject_miqvb,"#N/A","#N/A","#N/A","#N/A","#N/A"
38799312-63bf-4246-aff8-7a5aa7180ce9,"#N/A","#N/A",false,Web,"#N/A","#N/A",Medium,"#N/A",New,Subject_idzqc,"#N/A","#N/A","#N/A","#N/A","#N/A"
387caf91-0029-416c-87d6-cd97f0a1bace,"#N/A","#N/A",false,Web,"#N/A","#N/A",Medium,"#N/A",New,Subject_uxodf,"#N/A","#N/A","#N/A","#N/A","#N/A"
387cbbc8-3991-4ae5-81c2-5fbe6b6ee48e,"#N/A","#N/A",false,Web,"#N/A","#N/A",Medium,"#N/A",New,Subject_uvuhc,"#N/A","#N/A","#N/A","#N/A","#N/A"
3885e0d2-bc55-498c-b8fb-02f230dd38b4,"#N/A","#N/A",false,Web,"#N/A","#N/A",Medium,"#N/A",New,Subject_kikak,"#N/A","#N/A","#N/A","#N/A","#N/A"
3888e254-43af-4bcf-8046-0fe105314783,"#N/A","#N/A",false,Web,"#N/A","#N/A",Medium,"#N/A",New,Subject_xfcci,"#N/A","#N/A","#N/A","#N/A","#N/A"
388c4765-b08f-4a0e-8cb8-5ceb9080c346,"#N/A","#N/A",false,Web,"#N/A","#N/A",Medium,"#N/A",New,Subject_jvobz,"#N/A","#N/A","#N/A","#N/A","#N/A"
3894c6a7-71af-4b76-b57e-55fd2aa28d6a,"#N/A","#N/A",false,Web,"#N/A","#N/A",Medium,"#N/A",New,Subject_qurpo,"#N/A","#N/A","#N/A","#N/A","#N/A"
389992f2-f3e3-4ede-b78c-81c57307777f,"#N/A","#N/A",false,Web,"#N/A","#N/A",Medium,"#N/A",New,Subject_mmvkh,"#N/A","#N/A","#N/A","#N/A","#N/A"
38999da6-f60a-4bcc-b77b-cbb589d66146,"#N/A","#N/A",false,Web,"#N/A","#N/A",Medium,"#N/A",New,Subject_vdqoe,"#N/A","#N/A","#N/A","#N/A","#N/A"
389b4e39-67de-47fa-addf-4177d76081dd,"#N/A","#N/A",false,Web,"#N/A","#N/A",Medium,"#N/A",New,Subject_qsluk,"#N/A","#N/A","#N/A","#N/A","#N/A"
389b59ef-c0fc-4afb-91ab-a300ee698e4a,"#N/A","#N/A",false,Web,"#N/A","#N/A",Medium,"#N/A",New,Subject_pycps,"#N/A","#N/A","#N/A","#N/A","#N/A"
389c1432-6cb6-4b93-8ed5-5b271c1192ad,"#N/A","#N/A",false,Web,"#N/A","#N/A",Medium,"#N/A",New,Subject_aanpr,"#N/A","#N/A","#N/A","#N/A","#N/A"
389df65b-b39f-4c7c-b25b-c28d1a9ea8fe,"#N/A","#N/A",false,Web,"#N/A","#N/A",Medium,"#N/A",New,Subject_aeaoq,"#N/A","#N/A","#N/A","#N/A","#N/A"
38a1abe0-741d-4c16-a118-3a548d021236,"#N/A","#N/A",false,Web,"#N/A","#N/A",Medium,"#N/A",New,Subject_zfvtc,"#N/A","#N/A","#N/A","#N/A","#N/A"
38a262d8-84df-4ff4-b573-cdecdac53327,"#N/A","#N/A",false,Web,"#N/A","#N/A",Medium,"#N/A",New,Subject_ryhuk,"#N/A","#N/A","#N/A","#N/A","#N/A"
38a6614f-64eb-49f7-952e-893994efb0d5,"#N/A","#N/A",false,Web,"#N/A","#N/A",Medium,"#N/A",New,Subject_xhstr,"#N/A","#N/A","#N/A","#N/A","#N/A"
38a7a534-7fa1-4715-9fef-9298c86ce0b5,"#N/A","#N/A",false,Web,"#N/A","#N/A",Medium,"#N/A",New,Subject_wdjlx,"#N/A","#N/A","#N/A","#N/A","#N/A"
38aac2a7-a3c5-4151-bc64-9df40a2c1345,"#N/A","#N/A",false,Web,"#N/A","#N/A",Medium,"#N/A",New,Subject_lvqlq,"#N/A","#N/A","#N/A","#N/A","#N/A"
38aaff53-e68d-4726-9875-342d6849d678,"#N/A","#N/A",false,Web,"#N/A","#N/A",Medium,"#N/A",New,Subject_prjts,"#N/A","#N/A","#N/A","#N/A","#N/A"
38b033f3-9b62-414d-ba60-ce1fe710d6d0,"#N/A","#N/A",false,Web,"#N/A","#N/A",Medium,"#N/A",New,Subject_fsgxp,"#N/A","#N/A","#N/A","#N/A","#N/A"
38b2e5f2-107c-489c-80ea-b1a0a99b3a02,"#N/A","#N/A",false,Web,"#N/A","#N/A",Medium,"#N/A",New,Subject_vlcje,"#N/A","#N/A","#N/A","#N/A","#N/A"
38b3ed10-befb-47b3-adfe-df5f9cc08d71,"#N/A","#N/A",false,Web,"#N/A","#N/A",Medium,"#N/A",New,Subject_ekxne,"#N/A","#N/A","#N/A","#N/A","#N/A"
38b48219-69a8-4693-989d-4905ce7557fe,"#N/A","#N/A",false,Web,"#N/A","#N/A",Medium,"#N/A",New,Subject_xvfax,"#N/A","#N/A","#N/A","#N/A","#N/A"
38b5e50d-e263-48fb-bad5-11f319b37c3b,"#N/A","#N/A",false,Web,"#N/A","#N/A",Medium,"#N/A",New,Subject_rlbvm,"#N/A","#N/A","#N/A","#N/A","#N/A"
38bbae85-3f30-4a72-be97-978081496964,"#N/A","#N/A",false,Web,"#N/A","#N/A",Medium,"#N/A",New,Subject_yjytd,"#N/A","#N/A","#N/A","#N/A","#N/A"
38c54db4-3e70-447f-bbe8-47987c577140,"#N/A","#N/A",false,Web,"#N/A","#N/A",Medium,"#N/A",New,Subject_icphu,"#N/A","#N/A","#N/A","#N/A","#N/A"
38ca12c8-5648-4e0c-8d50-9ed2edf98923,"#N/A","#N/A",false,Web,"#N/A","#N/A",Medium,"#N/A",New,Subject_yvupu,"#N/A","#N/A","#N/A","#N/A","#N/A"
38ccf0a3-14a9-47aa-bebc-a46d4bd3380b,"#N/A","#N/A",false,Web,"#N/A","#N/A",Medium,"#N/A",New,Subject_nrdjc,"#N/A","#N/A","#N/A","#N/A","#N/A"
38d1856c-fed8-42cd-ac3e-55bd56932f11,"#N/A","#N/A",false,Web,"#N/A","#N/A",Medium,"#N/A",New,Subject_tljpe,"#N/A","#N/A","#N/A","#N/A","#N/A"
38d27571-28b5-4c8c-b996-773dc5d69565,"#N/A","#N/A",false,Web,"#N/A","#N/A",Medium,"#N/A",New,Subject_nusab,"#N/A","#N/A","#N/A","#N/A","#N/A"
38d30a45-7c62-4696-b9cc-50a63354b905,"#N/A","#N/A",false,Web,"#N/A","#N/A",Medium,"#N/A",New,Subject_npbwt,"#N/A","#N/A","#N/A","#N/A","#N/A"
38d33811-7fe5-49c1-87af-4a2109f94745,"#N/A","#N/A",false,Web,"#N/A","#N/A",Medium,"#N/A",New,Subject_yrizv,"#N/A","#N/A","#N/A","#N/A","#N/A"
38d4cec9-d865-44b1-9979-8f4aaa21e71c,"#N/A","#N/A",false,Web,"#N/A","#N/A",Medium,"#N/A",New,Subject_bgmto,"#N/A","#N/A","#N/A","#N/A","#N/A"
38d88728-1ca3-4a90-986d-d776ed8d0113,"#N/A","#N/A",false,Web,"#N/A","#N/A",Medium,"#N/A",New,Subject_yttth,"#N/A","#N/A","#N/A","#N/A","#N/A"
38dd09b8-b4eb-4eed-b9ce-80e2654db0c8,"#N/A","#N/A",false,Web,"#N/A","#N/A",Medium,"#N/A",New,Subject_dtkya,"#N/A","#N/A","#N/A","#N/A","#N/A"
38de8b1f-19f1-49d9-bb7a-f07b39dc63ee,"#N/A","#N/A",false,Web,"#N/A","#N/A",Medium,"#N/A",New,Subject_dysra,"#N/A","#N/A","#N/A","#N/A","#N/A"
38e06169-02c7-470d-8eee-ed9ada1d6e52,"#N/A","#N/A",false,Web,"#N/A","#N/A",Medium,"#N/A",New,Subject_cnwwn,"#N/A","#N/A","#N/A","#N/A","#N/A"
38e455f2-f43a-4f08-9e8c-efff8831ca98,"#N/A","#N/A",false,Web,"#N/A","#N/A",Medium,"#N/A",New,Subject_nkdja,"#N/A","#N/A","#N/A","#N/A","#N/A"
38e6fccb-296b-4c2a-8b09-3ec7c7b4b6a3,"#N/A","#N/A",false,Web,"#N/A","#N/A",Medium,"#N/A",New,Subject_apbak,"#N/A","#N/A","#N/A","#N/A","#N/A"
38eb2e28-891a-461c-ab79-e4983d9fde2f,"#N/A","#N/A",false,Web,"#N/A","#N/A",Medium,"#N/A",New,Subject_vxvwc,"#N/A","#N/A","#N/A","#N/A","#N/A"
38ece221-d114-4ae1-ba78-1d953b29a62d,"#N/A","#N/A",false,Web,"#N/A","#N/A",Medium,"#N/A",New,Subject_aeden,"#N/A","#N/A","#N/A","#N/A","#N/A"
38ef5c8f-147f-45fe-97a7-de9aaed81405,"#N/A","#N/A",false,Web,"#N/A","#N/A",Medium,"#N/A",New,Subject_oqxmc,"#N/A","#N/A","#N/A","#N/A","#N/A"
38f2c657-95ae-42a8-82fb-da13162d71b3,"#N/A","#N/A",false,Web,"#N/A","#N/A",Medium,"#N/A",New,Subject_dwltw,"#N/A","#N/A","#N/A","#N/A","#N/A"
38f49a0e-7cf8-4a33-845b-9479dfdc41da,"#N/A","#N/A",false,Web,"#N/A","#N/A",Medium,"#N/A",New,Subject_sghbb,"#N/A","#N/A","#N/A","#N/A","#N/A"
38f7c04c-1a5b-4086-826d-c520d2b6f80c,"#N/A","#N/A",false,Web,"#N/A","#N/A",Medium,"#N/A",New,Subject_nukzj,"#N/A","#N/A","#N/A","#N/A","#N/A"
38f953e6-95d9-4c3b-976b-dfdda2bb0d53,"#N/A","#N/A",false,Web,"#N/A","#N/A",Medium,"#N/A",New,Subject_pfyvl,"#N/A","#N/A","#N/A","#N/A","#N/A"
38f98e20-b18a-4a41-98e2-2129cad8726c,"#N/A","#N/A",false,Web,"#N/A","#N/A",Medium,"#N/A",New,Subject_jkoyr,"#N/A","#N/A","#N/A","#N/A","#N/A"
38fb2aad-22e5-460f-af26-2daed5c34f76,"#N/A","#N/A",false,Web,"#N/A","#N/A",Medium,"#N/A",New,Subject_kamal,"#N/A","#N/A","#N/A","#N/A","#N/A"
38fe8c7f-bf31-48dd-91b3-6c4bd311b5a3,"#N/A","#N/A",false,Web,"#N/A","#N/A",Medium,"#N/A",New,Subject_nvpcd,"#N/A","#N/A","#N/A","#N/A","#N/A"
3903ffeb-2837-444c-9d68-0b5732083b7a,"#N/A","#N/A",false,Web,"#N/A","#N/A",Medium,"#N/A",New,Subject_iuymc,"#N/A","#N/A","#N/A","#N/A","#N/A"
39046c4c-018b-4c7c-829b-c41f9300ee21,"#N/A","#N/A",false,Web,"#N/A","#N/A",Medium,"#N/A",New,Subject_hduqu,"#N/A","#N/A","#N/A","#N/A","#N/A"
39061b52-16ae-446d-94c2-f7163dc465b4,"#N/A","#N/A",false,Web,"#N/A","#N/A",Medium,"#N/A",New,Subject_nwxhf,"#N/A","#N/A","#N/A","#N/A","#N/A"
3906320e-0721-4f3b-868c-b9e88603467c,"#N/A","#N/A",false,Web,"#N/A","#N/A",Medium,"#N/A",New,Subject_mrsaf,"#N/A","#N/A","#N/A","#N/A","#N/A"
39074e7d-24c4-46b0-9b73-07f66c1371cb,"#N/A","#N/A",false,Web,"#N/A","#N/A",Medium,"#N/A",New,Subject_xiyht,"#N/A","#N/A","#N/A","#N/A","#N/A"
390f8aab-40de-4b2f-b3fb-8b60be71fa11,"#N/A","#N/A",false,Web,"#N/A","#N/A",Medium,"#N/A",New,Subject_eojot,"#N/A","#N/A","#N/A","#N/A","#N/A"
3910b08a-ef3e-46f7-af0a-bd401486f830,"#N/A","#N/A",false,Web,"#N/A","#N/A",Medium,"#N/A",New,Subject_vjfnw,"#N/A","#N/A","#N/A","#N/A","#N/A"
3910fb89-9eca-44a0-95c8-ef49df2ac9ad,"#N/A","#N/A",false,Web,"#N/A","#N/A",Medium,"#N/A",New,Subject_nexzu,"#N/A","#N/A","#N/A","#N/A","#N/A"
39117743-ff0b-4a46-8cec-987b8df74fd3,"#N/A","#N/A",false,Web,"#N/A","#N/A",Medium,"#N/A",New,Subject_sxnnw,"#N/A","#N/A","#N/A","#N/A","#N/A"
391181f2-1b69-4e54-863d-c0d48634b8d1,"#N/A","#N/A",false,Web,"#N/A","#N/A",Medium,"#N/A",New,Subject_oqcke,"#N/A","#N/A","#N/A","#N/A","#N/A"
3912a3f8-f1e0-4094-a01e-5f05670cdcde,"#N/A","#N/A",false,Web,"#N/A","#N/A",Medium,"#N/A",New,Subject_zvhke,"#N/A","#N/A","#N/A","#N/A","#N/A"
3915f613-e2a5-476d-86f0-80eab3a4ad30,"#N/A","#N/A",false,Web,"#N/A","#N/A",Medium,"#N/A",New,Subject_apugs,"#N/A","#N/A","#N/A","#N/A","#N/A"
39187d67-91a8-4e24-83e8-1b2c558fce22,"#N/A","#N/A",false,Web,"#N/A","#N/A",Medium,"#N/A",New,Subject_tkxfr,"#N/A","#N/A","#N/A","#N/A","#N/A"
39223dfe-8a61-417c-bd94-4e38c7e8c074,"#N/A","#N/A",false,Web,"#N/A","#N/A",Medium,"#N/A",New,Subject_ilvmj,"#N/A","#N/A","#N/A","#N/A","#N/A"
392484fc-47a7-4421-9c34-e1c2b8268c4f,"#N/A","#N/A",false,Web,"#N/A","#N/A",Medium,"#N/A",New,Subject_xgesb,"#N/A","#N/A","#N/A","#N/A","#N/A"
3924d351-f752-4796-ab77-d9aa982c44d4,"#N/A","#N/A",false,Web,"#N/A","#N/A",Medium,"#N/A",New,Subject_csyac,"#N/A","#N/A","#N/A","#N/A","#N/A"
3926ee65-fbb6-4a0f-b894-07fc4754d2a4,"#N/A","#N/A",false,Web,"#N/A","#N/A",Medium,"#N/A",New,Subject_tnqos,"#N/A","#N/A","#N/A","#N/A","#N/A"
39278170-c8b0-4278-aa90-c0cbf0f624b4,"#N/A","#N/A",false,Web,"#N/A","#N/A",Medium,"#N/A",New,Subject_sqqag,"#N/A","#N/A","#N/A","#N/A","#N/A"
3928ac41-58dd-437e-8527-456c86861236,"#N/A","#N/A",false,Web,"#N/A","#N/A",Medium,"#N/A",New,Subject_oowuc,"#N/A","#N/A","#N/A","#N/A","#N/A"
39291a31-dca8-4250-9848-3c5bb6855097,"#N/A","#N/A",false,Web,"#N/A","#N/A",Medium,"#N/A",New,Subject_jkaoh,"#N/A","#N/A","#N/A","#N/A","#N/A"
392c122a-8dac-4ac9-84ff-635b0e3b8b59,"#N/A","#N/A",false,Web,"#N/A","#N/A",Medium,"#N/A",New,Subject_jdiuk,"#N/A","#N/A","#N/A","#N/A","#N/A"
392fb98e-e0b3-4893-b25a-557dd2ff2580,"#N/A","#N/A",false,Web,"#N/A","#N/A",Medium,"#N/A",New,Subject_jebvd,"#N/A","#N/A","#N/A","#N/A","#N/A"
3932ff34-17d7-454e-b456-2683e938527d,"#N/A","#N/A",false,Web,"#N/A","#N/A",Medium,"#N/A",New,Subject_dygzg,"#N/A","#N/A","#N/A","#N/A","#N/A"
39332715-97cb-4cbe-a878-95b9349c2540,"#N/A","#N/A",false,Web,"#N/A","#N/A",Medium,"#N/A",New,Subject_pqqok,"#N/A","#N/A","#N/A","#N/A","#N/A"
39341465-e320-48ee-ac05-16360d8e94c1,"#N/A","#N/A",false,Web,"#N/A","#N/A",Medium,"#N/A",New,Subject_fhcqm,"#N/A","#N/A","#N/A","#N/A","#N/A"
393aa9f2-a6d6-46ed-add0-9ad6f161c3cf,"#N/A","#N/A",false,Web,"#N/A","#N/A",Medium,"#N/A",New,Subject_krurc,"#N/A","#N/A","#N/A","#N/A","#N/A"
393fd26b-2c47-461c-81bf-be8e033d99af,"#N/A","#N/A",false,Web,"#N/A","#N/A",Medium,"#N/A",New,Subject_sybcw,"#N/A","#N/A","#N/A","#N/A","#N/A"
39402120-5b05-44a7-82f7-650d68b95fe2,"#N/A","#N/A",false,Web,"#N/A","#N/A",Medium,"#N/A",New,Subject_jtcou,"#N/A","#N/A","#N/A","#N/A","#N/A"
3940f0b5-06d6-42da-912d-dafe176d5b41,"#N/A","#N/A",false,Web,"#N/A","#N/A",Medium,"#N/A",New,Subject_xcdak,"#N/A","#N/A","#N/A","#N/A","#N/A"
39459d4a-b310-40c1-8aa0-ac511096c857,"#N/A","#N/A",false,Web,"#N/A","#N/A",Medium,"#N/A",New,Subject_kwnhs,"#N/A","#N/A","#N/A","#N/A","#N/A"
3946c945-baf5-441b-8c0b-de4c5f76f625,"#N/A","#N/A",false,Web,"#N/A","#N/A",Medium,"#N/A",New,Subject_jdmxf,"#N/A","#N/A","#N/A","#N/A","#N/A"
3947f5a9-8415-49ab-b96d-606242072762,"#N/A","#N/A",false,Web,"#N/A","#N/A",Medium,"#N/A",New,Subject_bcjby,"#N/A","#N/A","#N/A","#N/A","#N/A"
394aca3f-b520-496e-a03c-b2f97ec5d7c6,"#N/A","#N/A",false,Web,"#N/A","#N/A",Medium,"#N/A",New,Subject_jwvlz,"#N/A","#N/A","#N/A","#N/A","#N/A"
394af066-c1cd-4f4a-a08e-b0c9bbb40494,"#N/A","#N/A",false,Web,"#N/A","#N/A",Medium,"#N/A",New,Subject_mrmwy,"#N/A","#N/A","#N/A","#N/A","#N/A"
394c3012-7ee1-48f5-9594-434203136d12,"#N/A","#N/A",false,Web,"#N/A","#N/A",Medium,"#N/A",New,Subject_vsefr,"#N/A","#N/A","#N/A","#N/A","#N/A"
394d0259-17c7-4b83-b201-d8fcb3abe2f5,"#N/A","#N/A",false,Web,"#N/A","#N/A",Medium,"#N/A",New,Subject_oirrc,"#N/A","#N/A","#N/A","#N/A","#N/A"
39519413-5f3a-4ae7-9da7-ca5e1e052708,"#N/A","#N/A",false,Web,"#N/A","#N/A",Medium,"#N/A",New,Subject_aaoqy,"#N/A","#N/A","#N/A","#N/A","#N/A"
39544fef-6dd9-4a2d-a99e-1f740dd7af4a,"#N/A","#N/A",false,Web,"#N/A","#N/A",Medium,"#N/A",New,Subject_hyatx,"#N/A","#N/A","#N/A","#N/A","#N/A"
3958e0a9-99e8-4be0-9b51-cbd2fdca8144,"#N/A","#N/A",false,Web,"#N/A","#N/A",Medium,"#N/A",New,Subject_xuxwk,"#N/A","#N/A","#N/A","#N/A","#N/A"
3959f030-cf2d-42c4-ba42-e0cc209118c7,"#N/A","#N/A",false,Web,"#N/A","#N/A",Medium,"#N/A",New,Subject_ifkuq,"#N/A","#N/A","#N/A","#N/A","#N/A"
395a4fe6-b058-47a4-9dd2-e58d3a09b2bf,"#N/A","#N/A",false,Web,"#N/A","#N/A",Medium,"#N/A",New,Subject_frmzs,"#N/A","#N/A","#N/A","#N/A","#N/A"
395a5da0-df5c-41a4-80c2-0f6f35d5dba3,"#N/A","#N/A",false,Web,"#N/A","#N/A",Medium,"#N/A",New,Subject_sdpoz,"#N/A","#N/A","#N/A","#N/A","#N/A"
395aba51-68b5-4b22-af58-18a3d9350fa3,"#N/A","#N/A",false,Web,"#N/A","#N/A",Medium,"#N/A",New,Subject_voyxn,"#N/A","#N/A","#N/A","#N/A","#N/A"
395e730f-e0fa-40c0-9bb1-0b0a5134744d,"#N/A","#N/A",false,Web,"#N/A","#N/A",Medium,"#N/A",New,Subject_yvhkx,"#N/A","#N/A","#N/A","#N/A","#N/A"
3961a56d-5e68-4eaf-9cec-9059639b537b,"#N/A","#N/A",false,Web,"#N/A","#N/A",Medium,"#N/A",New,Subject_vfzcj,"#N/A","#N/A","#N/A","#N/A","#N/A"
3964df38-c861-454c-9778-36ce6b35de3f,"#N/A","#N/A",false,Web,"#N/A","#N/A",Medium,"#N/A",New,Subject_zclnd,"#N/A","#N/A","#N/A","#N/A","#N/A"
39652d7f-f110-43e4-a9af-79210b4a6ef4,"#N/A","#N/A",false,Web,"#N/A","#N/A",Medium,"#N/A",New,Subject_ggwzm,"#N/A","#N/A","#N/A","#N/A","#N/A"
39683821-6a8c-4a75-9d8c-0db30fb10814,"#N/A","#N/A",false,Web,"#N/A","#N/A",Medium,"#N/A",New,Subject_ajojt,"#N/A","#N/A","#N/A","#N/A","#N/A"
396a53a3-31c6-403c-bcc3-79f83893eda5,"#N/A","#N/A",false,Web,"#N/A","#N/A",Medium,"#N/A",New,Subject_rglma,"#N/A","#N/A","#N/A","#N/A","#N/A"
39729594-b6d4-4fc0-9134-daab1dbc5d58,"#N/A","#N/A",false,Web,"#N/A","#N/A",Medium,"#N/A",New,Subject_unsyt,"#N/A","#N/A","#N/A","#N/A","#N/A"
39736c9c-fd55-4fcf-81c3-4f5bc8fa002f,"#N/A","#N/A",false,Web,"#N/A","#N/A",Medium,"#N/A",New,Subject_yofbj,"#N/A","#N/A","#N/A","#N/A","#N/A"
3976c211-24f8-4316-a68f-0559f6636eaf,"#N/A","#N/A",false,Web,"#N/A","#N/A",Medium,"#N/A",New,Subject_uousl,"#N/A","#N/A","#N/A","#N/A","#N/A"
3977153d-371a-426c-8085-c75c9b4f82f0,"#N/A","#N/A",false,Web,"#N/A","#N/A",Medium,"#N/A",New,Subject_jxndh,"#N/A","#N/A","#N/A","#N/A","#N/A"
3978cd21-adfd-4dbd-af0b-abc4923add30,"#N/A","#N/A",false,Web,"#N/A","#N/A",Medium,"#N/A",New,Subject_wlebc,"#N/A","#N/A","#N/A","#N/A","#N/A"
397c1cfd-9fab-4a54-848d-ebfcb33a8d00,"#N/A","#N/A",false,Web,"#N/A","#N/A",Medium,"#N/A",New,Subject_uhwnv,"#N/A","#N/A","#N/A","#N/A","#N/A"
397c20c1-6ca7-44b4-af53-e923181cf029,"#N/A","#N/A",false,Web,"#N/A","#N/A",Medium,"#N/A",New,Subject_gkhit,"#N/A","#N/A","#N/A","#N/A","#N/A"
397c4f4f-152c-4898-a9d9-681149e0e241,"#N/A","#N/A",false,Web,"#N/A","#N/A",Medium,"#N/A",New,Subject_gmzqd,"#N/A","#N/A","#N/A","#N/A","#N/A"
397eb5e5-c319-461d-a8a7-87d31387295e,"#N/A","#N/A",false,Web,"#N/A","#N/A",Medium,"#N/A",New,Subject_uxbmd,"#N/A","#N/A","#N/A","#N/A","#N/A"
3987607e-c0a4-47a8-8333-c46f41deb31c,"#N/A","#N/A",false,Web,"#N/A","#N/A",Medium,"#N/A",New,Subject_gjirg,"#N/A","#N/A","#N/A","#N/A","#N/A"
3987f40e-1ae2-4b1e-89bd-5d4b2ad02787,"#N/A","#N/A",false,Web,"#N/A","#N/A",Medium,"#N/A",New,Subject_pwmkd,"#N/A","#N/A","#N/A","#N/A","#N/A"
3988c587-212f-46c9-ac91-948525bfce89,"#N/A","#N/A",false,Web,"#N/A","#N/A",Medium,"#N/A",New,Subject_wtolz,"#N/A","#N/A","#N/A","#N/A","#N/A"
399337de-7658-4e35-aaa0-c60faeb7b808,"#N/A","#N/A",false,Web,"#N/A","#N/A",Medium,"#N/A",New,Subject_xzcjy,"#N/A","#N/A","#N/A","#N/A","#N/A"
399499aa-05a2-471a-9e1a-2061461c740f,"#N/A","#N/A",false,Web,"#N/A","#N/A",Medium,"#N/A",New,Subject_txjmv,"#N/A","#N/A","#N/A","#N/A","#N/A"
3995a81b-8074-46be-b27e-a792a7ae949c,"#N/A","#N/A",false,Web,"#N/A","#N/A",Medium,"#N/A",New,Subject_chznu,"#N/A","#N/A","#N/A","#N/A","#N/A"
39965927-0dbb-4ac8-9d17-37e237cba38f,"#N/A","#N/A",false,Web,"#N/A","#N/A",Medium,"#N/A",New,Subject_yelqd,"#N/A","#N/A","#N/A","#N/A","#N/A"
399a50a1-aac3-43b1-a799-7a81c9158359,"#N/A","#N/A",false,Web,"#N/A","#N/A",Medium,"#N/A",New,Subject_rafpv,"#N/A","#N/A","#N/A","#N/A","#N/A"
399d0015-0e2f-42a8-9c93-7eb2af1cfb6a,"#N/A","#N/A",false,Web,"#N/A","#N/A",Medium,"#N/A",New,Subject_uremq,"#N/A","#N/A","#N/A","#N/A","#N/A"
39a0d1f1-6033-407c-aa79-882ee8166479,"#N/A","#N/A",false,Web,"#N/A","#N/A",Medium,"#N/A",New,Subject_hupqe,"#N/A","#N/A","#N/A","#N/A","#N/A"
39a1f34d-9b52-4d30-9a56-38049baed0ac,"#N/A","#N/A",false,Web,"#N/A","#N/A",Medium,"#N/A",New,Subject_lwpmp,"#N/A","#N/A","#N/A","#N/A","#N/A"
39ab5578-fcc8-4ad5-9a21-121efab86be2,"#N/A","#N/A",false,Web,"#N/A","#N/A",Medium,"#N/A",New,Subject_addan,"#N/A","#N/A","#N/A","#N/A","#N/A"
39aba330-95e6-45e1-a663-bb9e60c5dbfb,"#N/A","#N/A",false,Web,"#N/A","#N/A",Medium,"#N/A",New,Subject_jbxpv,"#N/A","#N/A","#N/A","#N/A","#N/A"
39adeb7b-0fc0-4727-806d-ca25e6b052d8,"#N/A","#N/A",false,Web,"#N/A","#N/A",Medium,"#N/A",New,Subject_ruwqh,"#N/A","#N/A","#N/A","#N/A","#N/A"
39b17def-8734-4072-9e92-557a3998de10,"#N/A","#N/A",false,Web,"#N/A","#N/A",Medium,"#N/A",New,Subject_nozgw,"#N/A","#N/A","#N/A","#N/A","#N/A"
39b4ee29-3005-46c7-8799-fd9a664c739d,"#N/A","#N/A",false,Web,"#N/A","#N/A",Medium,"#N/A",New,Subject_jjjwx,"#N/A","#N/A","#N/A","#N/A","#N/A"
39ba78c6-dff9-4a44-a682-c54230990cc9,"#N/A","#N/A",false,Web,"#N/A","#N/A",Medium,"#N/A",New,Subject_tymvj,"#N/A","#N/A","#N/A","#N/A","#N/A"
39bae5df-8d31-4c48-a450-c8a8e73325d2,"#N/A","#N/A",false,Web,"#N/A","#N/A",Medium,"#N/A",New,Subject_besan,"#N/A","#N/A","#N/A","#N/A","#N/A"
39bed9c6-4bab-4769-b1b3-c0493d5433ac,"#N/A","#N/A",false,Web,"#N/A","#N/A",Medium,"#N/A",New,Subject_oiouw,"#N/A","#N/A","#N/A","#N/A","#N/A"
39bfe7ee-01d5-4894-83a6-955b90727f69,"#N/A","#N/A",false,Web,"#N/A","#N/A",Medium,"#N/A",New,Subject_mltmo,"#N/A","#N/A","#N/A","#N/A","#N/A"
39c435d2-1a19-4a14-bdcf-9c228905af61,"#N/A","#N/A",false,Web,"#N/A","#N/A",Medium,"#N/A",New,Subject_vuqhp,"#N/A","#N/A","#N/A","#N/A","#N/A"
39c4b7c6-41ee-414b-a925-dc9c4759df74,"#N/A","#N/A",false,Web,"#N/A","#N/A",Medium,"#N/A",New,Subject_jccxe,"#N/A","#N/A","#N/A","#N/A","#N/A"
39c87c0a-c1a7-4df1-919c-ac6abba18f49,"#N/A","#N/A",false,Web,"#N/A","#N/A",Medium,"#N/A",New,Subject_hnury,"#N/A","#N/A","#N/A","#N/A","#N/A"
39c8ae3f-b6be-4c31-bc9c-0369defa2dda,"#N/A","#N/A",false,Web,"#N/A","#N/A",Medium,"#N/A",New,Subject_nigvb,"#N/A","#N/A","#N/A","#N/A","#N/A"
39c9005b-0a34-4d61-8fb7-bd183bad9dc4,"#N/A","#N/A",false,Web,"#N/A","#N/A",Medium,"#N/A",New,Subject_fuiwn,"#N/A","#N/A","#N/A","#N/A","#N/A"
39cbb04c-bdda-47cd-a88a-010b838eaff6,"#N/A","#N/A",false,Web,"#N/A","#N/A",Medium,"#N/A",New,Subject_iocab,"#N/A","#N/A","#N/A","#N/A","#N/A"
39ccf9d4-93dd-4658-a5b4-1e793b82f02b,"#N/A","#N/A",false,Web,"#N/A","#N/A",Medium,"#N/A",New,Subject_piqvq,"#N/A","#N/A","#N/A","#N/A","#N/A"
39cdc362-a4df-4f2b-8fab-e94a5de8917e,"#N/A","#N/A",false,Web,"#N/A","#N/A",Medium,"#N/A",New,Subject_pjxqw,"#N/A","#N/A","#N/A","#N/A","#N/A"
39d151d6-56c1-4855-bd7b-9ccc88a47234,"#N/A","#N/A",false,Web,"#N/A","#N/A",Medium,"#N/A",New,Subject_cwttx,"#N/A","#N/A","#N/A","#N/A","#N/A"
39d99dbe-0a90-454d-9133-95cc902d7f10,"#N/A","#N/A",false,Web,"#N/A","#N/A",Medium,"#N/A",New,Subject_vucso,"#N/A","#N/A","#N/A","#N/A","#N/A"
39e4c24f-bcf5-4dc8-bf9d-fabc8963f27f,"#N/A","#N/A",false,Web,"#N/A","#N/A",Medium,"#N/A",New,Subject_qevae,"#N/A","#N/A","#N/A","#N/A","#N/A"
39e5e8d8-e9bd-48d6-b449-64c7cde87f54,"#N/A","#N/A",false,Web,"#N/A","#N/A",Medium,"#N/A",New,Subject_dynfn,"#N/A","#N/A","#N/A","#N/A","#N/A"
39e67fbc-99d7-476b-98d4-eb6f66b368aa,"#N/A","#N/A",false,Web,"#N/A","#N/A",Medium,"#N/A",New,Subject_zsobq,"#N/A","#N/A","#N/A","#N/A","#N/A"
39e71222-60e4-42b3-87e9-de93e720efa9,"#N/A","#N/A",false,Web,"#N/A","#N/A",Medium,"#N/A",New,Subject_syemi,"#N/A","#N/A","#N/A","#N/A","#N/A"
39e7f8e2-d5fd-4339-a127-ad936e4052b9,"#N/A","#N/A",false,Web,"#N/A","#N/A",Medium,"#N/A",New,Subject_hbnic,"#N/A","#N/A","#N/A","#N/A","#N/A"
39f1b1e6-b8f7-4af4-8b8e-6ecbd2b0a155,"#N/A","#N/A",false,Web,"#N/A","#N/A",Medium,"#N/A",New,Subject_hvtgu,"#N/A","#N/A","#N/A","#N/A","#N/A"
39f550a2-7606-4ffb-b867-8e274c457bfd,"#N/A","#N/A",false,Web,"#N/A","#N/A",Medium,"#N/A",New,Subject_wigtf,"#N/A","#N/A","#N/A","#N/A","#N/A"
3a02cddc-d6f5-488f-bfe8-dea7a7c74fbd,"#N/A","#N/A",false,Web,"#N/A","#N/A",Medium,"#N/A",New,Subject_bnsnh,"#N/A","#N/A","#N/A","#N/A","#N/A"
3a044e4d-877e-4c8f-9c1f-54bbe4ae759d,"#N/A","#N/A",false,Web,"#N/A","#N/A",Medium,"#N/A",New,Subject_osnua,"#N/A","#N/A","#N/A","#N/A","#N/A"
3a0e6620-6881-47d4-98ca-dccc99ae0add,"#N/A","#N/A",false,Web,"#N/A","#N/A",Medium,"#N/A",New,Subject_cuona,"#N/A","#N/A","#N/A","#N/A","#N/A"
3a0e749b-1b04-4833-ba74-d5d8441a8962,"#N/A","#N/A",false,Web,"#N/A","#N/A",Medium,"#N/A",New,Subject_fotdv,"#N/A","#N/A","#N/A","#N/A","#N/A"
3a123c83-598b-45bc-a609-94d14fde0d9a,"#N/A","#N/A",false,Web,"#N/A","#N/A",Medium,"#N/A",New,Subject_lvymy,"#N/A","#N/A","#N/A","#N/A","#N/A"
3a13bd30-5913-454f-8574-3e478b4279dd,"#N/A","#N/A",false,Web,"#N/A","#N/A",Medium,"#N/A",New,Subject_tbzrt,"#N/A","#N/A","#N/A","#N/A","#N/A"
3a144db2-53ff-4de8-baf1-a7ca095b828d,"#N/A","#N/A",false,Web,"#N/A","#N/A",Medium,"#N/A",New,Subject_yfcfs,"#N/A","#N/A","#N/A","#N/A","#N/A"
3a1494f1-bb8c-445d-aaef-9dfad4a39d4e,"#N/A","#N/A",false,Web,"#N/A","#N/A",Medium,"#N/A",New,Subject_ohaip,"#N/A","#N/A","#N/A","#N/A","#N/A"
3a15a885-6b2a-45f9-b6e9-e8aacb63448b,"#N/A","#N/A",false,Web,"#N/A","#N/A",Medium,"#N/A",New,Subject_ztpzn,"#N/A","#N/A","#N/A","#N/A","#N/A"
3a1af3ed-b250-4ff9-8f9e-e4ba8cc61ba6,"#N/A","#N/A",false,Web,"#N/A","#N/A",Medium,"#N/A",New,Subject_uzkef,"#N/A","#N/A","#N/A","#N/A","#N/A"
3a1d7dd4-d280-4e8b-bed8-b50f84488cfd,"#N/A","#N/A",false,Web,"#N/A","#N/A",Medium,"#N/A",New,Subject_tudke,"#N/A","#N/A","#N/A","#N/A","#N/A"
3a1eb2c8-9f0e-4330-93d6-013f4c491ebe,"#N/A","#N/A",false,Web,"#N/A","#N/A",Medium,"#N/A",New,Subject_syemi,"#N/A","#N/A","#N/A","#N/A","#N/A"
3a23127e-40b5-43a8-b09a-0e18b1668c03,"#N/A","#N/A",false,Web,"#N/A","#N/A",Medium,"#N/A",New,Subject_enttg,"#N/A","#N/A","#N/A","#N/A","#N/A"
3a24d83b-4e63-48fd-911d-de462838077e,"#N/A","#N/A",false,Web,"#N/A","#N/A",Medium,"#N/A",New,Subject_cglwp,"#N/A","#N/A","#N/A","#N/A","#N/A"
3a27df13-a61a-42d6-bb1f-02266a9f2e6e,"#N/A","#N/A",false,Web,"#N/A","#N/A",Medium,"#N/A",New,Subject_ohord,"#N/A","#N/A","#N/A","#N/A","#N/A"
3a27f214-6d17-400d-af5d-de1488b760e5,"#N/A","#N/A",false,Web,"#N/A","#N/A",Medium,"#N/A",New,Subject_rreot,"#N/A","#N/A","#N/A","#N/A","#N/A"
3a286c07-da89-4c5a-b293-4482c3043a7a,"#N/A","#N/A",false,Web,"#N/A","#N/A",Medium,"#N/A",New,Subject_kysap,"#N/A","#N/A","#N/A","#N/A","#N/A"
3a2a83d6-2fb1-404e-b90e-147701658db9,"#N/A","#N/A",false,Web,"#N/A","#N/A",Medium,"#N/A",New,Subject_pabhp,"#N/A","#N/A","#N/A","#N/A","#N/A"
3a2bba3e-8fd1-4e71-bf34-da356f15178f,"#N/A","#N/A",false,Web,"#N/A","#N/A",Medium,"#N/A",New,Subject_wnbcg,"#N/A","#N/A","#N/A","#N/A","#N/A"
3a2c676d-5a21-4274-8df5-95eef354bcf0,"#N/A","#N/A",false,Web,"#N/A","#N/A",Medium,"#N/A",New,Subject_zbfug,"#N/A","#N/A","#N/A","#N/A","#N/A"
3a2e717f-de0c-4716-b8f0-f96397d2faa0,"#N/A","#N/A",false,Web,"#N/A","#N/A",Medium,"#N/A",New,Subject_exjkw,"#N/A","#N/A","#N/A","#N/A","#N/A"
3a2f1ddc-e7e5-45d6-bafe-474a41f3d7ab,"#N/A","#N/A",false,Web,"#N/A","#N/A",Medium,"#N/A",New,Subject_xkydc,"#N/A","#N/A","#N/A","#N/A","#N/A"
3a32285a-91de-4800-8b72-7b50613f998a,"#N/A","#N/A",false,Web,"#N/A","#N/A",Medium,"#N/A",New,Subject_nphur,"#N/A","#N/A","#N/A","#N/A","#N/A"
3a3499e6-4ae7-4e2a-b5ca-7f687936eb50,"#N/A","#N/A",false,Web,"#N/A","#N/A",Medium,"#N/A",New,Subject_atvmy,"#N/A","#N/A","#N/A","#N/A","#N/A"
3a35b1d2-b9e6-4ecd-bee7-d6602fa3092e,"#N/A","#N/A",false,Web,"#N/A","#N/A",Medium,"#N/A",New,Subject_nivgs,"#N/A","#N/A","#N/A","#N/A","#N/A"
3a37723f-0c0a-443d-9712-c07eb654af5d,"#N/A","#N/A",false,Web,"#N/A","#N/A",Medium,"#N/A",New,Subject_flcnd,"#N/A","#N/A","#N/A","#N/A","#N/A"
3a389e53-0936-42d9-b593-9a72949d9f1a,"#N/A","#N/A",false,Web,"#N/A","#N/A",Medium,"#N/A",New,Subject_ooact,"#N/A","#N/A","#N/A","#N/A","#N/A"
3a3a62cb-8b75-45ed-863c-2fe9226991a0,"#N/A","#N/A",false,Web,"#N/A","#N/A",Medium,"#N/A",New,Subject_zfpmz,"#N/A","#N/A","#N/A","#N/A","#N/A"
3a3b3b7f-527b-4af2-91a8-8e7cb1e74387,"#N/A","#N/A",false,Web,"#N/A","#N/A",Medium,"#N/A",New,Subject_mvgpz,"#N/A","#N/A","#N/A","#N/A","#N/A"
3a3b81b0-cabe-4079-96a3-ffa288e81ac6,"#N/A","#N/A",false,Web,"#N/A","#N/A",Medium,"#N/A",New,Subject_nrhze,"#N/A","#N/A","#N/A","#N/A","#N/A"
3a40f9b9-657c-49f7-ad89-fea1fa381b9a,"#N/A","#N/A",false,Web,"#N/A","#N/A",Medium,"#N/A",New,Subject_plrku,"#N/A","#N/A","#N/A","#N/A","#N/A"
3a43019e-c58b-40ec-8f98-37ab9694e73e,"#N/A","#N/A",false,Web,"#N/A","#N/A",Medium,"#N/A",New,Subject_cnutx,"#N/A","#N/A","#N/A","#N/A","#N/A"
3a44a25b-0a15-4f9b-b4cc-9122fcf0db0f,"#N/A","#N/A",false,Web,"#N/A","#N/A",Medium,"#N/A",New,Subject_ziuem,"#N/A","#N/A","#N/A","#N/A","#N/A"
3a4bc074-822a-406b-9685-52b578dab787,"#N/A","#N/A",false,Web,"#N/A","#N/A",Medium,"#N/A",New,Subject_vazxf,"#N/A","#N/A","#N/A","#N/A","#N/A"
3a5074db-4508-4366-8075-20d4b5eb27c3,"#N/A","#N/A",false,Web,"#N/A","#N/A",Medium,"#N/A",New,Subject_gaouj,"#N/A","#N/A","#N/A","#N/A","#N/A"
3a50e2c4-40ac-4135-9037-53178e1bf18e,"#N/A","#N/A",false,Web,"#N/A","#N/A",Medium,"#N/A",New,Subject_zavpp,"#N/A","#N/A","#N/A","#N/A","#N/A"
3a51785b-069a-42c2-aca6-3b4cc2ae323e,"#N/A","#N/A",false,Web,"#N/A","#N/A",Medium,"#N/A",New,Subject_cinbf,"#N/A","#N/A","#N/A","#N/A","#N/A"
3a55cf8d-9712-4adc-bea9-5236468a87cb,"#N/A","#N/A",false,Web,"#N/A","#N/A",Medium,"#N/A",New,Subject_ipmoq,"#N/A","#N/A","#N/A","#N/A","#N/A"
3a56a192-d080-41f8-8251-419b451efed0,"#N/A","#N/A",false,Web,"#N/A","#N/A",Medium,"#N/A",New,Subject_cdfup,"#N/A","#N/A","#N/A","#N/A","#N/A"
3a5a8074-43a1-491b-85ed-394986d4e1aa,"#N/A","#N/A",false,Web,"#N/A","#N/A",Medium,"#N/A",New,Subject_gcukh,"#N/A","#N/A","#N/A","#N/A","#N/A"
3a5d6201-8429-470e-a09c-11654ebb0944,"#N/A","#N/A",false,Web,"#N/A","#N/A",Medium,"#N/A",New,Subject_pvekz,"#N/A","#N/A","#N/A","#N/A","#N/A"
3a5dcf8d-13e1-440e-ab22-df07423da6c9,"#N/A","#N/A",false,Web,"#N/A","#N/A",Medium,"#N/A",New,Subject_pdgou,"#N/A","#N/A","#N/A","#N/A","#N/A"
3a5f04d2-07ff-4c1c-b7e8-c472a3c54a32,"#N/A","#N/A",false,Web,"#N/A","#N/A",Medium,"#N/A",New,Subject_imvzf,"#N/A","#N/A","#N/A","#N/A","#N/A"
3a600cbb-2953-4804-8b76-f97271690920,"#N/A","#N/A",false,Web,"#N/A","#N/A",Medium,"#N/A",New,Subject_jzrzh,"#N/A","#N/A","#N/A","#N/A","#N/A"
3a65cf98-68cb-46f4-88d3-59a1a513db0b,"#N/A","#N/A",false,Web,"#N/A","#N/A",Medium,"#N/A",New,Subject_bwyhf,"#N/A","#N/A","#N/A","#N/A","#N/A"
3a670c36-2381-4c4c-a759-fe87e13386f7,"#N/A","#N/A",false,Web,"#N/A","#N/A",Medium,"#N/A",New,Subject_qzula,"#N/A","#N/A","#N/A","#N/A","#N/A"
3a696a72-794c-438e-8dd8-10a2e59d5dad,"#N/A","#N/A",false,Web,"#N/A","#N/A",Medium,"#N/A",New,Subject_unuwz,"#N/A","#N/A","#N/A","#N/A","#N/A"
3a6dd5bc-9a7f-4155-ae01-29f48670edbd,"#N/A","#N/A",false,Web,"#N/A","#N/A",Medium,"#N/A",New,Subject_ecpse,"#N/A","#N/A","#N/A","#N/A","#N/A"
3a70c63c-a6a7-4b20-8ea2-ff45dfe8a7f3,"#N/A","#N/A",false,Web,"#N/A","#N/A",Medium,"#N/A",New,Subject_iocab,"#N/A","#N/A","#N/A","#N/A","#N/A"
3a712efa-c4ad-48b0-865e-0d7a0da9e8a5,"#N/A","#N/A",false,Web,"#N/A","#N/A",Medium,"#N/A",New,Subject_bidal,"#N/A","#N/A","#N/A","#N/A","#N/A"
3a715fe6-6a9a-4b44-bbcf-f3a5064255d2,"#N/A","#N/A",false,Web,"#N/A","#N/A",Medium,"#N/A",New,Subject_rnzbj,"#N/A","#N/A","#N/A","#N/A","#N/A"
3a7561d3-a8a6-4a05-8240-da07687da001,"#N/A","#N/A",false,Web,"#N/A","#N/A",Medium,"#N/A",New,Subject_hevcr,"#N/A","#N/A","#N/A","#N/A","#N/A"
3a7aaca1-4045-4984-9b9c-d86e116acb02,"#N/A","#N/A",false,Web,"#N/A","#N/A",Medium,"#N/A",New,Subject_nbfwk,"#N/A","#N/A","#N/A","#N/A","#N/A"
3a7ba337-0ff1-4498-ab9c-fa03bb58e922,"#N/A","#N/A",false,Web,"#N/A","#N/A",Medium,"#N/A",New,Subject_qiqzd,"#N/A","#N/A","#N/A","#N/A","#N/A"
3a7d2560-bc86-4b86-9f4a-880da178238b,"#N/A","#N/A",false,Web,"#N/A","#N/A",Medium,"#N/A",New,Subject_injoj,"#N/A","#N/A","#N/A","#N/A","#N/A"
3a7e24e6-625e-4add-889d-525208a63e6f,"#N/A","#N/A",false,Web,"#N/A","#N/A",Medium,"#N/A",New,Subject_ekunu,"#N/A","#N/A","#N/A","#N/A","#N/A"
3a7eef11-8791-4000-81e1-bfda6c29480f,"#N/A","#N/A",false,Web,"#N/A","#N/A",Medium,"#N/A",New,Subject_voosy,"#N/A","#N/A","#N/A","#N/A","#N/A"
3a7f521f-bab8-45e4-9e1c-8ebf9eab9295,"#N/A","#N/A",false,Web,"#N/A","#N/A",Medium,"#N/A",New,Subject_ytqsa,"#N/A","#N/A","#N/A","#N/A","#N/A"
3a817048-535e-46b5-a03d-347432f39f8b,"#N/A","#N/A",false,Web,"#N/A","#N/A",Medium,"#N/A",New,Subject_kkifu,"#N/A","#N/A","#N/A","#N/A","#N/A"
3a818e11-be00-4b17-a147-0314c22c05af,"#N/A","#N/A",false,Web,"#N/A","#N/A",Medium,"#N/A",New,Subject_gcyac,"#N/A","#N/A","#N/A","#N/A","#N/A"
3a86d186-317a-4f7a-85e9-730b5495ae90,"#N/A","#N/A",false,Web,"#N/A","#N/A",Medium,"#N/A",New,Subject_exhei,"#N/A","#N/A","#N/A","#N/A","#N/A"
3a8b5333-8d19-4bef-9801-c73fe8a4a9b8,"#N/A","#N/A",false,Web,"#N/A","#N/A",Medium,"#N/A",New,Subject_yrwii,"#N/A","#N/A","#N/A","#N/A","#N/A"
3a8b7014-9e53-423e-933c-e97633679788,"#N/A","#N/A",false,Web,"#N/A","#N/A",Medium,"#N/A",New,Subject_luyxd,"#N/A","#N/A","#N/A","#N/A","#N/A"
3a8bc0d3-80a4-48d6-baa3-95e9e7d7c994,"#N/A","#N/A",false,Web,"#N/A","#N/A",Medium,"#N/A",New,Subject_nrdie,"#N/A","#N/A","#N/A","#N/A","#N/A"
3a8bd4b6-999a-4e68-8f2b-3efb63ba5278,"#N/A","#N/A",false,Web,"#N/A","#N/A",Medium,"#N/A",New,Subject_dtflt,"#N/A","#N/A","#N/A","#N/A","#N/A"
3a8d2692-2a93-495c-8a3b-4f196245fd63,"#N/A","#N/A",false,Web,"#N/A","#N/A",Medium,"#N/A",New,Subject_khzfd,"#N/A","#N/A","#N/A","#N/A","#N/A"
3a8fd48a-53f5-4a53-ab14-c319800a6a9e,"#N/A","#N/A",false,Web,"#N/A","#N/A",Medium,"#N/A",New,Subject_wgafp,"#N/A","#N/A","#N/A","#N/A","#N/A"
3a9030d5-3c03-4ca5-b779-95f8139d4193,"#N/A","#N/A",false,Web,"#N/A","#N/A",Medium,"#N/A",New,Subject_aaxbk,"#N/A","#N/A","#N/A","#N/A","#N/A"
3a94c274-adbc-4b6c-98af-35b59d1d81ab,"#N/A","#N/A",false,Web,"#N/A","#N/A",Medium,"#N/A",New,Subject_mnhkh,"#N/A","#N/A","#N/A","#N/A","#N/A"
3a96770c-f0ed-4831-818b-a91647553898,"#N/A","#N/A",false,Web,"#N/A","#N/A",Medium,"#N/A",New,Subject_enemx,"#N/A","#N/A","#N/A","#N/A","#N/A"
3a99cca6-191d-48ea-aa52-4261cb66334e,"#N/A","#N/A",false,Web,"#N/A","#N/A",Medium,"#N/A",New,Subject_dmeue,"#N/A","#N/A","#N/A","#N/A","#N/A"
3a9bcab8-759c-4f2b-a7f3-318cefcacad3,"#N/A","#N/A",false,Web,"#N/A","#N/A",Medium,"#N/A",New,Subject_zvpnw,"#N/A","#N/A","#N/A","#N/A","#N/A"
3a9f7b94-467b-4f76-8435-ce538ed12ccd,"#N/A","#N/A",false,Web,"#N/A","#N/A",Medium,"#N/A",New,Subject_qmmjz,"#N/A","#N/A","#N/A","#N/A","#N/A"
3aa0f978-e259-4dcc-a8c1-dee52fda7a3e,"#N/A","#N/A",false,Web,"#N/A","#N/A",Medium,"#N/A",New,Subject_xbgnx,"#N/A","#N/A","#N/A","#N/A","#N/A"
3aa303e6-401b-4857-967f-b8fc0c8cdd45,"#N/A","#N/A",false,Web,"#N/A","#N/A",Medium,"#N/A",New,Subject_yiosc,"#N/A","#N/A","#N/A","#N/A","#N/A"
3aa3629d-4aea-4ccd-a329-5b646fcdbdc0,"#N/A","#N/A",false,Web,"#N/A","#N/A",Medium,"#N/A",New,Subject_zlbrp,"#N/A","#N/A","#N/A","#N/A","#N/A"
3aa7f933-7d49-4623-9182-6b9e0bfbf8cc,"#N/A","#N/A",false,Web,"#N/A","#N/A",Medium,"#N/A",New,Subject_vmjck,"#N/A","#N/A","#N/A","#N/A","#N/A"
3aa914f1-fff4-4c91-ba1c-74a386b8b624,"#N/A","#N/A",false,Web,"#N/A","#N/A",Medium,"#N/A",New,Subject_kitbl,"#N/A","#N/A","#N/A","#N/A","#N/A"
3aad1bd8-c17b-40e6-ade6-25ad864373d5,"#N/A","#N/A",false,Web,"#N/A","#N/A",Medium,"#N/A",New,Subject_scadf,"#N/A","#N/A","#N/A","#N/A","#N/A"
3ab00432-863b-4ca0-9dae-7f57c6084117,"#N/A","#N/A",false,Web,"#N/A","#N/A",Medium,"#N/A",New,Subject_fprgr,"#N/A","#N/A","#N/A","#N/A","#N/A"
3ab05686-a6f1-4876-930c-7c18e56ec39f,"#N/A","#N/A",false,Web,"#N/A","#N/A",Medium,"#N/A",New,Subject_scftp,"#N/A","#N/A","#N/A","#N/A","#N/A"
3ab7875d-96a5-49f9-b099-e1745625e53a,"#N/A","#N/A",false,Web,"#N/A","#N/A",Medium,"#N/A",New,Subject_fdiii,"#N/A","#N/A","#N/A","#N/A","#N/A"
3abae1ee-0853-44d3-8828-37025bdf1201,"#N/A","#N/A",false,Web,"#N/A","#N/A",Medium,"#N/A",New,Subject_jaanp,"#N/A","#N/A","#N/A","#N/A","#N/A"
3ac08c8b-c321-4c38-add4-3dbed004a12b,"#N/A","#N/A",false,Web,"#N/A","#N/A",Medium,"#N/A",New,Subject_corpp,"#N/A","#N/A","#N/A","#N/A","#N/A"
3ac1aab0-b122-4a5b-9008-955f4e49aec7,"#N/A","#N/A",false,Web,"#N/A","#N/A",Medium,"#N/A",New,Subject_gqptw,"#N/A","#N/A","#N/A","#N/A","#N/A"
3ac9c479-fe22-4843-b574-e1e67818c74c,"#N/A","#N/A",false,Web,"#N/A","#N/A",Medium,"#N/A",New,Subject_oucih,"#N/A","#N/A","#N/A","#N/A","#N/A"
3acd67c4-71ea-4678-80c2-96abd05173a5,"#N/A","#N/A",false,Web,"#N/A","#N/A",Medium,"#N/A",New,Subject_yuchg,"#N/A","#N/A","#N/A","#N/A","#N/A"
3acf7099-ccb5-49ad-b1f8-13ab5a87cba9,"#N/A","#N/A",false,Web,"#N/A","#N/A",Medium,"#N/A",New,Subject_ekgvf,"#N/A","#N/A","#N/A","#N/A","#N/A"
3ad1dbc4-2da6-470c-aa90-de0fca846f93,"#N/A","#N/A",false,Web,"#N/A","#N/A",Medium,"#N/A",New,Subject_hvrwm,"#N/A","#N/A","#N/A","#N/A","#N/A"
3ad78018-cdb5-4b2a-b886-a0e5a951ccf7,"#N/A","#N/A",false,Web,"#N/A","#N/A",Medium,"#N/A",New,Subject_fyxst,"#N/A","#N/A","#N/A","#N/A","#N/A"
3adc06d9-46d9-4a8b-853d-185d04583db0,"#N/A","#N/A",false,Web,"#N/A","#N/A",Medium,"#N/A",New,Subject_nivcf,"#N/A","#N/A","#N/A","#N/A","#N/A"
3ae14bc5-8a6d-4c83-9fa9-889ac2d13035,"#N/A","#N/A",false,Web,"#N/A","#N/A",Medium,"#N/A",New,Subject_iacgq,"#N/A","#N/A","#N/A","#N/A","#N/A"
3ae544b0-5653-4ace-95bf-d312f9aafe38,"#N/A","#N/A",false,Web,"#N/A","#N/A",Medium,"#N/A",New,Subject_szngb,"#N/A","#N/A","#N/A","#N/A","#N/A"
3ae74e7b-72d9-4a6c-af8b-a116352345a0,"#N/A","#N/A",false,Web,"#N/A","#N/A",Medium,"#N/A",New,Subject_yggxe,"#N/A","#N/A","#N/A","#N/A","#N/A"
3ae896a7-a0a2-4eb3-8c78-ccbdec560d07,"#N/A","#N/A",false,Web,"#N/A","#N/A",Medium,"#N/A",New,Subject_nanct,"#N/A","#N/A","#N/A","#N/A","#N/A"
3aea8fc1-24a0-4092-9b2d-106186201312,"#N/A","#N/A",false,Web,"#N/A","#N/A",Medium,"#N/A",New,Subject_iqegn,"#N/A","#N/A","#N/A","#N/A","#N/A"
3af03f40-434b-4a3b-81ac-41b5e6946f46,"#N/A","#N/A",false,Web,"#N/A","#N/A",Medium,"#N/A",New,Subject_lszfq,"#N/A","#N/A","#N/A","#N/A","#N/A"
3af66af2-18cb-4095-91d7-9a394d19743e,"#N/A","#N/A",false,Web,"#N/A","#N/A",Medium,"#N/A",New,Subject_bxsln,"#N/A","#N/A","#N/A","#N/A","#N/A"
3af69569-ba01-41c8-8066-cc20a29a14e1,"#N/A","#N/A",false,Web,"#N/A","#N/A",Medium,"#N/A",New,Subject_cnddv,"#N/A","#N/A","#N/A","#N/A","#N/A"
3afa214a-9764-4b66-84bf-8278e96b83c3,"#N/A","#N/A",false,Web,"#N/A","#N/A",Medium,"#N/A",New,Subject_zxrvo,"#N/A","#N/A","#N/A","#N/A","#N/A"
3afaa498-b979-48cc-9c4d-bd2318d67dc8,"#N/A","#N/A",false,Web,"#N/A","#N/A",Medium,"#N/A",New,Subject_nogsi,"#N/A","#N/A","#N/A","#N/A","#N/A"
3afaad08-7343-437d-b9ea-ec0f902b3ee4,"#N/A","#N/A",false,Web,"#N/A","#N/A",Medium,"#N/A",New,Subject_jidld,"#N/A","#N/A","#N/A","#N/A","#N/A"
3afdf1dc-f06c-4cb4-8353-2a26f0097301,"#N/A","#N/A",false,Web,"#N/A","#N/A",Medium,"#N/A",New,Subject_uqrcv,"#N/A","#N/A","#N/A","#N/A","#N/A"
3b001d3a-5faf-4bc3-a4c4-b8ec04d345e1,"#N/A","#N/A",false,Web,"#N/A","#N/A",Medium,"#N/A",New,Subject_xcehs,"#N/A","#N/A","#N/A","#N/A","#N/A"
3b041c72-7a83-4e84-9afb-03abc86cc7f6,"#N/A","#N/A",false,Web,"#N/A","#N/A",Medium,"#N/A",New,Subject_umemn,"#N/A","#N/A","#N/A","#N/A","#N/A"
3b0ba9e0-c3df-47b6-8641-dd8e8d462c9f,"#N/A","#N/A",false,Web,"#N/A","#N/A",Medium,"#N/A",New,Subject_utwud,"#N/A","#N/A","#N/A","#N/A","#N/A"
3b111de4-c79a-4dad-b1e7-562c1249f62e,"#N/A","#N/A",false,Web,"#N/A","#N/A",Medium,"#N/A",New,Subject_zndhp,"#N/A","#N/A","#N/A","#N/A","#N/A"
3b16c62a-d05c-40ca-a15f-4edf90b3422e,"#N/A","#N/A",false,Web,"#N/A","#N/A",Medium,"#N/A",New,Subject_bopgj,"#N/A","#N/A","#N/A","#N/A","#N/A"
3b1bea18-608f-4b55-bd2d-534d8afdb68f,"#N/A","#N/A",false,Web,"#N/A","#N/A",Medium,"#N/A",New,Subject_yexot,"#N/A","#N/A","#N/A","#N/A","#N/A"
3b1c2b55-a961-430f-aa5a-531f744cb5b7,"#N/A","#N/A",false,Web,"#N/A","#N/A",Medium,"#N/A",New,Subject_lfsql,"#N/A","#N/A","#N/A","#N/A","#N/A"
3b20f2e8-a868-488d-80f0-5d76558fa6e3,"#N/A","#N/A",false,Web,"#N/A","#N/A",Medium,"#N/A",New,Subject_khuwq,"#N/A","#N/A","#N/A","#N/A","#N/A"
3b26c464-613d-4a35-86e2-80ecd37dfddc,"#N/A","#N/A",false,Web,"#N/A","#N/A",Medium,"#N/A",New,Subject_zwbda,"#N/A","#N/A","#N/A","#N/A","#N/A"
3b28a736-d08c-4f5b-ad79-f51b3a6cf8b7,"#N/A","#N/A",false,Web,"#N/A","#N/A",Medium,"#N/A",New,Subject_iuiej,"#N/A","#N/A","#N/A","#N/A","#N/A"
3b2b1e07-8ae3-44c3-abf5-89c59db4da87,"#N/A","#N/A",false,Web,"#N/A","#N/A",Medium,"#N/A",New,Subject_gneru,"#N/A","#N/A","#N/A","#N/A","#N/A"
3b2c2450-8eb5-421b-8a0e-330e31765c3c,"#N/A","#N/A",false,Web,"#N/A","#N/A",Medium,"#N/A",New,Subject_zrlaf,"#N/A","#N/A","#N/A","#N/A","#N/A"
3b2d4bbc-8170-4eb3-8346-378f43835d86,"#N/A","#N/A",false,Web,"#N/A","#N/A",Medium,"#N/A",New,Subject_vhgbj,"#N/A","#N/A","#N/A","#N/A","#N/A"
3b31a92a-429c-477c-8d8c-5e73b59b7d76,"#N/A","#N/A",false,Web,"#N/A","#N/A",Medium,"#N/A",New,Subject_kkypu,"#N/A","#N/A","#N/A","#N/A","#N/A"
3b32b2f2-5494-4dd8-ab8f-ec564635a2bf,"#N/A","#N/A",false,Web,"#N/A","#N/A",Medium,"#N/A",New,Subject_nryua,"#N/A","#N/A","#N/A","#N/A","#N/A"
3b36dc8d-5892-4947-9e03-fc861550fcd7,"#N/A","#N/A",false,Web,"#N/A","#N/A",Medium,"#N/A",New,Subject_bwqxi,"#N/A","#N/A","#N/A","#N/A","#N/A"
3b406401-7eab-45e8-9f6e-adc0ce6591ca,"#N/A","#N/A",false,Web,"#N/A","#N/A",Medium,"#N/A",New,Subject_khofr,"#N/A","#N/A","#N/A","#N/A","#N/A"
3b415c7a-b2a3-4332-a48e-c9f7f4c78369,"#N/A","#N/A",false,Web,"#N/A","#N/A",Medium,"#N/A",New,Subject_jmnin,"#N/A","#N/A","#N/A","#N/A","#N/A"
3b433f13-b2ff-4f2d-b83c-74796126330b,"#N/A","#N/A",false,Web,"#N/A","#N/A",Medium,"#N/A",New,Subject_gutex,"#N/A","#N/A","#N/A","#N/A","#N/A"
3b44958e-5a09-49c9-9d36-027aeb52ca9e,"#N/A","#N/A",false,Web,"#N/A","#N/A",Medium,"#N/A",New,Subject_qbzmi,"#N/A","#N/A","#N/A","#N/A","#N/A"
3b449ed9-acb6-495b-bc12-d4bb70f953d0,"#N/A","#N/A",false,Web,"#N/A","#N/A",Medium,"#N/A",New,Subject_xocdt,"#N/A","#N/A","#N/A","#N/A","#N/A"
3b4a832a-029a-4b6a-a445-c247f849f909,"#N/A","#N/A",false,Web,"#N/A","#N/A",Medium,"#N/A",New,Subject_ciomh,"#N/A","#N/A","#N/A","#N/A","#N/A"
3b4cb522-094b-4c8d-8515-502b67f96023,"#N/A","#N/A",false,Web,"#N/A","#N/A",Medium,"#N/A",New,Subject_jjhnk,"#N/A","#N/A","#N/A","#N/A","#N/A"
3b4ea851-a725-4e94-95f6-2071d9610c2b,"#N/A","#N/A",false,Web,"#N/A","#N/A",Medium,"#N/A",New,Subject_nddhs,"#N/A","#N/A","#N/A","#N/A","#N/A"
3b4ed274-a041-4245-91d4-82f2eb603595,"#N/A","#N/A",false,Web,"#N/A","#N/A",Medium,"#N/A",New,Subject_rmrna,"#N/A","#N/A","#N/A","#N/A","#N/A"
3b4f7bed-92c2-4800-aa89-e6d0baa56a58,"#N/A","#N/A",false,Web,"#N/A","#N/A",Medium,"#N/A",New,Subject_pcyhx,"#N/A","#N/A","#N/A","#N/A","#N/A"
3b50aa8b-181b-4d2d-aba3-49130708f512,"#N/A","#N/A",false,Web,"#N/A","#N/A",Medium,"#N/A",New,Subject_emmup,"#N/A","#N/A","#N/A","#N/A","#N/A"
3b56252c-4214-48d9-a7f5-c4834df11643,"#N/A","#N/A",false,Web,"#N/A","#N/A",Medium,"#N/A",New,Subject_xnfhm,"#N/A","#N/A","#N/A","#N/A","#N/A"
3b595a2c-4cbc-44f5-9066-a029df87e3ae,"#N/A","#N/A",false,Web,"#N/A","#N/A",Medium,"#N/A",New,Subject_emeki,"#N/A","#N/A","#N/A","#N/A","#N/A"
3b5981dc-5d22-4927-ac8c-c32b61ac092c,"#N/A","#N/A",false,Web,"#N/A","#N/A",Medium,"#N/A",New,Subject_otylc,"#N/A","#N/A","#N/A","#N/A","#N/A"
3b5d3a48-43d8-4505-bd7a-025ee240371f,"#N/A","#N/A",false,Web,"#N/A","#N/A",Medium,"#N/A",New,Subject_loxci,"#N/A","#N/A","#N/A","#N/A","#N/A"
3b6131fd-f84f-4863-b1e7-1dd15f081d9b,"#N/A","#N/A",false,Web,"#N/A","#N/A",Medium,"#N/A",New,Subject_wxkre,"#N/A","#N/A","#N/A","#N/A","#N/A"
3b615b4b-7181-42cb-9c8d-ec7bcd6b3325,"#N/A","#N/A",false,Web,"#N/A","#N/A",Medium,"#N/A",New,Subject_auxxt,"#N/A","#N/A","#N/A","#N/A","#N/A"
3b67ef2f-6253-40fd-a949-2f5b448c188d,"#N/A","#N/A",false,Web,"#N/A","#N/A",Medium,"#N/A",New,Subject_ivzow,"#N/A","#N/A","#N/A","#N/A","#N/A"
3b680969-234e-45ff-b0d6-949be2a03a23,"#N/A","#N/A",false,Web,"#N/A","#N/A",Medium,"#N/A",New,Subject_ktmlo,"#N/A","#N/A","#N/A","#N/A","#N/A"
3b688b06-b1c8-4830-93ff-5aedc11c9636,"#N/A","#N/A",false,Web,"#N/A","#N/A",Medium,"#N/A",New,Subject_apugs,"#N/A","#N/A","#N/A","#N/A","#N/A"
3b6b62ca-1d6f-4a2e-8f04-01746980ebbd,"#N/A","#N/A",false,Web,"#N/A","#N/A",Medium,"#N/A",New,Subject_hpkqm,"#N/A","#N/A","#N/A","#N/A","#N/A"
3b7028ed-fcb3-4a31-9ea5-367ba769f352,"#N/A","#N/A",false,Web,"#N/A","#N/A",Medium,"#N/A",New,Subject_glcaz,"#N/A","#N/A","#N/A","#N/A","#N/A"
3b71ea5f-f4a9-4a84-86c8-20cfed08cc5a,"#N/A","#N/A",false,Web,"#N/A","#N/A",Medium,"#N/A",New,Subject_leliy,"#N/A","#N/A","#N/A","#N/A","#N/A"
3b764b38-2f46-4bcc-91ee-fa392c0080eb,"#N/A","#N/A",false,Web,"#N/A","#N/A",Medium,"#N/A",New,Subject_fkppa,"#N/A","#N/A","#N/A","#N/A","#N/A"
3b79b02b-1307-4e49-866f-d3c98b441097,"#N/A","#N/A",false,Web,"#N/A","#N/A",Medium,"#N/A",New,Subject_dkroq,"#N/A","#N/A","#N/A","#N/A","#N/A"
3b7f4375-78f0-425f-b4ad-42f234f04921,"#N/A","#N/A",false,Web,"#N/A","#N/A",Medium,"#N/A",New,Subject_cfbbw,"#N/A","#N/A","#N/A","#N/A","#N/A"
3b81b690-606a-4327-8768-6d3ead11ee28,"#N/A","#N/A",false,Web,"#N/A","#N/A",Medium,"#N/A",New,Subject_nlgzq,"#N/A","#N/A","#N/A","#N/A","#N/A"
3b862e43-bf83-424f-a869-7cf41f854254,"#N/A","#N/A",false,Web,"#N/A","#N/A",Medium,"#N/A",New,Subject_odssg,"#N/A","#N/A","#N/A","#N/A","#N/A"
3b870d9a-0f45-4e79-a144-ff5b541907a3,"#N/A","#N/A",false,Web,"#N/A","#N/A",Medium,"#N/A",New,Subject_uemrl,"#N/A","#N/A","#N/A","#N/A","#N/A"
3b89f466-b581-4052-8b79-34e5f7929051,"#N/A","#N/A",false,Web,"#N/A","#N/A",Medium,"#N/A",New,Subject_nsapx,"#N/A","#N/A","#N/A","#N/A","#N/A"
3b8c987f-e21c-4a29-b465-d782d530c389,"#N/A","#N/A",false,Web,"#N/A","#N/A",Medium,"#N/A",New,Subject_ydclk,"#N/A","#N/A","#N/A","#N/A","#N/A"
3b8dc22c-c8c7-4339-9c1a-d9a45117249c,"#N/A","#N/A",false,Web,"#N/A","#N/A",Medium,"#N/A",New,Subject_irpiu,"#N/A","#N/A","#N/A","#N/A","#N/A"
3b8de93d-cb9a-48a4-bad3-5e026cc85e63,"#N/A","#N/A",false,Web,"#N/A","#N/A",Medium,"#N/A",New,Subject_lfjsp,"#N/A","#N/A","#N/A","#N/A","#N/A"
3b90ebf3-eb7f-497d-a30f-c3aab83dc6b4,"#N/A","#N/A",false,Web,"#N/A","#N/A",Medium,"#N/A",New,Subject_dtflt,"#N/A","#N/A","#N/A","#N/A","#N/A"
3b91c382-4483-4946-b152-844e248f9d51,"#N/A","#N/A",false,Web,"#N/A","#N/A",Medium,"#N/A",New,Subject_lhfbq,"#N/A","#N/A","#N/A","#N/A","#N/A"
3b99bfca-371e-4005-9cb1-dda0c3d973d7,"#N/A","#N/A",false,Web,"#N/A","#N/A",Medium,"#N/A",New,Subject_kpvws,"#N/A","#N/A","#N/A","#N/A","#N/A"
3b9ab6ce-240b-4519-8171-860e09eada14,"#N/A","#N/A",false,Web,"#N/A","#N/A",Medium,"#N/A",New,Subject_peliz,"#N/A","#N/A","#N/A","#N/A","#N/A"
3b9ed480-9522-46b7-80dd-bfada16c207d,"#N/A","#N/A",false,Web,"#N/A","#N/A",Medium,"#N/A",New,Subject_wchdf,"#N/A","#N/A","#N/A","#N/A","#N/A"
3b9fb753-08bc-43e1-849b-ba978d823c10,"#N/A","#N/A",false,Web,"#N/A","#N/A",Medium,"#N/A",New,Subject_bfgog,"#N/A","#N/A","#N/A","#N/A","#N/A"
3ba4f916-56f9-46be-b841-055a10382148,"#N/A","#N/A",false,Web,"#N/A","#N/A",Medium,"#N/A",New,Subject_xghzt,"#N/A","#N/A","#N/A","#N/A","#N/A"
3ba74468-3f30-489c-a721-ccb61d5def8f,"#N/A","#N/A",false,Web,"#N/A","#N/A",Medium,"#N/A",New,Subject_sxwho,"#N/A","#N/A","#N/A","#N/A","#N/A"
3ba89e71-ac85-48ed-a596-7c0439ab2032,"#N/A","#N/A",false,Web,"#N/A","#N/A",Medium,"#N/A",New,Subject_glwxv,"#N/A","#N/A","#N/A","#N/A","#N/A"
3bac49a2-34f0-4ea3-959c-bf1a36ed259e,"#N/A","#N/A",false,Web,"#N/A","#N/A",Medium,"#N/A",New,Subject_nhnue,"#N/A","#N/A","#N/A","#N/A","#N/A"
3baecd5e-4d42-45ed-814b-c377a47cb53d,"#N/A","#N/A",false,Web,"#N/A","#N/A",Medium,"#N/A",New,Subject_cichw,"#N/A","#N/A","#N/A","#N/A","#N/A"
3bb2b6d9-abf9-45a4-9acb-b8d00e6e117c,"#N/A","#N/A",false,Web,"#N/A","#N/A",Medium,"#N/A",New,Subject_kgaij,"#N/A","#N/A","#N/A","#N/A","#N/A"
3bb464c5-8ffd-4dde-906b-ecf410b9cd15,"#N/A","#N/A",false,Web,"#N/A","#N/A",Medium,"#N/A",New,Subject_plabo,"#N/A","#N/A","#N/A","#N/A","#N/A"
3bb63f17-eec2-4496-a310-a056f7dd311c,"#N/A","#N/A",false,Web,"#N/A","#N/A",Medium,"#N/A",New,Subject_oyjye,"#N/A","#N/A","#N/A","#N/A","#N/A"
3bb73e86-1c32-40f7-867f-9ecfb35a1cba,"#N/A","#N/A",false,Web,"#N/A","#N/A",Medium,"#N/A",New,Subject_wjzty,"#N/A","#N/A","#N/A","#N/A","#N/A"
3bb7d414-515a-4d28-aa04-76e3d0107138,"#N/A","#N/A",false,Web,"#N/A","#N/A",Medium,"#N/A",New,Subject_rvnsh,"#N/A","#N/A","#N/A","#N/A","#N/A"
3bbeca04-4c55-46a4-956c-ef7666099dfd,"#N/A","#N/A",false,Web,"#N/A","#N/A",Medium,"#N/A",New,Subject_ohrnl,"#N/A","#N/A","#N/A","#N/A","#N/A"
3bbf5e2c-dd64-481b-aad7-375e8ccb3bb6,"#N/A","#N/A",false,Web,"#N/A","#N/A",Medium,"#N/A",New,Subject_qjujz,"#N/A","#N/A","#N/A","#N/A","#N/A"
3bc18486-da17-40bb-bdb7-bc4ade27a4c1,"#N/A","#N/A",false,Web,"#N/A","#N/A",Medium,"#N/A",New,Subject_pcsdp,"#N/A","#N/A","#N/A","#N/A","#N/A"
3bc471ad-4473-4138-aded-f508ee6d2420,"#N/A","#N/A",false,Web,"#N/A","#N/A",Medium,"#N/A",New,Subject_zoick,"#N/A","#N/A","#N/A","#N/A","#N/A"
3bd32d72-2735-4b6e-9c37-4ada170f1889,"#N/A","#N/A",false,Web,"#N/A","#N/A",Medium,"#N/A",New,Subject_locsb,"#N/A","#N/A","#N/A","#N/A","#N/A"
3bd878e4-05e9-42e9-99b7-92b0190f2092,"#N/A","#N/A",false,Web,"#N/A","#N/A",Medium,"#N/A",New,Subject_toroj,"#N/A","#N/A","#N/A","#N/A","#N/A"
3bdad5a5-5d08-4bbe-bb8c-3605b943daaf,"#N/A","#N/A",false,Web,"#N/A","#N/A",Medium,"#N/A",New,Subject_fltzw,"#N/A","#N/A","#N/A","#N/A","#N/A"
3bdbd556-2a4d-45a0-bf15-fd3beadf7592,"#N/A","#N/A",false,Web,"#N/A","#N/A",Medium,"#N/A",New,Subject_fqmxh,"#N/A","#N/A","#N/A","#N/A","#N/A"
3bdf3b75-13d6-400d-a714-25db5d5d2437,"#N/A","#N/A",false,Web,"#N/A","#N/A",Medium,"#N/A",New,Subject_euliw,"#N/A","#N/A","#N/A","#N/A","#N/A"
3bdfbdf9-8ec9-4781-a58f-b92b0793f9f9,"#N/A","#N/A",false,Web,"#N/A","#N/A",Medium,"#N/A",New,Subject_uqqqb,"#N/A","#N/A","#N/A","#N/A","#N/A"
3be1ba55-0dc2-48e8-a665-bc9605a148e8,"#N/A","#N/A",false,Web,"#N/A","#N/A",Medium,"#N/A",New,Subject_demqc,"#N/A","#N/A","#N/A","#N/A","#N/A"
3be48dbd-74c5-4e69-bbc1-f252e657c05e,"#N/A","#N/A",false,Web,"#N/A","#N/A",Medium,"#N/A",New,Subject_oaiey,"#N/A","#N/A","#N/A","#N/A","#N/A"
3be4bab2-8f0f-4e18-acf8-975892bde25f,"#N/A","#N/A",false,Web,"#N/A","#N/A",Medium,"#N/A",New,Subject_gwjbj,"#N/A","#N/A","#N/A","#N/A","#N/A"
3bea42ce-56af-4715-805a-fbd2475b437c,"#N/A","#N/A",false,Web,"#N/A","#N/A",Medium,"#N/A",New,Subject_gpots,"#N/A","#N/A","#N/A","#N/A","#N/A"
3beb64e8-f9fe-4bb1-aad9-9c64c4f9ed36,"#N/A","#N/A",false,Web,"#N/A","#N/A",Medium,"#N/A",New,Subject_arzej,"#N/A","#N/A","#N/A","#N/A","#N/A"
3befbeb4-19cb-4e3e-9718-f10f6f8cc24b,"#N/A","#N/A",false,Web,"#N/A","#N/A",Medium,"#N/A",New,Subject_uolml,"#N/A","#N/A","#N/A","#N/A","#N/A"
3bf1cc88-adca-454b-976d-9879c2233841,"#N/A","#N/A",false,Web,"#N/A","#N/A",Medium,"#N/A",New,Subject_oywes,"#N/A","#N/A","#N/A","#N/A","#N/A"
3bf295da-6044-405d-9195-ce27bb157b38,"#N/A","#N/A",false,Web,"#N/A","#N/A",Medium,"#N/A",New,Subject_eyqhj,"#N/A","#N/A","#N/A","#N/A","#N/A"
3bf2b0b3-8459-4799-9532-6f756089f883,"#N/A","#N/A",false,Web,"#N/A","#N/A",Medium,"#N/A",New,Subject_lbqvh,"#N/A","#N/A","#N/A","#N/A","#N/A"
3bf4e585-b9a8-41f2-9e24-0ad9e8653b6a,"#N/A","#N/A",false,Web,"#N/A","#N/A",Medium,"#N/A",New,Subject_hcebw,"#N/A","#N/A","#N/A","#N/A","#N/A"
3bf88064-9ec6-4d6e-ac78-8ad6252b8408,"#N/A","#N/A",false,Web,"#N/A","#N/A",Medium,"#N/A",New,Subject_fwmln,"#N/A","#N/A","#N/A","#N/A","#N/A"
3bfbd573-ed89-4404-8dc1-31ba1c93429a,"#N/A","#N/A",false,Web,"#N/A","#N/A",Medium,"#N/A",New,Subject_hjgvy,"#N/A","#N/A","#N/A","#N/A","#N/A"
3bfc3400-09aa-47c0-8ade-9a4b7ad7b7a9,"#N/A","#N/A",false,Web,"#N/A","#N/A",Medium,"#N/A",New,Subject_xzdwx,"#N/A","#N/A","#N/A","#N/A","#N/A"
3bfce65d-6d98-4154-9984-5e78a5b0343e,"#N/A","#N/A",false,Web,"#N/A","#N/A",Medium,"#N/A",New,Subject_qjnnq,"#N/A","#N/A","#N/A","#N/A","#N/A"
3c001b2f-1c48-48fa-84a5-86dc80df1eb8,"#N/A","#N/A",false,Web,"#N/A","#N/A",Medium,"#N/A",New,Subject_cvrgb,"#N/A","#N/A","#N/A","#N/A","#N/A"
3c001d96-8681-4af2-a53a-91f4e5a53f5b,"#N/A","#N/A",false,Web,"#N/A","#N/A",Medium,"#N/A",New,Subject_zwhzw,"#N/A","#N/A","#N/A","#N/A","#N/A"
3c06c393-5ce7-45e7-83c5-bc56d2b6846f,"#N/A","#N/A",false,Web,"#N/A","#N/A",Medium,"#N/A",New,Subject_natxh,"#N/A","#N/A","#N/A","#N/A","#N/A"
3c093155-a4c4-4349-a2c2-86ff8ab29218,"#N/A","#N/A",false,Web,"#N/A","#N/A",Medium,"#N/A",New,Subject_fkdvz,"#N/A","#N/A","#N/A","#N/A","#N/A"
3c0a7a88-db44-4336-97d4-33464a152316,"#N/A","#N/A",false,Web,"#N/A","#N/A",Medium,"#N/A",New,Subject_omucf,"#N/A","#N/A","#N/A","#N/A","#N/A"
3c119680-3b70-4a81-a6c0-70f3d2eaf764,"#N/A","#N/A",false,Web,"#N/A","#N/A",Medium,"#N/A",New,Subject_vwfnt,"#N/A","#N/A","#N/A","#N/A","#N/A"
3c13a8fd-8b36-4655-8bda-597515074f28,"#N/A","#N/A",false,Web,"#N/A","#N/A",Medium,"#N/A",New,Subject_oszse,"#N/A","#N/A","#N/A","#N/A","#N/A"
3c13e155-1935-4c69-9939-b1fb7dabbe7a,"#N/A","#N/A",false,Web,"#N/A","#N/A",Medium,"#N/A",New,Subject_pjxro,"#N/A","#N/A","#N/A","#N/A","#N/A"
3c1522b9-319f-4440-8d82-dd8029946706,"#N/A","#N/A",false,Web,"#N/A","#N/A",Medium,"#N/A",New,Subject_vnvey,"#N/A","#N/A","#N/A","#N/A","#N/A"
3c1599a3-98de-481d-8371-9bf6bc830501,"#N/A","#N/A",false,Web,"#N/A","#N/A",Medium,"#N/A",New,Subject_ebndv,"#N/A","#N/A","#N/A","#N/A","#N/A"
3c179397-6626-4bcc-98b9-78f57882a119,"#N/A","#N/A",false,Web,"#N/A","#N/A",Medium,"#N/A",New,Subject_zuwum,"#N/A","#N/A","#N/A","#N/A","#N/A"
3c18c784-f9a7-4d60-a895-9b6c1e3015e8,"#N/A","#N/A",false,Web,"#N/A","#N/A",Medium,"#N/A",New,Subject_hzksf,"#N/A","#N/A","#N/A","#N/A","#N/A"
3c1aa0df-af46-41e8-aeff-092095d56056,"#N/A","#N/A",false,Web,"#N/A","#N/A",Medium,"#N/A",New,Subject_ghvdg,"#N/A","#N/A","#N/A","#N/A","#N/A"
3c1e96bd-5922-4cb9-a352-d284ae9df2eb,"#N/A","#N/A",false,Web,"#N/A","#N/A",Medium,"#N/A",New,Subject_ojuhn,"#N/A","#N/A","#N/A","#N/A","#N/A"
3c204ee6-bdf2-4798-8240-39d8c9403e65,"#N/A","#N/A",false,Web,"#N/A","#N/A",Medium,"#N/A",New,Subject_rkalg,"#N/A","#N/A","#N/A","#N/A","#N/A"
3c2145aa-93c4-4468-88da-2db46dd52d68,"#N/A","#N/A",false,Web,"#N/A","#N/A",Medium,"#N/A",New,Subject_lhaiv,"#N/A","#N/A","#N/A","#N/A","#N/A"
3c255d3f-b5d1-4f54-9999-b1075a2d0fe7,"#N/A","#N/A",false,Web,"#N/A","#N/A",Medium,"#N/A",New,Subject_iskzf,"#N/A","#N/A","#N/A","#N/A","#N/A"
3c271e9c-8e99-499b-8a19-bf89be5cbf7f,"#N/A","#N/A",false,Web,"#N/A","#N/A",Medium,"#N/A",New,Subject_nsrmj,"#N/A","#N/A","#N/A","#N/A","#N/A"
3c298ad8-cbd0-4496-af3c-a5ad7bff0c6e,"#N/A","#N/A",false,Web,"#N/A","#N/A",Medium,"#N/A",New,Subject_epzrd,"#N/A","#N/A","#N/A","#N/A","#N/A"
3c2d0892-b5fa-47da-a95b-1db2af1ab3d9,"#N/A","#N/A",false,Web,"#N/A","#N/A",Medium,"#N/A",New,Subject_jqlef,"#N/A","#N/A","#N/A","#N/A","#N/A"
3c2d34ae-ed5a-4b95-a005-3d1688c45d62,"#N/A","#N/A",false,Web,"#N/A","#N/A",Medium,"#N/A",New,Subject_kpvum,"#N/A","#N/A","#N/A","#N/A","#N/A"
3c310cd3-865b-4a0d-8c27-1bc01fd9a01b,"#N/A","#N/A",false,Web,"#N/A","#N/A",Medium,"#N/A",New,Subject_wtczf,"#N/A","#N/A","#N/A","#N/A","#N/A"
3c32d36d-7ced-4e44-9b64-fb1f166dd45e,"#N/A","#N/A",false,Web,"#N/A","#N/A",Medium,"#N/A",New,Subject_nrojv,"#N/A","#N/A","#N/A","#N/A","#N/A"
3c3556d6-7ff0-443d-ad2a-fae985d67ee4,"#N/A","#N/A",false,Web,"#N/A","#N/A",Medium,"#N/A",New,Subject_dkjrj,"#N/A","#N/A","#N/A","#N/A","#N/A"
3c39384f-97a0-4a88-8b58-aecdb105d73e,"#N/A","#N/A",false,Web,"#N/A","#N/A",Medium,"#N/A",New,Subject_pwoax,"#N/A","#N/A","#N/A","#N/A","#N/A"
3c39f96f-ea44-4a31-92f9-48ed67ffb8a8,"#N/A","#N/A",false,Web,"#N/A","#N/A",Medium,"#N/A",New,Subject_kkfaq,"#N/A","#N/A","#N/A","#N/A","#N/A"
3c3bb03f-f198-4f6e-a1aa-7eb326dd5dcd,"#N/A","#N/A",false,Web,"#N/A","#N/A",Medium,"#N/A",New,Subject_xbhfs,"#N/A","#N/A","#N/A","#N/A","#N/A"
3c3e9d44-746a-4552-9ef3-6fef0963ba39,"#N/A","#N/A",false,Web,"#N/A","#N/A",Medium,"#N/A",New,Subject_pdowi,"#N/A","#N/A","#N/A","#N/A","#N/A"
3c401b5b-f4aa-4ce1-a2cc-e742552f953d,"#N/A","#N/A",false,Web,"#N/A","#N/A",Medium,"#N/A",New,Subject_ttnzh,"#N/A","#N/A","#N/A","#N/A","#N/A"
3c42bd36-f6c4-4cca-b926-931b90a16108,"#N/A","#N/A",false,Web,"#N/A","#N/A",Medium,"#N/A",New,Subject_udckp,"#N/A","#N/A","#N/A","#N/A","#N/A"
3c4a7fb3-3e8b-4cdd-9a12-6d57646b8869,"#N/A","#N/A",false,Web,"#N/A","#N/A",Medium,"#N/A",New,Subject_qevae,"#N/A","#N/A","#N/A","#N/A","#N/A"
3c4ce023-a699-49fa-afc4-b032c1851bec,"#N/A","#N/A",false,Web,"#N/A","#N/A",Medium,"#N/A",New,Subject_oubfe,"#N/A","#N/A","#N/A","#N/A","#N/A"
3c4d83aa-2f39-49aa-9691-aa2201eab52e,"#N/A","#N/A",false,Web,"#N/A","#N/A",Medium,"#N/A",New,Subject_ubxpy,"#N/A","#N/A","#N/A","#N/A","#N/A"
3c4f71f1-c835-41a6-820d-6036ac3876d3,"#N/A","#N/A",false,Web,"#N/A","#N/A",Medium,"#N/A",New,Subject_nvsqx,"#N/A","#N/A","#N/A","#N/A","#N/A"
3c511fe7-fe77-47a3-aaef-ab75a3eeb604,"#N/A","#N/A",false,Web,"#N/A","#N/A",Medium,"#N/A",New,Subject_ljyef,"#N/A","#N/A","#N/A","#N/A","#N/A"
3c5609b2-cdd5-48ca-8222-4311c1b536aa,"#N/A","#N/A",false,Web,"#N/A","#N/A",Medium,"#N/A",New,Subject_lmysq,"#N/A","#N/A","#N/A","#N/A","#N/A"
3c590117-3088-48e3-87b7-43ac501d48b2,"#N/A","#N/A",false,Web,"#N/A","#N/A",Medium,"#N/A",New,Subject_lgsdb,"#N/A","#N/A","#N/A","#N/A","#N/A"
3c5dcd92-0b73-4e3f-bb44-8425963d9455,"#N/A","#N/A",false,Web,"#N/A","#N/A",Medium,"#N/A",New,Subject_cztyc,"#N/A","#N/A","#N/A","#N/A","#N/A"
3c5f158f-c02e-4b00-bef0-097cefec8777,"#N/A","#N/A",false,Web,"#N/A","#N/A",Medium,"#N/A",New,Subject_ueyic,"#N/A","#N/A","#N/A","#N/A","#N/A"
3c5f28ce-6bd6-4a2b-8ebd-14e174763909,"#N/A","#N/A",false,Web,"#N/A","#N/A",Medium,"#N/A",New,Subject_kgtkw,"#N/A","#N/A","#N/A","#N/A","#N/A"
3c5f38e7-819c-46cb-a75a-331f6105b37d,"#N/A","#N/A",false,Web,"#N/A","#N/A",Medium,"#N/A",New,Subject_enmiq,"#N/A","#N/A","#N/A","#N/A","#N/A"
3c5f95e6-f290-421b-bb87-3f390b1cf31a,"#N/A","#N/A",false,Web,"#N/A","#N/A",Medium,"#N/A",New,Subject_sbfpw,"#N/A","#N/A","#N/A","#N/A","#N/A"
3c602062-d294-43d4-8144-733971537102,"#N/A","#N/A",false,Web,"#N/A","#N/A",Medium,"#N/A",New,Subject_xuxvx,"#N/A","#N/A","#N/A","#N/A","#N/A"
3c62094e-1907-4483-a4c9-288093e11bea,"#N/A","#N/A",false,Web,"#N/A","#N/A",Medium,"#N/A",New,Subject_hcahl,"#N/A","#N/A","#N/A","#N/A","#N/A"
3c635bd3-b9ba-4183-87c6-056c9d361dd4,"#N/A","#N/A",false,Web,"#N/A","#N/A",Medium,"#N/A",New,Subject_rtquf,"#N/A","#N/A","#N/A","#N/A","#N/A"
3c66ec00-370a-4d6f-a733-906901494c08,"#N/A","#N/A",false,Web,"#N/A","#N/A",Medium,"#N/A",New,Subject_clffd,"#N/A","#N/A","#N/A","#N/A","#N/A"
3c68eb86-2cd3-43fd-8c25-ea7a8acedb1b,"#N/A","#N/A",false,Web,"#N/A","#N/A",Medium,"#N/A",New,Subject_ljald,"#N/A","#N/A","#N/A","#N/A","#N/A"
3c6a4b77-4b5b-49ef-8876-21ab54efe596,"#N/A","#N/A",false,Web,"#N/A","#N/A",Medium,"#N/A",New,Subject_igwsm,"#N/A","#N/A","#N/A","#N/A","#N/A"
3c6c8523-5ebd-461a-9da9-2b9db5263288,"#N/A","#N/A",false,Web,"#N/A","#N/A",Medium,"#N/A",New,Subject_htvpz,"#N/A","#N/A","#N/A","#N/A","#N/A"
3c6fbf59-c821-4f5a-b9a8-66b17b868062,"#N/A","#N/A",false,Web,"#N/A","#N/A",Medium,"#N/A",New,Subject_fhuzi,"#N/A","#N/A","#N/A","#N/A","#N/A"
3c6ff7e3-130b-4c78-937a-450a3fd5c164,"#N/A","#N/A",false,Web,"#N/A","#N/A",Medium,"#N/A",New,Subject_vnndj,"#N/A","#N/A","#N/A","#N/A","#N/A"
3c718ecd-0330-4a41-89a9-fbd3dc666022,"#N/A","#N/A",false,Web,"#N/A","#N/A",Medium,"#N/A",New,Subject_ekxmq,"#N/A","#N/A","#N/A","#N/A","#N/A"
3c730182-6fae-4fda-bfda-d710943244c4,"#N/A","#N/A",false,Web,"#N/A","#N/A",Medium,"#N/A",New,Subject_wrbvo,"#N/A","#N/A","#N/A","#N/A","#N/A"
3c75343d-4e0d-40ba-8f05-dceb1ec37688,"#N/A","#N/A",false,Web,"#N/A","#N/A",Medium,"#N/A",New,Subject_psipv,"#N/A","#N/A","#N/A","#N/A","#N/A"
3c75d739-0e2a-48b6-b2f9-6252e187afeb,"#N/A","#N/A",false,Web,"#N/A","#N/A",Medium,"#N/A",New,Subject_qdtsy,"#N/A","#N/A","#N/A","#N/A","#N/A"
3c771a16-7f76-4edb-be6e-1a68108b54bd,"#N/A","#N/A",false,Web,"#N/A","#N/A",Medium,"#N/A",New,Subject_gehwm,"#N/A","#N/A","#N/A","#N/A","#N/A"
3c8007cc-c442-43a0-9ba8-1954d4a3ca02,"#N/A","#N/A",false,Web,"#N/A","#N/A",Medium,"#N/A",New,Subject_rstgo,"#N/A","#N/A","#N/A","#N/A","#N/A"
3c890443-7e03-43b2-8ba2-c5a6a372c37a,"#N/A","#N/A",false,Web,"#N/A","#N/A",Medium,"#N/A",New,Subject_impsz,"#N/A","#N/A","#N/A","#N/A","#N/A"
3c8acf0c-1605-4624-9269-b4a67de233a2,"#N/A","#N/A",false,Web,"#N/A","#N/A",Medium,"#N/A",New,Subject_wiywi,"#N/A","#N/A","#N/A","#N/A","#N/A"
3c8b066e-af37-4c07-bd98-e01debae6ad1,"#N/A","#N/A",false,Web,"#N/A","#N/A",Medium,"#N/A",New,Subject_wtwmb,"#N/A","#N/A","#N/A","#N/A","#N/A"
3c8d5c0d-897a-493c-ab40-37ef4de38fc9,"#N/A","#N/A",false,Web,"#N/A","#N/A",Medium,"#N/A",New,Subject_pxcxk,"#N/A","#N/A","#N/A","#N/A","#N/A"
3c98f095-982f-4916-b31a-16366bed981f,"#N/A","#N/A",false,Web,"#N/A","#N/A",Medium,"#N/A",New,Subject_pnxpv,"#N/A","#N/A","#N/A","#N/A","#N/A"
3c9a5d77-168a-4411-89e5-7394b37f2ef3,"#N/A","#N/A",false,Web,"#N/A","#N/A",Medium,"#N/A",New,Subject_idoab,"#N/A","#N/A","#N/A","#N/A","#N/A"
3c9c4aeb-77d8-471c-82a5-d269f2751894,"#N/A","#N/A",false,Web,"#N/A","#N/A",Medium,"#N/A",New,Subject_bzdwv,"#N/A","#N/A","#N/A","#N/A","#N/A"
3c9d1145-f793-4ac6-aba1-e4560e752961,"#N/A","#N/A",false,Web,"#N/A","#N/A",Medium,"#N/A",New,Subject_ikahh,"#N/A","#N/A","#N/A","#N/A","#N/A"
3ca2fe96-6003-4e6a-9b83-fb6ac4686f5d,"#N/A","#N/A",false,Web,"#N/A","#N/A",Medium,"#N/A",New,Subject_gpanf,"#N/A","#N/A","#N/A","#N/A","#N/A"
3ca416f4-e246-43ea-bbaa-29e680de0795,"#N/A","#N/A",false,Web,"#N/A","#N/A",Medium,"#N/A",New,Subject_tgqcp,"#N/A","#N/A","#N/A","#N/A","#N/A"
3ca588fd-b0f1-4b54-ba97-1ed1344f98bb,"#N/A","#N/A",false,Web,"#N/A","#N/A",Medium,"#N/A",New,Subject_nhwyp,"#N/A","#N/A","#N/A","#N/A","#N/A"
3ca81d0e-4ec3-4774-88f0-ac2bb9fce942,"#N/A","#N/A",false,Web,"#N/A","#N/A",Medium,"#N/A",New,Subject_xclcr,"#N/A","#N/A","#N/A","#N/A","#N/A"
3caa8765-6d2f-4f49-980a-fdbc4056b613,"#N/A","#N/A",false,Web,"#N/A","#N/A",Medium,"#N/A",New,Subject_sbxhz,"#N/A","#N/A","#N/A","#N/A","#N/A"
3caea2e9-da67-4386-bd7c-dc23aa12e2ef,"#N/A","#N/A",false,Web,"#N/A","#N/A",Medium,"#N/A",New,Subject_ifwcn,"#N/A","#N/A","#N/A","#N/A","#N/A"
3cb306be-7a41-4643-a3f2-91daef023f7f,"#N/A","#N/A",false,Web,"#N/A","#N/A",Medium,"#N/A",New,Subject_jklxv,"#N/A","#N/A","#N/A","#N/A","#N/A"
3cb6eefb-3403-40c9-8676-5c8924bcff36,"#N/A","#N/A",false,Web,"#N/A","#N/A",Medium,"#N/A",New,Subject_steds,"#N/A","#N/A","#N/A","#N/A","#N/A"
3cb85eeb-09c8-4900-8700-02b9da5cad4e,"#N/A","#N/A",false,Web,"#N/A","#N/A",Medium,"#N/A",New,Subject_izide,"#N/A","#N/A","#N/A","#N/A","#N/A"
3cba6ab0-af6b-4707-b663-62da2dbc5ed2,"#N/A","#N/A",false,Web,"#N/A","#N/A",Medium,"#N/A",New,Subject_sekdk,"#N/A","#N/A","#N/A","#N/A","#N/A"
3cbc049e-757d-43ca-b7d5-6644763e1c9c,"#N/A","#N/A",false,Web,"#N/A","#N/A",Medium,"#N/A",New,Subject_vwvnx,"#N/A","#N/A","#N/A","#N/A","#N/A"
3cc16485-68d5-4961-b395-68f08a5b3957,"#N/A","#N/A",false,Web,"#N/A","#N/A",Medium,"#N/A",New,Subject_vlxdb,"#N/A","#N/A","#N/A","#N/A","#N/A"
3cc1c305-e8b7-4d48-9d05-4ffe98c5407b,"#N/A","#N/A",false,Web,"#N/A","#N/A",Medium,"#N/A",New,Subject_aaqqs,"#N/A","#N/A","#N/A","#N/A","#N/A"
3cc32f23-939b-45d9-9824-13f423ae560e,"#N/A","#N/A",false,Web,"#N/A","#N/A",Medium,"#N/A",New,Subject_dwkem,"#N/A","#N/A","#N/A","#N/A","#N/A"
3cc38608-0698-4288-afeb-12e7ec0b6e12,"#N/A","#N/A",false,Web,"#N/A","#N/A",Medium,"#N/A",New,Subject_qjdct,"#N/A","#N/A","#N/A","#N/A","#N/A"
3cc6bc43-979e-45da-aea3-c484ba0a7e44,"#N/A","#N/A",false,Web,"#N/A","#N/A",Medium,"#N/A",New,Subject_kccis,"#N/A","#N/A","#N/A","#N/A","#N/A"
3cc88a51-8363-427f-bcc0-69822d05dcc2,"#N/A","#N/A",false,Web,"#N/A","#N/A",Medium,"#N/A",New,Subject_dhalc,"#N/A","#N/A","#N/A","#N/A","#N/A"
3ccd26e3-4210-4786-8212-a04f5399834b,"#N/A","#N/A",false,Web,"#N/A","#N/A",Medium,"#N/A",New,Subject_eprlk,"#N/A","#N/A","#N/A","#N/A","#N/A"
3cd012cb-aff8-46fb-90ec-4a53fef6a74a,"#N/A","#N/A",false,Web,"#N/A","#N/A",Medium,"#N/A",New,Subject_uhatt,"#N/A","#N/A","#N/A","#N/A","#N/A"
3cd10c02-cf29-4155-ba66-002c833de604,"#N/A","#N/A",false,Web,"#N/A","#N/A",Medium,"#N/A",New,Subject_rincw,"#N/A","#N/A","#N/A","#N/A","#N/A"
3cd38fb0-40d3-4036-bd1d-4433f80c6436,"#N/A","#N/A",false,Web,"#N/A","#N/A",Medium,"#N/A",New,Subject_zeqnh,"#N/A","#N/A","#N/A","#N/A","#N/A"
3cd4d2e7-f9dc-4749-8eb6-6c22bfc318d4,"#N/A","#N/A",false,Web,"#N/A","#N/A",Medium,"#N/A",New,Subject_qwhkv,"#N/A","#N/A","#N/A","#N/A","#N/A"
3cd78906-3c37-44f5-a2eb-441d2ad4792d,"#N/A","#N/A",false,Web,"#N/A","#N/A",Medium,"#N/A",New,Subject_yjehu,"#N/A","#N/A","#N/A","#N/A","#N/A"
3cd84b95-80b8-4e00-a5b0-dd39119e7587,"#N/A","#N/A",false,Web,"#N/A","#N/A",Medium,"#N/A",New,Subject_bkklb,"#N/A","#N/A","#N/A","#N/A","#N/A"
3cd9b7c0-6cc5-44a3-8672-f0272e7bff43,"#N/A","#N/A",false,Web,"#N/A","#N/A",Medium,"#N/A",New,Subject_ldrst,"#N/A","#N/A","#N/A","#N/A","#N/A"
3cd9eca3-b0da-43b2-8aa4-96a72e55cc32,"#N/A","#N/A",false,Web,"#N/A","#N/A",Medium,"#N/A",New,Subject_sasim,"#N/A","#N/A","#N/A","#N/A","#N/A"
3cda0155-6ad4-4b93-9314-e53d84c1a7df,"#N/A","#N/A",false,Web,"#N/A","#N/A",Medium,"#N/A",New,Subject_thxeo,"#N/A","#N/A","#N/A","#N/A","#N/A"
3cdb08a6-f5cf-48bf-b515-b4de75c09ae4,"#N/A","#N/A",false,Web,"#N/A","#N/A",Medium,"#N/A",New,Subject_mezbj,"#N/A","#N/A","#N/A","#N/A","#N/A"
3cdd24d2-aba5-493d-9ed7-17ddad529f38,"#N/A","#N/A",false,Web,"#N/A","#N/A",Medium,"#N/A",New,Subject_djxar,"#N/A","#N/A","#N/A","#N/A","#N/A"
3cde78bf-d5aa-49de-9e08-78eb5feba687,"#N/A","#N/A",false,Web,"#N/A","#N/A",Medium,"#N/A",New,Subject_dtrfy,"#N/A","#N/A","#N/A","#N/A","#N/A"
3cdf2390-27ac-40cb-881a-61708f9e86b7,"#N/A","#N/A",false,Web,"#N/A","#N/A",Medium,"#N/A",New,Subject_ovfxo,"#N/A","#N/A","#N/A","#N/A","#N/A"
3cdf72f0-8b9c-4a70-b211-cf9f4ce5d42d,"#N/A","#N/A",false,Web,"#N/A","#N/A",Medium,"#N/A",New,Subject_qjtxt,"#N/A","#N/A","#N/A","#N/A","#N/A"
3ce03e5c-3d90-43b4-80b4-72cbb543a87b,"#N/A","#N/A",false,Web,"#N/A","#N/A",Medium,"#N/A",New,Subject_vvvxh,"#N/A","#N/A","#N/A","#N/A","#N/A"
3ce13227-aa2a-440b-9d52-74f5ac763a5a,"#N/A","#N/A",false,Web,"#N/A","#N/A",Medium,"#N/A",New,Subject_krcid,"#N/A","#N/A","#N/A","#N/A","#N/A"
3ce3e23f-959f-4dd3-a779-e1f9ef830061,"#N/A","#N/A",false,Web,"#N/A","#N/A",Medium,"#N/A",New,Subject_edvxo,"#N/A","#N/A","#N/A","#N/A","#N/A"
3ce5e61d-8521-46d2-aaea-9328241603ef,"#N/A","#N/A",false,Web,"#N/A","#N/A",Medium,"#N/A",New,Subject_cdmji,"#N/A","#N/A","#N/A","#N/A","#N/A"
3ce6aceb-4d21-4ff8-9de0-1e0c9f3163f2,"#N/A","#N/A",false,Web,"#N/A","#N/A",Medium,"#N/A",New,Subject_khvsq,"#N/A","#N/A","#N/A","#N/A","#N/A"
3cea4131-56bf-40f7-8c45-a3c52cd5b44e,"#N/A","#N/A",false,Web,"#N/A","#N/A",Medium,"#N/A",New,Subject_hgkvb,"#N/A","#N/A","#N/A","#N/A","#N/A"
3cea9a34-5456-41ea-81ae-411b7bf90e56,"#N/A","#N/A",false,Web,"#N/A","#N/A",Medium,"#N/A",New,Subject_nijmj,"#N/A","#N/A","#N/A","#N/A","#N/A"
3ceaf1a1-7455-4529-a94e-92e00ab1ce13,"#N/A","#N/A",false,Web,"#N/A","#N/A",Medium,"#N/A",New,Subject_nmieh,"#N/A","#N/A","#N/A","#N/A","#N/A"
3ceeeff5-899e-4e88-b424-4798a4d05c08,"#N/A","#N/A",false,Web,"#N/A","#N/A",Medium,"#N/A",New,Subject_chlhy,"#N/A","#N/A","#N/A","#N/A","#N/A"
3cef5c16-505e-41c3-9a6d-59d59df2dbbc,"#N/A","#N/A",false,Web,"#N/A","#N/A",Medium,"#N/A",New,Subject_helgg,"#N/A","#N/A","#N/A","#N/A","#N/A"
3cef90ad-2762-4a2e-83ac-14a0b0fa4ec1,"#N/A","#N/A",false,Web,"#N/A","#N/A",Medium,"#N/A",New,Subject_mlrhm,"#N/A","#N/A","#N/A","#N/A","#N/A"
3cf01285-49b3-4e78-8b64-7ada3294add1,"#N/A","#N/A",false,Web,"#N/A","#N/A",Medium,"#N/A",New,Subject_btpab,"#N/A","#N/A","#N/A","#N/A","#N/A"
3cf11cce-b17b-4abb-9c68-dbad4e409b95,"#N/A","#N/A",false,Web,"#N/A","#N/A",Medium,"#N/A",New,Subject_afpbn,"#N/A","#N/A","#N/A","#N/A","#N/A"
3cf54896-c111-494f-b1a3-563d80d8d21f,"#N/A","#N/A",false,Web,"#N/A","#N/A",Medium,"#N/A",New,Subject_hlomh,"#N/A","#N/A","#N/A","#N/A","#N/A"
3cf614e0-4fc5-489e-84b8-ee47144bf7d9,"#N/A","#N/A",false,Web,"#N/A","#N/A",Medium,"#N/A",New,Subject_kpcae,"#N/A","#N/A","#N/A","#N/A","#N/A"
3cf8c27f-90b6-48d4-aad6-bc45c18553a0,"#N/A","#N/A",false,Web,"#N/A","#N/A",Medium,"#N/A",New,Subject_ukodf,"#N/A","#N/A","#N/A","#N/A","#N/A"
3cfc8417-94ef-455f-809f-5f8e7a393b31,"#N/A","#N/A",false,Web,"#N/A","#N/A",Medium,"#N/A",New,Subject_hmuiw,"#N/A","#N/A","#N/A","#N/A","#N/A"
3cfe9d46-9458-45eb-a0db-93fc9e61b535,"#N/A","#N/A",false,Web,"#N/A","#N/A",Medium,"#N/A",New,Subject_fqgyg,"#N/A","#N/A","#N/A","#N/A","#N/A"
3cffa5e2-6ba3-4c38-b9a5-6b848032657b,"#N/A","#N/A",false,Web,"#N/A","#N/A",Medium,"#N/A",New,Subject_hkmet,"#N/A","#N/A","#N/A","#N/A","#N/A"
3d067891-e0c9-4e8d-97bf-24c6696c23fc,"#N/A","#N/A",false,Web,"#N/A","#N/A",Medium,"#N/A",New,Subject_ndiuy,"#N/A","#N/A","#N/A","#N/A","#N/A"
3d0921d2-f44c-42bb-bf38-86b8c460e70f,"#N/A","#N/A",false,Web,"#N/A","#N/A",Medium,"#N/A",New,Subject_oglmo,"#N/A","#N/A","#N/A","#N/A","#N/A"
3d0c4b7c-7097-4930-8459-f2bf8f73f4ee,"#N/A","#N/A",false,Web,"#N/A","#N/A",Medium,"#N/A",New,Subject_vzopd,"#N/A","#N/A","#N/A","#N/A","#N/A"
3d0cf725-68c4-471f-8466-471d69ab374d,"#N/A","#N/A",false,Web,"#N/A","#N/A",Medium,"#N/A",New,Subject_bzuct,"#N/A","#N/A","#N/A","#N/A","#N/A"
3d131cec-315c-4d96-82cf-a5964874375c,"#N/A","#N/A",false,Web,"#N/A","#N/A",Medium,"#N/A",New,Subject_idlbc,"#N/A","#N/A","#N/A","#N/A","#N/A"
3d18641e-4e89-4e73-8f50-72691babca5a,"#N/A","#N/A",false,Web,"#N/A","#N/A",Medium,"#N/A",New,Subject_iylbe,"#N/A","#N/A","#N/A","#N/A","#N/A"
3d18c6fa-33d9-4318-8ff5-17961c2bad2e,"#N/A","#N/A",false,Web,"#N/A","#N/A",Medium,"#N/A",New,Subject_emvuh,"#N/A","#N/A","#N/A","#N/A","#N/A"
3d1d8709-e282-4fc9-821b-df16dbff7d01,"#N/A","#N/A",false,Web,"#N/A","#N/A",Medium,"#N/A",New,Subject_fntdn,"#N/A","#N/A","#N/A","#N/A","#N/A"
3d1e87b5-f5c5-4e67-8b4d-b7b33bc5abf6,"#N/A","#N/A",false,Web,"#N/A","#N/A",Medium,"#N/A",New,Subject_fylzo,"#N/A","#N/A","#N/A","#N/A","#N/A"
3d200b91-730b-4057-8e78-bb0d31e0f491,"#N/A","#N/A",false,Web,"#N/A","#N/A",Medium,"#N/A",New,Subject_pqcyw,"#N/A","#N/A","#N/A","#N/A","#N/A"
3d218435-5f9d-47aa-953f-cea5db9e4135,"#N/A","#N/A",false,Web,"#N/A","#N/A",Medium,"#N/A",New,Subject_ryjue,"#N/A","#N/A","#N/A","#N/A","#N/A"
3d24b4e8-6748-412b-8f45-f19c96afd809,"#N/A","#N/A",false,Web,"#N/A","#N/A",Medium,"#N/A",New,Subject_paqtz,"#N/A","#N/A","#N/A","#N/A","#N/A"
3d28c34c-0034-4cb3-a900-c8b6e7d7d04c,"#N/A","#N/A",false,Web,"#N/A","#N/A",Medium,"#N/A",New,Subject_xuzzb,"#N/A","#N/A","#N/A","#N/A","#N/A"
3d308c8e-4c6c-492b-a28a-d8de752d23c5,"#N/A","#N/A",false,Web,"#N/A","#N/A",Medium,"#N/A",New,Subject_zlmst,"#N/A","#N/A","#N/A","#N/A","#N/A"
3d342c0f-6ed6-4eb3-ad66-06561e9830a4,"#N/A","#N/A",false,Web,"#N/A","#N/A",Medium,"#N/A",New,Subject_edrdk,"#N/A","#N/A","#N/A","#N/A","#N/A"
3d384755-bd01-4279-8e82-889face4af9e,"#N/A","#N/A",false,Web,"#N/A","#N/A",Medium,"#N/A",New,Subject_gjioc,"#N/A","#N/A","#N/A","#N/A","#N/A"
3d38cbf0-9002-4a4f-ab1b-177ae44ee5aa,"#N/A","#N/A",false,Web,"#N/A","#N/A",Medium,"#N/A",New,Subject_jijgd,"#N/A","#N/A","#N/A","#N/A","#N/A"
3d3a1fc4-7c5b-4d2d-8d5f-04e79ecd0cf8,"#N/A","#N/A",false,Web,"#N/A","#N/A",Medium,"#N/A",New,Subject_iohek,"#N/A","#N/A","#N/A","#N/A","#N/A"
3d3dda5c-004d-403d-8de6-8d32f3084286,"#N/A","#N/A",false,Web,"#N/A","#N/A",Medium,"#N/A",New,Subject_cnlqo,"#N/A","#N/A","#N/A","#N/A","#N/A"
3d444d6f-931c-419b-8741-a980b87babe6,"#N/A","#N/A",false,Web,"#N/A","#N/A",Medium,"#N/A",New,Subject_nzxol,"#N/A","#N/A","#N/A","#N/A","#N/A"
3d45f7d9-5148-4558-93ae-1012e78b1c73,"#N/A","#N/A",false,Web,"#N/A","#N/A",Medium,"#N/A",New,Subject_jubsk,"#N/A","#N/A","#N/A","#N/A","#N/A"
3d48b96d-5a55-420b-9060-d689e99c393f,"#N/A","#N/A",false,Web,"#N/A","#N/A",Medium,"#N/A",New,Subject_weehw,"#N/A","#N/A","#N/A","#N/A","#N/A"
3d4a40a4-425f-410d-92f4-7b2a7834d5fa,"#N/A","#N/A",false,Web,"#N/A","#N/A",Medium,"#N/A",New,Subject_xzbji,"#N/A","#N/A","#N/A","#N/A","#N/A"
3d4a774f-edba-4b80-982e-67d5340d223c,"#N/A","#N/A",false,Web,"#N/A","#N/A",Medium,"#N/A",New,Subject_gspxo,"#N/A","#N/A","#N/A","#N/A","#N/A"
3d4c87a8-00eb-4aea-b34c-1494dcf744da,"#N/A","#N/A",false,Web,"#N/A","#N/A",Medium,"#N/A",New,Subject_puvnm,"#N/A","#N/A","#N/A","#N/A","#N/A"
3d52db6d-5081-44aa-88bf-5ba208df3a61,"#N/A","#N/A",false,Web,"#N/A","#N/A",Medium,"#N/A",New,Subject_smnza,"#N/A","#N/A","#N/A","#N/A","#N/A"
3d5572ae-d36d-472e-9e5d-f2af16d5d6c9,"#N/A","#N/A",false,Web,"#N/A","#N/A",Medium,"#N/A",New,Subject_uqrbz,"#N/A","#N/A","#N/A","#N/A","#N/A"
3d571b3e-6a42-4246-a59b-762d4486399d,"#N/A","#N/A",false,Web,"#N/A","#N/A",Medium,"#N/A",New,Subject_gucnh,"#N/A","#N/A","#N/A","#N/A","#N/A"
3d58033c-677f-46ec-a940-fca764f50a94,"#N/A","#N/A",false,Web,"#N/A","#N/A",Medium,"#N/A",New,Subject_ysvel,"#N/A","#N/A","#N/A","#N/A","#N/A"
3d591edc-9d67-4dbd-8639-89db12fdb679,"#N/A","#N/A",false,Web,"#N/A","#N/A",Medium,"#N/A",New,Subject_xtckd,"#N/A","#N/A","#N/A","#N/A","#N/A"
3d5f5d6b-3a82-4e8e-9000-29290546ccd7,"#N/A","#N/A",false,Web,"#N/A","#N/A",Medium,"#N/A",New,Subject_zsnnj,"#N/A","#N/A","#N/A","#N/A","#N/A"
3d602992-52af-4e1b-b87d-4b3967490646,"#N/A","#N/A",false,Web,"#N/A","#N/A",Medium,"#N/A",New,Subject_zvcnz,"#N/A","#N/A","#N/A","#N/A","#N/A"
3d65edba-5d45-4587-a2f5-c7c604c42cd9,"#N/A","#N/A",false,Web,"#N/A","#N/A",Medium,"#N/A",New,Subject_eywho,"#N/A","#N/A","#N/A","#N/A","#N/A"
3d6b88b1-ee4d-468d-a2ea-584d41e6f82c,"#N/A","#N/A",false,Web,"#N/A","#N/A",Medium,"#N/A",New,Subject_oncgi,"#N/A","#N/A","#N/A","#N/A","#N/A"
3d72f133-f919-4b8e-979b-6b88a54ae7b0,"#N/A","#N/A",false,Web,"#N/A","#N/A",Medium,"#N/A",New,Subject_fihms,"#N/A","#N/A","#N/A","#N/A","#N/A"
3d73c9c7-4af0-4307-87ad-240dcd41c15b,"#N/A","#N/A",false,Web,"#N/A","#N/A",Medium,"#N/A",New,Subject_mfqxe,"#N/A","#N/A","#N/A","#N/A","#N/A"
3d7552b4-89ee-4481-9dde-b1ae1f7b8a48,"#N/A","#N/A",false,Web,"#N/A","#N/A",Medium,"#N/A",New,Subject_lacda,"#N/A","#N/A","#N/A","#N/A","#N/A"
3d7646df-de1e-4b55-82f4-46d40f70d629,"#N/A","#N/A",false,Web,"#N/A","#N/A",Medium,"#N/A",New,Subject_vhrzy,"#N/A","#N/A","#N/A","#N/A","#N/A"
3d7759ea-5a01-42df-a0da-018cfae4e10c,"#N/A","#N/A",false,Web,"#N/A","#N/A",Medium,"#N/A",New,Subject_duysh,"#N/A","#N/A","#N/A","#N/A","#N/A"
3d78f25f-d88d-4ffc-a694-cc2967b457fc,"#N/A","#N/A",false,Web,"#N/A","#N/A",Medium,"#N/A",New,Subject_copxt,"#N/A","#N/A","#N/A","#N/A","#N/A"
3d790622-c94d-4c30-ba02-abe0f1080c84,"#N/A","#N/A",false,Web,"#N/A","#N/A",Medium,"#N/A",New,Subject_odgjh,"#N/A","#N/A","#N/A","#N/A","#N/A"
3d791f46-5602-4300-abb0-849e8ab753cf,"#N/A","#N/A",false,Web,"#N/A","#N/A",Medium,"#N/A",New,Subject_kcgzq,"#N/A","#N/A","#N/A","#N/A","#N/A"
3d7986aa-0bba-4760-ba94-442dca0131a7,"#N/A","#N/A",false,Web,"#N/A","#N/A",Medium,"#N/A",New,Subject_zjqsk,"#N/A","#N/A","#N/A","#N/A","#N/A"
3d7a44a4-f674-4a87-b055-e5f4d7a62085,"#N/A","#N/A",false,Web,"#N/A","#N/A",Medium,"#N/A",New,Subject_reaql,"#N/A","#N/A","#N/A","#N/A","#N/A"
3d7a79fd-77b2-4d85-b6a7-ea3161fc9991,"#N/A","#N/A",false,Web,"#N/A","#N/A",Medium,"#N/A",New,Subject_cedbm,"#N/A","#N/A","#N/A","#N/A","#N/A"
3d7abe9d-280c-4d24-872c-f50573f29013,"#N/A","#N/A",false,Web,"#N/A","#N/A",Medium,"#N/A",New,Subject_womzm,"#N/A","#N/A","#N/A","#N/A","#N/A"
3d7c62eb-c7a2-495c-abe9-bc48f092b657,"#N/A","#N/A",false,Web,"#N/A","#N/A",Medium,"#N/A",New,Subject_vokby,"#N/A","#N/A","#N/A","#N/A","#N/A"
3d7d7c0c-e5ed-4e02-b43a-c83b9cc83823,"#N/A","#N/A",false,Web,"#N/A","#N/A",Medium,"#N/A",New,Subject_fjorc,"#N/A","#N/A","#N/A","#N/A","#N/A"
3d7dfc9f-d53f-4fb6-bb1b-6e5d698e2f5e,"#N/A","#N/A",false,Web,"#N/A","#N/A",Medium,"#N/A",New,Subject_fseil,"#N/A","#N/A","#N/A","#N/A","#N/A"
3d7f90a6-019a-4c98-a654-6e21cee1cf3e,"#N/A","#N/A",false,Web,"#N/A","#N/A",Medium,"#N/A",New,Subject_dwlqe,"#N/A","#N/A","#N/A","#N/A","#N/A"
3d7fcf85-58f9-4dc7-9759-345b87218f18,"#N/A","#N/A",false,Web,"#N/A","#N/A",Medium,"#N/A",New,Subject_imcpy,"#N/A","#N/A","#N/A","#N/A","#N/A"
3d8114f1-64be-4d7c-858c-bccb9d6d8ecc,"#N/A","#N/A",false,Web,"#N/A","#N/A",Medium,"#N/A",New,Subject_aikys,"#N/A","#N/A","#N/A","#N/A","#N/A"
3d83256d-0a7f-4791-bb54-122932ad3d2c,"#N/A","#N/A",false,Web,"#N/A","#N/A",Medium,"#N/A",New,Subject_cbvck,"#N/A","#N/A","#N/A","#N/A","#N/A"
3d84aa7a-5666-4d5f-ad91-58f186ddf45e,"#N/A","#N/A",false,Web,"#N/A","#N/A",Medium,"#N/A",New,Subject_aktuj,"#N/A","#N/A","#N/A","#N/A","#N/A"
3d87dc27-6628-4f62-8cc3-60c39ab5773a,"#N/A","#N/A",false,Web,"#N/A","#N/A",Medium,"#N/A",New,Subject_aodbz,"#N/A","#N/A","#N/A","#N/A","#N/A"
3d95a0b7-02dd-4eb6-8952-773760399b4f,"#N/A","#N/A",false,Web,"#N/A","#N/A",Medium,"#N/A",New,Subject_hkzjd,"#N/A","#N/A","#N/A","#N/A","#N/A"
3d962345-bca4-42f2-b43a-38b1d6b1b499,"#N/A","#N/A",false,Web,"#N/A","#N/A",Medium,"#N/A",New,Subject_dgzcg,"#N/A","#N/A","#N/A","#N/A","#N/A"
3d96275c-6533-4f29-aa10-7eec42ba8523,"#N/A","#N/A",false,Web,"#N/A","#N/A",Medium,"#N/A",New,Subject_sacuo,"#N/A","#N/A","#N/A","#N/A","#N/A"
3d96b870-96c9-4341-a22f-fd90854fda44,"#N/A","#N/A",false,Web,"#N/A","#N/A",Medium,"#N/A",New,Subject_mtwlx,"#N/A","#N/A","#N/A","#N/A","#N/A"
3d97c430-18bf-4c44-813c-0edb5a8378ff,"#N/A","#N/A",false,Web,"#N/A","#N/A",Medium,"#N/A",New,Subject_wmfpf,"#N/A","#N/A","#N/A","#N/A","#N/A"
3d996ffe-d139-4849-8fcd-0bd6349813ee,"#N/A","#N/A",false,Web,"#N/A","#N/A",Medium,"#N/A",New,Subject_qnfrn,"#N/A","#N/A","#N/A","#N/A","#N/A"
3d9cfe72-094a-4f42-8c67-f41758186970,"#N/A","#N/A",false,Web,"#N/A","#N/A",Medium,"#N/A",New,Subject_yxnyn,"#N/A","#N/A","#N/A","#N/A","#N/A"
3d9e4995-e9a1-4aff-8c1a-18f766485316,"#N/A","#N/A",false,Web,"#N/A","#N/A",Medium,"#N/A",New,Subject_dplta,"#N/A","#N/A","#N/A","#N/A","#N/A"
3d9e7f92-0eb3-4766-bebd-52c477d41dfa,"#N/A","#N/A",false,Web,"#N/A","#N/A",Medium,"#N/A",New,Subject_dezhd,"#N/A","#N/A","#N/A","#N/A","#N/A"
3d9fd55c-3117-4fd2-8117-a51ac4e6a84b,"#N/A","#N/A",false,Web,"#N/A","#N/A",Medium,"#N/A",New,Subject_cudrk,"#N/A","#N/A","#N/A","#N/A","#N/A"
3da6637a-dfe8-4fe3-b163-b75251b3163a,"#N/A","#N/A",false,Web,"#N/A","#N/A",Medium,"#N/A",New,Subject_hyasl,"#N/A","#N/A","#N/A","#N/A","#N/A"
3da7c180-a82b-4765-8e4e-8d0052913e76,"#N/A","#N/A",false,Web,"#N/A","#N/A",Medium,"#N/A",New,Subject_foqml,"#N/A","#N/A","#N/A","#N/A","#N/A"
3da87794-a07a-46d1-8c9f-692999bb749f,"#N/A","#N/A",false,Web,"#N/A","#N/A",Medium,"#N/A",New,Subject_glmlt,"#N/A","#N/A","#N/A","#N/A","#N/A"
3daa4981-4e70-44c0-9684-2903ca207ae4,"#N/A","#N/A",false,Web,"#N/A","#N/A",Medium,"#N/A",New,Subject_xcdsu,"#N/A","#N/A","#N/A","#N/A","#N/A"
3db2d481-184d-4a44-a9cf-ea5e17805394,"#N/A","#N/A",false,Web,"#N/A","#N/A",Medium,"#N/A",New,Subject_wabzc,"#N/A","#N/A","#N/A","#N/A","#N/A"
3db41059-8b05-44c4-8b7e-745af56c53a3,"#N/A","#N/A",false,Web,"#N/A","#N/A",Medium,"#N/A",New,Subject_hqawn,"#N/A","#N/A","#N/A","#N/A","#N/A"
3db4428a-a0fb-48f5-8725-c41b2f698c1b,"#N/A","#N/A",false,Web,"#N/A","#N/A",Medium,"#N/A",New,Subject_cogdu,"#N/A","#N/A","#N/A","#N/A","#N/A"
3db76a2b-215b-4eaf-a97b-4b19caf53edf,"#N/A","#N/A",false,Web,"#N/A","#N/A",Medium,"#N/A",New,Subject_kyokp,"#N/A","#N/A","#N/A","#N/A","#N/A"
3db78423-483f-4704-97b5-a5f100f15332,"#N/A","#N/A",false,Web,"#N/A","#N/A",Medium,"#N/A",New,Subject_srdgs,"#N/A","#N/A","#N/A","#N/A","#N/A"
3dba5ca7-6496-46b1-a6dd-bf5bc6ad1181,"#N/A","#N/A",false,Web,"#N/A","#N/A",Medium,"#N/A",New,Subject_ohvog,"#N/A","#N/A","#N/A","#N/A","#N/A"
3dbaf92c-8db7-47aa-b8f2-62de375b24d1,"#N/A","#N/A",false,Web,"#N/A","#N/A",Medium,"#N/A",New,Subject_xeqgz,"#N/A","#N/A","#N/A","#N/A","#N/A"
3dbd165e-740f-47f4-8954-dcdbecf163db,"#N/A","#N/A",false,Web,"#N/A","#N/A",Medium,"#N/A",New,Subject_ekmkd,"#N/A","#N/A","#N/A","#N/A","#N/A"
3dbe61d8-1567-41cd-aea3-fbc9a777fdeb,"#N/A","#N/A",false,Web,"#N/A","#N/A",Medium,"#N/A",New,Subject_ropkt,"#N/A","#N/A","#N/A","#N/A","#N/A"
3dbe8d61-2a58-4e13-b2de-b24dbe1d42de,"#N/A","#N/A",false,Web,"#N/A","#N/A",Medium,"#N/A",New,Subject_luser,"#N/A","#N/A","#N/A","#N/A","#N/A"
3dbf871d-44d8-49dc-9732-ec031a20063e,"#N/A","#N/A",false,Web,"#N/A","#N/A",Medium,"#N/A",New,Subject_nntei,"#N/A","#N/A","#N/A","#N/A","#N/A"
3dbfc5a7-9388-475d-b5f8-20fe0daf9f2f,"#N/A","#N/A",false,Web,"#N/A","#N/A",Medium,"#N/A",New,Subject_twoxc,"#N/A","#N/A","#N/A","#N/A","#N/A"
3dc75f94-3d5a-48b5-aded-f5b2ca32209d,"#N/A","#N/A",false,Web,"#N/A","#N/A",Medium,"#N/A",New,Subject_nteij,"#N/A","#N/A","#N/A","#N/A","#N/A"
3dc8575a-a6c8-49b5-ad91-a8a3041f11d0,"#N/A","#N/A",false,Web,"#N/A","#N/A",Medium,"#N/A",New,Subject_wkdoj,"#N/A","#N/A","#N/A","#N/A","#N/A"
3dcade73-9a61-47d9-bc91-95c1a34cbe7d,"#N/A","#N/A",false,Web,"#N/A","#N/A",Medium,"#N/A",New,Subject_owrxt,"#N/A","#N/A","#N/A","#N/A","#N/A"
3dd0a082-27ff-4af6-916e-b4d15d160979,"#N/A","#N/A",false,Web,"#N/A","#N/A",Medium,"#N/A",New,Subject_tkwpo,"#N/A","#N/A","#N/A","#N/A","#N/A"
3dd1fa8c-8f16-4be6-955d-1653b76c16ab,"#N/A","#N/A",false,Web,"#N/A","#N/A",Medium,"#N/A",New,Subject_ghbkp,"#N/A","#N/A","#N/A","#N/A","#N/A"
3ddadbf3-448d-4b0e-b873-31dc3d20d5fb,"#N/A","#N/A",false,Web,"#N/A","#N/A",Medium,"#N/A",New,Subject_zwfir,"#N/A","#N/A","#N/A","#N/A","#N/A"
3ddbbde0-e902-4984-9a1d-82bd16c9dfea,"#N/A","#N/A",false,Web,"#N/A","#N/A",Medium,"#N/A",New,Subject_tetnn,"#N/A","#N/A","#N/A","#N/A","#N/A"
3ddc0af6-7ee2-46ed-b614-a4ba5dcd57ee,"#N/A","#N/A",false,Web,"#N/A","#N/A",Medium,"#N/A",New,Subject_jflkh,"#N/A","#N/A","#N/A","#N/A","#N/A"
3ddc3771-3d09-4469-90ec-07c2f248093a,"#N/A","#N/A",false,Web,"#N/A","#N/A",Medium,"#N/A",New,Subject_dwrfh,"#N/A","#N/A","#N/A","#N/A","#N/A"
3ddd9ff7-a6e9-4119-9439-ebc27b29fc06,"#N/A","#N/A",false,Web,"#N/A","#N/A",Medium,"#N/A",New,Subject_cmvgz,"#N/A","#N/A","#N/A","#N/A","#N/A"
3de05329-d1ab-42be-8123-c20aadcc6a13,"#N/A","#N/A",false,Web,"#N/A","#N/A",Medium,"#N/A",New,Subject_sswie,"#N/A","#N/A","#N/A","#N/A","#N/A"
3de42aa5-decb-4aa0-b1f4-30f8fc29d634,"#N/A","#N/A",false,Web,"#N/A","#N/A",Medium,"#N/A",New,Subject_dmrec,"#N/A","#N/A","#N/A","#N/A","#N/A"
3de5ec50-36ff-468a-8000-45db0981b4cd,"#N/A","#N/A",false,Web,"#N/A","#N/A",Medium,"#N/A",New,Subject_xrzrv,"#N/A","#N/A","#N/A","#N/A","#N/A"
3deaf9ff-f557-43d1-b14a-f21214822c40,"#N/A","#N/A",false,Web,"#N/A","#N/A",Medium,"#N/A",New,Subject_wvlhq,"#N/A","#N/A","#N/A","#N/A","#N/A"
3deb896c-9fa4-4043-9209-2cd133fd7481,"#N/A","#N/A",false,Web,"#N/A","#N/A",Medium,"#N/A",New,Subject_vutnq,"#N/A","#N/A","#N/A","#N/A","#N/A"
3df0924e-c0be-4dd4-96a7-18ee96cd4dd9,"#N/A","#N/A",false,Web,"#N/A","#N/A",Medium,"#N/A",New,Subject_syomi,"#N/A","#N/A","#N/A","#N/A","#N/A"
3df33e60-95e3-4c43-8580-cba8a91f5a56,"#N/A","#N/A",false,Web,"#N/A","#N/A",Medium,"#N/A",New,Subject_gcbpk,"#N/A","#N/A","#N/A","#N/A","#N/A"
3df653e5-dffb-4f79-b44d-bbda0db6041a,"#N/A","#N/A",false,Web,"#N/A","#N/A",Medium,"#N/A",New,Subject_wrigm,"#N/A","#N/A","#N/A","#N/A","#N/A"
3df6db35-4e9f-44f4-9a2f-446bf07da707,"#N/A","#N/A",false,Web,"#N/A","#N/A",Medium,"#N/A",New,Subject_ucdrn,"#N/A","#N/A","#N/A","#N/A","#N/A"
3df9d8c0-062a-4346-a997-db62d66fb1a5,"#N/A","#N/A",false,Web,"#N/A","#N/A",Medium,"#N/A",New,Subject_dcsyf,"#N/A","#N/A","#N/A","#N/A","#N/A"
3df9ec7d-4ad2-4c32-b8a8-ac16a75ee4b0,"#N/A","#N/A",false,Web,"#N/A","#N/A",Medium,"#N/A",New,Subject_cphuo,"#N/A","#N/A","#N/A","#N/A","#N/A"
3e0278e4-a790-47ac-977a-3c00fd3a0320,"#N/A","#N/A",false,Web,"#N/A","#N/A",Medium,"#N/A",New,Subject_pimph,"#N/A","#N/A","#N/A","#N/A","#N/A"
3e04fd21-090b-495e-8117-6ca5c02e1ce3,"#N/A","#N/A",false,Web,"#N/A","#N/A",Medium,"#N/A",New,Subject_sxkdy,"#N/A","#N/A","#N/A","#N/A","#N/A"
3e0b2080-4189-41a1-8da6-fc8d3feb23fc,"#N/A","#N/A",false,Web,"#N/A","#N/A",Medium,"#N/A",New,Subject_vqfbl,"#N/A","#N/A","#N/A","#N/A","#N/A"
3e0d5b94-c65b-44ef-a652-f931d81c97c0,"#N/A","#N/A",false,Web,"#N/A","#N/A",Medium,"#N/A",New,Subject_vkxlv,"#N/A","#N/A","#N/A","#N/A","#N/A"
3e0dec58-dcbf-41d7-94fb-005312fb7f0e,"#N/A","#N/A",false,Web,"#N/A","#N/A",Medium,"#N/A",New,Subject_jdpju,"#N/A","#N/A","#N/A","#N/A","#N/A"
3e0e938e-d8c1-46b8-a218-a622e058adc4,"#N/A","#N/A",false,Web,"#N/A","#N/A",Medium,"#N/A",New,Subject_ueblj,"#N/A","#N/A","#N/A","#N/A","#N/A"
3e1085e6-3616-48af-b785-5ee49d10076f,"#N/A","#N/A",false,Web,"#N/A","#N/A",Medium,"#N/A",New,Subject_txoal,"#N/A","#N/A","#N/A","#N/A","#N/A"
3e10ab3f-a823-43bc-ad50-458a53b77346,"#N/A","#N/A",false,Web,"#N/A","#N/A",Medium,"#N/A",New,Subject_lstzp,"#N/A","#N/A","#N/A","#N/A","#N/A"
3e1233f5-280c-4dbc-9879-2c68cee2297d,"#N/A","#N/A",false,Web,"#N/A","#N/A",Medium,"#N/A",New,Subject_fjktl,"#N/A","#N/A","#N/A","#N/A","#N/A"
3e127044-58fd-43e8-bbd6-a2bda9ac084f,"#N/A","#N/A",false,Web,"#N/A","#N/A",Medium,"#N/A",New,Subject_aovkx,"#N/A","#N/A","#N/A","#N/A","#N/A"
3e144da0-1b82-44d4-a890-03442a226d71,"#N/A","#N/A",false,Web,"#N/A","#N/A",Medium,"#N/A",New,Subject_glzxr,"#N/A","#N/A","#N/A","#N/A","#N/A"
3e16b0a2-a43c-4f32-8731-786ac20fb1ce,"#N/A","#N/A",false,Web,"#N/A","#N/A",Medium,"#N/A",New,Subject_rqlec,"#N/A","#N/A","#N/A","#N/A","#N/A"
3e180d0b-f2c6-46dc-afb6-98cb04a78e72,"#N/A","#N/A",false,Web,"#N/A","#N/A",Medium,"#N/A",New,Subject_hzdcq,"#N/A","#N/A","#N/A","#N/A","#N/A"
3e1baffa-99e3-4879-86de-21ee52319c38,"#N/A","#N/A",false,Web,"#N/A","#N/A",Medium,"#N/A",New,Subject_xunho,"#N/A","#N/A","#N/A","#N/A","#N/A"
3e1ce87b-3758-4935-83e6-1c9fdbe20f1d,"#N/A","#N/A",false,Web,"#N/A","#N/A",Medium,"#N/A",New,Subject_iylkn,"#N/A","#N/A","#N/A","#N/A","#N/A"
3e1d05b7-e98e-4e4c-b121-685040306b20,"#N/A","#N/A",false,Web,"#N/A","#N/A",Medium,"#N/A",New,Subject_ftrhb,"#N/A","#N/A","#N/A","#N/A","#N/A"
3e1de226-c75b-49b2-8695-ea34e000b0c5,"#N/A","#N/A",false,Web,"#N/A","#N/A",Medium,"#N/A",New,Subject_trehi,"#N/A","#N/A","#N/A","#N/A","#N/A"
3e2069c6-c049-43fd-bf87-84a6d77837c9,"#N/A","#N/A",false,Web,"#N/A","#N/A",Medium,"#N/A",New,Subject_xybps,"#N/A","#N/A","#N/A","#N/A","#N/A"
3e2105fb-d383-4592-a154-acd2ce0cd031,"#N/A","#N/A",false,Web,"#N/A","#N/A",Medium,"#N/A",New,Subject_qfvbh,"#N/A","#N/A","#N/A","#N/A","#N/A"
3e210ca4-7c2c-4b13-9cc7-194f6b6a4c09,"#N/A","#N/A",false,Web,"#N/A","#N/A",Medium,"#N/A",New,Subject_ewpcp,"#N/A","#N/A","#N/A","#N/A","#N/A"
3e21a939-7e14-49fd-afd8-23e220769e56,"#N/A","#N/A",false,Web,"#N/A","#N/A",Medium,"#N/A",New,Subject_ccoov,"#N/A","#N/A","#N/A","#N/A","#N/A"
3e21db14-c082-40b8-9342-ea9f0941df09,"#N/A","#N/A",false,Web,"#N/A","#N/A",Medium,"#N/A",New,Subject_xcnmx,"#N/A","#N/A","#N/A","#N/A","#N/A"
3e22e5eb-ff39-4ba3-95ad-559fa67c5ea9,"#N/A","#N/A",false,Web,"#N/A","#N/A",Medium,"#N/A",New,Subject_cruhr,"#N/A","#N/A","#N/A","#N/A","#N/A"
3e23f886-90b2-41fa-9e0d-f73a7e651ffb,"#N/A","#N/A",false,Web,"#N/A","#N/A",Medium,"#N/A",New,Subject_nniuk,"#N/A","#N/A","#N/A","#N/A","#N/A"
3e26d5e7-06b1-4ab8-b974-412d47ea0502,"#N/A","#N/A",false,Web,"#N/A","#N/A",Medium,"#N/A",New,Subject_gjxul,"#N/A","#N/A","#N/A","#N/A","#N/A"
3e289d47-75d2-4f85-85af-3d03e2233768,"#N/A","#N/A",false,Web,"#N/A","#N/A",Medium,"#N/A",New,Subject_hcutb,"#N/A","#N/A","#N/A","#N/A","#N/A"
3e29b20c-8e52-410f-9ed1-effd29542b78,"#N/A","#N/A",false,Web,"#N/A","#N/A",Medium,"#N/A",New,Subject_qyvcv,"#N/A","#N/A","#N/A","#N/A","#N/A"
3e2c8800-4b67-42b9-9af7-e3a4474d2b26,"#N/A","#N/A",false,Web,"#N/A","#N/A",Medium,"#N/A",New,Subject_knimh,"#N/A","#N/A","#N/A","#N/A","#N/A"
3e2ce31a-bbab-4f89-a1ea-18d52279a171,"#N/A","#N/A",false,Web,"#N/A","#N/A",Medium,"#N/A",New,Subject_xileq,"#N/A","#N/A","#N/A","#N/A","#N/A"
3e35aee9-d219-41f2-a454-0c3c64cf5035,"#N/A","#N/A",false,Web,"#N/A","#N/A",Medium,"#N/A",New,Subject_etfkh,"#N/A","#N/A","#N/A","#N/A","#N/A"
3e35ebd8-d005-4774-a000-a0ccc47535ea,"#N/A","#N/A",false,Web,"#N/A","#N/A",Medium,"#N/A",New,Subject_apans,"#N/A","#N/A","#N/A","#N/A","#N/A"
3e3f622e-357d-473b-b28d-81ffd315e9ba,"#N/A","#N/A",false,Web,"#N/A","#N/A",Medium,"#N/A",New,Subject_sygcd,"#N/A","#N/A","#N/A","#N/A","#N/A"
3e43ca5a-b470-4dad-a7bf-9f5bc41396d4,"#N/A","#N/A",false,Web,"#N/A","#N/A",Medium,"#N/A",New,Subject_cngdt,"#N/A","#N/A","#N/A","#N/A","#N/A"
3e44125b-1e60-40b4-85ad-e3ed2cf7e785,"#N/A","#N/A",false,Web,"#N/A","#N/A",Medium,"#N/A",New,Subject_boeas,"#N/A","#N/A","#N/A","#N/A","#N/A"
3e442eda-c00d-4641-838a-5186092309df,"#N/A","#N/A",false,Web,"#N/A","#N/A",Medium,"#N/A",New,Subject_mtuhw,"#N/A","#N/A","#N/A","#N/A","#N/A"
3e452d09-55a4-409e-abce-65661cf6a0b0,"#N/A","#N/A",false,Web,"#N/A","#N/A",Medium,"#N/A",New,Subject_hwzjl,"#N/A","#N/A","#N/A","#N/A","#N/A"
3e4655ca-54a2-42bd-9287-10837bd1bf3a,"#N/A","#N/A",false,Web,"#N/A","#N/A",Medium,"#N/A",New,Subject_cznoe,"#N/A","#N/A","#N/A","#N/A","#N/A"
3e4d07e6-2fef-4b89-b1b3-d045641676c4,"#N/A","#N/A",false,Web,"#N/A","#N/A",Medium,"#N/A",New,Subject_qqtaj,"#N/A","#N/A","#N/A","#N/A","#N/A"
3e50221f-4ebe-4f50-ae12-48dffbc0008f,"#N/A","#N/A",false,Web,"#N/A","#N/A",Medium,"#N/A",New,Subject_kbbnw,"#N/A","#N/A","#N/A","#N/A","#N/A"
3e503a1b-159f-441d-8452-81ff7a4185d5,"#N/A","#N/A",false,Web,"#N/A","#N/A",Medium,"#N/A",New,Subject_cefch,"#N/A","#N/A","#N/A","#N/A","#N/A"
3e517b10-a1fa-4e7b-a6ca-772eb8c5b9d0,"#N/A","#N/A",false,Web,"#N/A","#N/A",Medium,"#N/A",New,Subject_bymgp,"#N/A","#N/A","#N/A","#N/A","#N/A"
3e56d1e3-d373-47f2-ae65-6d5d9ed4ef00,"#N/A","#N/A",false,Web,"#N/A","#N/A",Medium,"#N/A",New,Subject_whfiv,"#N/A","#N/A","#N/A","#N/A","#N/A"
3e5801c1-7431-4c94-b57c-0821049f6da1,"#N/A","#N/A",false,Web,"#N/A","#N/A",Medium,"#N/A",New,Subject_kkmie,"#N/A","#N/A","#N/A","#N/A","#N/A"
3e5c3b22-154f-4705-bb93-56c05bb6823f,"#N/A","#N/A",false,Web,"#N/A","#N/A",Medium,"#N/A",New,Subject_jzmec,"#N/A","#N/A","#N/A","#N/A","#N/A"
3e5f9558-1b19-4837-8593-e493fe11438d,"#N/A","#N/A",false,Web,"#N/A","#N/A",Medium,"#N/A",New,Subject_hoygp,"#N/A","#N/A","#N/A","#N/A","#N/A"
3e616106-6b2a-4abc-803a-eb9dc97fcdbb,"#N/A","#N/A",false,Web,"#N/A","#N/A",Medium,"#N/A",New,Subject_kkqxo,"#N/A","#N/A","#N/A","#N/A","#N/A"
3e65616a-c148-4b67-990d-1c6e0cdcf69d,"#N/A","#N/A",false,Web,"#N/A","#N/A",Medium,"#N/A",New,Subject_gddqw,"#N/A","#N/A","#N/A","#N/A","#N/A"
3e65b281-9706-4f86-8b05-fa0008931738,"#N/A","#N/A",false,Web,"#N/A","#N/A",Medium,"#N/A",New,Subject_qwffm,"#N/A","#N/A","#N/A","#N/A","#N/A"
3e6877a9-2d05-41ac-8168-4b8d338f85d7,"#N/A","#N/A",false,Web,"#N/A","#N/A",Medium,"#N/A",New,Subject_lnatf,"#N/A","#N/A","#N/A","#N/A","#N/A"
3e688c20-99d1-4842-a515-7c5ce46c28b0,"#N/A","#N/A",false,Web,"#N/A","#N/A",Medium,"#N/A",New,Subject_iciio,"#N/A","#N/A","#N/A","#N/A","#N/A"
3e701067-6e01-4b6e-8b47-183b89d76809,"#N/A","#N/A",false,Web,"#N/A","#N/A",Medium,"#N/A",New,Subject_qcmvp,"#N/A","#N/A","#N/A","#N/A","#N/A"
3e70b3b3-50d0-4024-b8c7-e02778d55837,"#N/A","#N/A",false,Web,"#N/A","#N/A",Medium,"#N/A",New,Subject_nezkq,"#N/A","#N/A","#N/A","#N/A","#N/A"
3e7254e0-aa8f-4f77-a64c-b352264c4970,"#N/A","#N/A",false,Web,"#N/A","#N/A",Medium,"#N/A",New,Subject_fewgp,"#N/A","#N/A","#N/A","#N/A","#N/A"
3e737810-ae11-47b6-b64d-76cbe67890db,"#N/A","#N/A",false,Web,"#N/A","#N/A",Medium,"#N/A",New,Subject_zmerl,"#N/A","#N/A","#N/A","#N/A","#N/A"
3e7581c5-7e7a-4fe3-8301-6afdbb588f04,"#N/A","#N/A",false,Web,"#N/A","#N/A",Medium,"#N/A",New,Subject_sgsjr,"#N/A","#N/A","#N/A","#N/A","#N/A"
3e78ce8b-c5b4-4db2-8b97-d9b6abcf8fad,"#N/A","#N/A",false,Web,"#N/A","#N/A",Medium,"#N/A",New,Subject_mmtro,"#N/A","#N/A","#N/A","#N/A","#N/A"
3e78d968-1e46-47ac-9fd1-30f1669e661e,"#N/A","#N/A",false,Web,"#N/A","#N/A",Medium,"#N/A",New,Subject_zkqct,"#N/A","#N/A","#N/A","#N/A","#N/A"
3e7b90ee-4ec0-4c72-aa54-b7406ea7f6bc,"#N/A","#N/A",false,Web,"#N/A","#N/A",Medium,"#N/A",New,Subject_xevtk,"#N/A","#N/A","#N/A","#N/A","#N/A"
3e7dd931-c149-4174-8436-fbf079d52ad4,"#N/A","#N/A",false,Web,"#N/A","#N/A",Medium,"#N/A",New,Subject_llimq,"#N/A","#N/A","#N/A","#N/A","#N/A"
3e7fb8ed-a1d4-4f62-9871-dd3db4c24489,"#N/A","#N/A",false,Web,"#N/A","#N/A",Medium,"#N/A",New,Subject_blsfh,"#N/A","#N/A","#N/A","#N/A","#N/A"
3e830b9b-c82e-4804-b468-bb8254767d94,"#N/A","#N/A",false,Web,"#N/A","#N/A",Medium,"#N/A",New,Subject_wavwr,"#N/A","#N/A","#N/A","#N/A","#N/A"
3e8605a4-9e1e-4a83-91ab-6562485ee272,"#N/A","#N/A",false,Web,"#N/A","#N/A",Medium,"#N/A",New,Subject_fzfym,"#N/A","#N/A","#N/A","#N/A","#N/A"
3e8b9a80-1f14-4d32-82ff-320a631cc602,"#N/A","#N/A",false,Web,"#N/A","#N/A",Medium,"#N/A",New,Subject_mxsqs,"#N/A","#N/A","#N/A","#N/A","#N/A"
3e8d435b-3976-415a-bd19-c8f73115e723,"#N/A","#N/A",false,Web,"#N/A","#N/A",Medium,"#N/A",New,Subject_gnulc,"#N/A","#N/A","#N/A","#N/A","#N/A"
3e8ddcba-f5aa-4378-b47a-a9c0abc7f119,"#N/A","#N/A",false,Web,"#N/A","#N/A",Medium,"#N/A",New,Subject_unmaj,"#N/A","#N/A","#N/A","#N/A","#N/A"
3e91be8b-cb42-4966-b3b9-29fc4083f073,"#N/A","#N/A",false,Web,"#N/A","#N/A",Medium,"#N/A",New,Subject_boahp,"#N/A","#N/A","#N/A","#N/A","#N/A"
3e94ca43-96d1-4ede-ac8a-525c11871091,"#N/A","#N/A",false,Web,"#N/A","#N/A",Medium,"#N/A",New,Subject_nrhze,"#N/A","#N/A","#N/A","#N/A","#N/A"
3e984b8c-f043-4932-aa25-0461e03460eb,"#N/A","#N/A",false,Web,"#N/A","#N/A",Medium,"#N/A",New,Subject_mzadv,"#N/A","#N/A","#N/A","#N/A","#N/A"
3e9ba375-71cc-4513-a027-70ac71c2378a,"#N/A","#N/A",false,Web,"#N/A","#N/A",Medium,"#N/A",New,Subject_ovsog,"#N/A","#N/A","#N/A","#N/A","#N/A"
3e9f1838-1023-45a9-bfe2-91ce0c9c3327,"#N/A","#N/A",false,Web,"#N/A","#N/A",Medium,"#N/A",New,Subject_mkzff,"#N/A","#N/A","#N/A","#N/A","#N/A"
3e9f1c24-2bbf-4146-8a54-c93d0104bdad,"#N/A","#N/A",false,Web,"#N/A","#N/A",Medium,"#N/A",New,Subject_encte,"#N/A","#N/A","#N/A","#N/A","#N/A"
3ea0b8bf-0aaa-4b08-91e0-87364b447f60,"#N/A","#N/A",false,Web,"#N/A","#N/A",Medium,"#N/A",New,Subject_outau,"#N/A","#N/A","#N/A","#N/A","#N/A"
3ea168d6-aa33-4916-b547-c8f361c68b86,"#N/A","#N/A",false,Web,"#N/A","#N/A",Medium,"#N/A",New,Subject_lmntq,"#N/A","#N/A","#N/A","#N/A","#N/A"
3ea293c6-5ff6-4548-8ef1-773e88a7b7c7,"#N/A","#N/A",false,Web,"#N/A","#N/A",Medium,"#N/A",New,Subject_atfha,"#N/A","#N/A","#N/A","#N/A","#N/A"
3ea3392d-5420-475c-a61b-c79f6cf9ffa6,"#N/A","#N/A",false,Web,"#N/A","#N/A",Medium,"#N/A",New,Subject_jewan,"#N/A","#N/A","#N/A","#N/A","#N/A"
3ea46407-b295-450c-a25c-7d60aa7dac83,"#N/A","#N/A",false,Web,"#N/A","#N/A",Medium,"#N/A",New,Subject_zvgko,"#N/A","#N/A","#N/A","#N/A","#N/A"
3ea64b0c-7e9f-437e-b236-c60f43514f9a,"#N/A","#N/A",false,Web,"#N/A","#N/A",Medium,"#N/A",New,Subject_nfyjt,"#N/A","#N/A","#N/A","#N/A","#N/A"
3ea774bc-78ba-49ce-8921-92355b3219f3,"#N/A","#N/A",false,Web,"#N/A","#N/A",Medium,"#N/A",New,Subject_wkebi,"#N/A","#N/A","#N/A","#N/A","#N/A"
3eab0432-9531-465d-a453-810be53d745f,"#N/A","#N/A",false,Web,"#N/A","#N/A",Medium,"#N/A",New,Subject_aoapr,"#N/A","#N/A","#N/A","#N/A","#N/A"
3eab32f7-c3de-451c-925e-436508868ad0,"#N/A","#N/A",false,Web,"#N/A","#N/A",Medium,"#N/A",New,Subject_uwezu,"#N/A","#N/A","#N/A","#N/A","#N/A"
3eac1370-a9a3-4827-8660-ead896dea718,"#N/A","#N/A",false,Web,"#N/A","#N/A",Medium,"#N/A",New,Subject_pkvbq,"#N/A","#N/A","#N/A","#N/A","#N/A"
3eb37ee8-43b7-40a4-8a9e-133d575e38cc,"#N/A","#N/A",false,Web,"#N/A","#N/A",Medium,"#N/A",New,Subject_zknhu,"#N/A","#N/A","#N/A","#N/A","#N/A"
3eb54bd4-9301-485b-8cec-fa9eb593602d,"#N/A","#N/A",false,Web,"#N/A","#N/A",Medium,"#N/A",New,Subject_uradp,"#N/A","#N/A","#N/A","#N/A","#N/A"
3eb61e84-2e17-441b-adc2-451983c026a9,"#N/A","#N/A",false,Web,"#N/A","#N/A",Medium,"#N/A",New,Subject_vpauq,"#N/A","#N/A","#N/A","#N/A","#N/A"
3ebdcce4-3049-41b9-a107-a4ef591adde1,"#N/A","#N/A",false,Web,"#N/A","#N/A",Medium,"#N/A",New,Subject_iyjlu,"#N/A","#N/A","#N/A","#N/A","#N/A"
3ec40c9e-c5c9-4266-aa88-83555e4d7886,"#N/A","#N/A",false,Web,"#N/A","#N/A",Medium,"#N/A",New,Subject_ozxpp,"#N/A","#N/A","#N/A","#N/A","#N/A"
3ec4412a-dd3e-45ee-a6e2-a4c4f18d1ea5,"#N/A","#N/A",false,Web,"#N/A","#N/A",Medium,"#N/A",New,Subject_fgfsu,"#N/A","#N/A","#N/A","#N/A","#N/A"
3ec603d2-ff89-410d-bc85-ae4edc915547,"#N/A","#N/A",false,Web,"#N/A","#N/A",Medium,"#N/A",New,Subject_bakma,"#N/A","#N/A","#N/A","#N/A","#N/A"
3ec6915c-bcfa-4556-b28d-2edd37dd42f7,"#N/A","#N/A",false,Web,"#N/A","#N/A",Medium,"#N/A",New,Subject_erdeq,"#N/A","#N/A","#N/A","#N/A","#N/A"
3ec8fd3b-10cd-4d02-bfe4-ae0b7ec2d2b9,"#N/A","#N/A",false,Web,"#N/A","#N/A",Medium,"#N/A",New,Subject_eprlk,"#N/A","#N/A","#N/A","#N/A","#N/A"
3eca5ca3-1e1b-4805-a9b6-ef68bbfed442,"#N/A","#N/A",false,Web,"#N/A","#N/A",Medium,"#N/A",New,Subject_ikbxz,"#N/A","#N/A","#N/A","#N/A","#N/A"
3ecc1771-ed08-41a1-aac1-9dd62914f59e,"#N/A","#N/A",false,Web,"#N/A","#N/A",Medium,"#N/A",New,Subject_izsic,"#N/A","#N/A","#N/A","#N/A","#N/A"
3ecce202-41f6-4938-95a1-066000c96d61,"#N/A","#N/A",false,Web,"#N/A","#N/A",Medium,"#N/A",New,Subject_aveap,"#N/A","#N/A","#N/A","#N/A","#N/A"
3ecd99f9-b585-444d-aee4-90ea8ada4a12,"#N/A","#N/A",false,Web,"#N/A","#N/A",Medium,"#N/A",New,Subject_tyfst,"#N/A","#N/A","#N/A","#N/A","#N/A"
3ece541f-d1e4-49df-94fc-8e544d8b71e8,"#N/A","#N/A",false,Web,"#N/A","#N/A",Medium,"#N/A",New,Subject_rrlyu,"#N/A","#N/A","#N/A","#N/A","#N/A"
3ecf3a3a-4fef-4bf9-80cc-26e7c665e43d,"#N/A","#N/A",false,Web,"#N/A","#N/A",Medium,"#N/A",New,Subject_knyer,"#N/A","#N/A","#N/A","#N/A","#N/A"
3ecfbc3a-403a-4247-91ba-f7b7fcd9ef35,"#N/A","#N/A",false,Web,"#N/A","#N/A",Medium,"#N/A",New,Subject_osfmb,"#N/A","#N/A","#N/A","#N/A","#N/A"
3ed01244-55e1-44e4-af99-98da9c209119,"#N/A","#N/A",false,Web,"#N/A","#N/A",Medium,"#N/A",New,Subject_yirsi,"#N/A","#N/A","#N/A","#N/A","#N/A"
3ed1e7e4-4aca-44b1-8b52-529065e701c2,"#N/A","#N/A",false,Web,"#N/A","#N/A",Medium,"#N/A",New,Subject_mshtg,"#N/A","#N/A","#N/A","#N/A","#N/A"
3ed20a1d-4851-4a79-9f2c-636c2f6a27ca,"#N/A","#N/A",false,Web,"#N/A","#N/A",Medium,"#N/A",New,Subject_esezh,"#N/A","#N/A","#N/A","#N/A","#N/A"
3ed5642c-a204-4fc0-84ca-8729eafc3d05,"#N/A","#N/A",false,Web,"#N/A","#N/A",Medium,"#N/A",New,Subject_gniaz,"#N/A","#N/A","#N/A","#N/A","#N/A"
3ed72a33-1924-4641-9022-23072e85ba3a,"#N/A","#N/A",false,Web,"#N/A","#N/A",Medium,"#N/A",New,Subject_wroic,"#N/A","#N/A","#N/A","#N/A","#N/A"
3ed9f3a3-5433-4096-9339-e9c947bd91b2,"#N/A","#N/A",false,Web,"#N/A","#N/A",Medium,"#N/A",New,Subject_vymtz,"#N/A","#N/A","#N/A","#N/A","#N/A"
3edc2c91-cec1-4ccc-98b0-a22d4779bc02,"#N/A","#N/A",false,Web,"#N/A","#N/A",Medium,"#N/A",New,Subject_chswx,"#N/A","#N/A","#N/A","#N/A","#N/A"
3edd47ce-a6db-4ca9-b428-7c2eb61a64d3,"#N/A","#N/A",false,Web,"#N/A","#N/A",Medium,"#N/A",New,Subject_ddtky,"#N/A","#N/A","#N/A","#N/A","#N/A"
3ede2c75-13b2-4095-98d6-7f53616401ab,"#N/A","#N/A",false,Web,"#N/A","#N/A",Medium,"#N/A",New,Subject_bqrxp,"#N/A","#N/A","#N/A","#N/A","#N/A"
3ee30828-4f25-43f4-aa55-f06e9d40ffdc,"#N/A","#N/A",false,Web,"#N/A","#N/A",Medium,"#N/A",New,Subject_nkeui,"#N/A","#N/A","#N/A","#N/A","#N/A"
3ee841b8-2175-4196-acc8-e1882aa5b098,"#N/A","#N/A",false,Web,"#N/A","#N/A",Medium,"#N/A",New,Subject_xdgdh,"#N/A","#N/A","#N/A","#N/A","#N/A"
3ee9b76f-4c1f-40aa-8e89-f213b696a46b,"#N/A","#N/A",false,Web,"#N/A","#N/A",Medium,"#N/A",New,Subject_mgzef,"#N/A","#N/A","#N/A","#N/A","#N/A"
3eed6782-681f-4eeb-8919-6e2b4a785edc,"#N/A","#N/A",false,Web,"#N/A","#N/A",Medium,"#N/A",New,Subject_udkcn,"#N/A","#N/A","#N/A","#N/A","#N/A"
3eee436a-b1b2-41d3-8c51-dab0af625b88,"#N/A","#N/A",false,Web,"#N/A","#N/A",Medium,"#N/A",New,Subject_hfvxk,"#N/A","#N/A","#N/A","#N/A","#N/A"
3eef74d9-5a49-49d5-82c9-058456578458,"#N/A","#N/A",false,Web,"#N/A","#N/A",Medium,"#N/A",New,Subject_tcnot,"#N/A","#N/A","#N/A","#N/A","#N/A"
3ef174bd-1029-4331-b556-d8ddf3ffc513,"#N/A","#N/A",false,Web,"#N/A","#N/A",Medium,"#N/A",New,Subject_yfpwk,"#N/A","#N/A","#N/A","#N/A","#N/A"
3ef35c49-fbfe-41f2-a4d9-9ed668710bbe,"#N/A","#N/A",false,Web,"#N/A","#N/A",Medium,"#N/A",New,Subject_dercx,"#N/A","#N/A","#N/A","#N/A","#N/A"
3ef55d4b-f885-4911-9292-ef080584f35e,"#N/A","#N/A",false,Web,"#N/A","#N/A",Medium,"#N/A",New,Subject_vlrco,"#N/A","#N/A","#N/A","#N/A","#N/A"
3ef5c77c-476f-4494-bc8f-f0058ef07095,"#N/A","#N/A",false,Web,"#N/A","#N/A",Medium,"#N/A",New,Subject_iobjk,"#N/A","#N/A","#N/A","#N/A","#N/A"
3ef8957b-703e-4d8a-bf7d-871eb71451ea,"#N/A","#N/A",false,Web,"#N/A","#N/A",Medium,"#N/A",New,Subject_eoesh,"#N/A","#N/A","#N/A","#N/A","#N/A"
3efb22ba-3341-46d9-964c-392b921dbce3,"#N/A","#N/A",false,Web,"#N/A","#N/A",Medium,"#N/A",New,Subject_xurir,"#N/A","#N/A","#N/A","#N/A","#N/A"
3efb6e06-8d21-4cf9-a0a9-581147d39f80,"#N/A","#N/A",false,Web,"#N/A","#N/A",Medium,"#N/A",New,Subject_cnwxc,"#N/A","#N/A","#N/A","#N/A","#N/A"
3efbc630-1121-4224-869a-ba4b844efd67,"#N/A","#N/A",false,Web,"#N/A","#N/A",Medium,"#N/A",New,Subject_uutru,"#N/A","#N/A","#N/A","#N/A","#N/A"
3f00cfd5-fbb0-4fca-a3be-152595d2c814,"#N/A","#N/A",false,Web,"#N/A","#N/A",Medium,"#N/A",New,Subject_eojam,"#N/A","#N/A","#N/A","#N/A","#N/A"
3f05f6ba-a76e-470b-8f0b-5ef0b77cd4cf,"#N/A","#N/A",false,Web,"#N/A","#N/A",Medium,"#N/A",New,Subject_wuqdm,"#N/A","#N/A","#N/A","#N/A","#N/A"
3f062f44-e95e-4bf9-b480-f1c425cc647c,"#N/A","#N/A",false,Web,"#N/A","#N/A",Medium,"#N/A",New,Subject_qjobo,"#N/A","#N/A","#N/A","#N/A","#N/A"
3f063fce-3240-419d-9733-c0689141ab13,"#N/A","#N/A",false,Web,"#N/A","#N/A",Medium,"#N/A",New,Subject_wqpzp,"#N/A","#N/A","#N/A","#N/A","#N/A"
3f082828-161e-4fd8-9a4d-c0d35d0d636b,"#N/A","#N/A",false,Web,"#N/A","#N/A",Medium,"#N/A",New,Subject_qihwt,"#N/A","#N/A","#N/A","#N/A","#N/A"
3f10784b-4875-4481-8251-07e9e6f0865b,"#N/A","#N/A",false,Web,"#N/A","#N/A",Medium,"#N/A",New,Subject_yykyv,"#N/A","#N/A","#N/A","#N/A","#N/A"
3f116140-a7fd-4a93-840a-6214b9eea696,"#N/A","#N/A",false,Web,"#N/A","#N/A",Medium,"#N/A",New,Subject_pearx,"#N/A","#N/A","#N/A","#N/A","#N/A"
3f12a269-2149-4815-9ce8-dd29a6bb04be,"#N/A","#N/A",false,Web,"#N/A","#N/A",Medium,"#N/A",New,Subject_lhswu,"#N/A","#N/A","#N/A","#N/A","#N/A"
3f1c9bcc-3283-4f71-81c5-85258e78c942,"#N/A","#N/A",false,Web,"#N/A","#N/A",Medium,"#N/A",New,Subject_penjk,"#N/A","#N/A","#N/A","#N/A","#N/A"
3f1d9a9f-81a3-4d51-af2d-e675b508ec04,"#N/A","#N/A",false,Web,"#N/A","#N/A",Medium,"#N/A",New,Subject_okobx,"#N/A","#N/A","#N/A","#N/A","#N/A"
3f1f0839-e4aa-47a6-b097-fa47e9a942d9,"#N/A","#N/A",false,Web,"#N/A","#N/A",Medium,"#N/A",New,Subject_uyjtv,"#N/A","#N/A","#N/A","#N/A","#N/A"
3f23a5cf-4a4e-4042-b586-721cacd40c37,"#N/A","#N/A",false,Web,"#N/A","#N/A",Medium,"#N/A",New,Subject_itmgd,"#N/A","#N/A","#N/A","#N/A","#N/A"
3f246fec-4482-4d59-8319-fd6b506b6ba9,"#N/A","#N/A",false,Web,"#N/A","#N/A",Medium,"#N/A",New,Subject_hbjcg,"#N/A","#N/A","#N/A","#N/A","#N/A"
3f263489-77bb-4307-9248-9c3a9e4e7dbd,"#N/A","#N/A",false,Web,"#N/A","#N/A",Medium,"#N/A",New,Subject_rzdau,"#N/A","#N/A","#N/A","#N/A","#N/A"
3f26db66-9329-4e4c-a0b2-86a245c19ec9,"#N/A","#N/A",false,Web,"#N/A","#N/A",Medium,"#N/A",New,Subject_dkofu,"#N/A","#N/A","#N/A","#N/A","#N/A"
3f2b0219-4cec-431f-9f7d-77052eff107f,"#N/A","#N/A",false,Web,"#N/A","#N/A",Medium,"#N/A",New,Subject_uknzx,"#N/A","#N/A","#N/A","#N/A","#N/A"
3f2f05f6-04a1-45f5-9ce0-71a2db0e49fc,"#N/A","#N/A",false,Web,"#N/A","#N/A",Medium,"#N/A",New,Subject_pdhiw,"#N/A","#N/A","#N/A","#N/A","#N/A"
3f3235b0-d67d-410f-bf98-49368838aeca,"#N/A","#N/A",false,Web,"#N/A","#N/A",Medium,"#N/A",New,Subject_ifozv,"#N/A","#N/A","#N/A","#N/A","#N/A"
3f345557-bf76-4bd6-938a-75a651eed533,"#N/A","#N/A",false,Web,"#N/A","#N/A",Medium,"#N/A",New,Subject_bosys,"#N/A","#N/A","#N/A","#N/A","#N/A"
3f35daef-9c8f-4008-9c71-59e7e2380477,"#N/A","#N/A",false,Web,"#N/A","#N/A",Medium,"#N/A",New,Subject_jcchv,"#N/A","#N/A","#N/A","#N/A","#N/A"
3f3616df-df30-4e90-87b8-7809dbf42115,"#N/A","#N/A",false,Web,"#N/A","#N/A",Medium,"#N/A",New,Subject_piylb,"#N/A","#N/A","#N/A","#N/A","#N/A"
3f36986b-f1ce-4321-92f4-b8b2fd080749,"#N/A","#N/A",false,Web,"#N/A","#N/A",Medium,"#N/A",New,Subject_uewhi,"#N/A","#N/A","#N/A","#N/A","#N/A"
3f3813bf-5db2-4394-a801-6d97ebd143e8,"#N/A","#N/A",false,Web,"#N/A","#N/A",Medium,"#N/A",New,Subject_xkomq,"#N/A","#N/A","#N/A","#N/A","#N/A"
3f3a1e4a-cab9-4dfa-b4ad-5a82264340c5,"#N/A","#N/A",false,Web,"#N/A","#N/A",Medium,"#N/A",New,Subject_zmyqk,"#N/A","#N/A","#N/A","#N/A","#N/A"
3f3bfaa3-4a00-4784-99f1-3f021ff81df1,"#N/A","#N/A",false,Web,"#N/A","#N/A",Medium,"#N/A",New,Subject_ftxxm,"#N/A","#N/A","#N/A","#N/A","#N/A"
3f41e458-e474-4bc3-83c0-6ed657fbbdf8,"#N/A","#N/A",false,Web,"#N/A","#N/A",Medium,"#N/A",New,Subject_fgsfh,"#N/A","#N/A","#N/A","#N/A","#N/A"
3f41f468-fedb-466e-8e0b-88343a00827b,"#N/A","#N/A",false,Web,"#N/A","#N/A",Medium,"#N/A",New,Subject_vzciw,"#N/A","#N/A","#N/A","#N/A","#N/A"
3f4247b6-5915-4ce9-9eab-d58d6ed435ea,"#N/A","#N/A",false,Web,"#N/A","#N/A",Medium,"#N/A",New,Subject_gbnmj,"#N/A","#N/A","#N/A","#N/A","#N/A"
3f458d54-8970-4693-9cd2-2eaaab1343f7,"#N/A","#N/A",false,Web,"#N/A","#N/A",Medium,"#N/A",New,Subject_yfnal,"#N/A","#N/A","#N/A","#N/A","#N/A"
3f466fe4-8118-491c-ad65-a8e866cc24e1,"#N/A","#N/A",false,Web,"#N/A","#N/A",Medium,"#N/A",New,Subject_zmoek,"#N/A","#N/A","#N/A","#N/A","#N/A"
3f48749e-3f08-4137-a305-4453c91c4fe7,"#N/A","#N/A",false,Web,"#N/A","#N/A",Medium,"#N/A",New,Subject_iduql,"#N/A","#N/A","#N/A","#N/A","#N/A"
3f498e95-3691-40e6-9bde-faa0a4eac453,"#N/A","#N/A",false,Web,"#N/A","#N/A",Medium,"#N/A",New,Subject_fslaf,"#N/A","#N/A","#N/A","#N/A","#N/A"
3f4dda9e-5c8a-4f9f-921d-807b3cbcbd62,"#N/A","#N/A",false,Web,"#N/A","#N/A",Medium,"#N/A",New,Subject_zcsvj,"#N/A","#N/A","#N/A","#N/A","#N/A"
3f513b0f-c402-4d30-8389-b81b3460a9fe,"#N/A","#N/A",false,Web,"#N/A","#N/A",Medium,"#N/A",New,Subject_gmfzt,"#N/A","#N/A","#N/A","#N/A","#N/A"
3f57bc57-b902-4cc6-ab72-2b62463007c7,"#N/A","#N/A",false,Web,"#N/A","#N/A",Medium,"#N/A",New,Subject_ywdff,"#N/A","#N/A","#N/A","#N/A","#N/A"
3f5ca1f6-4375-4748-aa2d-ed49e910c320,"#N/A","#N/A",false,Web,"#N/A","#N/A",Medium,"#N/A",New,Subject_gysag,"#N/A","#N/A","#N/A","#N/A","#N/A"
3f5f3ecf-7fdc-4158-9146-eaa09d3eee51,"#N/A","#N/A",false,Web,"#N/A","#N/A",Medium,"#N/A",New,Subject_zyyiw,"#N/A","#N/A","#N/A","#N/A","#N/A"
3f65c779-f805-48f3-8f6d-08056992087e,"#N/A","#N/A",false,Web,"#N/A","#N/A",Medium,"#N/A",New,Subject_mkyxb,"#N/A","#N/A","#N/A","#N/A","#N/A"
3f683a54-55c8-4e5d-8749-44eaa6a17149,"#N/A","#N/A",false,Web,"#N/A","#N/A",Medium,"#N/A",New,Subject_vnoil,"#N/A","#N/A","#N/A","#N/A","#N/A"
3f6964ce-514d-47d1-9258-526f272e401f,"#N/A","#N/A",false,Web,"#N/A","#N/A",Medium,"#N/A",New,Subject_lphem,"#N/A","#N/A","#N/A","#N/A","#N/A"
3f6b714e-3cab-413c-b174-3bd9b939a0dd,"#N/A","#N/A",false,Web,"#N/A","#N/A",Medium,"#N/A",New,Subject_uqaym,"#N/A","#N/A","#N/A","#N/A","#N/A"
3f6cab42-3a8e-4a69-b10b-2f5650336033,"#N/A","#N/A",false,Web,"#N/A","#N/A",Medium,"#N/A",New,Subject_rjbcg,"#N/A","#N/A","#N/A","#N/A","#N/A"
3f721b86-3bbb-463e-9eec-4eb409c1ea5a,"#N/A","#N/A",false,Web,"#N/A","#N/A",Medium,"#N/A",New,Subject_mdwpv,"#N/A","#N/A","#N/A","#N/A","#N/A"
3f739d77-c18a-44e9-a139-8b335dea38ff,"#N/A","#N/A",false,Web,"#N/A","#N/A",Medium,"#N/A",New,Subject_nzoih,"#N/A","#N/A","#N/A","#N/A","#N/A"
3f751095-736a-4e3b-900a-904f7ca662f0,"#N/A","#N/A",false,Web,"#N/A","#N/A",Medium,"#N/A",New,Subject_faqrw,"#N/A","#N/A","#N/A","#N/A","#N/A"
3f7afb78-92ff-4189-a202-c41753ed6685,"#N/A","#N/A",false,Web,"#N/A","#N/A",Medium,"#N/A",New,Subject_dqmtg,"#N/A","#N/A","#N/A","#N/A","#N/A"
3f7d19f1-4fd4-4538-9c91-cdea15aee323,"#N/A","#N/A",false,Web,"#N/A","#N/A",Medium,"#N/A",New,Subject_dandp,"#N/A","#N/A","#N/A","#N/A","#N/A"
3f7ff70d-72ed-4dcc-8ae8-a6e2303a675d,"#N/A","#N/A",false,Web,"#N/A","#N/A",Medium,"#N/A",New,Subject_cyfjz,"#N/A","#N/A","#N/A","#N/A","#N/A"
3f814d68-434f-4e07-bc7a-f1ddadde015a,"#N/A","#N/A",false,Web,"#N/A","#N/A",Medium,"#N/A",New,Subject_uoggr,"#N/A","#N/A","#N/A","#N/A","#N/A"
3f831854-4e70-41a1-8310-051f103c93fd,"#N/A","#N/A",false,Web,"#N/A","#N/A",Medium,"#N/A",New,Subject_oglgy,"#N/A","#N/A","#N/A","#N/A","#N/A"
3f84cde1-fd64-4de3-8dbb-d70b20cd6408,"#N/A","#N/A",false,Web,"#N/A","#N/A",Medium,"#N/A",New,Subject_knvyg,"#N/A","#N/A","#N/A","#N/A","#N/A"
3f85ed26-4eb3-4aa2-9082-39a5c0cff81d,"#N/A","#N/A",false,Web,"#N/A","#N/A",Medium,"#N/A",New,Subject_ppodn,"#N/A","#N/A","#N/A","#N/A","#N/A"
3f8ed17c-af54-4839-8ae2-ac5d60acd48e,"#N/A","#N/A",false,Web,"#N/A","#N/A",Medium,"#N/A",New,Subject_rjakb,"#N/A","#N/A","#N/A","#N/A","#N/A"
3f8ed33e-6794-4af1-9751-698ebcfc75bd,"#N/A","#N/A",false,Web,"#N/A","#N/A",Medium,"#N/A",New,Subject_bikqn,"#N/A","#N/A","#N/A","#N/A","#N/A"
3f91296d-6536-4635-b4b8-e1a61c5bfc95,"#N/A","#N/A",false,Web,"#N/A","#N/A",Medium,"#N/A",New,Subject_ovwuh,"#N/A","#N/A","#N/A","#N/A","#N/A"
3f921e33-311c-4b6d-a8b2-12f836602b1b,"#N/A","#N/A",false,Web,"#N/A","#N/A",Medium,"#N/A",New,Subject_qzeos,"#N/A","#N/A","#N/A","#N/A","#N/A"
3f926aa2-26b1-49a6-a26e-bfae7e2d79ed,"#N/A","#N/A",false,Web,"#N/A","#N/A",Medium,"#N/A",New,Subject_gmmyx,"#N/A","#N/A","#N/A","#N/A","#N/A"
3f930685-7f91-4b6a-ac34-3607660e4dcf,"#N/A","#N/A",false,Web,"#N/A","#N/A",Medium,"#N/A",New,Subject_ugzdy,"#N/A","#N/A","#N/A","#N/A","#N/A"
3f95de1d-9a5d-46f0-bf0d-2581bbb24cba,"#N/A","#N/A",false,Web,"#N/A","#N/A",Medium,"#N/A",New,Subject_rmshe,"#N/A","#N/A","#N/A","#N/A","#N/A"
3f98e1a8-7e00-4c16-b8f9-f954279601b8,"#N/A","#N/A",false,Web,"#N/A","#N/A",Medium,"#N/A",New,Subject_dnmlt,"#N/A","#N/A","#N/A","#N/A","#N/A"
3f9b5e52-605b-4868-b0bc-2954eb9e3c8d,"#N/A","#N/A",false,Web,"#N/A","#N/A",Medium,"#N/A",New,Subject_wwcvs,"#N/A","#N/A","#N/A","#N/A","#N/A"
3f9c327b-e173-47c5-834f-ffd044bc8c53,"#N/A","#N/A",false,Web,"#N/A","#N/A",Medium,"#N/A",New,Subject_zkqct,"#N/A","#N/A","#N/A","#N/A","#N/A"
3f9d0476-0008-4532-b898-6be7dad284be,"#N/A","#N/A",false,Web,"#N/A","#N/A",Medium,"#N/A",New,Subject_qqbtt,"#N/A","#N/A","#N/A","#N/A","#N/A"
3fa0c4fd-b540-419c-9396-cc8837bff621,"#N/A","#N/A",false,Web,"#N/A","#N/A",Medium,"#N/A",New,Subject_wdphm,"#N/A","#N/A","#N/A","#N/A","#N/A"
3fa8a8f4-271f-41ed-80d2-757a4ae19dd7,"#N/A","#N/A",false,Web,"#N/A","#N/A",Medium,"#N/A",New,Subject_fietb,"#N/A","#N/A","#N/A","#N/A","#N/A"
3fac969d-bbd7-4861-86d9-412cf39d5374,"#N/A","#N/A",false,Web,"#N/A","#N/A",Medium,"#N/A",New,Subject_csloq,"#N/A","#N/A","#N/A","#N/A","#N/A"
3fb0cc8a-b606-4d3a-a5a5-861315986ff5,"#N/A","#N/A",false,Web,"#N/A","#N/A",Medium,"#N/A",New,Subject_wltwb,"#N/A","#N/A","#N/A","#N/A","#N/A"
3fb44bfb-157a-4657-9fd7-711a92c6e877,"#N/A","#N/A",false,Web,"#N/A","#N/A",Medium,"#N/A",New,Subject_caumg,"#N/A","#N/A","#N/A","#N/A","#N/A"
3fb5d190-f386-4370-8047-9a45bb07ce1e,"#N/A","#N/A",false,Web,"#N/A","#N/A",Medium,"#N/A",New,Subject_omese,"#N/A","#N/A","#N/A","#N/A","#N/A"
3fb6f206-1e49-4577-9a8e-b0c6afeb9423,"#N/A","#N/A",false,Web,"#N/A","#N/A",Medium,"#N/A",New,Subject_zfamm,"#N/A","#N/A","#N/A","#N/A","#N/A"
3fb94b93-3a65-47ca-bdab-3e02c64c55e7,"#N/A","#N/A",false,Web,"#N/A","#N/A",Medium,"#N/A",New,Subject_pjujd,"#N/A","#N/A","#N/A","#N/A","#N/A"
3fb9db33-bad4-49a8-8d75-d684e7b0856a,"#N/A","#N/A",false,Web,"#N/A","#N/A",Medium,"#N/A",New,Subject_ljpho,"#N/A","#N/A","#N/A","#N/A","#N/A"
3fbd9833-b6dd-4f49-be09-2ce9757a79ba,"#N/A","#N/A",false,Web,"#N/A","#N/A",Medium,"#N/A",New,Subject_xvdjh,"#N/A","#N/A","#N/A","#N/A","#N/A"
3fbe2d3a-7a65-4513-9195-a81a373845d1,"#N/A","#N/A",false,Web,"#N/A","#N/A",Medium,"#N/A",New,Subject_uoior,"#N/A","#N/A","#N/A","#N/A","#N/A"
3fc29582-2fd5-491c-a72a-4414477fb689,"#N/A","#N/A",false,Web,"#N/A","#N/A",Medium,"#N/A",New,Subject_ywkid,"#N/A","#N/A","#N/A","#N/A","#N/A"
3fc44692-274a-46f1-a731-1fae17eda39d,"#N/A","#N/A",false,Web,"#N/A","#N/A",Medium,"#N/A",New,Subject_ngatw,"#N/A","#N/A","#N/A","#N/A","#N/A"
3fc53794-9dd2-459a-97a2-2b4e16c760fa,"#N/A","#N/A",false,Web,"#N/A","#N/A",Medium,"#N/A",New,Subject_xnuxp,"#N/A","#N/A","#N/A","#N/A","#N/A"
3fc60fff-e1e5-487c-b925-c53339f0bbf5,"#N/A","#N/A",false,Web,"#N/A","#N/A",Medium,"#N/A",New,Subject_queyf,"#N/A","#N/A","#N/A","#N/A","#N/A"
3fc96a97-8fcf-4c5a-9f9a-f515a159bcff,"#N/A","#N/A",false,Web,"#N/A","#N/A",Medium,"#N/A",New,Subject_qwrme,"#N/A","#N/A","#N/A","#N/A","#N/A"
3fcc79ee-8fa6-4015-a03a-475251c97a52,"#N/A","#N/A",false,Web,"#N/A","#N/A",Medium,"#N/A",New,Subject_wuhoo,"#N/A","#N/A","#N/A","#N/A","#N/A"
3fcdd1f4-00c1-4387-a857-84b9b29e8e5a,"#N/A","#N/A",false,Web,"#N/A","#N/A",Medium,"#N/A",New,Subject_daniu,"#N/A","#N/A","#N/A","#N/A","#N/A"
3fcfc397-8f59-416e-998f-04731c4a9f45,"#N/A","#N/A",false,Web,"#N/A","#N/A",Medium,"#N/A",New,Subject_svjas,"#N/A","#N/A","#N/A","#N/A","#N/A"
3fd27b2d-9076-457f-9c19-94c3a1352364,"#N/A","#N/A",false,Web,"#N/A","#N/A",Medium,"#N/A",New,Subject_xmokn,"#N/A","#N/A","#N/A","#N/A","#N/A"
3fd4fceb-793e-43f9-9f6e-28643076be71,"#N/A","#N/A",false,Web,"#N/A","#N/A",Medium,"#N/A",New,Subject_ixpcg,"#N/A","#N/A","#N/A","#N/A","#N/A"
3fd91ddd-393c-4da8-84f9-dcceba6bdfa1,"#N/A","#N/A",false,Web,"#N/A","#N/A",Medium,"#N/A",New,Subject_besan,"#N/A","#N/A","#N/A","#N/A","#N/A"
3fdb158e-f0c0-46a3-98e8-5bf032b4c276,"#N/A","#N/A",false,Web,"#N/A","#N/A",Medium,"#N/A",New,Subject_luvre,"#N/A","#N/A","#N/A","#N/A","#N/A"
3fdb9b21-8bc6-47d1-af46-569c48f46b67,"#N/A","#N/A",false,Web,"#N/A","#N/A",Medium,"#N/A",New,Subject_kfrlm,"#N/A","#N/A","#N/A","#N/A","#N/A"
3fdd63e2-cf1d-4260-bb61-ec1b0ff0291e,"#N/A","#N/A",false,Web,"#N/A","#N/A",Medium,"#N/A",New,Subject_xaozg,"#N/A","#N/A","#N/A","#N/A","#N/A"
3fe041d9-9ad8-48d3-84fd-73499a7280d3,"#N/A","#N/A",false,Web,"#N/A","#N/A",Medium,"#N/A",New,Subject_vycsk,"#N/A","#N/A","#N/A","#N/A","#N/A"
3febfd7a-db23-4f8b-893a-22c9903ecf18,"#N/A","#N/A",false,Web,"#N/A","#N/A",Medium,"#N/A",New,Subject_afkct,"#N/A","#N/A","#N/A","#N/A","#N/A"
3fecb7aa-4c28-491b-9500-52dfc7fb3ad8,"#N/A","#N/A",false,Web,"#N/A","#N/A",Medium,"#N/A",New,Subject_wngva,"#N/A","#N/A","#N/A","#N/A","#N/A"
3fef8282-fa68-42f1-9e8f-05736ba49530,"#N/A","#N/A",false,Web,"#N/A","#N/A",Medium,"#N/A",New,Subject_tffoa,"#N/A","#N/A","#N/A","#N/A","#N/A"
3ff1eb45-53c3-44bd-82e5-3209406aca0a,"#N/A","#N/A",false,Web,"#N/A","#N/A",Medium,"#N/A",New,Subject_cjaqa,"#N/A","#N/A","#N/A","#N/A","#N/A"
3ff4ef17-bffd-4234-ad8e-fc34bcc99e0e,"#N/A","#N/A",false,Web,"#N/A","#N/A",Medium,"#N/A",New,Subject_hzrqn,"#N/A","#N/A","#N/A","#N/A","#N/A"
3ff669fa-1789-4ca5-88f3-a7bbe29f5841,"#N/A","#N/A",false,Web,"#N/A","#N/A",Medium,"#N/A",New,Subject_qutsn,"#N/A","#N/A","#N/A","#N/A","#N/A"
3ff72639-eb6b-4155-bfb9-238006404f62,"#N/A","#N/A",false,Web,"#N/A","#N/A",Medium,"#N/A",New,Subject_kkfaq,"#N/A","#N/A","#N/A","#N/A","#N/A"
3ff91718-6606-4b3f-9378-0e563bbaa9ba,"#N/A","#N/A",false,Web,"#N/A","#N/A",Medium,"#N/A",New,Subject_orfwm,"#N/A","#N/A","#N/A","#N/A","#N/A"
3ffa5c32-7098-48e0-953d-4cf192829fa9,"#N/A","#N/A",false,Web,"#N/A","#N/A",Medium,"#N/A",New,Subject_olrfu,"#N/A","#N/A","#N/A","#N/A","#N/A"
4003a730-e5d6-448f-93bc-562ae3dd4719,"#N/A","#N/A",false,Web,"#N/A","#N/A",Medium,"#N/A",New,Subject_lsynn,"#N/A","#N/A","#N/A","#N/A","#N/A"
40040010-6b34-4725-8cf2-4ecf570b4bcf,"#N/A","#N/A",false,Web,"#N/A","#N/A",Medium,"#N/A",New,Subject_auytj,"#N/A","#N/A","#N/A","#N/A","#N/A"
4007697a-66f4-4c38-86d6-0bb27ff1a754,"#N/A","#N/A",false,Web,"#N/A","#N/A",Medium,"#N/A",New,Subject_oksat,"#N/A","#N/A","#N/A","#N/A","#N/A"
4007a03b-2ced-4a1a-8232-747d5d3401b2,"#N/A","#N/A",false,Web,"#N/A","#N/A",Medium,"#N/A",New,Subject_uqyyy,"#N/A","#N/A","#N/A","#N/A","#N/A"
40099d90-5ab6-4d9d-a445-3c00a7df9afb,"#N/A","#N/A",false,Web,"#N/A","#N/A",Medium,"#N/A",New,Subject_hzdcq,"#N/A","#N/A","#N/A","#N/A","#N/A"
400d4186-8db5-4efb-817c-cc4e16f5dc15,"#N/A","#N/A",false,Web,"#N/A","#N/A",Medium,"#N/A",New,Subject_drbhw,"#N/A","#N/A","#N/A","#N/A","#N/A"
40105a81-36de-4bbb-85aa-49e9fb29f917,"#N/A","#N/A",false,Web,"#N/A","#N/A",Medium,"#N/A",New,Subject_qqtvu,"#N/A","#N/A","#N/A","#N/A","#N/A"
4012f336-c7c0-4856-b677-99dcc32c61f3,"#N/A","#N/A",false,Web,"#N/A","#N/A",Medium,"#N/A",New,Subject_jkwjc,"#N/A","#N/A","#N/A","#N/A","#N/A"
40165754-061d-40f9-a152-7ae05fc5e2c1,"#N/A","#N/A",false,Web,"#N/A","#N/A",Medium,"#N/A",New,Subject_tgbfx,"#N/A","#N/A","#N/A","#N/A","#N/A"
40166ab7-709c-4428-9dd8-0e59b1481039,"#N/A","#N/A",false,Web,"#N/A","#N/A",Medium,"#N/A",New,Subject_cakkn,"#N/A","#N/A","#N/A","#N/A","#N/A"
4019166f-a8e1-4774-b0ac-73c7635b5251,"#N/A","#N/A",false,Web,"#N/A","#N/A",Medium,"#N/A",New,Subject_hersp,"#N/A","#N/A","#N/A","#N/A","#N/A"
401e8772-e07c-4189-bcda-6394ef23f01d,"#N/A","#N/A",false,Web,"#N/A","#N/A",Medium,"#N/A",New,Subject_wtvcl,"#N/A","#N/A","#N/A","#N/A","#N/A"
401eb9ba-eecd-415a-b243-8095457a29ca,"#N/A","#N/A",false,Web,"#N/A","#N/A",Medium,"#N/A",New,Subject_oijfv,"#N/A","#N/A","#N/A","#N/A","#N/A"
401f08d0-0e63-4816-aa0a-ce3fef35fc31,"#N/A","#N/A",false,Web,"#N/A","#N/A",Medium,"#N/A",New,Subject_isumn,"#N/A","#N/A","#N/A","#N/A","#N/A"
40214305-a07b-424b-a8bc-d9f598680b10,"#N/A","#N/A",false,Web,"#N/A","#N/A",Medium,"#N/A",New,Subject_ajusf,"#N/A","#N/A","#N/A","#N/A","#N/A"
402304bc-aa1e-4766-816e-5e8a2c1c3f96,"#N/A","#N/A",false,Web,"#N/A","#N/A",Medium,"#N/A",New,Subject_fixiv,"#N/A","#N/A","#N/A","#N/A","#N/A"
40239498-1780-4e7b-8f56-103486ef857d,"#N/A","#N/A",false,Web,"#N/A","#N/A",Medium,"#N/A",New,Subject_hzfrx,"#N/A","#N/A","#N/A","#N/A","#N/A"
402736e5-1f70-44ee-b4e0-4ffdd04b1720,"#N/A","#N/A",false,Web,"#N/A","#N/A",Medium,"#N/A",New,Subject_cusxn,"#N/A","#N/A","#N/A","#N/A","#N/A"
4028d997-54b0-4871-ac87-d20803d0e2e8,"#N/A","#N/A",false,Web,"#N/A","#N/A",Medium,"#N/A",New,Subject_nghqn,"#N/A","#N/A","#N/A","#N/A","#N/A"
402c7b25-cc2c-46cc-b715-cbe5d250539b,"#N/A","#N/A",false,Web,"#N/A","#N/A",Medium,"#N/A",New,Subject_jesnt,"#N/A","#N/A","#N/A","#N/A","#N/A"
402eb42b-52cb-4f77-a2b9-c8f3c7cf27f7,"#N/A","#N/A",false,Web,"#N/A","#N/A",Medium,"#N/A",New,Subject_tjonu,"#N/A","#N/A","#N/A","#N/A","#N/A"
403155c9-a45a-4519-9555-34d2f66d67a7,"#N/A","#N/A",false,Web,"#N/A","#N/A",Medium,"#N/A",New,Subject_rbund,"#N/A","#N/A","#N/A","#N/A","#N/A"
40328f1d-acce-490d-970e-e1990cb264f2,"#N/A","#N/A",false,Web,"#N/A","#N/A",Medium,"#N/A",New,Subject_oklkw,"#N/A","#N/A","#N/A","#N/A","#N/A"
40337aab-e0a4-4d3b-b32b-1e4edc1601bc,"#N/A","#N/A",false,Web,"#N/A","#N/A",Medium,"#N/A",New,Subject_syybx,"#N/A","#N/A","#N/A","#N/A","#N/A"
403b7ce4-4537-4974-9c2a-cb59903ced91,"#N/A","#N/A",false,Web,"#N/A","#N/A",Medium,"#N/A",New,Subject_uslhs,"#N/A","#N/A","#N/A","#N/A","#N/A"
403e6672-1705-47cd-8b1f-1ad49cf0aadf,"#N/A","#N/A",false,Web,"#N/A","#N/A",Medium,"#N/A",New,Subject_ffevf,"#N/A","#N/A","#N/A","#N/A","#N/A"
40428cf8-d3a4-45a2-904c-be847a9c4bbd,"#N/A","#N/A",false,Web,"#N/A","#N/A",Medium,"#N/A",New,Subject_iyequ,"#N/A","#N/A","#N/A","#N/A","#N/A"
40443361-9ef9-4eba-810b-d74efa25680a,"#N/A","#N/A",false,Web,"#N/A","#N/A",Medium,"#N/A",New,Subject_oxlhg,"#N/A","#N/A","#N/A","#N/A","#N/A"
40462110-c2ec-4eb1-b497-c77a304919bd,"#N/A","#N/A",false,Web,"#N/A","#N/A",Medium,"#N/A",New,Subject_htvgo,"#N/A","#N/A","#N/A","#N/A","#N/A"
4051605a-b279-412c-ac63-b9d14f3b83d3,"#N/A","#N/A",false,Web,"#N/A","#N/A",Medium,"#N/A",New,Subject_oiouw,"#N/A","#N/A","#N/A","#N/A","#N/A"
40540190-315f-43e9-8849-bd1d919280ec,"#N/A","#N/A",false,Web,"#N/A","#N/A",Medium,"#N/A",New,Subject_mskds,"#N/A","#N/A","#N/A","#N/A","#N/A"
40597141-d7e7-44b6-bcd2-22d6d5981b57,"#N/A","#N/A",false,Web,"#N/A","#N/A",Medium,"#N/A",New,Subject_yacpn,"#N/A","#N/A","#N/A","#N/A","#N/A"
406082c6-1e0c-4cc5-99ff-391f796ff29d,"#N/A","#N/A",false,Web,"#N/A","#N/A",Medium,"#N/A",New,Subject_xdtah,"#N/A","#N/A","#N/A","#N/A","#N/A"
40611062-c640-41b8-957d-d161cea1dae3,"#N/A","#N/A",false,Web,"#N/A","#N/A",Medium,"#N/A",New,Subject_uyvnv,"#N/A","#N/A","#N/A","#N/A","#N/A"
406407dc-6a50-4b9b-a3c9-a79535db322a,"#N/A","#N/A",false,Web,"#N/A","#N/A",Medium,"#N/A",New,Subject_fwzxe,"#N/A","#N/A","#N/A","#N/A","#N/A"
4064b65f-db64-4b97-bcab-39b1c652561b,"#N/A","#N/A",false,Web,"#N/A","#N/A",Medium,"#N/A",New,Subject_nxhym,"#N/A","#N/A","#N/A","#N/A","#N/A"
40673687-0b3a-4020-ba63-deadfa612f2c,"#N/A","#N/A",false,Web,"#N/A","#N/A",Medium,"#N/A",New,Subject_upaxv,"#N/A","#N/A","#N/A","#N/A","#N/A"
4068fd07-96a4-4a87-8c71-7ea4791664d5,"#N/A","#N/A",false,Web,"#N/A","#N/A",Medium,"#N/A",New,Subject_nzqph,"#N/A","#N/A","#N/A","#N/A","#N/A"
40754028-1fc7-49a8-ae02-156fb50628bc,"#N/A","#N/A",false,Web,"#N/A","#N/A",Medium,"#N/A",New,Subject_zclys,"#N/A","#N/A","#N/A","#N/A","#N/A"
407cc70d-091c-4031-90dc-647e94b5369b,"#N/A","#N/A",false,Web,"#N/A","#N/A",Medium,"#N/A",New,Subject_yrhhi,"#N/A","#N/A","#N/A","#N/A","#N/A"
407f4108-45a0-4cc3-a7d7-8aaaec25d698,"#N/A","#N/A",false,Web,"#N/A","#N/A",Medium,"#N/A",New,Subject_nwbvx,"#N/A","#N/A","#N/A","#N/A","#N/A"
40825b3b-1e3a-451c-969a-34375b254f32,"#N/A","#N/A",false,Web,"#N/A","#N/A",Medium,"#N/A",New,Subject_hnymg,"#N/A","#N/A","#N/A","#N/A","#N/A"
408354df-c746-4306-ae38-3752dc75f6e1,"#N/A","#N/A",false,Web,"#N/A","#N/A",Medium,"#N/A",New,Subject_kitsv,"#N/A","#N/A","#N/A","#N/A","#N/A"
4085b87e-0405-4e8e-a88f-7bd9262df005,"#N/A","#N/A",false,Web,"#N/A","#N/A",Medium,"#N/A",New,Subject_fqmeo,"#N/A","#N/A","#N/A","#N/A","#N/A"
408adccf-bdd3-4741-9f7d-2656b85965d1,"#N/A","#N/A",false,Web,"#N/A","#N/A",Medium,"#N/A",New,Subject_byqdr,"#N/A","#N/A","#N/A","#N/A","#N/A"
408b3bbd-80a0-4b1d-8ad2-ca31748d230c,"#N/A","#N/A",false,Web,"#N/A","#N/A",Medium,"#N/A",New,Subject_qiqdy,"#N/A","#N/A","#N/A","#N/A","#N/A"
408f8701-8301-4132-94da-4f9fa4b96818,"#N/A","#N/A",false,Web,"#N/A","#N/A",Medium,"#N/A",New,Subject_rcjwr,"#N/A","#N/A","#N/A","#N/A","#N/A"
409478bc-63af-4b0d-8f55-8095f35cc0a1,"#N/A","#N/A",false,Web,"#N/A","#N/A",Medium,"#N/A",New,Subject_bccqr,"#N/A","#N/A","#N/A","#N/A","#N/A"
40965db2-4f9c-4622-8428-7839a4dcd463,"#N/A","#N/A",false,Web,"#N/A","#N/A",Medium,"#N/A",New,Subject_dgdmi,"#N/A","#N/A","#N/A","#N/A","#N/A"
4096e1c7-014b-48d1-8d25-f6d875fdeb2f,"#N/A","#N/A",false,Web,"#N/A","#N/A",Medium,"#N/A",New,Subject_layqo,"#N/A","#N/A","#N/A","#N/A","#N/A"
409be518-05ef-472d-a72b-486f6d437a50,"#N/A","#N/A",false,Web,"#N/A","#N/A",Medium,"#N/A",New,Subject_vqpvn,"#N/A","#N/A","#N/A","#N/A","#N/A"
409efc0e-2c85-47c6-bb9d-c35451ef7867,"#N/A","#N/A",false,Web,"#N/A","#N/A",Medium,"#N/A",New,Subject_irprw,"#N/A","#N/A","#N/A","#N/A","#N/A"
409f3b49-8ac5-4f56-ae45-bbee2deaf085,"#N/A","#N/A",false,Web,"#N/A","#N/A",Medium,"#N/A",New,Subject_ruyum,"#N/A","#N/A","#N/A","#N/A","#N/A"
40a99ad7-9839-44a1-90c3-0fb95a5c351b,"#N/A","#N/A",false,Web,"#N/A","#N/A",Medium,"#N/A",New,Subject_zvmdu,"#N/A","#N/A","#N/A","#N/A","#N/A"
40aa4f1c-e280-46e6-8baf-549bf456f907,"#N/A","#N/A",false,Web,"#N/A","#N/A",Medium,"#N/A",New,Subject_lohbq,"#N/A","#N/A","#N/A","#N/A","#N/A"
40acf601-16b6-400e-98ec-c9e65ff4209c,"#N/A","#N/A",false,Web,"#N/A","#N/A",Medium,"#N/A",New,Subject_xxbjx,"#N/A","#N/A","#N/A","#N/A","#N/A"
40b3a307-8e39-4b7b-b1b1-686d526f1880,"#N/A","#N/A",false,Web,"#N/A","#N/A",Medium,"#N/A",New,Subject_nwyws,"#N/A","#N/A","#N/A","#N/A","#N/A"
40b3ada1-dd10-4295-9dc8-ed9be96ded17,"#N/A","#N/A",false,Web,"#N/A","#N/A",Medium,"#N/A",New,Subject_nghov,"#N/A","#N/A","#N/A","#N/A","#N/A"
40b4c722-0393-4a93-90c2-f17b4ff51b33,"#N/A","#N/A",false,Web,"#N/A","#N/A",Medium,"#N/A",New,Subject_bnsnh,"#N/A","#N/A","#N/A","#N/A","#N/A"
40b75187-57b0-468c-9b15-66fc4473f1d7,"#N/A","#N/A",false,Web,"#N/A","#N/A",Medium,"#N/A",New,Subject_xdnel,"#N/A","#N/A","#N/A","#N/A","#N/A"
40bd409f-8666-4ca7-bd4e-2224928320a5,"#N/A","#N/A",false,Web,"#N/A","#N/A",Medium,"#N/A",New,Subject_jpknu,"#N/A","#N/A","#N/A","#N/A","#N/A"
40c29238-8e54-4641-8009-2f8317ccd617,"#N/A","#N/A",false,Web,"#N/A","#N/A",Medium,"#N/A",New,Subject_fttyh,"#N/A","#N/A","#N/A","#N/A","#N/A"
40c324d3-b3d6-46b4-bc30-bcc8c55eea02,"#N/A","#N/A",false,Web,"#N/A","#N/A",Medium,"#N/A",New,Subject_vvxle,"#N/A","#N/A","#N/A","#N/A","#N/A"
40c510d1-b664-4c6d-be6f-d420aeba4e5a,"#N/A","#N/A",false,Web,"#N/A","#N/A",Medium,"#N/A",New,Subject_dvnhd,"#N/A","#N/A","#N/A","#N/A","#N/A"
40cdc73c-a48b-409c-a6ba-1febc2ac2ed5,"#N/A","#N/A",false,Web,"#N/A","#N/A",Medium,"#N/A",New,Subject_zains,"#N/A","#N/A","#N/A","#N/A","#N/A"
40d0d312-9374-4e39-8628-575575bc3aad,"#N/A","#N/A",false,Web,"#N/A","#N/A",Medium,"#N/A",New,Subject_qtdte,"#N/A","#N/A","#N/A","#N/A","#N/A"
40d32524-38b8-4e31-b3c7-1524db24282e,"#N/A","#N/A",false,Web,"#N/A","#N/A",Medium,"#N/A",New,Subject_lclkx,"#N/A","#N/A","#N/A","#N/A","#N/A"
40d50cc7-b628-430b-97b4-0c706a082767,"#N/A","#N/A",false,Web,"#N/A","#N/A",Medium,"#N/A",New,Subject_jylkg,"#N/A","#N/A","#N/A","#N/A","#N/A"
40d654ef-f74b-4b0d-a61c-fe0350fed761,"#N/A","#N/A",false,Web,"#N/A","#N/A",Medium,"#N/A",New,Subject_rmshe,"#N/A","#N/A","#N/A","#N/A","#N/A"
40d6b745-3253-4df3-baa8-c9cb8c353ede,"#N/A","#N/A",false,Web,"#N/A","#N/A",Medium,"#N/A",New,Subject_iaxhl,"#N/A","#N/A","#N/A","#N/A","#N/A"
40dc4e3d-73a2-42e5-b0a8-7034a5b18c53,"#N/A","#N/A",false,Web,"#N/A","#N/A",Medium,"#N/A",New,Subject_stvko,"#N/A","#N/A","#N/A","#N/A","#N/A"
40dd7252-58f2-4b58-9766-ba213d2fec9a,"#N/A","#N/A",false,Web,"#N/A","#N/A",Medium,"#N/A",New,Subject_xylpa,"#N/A","#N/A","#N/A","#N/A","#N/A"
40de9771-3f95-4a03-8e51-c176d1e2c880,"#N/A","#N/A",false,Web,"#N/A","#N/A",Medium,"#N/A",New,Subject_nfsol,"#N/A","#N/A","#N/A","#N/A","#N/A"
40e00923-ce85-442a-afc4-3da4616da2a2,"#N/A","#N/A",false,Web,"#N/A","#N/A",Medium,"#N/A",New,Subject_hpqua,"#N/A","#N/A","#N/A","#N/A","#N/A"
40e29490-f414-42a1-b773-db86c6de30c9,"#N/A","#N/A",false,Web,"#N/A","#N/A",Medium,"#N/A",New,Subject_ihxzx,"#N/A","#N/A","#N/A","#N/A","#N/A"
40e42e2d-fddd-4f22-8816-ccade64e5946,"#N/A","#N/A",false,Web,"#N/A","#N/A",Medium,"#N/A",New,Subject_mqflz,"#N/A","#N/A","#N/A","#N/A","#N/A"
40e78892-4b81-42f4-ab81-13ee315c36be,"#N/A","#N/A",false,Web,"#N/A","#N/A",Medium,"#N/A",New,Subject_rtyak,"#N/A","#N/A","#N/A","#N/A","#N/A"
40e93ceb-835e-4d30-8be0-4174d3553fcf,"#N/A","#N/A",false,Web,"#N/A","#N/A",Medium,"#N/A",New,Subject_fclbn,"#N/A","#N/A","#N/A","#N/A","#N/A"
40edc175-244d-455c-a2f9-b1c539fd9160,"#N/A","#N/A",false,Web,"#N/A","#N/A",Medium,"#N/A",New,Subject_vvtbq,"#N/A","#N/A","#N/A","#N/A","#N/A"
40f0d185-40e4-4330-acef-e78a2053fe8d,"#N/A","#N/A",false,Web,"#N/A","#N/A",Medium,"#N/A",New,Subject_mhzld,"#N/A","#N/A","#N/A","#N/A","#N/A"
40f2c56c-86f9-43e6-9f19-9984bf469fe6,"#N/A","#N/A",false,Web,"#N/A","#N/A",Medium,"#N/A",New,Subject_dkgcp,"#N/A","#N/A","#N/A","#N/A","#N/A"
40f9de8c-9648-41e9-b852-afed6ac061ac,"#N/A","#N/A",false,Web,"#N/A","#N/A",Medium,"#N/A",New,Subject_tikro,"#N/A","#N/A","#N/A","#N/A","#N/A"
40f9e150-eeba-4242-85e9-35e6265b8855,"#N/A","#N/A",false,Web,"#N/A","#N/A",Medium,"#N/A",New,Subject_vzais,"#N/A","#N/A","#N/A","#N/A","#N/A"
40fe3550-da25-41e8-afeb-12e4bf44b76f,"#N/A","#N/A",false,Web,"#N/A","#N/A",Medium,"#N/A",New,Subject_jsgrl,"#N/A","#N/A","#N/A","#N/A","#N/A"
41008503-bf54-43f4-97ac-7be2f4530bfc,"#N/A","#N/A",false,Web,"#N/A","#N/A",Medium,"#N/A",New,Subject_vbrxt,"#N/A","#N/A","#N/A","#N/A","#N/A"
4101cfbb-1b15-4032-839d-593e5e749e02,"#N/A","#N/A",false,Web,"#N/A","#N/A",Medium,"#N/A",New,Subject_yrskc,"#N/A","#N/A","#N/A","#N/A","#N/A"
4104d58b-4e9c-4686-bcba-7ef6535ee663,"#N/A","#N/A",false,Web,"#N/A","#N/A",Medium,"#N/A",New,Subject_mvurc,"#N/A","#N/A","#N/A","#N/A","#N/A"
41083d31-f9b0-436a-9f83-58679ec58ace,"#N/A","#N/A",false,Web,"#N/A","#N/A",Medium,"#N/A",New,Subject_huqgn,"#N/A","#N/A","#N/A","#N/A","#N/A"
410dc159-864b-49e5-9ef8-6d987b400d27,"#N/A","#N/A",false,Web,"#N/A","#N/A",Medium,"#N/A",New,Subject_gaflc,"#N/A","#N/A","#N/A","#N/A","#N/A"
410ecc38-e804-4b76-9aee-ee62690e7d1c,"#N/A","#N/A",false,Web,"#N/A","#N/A",Medium,"#N/A",New,Subject_vnvdw,"#N/A","#N/A","#N/A","#N/A","#N/A"
4116216c-942a-4467-8e8e-ef2a7b92c66d,"#N/A","#N/A",false,Web,"#N/A","#N/A",Medium,"#N/A",New,Subject_gaajk,"#N/A","#N/A","#N/A","#N/A","#N/A"
41186d8e-05fa-451e-a8d0-9be2745455a2,"#N/A","#N/A",false,Web,"#N/A","#N/A",Medium,"#N/A",New,Subject_avrrk,"#N/A","#N/A","#N/A","#N/A","#N/A"
411b950a-05ad-4c57-9c2e-aca1fb7c4649,"#N/A","#N/A",false,Web,"#N/A","#N/A",Medium,"#N/A",New,Subject_bcbyk,"#N/A","#N/A","#N/A","#N/A","#N/A"
4121260a-242f-415c-81fa-1a15ab1f22e4,"#N/A","#N/A",false,Web,"#N/A","#N/A",Medium,"#N/A",New,Subject_zumia,"#N/A","#N/A","#N/A","#N/A","#N/A"
4124a71f-2ffc-4a47-887e-a8b7a6e11dd9,"#N/A","#N/A",false,Web,"#N/A","#N/A",Medium,"#N/A",New,Subject_aiypi,"#N/A","#N/A","#N/A","#N/A","#N/A"
41253835-246d-46d3-b245-263e6926e992,"#N/A","#N/A",false,Web,"#N/A","#N/A",Medium,"#N/A",New,Subject_qozkn,"#N/A","#N/A","#N/A","#N/A","#N/A"
41264078-107e-4533-a3d7-6c1fbb6c84e9,"#N/A","#N/A",false,Web,"#N/A","#N/A",Medium,"#N/A",New,Subject_qumdr,"#N/A","#N/A","#N/A","#N/A","#N/A"
41282005-e064-4521-98b2-dfe14e741ad1,"#N/A","#N/A",false,Web,"#N/A","#N/A",Medium,"#N/A",New,Subject_ifbch,"#N/A","#N/A","#N/A","#N/A","#N/A"
4128bd39-f6f4-444d-b7ad-06b74e374a31,"#N/A","#N/A",false,Web,"#N/A","#N/A",Medium,"#N/A",New,Subject_xkbyg,"#N/A","#N/A","#N/A","#N/A","#N/A"
412a3926-d9bc-42ca-b6bb-6a33aeaa3253,"#N/A","#N/A",false,Web,"#N/A","#N/A",Medium,"#N/A",New,Subject_ypypl,"#N/A","#N/A","#N/A","#N/A","#N/A"
412a9891-b575-47aa-8cc7-dd0112d0e828,"#N/A","#N/A",false,Web,"#N/A","#N/A",Medium,"#N/A",New,Subject_ucwbz,"#N/A","#N/A","#N/A","#N/A","#N/A"
412d0760-5711-44e4-a2a2-c02facfdb081,"#N/A","#N/A",false,Web,"#N/A","#N/A",Medium,"#N/A",New,Subject_afbvw,"#N/A","#N/A","#N/A","#N/A","#N/A"
412e7217-1d39-45c8-a68e-f7cc03602cc2,"#N/A","#N/A",false,Web,"#N/A","#N/A",Medium,"#N/A",New,Subject_pgfsh,"#N/A","#N/A","#N/A","#N/A","#N/A"
41305781-800a-47d2-a4cb-dd9225adc5b7,"#N/A","#N/A",false,Web,"#N/A","#N/A",Medium,"#N/A",New,Subject_nynvw,"#N/A","#N/A","#N/A","#N/A","#N/A"
4136060b-8819-4257-8cd1-b74c463034e1,"#N/A","#N/A",false,Web,"#N/A","#N/A",Medium,"#N/A",New,Subject_idznz,"#N/A","#N/A","#N/A","#N/A","#N/A"
413a512b-6503-455d-b6c5-cd2bfe958496,"#N/A","#N/A",false,Web,"#N/A","#N/A",Medium,"#N/A",New,Subject_ozwcv,"#N/A","#N/A","#N/A","#N/A","#N/A"
413a9a88-a3ef-45ba-bf60-8f48c06c6c7b,"#N/A","#N/A",false,Web,"#N/A","#N/A",Medium,"#N/A",New,Subject_wyvoo,"#N/A","#N/A","#N/A","#N/A","#N/A"
413fcc89-7d5b-4994-9068-10fa397483a0,"#N/A","#N/A",false,Web,"#N/A","#N/A",Medium,"#N/A",New,Subject_mxwjq,"#N/A","#N/A","#N/A","#N/A","#N/A"
4142f8e9-a7c7-4322-bcb2-a390b4ad8132,"#N/A","#N/A",false,Web,"#N/A","#N/A",Medium,"#N/A",New,Subject_aptwb,"#N/A","#N/A","#N/A","#N/A","#N/A"
4145db1a-d15f-4e10-bdd3-51b5cfebc862,"#N/A","#N/A",false,Web,"#N/A","#N/A",Medium,"#N/A",New,Subject_ghkxl,"#N/A","#N/A","#N/A","#N/A","#N/A"
4148803b-6a29-4060-a64e-997c8acc6ab4,"#N/A","#N/A",false,Web,"#N/A","#N/A",Medium,"#N/A",New,Subject_sncju,"#N/A","#N/A","#N/A","#N/A","#N/A"
414cee24-ec8f-49ee-8411-1efc3109ed09,"#N/A","#N/A",false,Web,"#N/A","#N/A",Medium,"#N/A",New,Subject_jdhuk,"#N/A","#N/A","#N/A","#N/A","#N/A"
4153aed0-451e-478f-9228-363459113a8e,"#N/A","#N/A",false,Web,"#N/A","#N/A",Medium,"#N/A",New,Subject_noxmb,"#N/A","#N/A","#N/A","#N/A","#N/A"
4156701b-91b5-4128-a6af-512578e3be3c,"#N/A","#N/A",false,Web,"#N/A","#N/A",Medium,"#N/A",New,Subject_pfjyp,"#N/A","#N/A","#N/A","#N/A","#N/A"
41581949-0f0d-4269-95de-9daf3f2781b8,"#N/A","#N/A",false,Web,"#N/A","#N/A",Medium,"#N/A",New,Subject_nfvme,"#N/A","#N/A","#N/A","#N/A","#N/A"
415d784f-17cd-4ae7-8fa5-ffa226d50598,"#N/A","#N/A",false,Web,"#N/A","#N/A",Medium,"#N/A",New,Subject_uekhd,"#N/A","#N/A","#N/A","#N/A","#N/A"
415e77d4-db37-4379-8408-c460fed2cb74,"#N/A","#N/A",false,Web,"#N/A","#N/A",Medium,"#N/A",New,Subject_vxkux,"#N/A","#N/A","#N/A","#N/A","#N/A"
415ec864-5f40-4689-8ef1-544d6fde92f8,"#N/A","#N/A",false,Web,"#N/A","#N/A",Medium,"#N/A",New,Subject_vsfwe,"#N/A","#N/A","#N/A","#N/A","#N/A"
4163a688-ed63-49af-b053-afc39935fb92,"#N/A","#N/A",false,Web,"#N/A","#N/A",Medium,"#N/A",New,Subject_xfxlb,"#N/A","#N/A","#N/A","#N/A","#N/A"
41648181-b9db-4fe1-b878-79edf17aadd9,"#N/A","#N/A",false,Web,"#N/A","#N/A",Medium,"#N/A",New,Subject_jumhv,"#N/A","#N/A","#N/A","#N/A","#N/A"
4164a78d-17d9-484c-b6fe-316a23247a2c,"#N/A","#N/A",false,Web,"#N/A","#N/A",Medium,"#N/A",New,Subject_biggt,"#N/A","#N/A","#N/A","#N/A","#N/A"
41653a49-0116-4da8-bc5b-5111c5a6d62c,"#N/A","#N/A",false,Web,"#N/A","#N/A",Medium,"#N/A",New,Subject_dyjxo,"#N/A","#N/A","#N/A","#N/A","#N/A"
41665ee5-20c8-43cb-8ba9-b19fe91dab85,"#N/A","#N/A",false,Web,"#N/A","#N/A",Medium,"#N/A",New,Subject_ughcj,"#N/A","#N/A","#N/A","#N/A","#N/A"
4170b946-8cdf-487b-be53-913e2e8207d7,"#N/A","#N/A",false,Web,"#N/A","#N/A",Medium,"#N/A",New,Subject_zkrmx,"#N/A","#N/A","#N/A","#N/A","#N/A"
4173555e-d341-456c-96dc-58bd414bd7f5,"#N/A","#N/A",false,Web,"#N/A","#N/A",Medium,"#N/A",New,Subject_llyew,"#N/A","#N/A","#N/A","#N/A","#N/A"
4173d36a-29b5-4155-b7f2-5b4a342b2818,"#N/A","#N/A",false,Web,"#N/A","#N/A",Medium,"#N/A",New,Subject_ixkwe,"#N/A","#N/A","#N/A","#N/A","#N/A"
41746c29-9134-4543-b6ec-883a841d4b5e,"#N/A","#N/A",false,Web,"#N/A","#N/A",Medium,"#N/A",New,Subject_gtwlf,"#N/A","#N/A","#N/A","#N/A","#N/A"
4176fbb9-9e54-4cdf-9c81-f63b4e2ca19a,"#N/A","#N/A",false,Web,"#N/A","#N/A",Medium,"#N/A",New,Subject_pxejh,"#N/A","#N/A","#N/A","#N/A","#N/A"
41772bd7-a108-4605-a7e4-75dec0fef773,"#N/A","#N/A",false,Web,"#N/A","#N/A",Medium,"#N/A",New,Subject_sgchd,"#N/A","#N/A","#N/A","#N/A","#N/A"
417756e5-e430-4c13-a000-b42e8eb321b9,"#N/A","#N/A",false,Web,"#N/A","#N/A",Medium,"#N/A",New,Subject_srvts,"#N/A","#N/A","#N/A","#N/A","#N/A"
417aeef7-0369-4ad4-b9cc-6b9f1da7b75b,"#N/A","#N/A",false,Web,"#N/A","#N/A",Medium,"#N/A",New,Subject_wyzgs,"#N/A","#N/A","#N/A","#N/A","#N/A"
417ccb60-17d7-4f33-aa85-e4c11d73f9b6,"#N/A","#N/A",false,Web,"#N/A","#N/A",Medium,"#N/A",New,Subject_rikgx,"#N/A","#N/A","#N/A","#N/A","#N/A"
417d4a90-fa0f-4bc9-8e25-2905e1be1ebb,"#N/A","#N/A",false,Web,"#N/A","#N/A",Medium,"#N/A",New,Subject_bmllj,"#N/A","#N/A","#N/A","#N/A","#N/A"
417d5f67-b724-499a-8e2d-331fdf2a4d14,"#N/A","#N/A",false,Web,"#N/A","#N/A",Medium,"#N/A",New,Subject_jwqpx,"#N/A","#N/A","#N/A","#N/A","#N/A"
4180280f-0949-4435-b6d4-fad5a65d25f4,"#N/A","#N/A",false,Web,"#N/A","#N/A",Medium,"#N/A",New,Subject_gpfyf,"#N/A","#N/A","#N/A","#N/A","#N/A"
41805a2f-ac58-4575-8af7-6e41428343cc,"#N/A","#N/A",false,Web,"#N/A","#N/A",Medium,"#N/A",New,Subject_xozze,"#N/A","#N/A","#N/A","#N/A","#N/A"
41828a9a-d46d-47eb-8374-2f8f4fadf660,"#N/A","#N/A",false,Web,"#N/A","#N/A",Medium,"#N/A",New,Subject_wpzxc,"#N/A","#N/A","#N/A","#N/A","#N/A"
41830615-0171-4476-adde-144b48c0dc3e,"#N/A","#N/A",false,Web,"#N/A","#N/A",Medium,"#N/A",New,Subject_yksio,"#N/A","#N/A","#N/A","#N/A","#N/A"
4183379f-1aee-421c-b203-a8a2136e1610,"#N/A","#N/A",false,Web,"#N/A","#N/A",Medium,"#N/A",New,Subject_ipcsn,"#N/A","#N/A","#N/A","#N/A","#N/A"
41855064-f503-42a3-8619-581efb6f3632,"#N/A","#N/A",false,Web,"#N/A","#N/A",Medium,"#N/A",New,Subject_aueqm,"#N/A","#N/A","#N/A","#N/A","#N/A"
4189d1a6-12d0-4ecf-b12d-eaef49986855,"#N/A","#N/A",false,Web,"#N/A","#N/A",Medium,"#N/A",New,Subject_oanmq,"#N/A","#N/A","#N/A","#N/A","#N/A"
4189f19d-531a-4158-b17e-d26a8548ba82,"#N/A","#N/A",false,Web,"#N/A","#N/A",Medium,"#N/A",New,Subject_txvzo,"#N/A","#N/A","#N/A","#N/A","#N/A"
418dc232-8c8b-407a-844d-310efd150176,"#N/A","#N/A",false,Web,"#N/A","#N/A",Medium,"#N/A",New,Subject_gcdxc,"#N/A","#N/A","#N/A","#N/A","#N/A"
419593d4-cc8b-4657-ba07-91892aeb0ec0,"#N/A","#N/A",false,Web,"#N/A","#N/A",Medium,"#N/A",New,Subject_nzbax,"#N/A","#N/A","#N/A","#N/A","#N/A"
41992d78-67a3-4db9-9a2b-7845a7cf8f64,"#N/A","#N/A",false,Web,"#N/A","#N/A",Medium,"#N/A",New,Subject_mbjtz,"#N/A","#N/A","#N/A","#N/A","#N/A"
4199b667-6a13-482d-8fdc-0b8e8b28c785,"#N/A","#N/A",false,Web,"#N/A","#N/A",Medium,"#N/A",New,Subject_tjibr,"#N/A","#N/A","#N/A","#N/A","#N/A"
419f68ff-087f-47ca-a4a4-38377566d75c,"#N/A","#N/A",false,Web,"#N/A","#N/A",Medium,"#N/A",New,Subject_sndcc,"#N/A","#N/A","#N/A","#N/A","#N/A"
41a193db-41fb-43e6-82f6-2b663556ad0e,"#N/A","#N/A",false,Web,"#N/A","#N/A",Medium,"#N/A",New,Subject_wbppk,"#N/A","#N/A","#N/A","#N/A","#N/A"
41a7677a-ebb2-451b-b928-53858b391745,"#N/A","#N/A",false,Web,"#N/A","#N/A",Medium,"#N/A",New,Subject_spagc,"#N/A","#N/A","#N/A","#N/A","#N/A"
41a8bfb8-9d44-4487-a2ed-01a4debbc1ef,"#N/A","#N/A",false,Web,"#N/A","#N/A",Medium,"#N/A",New,Subject_ibpyy,"#N/A","#N/A","#N/A","#N/A","#N/A"
41a97671-ea1b-4564-96e7-8c29c7f03004,"#N/A","#N/A",false,Web,"#N/A","#N/A",Medium,"#N/A",New,Subject_hcfgy,"#N/A","#N/A","#N/A","#N/A","#N/A"
41a97cf8-1c9f-42a2-a6bb-2f62976f2485,"#N/A","#N/A",false,Web,"#N/A","#N/A",Medium,"#N/A",New,Subject_isnvd,"#N/A","#N/A","#N/A","#N/A","#N/A"
41aa259e-9c93-4e3c-9ad3-bdb9a7679b96,"#N/A","#N/A",false,Web,"#N/A","#N/A",Medium,"#N/A",New,Subject_uaayu,"#N/A","#N/A","#N/A","#N/A","#N/A"
41ad6e60-9644-41b6-bfcf-6f1c2d085723,"#N/A","#N/A",false,Web,"#N/A","#N/A",Medium,"#N/A",New,Subject_gyjmz,"#N/A","#N/A","#N/A","#N/A","#N/A"
41b18969-4fe0-4912-9a34-74ddedc66c88,"#N/A","#N/A",false,Web,"#N/A","#N/A",Medium,"#N/A",New,Subject_iodsm,"#N/A","#N/A","#N/A","#N/A","#N/A"
41b39591-17dd-4a5b-9c29-4a1fad32f383,"#N/A","#N/A",false,Web,"#N/A","#N/A",Medium,"#N/A",New,Subject_ydwxi,"#N/A","#N/A","#N/A","#N/A","#N/A"
41b42fbc-2b16-457c-bede-c24229ecb128,"#N/A","#N/A",false,Web,"#N/A","#N/A",Medium,"#N/A",New,Subject_nobsg,"#N/A","#N/A","#N/A","#N/A","#N/A"
41b433c0-cccf-4495-a0b4-192cfc93be5b,"#N/A","#N/A",false,Web,"#N/A","#N/A",Medium,"#N/A",New,Subject_anpfz,"#N/A","#N/A","#N/A","#N/A","#N/A"
41b63313-b647-4ac3-96e3-05b72ebb863b,"#N/A","#N/A",false,Web,"#N/A","#N/A",Medium,"#N/A",New,Subject_cxcvx,"#N/A","#N/A","#N/A","#N/A","#N/A"
41bb6692-7bf6-4107-8da9-06275080dc67,"#N/A","#N/A",false,Web,"#N/A","#N/A",Medium,"#N/A",New,Subject_hwiwd,"#N/A","#N/A","#N/A","#N/A","#N/A"
41bbbf7e-02bc-4b32-b288-ea624101ce00,"#N/A","#N/A",false,Web,"#N/A","#N/A",Medium,"#N/A",New,Subject_kazkc,"#N/A","#N/A","#N/A","#N/A","#N/A"
41c2b608-874c-432d-912f-4684615b4d58,"#N/A","#N/A",false,Web,"#N/A","#N/A",Medium,"#N/A",New,Subject_nbfpk,"#N/A","#N/A","#N/A","#N/A","#N/A"
41c54877-e075-4092-b9a3-e16e7d8a1bf2,"#N/A","#N/A",false,Web,"#N/A","#N/A",Medium,"#N/A",New,Subject_uwigs,"#N/A","#N/A","#N/A","#N/A","#N/A"
41c5f9a2-5e16-47bc-a45a-5ad0655d3531,"#N/A","#N/A",false,Web,"#N/A","#N/A",Medium,"#N/A",New,Subject_iehnj,"#N/A","#N/A","#N/A","#N/A","#N/A"
41c7dd98-a950-4ee8-95f8-757d29abb6ef,"#N/A","#N/A",false,Web,"#N/A","#N/A",Medium,"#N/A",New,Subject_jgcmo,"#N/A","#N/A","#N/A","#N/A","#N/A"
41c84c87-16e3-45ce-816d-186c49801d3f,"#N/A","#N/A",false,Web,"#N/A","#N/A",Medium,"#N/A",New,Subject_ansvj,"#N/A","#N/A","#N/A","#N/A","#N/A"
41cd6a17-f47f-452d-85a5-95512e4b77b2,"#N/A","#N/A",false,Web,"#N/A","#N/A",Medium,"#N/A",New,Subject_heful,"#N/A","#N/A","#N/A","#N/A","#N/A"
41cdd695-ab26-4a2d-ab8b-a43fbe61255c,"#N/A","#N/A",false,Web,"#N/A","#N/A",Medium,"#N/A",New,Subject_cprqt,"#N/A","#N/A","#N/A","#N/A","#N/A"
41cf1bf7-2585-4ad7-a6a6-9e7661b1fc1a,"#N/A","#N/A",false,Web,"#N/A","#N/A",Medium,"#N/A",New,Subject_ibuwc,"#N/A","#N/A","#N/A","#N/A","#N/A"
41d412cd-12aa-492d-92d1-d003e77370e2,"#N/A","#N/A",false,Web,"#N/A","#N/A",Medium,"#N/A",New,Subject_myazf,"#N/A","#N/A","#N/A","#N/A","#N/A"
41d50494-2835-404c-912f-a8e7e4efea37,"#N/A","#N/A",false,Web,"#N/A","#N/A",Medium,"#N/A",New,Subject_buokw,"#N/A","#N/A","#N/A","#N/A","#N/A"
41d6304f-6aef-4331-a061-ee79dd9ba3df,"#N/A","#N/A",false,Web,"#N/A","#N/A",Medium,"#N/A",New,Subject_vrark,"#N/A","#N/A","#N/A","#N/A","#N/A"
41da4da7-490b-4016-8160-770f124ea222,"#N/A","#N/A",false,Web,"#N/A","#N/A",Medium,"#N/A",New,Subject_tcxro,"#N/A","#N/A","#N/A","#N/A","#N/A"
41df1710-738c-4a33-a48f-d8a1967ca7be,"#N/A","#N/A",false,Web,"#N/A","#N/A",Medium,"#N/A",New,Subject_gxuct,"#N/A","#N/A","#N/A","#N/A","#N/A"
41df5249-61bf-43d6-b263-05ec27b607d4,"#N/A","#N/A",false,Web,"#N/A","#N/A",Medium,"#N/A",New,Subject_ttscp,"#N/A","#N/A","#N/A","#N/A","#N/A"
41e41550-bb68-4c20-8e66-9ba32e8dbfbd,"#N/A","#N/A",false,Web,"#N/A","#N/A",Medium,"#N/A",New,Subject_dxxnx,"#N/A","#N/A","#N/A","#N/A","#N/A"
41e52e98-c3e5-420c-ab53-f22c1e190852,"#N/A","#N/A",false,Web,"#N/A","#N/A",Medium,"#N/A",New,Subject_nyqxj,"#N/A","#N/A","#N/A","#N/A","#N/A"
41e82e3e-5aa1-4bf0-a247-9860d2142c9e,"#N/A","#N/A",false,Web,"#N/A","#N/A",Medium,"#N/A",New,Subject_ygkql,"#N/A","#N/A","#N/A","#N/A","#N/A"
41e9fa68-9d89-4bba-b8b3-b408f9feb054,"#N/A","#N/A",false,Web,"#N/A","#N/A",Medium,"#N/A",New,Subject_nijdj,"#N/A","#N/A","#N/A","#N/A","#N/A"
41ec26e2-e086-4be3-a341-ba1ab3709350,"#N/A","#N/A",false,Web,"#N/A","#N/A",Medium,"#N/A",New,Subject_lqwtb,"#N/A","#N/A","#N/A","#N/A","#N/A"
41ec7800-cddd-4d6f-b76d-4bb74fde577b,"#N/A","#N/A",false,Web,"#N/A","#N/A",Medium,"#N/A",New,Subject_tkiar,"#N/A","#N/A","#N/A","#N/A","#N/A"
41ecbc3a-c62d-4bd9-995a-dfca0b55a1fe,"#N/A","#N/A",false,Web,"#N/A","#N/A",Medium,"#N/A",New,Subject_rkdlb,"#N/A","#N/A","#N/A","#N/A","#N/A"
41efc147-7ce6-4f21-88db-f1ae93ab15de,"#N/A","#N/A",false,Web,"#N/A","#N/A",Medium,"#N/A",New,Subject_wsekz,"#N/A","#N/A","#N/A","#N/A","#N/A"
41f12b4e-9a9d-4ad3-8ef9-cd295bd1a0ff,"#N/A","#N/A",false,Web,"#N/A","#N/A",Medium,"#N/A",New,Subject_mwmuf,"#N/A","#N/A","#N/A","#N/A","#N/A"
41f55648-7ecf-45cf-a16f-f1b7c166c58c,"#N/A","#N/A",false,Web,"#N/A","#N/A",Medium,"#N/A",New,Subject_dmyqk,"#N/A","#N/A","#N/A","#N/A","#N/A"
41f75acb-c128-412f-9dd2-c219258f9ea6,"#N/A","#N/A",false,Web,"#N/A","#N/A",Medium,"#N/A",New,Subject_sxzbf,"#N/A","#N/A","#N/A","#N/A","#N/A"
41f80771-fc55-461b-8a53-aeff5f1c6089,"#N/A","#N/A",false,Web,"#N/A","#N/A",Medium,"#N/A",New,Subject_ludvw,"#N/A","#N/A","#N/A","#N/A","#N/A"
41f945eb-49e4-40d9-8b37-aa1a9f0730ab,"#N/A","#N/A",false,Web,"#N/A","#N/A",Medium,"#N/A",New,Subject_gffeg,"#N/A","#N/A","#N/A","#N/A","#N/A"
41fe0377-1c17-42fb-bfcc-c3613a334011,"#N/A","#N/A",false,Web,"#N/A","#N/A",Medium,"#N/A",New,Subject_zxyud,"#N/A","#N/A","#N/A","#N/A","#N/A"
41fe2ea1-9e87-4d20-9efb-c6f826f37768,"#N/A","#N/A",false,Web,"#N/A","#N/A",Medium,"#N/A",New,Subject_cvklq,"#N/A","#N/A","#N/A","#N/A","#N/A"
42010f1d-dc1b-4867-ba40-c6f2ba5c9231,"#N/A","#N/A",false,Web,"#N/A","#N/A",Medium,"#N/A",New,Subject_oleux,"#N/A","#N/A","#N/A","#N/A","#N/A"
42021ee1-aa18-4b14-91e8-1279a940936f,"#N/A","#N/A",false,Web,"#N/A","#N/A",Medium,"#N/A",New,Subject_yhbew,"#N/A","#N/A","#N/A","#N/A","#N/A"
4205096d-dcc7-463d-b9ed-3e05aa4b3e1f,"#N/A","#N/A",false,Web,"#N/A","#N/A",Medium,"#N/A",New,Subject_kethe,"#N/A","#N/A","#N/A","#N/A","#N/A"
420fbaec-d9e4-446b-9771-a682744b7585,"#N/A","#N/A",false,Web,"#N/A","#N/A",Medium,"#N/A",New,Subject_vipqs,"#N/A","#N/A","#N/A","#N/A","#N/A"
42140740-f9c6-4bde-bb87-0907e67848fb,"#N/A","#N/A",false,Web,"#N/A","#N/A",Medium,"#N/A",New,Subject_tudsa,"#N/A","#N/A","#N/A","#N/A","#N/A"
421783c8-ef2c-4667-9d56-fb7b96f746a6,"#N/A","#N/A",false,Web,"#N/A","#N/A",Medium,"#N/A",New,Subject_zjhuh,"#N/A","#N/A","#N/A","#N/A","#N/A"
421f5936-3ee8-4693-9439-61a432ba6481,"#N/A","#N/A",false,Web,"#N/A","#N/A",Medium,"#N/A",New,Subject_swwou,"#N/A","#N/A","#N/A","#N/A","#N/A"
4220129c-3b19-473d-89de-cc53b4c40c0e,"#N/A","#N/A",false,Web,"#N/A","#N/A",Medium,"#N/A",New,Subject_xtzkd,"#N/A","#N/A","#N/A","#N/A","#N/A"
422081ce-a490-4d50-9957-879ee983b875,"#N/A","#N/A",false,Web,"#N/A","#N/A",Medium,"#N/A",New,Subject_reaac,"#N/A","#N/A","#N/A","#N/A","#N/A"
42220336-8181-497a-bff4-c7793f956997,"#N/A","#N/A",false,Web,"#N/A","#N/A",Medium,"#N/A",New,Subject_rfclm,"#N/A","#N/A","#N/A","#N/A","#N/A"
42221dcd-2f4c-4896-8e06-69a8adbd51f1,"#N/A","#N/A",false,Web,"#N/A","#N/A",Medium,"#N/A",New,Subject_bpqmt,"#N/A","#N/A","#N/A","#N/A","#N/A"
42237877-6963-4b47-90a9-1316f054f744,"#N/A","#N/A",false,Web,"#N/A","#N/A",Medium,"#N/A",New,Subject_zblzm,"#N/A","#N/A","#N/A","#N/A","#N/A"
422801f0-dc82-44b4-ba07-c4e5d18ec580,"#N/A","#N/A",false,Web,"#N/A","#N/A",Medium,"#N/A",New,Subject_bbpcx,"#N/A","#N/A","#N/A","#N/A","#N/A"
42280f08-3a60-46aa-85b5-39a9746d721b,"#N/A","#N/A",false,Web,"#N/A","#N/A",Medium,"#N/A",New,Subject_fgsta,"#N/A","#N/A","#N/A","#N/A","#N/A"
42289ec0-b217-4216-af00-49c5bbcf3afb,"#N/A","#N/A",false,Web,"#N/A","#N/A",Medium,"#N/A",New,Subject_tcrny,"#N/A","#N/A","#N/A","#N/A","#N/A"
422c9b18-874f-4133-93bd-dba4f537a382,"#N/A","#N/A",false,Web,"#N/A","#N/A",Medium,"#N/A",New,Subject_efqcu,"#N/A","#N/A","#N/A","#N/A","#N/A"
423346f2-29a2-485b-84ee-af8e3116d9a5,"#N/A","#N/A",false,Web,"#N/A","#N/A",Medium,"#N/A",New,Subject_gdlag,"#N/A","#N/A","#N/A","#N/A","#N/A"
4239fe71-3d2f-4345-aa4d-0705622c9f7a,"#N/A","#N/A",false,Web,"#N/A","#N/A",Medium,"#N/A",New,Subject_azafj,"#N/A","#N/A","#N/A","#N/A","#N/A"
4241ad12-5d63-4d50-af93-0bc9df1bf372,"#N/A","#N/A",false,Web,"#N/A","#N/A",Medium,"#N/A",New,Subject_tnxoq,"#N/A","#N/A","#N/A","#N/A","#N/A"
4243c97c-58a5-4f74-a936-4f1de024d445,"#N/A","#N/A",false,Web,"#N/A","#N/A",Medium,"#N/A",New,Subject_nmcih,"#N/A","#N/A","#N/A","#N/A","#N/A"
42471ee2-2072-4b38-a952-68987c9b26b0,"#N/A","#N/A",false,Web,"#N/A","#N/A",Medium,"#N/A",New,Subject_mjkcq,"#N/A","#N/A","#N/A","#N/A","#N/A"
42485a1f-7cd7-44ce-8b41-54a8032d81cb,"#N/A","#N/A",false,Web,"#N/A","#N/A",Medium,"#N/A",New,Subject_vmsbd,"#N/A","#N/A","#N/A","#N/A","#N/A"
424b1f53-dc6c-4916-8a66-d6b309632837,"#N/A","#N/A",false,Web,"#N/A","#N/A",Medium,"#N/A",New,Subject_wchdf,"#N/A","#N/A","#N/A","#N/A","#N/A"
424d2fc1-6a56-4df6-a34c-251c7cb49e9b,"#N/A","#N/A",false,Web,"#N/A","#N/A",Medium,"#N/A",New,Subject_gsrde,"#N/A","#N/A","#N/A","#N/A","#N/A"
42535158-faff-482f-8dc3-980aa2a51377,"#N/A","#N/A",false,Web,"#N/A","#N/A",Medium,"#N/A",New,Subject_gitmg,"#N/A","#N/A","#N/A","#N/A","#N/A"
4255729d-275c-41b6-a11b-5f3f6cfe9478,"#N/A","#N/A",false,Web,"#N/A","#N/A",Medium,"#N/A",New,Subject_axaxj,"#N/A","#N/A","#N/A","#N/A","#N/A"
4255ae8c-2782-4b58-94ab-5df931c890d5,"#N/A","#N/A",false,Web,"#N/A","#N/A",Medium,"#N/A",New,Subject_kfkzi,"#N/A","#N/A","#N/A","#N/A","#N/A"
42570d77-5a95-4fcf-a0e7-2af178ff5da8,"#N/A","#N/A",false,Web,"#N/A","#N/A",Medium,"#N/A",New,Subject_pckfn,"#N/A","#N/A","#N/A","#N/A","#N/A"
42596108-c104-4c6b-9440-0e9e5ee70805,"#N/A","#N/A",false,Web,"#N/A","#N/A",Medium,"#N/A",New,Subject_jiydz,"#N/A","#N/A","#N/A","#N/A","#N/A"
425c07c2-f6c0-4279-bc0b-a60a2d5283fd,"#N/A","#N/A",false,Web,"#N/A","#N/A",Medium,"#N/A",New,Subject_gfdyl,"#N/A","#N/A","#N/A","#N/A","#N/A"
42625f5d-20c0-44f4-8568-828480a46c55,"#N/A","#N/A",false,Web,"#N/A","#N/A",Medium,"#N/A",New,Subject_jvmdt,"#N/A","#N/A","#N/A","#N/A","#N/A"
42628a51-e6c0-4883-aaa9-959f5b7fab8e,"#N/A","#N/A",false,Web,"#N/A","#N/A",Medium,"#N/A",New,Subject_hvlkl,"#N/A","#N/A","#N/A","#N/A","#N/A"
42645959-f6e7-4c0f-8a33-001abad27f01,"#N/A","#N/A",false,Web,"#N/A","#N/A",Medium,"#N/A",New,Subject_jyhtc,"#N/A","#N/A","#N/A","#N/A","#N/A"
426494d8-1fe3-44d2-9573-d13bbda9844b,"#N/A","#N/A",false,Web,"#N/A","#N/A",Medium,"#N/A",New,Subject_tngit,"#N/A","#N/A","#N/A","#N/A","#N/A"
42652e34-ea7d-433f-bedc-e09b8bc3b84d,"#N/A","#N/A",false,Web,"#N/A","#N/A",Medium,"#N/A",New,Subject_ncvbm,"#N/A","#N/A","#N/A","#N/A","#N/A"
4265bfc7-70d1-4c28-88df-4a0fab1a3265,"#N/A","#N/A",false,Web,"#N/A","#N/A",Medium,"#N/A",New,Subject_omgvk,"#N/A","#N/A","#N/A","#N/A","#N/A"
4267dda2-f6ed-4081-9960-f4dfe08cf788,"#N/A","#N/A",false,Web,"#N/A","#N/A",Medium,"#N/A",New,Subject_goudd,"#N/A","#N/A","#N/A","#N/A","#N/A"
426ae4fe-1387-484c-9619-d4109792761c,"#N/A","#N/A",false,Web,"#N/A","#N/A",Medium,"#N/A",New,Subject_wjoau,"#N/A","#N/A","#N/A","#N/A","#N/A"
426dd696-859d-4d6e-a359-1974a5d8809a,"#N/A","#N/A",false,Web,"#N/A","#N/A",Medium,"#N/A",New,Subject_zhutq,"#N/A","#N/A","#N/A","#N/A","#N/A"
426f59f7-91d4-42b0-9e43-dddc4c914b41,"#N/A","#N/A",false,Web,"#N/A","#N/A",Medium,"#N/A",New,Subject_hmaml,"#N/A","#N/A","#N/A","#N/A","#N/A"
42703e3f-2997-43e0-99df-38e7d780825e,"#N/A","#N/A",false,Web,"#N/A","#N/A",Medium,"#N/A",New,Subject_aukhq,"#N/A","#N/A","#N/A","#N/A","#N/A"
42733ae9-2ff1-4b9c-9760-87a6d835b041,"#N/A","#N/A",false,Web,"#N/A","#N/A",Medium,"#N/A",New,Subject_jrlep,"#N/A","#N/A","#N/A","#N/A","#N/A"
42749686-fa36-4cb8-b99b-24069c8e5ac5,"#N/A","#N/A",false,Web,"#N/A","#N/A",Medium,"#N/A",New,Subject_qlsnu,"#N/A","#N/A","#N/A","#N/A","#N/A"
42791faa-b2b2-47ae-85c4-54c53edf8b55,"#N/A","#N/A",false,Web,"#N/A","#N/A",Medium,"#N/A",New,Subject_mzaco,"#N/A","#N/A","#N/A","#N/A","#N/A"
427b4980-68c5-4278-b0f4-06e2ed99c1e5,"#N/A","#N/A",false,Web,"#N/A","#N/A",Medium,"#N/A",New,Subject_naief,"#N/A","#N/A","#N/A","#N/A","#N/A"
427c5cc1-5a17-4520-9670-287357220adf,"#N/A","#N/A",false,Web,"#N/A","#N/A",Medium,"#N/A",New,Subject_wqton,"#N/A","#N/A","#N/A","#N/A","#N/A"
427f13ba-a966-4769-a403-d5fc46eb02c5,"#N/A","#N/A",false,Web,"#N/A","#N/A",Medium,"#N/A",New,Subject_cuolx,"#N/A","#N/A","#N/A","#N/A","#N/A"
4280f15e-c3b2-4fc9-9f83-3646c3a325e6,"#N/A","#N/A",false,Web,"#N/A","#N/A",Medium,"#N/A",New,Subject_bwqis,"#N/A","#N/A","#N/A","#N/A","#N/A"
428112c7-586e-4fe3-a1df-02fda7702e2e,"#N/A","#N/A",false,Web,"#N/A","#N/A",Medium,"#N/A",New,Subject_hqyjb,"#N/A","#N/A","#N/A","#N/A","#N/A"
42812b37-8ec8-46b8-a73c-5112bbc48c1a,"#N/A","#N/A",false,Web,"#N/A","#N/A",Medium,"#N/A",New,Subject_hcfdb,"#N/A","#N/A","#N/A","#N/A","#N/A"
4281625e-60de-46c2-a8ed-901f0a8d7792,"#N/A","#N/A",false,Web,"#N/A","#N/A",Medium,"#N/A",New,Subject_cjjgl,"#N/A","#N/A","#N/A","#N/A","#N/A"
4285dcff-80af-40ab-ad6c-63f057bf4640,"#N/A","#N/A",false,Web,"#N/A","#N/A",Medium,"#N/A",New,Subject_avnue,"#N/A","#N/A","#N/A","#N/A","#N/A"
428dda50-b6f6-42bd-8d82-0016f69416fb,"#N/A","#N/A",false,Web,"#N/A","#N/A",Medium,"#N/A",New,Subject_vlxfn,"#N/A","#N/A","#N/A","#N/A","#N/A"
4296bcc1-1e93-4c33-ab97-1c58e2de3d41,"#N/A","#N/A",false,Web,"#N/A","#N/A",Medium,"#N/A",New,Subject_nbofp,"#N/A","#N/A","#N/A","#N/A","#N/A"
42970ab9-cc7e-42ba-96be-a188c43428f1,"#N/A","#N/A",false,Web,"#N/A","#N/A",Medium,"#N/A",New,Subject_ywjsa,"#N/A","#N/A","#N/A","#N/A","#N/A"
42978aa7-78a6-4b26-a6d0-b944e0e96743,"#N/A","#N/A",false,Web,"#N/A","#N/A",Medium,"#N/A",New,Subject_hmfcp,"#N/A","#N/A","#N/A","#N/A","#N/A"
4299e526-d2c4-4677-bb96-cea0f7078628,"#N/A","#N/A",false,Web,"#N/A","#N/A",Medium,"#N/A",New,Subject_ldtqp,"#N/A","#N/A","#N/A","#N/A","#N/A"
429b2349-3c77-47a8-827c-a7667a722f9f,"#N/A","#N/A",false,Web,"#N/A","#N/A",Medium,"#N/A",New,Subject_yqjxp,"#N/A","#N/A","#N/A","#N/A","#N/A"
429dd7e1-52fd-4eef-adaa-187578cf1428,"#N/A","#N/A",false,Web,"#N/A","#N/A",Medium,"#N/A",New,Subject_cvzwz,"#N/A","#N/A","#N/A","#N/A","#N/A"
429ddc92-3dba-49af-8128-95d526ff9807,"#N/A","#N/A",false,Web,"#N/A","#N/A",Medium,"#N/A",New,Subject_bdaam,"#N/A","#N/A","#N/A","#N/A","#N/A"
42a51c89-998e-49f8-b42f-0af73ae95645,"#N/A","#N/A",false,Web,"#N/A","#N/A",Medium,"#N/A",New,Subject_cttvy,"#N/A","#N/A","#N/A","#N/A","#N/A"
42a66034-6521-44e0-96eb-85e06d546b27,"#N/A","#N/A",false,Web,"#N/A","#N/A",Medium,"#N/A",New,Subject_obgdt,"#N/A","#N/A","#N/A","#N/A","#N/A"
42a867f4-f3cf-4ba4-80f2-48fd3c9fe7e2,"#N/A","#N/A",false,Web,"#N/A","#N/A",Medium,"#N/A",New,Subject_yplbu,"#N/A","#N/A","#N/A","#N/A","#N/A"
42a92000-336d-4e7e-a6a3-d4a38fbae6cf,"#N/A","#N/A",false,Web,"#N/A","#N/A",Medium,"#N/A",New,Subject_djscs,"#N/A","#N/A","#N/A","#N/A","#N/A"
42ab4eb8-eef8-465c-a852-7c66dafe0e39,"#N/A","#N/A",false,Web,"#N/A","#N/A",Medium,"#N/A",New,Subject_skskp,"#N/A","#N/A","#N/A","#N/A","#N/A"
42ad7e6b-dea5-4400-968f-3f3e9578016c,"#N/A","#N/A",false,Web,"#N/A","#N/A",Medium,"#N/A",New,Subject_tofdn,"#N/A","#N/A","#N/A","#N/A","#N/A"
42afc10a-a09f-4f2e-b915-f899eb3ca4e8,"#N/A","#N/A",false,Web,"#N/A","#N/A",Medium,"#N/A",New,Subject_jkojx,"#N/A","#N/A","#N/A","#N/A","#N/A"
42b17097-6260-43f4-a39a-fccd1ff9d039,"#N/A","#N/A",false,Web,"#N/A","#N/A",Medium,"#N/A",New,Subject_xmdjl,"#N/A","#N/A","#N/A","#N/A","#N/A"
42b51738-cfea-4321-8440-e84edc8ba8dd,"#N/A","#N/A",false,Web,"#N/A","#N/A",Medium,"#N/A",New,Subject_izmvw,"#N/A","#N/A","#N/A","#N/A","#N/A"
42b69d32-8c64-4b26-9f30-64a8e4f36e9e,"#N/A","#N/A",false,Web,"#N/A","#N/A",Medium,"#N/A",New,Subject_sodnt,"#N/A","#N/A","#N/A","#N/A","#N/A"
42bac220-0853-49c5-98bc-6a0316f9ddda,"#N/A","#N/A",false,Web,"#N/A","#N/A",Medium,"#N/A",New,Subject_fabbd,"#N/A","#N/A","#N/A","#N/A","#N/A"
42c37100-165e-4336-92b0-3173f81e87cb,"#N/A","#N/A",false,Web,"#N/A","#N/A",Medium,"#N/A",New,Subject_remgf,"#N/A","#N/A","#N/A","#N/A","#N/A"
42c5326c-5546-410f-9466-f197846b5bf5,"#N/A","#N/A",false,Web,"#N/A","#N/A",Medium,"#N/A",New,Subject_emfqm,"#N/A","#N/A","#N/A","#N/A","#N/A"
42cc6812-2bd6-4df3-9dc6-7823a8ac2483,"#N/A","#N/A",false,Web,"#N/A","#N/A",Medium,"#N/A",New,Subject_bxvmk,"#N/A","#N/A","#N/A","#N/A","#N/A"
42cc94d3-d517-487d-ba4d-145b0f5d467b,"#N/A","#N/A",false,Web,"#N/A","#N/A",Medium,"#N/A",New,Subject_mfzkh,"#N/A","#N/A","#N/A","#N/A","#N/A"
42ceeb1f-be9d-4c71-81fb-61b35bc62122,"#N/A","#N/A",false,Web,"#N/A","#N/A",Medium,"#N/A",New,Subject_fftme,"#N/A","#N/A","#N/A","#N/A","#N/A"
42d5078d-c22b-402f-9167-272fc6b9128b,"#N/A","#N/A",false,Web,"#N/A","#N/A",Medium,"#N/A",New,Subject_vxebt,"#N/A","#N/A","#N/A","#N/A","#N/A"
42d74b49-7c13-42ca-a42c-2d68ae3aca2b,"#N/A","#N/A",false,Web,"#N/A","#N/A",Medium,"#N/A",New,Subject_qihgs,"#N/A","#N/A","#N/A","#N/A","#N/A"
42d816ff-d225-457a-b69e-b6c4762937ce,"#N/A","#N/A",false,Web,"#N/A","#N/A",Medium,"#N/A",New,Subject_yowsb,"#N/A","#N/A","#N/A","#N/A","#N/A"
42ded365-9f1f-4315-9d88-509fdb175b6f,"#N/A","#N/A",false,Web,"#N/A","#N/A",Medium,"#N/A",New,Subject_zjkkz,"#N/A","#N/A","#N/A","#N/A","#N/A"
42dedccc-b92d-459d-98ce-12769d35be6f,"#N/A","#N/A",false,Web,"#N/A","#N/A",Medium,"#N/A",New,Subject_zywme,"#N/A","#N/A","#N/A","#N/A","#N/A"
42df12d9-8172-4786-8841-a6e54c1e4475,"#N/A","#N/A",false,Web,"#N/A","#N/A",Medium,"#N/A",New,Subject_cmvol,"#N/A","#N/A","#N/A","#N/A","#N/A"
42eaacda-c1f7-4d36-957b-46ce105c6225,"#N/A","#N/A",false,Web,"#N/A","#N/A",Medium,"#N/A",New,Subject_otdbj,"#N/A","#N/A","#N/A","#N/A","#N/A"
42eddb6b-c9a2-4fce-81b0-1d01735089b2,"#N/A","#N/A",false,Web,"#N/A","#N/A",Medium,"#N/A",New,Subject_gngza,"#N/A","#N/A","#N/A","#N/A","#N/A"
42f4dad9-c52c-466a-bff9-c7a9316abfb7,"#N/A","#N/A",false,Web,"#N/A","#N/A",Medium,"#N/A",New,Subject_xcjdt,"#N/A","#N/A","#N/A","#N/A","#N/A"
42f50f6d-791b-4516-b231-c9d5b30301d2,"#N/A","#N/A",false,Web,"#N/A","#N/A",Medium,"#N/A",New,Subject_xkdft,"#N/A","#N/A","#N/A","#N/A","#N/A"
42f94e13-b75d-4717-ace1-21931df08272,"#N/A","#N/A",false,Web,"#N/A","#N/A",Medium,"#N/A",New,Subject_ulaim,"#N/A","#N/A","#N/A","#N/A","#N/A"
42fa9224-deaf-40ee-a92b-cea3a4f61a24,"#N/A","#N/A",false,Web,"#N/A","#N/A",Medium,"#N/A",New,Subject_ygwjj,"#N/A","#N/A","#N/A","#N/A","#N/A"
42fc257f-0052-42ba-918e-a9b5e76dab7a,"#N/A","#N/A",false,Web,"#N/A","#N/A",Medium,"#N/A",New,Subject_bukfr,"#N/A","#N/A","#N/A","#N/A","#N/A"
42fd57e9-5b15-4592-a4f1-79df8c25c93b,"#N/A","#N/A",false,Web,"#N/A","#N/A",Medium,"#N/A",New,Subject_lwipt,"#N/A","#N/A","#N/A","#N/A","#N/A"
42fdb199-8bbd-4271-bd24-ca6f7a442fa9,"#N/A","#N/A",false,Web,"#N/A","#N/A",Medium,"#N/A",New,Subject_ghwlv,"#N/A","#N/A","#N/A","#N/A","#N/A"
43012601-a420-4964-bb47-f7eb3765e7b1,"#N/A","#N/A",false,Web,"#N/A","#N/A",Medium,"#N/A",New,Subject_jkdcn,"#N/A","#N/A","#N/A","#N/A","#N/A"
43057b15-2bf4-4297-a3b1-aba59a25b3f0,"#N/A","#N/A",false,Web,"#N/A","#N/A",Medium,"#N/A",New,Subject_aovkx,"#N/A","#N/A","#N/A","#N/A","#N/A"
43079144-9b27-4ee2-9985-54b7aaee4173,"#N/A","#N/A",false,Web,"#N/A","#N/A",Medium,"#N/A",New,Subject_jmqrq,"#N/A","#N/A","#N/A","#N/A","#N/A"
430794f5-e3f4-490e-8e0f-f4582715fdbb,"#N/A","#N/A",false,Web,"#N/A","#N/A",Medium,"#N/A",New,Subject_kaaix,"#N/A","#N/A","#N/A","#N/A","#N/A"
430bc80c-b04b-45a6-b26f-9b3d4d103b4a,"#N/A","#N/A",false,Web,"#N/A","#N/A",Medium,"#N/A",New,Subject_dvtvl,"#N/A","#N/A","#N/A","#N/A","#N/A"
430dee02-c103-4780-a493-733ebd2a2086,"#N/A","#N/A",false,Web,"#N/A","#N/A",Medium,"#N/A",New,Subject_gtnxi,"#N/A","#N/A","#N/A","#N/A","#N/A"
430e651e-cfc0-4631-a353-22b1a0db59b5,"#N/A","#N/A",false,Web,"#N/A","#N/A",Medium,"#N/A",New,Subject_puqpy,"#N/A","#N/A","#N/A","#N/A","#N/A"
430f0bea-51ba-4a35-9f88-03c5e23d0a01,"#N/A","#N/A",false,Web,"#N/A","#N/A",Medium,"#N/A",New,Subject_hejvo,"#N/A","#N/A","#N/A","#N/A","#N/A"
4311125d-50f9-4004-97ee-709ddb2b9281,"#N/A","#N/A",false,Web,"#N/A","#N/A",Medium,"#N/A",New,Subject_ufckk,"#N/A","#N/A","#N/A","#N/A","#N/A"
43113397-65ed-42b2-b279-c4edef33d792,"#N/A","#N/A",false,Web,"#N/A","#N/A",Medium,"#N/A",New,Subject_objzd,"#N/A","#N/A","#N/A","#N/A","#N/A"
4312294c-362a-41e6-82e6-9995ee83e252,"#N/A","#N/A",false,Web,"#N/A","#N/A",Medium,"#N/A",New,Subject_elotj,"#N/A","#N/A","#N/A","#N/A","#N/A"
431392bc-2a9d-46de-a60b-cb402d97c4a2,"#N/A","#N/A",false,Web,"#N/A","#N/A",Medium,"#N/A",New,Subject_bjicn,"#N/A","#N/A","#N/A","#N/A","#N/A"
4315ca12-646c-468a-9ce0-f9415e008bc9,"#N/A","#N/A",false,Web,"#N/A","#N/A",Medium,"#N/A",New,Subject_ehlxp,"#N/A","#N/A","#N/A","#N/A","#N/A"
4316ebd3-c0fc-462a-a9f3-ac9dcc5a6735,"#N/A","#N/A",false,Web,"#N/A","#N/A",Medium,"#N/A",New,Subject_ohqyy,"#N/A","#N/A","#N/A","#N/A","#N/A"
431896ba-bc64-42b3-a9f9-c34e9642d119,"#N/A","#N/A",false,Web,"#N/A","#N/A",Medium,"#N/A",New,Subject_ckxgy,"#N/A","#N/A","#N/A","#N/A","#N/A"
4319c15d-e063-4587-bb3c-768be917330f,"#N/A","#N/A",false,Web,"#N/A","#N/A",Medium,"#N/A",New,Subject_fybqq,"#N/A","#N/A","#N/A","#N/A","#N/A"
431b2234-4252-40f4-b245-6d8f544b1026,"#N/A","#N/A",false,Web,"#N/A","#N/A",Medium,"#N/A",New,Subject_xabjy,"#N/A","#N/A","#N/A","#N/A","#N/A"
431df5ab-c366-449f-9d86-315b197a0c7d,"#N/A","#N/A",false,Web,"#N/A","#N/A",Medium,"#N/A",New,Subject_vicst,"#N/A","#N/A","#N/A","#N/A","#N/A"
431ec473-d122-4ff4-a2f0-2f31b6b9bd86,"#N/A","#N/A",false,Web,"#N/A","#N/A",Medium,"#N/A",New,Subject_ffxdg,"#N/A","#N/A","#N/A","#N/A","#N/A"
431faad8-358d-4ae7-8136-06c9bce94f39,"#N/A","#N/A",false,Web,"#N/A","#N/A",Medium,"#N/A",New,Subject_kvvgg,"#N/A","#N/A","#N/A","#N/A","#N/A"
4323add5-90c9-423b-80e3-68e117d0043c,"#N/A","#N/A",false,Web,"#N/A","#N/A",Medium,"#N/A",New,Subject_ytrzy,"#N/A","#N/A","#N/A","#N/A","#N/A"
43258577-5fbe-4ade-b208-8ecc9a5f7b6c,"#N/A","#N/A",false,Web,"#N/A","#N/A",Medium,"#N/A",New,Subject_feoar,"#N/A","#N/A","#N/A","#N/A","#N/A"
4325eea7-051c-4763-a66a-9ee2efc6dbdb,"#N/A","#N/A",false,Web,"#N/A","#N/A",Medium,"#N/A",New,Subject_ejaxe,"#N/A","#N/A","#N/A","#N/A","#N/A"
43277172-c08d-4923-b6c3-93980c80c0c4,"#N/A","#N/A",false,Web,"#N/A","#N/A",Medium,"#N/A",New,Subject_ecupl,"#N/A","#N/A","#N/A","#N/A","#N/A"
432ad938-5360-4300-baa7-def77961de45,"#N/A","#N/A",false,Web,"#N/A","#N/A",Medium,"#N/A",New,Subject_ggkrc,"#N/A","#N/A","#N/A","#N/A","#N/A"
432b8b3d-c78c-48c7-925a-ce7814ff9af6,"#N/A","#N/A",false,Web,"#N/A","#N/A",Medium,"#N/A",New,Subject_bvgix,"#N/A","#N/A","#N/A","#N/A","#N/A"
432cea71-2d53-408e-9417-423e58f6566d,"#N/A","#N/A",false,Web,"#N/A","#N/A",Medium,"#N/A",New,Subject_klnju,"#N/A","#N/A","#N/A","#N/A","#N/A"
432d7708-ff3b-4ba8-9163-72c70ac4928b,"#N/A","#N/A",false,Web,"#N/A","#N/A",Medium,"#N/A",New,Subject_lwrqs,"#N/A","#N/A","#N/A","#N/A","#N/A"
43320355-b420-4d84-9b71-9ef38037fc5c,"#N/A","#N/A",false,Web,"#N/A","#N/A",Medium,"#N/A",New,Subject_tkoop,"#N/A","#N/A","#N/A","#N/A","#N/A"
43346b03-0954-44dc-8e17-bfac52a418f5,"#N/A","#N/A",false,Web,"#N/A","#N/A",Medium,"#N/A",New,Subject_yvesu,"#N/A","#N/A","#N/A","#N/A","#N/A"
4334f064-01d0-4c0a-abc1-274c29ab7ccd,"#N/A","#N/A",false,Web,"#N/A","#N/A",Medium,"#N/A",New,Subject_rgddy,"#N/A","#N/A","#N/A","#N/A","#N/A"
433702ff-2474-4b35-a823-4cbdd2c926b4,"#N/A","#N/A",false,Web,"#N/A","#N/A",Medium,"#N/A",New,Subject_kirnm,"#N/A","#N/A","#N/A","#N/A","#N/A"
4338b562-6aad-48bf-b276-0e2c568e4963,"#N/A","#N/A",false,Web,"#N/A","#N/A",Medium,"#N/A",New,Subject_nbsoe,"#N/A","#N/A","#N/A","#N/A","#N/A"
4339a85e-10a2-4d87-aa77-3e3257c1f5a7,"#N/A","#N/A",false,Web,"#N/A","#N/A",Medium,"#N/A",New,Subject_qmrnb,"#N/A","#N/A","#N/A","#N/A","#N/A"
4339d279-e06b-4947-8167-66fe5ce851c9,"#N/A","#N/A",false,Web,"#N/A","#N/A",Medium,"#N/A",New,Subject_xjlzd,"#N/A","#N/A","#N/A","#N/A","#N/A"
4344147e-7cae-409b-b6ac-760a95cc8a52,"#N/A","#N/A",false,Web,"#N/A","#N/A",Medium,"#N/A",New,Subject_bzmfq,"#N/A","#N/A","#N/A","#N/A","#N/A"
43450bfa-a9b6-4f58-9898-cbb0a8996337,"#N/A","#N/A",false,Web,"#N/A","#N/A",Medium,"#N/A",New,Subject_lzpgo,"#N/A","#N/A","#N/A","#N/A","#N/A"
43497c47-66ab-426b-8713-65d960c87f26,"#N/A","#N/A",false,Web,"#N/A","#N/A",Medium,"#N/A",New,Subject_ljlic,"#N/A","#N/A","#N/A","#N/A","#N/A"
434a6ba9-ad16-467d-bf71-e467804ccb1b,"#N/A","#N/A",false,Web,"#N/A","#N/A",Medium,"#N/A",New,Subject_wkxmd,"#N/A","#N/A","#N/A","#N/A","#N/A"
434cd1ac-b84e-4f7e-994f-4012bc3b807d,"#N/A","#N/A",false,Web,"#N/A","#N/A",Medium,"#N/A",New,Subject_otcib,"#N/A","#N/A","#N/A","#N/A","#N/A"
434fcdd4-9297-444f-9003-f4c85c73bee9,"#N/A","#N/A",false,Web,"#N/A","#N/A",Medium,"#N/A",New,Subject_vjrmb,"#N/A","#N/A","#N/A","#N/A","#N/A"
43503a95-20e3-47b0-90fd-b0f553b91d9f,"#N/A","#N/A",false,Web,"#N/A","#N/A",Medium,"#N/A",New,Subject_unjov,"#N/A","#N/A","#N/A","#N/A","#N/A"
435339ad-71e7-47eb-89b2-93037a1dc022,"#N/A","#N/A",false,Web,"#N/A","#N/A",Medium,"#N/A",New,Subject_afqls,"#N/A","#N/A","#N/A","#N/A","#N/A"
43575152-c665-49e5-a144-516598469de3,"#N/A","#N/A",false,Web,"#N/A","#N/A",Medium,"#N/A",New,Subject_kluwv,"#N/A","#N/A","#N/A","#N/A","#N/A"
4357be1c-4960-4993-920f-1036216f0ef8,"#N/A","#N/A",false,Web,"#N/A","#N/A",Medium,"#N/A",New,Subject_fqnfu,"#N/A","#N/A","#N/A","#N/A","#N/A"
43603948-2e93-4180-8b91-5c73e1ea6687,"#N/A","#N/A",false,Web,"#N/A","#N/A",Medium,"#N/A",New,Subject_lgbbx,"#N/A","#N/A","#N/A","#N/A","#N/A"
4361cdcc-8a0e-4d1a-a134-2a3a2f877c63,"#N/A","#N/A",false,Web,"#N/A","#N/A",Medium,"#N/A",New,Subject_gsqfq,"#N/A","#N/A","#N/A","#N/A","#N/A"
436dc395-533b-4349-8176-ccf1a931583b,"#N/A","#N/A",false,Web,"#N/A","#N/A",Medium,"#N/A",New,Subject_nkpvx,"#N/A","#N/A","#N/A","#N/A","#N/A"
436dcb45-83ef-4c60-a96e-73027d7f0ee6,"#N/A","#N/A",false,Web,"#N/A","#N/A",Medium,"#N/A",New,Subject_lokjd,"#N/A","#N/A","#N/A","#N/A","#N/A"
43710b4e-9a51-4eb1-8e59-87be20aa8fe9,"#N/A","#N/A",false,Web,"#N/A","#N/A",Medium,"#N/A",New,Subject_izdup,"#N/A","#N/A","#N/A","#N/A","#N/A"
4371ef12-6e72-44f6-91fb-2b546913fbaf,"#N/A","#N/A",false,Web,"#N/A","#N/A",Medium,"#N/A",New,Subject_xyitz,"#N/A","#N/A","#N/A","#N/A","#N/A"
43736dde-6e87-4cba-b6c7-03656467a758,"#N/A","#N/A",false,Web,"#N/A","#N/A",Medium,"#N/A",New,Subject_thgty,"#N/A","#N/A","#N/A","#N/A","#N/A"
437423f8-d6c3-4aa0-aff5-e672bde9c500,"#N/A","#N/A",false,Web,"#N/A","#N/A",Medium,"#N/A",New,Subject_pfivi,"#N/A","#N/A","#N/A","#N/A","#N/A"
4374a057-0028-4fd3-9bdc-031da65cf7e7,"#N/A","#N/A",false,Web,"#N/A","#N/A",Medium,"#N/A",New,Subject_bdwnk,"#N/A","#N/A","#N/A","#N/A","#N/A"
4375cb29-b7da-47ae-a50e-9beb0c3b7064,"#N/A","#N/A",false,Web,"#N/A","#N/A",Medium,"#N/A",New,Subject_ipmoq,"#N/A","#N/A","#N/A","#N/A","#N/A"
43790156-edc3-4630-a5fd-ac10d2c10263,"#N/A","#N/A",false,Web,"#N/A","#N/A",Medium,"#N/A",New,Subject_eumrw,"#N/A","#N/A","#N/A","#N/A","#N/A"
437dfecc-d101-4185-95ed-cb89aa454f70,"#N/A","#N/A",false,Web,"#N/A","#N/A",Medium,"#N/A",New,Subject_rytwj,"#N/A","#N/A","#N/A","#N/A","#N/A"
437efc3b-815a-44ee-92a8-b03a192d2415,"#N/A","#N/A",false,Web,"#N/A","#N/A",Medium,"#N/A",New,Subject_dqztb,"#N/A","#N/A","#N/A","#N/A","#N/A"
43818977-1ec4-4f2a-91f0-ebd8c681e517,"#N/A","#N/A",false,Web,"#N/A","#N/A",Medium,"#N/A",New,Subject_lzwlf,"#N/A","#N/A","#N/A","#N/A","#N/A"
4382e8b3-c282-4c77-81ee-7ec8b957b993,"#N/A","#N/A",false,Web,"#N/A","#N/A",Medium,"#N/A",New,Subject_rvqrz,"#N/A","#N/A","#N/A","#N/A","#N/A"
4389e3c0-82f9-4f66-a68d-52cd59d8aae6,"#N/A","#N/A",false,Web,"#N/A","#N/A",Medium,"#N/A",New,Subject_albal,"#N/A","#N/A","#N/A","#N/A","#N/A"
43984158-84e5-4740-a6ff-30694e3df4fc,"#N/A","#N/A",false,Web,"#N/A","#N/A",Medium,"#N/A",New,Subject_gtgkt,"#N/A","#N/A","#N/A","#N/A","#N/A"
439e0a80-07f7-4ea4-bdd7-6b691bf21eee,"#N/A","#N/A",false,Web,"#N/A","#N/A",Medium,"#N/A",New,Subject_wrbxa,"#N/A","#N/A","#N/A","#N/A","#N/A"
439ee9dd-9e7d-45d8-b661-59e4b062e9d3,"#N/A","#N/A",false,Web,"#N/A","#N/A",Medium,"#N/A",New,Subject_vvbii,"#N/A","#N/A","#N/A","#N/A","#N/A"
43a03a14-886e-4db4-a818-6b7b08f6f7f0,"#N/A","#N/A",false,Web,"#N/A","#N/A",Medium,"#N/A",New,Subject_pfgin,"#N/A","#N/A","#N/A","#N/A","#N/A"
43a0d1d6-e192-421a-b8b7-62157947d7f0,"#N/A","#N/A",false,Web,"#N/A","#N/A",Medium,"#N/A",New,Subject_aacyq,"#N/A","#N/A","#N/A","#N/A","#N/A"
43a919ff-f6c3-4aa8-aa0d-ef698bdd5800,"#N/A","#N/A",false,Web,"#N/A","#N/A",Medium,"#N/A",New,Subject_vjxtv,"#N/A","#N/A","#N/A","#N/A","#N/A"
43aa0434-ebc7-4248-a317-8c4a90eca87c,"#N/A","#N/A",false,Web,"#N/A","#N/A",Medium,"#N/A",New,Subject_igxte,"#N/A","#N/A","#N/A","#N/A","#N/A"
43ac826c-094f-4779-92ce-149b9c983c37,"#N/A","#N/A",false,Web,"#N/A","#N/A",Medium,"#N/A",New,Subject_dysey,"#N/A","#N/A","#N/A","#N/A","#N/A"
43adc248-a48d-418e-b36b-72567cf39b35,"#N/A","#N/A",false,Web,"#N/A","#N/A",Medium,"#N/A",New,Subject_eevws,"#N/A","#N/A","#N/A","#N/A","#N/A"
43aee347-1ae0-46d4-b60d-94f50bc847b8,"#N/A","#N/A",false,Web,"#N/A","#N/A",Medium,"#N/A",New,Subject_smfgs,"#N/A","#N/A","#N/A","#N/A","#N/A"
43b00dde-4b25-47b0-a9bd-7583cd335af0,"#N/A","#N/A",false,Web,"#N/A","#N/A",Medium,"#N/A",New,Subject_zuiog,"#N/A","#N/A","#N/A","#N/A","#N/A"
43b23aec-b9d2-4b2f-a5e3-ade37c126013,"#N/A","#N/A",false,Web,"#N/A","#N/A",Medium,"#N/A",New,Subject_njlcb,"#N/A","#N/A","#N/A","#N/A","#N/A"
43b49556-988d-461e-9494-285384db9b51,"#N/A","#N/A",false,Web,"#N/A","#N/A",Medium,"#N/A",New,Subject_vnytg,"#N/A","#N/A","#N/A","#N/A","#N/A"
43b67342-7d52-4703-b14c-688d8013ad34,"#N/A","#N/A",false,Web,"#N/A","#N/A",Medium,"#N/A",New,Subject_htfgc,"#N/A","#N/A","#N/A","#N/A","#N/A"
43b72121-c3e9-4810-9662-6dc359276783,"#N/A","#N/A",false,Web,"#N/A","#N/A",Medium,"#N/A",New,Subject_thaie,"#N/A","#N/A","#N/A","#N/A","#N/A"
43b7a656-bfb3-474b-98ac-edb930871193,"#N/A","#N/A",false,Web,"#N/A","#N/A",Medium,"#N/A",New,Subject_zvkwd,"#N/A","#N/A","#N/A","#N/A","#N/A"
43ba15f1-c4c8-42cb-831c-79022f4eb743,"#N/A","#N/A",false,Web,"#N/A","#N/A",Medium,"#N/A",New,Subject_wydoa,"#N/A","#N/A","#N/A","#N/A","#N/A"
43ba6d8e-b6fd-4c0e-b728-f730cf5a00d3,"#N/A","#N/A",false,Web,"#N/A","#N/A",Medium,"#N/A",New,Subject_zlswc,"#N/A","#N/A","#N/A","#N/A","#N/A"
43bb9593-06b5-492a-bfe7-38ed0197ff47,"#N/A","#N/A",false,Web,"#N/A","#N/A",Medium,"#N/A",New,Subject_dozcs,"#N/A","#N/A","#N/A","#N/A","#N/A"
43bc463e-f0ae-4df5-b5de-610eba9b8a9a,"#N/A","#N/A",false,Web,"#N/A","#N/A",Medium,"#N/A",New,Subject_lvqrm,"#N/A","#N/A","#N/A","#N/A","#N/A"
43bcc914-1b47-42a7-a057-4864599bd48c,"#N/A","#N/A",false,Web,"#N/A","#N/A",Medium,"#N/A",New,Subject_kbnfd,"#N/A","#N/A","#N/A","#N/A","#N/A"
43bd5e67-ac3c-4cc5-b2b4-a0156109ff4a,"#N/A","#N/A",false,Web,"#N/A","#N/A",Medium,"#N/A",New,Subject_vvqom,"#N/A","#N/A","#N/A","#N/A","#N/A"
43bde75c-26dc-4a86-9003-036217a79b24,"#N/A","#N/A",false,Web,"#N/A","#N/A",Medium,"#N/A",New,Subject_gysag,"#N/A","#N/A","#N/A","#N/A","#N/A"
43c3cd4d-5007-439b-93f7-9d393fd6fea2,"#N/A","#N/A",false,Web,"#N/A","#N/A",Medium,"#N/A",New,Subject_gbxhg,"#N/A","#N/A","#N/A","#N/A","#N/A"
43c44ead-64db-41f8-92d7-e486dcaba52e,"#N/A","#N/A",false,Web,"#N/A","#N/A",Medium,"#N/A",New,Subject_osnid,"#N/A","#N/A","#N/A","#N/A","#N/A"
43c528f4-b461-4a21-9e83-1dc657b9d590,"#N/A","#N/A",false,Web,"#N/A","#N/A",Medium,"#N/A",New,Subject_ivmzj,"#N/A","#N/A","#N/A","#N/A","#N/A"
43c763fc-4ec2-4a0e-9861-39e1ffbc520a,"#N/A","#N/A",false,Web,"#N/A","#N/A",Medium,"#N/A",New,Subject_aiefk,"#N/A","#N/A","#N/A","#N/A","#N/A"
43ce4d69-88e8-400d-9977-77dc9e727b4f,"#N/A","#N/A",false,Web,"#N/A","#N/A",Medium,"#N/A",New,Subject_spcvk,"#N/A","#N/A","#N/A","#N/A","#N/A"
43d0dcc2-f27e-4f53-8c16-30125ff34072,"#N/A","#N/A",false,Web,"#N/A","#N/A",Medium,"#N/A",New,Subject_tzefy,"#N/A","#N/A","#N/A","#N/A","#N/A"
43d1b498-9ac6-4a23-9241-643952caffff,"#N/A","#N/A",false,Web,"#N/A","#N/A",Medium,"#N/A",New,Subject_syyin,"#N/A","#N/A","#N/A","#N/A","#N/A"
43d41eff-7772-42f0-b333-c663ec75828a,"#N/A","#N/A",false,Web,"#N/A","#N/A",Medium,"#N/A",New,Subject_vzkuh,"#N/A","#N/A","#N/A","#N/A","#N/A"
43d580f9-32d1-4a78-af93-f738bbfa3454,"#N/A","#N/A",false,Web,"#N/A","#N/A",Medium,"#N/A",New,Subject_vjgvd,"#N/A","#N/A","#N/A","#N/A","#N/A"
43d8998b-b4e2-4ca7-8008-a417391ed30a,"#N/A","#N/A",false,Web,"#N/A","#N/A",Medium,"#N/A",New,Subject_hoxmw,"#N/A","#N/A","#N/A","#N/A","#N/A"
43db3f41-5645-4072-a9cc-079345c4044f,"#N/A","#N/A",false,Web,"#N/A","#N/A",Medium,"#N/A",New,Subject_bqutm,"#N/A","#N/A","#N/A","#N/A","#N/A"
43dba90d-d12f-4348-a0f8-be498f78bdf3,"#N/A","#N/A",false,Web,"#N/A","#N/A",Medium,"#N/A",New,Subject_vvfxs,"#N/A","#N/A","#N/A","#N/A","#N/A"
43df8fa8-e5f2-4af3-b4d5-91120de2c0dd,"#N/A","#N/A",false,Web,"#N/A","#N/A",Medium,"#N/A",New,Subject_gynep,"#N/A","#N/A","#N/A","#N/A","#N/A"
43e1cab6-6ba0-4c30-b454-f1ca505bf90b,"#N/A","#N/A",false,Web,"#N/A","#N/A",Medium,"#N/A",New,Subject_adtgh,"#N/A","#N/A","#N/A","#N/A","#N/A"
43e4ab88-2164-47dd-a99e-13bb126472b6,"#N/A","#N/A",false,Web,"#N/A","#N/A",Medium,"#N/A",New,Subject_issvp,"#N/A","#N/A","#N/A","#N/A","#N/A"
43ee762a-2002-4532-bfbb-a182c08fbdeb,"#N/A","#N/A",false,Web,"#N/A","#N/A",Medium,"#N/A",New,Subject_srcde,"#N/A","#N/A","#N/A","#N/A","#N/A"
43eedacf-60d1-4f7b-b07c-525ebf3fa1c1,"#N/A","#N/A",false,Web,"#N/A","#N/A",Medium,"#N/A",New,Subject_iuwfq,"#N/A","#N/A","#N/A","#N/A","#N/A"
43efb950-88c4-4d08-8fae-59d8d006ba0d,"#N/A","#N/A",false,Web,"#N/A","#N/A",Medium,"#N/A",New,Subject_vdydu,"#N/A","#N/A","#N/A","#N/A","#N/A"
43f22f4c-07aa-4ee5-a4a9-a334312e6ba0,"#N/A","#N/A",false,Web,"#N/A","#N/A",Medium,"#N/A",New,Subject_bmpty,"#N/A","#N/A","#N/A","#N/A","#N/A"
43f5cdc6-7e62-4076-bb0c-43c28989eb52,"#N/A","#N/A",false,Web,"#N/A","#N/A",Medium,"#N/A",New,Subject_pqjsk,"#N/A","#N/A","#N/A","#N/A","#N/A"
43f8f4dd-51cb-4514-a429-b25f952f49e4,"#N/A","#N/A",false,Web,"#N/A","#N/A",Medium,"#N/A",New,Subject_oxssw,"#N/A","#N/A","#N/A","#N/A","#N/A"
43fcbc25-8237-4157-bab2-1f0ec547c194,"#N/A","#N/A",false,Web,"#N/A","#N/A",Medium,"#N/A",New,Subject_krqbk,"#N/A","#N/A","#N/A","#N/A","#N/A"
4408688b-f980-40ca-ac36-f01b346fb14b,"#N/A","#N/A",false,Web,"#N/A","#N/A",Medium,"#N/A",New,Subject_yyxqf,"#N/A","#N/A","#N/A","#N/A","#N/A"
44094b1e-eb1f-470a-ad82-fc7e07f9665b,"#N/A","#N/A",false,Web,"#N/A","#N/A",Medium,"#N/A",New,Subject_mvjpp,"#N/A","#N/A","#N/A","#N/A","#N/A"
441321cc-ac5b-43c1-a2dd-92aaf0f201ee,"#N/A","#N/A",false,Web,"#N/A","#N/A",Medium,"#N/A",New,Subject_rncfk,"#N/A","#N/A","#N/A","#N/A","#N/A"
4414344f-c8f7-44f9-90c7-b1af3356d0bd,"#N/A","#N/A",false,Web,"#N/A","#N/A",Medium,"#N/A",New,Subject_geadc,"#N/A","#N/A","#N/A","#N/A","#N/A"
442191c7-a757-4176-89b3-fcf515f32d58,"#N/A","#N/A",false,Web,"#N/A","#N/A",Medium,"#N/A",New,Subject_wqouk,"#N/A","#N/A","#N/A","#N/A","#N/A"
44252eea-ca23-469e-81ed-ca9f116fdeff,"#N/A","#N/A",false,Web,"#N/A","#N/A",Medium,"#N/A",New,Subject_lkazd,"#N/A","#N/A","#N/A","#N/A","#N/A"
442537b5-e67b-4cbd-a4d5-f7fd896def52,"#N/A","#N/A",false,Web,"#N/A","#N/A",Medium,"#N/A",New,Subject_lsbtr,"#N/A","#N/A","#N/A","#N/A","#N/A"
4426937b-386e-4e01-81c4-25dff14ad3bb,"#N/A","#N/A",false,Web,"#N/A","#N/A",Medium,"#N/A",New,Subject_tilsu,"#N/A","#N/A","#N/A","#N/A","#N/A"
44277faa-c753-4f38-9d71-5a60bb707901,"#N/A","#N/A",false,Web,"#N/A","#N/A",Medium,"#N/A",New,Subject_ecqpi,"#N/A","#N/A","#N/A","#N/A","#N/A"
44291de7-07a0-46e9-87e0-eb1775943878,"#N/A","#N/A",false,Web,"#N/A","#N/A",Medium,"#N/A",New,Subject_jkqif,"#N/A","#N/A","#N/A","#N/A","#N/A"
442af87e-d5c1-40a2-9595-c376bb5b9a62,"#N/A","#N/A",false,Web,"#N/A","#N/A",Medium,"#N/A",New,Subject_wljfq,"#N/A","#N/A","#N/A","#N/A","#N/A"
442b6713-28c5-4582-9812-8431463348e0,"#N/A","#N/A",false,Web,"#N/A","#N/A",Medium,"#N/A",New,Subject_olixi,"#N/A","#N/A","#N/A","#N/A","#N/A"
442d6080-bc11-4fae-93c9-b5f4fcbe7772,"#N/A","#N/A",false,Web,"#N/A","#N/A",Medium,"#N/A",New,Subject_upaxv,"#N/A","#N/A","#N/A","#N/A","#N/A"
442f39c5-b6a5-4c07-a7d9-a4703bd010a4,"#N/A","#N/A",false,Web,"#N/A","#N/A",Medium,"#N/A",New,Subject_gcgya,"#N/A","#N/A","#N/A","#N/A","#N/A"
44366182-3d68-4b2a-b8b3-ed4ab1b402b1,"#N/A","#N/A",false,Web,"#N/A","#N/A",Medium,"#N/A",New,Subject_yiknd,"#N/A","#N/A","#N/A","#N/A","#N/A"
4438776d-e5c3-4ff0-9a74-b473f2a436cd,"#N/A","#N/A",false,Web,"#N/A","#N/A",Medium,"#N/A",New,Subject_ndqsv,"#N/A","#N/A","#N/A","#N/A","#N/A"
443d26de-a057-4f73-8e96-3c5f216f4a2e,"#N/A","#N/A",false,Web,"#N/A","#N/A",Medium,"#N/A",New,Subject_dqoxq,"#N/A","#N/A","#N/A","#N/A","#N/A"
4440662b-605d-4fe4-a751-be186471e41e,"#N/A","#N/A",false,Web,"#N/A","#N/A",Medium,"#N/A",New,Subject_yuppn,"#N/A","#N/A","#N/A","#N/A","#N/A"
4444a1cb-ee30-4654-bd9d-03f8f98d72cb,"#N/A","#N/A",false,Web,"#N/A","#N/A",Medium,"#N/A",New,Subject_qrdkk,"#N/A","#N/A","#N/A","#N/A","#N/A"
4447e430-6332-436b-ad68-6aff8587e87a,"#N/A","#N/A",false,Web,"#N/A","#N/A",Medium,"#N/A",New,Subject_gydxs,"#N/A","#N/A","#N/A","#N/A","#N/A"
4448c745-89a8-4ec5-8e95-12e1ce83ebb7,"#N/A","#N/A",false,Web,"#N/A","#N/A",Medium,"#N/A",New,Subject_xtlye,"#N/A","#N/A","#N/A","#N/A","#N/A"
444d9d85-6957-4ac9-991f-3d59855ea890,"#N/A","#N/A",false,Web,"#N/A","#N/A",Medium,"#N/A",New,Subject_scwui,"#N/A","#N/A","#N/A","#N/A","#N/A"
4456c55c-cba0-42d1-b778-3af51b269c8f,"#N/A","#N/A",false,Web,"#N/A","#N/A",Medium,"#N/A",New,Subject_sfmkp,"#N/A","#N/A","#N/A","#N/A","#N/A"
445b31ab-a034-4acd-a4b3-1a6a71fa0ee8,"#N/A","#N/A",false,Web,"#N/A","#N/A",Medium,"#N/A",New,Subject_htbcu,"#N/A","#N/A","#N/A","#N/A","#N/A"
445beac8-7683-42a0-926d-412bc01aee76,"#N/A","#N/A",false,Web,"#N/A","#N/A",Medium,"#N/A",New,Subject_lrsgu,"#N/A","#N/A","#N/A","#N/A","#N/A"
445eb4cb-9c9f-4f30-8f12-1731c62f0c6e,"#N/A","#N/A",false,Web,"#N/A","#N/A",Medium,"#N/A",New,Subject_euakb,"#N/A","#N/A","#N/A","#N/A","#N/A"
445f86ce-bcdf-4001-86e2-1ec06ce62ccf,"#N/A","#N/A",false,Web,"#N/A","#N/A",Medium,"#N/A",New,Subject_cqzfp,"#N/A","#N/A","#N/A","#N/A","#N/A"
4462f049-147f-4a5c-908b-37a2eea49c90,"#N/A","#N/A",false,Web,"#N/A","#N/A",Medium,"#N/A",New,Subject_mpuhg,"#N/A","#N/A","#N/A","#N/A","#N/A"
4467629f-ae21-4b6e-8604-6159a3bfab8f,"#N/A","#N/A",false,Web,"#N/A","#N/A",Medium,"#N/A",New,Subject_xfzhx,"#N/A","#N/A","#N/A","#N/A","#N/A"
44697bc0-1589-4765-a56b-828746e459b3,"#N/A","#N/A",false,Web,"#N/A","#N/A",Medium,"#N/A",New,Subject_sxiuc,"#N/A","#N/A","#N/A","#N/A","#N/A"
446a619a-4a89-4e71-842c-591e2a6c92c9,"#N/A","#N/A",false,Web,"#N/A","#N/A",Medium,"#N/A",New,Subject_rpsqn,"#N/A","#N/A","#N/A","#N/A","#N/A"
446edbc6-630e-4451-957c-499030bbf859,"#N/A","#N/A",false,Web,"#N/A","#N/A",Medium,"#N/A",New,Subject_pqsmk,"#N/A","#N/A","#N/A","#N/A","#N/A"
44721150-41f7-41c5-adfc-d6b935455e2a,"#N/A","#N/A",false,Web,"#N/A","#N/A",Medium,"#N/A",New,Subject_whccm,"#N/A","#N/A","#N/A","#N/A","#N/A"
4473a364-d8f2-450d-92b8-c0530da95486,"#N/A","#N/A",false,Web,"#N/A","#N/A",Medium,"#N/A",New,Subject_fhczz,"#N/A","#N/A","#N/A","#N/A","#N/A"
4476cfdc-ea70-4432-a22f-944e5b67b727,"#N/A","#N/A",false,Web,"#N/A","#N/A",Medium,"#N/A",New,Subject_cpwni,"#N/A","#N/A","#N/A","#N/A","#N/A"
44778910-8435-42f1-a3f1-26fce1b5ace2,"#N/A","#N/A",false,Web,"#N/A","#N/A",Medium,"#N/A",New,Subject_yqygu,"#N/A","#N/A","#N/A","#N/A","#N/A"
447827c8-5829-4b65-9d95-c3524175d3eb,"#N/A","#N/A",false,Web,"#N/A","#N/A",Medium,"#N/A",New,Subject_syciy,"#N/A","#N/A","#N/A","#N/A","#N/A"
4479d42c-8243-457c-861e-b98dd402053e,"#N/A","#N/A",false,Web,"#N/A","#N/A",Medium,"#N/A",New,Subject_othmn,"#N/A","#N/A","#N/A","#N/A","#N/A"
447edaef-7cde-45d8-8bd8-c9a2884d9876,"#N/A","#N/A",false,Web,"#N/A","#N/A",Medium,"#N/A",New,Subject_yothe,"#N/A","#N/A","#N/A","#N/A","#N/A"
44815871-fb8b-4e98-a8eb-e30e01e914c2,"#N/A","#N/A",false,Web,"#N/A","#N/A",Medium,"#N/A",New,Subject_yyqzm,"#N/A","#N/A","#N/A","#N/A","#N/A"
448acdfc-0a8d-4237-9562-0217245dd68d,"#N/A","#N/A",false,Web,"#N/A","#N/A",Medium,"#N/A",New,Subject_svdgm,"#N/A","#N/A","#N/A","#N/A","#N/A"
448b4768-6ffe-48a2-814e-a20744ff30bd,"#N/A","#N/A",false,Web,"#N/A","#N/A",Medium,"#N/A",New,Subject_woiwt,"#N/A","#N/A","#N/A","#N/A","#N/A"
448d57a2-1dde-4d83-9d8a-a10cf4289226,"#N/A","#N/A",false,Web,"#N/A","#N/A",Medium,"#N/A",New,Subject_dqcso,"#N/A","#N/A","#N/A","#N/A","#N/A"
448f483d-763d-4ffc-a2e0-84e711b70d0d,"#N/A","#N/A",false,Web,"#N/A","#N/A",Medium,"#N/A",New,Subject_mnznu,"#N/A","#N/A","#N/A","#N/A","#N/A"
44902264-4bea-4333-98d9-c22f8d5b1db6,"#N/A","#N/A",false,Web,"#N/A","#N/A",Medium,"#N/A",New,Subject_kcwdn,"#N/A","#N/A","#N/A","#N/A","#N/A"
449249b1-9666-4e7c-9196-5216c1e38eaf,"#N/A","#N/A",false,Web,"#N/A","#N/A",Medium,"#N/A",New,Subject_zbkxz,"#N/A","#N/A","#N/A","#N/A","#N/A"
4496c9db-91fe-4b0e-adf5-425ea1c278bc,"#N/A","#N/A",false,Web,"#N/A","#N/A",Medium,"#N/A",New,Subject_vcwqm,"#N/A","#N/A","#N/A","#N/A","#N/A"
4497e29b-f4ab-484b-93e8-2756c1b1a132,"#N/A","#N/A",false,Web,"#N/A","#N/A",Medium,"#N/A",New,Subject_mvoux,"#N/A","#N/A","#N/A","#N/A","#N/A"
44988e8b-ac9d-4cb3-8b1c-04c789dc9431,"#N/A","#N/A",false,Web,"#N/A","#N/A",Medium,"#N/A",New,Subject_zslwd,"#N/A","#N/A","#N/A","#N/A","#N/A"
449910b9-04c3-4b2b-878d-213438e43062,"#N/A","#N/A",false,Web,"#N/A","#N/A",Medium,"#N/A",New,Subject_hnhqw,"#N/A","#N/A","#N/A","#N/A","#N/A"
449aed86-ba69-49ab-a22e-f85775d13fbd,"#N/A","#N/A",false,Web,"#N/A","#N/A",Medium,"#N/A",New,Subject_jryba,"#N/A","#N/A","#N/A","#N/A","#N/A"
449bb2bb-c55b-458c-b173-1e35112d965b,"#N/A","#N/A",false,Web,"#N/A","#N/A",Medium,"#N/A",New,Subject_nbaut,"#N/A","#N/A","#N/A","#N/A","#N/A"
449e6d59-4a18-4960-baf4-ebe7e6255d0b,"#N/A","#N/A",false,Web,"#N/A","#N/A",Medium,"#N/A",New,Subject_ioaaw,"#N/A","#N/A","#N/A","#N/A","#N/A"
44a9e8fa-d0d0-4c10-aab5-24c2efebb3f5,"#N/A","#N/A",false,Web,"#N/A","#N/A",Medium,"#N/A",New,Subject_unnia,"#N/A","#N/A","#N/A","#N/A","#N/A"
44ac8608-6c5b-4939-bb0d-47990eed42aa,"#N/A","#N/A",false,Web,"#N/A","#N/A",Medium,"#N/A",New,Subject_hwthu,"#N/A","#N/A","#N/A","#N/A","#N/A"
44acba86-24ae-4e7b-9d94-9941559d6c49,"#N/A","#N/A",false,Web,"#N/A","#N/A",Medium,"#N/A",New,Subject_eaykm,"#N/A","#N/A","#N/A","#N/A","#N/A"
44ad2389-4b32-4da3-b8c3-2b90b9a3d1f5,"#N/A","#N/A",false,Web,"#N/A","#N/A",Medium,"#N/A",New,Subject_uyvnv,"#N/A","#N/A","#N/A","#N/A","#N/A"
44ad254b-dbfe-44cb-a2ed-1a34f380dd7b,"#N/A","#N/A",false,Web,"#N/A","#N/A",Medium,"#N/A",New,Subject_vxrqk,"#N/A","#N/A","#N/A","#N/A","#N/A"
44ae7a96-211f-4350-b33b-185bc3efd352,"#N/A","#N/A",false,Web,"#N/A","#N/A",Medium,"#N/A",New,Subject_otqct,"#N/A","#N/A","#N/A","#N/A","#N/A"
44af42f2-b3a5-4813-b0a9-b949c03a191e,"#N/A","#N/A",false,Web,"#N/A","#N/A",Medium,"#N/A",New,Subject_lgvqz,"#N/A","#N/A","#N/A","#N/A","#N/A"
44b00623-8228-43de-906c-49cfcf04fe05,"#N/A","#N/A",false,Web,"#N/A","#N/A",Medium,"#N/A",New,Subject_kzrab,"#N/A","#N/A","#N/A","#N/A","#N/A"
44b3f4e4-c4df-4ff3-99ae-3fecaf822afb,"#N/A","#N/A",false,Web,"#N/A","#N/A",Medium,"#N/A",New,Subject_wbtxf,"#N/A","#N/A","#N/A","#N/A","#N/A"
44bfeac8-c965-47eb-8e05-b346693ef68e,"#N/A","#N/A",false,Web,"#N/A","#N/A",Medium,"#N/A",New,Subject_oiiha,"#N/A","#N/A","#N/A","#N/A","#N/A"
44c12b6b-2dc4-4d64-b355-3c76b736b004,"#N/A","#N/A",false,Web,"#N/A","#N/A",Medium,"#N/A",New,Subject_ztzaz,"#N/A","#N/A","#N/A","#N/A","#N/A"
44c2bfea-0698-40d5-b428-2c233fc0b96a,"#N/A","#N/A",false,Web,"#N/A","#N/A",Medium,"#N/A",New,Subject_ghyhh,"#N/A","#N/A","#N/A","#N/A","#N/A"
44c4d083-1fc3-4549-bf78-2a7c242af03d,"#N/A","#N/A",false,Web,"#N/A","#N/A",Medium,"#N/A",New,Subject_lkdur,"#N/A","#N/A","#N/A","#N/A","#N/A"
44c4d0f7-0a8a-4085-b5cd-090397265630,"#N/A","#N/A",false,Web,"#N/A","#N/A",Medium,"#N/A",New,Subject_uobsh,"#N/A","#N/A","#N/A","#N/A","#N/A"
44c5f63a-2cbc-4989-90da-5e80361787c2,"#N/A","#N/A",false,Web,"#N/A","#N/A",Medium,"#N/A",New,Subject_bdmpb,"#N/A","#N/A","#N/A","#N/A","#N/A"
44c9445f-508a-4914-b817-bc5cae543344,"#N/A","#N/A",false,Web,"#N/A","#N/A",Medium,"#N/A",New,Subject_lynja,"#N/A","#N/A","#N/A","#N/A","#N/A"
44cb6e7f-7730-4f35-b027-435ffe1f3b8d,"#N/A","#N/A",false,Web,"#N/A","#N/A",Medium,"#N/A",New,Subject_wvuqs,"#N/A","#N/A","#N/A","#N/A","#N/A"
44cccd44-a041-4e3b-8f2b-74af90380777,"#N/A","#N/A",false,Web,"#N/A","#N/A",Medium,"#N/A",New,Subject_bisby,"#N/A","#N/A","#N/A","#N/A","#N/A"
44ce1d17-b6db-4f16-a35f-2c4924a064c0,"#N/A","#N/A",false,Web,"#N/A","#N/A",Medium,"#N/A",New,Subject_yehwf,"#N/A","#N/A","#N/A","#N/A","#N/A"
44cf400c-6290-440e-ac37-71b38fed75b4,"#N/A","#N/A",false,Web,"#N/A","#N/A",Medium,"#N/A",New,Subject_uwigs,"#N/A","#N/A","#N/A","#N/A","#N/A"
44d2d303-1208-4b69-be3e-9cadc55b0cde,"#N/A","#N/A",false,Web,"#N/A","#N/A",Medium,"#N/A",New,Subject_unluq,"#N/A","#N/A","#N/A","#N/A","#N/A"
44d8c0d9-db4c-44d2-8f7e-00f48b5a7f15,"#N/A","#N/A",false,Web,"#N/A","#N/A",Medium,"#N/A",New,Subject_kxjlm,"#N/A","#N/A","#N/A","#N/A","#N/A"
44dbaa51-9d71-4ec0-86e2-6e41aaf3b543,"#N/A","#N/A",false,Web,"#N/A","#N/A",Medium,"#N/A",New,Subject_ycdmy,"#N/A","#N/A","#N/A","#N/A","#N/A"
44dd6625-2434-4749-8a5e-48a09ea36f36,"#N/A","#N/A",false,Web,"#N/A","#N/A",Medium,"#N/A",New,Subject_akaal,"#N/A","#N/A","#N/A","#N/A","#N/A"
44de9bbb-1220-4e3f-a6f3-48ebb8e00827,"#N/A","#N/A",false,Web,"#N/A","#N/A",Medium,"#N/A",New,Subject_ekvjq,"#N/A","#N/A","#N/A","#N/A","#N/A"
44df9ecc-0091-44cd-b01a-df41c065d0c7,"#N/A","#N/A",false,Web,"#N/A","#N/A",Medium,"#N/A",New,Subject_boruj,"#N/A","#N/A","#N/A","#N/A","#N/A"
44e089e1-f021-422a-93ff-07f3f39eaeef,"#N/A","#N/A",false,Web,"#N/A","#N/A",Medium,"#N/A",New,Subject_tmiqw,"#N/A","#N/A","#N/A","#N/A","#N/A"
44e743f9-5d3b-44f6-96fd-81cb96cae0ec,"#N/A","#N/A",false,Web,"#N/A","#N/A",Medium,"#N/A",New,Subject_vxkgd,"#N/A","#N/A","#N/A","#N/A","#N/A"
44ea7a81-1add-444d-8cee-45b5567873de,"#N/A","#N/A",false,Web,"#N/A","#N/A",Medium,"#N/A",New,Subject_wimol,"#N/A","#N/A","#N/A","#N/A","#N/A"
44ed1053-b7ee-490b-8db7-0e8505108bcb,"#N/A","#N/A",false,Web,"#N/A","#N/A",Medium,"#N/A",New,Subject_wsszu,"#N/A","#N/A","#N/A","#N/A","#N/A"
44edf63b-be98-4a15-bea1-983a79e94dcc,"#N/A","#N/A",false,Web,"#N/A","#N/A",Medium,"#N/A",New,Subject_esezh,"#N/A","#N/A","#N/A","#N/A","#N/A"
44f03fa2-bf10-4ea1-85a1-fd0c335f7fd4,"#N/A","#N/A",false,Web,"#N/A","#N/A",Medium,"#N/A",New,Subject_hrrzd,"#N/A","#N/A","#N/A","#N/A","#N/A"
44f22dd8-65c8-4700-b243-f25ea2e25ccd,"#N/A","#N/A",false,Web,"#N/A","#N/A",Medium,"#N/A",New,Subject_ndfgc,"#N/A","#N/A","#N/A","#N/A","#N/A"
44f4ef1b-d398-4027-a7d7-59bfd69f1aa7,"#N/A","#N/A",false,Web,"#N/A","#N/A",Medium,"#N/A",New,Subject_ansng,"#N/A","#N/A","#N/A","#N/A","#N/A"
4503260f-b418-41ca-9f59-7e21eb94c11f,"#N/A","#N/A",false,Web,"#N/A","#N/A",Medium,"#N/A",New,Subject_xrlbk,"#N/A","#N/A","#N/A","#N/A","#N/A"
4505b79f-7d9e-4e8d-b601-9a08d955cf75,"#N/A","#N/A",false,Web,"#N/A","#N/A",Medium,"#N/A",New,Subject_nntwf,"#N/A","#N/A","#N/A","#N/A","#N/A"
450bfc47-78da-40d9-ade4-a31af9571329,"#N/A","#N/A",false,Web,"#N/A","#N/A",Medium,"#N/A",New,Subject_cahvj,"#N/A","#N/A","#N/A","#N/A","#N/A"
450e5e47-9af4-40ac-9806-a9a9cd835b12,"#N/A","#N/A",false,Web,"#N/A","#N/A",Medium,"#N/A",New,Subject_ufjfu,"#N/A","#N/A","#N/A","#N/A","#N/A"
4514d93a-c916-4f21-b476-f452ae7a09ec,"#N/A","#N/A",false,Web,"#N/A","#N/A",Medium,"#N/A",New,Subject_jirvk,"#N/A","#N/A","#N/A","#N/A","#N/A"
45189dc2-cb2d-4cf9-bb3e-6eff613bf495,"#N/A","#N/A",false,Web,"#N/A","#N/A",Medium,"#N/A",New,Subject_mcoem,"#N/A","#N/A","#N/A","#N/A","#N/A"
451aa2d5-a28a-44ef-b8b1-d35eb8cd3a4c,"#N/A","#N/A",false,Web,"#N/A","#N/A",Medium,"#N/A",New,Subject_numzf,"#N/A","#N/A","#N/A","#N/A","#N/A"
451dc2a4-9b65-4ba2-bc9a-f760424ef344,"#N/A","#N/A",false,Web,"#N/A","#N/A",Medium,"#N/A",New,Subject_fofgu,"#N/A","#N/A","#N/A","#N/A","#N/A"
45266f43-4eb4-4561-9e9b-f4258a292d16,"#N/A","#N/A",false,Web,"#N/A","#N/A",Medium,"#N/A",New,Subject_yajas,"#N/A","#N/A","#N/A","#N/A","#N/A"
4529910d-65f2-4c26-a46d-505a188701ad,"#N/A","#N/A",false,Web,"#N/A","#N/A",Medium,"#N/A",New,Subject_jyjpi,"#N/A","#N/A","#N/A","#N/A","#N/A"
452c3fd0-4d5f-4d0d-8aa5-f8aa12beabd5,"#N/A","#N/A",false,Web,"#N/A","#N/A",Medium,"#N/A",New,Subject_ewlgs,"#N/A","#N/A","#N/A","#N/A","#N/A"
4531913a-dd20-43a3-afc9-4de8e8ce9973,"#N/A","#N/A",false,Web,"#N/A","#N/A",Medium,"#N/A",New,Subject_rfxhx,"#N/A","#N/A","#N/A","#N/A","#N/A"
4531ffdf-78ed-4c82-a206-0bb71be51f67,"#N/A","#N/A",false,Web,"#N/A","#N/A",Medium,"#N/A",New,Subject_qbzfy,"#N/A","#N/A","#N/A","#N/A","#N/A"
4534f9ba-9c9d-45b8-97fe-c5263130302e,"#N/A","#N/A",false,Web,"#N/A","#N/A",Medium,"#N/A",New,Subject_wqcnp,"#N/A","#N/A","#N/A","#N/A","#N/A"
453ad931-e689-4de7-b35a-6b7a1a90ea1c,"#N/A","#N/A",false,Web,"#N/A","#N/A",Medium,"#N/A",New,Subject_dwfpx,"#N/A","#N/A","#N/A","#N/A","#N/A"
453f0e39-f70f-4576-80d0-40437911a396,"#N/A","#N/A",false,Web,"#N/A","#N/A",Medium,"#N/A",New,Subject_peioy,"#N/A","#N/A","#N/A","#N/A","#N/A"
4540928a-dcbb-4dd9-929b-a3c6be95dcd4,"#N/A","#N/A",false,Web,"#N/A","#N/A",Medium,"#N/A",New,Subject_zttpw,"#N/A","#N/A","#N/A","#N/A","#N/A"
454239a6-2954-49c4-b436-686cdb36cf21,"#N/A","#N/A",false,Web,"#N/A","#N/A",Medium,"#N/A",New,Subject_ayzen,"#N/A","#N/A","#N/A","#N/A","#N/A"
4548a006-cf95-4d9e-a2f2-acad9d65531a,"#N/A","#N/A",false,Web,"#N/A","#N/A",Medium,"#N/A",New,Subject_lvmkv,"#N/A","#N/A","#N/A","#N/A","#N/A"
454cbfeb-8bcd-43a0-9a93-fe2638db2889,"#N/A","#N/A",false,Web,"#N/A","#N/A",Medium,"#N/A",New,Subject_pxdrj,"#N/A","#N/A","#N/A","#N/A","#N/A"
454de380-fd4c-46c9-a6b0-491a7559cbbb,"#N/A","#N/A",false,Web,"#N/A","#N/A",Medium,"#N/A",New,Subject_tgumx,"#N/A","#N/A","#N/A","#N/A","#N/A"
454df1b6-d5b7-462b-b0e7-2def788d79e1,"#N/A","#N/A",false,Web,"#N/A","#N/A",Medium,"#N/A",New,Subject_kijsi,"#N/A","#N/A","#N/A","#N/A","#N/A"
455aedc4-0408-46e3-859a-557a14a49e89,"#N/A","#N/A",false,Web,"#N/A","#N/A",Medium,"#N/A",New,Subject_nygye,"#N/A","#N/A","#N/A","#N/A","#N/A"
455f7f18-d3d3-4824-9c0b-02dc428bb4a4,"#N/A","#N/A",false,Web,"#N/A","#N/A",Medium,"#N/A",New,Subject_jsgrb,"#N/A","#N/A","#N/A","#N/A","#N/A"
4566d3bb-4901-43ca-aa63-873dc8a792b5,"#N/A","#N/A",false,Web,"#N/A","#N/A",Medium,"#N/A",New,Subject_mcvxv,"#N/A","#N/A","#N/A","#N/A","#N/A"
45687e0e-9f4e-401f-bf53-d932b406fc9f,"#N/A","#N/A",false,Web,"#N/A","#N/A",Medium,"#N/A",New,Subject_niekv,"#N/A","#N/A","#N/A","#N/A","#N/A"
456af1ff-696c-498c-95cd-8059592e271e,"#N/A","#N/A",false,Web,"#N/A","#N/A",Medium,"#N/A",New,Subject_torrd,"#N/A","#N/A","#N/A","#N/A","#N/A"
457135a7-02a5-4ce2-8c97-32ed685c096b,"#N/A","#N/A",false,Web,"#N/A","#N/A",Medium,"#N/A",New,Subject_hduqu,"#N/A","#N/A","#N/A","#N/A","#N/A"
4574d865-845f-4309-b3c7-25ee28d50a7c,"#N/A","#N/A",false,Web,"#N/A","#N/A",Medium,"#N/A",New,Subject_vzeat,"#N/A","#N/A","#N/A","#N/A","#N/A"
457618ca-92ae-4b79-a01f-587ec624baea,"#N/A","#N/A",false,Web,"#N/A","#N/A",Medium,"#N/A",New,Subject_xmokn,"#N/A","#N/A","#N/A","#N/A","#N/A"
4581702f-acd6-4209-a9eb-1d9326425229,"#N/A","#N/A",false,Web,"#N/A","#N/A",Medium,"#N/A",New,Subject_uuyay,"#N/A","#N/A","#N/A","#N/A","#N/A"
4584fa89-7cab-4afd-9fc4-ec9bff269a5a,"#N/A","#N/A",false,Web,"#N/A","#N/A",Medium,"#N/A",New,Subject_zmeky,"#N/A","#N/A","#N/A","#N/A","#N/A"
458885a1-dc4a-4d3c-9408-2f52164a50cf,"#N/A","#N/A",false,Web,"#N/A","#N/A",Medium,"#N/A",New,Subject_hicqn,"#N/A","#N/A","#N/A","#N/A","#N/A"
458d9ef5-111c-49ae-9ab2-6a9e0221648d,"#N/A","#N/A",false,Web,"#N/A","#N/A",Medium,"#N/A",New,Subject_mikbw,"#N/A","#N/A","#N/A","#N/A","#N/A"
45908d67-e40a-49fc-b428-fd7f4fb4848c,"#N/A","#N/A",false,Web,"#N/A","#N/A",Medium,"#N/A",New,Subject_twaso,"#N/A","#N/A","#N/A","#N/A","#N/A"
45914837-1b4e-4082-9e9f-49554908318d,"#N/A","#N/A",false,Web,"#N/A","#N/A",Medium,"#N/A",New,Subject_furqv,"#N/A","#N/A","#N/A","#N/A","#N/A"
4593c134-2d04-4da3-bb50-90dd508eab63,"#N/A","#N/A",false,Web,"#N/A","#N/A",Medium,"#N/A",New,Subject_icdsd,"#N/A","#N/A","#N/A","#N/A","#N/A"
4593ffa8-a0e4-4d24-8c31-53233f63f489,"#N/A","#N/A",false,Web,"#N/A","#N/A",Medium,"#N/A",New,Subject_qqrza,"#N/A","#N/A","#N/A","#N/A","#N/A"
45980b1b-08eb-467e-bdf9-ead3f82c4006,"#N/A","#N/A",false,Web,"#N/A","#N/A",Medium,"#N/A",New,Subject_uzpiw,"#N/A","#N/A","#N/A","#N/A","#N/A"
45982a88-ebb9-457b-8e07-deff4e326911,"#N/A","#N/A",false,Web,"#N/A","#N/A",Medium,"#N/A",New,Subject_ersgk,"#N/A","#N/A","#N/A","#N/A","#N/A"
45a38bde-4d0c-42cf-8534-1f3aa2b92fb5,"#N/A","#N/A",false,Web,"#N/A","#N/A",Medium,"#N/A",New,Subject_qzpsa,"#N/A","#N/A","#N/A","#N/A","#N/A"
45a6e76b-ca98-47ee-a96c-bfa2bf784da3,"#N/A","#N/A",false,Web,"#N/A","#N/A",Medium,"#N/A",New,Subject_kzwxv,"#N/A","#N/A","#N/A","#N/A","#N/A"
45a833d0-6da4-4373-92f9-d81ae7ef091c,"#N/A","#N/A",false,Web,"#N/A","#N/A",Medium,"#N/A",New,Subject_kxwwg,"#N/A","#N/A","#N/A","#N/A","#N/A"
45aa4549-bfd7-40a0-8f82-d7e39c2190c3,"#N/A","#N/A",false,Web,"#N/A","#N/A",Medium,"#N/A",New,Subject_htnma,"#N/A","#N/A","#N/A","#N/A","#N/A"
45b464ea-1953-4fb4-9b24-01ef78e4b0b2,"#N/A","#N/A",false,Web,"#N/A","#N/A",Medium,"#N/A",New,Subject_xcumn,"#N/A","#N/A","#N/A","#N/A","#N/A"
45b614ad-e9a5-4adc-98c1-13aab828db6d,"#N/A","#N/A",false,Web,"#N/A","#N/A",Medium,"#N/A",New,Subject_hirdb,"#N/A","#N/A","#N/A","#N/A","#N/A"
45ba9093-a315-492a-b347-a3ea7d4fd3b2,"#N/A","#N/A",false,Web,"#N/A","#N/A",Medium,"#N/A",New,Subject_zjeko,"#N/A","#N/A","#N/A","#N/A","#N/A"
45bb14c0-2a90-449f-be9d-0c9cd95ef09f,"#N/A","#N/A",false,Web,"#N/A","#N/A",Medium,"#N/A",New,Subject_jxgdu,"#N/A","#N/A","#N/A","#N/A","#N/A"
45befd77-f51a-4b93-96a2-3d47dbf28f0f,"#N/A","#N/A",false,Web,"#N/A","#N/A",Medium,"#N/A",New,Subject_aorlp,"#N/A","#N/A","#N/A","#N/A","#N/A"
45c0ae6e-44d4-4597-a049-c73480edf925,"#N/A","#N/A",false,Web,"#N/A","#N/A",Medium,"#N/A",New,Subject_mnpeu,"#N/A","#N/A","#N/A","#N/A","#N/A"
45c3ca2f-5e37-407f-aea1-811e3e653c50,"#N/A","#N/A",false,Web,"#N/A","#N/A",Medium,"#N/A",New,Subject_kmeky,"#N/A","#N/A","#N/A","#N/A","#N/A"
45c4861e-1e58-4b77-8865-85414213bd03,"#N/A","#N/A",false,Web,"#N/A","#N/A",Medium,"#N/A",New,Subject_fqsea,"#N/A","#N/A","#N/A","#N/A","#N/A"
45ca2f3a-50bc-4fff-95ee-87961286076c,"#N/A","#N/A",false,Web,"#N/A","#N/A",Medium,"#N/A",New,Subject_qaorj,"#N/A","#N/A","#N/A","#N/A","#N/A"
45ca3cda-6eb6-4950-82b1-8aefaf960a30,"#N/A","#N/A",false,Web,"#N/A","#N/A",Medium,"#N/A",New,Subject_mpipt,"#N/A","#N/A","#N/A","#N/A","#N/A"
45cae5e8-2f44-4bb5-8f04-2437bd9f6039,"#N/A","#N/A",false,Web,"#N/A","#N/A",Medium,"#N/A",New,Subject_aawrr,"#N/A","#N/A","#N/A","#N/A","#N/A"
45ccfd93-b53d-4d3f-969b-3bae41bc4100,"#N/A","#N/A",false,Web,"#N/A","#N/A",Medium,"#N/A",New,Subject_mumuf,"#N/A","#N/A","#N/A","#N/A","#N/A"
45ce181c-ae03-4e97-bdb2-1036b93f0700,"#N/A","#N/A",false,Web,"#N/A","#N/A",Medium,"#N/A",New,Subject_dejim,"#N/A","#N/A","#N/A","#N/A","#N/A"
45d64c27-adac-48a5-8a3a-5d62eea5fd69,"#N/A","#N/A",false,Web,"#N/A","#N/A",Medium,"#N/A",New,Subject_hyame,"#N/A","#N/A","#N/A","#N/A","#N/A"
45d8233d-eae4-4cf0-a096-5326d7a03019,"#N/A","#N/A",false,Web,"#N/A","#N/A",Medium,"#N/A",New,Subject_ooint,"#N/A","#N/A","#N/A","#N/A","#N/A"
45d825d0-41aa-40f5-b5c8-1c7f4d047447,"#N/A","#N/A",false,Web,"#N/A","#N/A",Medium,"#N/A",New,Subject_rqbmp,"#N/A","#N/A","#N/A","#N/A","#N/A"
45da15c5-bf0b-4115-b843-2c96d7e11fb2,"#N/A","#N/A",false,Web,"#N/A","#N/A",Medium,"#N/A",New,Subject_ozblo,"#N/A","#N/A","#N/A","#N/A","#N/A"
45dbafec-a680-47f5-87c9-ed1ac517ff4d,"#N/A","#N/A",false,Web,"#N/A","#N/A",Medium,"#N/A",New,Subject_khwdz,"#N/A","#N/A","#N/A","#N/A","#N/A"
45dc33dd-00cf-4771-80bf-b5b7101d0d55,"#N/A","#N/A",false,Web,"#N/A","#N/A",Medium,"#N/A",New,Subject_tueqy,"#N/A","#N/A","#N/A","#N/A","#N/A"
45e6e5a6-ab54-44ba-b2c7-96283f233ac8,"#N/A","#N/A",false,Web,"#N/A","#N/A",Medium,"#N/A",New,Subject_tbfui,"#N/A","#N/A","#N/A","#N/A","#N/A"
45e8d760-4915-4c05-915d-0490eff617a0,"#N/A","#N/A",false,Web,"#N/A","#N/A",Medium,"#N/A",New,Subject_rqmea,"#N/A","#N/A","#N/A","#N/A","#N/A"
45e9903c-fdfc-4898-b02b-91e84f255d0b,"#N/A","#N/A",false,Web,"#N/A","#N/A",Medium,"#N/A",New,Subject_uljgg,"#N/A","#N/A","#N/A","#N/A","#N/A"
45ecd599-3394-4238-9866-e22b2cae2895,"#N/A","#N/A",false,Web,"#N/A","#N/A",Medium,"#N/A",New,Subject_hjieg,"#N/A","#N/A","#N/A","#N/A","#N/A"
45ed59e6-0f3e-426a-90c2-81ce05dfd67d,"#N/A","#N/A",false,Web,"#N/A","#N/A",Medium,"#N/A",New,Subject_hvdre,"#N/A","#N/A","#N/A","#N/A","#N/A"
45f49561-1d11-409f-8230-716bdd217b9d,"#N/A","#N/A",false,Web,"#N/A","#N/A",Medium,"#N/A",New,Subject_qgqos,"#N/A","#N/A","#N/A","#N/A","#N/A"
45f7909b-e133-4343-9b2b-e75553b4e8e4,"#N/A","#N/A",false,Web,"#N/A","#N/A",Medium,"#N/A",New,Subject_avtar,"#N/A","#N/A","#N/A","#N/A","#N/A"
45f8783f-8112-455a-8dde-382fb0e042bc,"#N/A","#N/A",false,Web,"#N/A","#N/A",Medium,"#N/A",New,Subject_oriqg,"#N/A","#N/A","#N/A","#N/A","#N/A"
45f9ed93-92ec-4ee6-ada7-6eff59cb9670,"#N/A","#N/A",false,Web,"#N/A","#N/A",Medium,"#N/A",New,Subject_nzlpq,"#N/A","#N/A","#N/A","#N/A","#N/A"
45ffdadd-2d8d-41be-a4a1-04e0b8e5741c,"#N/A","#N/A",false,Web,"#N/A","#N/A",Medium,"#N/A",New,Subject_fyoob,"#N/A","#N/A","#N/A","#N/A","#N/A"
4604340b-f9cc-4a36-9f3d-d7ea6b509cf0,"#N/A","#N/A",false,Web,"#N/A","#N/A",Medium,"#N/A",New,Subject_qyqyr,"#N/A","#N/A","#N/A","#N/A","#N/A"
460cc113-9810-4cb7-bb3c-c24523ccb3e2,"#N/A","#N/A",false,Web,"#N/A","#N/A",Medium,"#N/A",New,Subject_ctrts,"#N/A","#N/A","#N/A","#N/A","#N/A"
461025f7-2459-4cdc-9d57-178389b58d5e,"#N/A","#N/A",false,Web,"#N/A","#N/A",Medium,"#N/A",New,Subject_ifemd,"#N/A","#N/A","#N/A","#N/A","#N/A"
4610bb80-9bf9-4a51-ac54-033030f05b8c,"#N/A","#N/A",false,Web,"#N/A","#N/A",Medium,"#N/A",New,Subject_uqyci,"#N/A","#N/A","#N/A","#N/A","#N/A"
46118876-cdd0-4421-ab37-64195181afd8,"#N/A","#N/A",false,Web,"#N/A","#N/A",Medium,"#N/A",New,Subject_nlmvk,"#N/A","#N/A","#N/A","#N/A","#N/A"
46161bb6-5af8-4de8-856f-f8052e11abda,"#N/A","#N/A",false,Web,"#N/A","#N/A",Medium,"#N/A",New,Subject_lzasc,"#N/A","#N/A","#N/A","#N/A","#N/A"
4616b9cf-c395-49fa-bcca-71720e1b1907,"#N/A","#N/A",false,Web,"#N/A","#N/A",Medium,"#N/A",New,Subject_yrkgm,"#N/A","#N/A","#N/A","#N/A","#N/A"
461725f7-6c25-43f0-bde4-e35a90d53e21,"#N/A","#N/A",false,Web,"#N/A","#N/A",Medium,"#N/A",New,Subject_vegiu,"#N/A","#N/A","#N/A","#N/A","#N/A"
46175219-c396-4629-adc3-f67a8ae8037b,"#N/A","#N/A",false,Web,"#N/A","#N/A",Medium,"#N/A",New,Subject_drpte,"#N/A","#N/A","#N/A","#N/A","#N/A"
461d0d22-8677-4c2c-adfe-0b3daf1053e5,"#N/A","#N/A",false,Web,"#N/A","#N/A",Medium,"#N/A",New,Subject_gotbc,"#N/A","#N/A","#N/A","#N/A","#N/A"
46203c20-70f5-4da1-a3fa-ecc59c99e665,"#N/A","#N/A",false,Web,"#N/A","#N/A",Medium,"#N/A",New,Subject_xeqfy,"#N/A","#N/A","#N/A","#N/A","#N/A"
4628951b-84cd-4805-9045-f3a5c58f1504,"#N/A","#N/A",false,Web,"#N/A","#N/A",Medium,"#N/A",New,Subject_pcodk,"#N/A","#N/A","#N/A","#N/A","#N/A"
462c1de6-c0be-468a-96af-d43e5939fec3,"#N/A","#N/A",false,Web,"#N/A","#N/A",Medium,"#N/A",New,Subject_pqbis,"#N/A","#N/A","#N/A","#N/A","#N/A"
4634077a-944e-4d93-a72f-bc06c63a43fc,"#N/A","#N/A",false,Web,"#N/A","#N/A",Medium,"#N/A",New,Subject_oacsx,"#N/A","#N/A","#N/A","#N/A","#N/A"
46351cfa-a605-425f-9c09-e9a205888c01,"#N/A","#N/A",false,Web,"#N/A","#N/A",Medium,"#N/A",New,Subject_tvrzi,"#N/A","#N/A","#N/A","#N/A","#N/A"
463986c0-6428-47c9-aae3-301552c49fac,"#N/A","#N/A",false,Web,"#N/A","#N/A",Medium,"#N/A",New,Subject_hyuyg,"#N/A","#N/A","#N/A","#N/A","#N/A"
463a8919-1d78-486b-ae76-2917724e8838,"#N/A","#N/A",false,Web,"#N/A","#N/A",Medium,"#N/A",New,Subject_cvwvm,"#N/A","#N/A","#N/A","#N/A","#N/A"
463d9a56-3b58-4d2a-9d20-36fcef3a824c,"#N/A","#N/A",false,Web,"#N/A","#N/A",Medium,"#N/A",New,Subject_zbvrt,"#N/A","#N/A","#N/A","#N/A","#N/A"
463e514e-4b82-4429-9a08-33e58bb84e49,"#N/A","#N/A",false,Web,"#N/A","#N/A",Medium,"#N/A",New,Subject_tfqpy,"#N/A","#N/A","#N/A","#N/A","#N/A"
46456340-3f89-4e2f-946d-19227d16c853,"#N/A","#N/A",false,Web,"#N/A","#N/A",Medium,"#N/A",New,Subject_fnkcj,"#N/A","#N/A","#N/A","#N/A","#N/A"
46472c9a-18e7-457f-9bdd-9eb1a143bbc5,"#N/A","#N/A",false,Web,"#N/A","#N/A",Medium,"#N/A",New,Subject_xqnhy,"#N/A","#N/A","#N/A","#N/A","#N/A"
464890e6-c87d-4d1c-8ece-5d0f44bae3ff,"#N/A","#N/A",false,Web,"#N/A","#N/A",Medium,"#N/A",New,Subject_nuszh,"#N/A","#N/A","#N/A","#N/A","#N/A"
4648a4ef-4ff8-4918-9f00-dc9683c27368,"#N/A","#N/A",false,Web,"#N/A","#N/A",Medium,"#N/A",New,Subject_cydwf,"#N/A","#N/A","#N/A","#N/A","#N/A"
464c5ca4-11d1-44a4-85c9-4575f1f24f16,"#N/A","#N/A",false,Web,"#N/A","#N/A",Medium,"#N/A",New,Subject_wokkd,"#N/A","#N/A","#N/A","#N/A","#N/A"
464e633d-9146-4d56-a057-ec8f242b3cc1,"#N/A","#N/A",false,Web,"#N/A","#N/A",Medium,"#N/A",New,Subject_ifgas,"#N/A","#N/A","#N/A","#N/A","#N/A"
464e6cbc-ada6-4c0b-86c9-c51fd8dcad1e,"#N/A","#N/A",false,Web,"#N/A","#N/A",Medium,"#N/A",New,Subject_esquh,"#N/A","#N/A","#N/A","#N/A","#N/A"
464ecdc9-cad8-452f-bd78-ad6b582ac6de,"#N/A","#N/A",false,Web,"#N/A","#N/A",Medium,"#N/A",New,Subject_hpyuu,"#N/A","#N/A","#N/A","#N/A","#N/A"
4651f1fe-16c8-428d-9605-a5dd6a6c7627,"#N/A","#N/A",false,Web,"#N/A","#N/A",Medium,"#N/A",New,Subject_qkqit,"#N/A","#N/A","#N/A","#N/A","#N/A"
46580722-ef0d-47f7-8e6a-6b7ed7db58d0,"#N/A","#N/A",false,Web,"#N/A","#N/A",Medium,"#N/A",New,Subject_hfqaa,"#N/A","#N/A","#N/A","#N/A","#N/A"
465893a4-f8a9-49a5-8247-d066117b9d0e,"#N/A","#N/A",false,Web,"#N/A","#N/A",Medium,"#N/A",New,Subject_kjyhn,"#N/A","#N/A","#N/A","#N/A","#N/A"
465c3f4b-06c0-40e7-a1a0-3787b333e9cb,"#N/A","#N/A",false,Web,"#N/A","#N/A",Medium,"#N/A",New,Subject_uzpiw,"#N/A","#N/A","#N/A","#N/A","#N/A"
46605ba0-91ad-4576-9df0-763063344487,"#N/A","#N/A",false,Web,"#N/A","#N/A",Medium,"#N/A",New,Subject_niekv,"#N/A","#N/A","#N/A","#N/A","#N/A"
4660a0c6-7085-47a3-a9f8-51097354b873,"#N/A","#N/A",false,Web,"#N/A","#N/A",Medium,"#N/A",New,Subject_xnugc,"#N/A","#N/A","#N/A","#N/A","#N/A"
4661179f-fd6b-4a00-aefb-7b9a04412bb5,"#N/A","#N/A",false,Web,"#N/A","#N/A",Medium,"#N/A",New,Subject_edjqt,"#N/A","#N/A","#N/A","#N/A","#N/A"
4661222e-1baa-4e64-9782-fee301a2e8f3,"#N/A","#N/A",false,Web,"#N/A","#N/A",Medium,"#N/A",New,Subject_vdbxb,"#N/A","#N/A","#N/A","#N/A","#N/A"
466150ca-9610-4ccf-b872-c21b492fc0f1,"#N/A","#N/A",false,Web,"#N/A","#N/A",Medium,"#N/A",New,Subject_wgyei,"#N/A","#N/A","#N/A","#N/A","#N/A"
46642064-2557-4256-804b-e4d39b59f468,"#N/A","#N/A",false,Web,"#N/A","#N/A",Medium,"#N/A",New,Subject_gseal,"#N/A","#N/A","#N/A","#N/A","#N/A"
466ae218-d8d7-4303-ad29-c159b508e67b,"#N/A","#N/A",false,Web,"#N/A","#N/A",Medium,"#N/A",New,Subject_jghdc,"#N/A","#N/A","#N/A","#N/A","#N/A"
466cd5b8-6e11-449b-8d4b-a28bd49be919,"#N/A","#N/A",false,Web,"#N/A","#N/A",Medium,"#N/A",New,Subject_ynvui,"#N/A","#N/A","#N/A","#N/A","#N/A"
466ef2ae-7470-4e26-a753-2d280eaa8cf4,"#N/A","#N/A",false,Web,"#N/A","#N/A",Medium,"#N/A",New,Subject_esrqe,"#N/A","#N/A","#N/A","#N/A","#N/A"
4671bf8d-7916-4cd8-86bb-dff624ca5f7d,"#N/A","#N/A",false,Web,"#N/A","#N/A",Medium,"#N/A",New,Subject_sldzy,"#N/A","#N/A","#N/A","#N/A","#N/A"
4676c25d-f86a-46ae-91ec-27e56227191f,"#N/A","#N/A",false,Web,"#N/A","#N/A",Medium,"#N/A",New,Subject_pradq,"#N/A","#N/A","#N/A","#N/A","#N/A"
467725b2-00d8-46dc-94a4-754e1fffa342,"#N/A","#N/A",false,Web,"#N/A","#N/A",Medium,"#N/A",New,Subject_lprmo,"#N/A","#N/A","#N/A","#N/A","#N/A"
4679ac7b-7a4d-4966-b593-f83d209e2719,"#N/A","#N/A",false,Web,"#N/A","#N/A",Medium,"#N/A",New,Subject_zduqm,"#N/A","#N/A","#N/A","#N/A","#N/A"
46842c8a-d81b-4352-a119-41f64a48550a,"#N/A","#N/A",false,Web,"#N/A","#N/A",Medium,"#N/A",New,Subject_cszus,"#N/A","#N/A","#N/A","#N/A","#N/A"
468808b3-99e3-4a82-b48e-289f54ea87fa,"#N/A","#N/A",false,Web,"#N/A","#N/A",Medium,"#N/A",New,Subject_plsml,"#N/A","#N/A","#N/A","#N/A","#N/A"
468e3fd1-d483-4d9c-96ea-d2b0b08c2a10,"#N/A","#N/A",false,Web,"#N/A","#N/A",Medium,"#N/A",New,Subject_giuxg,"#N/A","#N/A","#N/A","#N/A","#N/A"
46960971-e5a5-4f40-aa7a-b83b3a5daee4,"#N/A","#N/A",false,Web,"#N/A","#N/A",Medium,"#N/A",New,Subject_ddher,"#N/A","#N/A","#N/A","#N/A","#N/A"
46963641-39cb-41ef-9443-434090186794,"#N/A","#N/A",false,Web,"#N/A","#N/A",Medium,"#N/A",New,Subject_lwktl,"#N/A","#N/A","#N/A","#N/A","#N/A"
469e53e1-0d30-468f-850e-7b8ddec10fcb,"#N/A","#N/A",false,Web,"#N/A","#N/A",Medium,"#N/A",New,Subject_thpna,"#N/A","#N/A","#N/A","#N/A","#N/A"
469efab9-88eb-4a79-8d8d-a09705f708fe,"#N/A","#N/A",false,Web,"#N/A","#N/A",Medium,"#N/A",New,Subject_wymaq,"#N/A","#N/A","#N/A","#N/A","#N/A"
46a1d6b8-6818-45fb-8ac3-4867845aa36f,"#N/A","#N/A",false,Web,"#N/A","#N/A",Medium,"#N/A",New,Subject_wljfq,"#N/A","#N/A","#N/A","#N/A","#N/A"
46a2bd42-a08e-4fde-ab02-bd056f188985,"#N/A","#N/A",false,Web,"#N/A","#N/A",Medium,"#N/A",New,Subject_plznr,"#N/A","#N/A","#N/A","#N/A","#N/A"
46a4b4bb-e5f1-4aaa-80ee-a8734ceb9add,"#N/A","#N/A",false,Web,"#N/A","#N/A",Medium,"#N/A",New,Subject_ahwjm,"#N/A","#N/A","#N/A","#N/A","#N/A"
46a4d138-28bf-4987-92a0-f68f538604ff,"#N/A","#N/A",false,Web,"#N/A","#N/A",Medium,"#N/A",New,Subject_txupp,"#N/A","#N/A","#N/A","#N/A","#N/A"
46a50407-512d-43d9-b3c9-ffb57ae9183c,"#N/A","#N/A",false,Web,"#N/A","#N/A",Medium,"#N/A",New,Subject_yqxnu,"#N/A","#N/A","#N/A","#N/A","#N/A"
46a8d91f-e3e5-4463-a6cf-2c22c97737a1,"#N/A","#N/A",false,Web,"#N/A","#N/A",Medium,"#N/A",New,Subject_klbtk,"#N/A","#N/A","#N/A","#N/A","#N/A"
46ad7cf0-b6ab-4d8f-aead-75a87721dbc0,"#N/A","#N/A",false,Web,"#N/A","#N/A",Medium,"#N/A",New,Subject_bxfzo,"#N/A","#N/A","#N/A","#N/A","#N/A"
46adc8cd-82c6-488c-8482-e514e81b6045,"#N/A","#N/A",false,Web,"#N/A","#N/A",Medium,"#N/A",New,Subject_txssz,"#N/A","#N/A","#N/A","#N/A","#N/A"
46ae40c4-2935-492a-94ee-173b42165061,"#N/A","#N/A",false,Web,"#N/A","#N/A",Medium,"#N/A",New,Subject_idxvv,"#N/A","#N/A","#N/A","#N/A","#N/A"
46b00b7c-dae3-47ee-85e8-de004701c414,"#N/A","#N/A",false,Web,"#N/A","#N/A",Medium,"#N/A",New,Subject_cbtey,"#N/A","#N/A","#N/A","#N/A","#N/A"
46b31559-b0b7-4ae1-b58a-bc7b9c558882,"#N/A","#N/A",false,Web,"#N/A","#N/A",Medium,"#N/A",New,Subject_eywyw,"#N/A","#N/A","#N/A","#N/A","#N/A"
46b52d03-003f-4080-adfa-14752c336b7b,"#N/A","#N/A",false,Web,"#N/A","#N/A",Medium,"#N/A",New,Subject_eihod,"#N/A","#N/A","#N/A","#N/A","#N/A"
46b569c5-1b7c-4f46-a512-0e41a76a8801,"#N/A","#N/A",false,Web,"#N/A","#N/A",Medium,"#N/A",New,Subject_aueqm,"#N/A","#N/A","#N/A","#N/A","#N/A"
46bd2722-b000-4c7a-b4ac-48728588329e,"#N/A","#N/A",false,Web,"#N/A","#N/A",Medium,"#N/A",New,Subject_mgfac,"#N/A","#N/A","#N/A","#N/A","#N/A"
46be6c46-e9a5-4d63-a303-e9bf588312e9,"#N/A","#N/A",false,Web,"#N/A","#N/A",Medium,"#N/A",New,Subject_hivjr,"#N/A","#N/A","#N/A","#N/A","#N/A"
46c2bdd3-787f-4abb-b761-d758dc2b064d,"#N/A","#N/A",false,Web,"#N/A","#N/A",Medium,"#N/A",New,Subject_dgcxl,"#N/A","#N/A","#N/A","#N/A","#N/A"
46c4b627-e6b7-49e2-8c95-41e0b1de7715,"#N/A","#N/A",false,Web,"#N/A","#N/A",Medium,"#N/A",New,Subject_nhfee,"#N/A","#N/A","#N/A","#N/A","#N/A"
46c5e71f-7239-4471-b2f0-bf2166185bd3,"#N/A","#N/A",false,Web,"#N/A","#N/A",Medium,"#N/A",New,Subject_ontnb,"#N/A","#N/A","#N/A","#N/A","#N/A"
46c7e3e0-da93-430c-8a22-c48f7dee73eb,"#N/A","#N/A",false,Web,"#N/A","#N/A",Medium,"#N/A",New,Subject_ayxpp,"#N/A","#N/A","#N/A","#N/A","#N/A"
46c7f711-5bfb-45ab-9dba-96a9be030ae6,"#N/A","#N/A",false,Web,"#N/A","#N/A",Medium,"#N/A",New,Subject_suphi,"#N/A","#N/A","#N/A","#N/A","#N/A"
46c8b859-0a13-4c1e-be17-1ad2dc43e3dc,"#N/A","#N/A",false,Web,"#N/A","#N/A",Medium,"#N/A",New,Subject_bgwkv,"#N/A","#N/A","#N/A","#N/A","#N/A"
46c9aaf8-95bf-4af7-bb90-f90b32ee0764,"#N/A","#N/A",false,Web,"#N/A","#N/A",Medium,"#N/A",New,Subject_upvvo,"#N/A","#N/A","#N/A","#N/A","#N/A"
46cc2e49-4b60-48ef-8dcd-a0e672d1d2d9,"#N/A","#N/A",false,Web,"#N/A","#N/A",Medium,"#N/A",New,Subject_enmxc,"#N/A","#N/A","#N/A","#N/A","#N/A"
46cee055-aa60-4046-85cf-6b40309affd9,"#N/A","#N/A",false,Web,"#N/A","#N/A",Medium,"#N/A",New,Subject_ixwuc,"#N/A","#N/A","#N/A","#N/A","#N/A"
46d297a3-e8ba-4638-999a-198bc460fa79,"#N/A","#N/A",false,Web,"#N/A","#N/A",Medium,"#N/A",New,Subject_qbnvu,"#N/A","#N/A","#N/A","#N/A","#N/A"
46d42712-83c8-4222-8dc0-63cc24451578,"#N/A","#N/A",false,Web,"#N/A","#N/A",Medium,"#N/A",New,Subject_pzfbl,"#N/A","#N/A","#N/A","#N/A","#N/A"
46d5805e-f9b7-4547-9afc-99d1e2865b63,"#N/A","#N/A",false,Web,"#N/A","#N/A",Medium,"#N/A",New,Subject_lbubs,"#N/A","#N/A","#N/A","#N/A","#N/A"
46d6cccd-8fe3-476f-9daa-eedfadec57e1,"#N/A","#N/A",false,Web,"#N/A","#N/A",Medium,"#N/A",New,Subject_hccxo,"#N/A","#N/A","#N/A","#N/A","#N/A"
46d7e7a5-e861-485f-b39b-497097aafd7b,"#N/A","#N/A",false,Web,"#N/A","#N/A",Medium,"#N/A",New,Subject_gqxyk,"#N/A","#N/A","#N/A","#N/A","#N/A"
46d84175-077c-4495-aa29-09113beb5b0f,"#N/A","#N/A",false,Web,"#N/A","#N/A",Medium,"#N/A",New,Subject_aviqw,"#N/A","#N/A","#N/A","#N/A","#N/A"
46d9876b-7c62-403b-b65f-2d4d4551488c,"#N/A","#N/A",false,Web,"#N/A","#N/A",Medium,"#N/A",New,Subject_vfbqv,"#N/A","#N/A","#N/A","#N/A","#N/A"
46dae0fc-a734-491a-a6ad-dbe011852206,"#N/A","#N/A",false,Web,"#N/A","#N/A",Medium,"#N/A",New,Subject_scwui,"#N/A","#N/A","#N/A","#N/A","#N/A"
46f2ebec-c874-4856-9d77-97d73dc31a7a,"#N/A","#N/A",false,Web,"#N/A","#N/A",Medium,"#N/A",New,Subject_qdirg,"#N/A","#N/A","#N/A","#N/A","#N/A"
46f44704-2a39-4ada-ae90-dac204b37a27,"#N/A","#N/A",false,Web,"#N/A","#N/A",Medium,"#N/A",New,Subject_xflth,"#N/A","#N/A","#N/A","#N/A","#N/A"
46f6f609-2fb2-49a6-a092-a9c12fd5a1a8,"#N/A","#N/A",false,Web,"#N/A","#N/A",Medium,"#N/A",New,Subject_jrkad,"#N/A","#N/A","#N/A","#N/A","#N/A"
46f9ca82-c574-4fb5-a265-d5f10a288a37,"#N/A","#N/A",false,Web,"#N/A","#N/A",Medium,"#N/A",New,Subject_jxcrk,"#N/A","#N/A","#N/A","#N/A","#N/A"
46fb0056-6ae6-4ca0-b789-c39561f833ad,"#N/A","#N/A",false,Web,"#N/A","#N/A",Medium,"#N/A",New,Subject_jgyrj,"#N/A","#N/A","#N/A","#N/A","#N/A"
470103b5-943b-4997-bee2-6944347d9fec,"#N/A","#N/A",false,Web,"#N/A","#N/A",Medium,"#N/A",New,Subject_dndie,"#N/A","#N/A","#N/A","#N/A","#N/A"
4702df76-9bc2-4d8a-aafa-6f3e0037c91b,"#N/A","#N/A",false,Web,"#N/A","#N/A",Medium,"#N/A",New,Subject_cawjl,"#N/A","#N/A","#N/A","#N/A","#N/A"
470319d4-182f-438b-93af-a1568fc9b06e,"#N/A","#N/A",false,Web,"#N/A","#N/A",Medium,"#N/A",New,Subject_bpahe,"#N/A","#N/A","#N/A","#N/A","#N/A"
470678e7-5ed1-4dc8-8770-35ce8f0bca83,"#N/A","#N/A",false,Web,"#N/A","#N/A",Medium,"#N/A",New,Subject_gkqlk,"#N/A","#N/A","#N/A","#N/A","#N/A"
4708050f-8319-4c5f-95a4-5c12125d1edd,"#N/A","#N/A",false,Web,"#N/A","#N/A",Medium,"#N/A",New,Subject_asevq,"#N/A","#N/A","#N/A","#N/A","#N/A"
470dacff-be24-478e-b337-c5540bb47ac8,"#N/A","#N/A",false,Web,"#N/A","#N/A",Medium,"#N/A",New,Subject_wmlfj,"#N/A","#N/A","#N/A","#N/A","#N/A"
470db910-90c3-4efd-84fd-88cd2c5bacf9,"#N/A","#N/A",false,Web,"#N/A","#N/A",Medium,"#N/A",New,Subject_enzfp,"#N/A","#N/A","#N/A","#N/A","#N/A"
471130eb-198b-492c-91f6-2f1627040df3,"#N/A","#N/A",false,Web,"#N/A","#N/A",Medium,"#N/A",New,Subject_bidal,"#N/A","#N/A","#N/A","#N/A","#N/A"
471aaaef-cff5-4c7e-9920-21a5f4002bf3,"#N/A","#N/A",false,Web,"#N/A","#N/A",Medium,"#N/A",New,Subject_zfgcn,"#N/A","#N/A","#N/A","#N/A","#N/A"
471c9318-9ccd-4553-af90-2b59cdb00bea,"#N/A","#N/A",false,Web,"#N/A","#N/A",Medium,"#N/A",New,Subject_bwfuw,"#N/A","#N/A","#N/A","#N/A","#N/A"
471ddd37-87ec-43f5-8e45-73be87b5ffb9,"#N/A","#N/A",false,Web,"#N/A","#N/A",Medium,"#N/A",New,Subject_zajic,"#N/A","#N/A","#N/A","#N/A","#N/A"
47227788-8283-41e6-a82c-b8fcf2a7e831,"#N/A","#N/A",false,Web,"#N/A","#N/A",Medium,"#N/A",New,Subject_ygduf,"#N/A","#N/A","#N/A","#N/A","#N/A"
472444be-3239-4f37-8b88-3d7888cc3f24,"#N/A","#N/A",false,Web,"#N/A","#N/A",Medium,"#N/A",New,Subject_zyjux,"#N/A","#N/A","#N/A","#N/A","#N/A"
472bae1a-df80-461d-a0ea-6104cd3eb0ea,"#N/A","#N/A",false,Web,"#N/A","#N/A",Medium,"#N/A",New,Subject_fzjih,"#N/A","#N/A","#N/A","#N/A","#N/A"
472d4dc0-b91b-456f-9190-5fa343891e03,"#N/A","#N/A",false,Web,"#N/A","#N/A",Medium,"#N/A",New,Subject_cgvki,"#N/A","#N/A","#N/A","#N/A","#N/A"
473374c2-85ef-4a4d-b0aa-11a3ab541730,"#N/A","#N/A",false,Web,"#N/A","#N/A",Medium,"#N/A",New,Subject_fnbdz,"#N/A","#N/A","#N/A","#N/A","#N/A"
473aac55-cc08-4f56-b6f9-8bf588573e5d,"#N/A","#N/A",false,Web,"#N/A","#N/A",Medium,"#N/A",New,Subject_ubrdw,"#N/A","#N/A","#N/A","#N/A","#N/A"
47406311-f09e-4b65-80b5-f7524fdda219,"#N/A","#N/A",false,Web,"#N/A","#N/A",Medium,"#N/A",New,Subject_ndtat,"#N/A","#N/A","#N/A","#N/A","#N/A"
474365a2-3ce8-4086-b7f7-5322a64c5db9,"#N/A","#N/A",false,Web,"#N/A","#N/A",Medium,"#N/A",New,Subject_vigbu,"#N/A","#N/A","#N/A","#N/A","#N/A"
4745de7e-93d7-45b7-b190-ea90e72818b4,"#N/A","#N/A",false,Web,"#N/A","#N/A",Medium,"#N/A",New,Subject_tkiar,"#N/A","#N/A","#N/A","#N/A","#N/A"
474ebdd3-b0e8-49bf-98c6-dcb281446599,"#N/A","#N/A",false,Web,"#N/A","#N/A",Medium,"#N/A",New,Subject_aenbd,"#N/A","#N/A","#N/A","#N/A","#N/A"
475264d8-c61f-4f6b-ba60-da8b87ba853a,"#N/A","#N/A",false,Web,"#N/A","#N/A",Medium,"#N/A",New,Subject_jveef,"#N/A","#N/A","#N/A","#N/A","#N/A"
475513a0-c0a3-4f89-96e0-d92e65e7a1cd,"#N/A","#N/A",false,Web,"#N/A","#N/A",Medium,"#N/A",New,Subject_egoqg,"#N/A","#N/A","#N/A","#N/A","#N/A"
475737dc-3f59-42b0-aa34-2ed3845603bd,"#N/A","#N/A",false,Web,"#N/A","#N/A",Medium,"#N/A",New,Subject_jghve,"#N/A","#N/A","#N/A","#N/A","#N/A"
47580cd0-6c45-468a-a00b-210ccc42893f,"#N/A","#N/A",false,Web,"#N/A","#N/A",Medium,"#N/A",New,Subject_gqypg,"#N/A","#N/A","#N/A","#N/A","#N/A"
4759d007-e1c9-42c5-893a-0093ac618955,"#N/A","#N/A",false,Web,"#N/A","#N/A",Medium,"#N/A",New,Subject_wltwb,"#N/A","#N/A","#N/A","#N/A","#N/A"
475aea7a-3a1b-4350-b289-bb61ef93635e,"#N/A","#N/A",false,Web,"#N/A","#N/A",Medium,"#N/A",New,Subject_puwqg,"#N/A","#N/A","#N/A","#N/A","#N/A"
475dcfb5-8bad-41a1-8826-b1d8847fd9b9,"#N/A","#N/A",false,Web,"#N/A","#N/A",Medium,"#N/A",New,Subject_zkbye,"#N/A","#N/A","#N/A","#N/A","#N/A"
47611907-6322-4e6c-8ba8-a0e52e0982d5,"#N/A","#N/A",false,Web,"#N/A","#N/A",Medium,"#N/A",New,Subject_wecqm,"#N/A","#N/A","#N/A","#N/A","#N/A"
47619c15-94f1-4eef-b470-d5ec538dde1b,"#N/A","#N/A",false,Web,"#N/A","#N/A",Medium,"#N/A",New,Subject_jwyke,"#N/A","#N/A","#N/A","#N/A","#N/A"
4761d1d9-8c32-47d0-94e3-78fc9faabd4d,"#N/A","#N/A",false,Web,"#N/A","#N/A",Medium,"#N/A",New,Subject_wimbz,"#N/A","#N/A","#N/A","#N/A","#N/A"
4769a203-8e30-4e0a-8734-733f5b818ac9,"#N/A","#N/A",false,Web,"#N/A","#N/A",Medium,"#N/A",New,Subject_gxtnv,"#N/A","#N/A","#N/A","#N/A","#N/A"
476af03a-96ef-41f1-8a13-5d7e32748f23,"#N/A","#N/A",false,Web,"#N/A","#N/A",Medium,"#N/A",New,Subject_qjevv,"#N/A","#N/A","#N/A","#N/A","#N/A"
476e2c44-f8f9-4623-af33-d0724ff4c17a,"#N/A","#N/A",false,Web,"#N/A","#N/A",Medium,"#N/A",New,Subject_rutos,"#N/A","#N/A","#N/A","#N/A","#N/A"
476f6ba1-a895-4a32-b548-90e9278f4d9c,"#N/A","#N/A",false,Web,"#N/A","#N/A",Medium,"#N/A",New,Subject_rmegk,"#N/A","#N/A","#N/A","#N/A","#N/A"
47759473-71e4-453c-8543-864ebb325da6,"#N/A","#N/A",false,Web,"#N/A","#N/A",Medium,"#N/A",New,Subject_rjros,"#N/A","#N/A","#N/A","#N/A","#N/A"
4776e13f-2b19-4bfb-9b42-d5f5fd0fe4d4,"#N/A","#N/A",false,Web,"#N/A","#N/A",Medium,"#N/A",New,Subject_udhcq,"#N/A","#N/A","#N/A","#N/A","#N/A"
4777b024-eaae-4a18-8cda-db09dad564ca,"#N/A","#N/A",false,Web,"#N/A","#N/A",Medium,"#N/A",New,Subject_phiue,"#N/A","#N/A","#N/A","#N/A","#N/A"
4778b9c9-cdb2-4ede-aeaa-d57d92b5d3ac,"#N/A","#N/A",false,Web,"#N/A","#N/A",Medium,"#N/A",New,Subject_mclni,"#N/A","#N/A","#N/A","#N/A","#N/A"
477e0c40-54a7-460c-b402-ebdf979599ff,"#N/A","#N/A",false,Web,"#N/A","#N/A",Medium,"#N/A",New,Subject_fzwyn,"#N/A","#N/A","#N/A","#N/A","#N/A"
477fc84d-1fba-411a-8068-be0122bc41d4,"#N/A","#N/A",false,Web,"#N/A","#N/A",Medium,"#N/A",New,Subject_bauyx,"#N/A","#N/A","#N/A","#N/A","#N/A"
478127d0-7ac9-47a5-a1be-f31a3a7bdaa3,"#N/A","#N/A",false,Web,"#N/A","#N/A",Medium,"#N/A",New,Subject_mxxil,"#N/A","#N/A","#N/A","#N/A","#N/A"
478b4a5b-9ae9-4094-9182-41cd4813a0f1,"#N/A","#N/A",false,Web,"#N/A","#N/A",Medium,"#N/A",New,Subject_msmvz,"#N/A","#N/A","#N/A","#N/A","#N/A"
4797f372-b15f-46fb-a91e-33dfedde296e,"#N/A","#N/A",false,Web,"#N/A","#N/A",Medium,"#N/A",New,Subject_zoaxn,"#N/A","#N/A","#N/A","#N/A","#N/A"
479ca554-dea5-4e99-b864-751d952a7fff,"#N/A","#N/A",false,Web,"#N/A","#N/A",Medium,"#N/A",New,Subject_iadzg,"#N/A","#N/A","#N/A","#N/A","#N/A"
479df47d-9b3e-4b37-8dc0-c33f919bbe27,"#N/A","#N/A",false,Web,"#N/A","#N/A",Medium,"#N/A",New,Subject_mmkco,"#N/A","#N/A","#N/A","#N/A","#N/A"
47a64bb0-dbe4-44b6-aec0-4e46cfee18c5,"#N/A","#N/A",false,Web,"#N/A","#N/A",Medium,"#N/A",New,Subject_twayu,"#N/A","#N/A","#N/A","#N/A","#N/A"
47a9af1d-988c-4170-ba34-91a760b5a9f1,"#N/A","#N/A",false,Web,"#N/A","#N/A",Medium,"#N/A",New,Subject_fghbu,"#N/A","#N/A","#N/A","#N/A","#N/A"
47b041d1-fcf5-41e2-9fb0-c6ce93c4f8e7,"#N/A","#N/A",false,Web,"#N/A","#N/A",Medium,"#N/A",New,Subject_jpgft,"#N/A","#N/A","#N/A","#N/A","#N/A"
47b196cb-07e1-4228-9df9-8651c2c7c993,"#N/A","#N/A",false,Web,"#N/A","#N/A",Medium,"#N/A",New,Subject_rzahb,"#N/A","#N/A","#N/A","#N/A","#N/A"
47b58fc3-c02f-4b50-84fb-19ac13438aaa,"#N/A","#N/A",false,Web,"#N/A","#N/A",Medium,"#N/A",New,Subject_tjwoh,"#N/A","#N/A","#N/A","#N/A","#N/A"
47b926ab-ef19-49fd-aa5f-5c009f400672,"#N/A","#N/A",false,Web,"#N/A","#N/A",Medium,"#N/A",New,Subject_sqdbf,"#N/A","#N/A","#N/A","#N/A","#N/A"
47ba5c8d-8b3a-4dc4-8fa6-f48f5e1593f3,"#N/A","#N/A",false,Web,"#N/A","#N/A",Medium,"#N/A",New,Subject_rhmxa,"#N/A","#N/A","#N/A","#N/A","#N/A"
47baad9c-bbb9-4c77-b266-b4c9e30a954f,"#N/A","#N/A",false,Web,"#N/A","#N/A",Medium,"#N/A",New,Subject_yrtjm,"#N/A","#N/A","#N/A","#N/A","#N/A"
47bb02bb-def6-4ccc-bd3e-bd965ee0c43e,"#N/A","#N/A",false,Web,"#N/A","#N/A",Medium,"#N/A",New,Subject_vabel,"#N/A","#N/A","#N/A","#N/A","#N/A"
47bdbe4a-f0a3-4fd7-b78e-05b4b923f700,"#N/A","#N/A",false,Web,"#N/A","#N/A",Medium,"#N/A",New,Subject_pwvwt,"#N/A","#N/A","#N/A","#N/A","#N/A"
47bdfd00-57a1-475a-8258-09e9bf273028,"#N/A","#N/A",false,Web,"#N/A","#N/A",Medium,"#N/A",New,Subject_ykdij,"#N/A","#N/A","#N/A","#N/A","#N/A"
47c137c2-6e95-4a36-aa03-da82e11bafc2,"#N/A","#N/A",false,Web,"#N/A","#N/A",Medium,"#N/A",New,Subject_uciol,"#N/A","#N/A","#N/A","#N/A","#N/A"
47c60ae7-e552-4c86-88aa-89313d8e67bf,"#N/A","#N/A",false,Web,"#N/A","#N/A",Medium,"#N/A",New,Subject_rojoa,"#N/A","#N/A","#N/A","#N/A","#N/A"
47c6d96c-bcb6-4e68-a3ae-285918d0b5fb,"#N/A","#N/A",false,Web,"#N/A","#N/A",Medium,"#N/A",New,Subject_ruljg,"#N/A","#N/A","#N/A","#N/A","#N/A"
47c820b4-51fe-4cf9-b114-2dfb08ad8ca2,"#N/A","#N/A",false,Web,"#N/A","#N/A",Medium,"#N/A",New,Subject_gsqfq,"#N/A","#N/A","#N/A","#N/A","#N/A"
47c8cc5a-461e-488b-baa0-b51511b0e66f,"#N/A","#N/A",false,Web,"#N/A","#N/A",Medium,"#N/A",New,Subject_ssmvf,"#N/A","#N/A","#N/A","#N/A","#N/A"
47cc2913-baa5-423c-a92d-259cab33fa2f,"#N/A","#N/A",false,Web,"#N/A","#N/A",Medium,"#N/A",New,Subject_witir,"#N/A","#N/A","#N/A","#N/A","#N/A"
47cc4915-5f7d-4692-b504-4709a9204702,"#N/A","#N/A",false,Web,"#N/A","#N/A",Medium,"#N/A",New,Subject_hvpja,"#N/A","#N/A","#N/A","#N/A","#N/A"
47d08e63-6afb-44f0-bc1c-2dba49b32940,"#N/A","#N/A",false,Web,"#N/A","#N/A",Medium,"#N/A",New,Subject_ugjav,"#N/A","#N/A","#N/A","#N/A","#N/A"
47d19e38-3307-4c5d-ac4f-42b63856f417,"#N/A","#N/A",false,Web,"#N/A","#N/A",Medium,"#N/A",New,Subject_opbgv,"#N/A","#N/A","#N/A","#N/A","#N/A"
47d29451-9e19-4191-a975-93c15f801e62,"#N/A","#N/A",false,Web,"#N/A","#N/A",Medium,"#N/A",New,Subject_etdzv,"#N/A","#N/A","#N/A","#N/A","#N/A"
47d69357-9995-40c8-b943-95519f5b5a6b,"#N/A","#N/A",false,Web,"#N/A","#N/A",Medium,"#N/A",New,Subject_dchnq,"#N/A","#N/A","#N/A","#N/A","#N/A"
47db0983-2343-40a0-914c-fe3d9448910e,"#N/A","#N/A",false,Web,"#N/A","#N/A",Medium,"#N/A",New,Subject_qdyxl,"#N/A","#N/A","#N/A","#N/A","#N/A"
47dc4664-a568-4671-b976-c53df31a1d01,"#N/A","#N/A",false,Web,"#N/A","#N/A",Medium,"#N/A",New,Subject_ggehw,"#N/A","#N/A","#N/A","#N/A","#N/A"
47de43d5-31d0-4699-9965-9bedb978ab73,"#N/A","#N/A",false,Web,"#N/A","#N/A",Medium,"#N/A",New,Subject_mvtoa,"#N/A","#N/A","#N/A","#N/A","#N/A"
47e3f42c-ea89-465d-b5a9-60f37ac550ed,"#N/A","#N/A",false,Web,"#N/A","#N/A",Medium,"#N/A",New,Subject_fhbet,"#N/A","#N/A","#N/A","#N/A","#N/A"
47e50193-caf5-4eed-a752-7ba905714d78,"#N/A","#N/A",false,Web,"#N/A","#N/A",Medium,"#N/A",New,Subject_jpirw,"#N/A","#N/A","#N/A","#N/A","#N/A"
47eaf886-f544-46b8-babc-68f6adc7cd8d,"#N/A","#N/A",false,Web,"#N/A","#N/A",Medium,"#N/A",New,Subject_neebq,"#N/A","#N/A","#N/A","#N/A","#N/A"
47eb6fa3-e758-4ee1-ac54-40816af9b643,"#N/A","#N/A",false,Web,"#N/A","#N/A",Medium,"#N/A",New,Subject_mdekg,"#N/A","#N/A","#N/A","#N/A","#N/A"
47ef9fda-2cce-4a1f-9582-d65121826ec6,"#N/A","#N/A",false,Web,"#N/A","#N/A",Medium,"#N/A",New,Subject_izdao,"#N/A","#N/A","#N/A","#N/A","#N/A"
47f27067-1002-4ec8-bd9e-d220fd3a4be5,"#N/A","#N/A",false,Web,"#N/A","#N/A",Medium,"#N/A",New,Subject_gfskp,"#N/A","#N/A","#N/A","#N/A","#N/A"
47f2cd16-17bd-418d-adcc-dc581369c78f,"#N/A","#N/A",false,Web,"#N/A","#N/A",Medium,"#N/A",New,Subject_bghlk,"#N/A","#N/A","#N/A","#N/A","#N/A"
47f32d7e-09df-45c7-abe0-887f5b2b75c7,"#N/A","#N/A",false,Web,"#N/A","#N/A",Medium,"#N/A",New,Subject_bnjft,"#N/A","#N/A","#N/A","#N/A","#N/A"
47f70cbb-28df-4bd6-9c9b-f73110265d96,"#N/A","#N/A",false,Web,"#N/A","#N/A",Medium,"#N/A",New,Subject_tphns,"#N/A","#N/A","#N/A","#N/A","#N/A"
47f7a312-0f08-4caa-9269-153fb87eda4f,"#N/A","#N/A",false,Web,"#N/A","#N/A",Medium,"#N/A",New,Subject_fulin,"#N/A","#N/A","#N/A","#N/A","#N/A"
47fbb88b-f484-4f67-b65e-804bcc5fcfea,"#N/A","#N/A",false,Web,"#N/A","#N/A",Medium,"#N/A",New,Subject_efwvs,"#N/A","#N/A","#N/A","#N/A","#N/A"
47ffa8e8-5696-4d07-9f4f-5504e959d601,"#N/A","#N/A",false,Web,"#N/A","#N/A",Medium,"#N/A",New,Subject_ldybn,"#N/A","#N/A","#N/A","#N/A","#N/A"
48006c0d-187e-4e76-bf36-a01365da6bf9,"#N/A","#N/A",false,Web,"#N/A","#N/A",Medium,"#N/A",New,Subject_vrwot,"#N/A","#N/A","#N/A","#N/A","#N/A"
4800fc31-6184-40eb-bf9e-a9cffcbc5678,"#N/A","#N/A",false,Web,"#N/A","#N/A",Medium,"#N/A",New,Subject_rfxhx,"#N/A","#N/A","#N/A","#N/A","#N/A"
480351db-d87d-45db-869b-3cc4644a52d7,"#N/A","#N/A",false,Web,"#N/A","#N/A",Medium,"#N/A",New,Subject_hsjdo,"#N/A","#N/A","#N/A","#N/A","#N/A"
480615f3-d438-4654-a9b6-d38e9c1d779c,"#N/A","#N/A",false,Web,"#N/A","#N/A",Medium,"#N/A",New,Subject_hmhkf,"#N/A","#N/A","#N/A","#N/A","#N/A"
48076483-2ebd-4742-8c3d-6719623a52e5,"#N/A","#N/A",false,Web,"#N/A","#N/A",Medium,"#N/A",New,Subject_ujxhr,"#N/A","#N/A","#N/A","#N/A","#N/A"
4808b4fe-1438-4d0c-9478-596edf4430a6,"#N/A","#N/A",false,Web,"#N/A","#N/A",Medium,"#N/A",New,Subject_zvcfr,"#N/A","#N/A","#N/A","#N/A","#N/A"
4809fb42-8d96-43b5-9666-68975d953269,"#N/A","#N/A",false,Web,"#N/A","#N/A",Medium,"#N/A",New,Subject_lstzp,"#N/A","#N/A","#N/A","#N/A","#N/A"
480aa76f-b588-4f92-bbd2-487eaee15bec,"#N/A","#N/A",false,Web,"#N/A","#N/A",Medium,"#N/A",New,Subject_yfkjh,"#N/A","#N/A","#N/A","#N/A","#N/A"
480c9f57-c7ed-4cb5-8881-973b0700b9d6,"#N/A","#N/A",false,Web,"#N/A","#N/A",Medium,"#N/A",New,Subject_bhtuy,"#N/A","#N/A","#N/A","#N/A","#N/A"
480ff9ac-50fe-4282-9cbd-8d5a0251f37e,"#N/A","#N/A",false,Web,"#N/A","#N/A",Medium,"#N/A",New,Subject_jgngn,"#N/A","#N/A","#N/A","#N/A","#N/A"
48102139-8aa7-4dd9-8f76-9d835e2e223e,"#N/A","#N/A",false,Web,"#N/A","#N/A",Medium,"#N/A",New,Subject_bvooy,"#N/A","#N/A","#N/A","#N/A","#N/A"
48107e30-d4f4-4ab5-a969-6e33ea172d51,"#N/A","#N/A",false,Web,"#N/A","#N/A",Medium,"#N/A",New,Subject_vwfdy,"#N/A","#N/A","#N/A","#N/A","#N/A"
48122d63-ec20-4d54-b0c8-095506827346,"#N/A","#N/A",false,Web,"#N/A","#N/A",Medium,"#N/A",New,Subject_tgvio,"#N/A","#N/A","#N/A","#N/A","#N/A"
4813fd8d-8d8e-4f54-b031-d15d4230d17e,"#N/A","#N/A",false,Web,"#N/A","#N/A",Medium,"#N/A",New,Subject_ucqig,"#N/A","#N/A","#N/A","#N/A","#N/A"
4815257e-582c-4b64-a358-69493297adf9,"#N/A","#N/A",false,Web,"#N/A","#N/A",Medium,"#N/A",New,Subject_zdetx,"#N/A","#N/A","#N/A","#N/A","#N/A"
481d489d-901d-4ced-9221-00bdf5458d55,"#N/A","#N/A",false,Web,"#N/A","#N/A",Medium,"#N/A",New,Subject_usjbg,"#N/A","#N/A","#N/A","#N/A","#N/A"
4822b03e-9f07-45bf-a3a8-327e97b781ab,"#N/A","#N/A",false,Web,"#N/A","#N/A",Medium,"#N/A",New,Subject_yllmd,"#N/A","#N/A","#N/A","#N/A","#N/A"
4822d319-cb1f-4210-a019-baf87861ba57,"#N/A","#N/A",false,Web,"#N/A","#N/A",Medium,"#N/A",New,Subject_ezail,"#N/A","#N/A","#N/A","#N/A","#N/A"
48280a96-940f-40cb-8435-44bad8f0279f,"#N/A","#N/A",false,Web,"#N/A","#N/A",Medium,"#N/A",New,Subject_jgfkw,"#N/A","#N/A","#N/A","#N/A","#N/A"
4828a761-c2ea-434b-b32a-8a6f0aa41806,"#N/A","#N/A",false,Web,"#N/A","#N/A",Medium,"#N/A",New,Subject_nogsi,"#N/A","#N/A","#N/A","#N/A","#N/A"
4828be46-475a-4a13-b5e5-33299b8798ae,"#N/A","#N/A",false,Web,"#N/A","#N/A",Medium,"#N/A",New,Subject_asjmt,"#N/A","#N/A","#N/A","#N/A","#N/A"
482a4b5b-4a3b-4f8c-8a93-03cde1cf8813,"#N/A","#N/A",false,Web,"#N/A","#N/A",Medium,"#N/A",New,Subject_pasyx,"#N/A","#N/A","#N/A","#N/A","#N/A"
482b8507-92cd-468a-bbae-49cda493e249,"#N/A","#N/A",false,Web,"#N/A","#N/A",Medium,"#N/A",New,Subject_yhjok,"#N/A","#N/A","#N/A","#N/A","#N/A"
482bf210-2077-4512-9bde-9c1f5f2d4f7b,"#N/A","#N/A",false,Web,"#N/A","#N/A",Medium,"#N/A",New,Subject_eojxh,"#N/A","#N/A","#N/A","#N/A","#N/A"
482c1efb-d47a-4432-8750-76b752bf7bcc,"#N/A","#N/A",false,Web,"#N/A","#N/A",Medium,"#N/A",New,Subject_kxvwm,"#N/A","#N/A","#N/A","#N/A","#N/A"
48303c25-d1df-436a-a01e-ad1dd096b5b5,"#N/A","#N/A",false,Web,"#N/A","#N/A",Medium,"#N/A",New,Subject_pqvln,"#N/A","#N/A","#N/A","#N/A","#N/A"
483182d2-a7ee-4cee-86e6-0320b3cbe0c6,"#N/A","#N/A",false,Web,"#N/A","#N/A",Medium,"#N/A",New,Subject_bkgqr,"#N/A","#N/A","#N/A","#N/A","#N/A"
4831f3d9-7390-4083-a691-8637d728ee2e,"#N/A","#N/A",false,Web,"#N/A","#N/A",Medium,"#N/A",New,Subject_farkm,"#N/A","#N/A","#N/A","#N/A","#N/A"
4836482e-8064-48f6-bdb6-6a4d547cb809,"#N/A","#N/A",false,Web,"#N/A","#N/A",Medium,"#N/A",New,Subject_rjahr,"#N/A","#N/A","#N/A","#N/A","#N/A"
483ea94b-3c0a-4d5b-b32c-93e83a2bb4ff,"#N/A","#N/A",false,Web,"#N/A","#N/A",Medium,"#N/A",New,Subject_uicpj,"#N/A","#N/A","#N/A","#N/A","#N/A"
4841142f-a0fe-422f-b2a2-fe44ba97d219,"#N/A","#N/A",false,Web,"#N/A","#N/A",Medium,"#N/A",New,Subject_rkebw,"#N/A","#N/A","#N/A","#N/A","#N/A"
48447b62-a764-42a4-99be-13843ad0fa0c,"#N/A","#N/A",false,Web,"#N/A","#N/A",Medium,"#N/A",New,Subject_tvycr,"#N/A","#N/A","#N/A","#N/A","#N/A"
48458efd-4077-48cd-a576-a77519e42058,"#N/A","#N/A",false,Web,"#N/A","#N/A",Medium,"#N/A",New,Subject_buuqq,"#N/A","#N/A","#N/A","#N/A","#N/A"
4846044f-3d88-4066-9f76-4304958d2b0a,"#N/A","#N/A",false,Web,"#N/A","#N/A",Medium,"#N/A",New,Subject_lpsth,"#N/A","#N/A","#N/A","#N/A","#N/A"
484642dd-08c8-4be5-a750-4c3552521580,"#N/A","#N/A",false,Web,"#N/A","#N/A",Medium,"#N/A",New,Subject_dvjax,"#N/A","#N/A","#N/A","#N/A","#N/A"
48481558-4140-484b-bb5a-74c817ccb2e7,"#N/A","#N/A",false,Web,"#N/A","#N/A",Medium,"#N/A",New,Subject_bvdlz,"#N/A","#N/A","#N/A","#N/A","#N/A"
484b5475-0898-40e9-835e-57cf12f8db5f,"#N/A","#N/A",false,Web,"#N/A","#N/A",Medium,"#N/A",New,Subject_kcydx,"#N/A","#N/A","#N/A","#N/A","#N/A"
484c8be4-c1f1-42e6-bb18-30fd3b549342,"#N/A","#N/A",false,Web,"#N/A","#N/A",Medium,"#N/A",New,Subject_brgff,"#N/A","#N/A","#N/A","#N/A","#N/A"
484d023d-6b94-4660-aeee-cf1af386eb50,"#N/A","#N/A",false,Web,"#N/A","#N/A",Medium,"#N/A",New,Subject_yamni,"#N/A","#N/A","#N/A","#N/A","#N/A"
4852fd44-3605-4448-815b-0a32f259c1b6,"#N/A","#N/A",false,Web,"#N/A","#N/A",Medium,"#N/A",New,Subject_ykgbi,"#N/A","#N/A","#N/A","#N/A","#N/A"
4859c98d-5be9-49ec-9516-0e916ad3d4fc,"#N/A","#N/A",false,Web,"#N/A","#N/A",Medium,"#N/A",New,Subject_avgyl,"#N/A","#N/A","#N/A","#N/A","#N/A"
485db3c2-9be6-456a-82b9-00840fd3b891,"#N/A","#N/A",false,Web,"#N/A","#N/A",Medium,"#N/A",New,Subject_txtgh,"#N/A","#N/A","#N/A","#N/A","#N/A"
485de863-fdee-4b54-8fa5-cf6c8880c9d9,"#N/A","#N/A",false,Web,"#N/A","#N/A",Medium,"#N/A",New,Subject_kghec,"#N/A","#N/A","#N/A","#N/A","#N/A"
4861596a-b9b7-44bf-a941-fa883ba83f8a,"#N/A","#N/A",false,Web,"#N/A","#N/A",Medium,"#N/A",New,Subject_htfgc,"#N/A","#N/A","#N/A","#N/A","#N/A"
48632c1a-527b-48c9-97eb-2807ef290a0b,"#N/A","#N/A",false,Web,"#N/A","#N/A",Medium,"#N/A",New,Subject_ttzor,"#N/A","#N/A","#N/A","#N/A","#N/A"
4863cfa8-592c-414c-9b9f-69899d82f08c,"#N/A","#N/A",false,Web,"#N/A","#N/A",Medium,"#N/A",New,Subject_yymyi,"#N/A","#N/A","#N/A","#N/A","#N/A"
486d4103-0c98-49f2-a2d2-bd42e53e3061,"#N/A","#N/A",false,Web,"#N/A","#N/A",Medium,"#N/A",New,Subject_wqkho,"#N/A","#N/A","#N/A","#N/A","#N/A"
48751517-9d59-450a-a7d5-96242a77782c,"#N/A","#N/A",false,Web,"#N/A","#N/A",Medium,"#N/A",New,Subject_fpjod,"#N/A","#N/A","#N/A","#N/A","#N/A"
4875e41f-a385-4fd9-a5ef-611ebc1d6f03,"#N/A","#N/A",false,Web,"#N/A","#N/A",Medium,"#N/A",New,Subject_ymort,"#N/A","#N/A","#N/A","#N/A","#N/A"
4878a404-2ee2-4d60-8ead-4a5beaa036d7,"#N/A","#N/A",false,Web,"#N/A","#N/A",Medium,"#N/A",New,Subject_uesjv,"#N/A","#N/A","#N/A","#N/A","#N/A"
487ba3b6-715b-43ca-8d5e-79ca71b5a7c2,"#N/A","#N/A",false,Web,"#N/A","#N/A",Medium,"#N/A",New,Subject_aikzx,"#N/A","#N/A","#N/A","#N/A","#N/A"
487c3473-a16a-416c-b93a-07dc3247ba5c,"#N/A","#N/A",false,Web,"#N/A","#N/A",Medium,"#N/A",New,Subject_jypkx,"#N/A","#N/A","#N/A","#N/A","#N/A"
487cee66-32e6-45e5-a295-4dddd0bbbd81,"#N/A","#N/A",false,Web,"#N/A","#N/A",Medium,"#N/A",New,Subject_uoanw,"#N/A","#N/A","#N/A","#N/A","#N/A"
487e5592-6c02-469f-93df-eafe10f9998c,"#N/A","#N/A",false,Web,"#N/A","#N/A",Medium,"#N/A",New,Subject_nitiu,"#N/A","#N/A","#N/A","#N/A","#N/A"
488007fe-330e-4b01-9717-66810b5d90e0,"#N/A","#N/A",false,Web,"#N/A","#N/A",Medium,"#N/A",New,Subject_bigid,"#N/A","#N/A","#N/A","#N/A","#N/A"
48817393-d409-4148-a0e2-46320c601a5f,"#N/A","#N/A",false,Web,"#N/A","#N/A",Medium,"#N/A",New,Subject_rdfzo,"#N/A","#N/A","#N/A","#N/A","#N/A"
4882fdd8-b734-49e2-8f2d-6015c0936198,"#N/A","#N/A",false,Web,"#N/A","#N/A",Medium,"#N/A",New,Subject_gqfts,"#N/A","#N/A","#N/A","#N/A","#N/A"
48831ac1-b598-4b45-b3b1-23ad2b7d7f38,"#N/A","#N/A",false,Web,"#N/A","#N/A",Medium,"#N/A",New,Subject_wimbz,"#N/A","#N/A","#N/A","#N/A","#N/A"
488c9d50-2d50-471c-af18-ba4cb575b78a,"#N/A","#N/A",false,Web,"#N/A","#N/A",Medium,"#N/A",New,Subject_yxsre,"#N/A","#N/A","#N/A","#N/A","#N/A"
4890801e-82ff-4391-99e1-591965a9f5a2,"#N/A","#N/A",false,Web,"#N/A","#N/A",Medium,"#N/A",New,Subject_fhlbw,"#N/A","#N/A","#N/A","#N/A","#N/A"
489234ea-32db-4839-8f5b-5e074128066d,"#N/A","#N/A",false,Web,"#N/A","#N/A",Medium,"#N/A",New,Subject_ppbrt,"#N/A","#N/A","#N/A","#N/A","#N/A"
4894d985-c672-4a31-b012-74bcf226b770,"#N/A","#N/A",false,Web,"#N/A","#N/A",Medium,"#N/A",New,Subject_mfstt,"#N/A","#N/A","#N/A","#N/A","#N/A"
4895d005-a6d2-476b-8c95-8829a63a0962,"#N/A","#N/A",false,Web,"#N/A","#N/A",Medium,"#N/A",New,Subject_syrpp,"#N/A","#N/A","#N/A","#N/A","#N/A"
489624cf-1a55-435e-9774-287f11625954,"#N/A","#N/A",false,Web,"#N/A","#N/A",Medium,"#N/A",New,Subject_remoy,"#N/A","#N/A","#N/A","#N/A","#N/A"
48977fbc-6693-41cf-a98b-1d299bc62f76,"#N/A","#N/A",false,Web,"#N/A","#N/A",Medium,"#N/A",New,Subject_cahfm,"#N/A","#N/A","#N/A","#N/A","#N/A"
489d4ffb-7ce7-43f2-8c1d-9c0bbd88529b,"#N/A","#N/A",false,Web,"#N/A","#N/A",Medium,"#N/A",New,Subject_zgder,"#N/A","#N/A","#N/A","#N/A","#N/A"
48a0a5bd-f36a-424a-b8ac-23923cbd601c,"#N/A","#N/A",false,Web,"#N/A","#N/A",Medium,"#N/A",New,Subject_srcew,"#N/A","#N/A","#N/A","#N/A","#N/A"
48a0a865-96f9-4fb8-be57-a492e221543e,"#N/A","#N/A",false,Web,"#N/A","#N/A",Medium,"#N/A",New,Subject_psofi,"#N/A","#N/A","#N/A","#N/A","#N/A"
48a4022e-609c-4965-9ab9-b70d10a17983,"#N/A","#N/A",false,Web,"#N/A","#N/A",Medium,"#N/A",New,Subject_rfoaj,"#N/A","#N/A","#N/A","#N/A","#N/A"
48a70dfa-6684-449f-9ce3-b42654edc213,"#N/A","#N/A",false,Web,"#N/A","#N/A",Medium,"#N/A",New,Subject_ncvsw,"#N/A","#N/A","#N/A","#N/A","#N/A"
48a98618-453c-428b-ae39-104504925c5a,"#N/A","#N/A",false,Web,"#N/A","#N/A",Medium,"#N/A",New,Subject_jgvrd,"#N/A","#N/A","#N/A","#N/A","#N/A"
48aaf6e7-13c2-43a6-819f-b6f6a907e19b,"#N/A","#N/A",false,Web,"#N/A","#N/A",Medium,"#N/A",New,Subject_kyomw,"#N/A","#N/A","#N/A","#N/A","#N/A"
48abdab0-f7f2-4b4b-b0ec-202962dd07eb,"#N/A","#N/A",false,Web,"#N/A","#N/A",Medium,"#N/A",New,Subject_nwtyk,"#N/A","#N/A","#N/A","#N/A","#N/A"
48afff0c-6ee9-4210-acdb-f841c529c9ca,"#N/A","#N/A",false,Web,"#N/A","#N/A",Medium,"#N/A",New,Subject_jzpbk,"#N/A","#N/A","#N/A","#N/A","#N/A"
48b0a2a5-05bf-42bc-96e6-3eb340a14f4e,"#N/A","#N/A",false,Web,"#N/A","#N/A",Medium,"#N/A",New,Subject_lhmrc,"#N/A","#N/A","#N/A","#N/A","#N/A"
48b1340d-b2b2-4d96-81b8-6a78f4c84623,"#N/A","#N/A",false,Web,"#N/A","#N/A",Medium,"#N/A",New,Subject_xrzay,"#N/A","#N/A","#N/A","#N/A","#N/A"
48b44f1f-f8fa-409e-be92-ab7bd97af351,"#N/A","#N/A",false,Web,"#N/A","#N/A",Medium,"#N/A",New,Subject_jlaww,"#N/A","#N/A","#N/A","#N/A","#N/A"
48b52801-1214-4385-8f5c-d755a94c5ed7,"#N/A","#N/A",false,Web,"#N/A","#N/A",Medium,"#N/A",New,Subject_evpmq,"#N/A","#N/A","#N/A","#N/A","#N/A"
48b61228-9725-47bf-aa3e-b9a21971157a,"#N/A","#N/A",false,Web,"#N/A","#N/A",Medium,"#N/A",New,Subject_vfgya,"#N/A","#N/A","#N/A","#N/A","#N/A"
48b96489-98cb-4698-9994-fff2408a871e,"#N/A","#N/A",false,Web,"#N/A","#N/A",Medium,"#N/A",New,Subject_zmoek,"#N/A","#N/A","#N/A","#N/A","#N/A"
48bdcbfc-a3a7-4da0-9cd2-8683a18e3f84,"#N/A","#N/A",false,Web,"#N/A","#N/A",Medium,"#N/A",New,Subject_djwux,"#N/A","#N/A","#N/A","#N/A","#N/A"
48c052a5-6698-4ea7-b0b0-57f2cf49ceb5,"#N/A","#N/A",false,Web,"#N/A","#N/A",Medium,"#N/A",New,Subject_gxiij,"#N/A","#N/A","#N/A","#N/A","#N/A"
48c92c45-57eb-4fc5-bd1d-bbb27212f345,"#N/A","#N/A",false,Web,"#N/A","#N/A",Medium,"#N/A",New,Subject_pxmwv,"#N/A","#N/A","#N/A","#N/A","#N/A"
48c9a61d-b3b4-4a44-869f-8d8eea06872b,"#N/A","#N/A",false,Web,"#N/A","#N/A",Medium,"#N/A",New,Subject_lsvrl,"#N/A","#N/A","#N/A","#N/A","#N/A"
48cac261-d62d-4890-bd1c-dd59257a28bc,"#N/A","#N/A",false,Web,"#N/A","#N/A",Medium,"#N/A",New,Subject_dnhqf,"#N/A","#N/A","#N/A","#N/A","#N/A"
48d1bc13-146c-4721-9291-9037144d69db,"#N/A","#N/A",false,Web,"#N/A","#N/A",Medium,"#N/A",New,Subject_uassv,"#N/A","#N/A","#N/A","#N/A","#N/A"
48d26e13-4982-4317-9492-fdb8c89c117c,"#N/A","#N/A",false,Web,"#N/A","#N/A",Medium,"#N/A",New,Subject_cyzxs,"#N/A","#N/A","#N/A","#N/A","#N/A"
48d31246-2762-4ac6-a8f2-7f3636ab6ac8,"#N/A","#N/A",false,Web,"#N/A","#N/A",Medium,"#N/A",New,Subject_eleeb,"#N/A","#N/A","#N/A","#N/A","#N/A"
48d4d24c-868b-46ed-ad05-1747cec2e929,"#N/A","#N/A",false,Web,"#N/A","#N/A",Medium,"#N/A",New,Subject_riypt,"#N/A","#N/A","#N/A","#N/A","#N/A"
48d797f9-f7fa-4571-b0d6-e48b095fc11c,"#N/A","#N/A",false,Web,"#N/A","#N/A",Medium,"#N/A",New,Subject_decye,"#N/A","#N/A","#N/A","#N/A","#N/A"
48d911dc-f83f-477a-a509-944da62c8051,"#N/A","#N/A",false,Web,"#N/A","#N/A",Medium,"#N/A",New,Subject_ozjfz,"#N/A","#N/A","#N/A","#N/A","#N/A"
48da551e-a601-483d-b0d7-76f667ad3b7f,"#N/A","#N/A",false,Web,"#N/A","#N/A",Medium,"#N/A",New,Subject_rwuhc,"#N/A","#N/A","#N/A","#N/A","#N/A"
48daa67a-d761-4359-86f6-6f5676562efb,"#N/A","#N/A",false,Web,"#N/A","#N/A",Medium,"#N/A",New,Subject_svwrv,"#N/A","#N/A","#N/A","#N/A","#N/A"
48dade2b-0756-495c-971f-2d9dfb4047c9,"#N/A","#N/A",false,Web,"#N/A","#N/A",Medium,"#N/A",New,Subject_xhywf,"#N/A","#N/A","#N/A","#N/A","#N/A"
48dc5628-466e-4853-8b7e-2bb8f85cfb9e,"#N/A","#N/A",false,Web,"#N/A","#N/A",Medium,"#N/A",New,Subject_vgkqt,"#N/A","#N/A","#N/A","#N/A","#N/A"
48e1b073-fcd5-49ba-9d98-f02a42a23aaa,"#N/A","#N/A",false,Web,"#N/A","#N/A",Medium,"#N/A",New,Subject_wqloz,"#N/A","#N/A","#N/A","#N/A","#N/A"
48e90aba-03d2-4208-b600-5dcf84b0ab3c,"#N/A","#N/A",false,Web,"#N/A","#N/A",Medium,"#N/A",New,Subject_vqnxb,"#N/A","#N/A","#N/A","#N/A","#N/A"
48eff39d-af5b-43df-a4d2-7e0d128e0f0b,"#N/A","#N/A",false,Web,"#N/A","#N/A",Medium,"#N/A",New,Subject_lgpgh,"#N/A","#N/A","#N/A","#N/A","#N/A"
48f0c375-163f-4d13-9dd1-7e9266562f84,"#N/A","#N/A",false,Web,"#N/A","#N/A",Medium,"#N/A",New,Subject_pnxqs,"#N/A","#N/A","#N/A","#N/A","#N/A"
48f25ba2-0ea1-41e3-8e89-d6902bfa1d80,"#N/A","#N/A",false,Web,"#N/A","#N/A",Medium,"#N/A",New,Subject_lvmkv,"#N/A","#N/A","#N/A","#N/A","#N/A"
48f3cec9-f6f2-4320-a304-d5407a268d7b,"#N/A","#N/A",false,Web,"#N/A","#N/A",Medium,"#N/A",New,Subject_eqgtt,"#N/A","#N/A","#N/A","#N/A","#N/A"
48f62e62-e383-4c3f-a04c-c3b91dab3e81,"#N/A","#N/A",false,Web,"#N/A","#N/A",Medium,"#N/A",New,Subject_psmww,"#N/A","#N/A","#N/A","#N/A","#N/A"
48fc990e-4537-4a97-b17e-94453c202fcd,"#N/A","#N/A",false,Web,"#N/A","#N/A",Medium,"#N/A",New,Subject_vycam,"#N/A","#N/A","#N/A","#N/A","#N/A"
48fd0c62-d412-470f-919f-07a968d43fe2,"#N/A","#N/A",false,Web,"#N/A","#N/A",Medium,"#N/A",New,Subject_tbdrc,"#N/A","#N/A","#N/A","#N/A","#N/A"
48fd0d19-5326-4fe3-90a8-3bfb20d27564,"#N/A","#N/A",false,Web,"#N/A","#N/A",Medium,"#N/A",New,Subject_unhfr,"#N/A","#N/A","#N/A","#N/A","#N/A"
48fee446-70e4-473c-b2c8-25e86b2ce1fc,"#N/A","#N/A",false,Web,"#N/A","#N/A",Medium,"#N/A",New,Subject_mzgxy,"#N/A","#N/A","#N/A","#N/A","#N/A"
49027b66-52a1-4bdd-8545-43001c9dd901,"#N/A","#N/A",false,Web,"#N/A","#N/A",Medium,"#N/A",New,Subject_oyaut,"#N/A","#N/A","#N/A","#N/A","#N/A"
4904aead-5b72-4861-bbad-6cda607840f0,"#N/A","#N/A",false,Web,"#N/A","#N/A",Medium,"#N/A",New,Subject_jnbln,"#N/A","#N/A","#N/A","#N/A","#N/A"
4907aac3-92a8-44f6-afe7-edcf53a85379,"#N/A","#N/A",false,Web,"#N/A","#N/A",Medium,"#N/A",New,Subject_llgeg,"#N/A","#N/A","#N/A","#N/A","#N/A"
4908adce-2f5e-4843-9ac0-f862c068cb84,"#N/A","#N/A",false,Web,"#N/A","#N/A",Medium,"#N/A",New,Subject_fqsea,"#N/A","#N/A","#N/A","#N/A","#N/A"
491276e4-2c27-42b0-882a-0dfa96a3db84,"#N/A","#N/A",false,Web,"#N/A","#N/A",Medium,"#N/A",New,Subject_iohek,"#N/A","#N/A","#N/A","#N/A","#N/A"
4916ccda-eba6-4384-b541-fabc7d80fce2,"#N/A","#N/A",false,Web,"#N/A","#N/A",Medium,"#N/A",New,Subject_cvdaz,"#N/A","#N/A","#N/A","#N/A","#N/A"
4918ac4f-8790-41e1-a02a-0b72a60cdffb,"#N/A","#N/A",false,Web,"#N/A","#N/A",Medium,"#N/A",New,Subject_rewai,"#N/A","#N/A","#N/A","#N/A","#N/A"
4921cb61-9f43-40fc-86bd-737a94ef8596,"#N/A","#N/A",false,Web,"#N/A","#N/A",Medium,"#N/A",New,Subject_qjubr,"#N/A","#N/A","#N/A","#N/A","#N/A"
4922ee84-ac5f-4ed5-91be-c7283b05899b,"#N/A","#N/A",false,Web,"#N/A","#N/A",Medium,"#N/A",New,Subject_thgty,"#N/A","#N/A","#N/A","#N/A","#N/A"
49267ed6-13a1-476e-9837-b8f1dda41112,"#N/A","#N/A",false,Web,"#N/A","#N/A",Medium,"#N/A",New,Subject_wgxhk,"#N/A","#N/A","#N/A","#N/A","#N/A"
49268245-456a-4623-90f9-10788a9d65d4,"#N/A","#N/A",false,Web,"#N/A","#N/A",Medium,"#N/A",New,Subject_zcsvj,"#N/A","#N/A","#N/A","#N/A","#N/A"
492a8989-9770-4ad8-8139-ec45820951f0,"#N/A","#N/A",false,Web,"#N/A","#N/A",Medium,"#N/A",New,Subject_ganps,"#N/A","#N/A","#N/A","#N/A","#N/A"
492b1688-1205-4a22-8bcc-1e9a8d13a8d7,"#N/A","#N/A",false,Web,"#N/A","#N/A",Medium,"#N/A",New,Subject_xzonp,"#N/A","#N/A","#N/A","#N/A","#N/A"
492dacea-a326-431e-bed3-97676a20a3ce,"#N/A","#N/A",false,Web,"#N/A","#N/A",Medium,"#N/A",New,Subject_ubdru,"#N/A","#N/A","#N/A","#N/A","#N/A"
4932c7e4-ba7f-49fa-9ec2-fa10f1f8ce96,"#N/A","#N/A",false,Web,"#N/A","#N/A",Medium,"#N/A",New,Subject_ketmx,"#N/A","#N/A","#N/A","#N/A","#N/A"
4933cd57-888a-4d4e-8848-3ca54f6a4061,"#N/A","#N/A",false,Web,"#N/A","#N/A",Medium,"#N/A",New,Subject_lmihb,"#N/A","#N/A","#N/A","#N/A","#N/A"
4934c01d-c821-4b58-a7ca-4d4e7a057d99,"#N/A","#N/A",false,Web,"#N/A","#N/A",Medium,"#N/A",New,Subject_lgsan,"#N/A","#N/A","#N/A","#N/A","#N/A"
493838ed-c746-425d-86c1-49ae501fc78c,"#N/A","#N/A",false,Web,"#N/A","#N/A",Medium,"#N/A",New,Subject_hkifp,"#N/A","#N/A","#N/A","#N/A","#N/A"
493eceec-2ba7-4473-921f-e2c1cd549d97,"#N/A","#N/A",false,Web,"#N/A","#N/A",Medium,"#N/A",New,Subject_sxtnj,"#N/A","#N/A","#N/A","#N/A","#N/A"
49413fe7-cf2c-47fb-968c-5c894219edd0,"#N/A","#N/A",false,Web,"#N/A","#N/A",Medium,"#N/A",New,Subject_nkahb,"#N/A","#N/A","#N/A","#N/A","#N/A"
4941febe-1f83-423d-b217-0fc9633b5ccb,"#N/A","#N/A",false,Web,"#N/A","#N/A",Medium,"#N/A",New,Subject_kyjey,"#N/A","#N/A","#N/A","#N/A","#N/A"
4942251f-8f7b-4987-aac6-56737dfd35e3,"#N/A","#N/A",false,Web,"#N/A","#N/A",Medium,"#N/A",New,Subject_wreuw,"#N/A","#N/A","#N/A","#N/A","#N/A"
4942b194-8f5d-44e3-bb71-f8f3e41516b3,"#N/A","#N/A",false,Web,"#N/A","#N/A",Medium,"#N/A",New,Subject_itrkz,"#N/A","#N/A","#N/A","#N/A","#N/A"
49443399-ff49-454c-a2f5-99126602064b,"#N/A","#N/A",false,Web,"#N/A","#N/A",Medium,"#N/A",New,Subject_usooj,"#N/A","#N/A","#N/A","#N/A","#N/A"
4945db43-beeb-47d7-8803-990342f4d7d4,"#N/A","#N/A",false,Web,"#N/A","#N/A",Medium,"#N/A",New,Subject_pwhya,"#N/A","#N/A","#N/A","#N/A","#N/A"
49485848-9ece-41b1-ad6a-dc6ae906abc0,"#N/A","#N/A",false,Web,"#N/A","#N/A",Medium,"#N/A",New,Subject_lwqfs,"#N/A","#N/A","#N/A","#N/A","#N/A"
49498773-54b4-4109-bded-83a5c7fb1002,"#N/A","#N/A",false,Web,"#N/A","#N/A",Medium,"#N/A",New,Subject_qdirg,"#N/A","#N/A","#N/A","#N/A","#N/A"
494aa836-2300-4102-916e-da53f3da6ca0,"#N/A","#N/A",false,Web,"#N/A","#N/A",Medium,"#N/A",New,Subject_fsplw,"#N/A","#N/A","#N/A","#N/A","#N/A"
494c9c2c-2bae-460f-8488-7e0bcb5893e9,"#N/A","#N/A",false,Web,"#N/A","#N/A",Medium,"#N/A",New,Subject_awyqo,"#N/A","#N/A","#N/A","#N/A","#N/A"
494f3b30-70a8-4078-a507-30a2bd50546c,"#N/A","#N/A",false,Web,"#N/A","#N/A",Medium,"#N/A",New,Subject_nfyjt,"#N/A","#N/A","#N/A","#N/A","#N/A"
494fd429-1f49-422b-bd91-4257b62df606,"#N/A","#N/A",false,Web,"#N/A","#N/A",Medium,"#N/A",New,Subject_xcrbn,"#N/A","#N/A","#N/A","#N/A","#N/A"
49502447-128e-427b-bbd1-9c7be71ddea0,"#N/A","#N/A",false,Web,"#N/A","#N/A",Medium,"#N/A",New,Subject_nthhj,"#N/A","#N/A","#N/A","#N/A","#N/A"
4953450d-f129-4ed2-a17a-ee7242a1ae99,"#N/A","#N/A",false,Web,"#N/A","#N/A",Medium,"#N/A",New,Subject_gsknz,"#N/A","#N/A","#N/A","#N/A","#N/A"
49598cb8-c9cb-455b-a936-08b5ec5c5d90,"#N/A","#N/A",false,Web,"#N/A","#N/A",Medium,"#N/A",New,Subject_snsps,"#N/A","#N/A","#N/A","#N/A","#N/A"
495a6ec9-be81-41b5-a312-07f6d9ee16ce,"#N/A","#N/A",false,Web,"#N/A","#N/A",Medium,"#N/A",New,Subject_jjsyn,"#N/A","#N/A","#N/A","#N/A","#N/A"
495c88ad-02bd-4c7e-a7e9-bbf2c994acb1,"#N/A","#N/A",false,Web,"#N/A","#N/A",Medium,"#N/A",New,Subject_wfmww,"#N/A","#N/A","#N/A","#N/A","#N/A"
495fc028-38b8-4786-ad5e-1279a9e5ff9c,"#N/A","#N/A",false,Web,"#N/A","#N/A",Medium,"#N/A",New,Subject_mcckc,"#N/A","#N/A","#N/A","#N/A","#N/A"
49645e11-ab34-4935-b7f0-e6bf2b85226f,"#N/A","#N/A",false,Web,"#N/A","#N/A",Medium,"#N/A",New,Subject_ahlse,"#N/A","#N/A","#N/A","#N/A","#N/A"
49671c2d-1f3d-4810-b774-0dddb17fc3e4,"#N/A","#N/A",false,Web,"#N/A","#N/A",Medium,"#N/A",New,Subject_aogan,"#N/A","#N/A","#N/A","#N/A","#N/A"
496b437b-a252-4875-bb55-693ebb958b81,"#N/A","#N/A",false,Web,"#N/A","#N/A",Medium,"#N/A",New,Subject_iozso,"#N/A","#N/A","#N/A","#N/A","#N/A"
496bb80a-f5c9-4252-bdaa-91c0992c8512,"#N/A","#N/A",false,Web,"#N/A","#N/A",Medium,"#N/A",New,Subject_nbdxq,"#N/A","#N/A","#N/A","#N/A","#N/A"
496f3ce1-8d6b-4dda-ab1f-c2ce57724912,"#N/A","#N/A",false,Web,"#N/A","#N/A",Medium,"#N/A",New,Subject_clagi,"#N/A","#N/A","#N/A","#N/A","#N/A"
496f6cdb-7fee-4d46-b2ce-d0e1920a89dd,"#N/A","#N/A",false,Web,"#N/A","#N/A",Medium,"#N/A",New,Subject_wmlbb,"#N/A","#N/A","#N/A","#N/A","#N/A"
4973188d-fc68-43d0-a0ca-07abfd69f989,"#N/A","#N/A",false,Web,"#N/A","#N/A",Medium,"#N/A",New,Subject_xqmzt,"#N/A","#N/A","#N/A","#N/A","#N/A"
4974c41d-ec51-45c3-acaf-45093c70e0cf,"#N/A","#N/A",false,Web,"#N/A","#N/A",Medium,"#N/A",New,Subject_zltex,"#N/A","#N/A","#N/A","#N/A","#N/A"
4974e4ed-7974-4d45-998a-ec09905846fd,"#N/A","#N/A",false,Web,"#N/A","#N/A",Medium,"#N/A",New,Subject_bicte,"#N/A","#N/A","#N/A","#N/A","#N/A"
497c4f7c-0cc1-40ce-bdfd-1435b65df0e3,"#N/A","#N/A",false,Web,"#N/A","#N/A",Medium,"#N/A",New,Subject_wpkzb,"#N/A","#N/A","#N/A","#N/A","#N/A"
497dce68-85a7-470b-a8e9-06bb97c5009c,"#N/A","#N/A",false,Web,"#N/A","#N/A",Medium,"#N/A",New,Subject_gprhq,"#N/A","#N/A","#N/A","#N/A","#N/A"
497fe7e1-1752-4b5a-8959-73e4f0a32bb4,"#N/A","#N/A",false,Web,"#N/A","#N/A",Medium,"#N/A",New,Subject_blfcl,"#N/A","#N/A","#N/A","#N/A","#N/A"
49814b57-0431-472d-acb6-82f81b25ea0a,"#N/A","#N/A",false,Web,"#N/A","#N/A",Medium,"#N/A",New,Subject_qrwgy,"#N/A","#N/A","#N/A","#N/A","#N/A"
49835d5d-a2bc-43e8-a587-3445971cbc11,"#N/A","#N/A",false,Web,"#N/A","#N/A",Medium,"#N/A",New,Subject_xpsuj,"#N/A","#N/A","#N/A","#N/A","#N/A"
498441fb-6e2e-4ce5-a9ab-65ffb8042225,"#N/A","#N/A",false,Web,"#N/A","#N/A",Medium,"#N/A",New,Subject_ujaxw,"#N/A","#N/A","#N/A","#N/A","#N/A"
4984cc97-17fc-4033-8602-b3c6b62302fe,"#N/A","#N/A",false,Web,"#N/A","#N/A",Medium,"#N/A",New,Subject_yaanw,"#N/A","#N/A","#N/A","#N/A","#N/A"
49866055-346f-400d-b017-09c35b7a1002,"#N/A","#N/A",false,Web,"#N/A","#N/A",Medium,"#N/A",New,Subject_hpfxg,"#N/A","#N/A","#N/A","#N/A","#N/A"
4987105a-955f-4d3b-91d4-30cac2e8b53f,"#N/A","#N/A",false,Web,"#N/A","#N/A",Medium,"#N/A",New,Subject_rstlc,"#N/A","#N/A","#N/A","#N/A","#N/A"
4987210d-dc48-464f-bbc2-7b50b3df60ea,"#N/A","#N/A",false,Web,"#N/A","#N/A",Medium,"#N/A",New,Subject_eikxh,"#N/A","#N/A","#N/A","#N/A","#N/A"
498f67ab-0b4e-4d83-8f54-9b97cebe7524,"#N/A","#N/A",false,Web,"#N/A","#N/A",Medium,"#N/A",New,Subject_oecxv,"#N/A","#N/A","#N/A","#N/A","#N/A"
49946260-a1e7-41da-aa0a-ca13f82ed9a1,"#N/A","#N/A",false,Web,"#N/A","#N/A",Medium,"#N/A",New,Subject_qflyo,"#N/A","#N/A","#N/A","#N/A","#N/A"
499907ee-6bd6-4c42-a3df-8c8682ccc65e,"#N/A","#N/A",false,Web,"#N/A","#N/A",Medium,"#N/A",New,Subject_dgdmi,"#N/A","#N/A","#N/A","#N/A","#N/A"
499ab1eb-43b0-454b-9bd7-e5f1508dc83c,"#N/A","#N/A",false,Web,"#N/A","#N/A",Medium,"#N/A",New,Subject_zjjwd,"#N/A","#N/A","#N/A","#N/A","#N/A"
499d4e81-4cf6-4afc-b5f6-22ddc9959617,"#N/A","#N/A",false,Web,"#N/A","#N/A",Medium,"#N/A",New,Subject_yhfmp,"#N/A","#N/A","#N/A","#N/A","#N/A"
499ee5c9-60ee-45c7-a8bb-6c3d7779cf2e,"#N/A","#N/A",false,Web,"#N/A","#N/A",Medium,"#N/A",New,Subject_syyig,"#N/A","#N/A","#N/A","#N/A","#N/A"
49a030d4-78f5-488c-8128-afe33fb2c8c8,"#N/A","#N/A",false,Web,"#N/A","#N/A",Medium,"#N/A",New,Subject_fnkcj,"#N/A","#N/A","#N/A","#N/A","#N/A"
49a0a124-9c00-4df8-8e43-ad4d8f234679,"#N/A","#N/A",false,Web,"#N/A","#N/A",Medium,"#N/A",New,Subject_zodht,"#N/A","#N/A","#N/A","#N/A","#N/A"
49a3cfb4-8bf8-40cc-a4d6-0b41844da9d3,"#N/A","#N/A",false,Web,"#N/A","#N/A",Medium,"#N/A",New,Subject_asmxr,"#N/A","#N/A","#N/A","#N/A","#N/A"
49a45f4d-61a6-4d53-9ddc-65441a2625d3,"#N/A","#N/A",false,Web,"#N/A","#N/A",Medium,"#N/A",New,Subject_oudwh,"#N/A","#N/A","#N/A","#N/A","#N/A"
49a4660e-8b02-48d4-9440-51e3fd796d8c,"#N/A","#N/A",false,Web,"#N/A","#N/A",Medium,"#N/A",New,Subject_vlrco,"#N/A","#N/A","#N/A","#N/A","#N/A"
49af1f23-c557-4808-9a52-c1817d073f16,"#N/A","#N/A",false,Web,"#N/A","#N/A",Medium,"#N/A",New,Subject_znkzr,"#N/A","#N/A","#N/A","#N/A","#N/A"
49b1022f-bbcb-485f-ae4e-9cc02d08674b,"#N/A","#N/A",false,Web,"#N/A","#N/A",Medium,"#N/A",New,Subject_yxlgu,"#N/A","#N/A","#N/A","#N/A","#N/A"
49b40756-4edd-4182-a578-50a34c6b5d98,"#N/A","#N/A",false,Web,"#N/A","#N/A",Medium,"#N/A",New,Subject_ffadx,"#N/A","#N/A","#N/A","#N/A","#N/A"
49b65d53-7266-4933-ad88-a044174f6959,"#N/A","#N/A",false,Web,"#N/A","#N/A",Medium,"#N/A",New,Subject_tgwrz,"#N/A","#N/A","#N/A","#N/A","#N/A"
49b8746c-dd5d-4cb9-9c77-fba16c6131c4,"#N/A","#N/A",false,Web,"#N/A","#N/A",Medium,"#N/A",New,Subject_uinbx,"#N/A","#N/A","#N/A","#N/A","#N/A"
49b95503-d435-4ffc-ba5a-d9bf7e317dae,"#N/A","#N/A",false,Web,"#N/A","#N/A",Medium,"#N/A",New,Subject_gaobn,"#N/A","#N/A","#N/A","#N/A","#N/A"
49bea94c-9b99-4bf4-9b16-e9ccab679aea,"#N/A","#N/A",false,Web,"#N/A","#N/A",Medium,"#N/A",New,Subject_sencx,"#N/A","#N/A","#N/A","#N/A","#N/A"
49c1df43-ab11-4512-9bcf-90ae19831da8,"#N/A","#N/A",false,Web,"#N/A","#N/A",Medium,"#N/A",New,Subject_emtfp,"#N/A","#N/A","#N/A","#N/A","#N/A"
49c21873-59ab-405d-a5a6-11b9e937c0bc,"#N/A","#N/A",false,Web,"#N/A","#N/A",Medium,"#N/A",New,Subject_vvurj,"#N/A","#N/A","#N/A","#N/A","#N/A"
49c87b3d-3da8-4c63-be41-cf38d61b1919,"#N/A","#N/A",false,Web,"#N/A","#N/A",Medium,"#N/A",New,Subject_hqqgm,"#N/A","#N/A","#N/A","#N/A","#N/A"
49cc1b63-997c-425b-8e01-90cd10be154b,"#N/A","#N/A",false,Web,"#N/A","#N/A",Medium,"#N/A",New,Subject_hoxmw,"#N/A","#N/A","#N/A","#N/A","#N/A"
49cd41db-5763-4b02-b5da-2bd59db54a11,"#N/A","#N/A",false,Web,"#N/A","#N/A",Medium,"#N/A",New,Subject_upbuc,"#N/A","#N/A","#N/A","#N/A","#N/A"
49cd4e1b-eed0-40b0-9d30-7c360e1adb13,"#N/A","#N/A",false,Web,"#N/A","#N/A",Medium,"#N/A",New,Subject_ukqad,"#N/A","#N/A","#N/A","#N/A","#N/A"
49ce96d9-9064-4ba6-8e8d-009f10fc86a0,"#N/A","#N/A",false,Web,"#N/A","#N/A",Medium,"#N/A",New,Subject_mtrgp,"#N/A","#N/A","#N/A","#N/A","#N/A"
49cfe558-fdca-4281-9514-441ae4390639,"#N/A","#N/A",false,Web,"#N/A","#N/A",Medium,"#N/A",New,Subject_gmdyn,"#N/A","#N/A","#N/A","#N/A","#N/A"
49cff912-a461-4c79-807e-29ea8d72df69,"#N/A","#N/A",false,Web,"#N/A","#N/A",Medium,"#N/A",New,Subject_fdeuy,"#N/A","#N/A","#N/A","#N/A","#N/A"
49d0f30e-9a3d-4cdf-86cc-d88c61754f84,"#N/A","#N/A",false,Web,"#N/A","#N/A",Medium,"#N/A",New,Subject_suegy,"#N/A","#N/A","#N/A","#N/A","#N/A"
49d21557-cc83-4598-a9f4-482f56596c1d,"#N/A","#N/A",false,Web,"#N/A","#N/A",Medium,"#N/A",New,Subject_ghizw,"#N/A","#N/A","#N/A","#N/A","#N/A"
49d33b91-eb12-4ce0-8397-5a8829826264,"#N/A","#N/A",false,Web,"#N/A","#N/A",Medium,"#N/A",New,Subject_kuigx,"#N/A","#N/A","#N/A","#N/A","#N/A"
49da0def-3502-4cae-bb25-33c30bb5626a,"#N/A","#N/A",false,Web,"#N/A","#N/A",Medium,"#N/A",New,Subject_pppsj,"#N/A","#N/A","#N/A","#N/A","#N/A"
49dca73b-fb83-4d41-b431-1d048aa7f1bc,"#N/A","#N/A",false,Web,"#N/A","#N/A",Medium,"#N/A",New,Subject_iyyjg,"#N/A","#N/A","#N/A","#N/A","#N/A"
49dd571e-7565-4452-95b6-71d0b921cd84,"#N/A","#N/A",false,Web,"#N/A","#N/A",Medium,"#N/A",New,Subject_tplqv,"#N/A","#N/A","#N/A","#N/A","#N/A"
49debb70-e25a-4c5a-bb75-81b889003c87,"#N/A","#N/A",false,Web,"#N/A","#N/A",Medium,"#N/A",New,Subject_iypio,"#N/A","#N/A","#N/A","#N/A","#N/A"
49e0395d-72d9-49f9-a485-c83c6482ac6d,"#N/A","#N/A",false,Web,"#N/A","#N/A",Medium,"#N/A",New,Subject_sjhce,"#N/A","#N/A","#N/A","#N/A","#N/A"
49e38997-9a7b-4c23-a6c6-59ccde1c58c6,"#N/A","#N/A",false,Web,"#N/A","#N/A",Medium,"#N/A",New,Subject_boyms,"#N/A","#N/A","#N/A","#N/A","#N/A"
49e5a080-d37b-46b9-8f77-2c26e2b8628a,"#N/A","#N/A",false,Web,"#N/A","#N/A",Medium,"#N/A",New,Subject_cqkat,"#N/A","#N/A","#N/A","#N/A","#N/A"
49e60c06-34ce-4718-980a-916cac6b4c53,"#N/A","#N/A",false,Web,"#N/A","#N/A",Medium,"#N/A",New,Subject_dfzpb,"#N/A","#N/A","#N/A","#N/A","#N/A"
49e726b1-74cc-4156-9269-7298802e2e80,"#N/A","#N/A",false,Web,"#N/A","#N/A",Medium,"#N/A",New,Subject_tpyib,"#N/A","#N/A","#N/A","#N/A","#N/A"
49e8d4ca-71f9-4dcc-876e-772da595a76d,"#N/A","#N/A",false,Web,"#N/A","#N/A",Medium,"#N/A",New,Subject_trsqm,"#N/A","#N/A","#N/A","#N/A","#N/A"
49e946cc-5f4c-425a-86a2-99f993ad9f56,"#N/A","#N/A",false,Web,"#N/A","#N/A",Medium,"#N/A",New,Subject_fbvuf,"#N/A","#N/A","#N/A","#N/A","#N/A"
49eaac1e-3b70-44bc-95e8-146c0d95642e,"#N/A","#N/A",false,Web,"#N/A","#N/A",Medium,"#N/A",New,Subject_snspx,"#N/A","#N/A","#N/A","#N/A","#N/A"
49f775ab-bf6b-49c6-9e54-b0f8ba758172,"#N/A","#N/A",false,Web,"#N/A","#N/A",Medium,"#N/A",New,Subject_zuuxt,"#N/A","#N/A","#N/A","#N/A","#N/A"
49fea9fe-8a1a-45a4-9557-03d4edfd5988,"#N/A","#N/A",false,Web,"#N/A","#N/A",Medium,"#N/A",New,Subject_sebbq,"#N/A","#N/A","#N/A","#N/A","#N/A"
4a010259-77c9-4bf2-a351-1842167dde68,"#N/A","#N/A",false,Web,"#N/A","#N/A",Medium,"#N/A",New,Subject_xxikv,"#N/A","#N/A","#N/A","#N/A","#N/A"
4a05c86b-46ab-468c-852b-b8168a2b05d4,"#N/A","#N/A",false,Web,"#N/A","#N/A",Medium,"#N/A",New,Subject_lzsog,"#N/A","#N/A","#N/A","#N/A","#N/A"
4a05efca-c646-4b1e-b259-a11a183b537e,"#N/A","#N/A",false,Web,"#N/A","#N/A",Medium,"#N/A",New,Subject_cphkj,"#N/A","#N/A","#N/A","#N/A","#N/A"
4a063c60-c133-4ea0-8717-429f6b946d0b,"#N/A","#N/A",false,Web,"#N/A","#N/A",Medium,"#N/A",New,Subject_wksnq,"#N/A","#N/A","#N/A","#N/A","#N/A"
4a06c124-1fef-41f7-98a6-eec3c3172ad7,"#N/A","#N/A",false,Web,"#N/A","#N/A",Medium,"#N/A",New,Subject_xghlq,"#N/A","#N/A","#N/A","#N/A","#N/A"
4a08f5d7-79f3-4cf5-8ec0-755ba4506731,"#N/A","#N/A",false,Web,"#N/A","#N/A",Medium,"#N/A",New,Subject_bgcbz,"#N/A","#N/A","#N/A","#N/A","#N/A"
4a0c05e9-2017-4bda-a070-348b519eecbf,"#N/A","#N/A",false,Web,"#N/A","#N/A",Medium,"#N/A",New,Subject_vibkn,"#N/A","#N/A","#N/A","#N/A","#N/A"
4a0e5da2-2257-41b1-9408-1dd2a1453cd2,"#N/A","#N/A",false,Web,"#N/A","#N/A",Medium,"#N/A",New,Subject_selbd,"#N/A","#N/A","#N/A","#N/A","#N/A"
4a0eb0f0-72bc-463a-8ea1-cddc503237e5,"#N/A","#N/A",false,Web,"#N/A","#N/A",Medium,"#N/A",New,Subject_seshd,"#N/A","#N/A","#N/A","#N/A","#N/A"
4a0f8d07-e884-429b-94d6-b00db50f49a5,"#N/A","#N/A",false,Web,"#N/A","#N/A",Medium,"#N/A",New,Subject_zbkbq,"#N/A","#N/A","#N/A","#N/A","#N/A"
4a102dbe-af0f-4535-9cb6-343085bcc6c3,"#N/A","#N/A",false,Web,"#N/A","#N/A",Medium,"#N/A",New,Subject_zsxkb,"#N/A","#N/A","#N/A","#N/A","#N/A"
4a108712-8d8f-4c33-a006-a0daf4242a01,"#N/A","#N/A",false,Web,"#N/A","#N/A",Medium,"#N/A",New,Subject_iviup,"#N/A","#N/A","#N/A","#N/A","#N/A"
4a135e36-6e75-417d-9c80-c29b24642367,"#N/A","#N/A",false,Web,"#N/A","#N/A",Medium,"#N/A",New,Subject_blkvy,"#N/A","#N/A","#N/A","#N/A","#N/A"
4a16c61c-9348-4739-bb7e-3770dca79a18,"#N/A","#N/A",false,Web,"#N/A","#N/A",Medium,"#N/A",New,Subject_yackz,"#N/A","#N/A","#N/A","#N/A","#N/A"
4a176733-e33d-4add-97e0-a01c4211af71,"#N/A","#N/A",false,Web,"#N/A","#N/A",Medium,"#N/A",New,Subject_bhgay,"#N/A","#N/A","#N/A","#N/A","#N/A"
4a186844-e8d9-4e63-a12a-b41d754efa8b,"#N/A","#N/A",false,Web,"#N/A","#N/A",Medium,"#N/A",New,Subject_qqepc,"#N/A","#N/A","#N/A","#N/A","#N/A"
4a190e86-044a-490d-b1e3-56aa3b625f6c,"#N/A","#N/A",false,Web,"#N/A","#N/A",Medium,"#N/A",New,Subject_akyrc,"#N/A","#N/A","#N/A","#N/A","#N/A"
4a1990ab-58a2-49eb-8987-4684b9061f39,"#N/A","#N/A",false,Web,"#N/A","#N/A",Medium,"#N/A",New,Subject_kyehf,"#N/A","#N/A","#N/A","#N/A","#N/A"
4a1d1b18-c65f-4a09-af2b-52515440be17,"#N/A","#N/A",false,Web,"#N/A","#N/A",Medium,"#N/A",New,Subject_sbfqv,"#N/A","#N/A","#N/A","#N/A","#N/A"
4a1e3228-1bdd-4d8b-bf72-c5c8edb8674f,"#N/A","#N/A",false,Web,"#N/A","#N/A",Medium,"#N/A",New,Subject_ydejz,"#N/A","#N/A","#N/A","#N/A","#N/A"
4a20d171-2344-4b74-8ce5-f92be1f882c8,"#N/A","#N/A",false,Web,"#N/A","#N/A",Medium,"#N/A",New,Subject_wjmqq,"#N/A","#N/A","#N/A","#N/A","#N/A"
4a21e871-09ec-4404-a41a-7887900d7812,"#N/A","#N/A",false,Web,"#N/A","#N/A",Medium,"#N/A",New,Subject_fpijz,"#N/A","#N/A","#N/A","#N/A","#N/A"
4a244c27-8a3e-48a3-bdf2-e65feaee26f7,"#N/A","#N/A",false,Web,"#N/A","#N/A",Medium,"#N/A",New,Subject_otdwl,"#N/A","#N/A","#N/A","#N/A","#N/A"
4a25b0b0-730f-42c3-97e7-1c7dac5eed64,"#N/A","#N/A",false,Web,"#N/A","#N/A",Medium,"#N/A",New,Subject_brueh,"#N/A","#N/A","#N/A","#N/A","#N/A"
4a2be98d-b41f-4d87-a76c-809f783b5c31,"#N/A","#N/A",false,Web,"#N/A","#N/A",Medium,"#N/A",New,Subject_bhodw,"#N/A","#N/A","#N/A","#N/A","#N/A"
4a30682a-7172-403d-9b83-352bd02dfbf2,"#N/A","#N/A",false,Web,"#N/A","#N/A",Medium,"#N/A",New,Subject_gbfga,"#N/A","#N/A","#N/A","#N/A","#N/A"
4a32e082-d3cb-4262-bba2-652358e598d6,"#N/A","#N/A",false,Web,"#N/A","#N/A",Medium,"#N/A",New,Subject_doexx,"#N/A","#N/A","#N/A","#N/A","#N/A"
4a34c167-2f54-4647-a9df-bea2861ee4fd,"#N/A","#N/A",false,Web,"#N/A","#N/A",Medium,"#N/A",New,Subject_lnfaq,"#N/A","#N/A","#N/A","#N/A","#N/A"
4a351ca5-cbcd-49f3-b298-161cda7b490f,"#N/A","#N/A",false,Web,"#N/A","#N/A",Medium,"#N/A",New,Subject_bzmfq,"#N/A","#N/A","#N/A","#N/A","#N/A"
4a352578-96cf-4e73-8db9-4f5f0da1bb1d,"#N/A","#N/A",false,Web,"#N/A","#N/A",Medium,"#N/A",New,Subject_fyqiz,"#N/A","#N/A","#N/A","#N/A","#N/A"
4a39536b-6506-46c3-b074-75f149c5e5e4,"#N/A","#N/A",false,Web,"#N/A","#N/A",Medium,"#N/A",New,Subject_djlvo,"#N/A","#N/A","#N/A","#N/A","#N/A"
4a39fd5c-a985-4383-aa5a-026919a72d79,"#N/A","#N/A",false,Web,"#N/A","#N/A",Medium,"#N/A",New,Subject_bkoxb,"#N/A","#N/A","#N/A","#N/A","#N/A"
4a3cb907-a1f1-44cc-bc19-88a6ff7fd5e8,"#N/A","#N/A",false,Web,"#N/A","#N/A",Medium,"#N/A",New,Subject_ixwhb,"#N/A","#N/A","#N/A","#N/A","#N/A"
4a42115e-a21d-4f7d-9184-8569c978709a,"#N/A","#N/A",false,Web,"#N/A","#N/A",Medium,"#N/A",New,Subject_gpbzf,"#N/A","#N/A","#N/A","#N/A","#N/A"
4a4457af-8a68-46d7-82f1-a06c2ed0388a,"#N/A","#N/A",false,Web,"#N/A","#N/A",Medium,"#N/A",New,Subject_owwnb,"#N/A","#N/A","#N/A","#N/A","#N/A"
4a45175d-658a-4462-8ac7-a50d177766cf,"#N/A","#N/A",false,Web,"#N/A","#N/A",Medium,"#N/A",New,Subject_nlxsc,"#N/A","#N/A","#N/A","#N/A","#N/A"
4a4575bf-582c-4d5e-a095-dc812d52ee56,"#N/A","#N/A",false,Web,"#N/A","#N/A",Medium,"#N/A",New,Subject_ychgp,"#N/A","#N/A","#N/A","#N/A","#N/A"
4a4e0c01-5e4b-4280-9a3d-9aead1cce998,"#N/A","#N/A",false,Web,"#N/A","#N/A",Medium,"#N/A",New,Subject_blldb,"#N/A","#N/A","#N/A","#N/A","#N/A"
4a5289f5-51fa-4dac-938f-8bae3da29e9b,"#N/A","#N/A",false,Web,"#N/A","#N/A",Medium,"#N/A",New,Subject_mzjrx,"#N/A","#N/A","#N/A","#N/A","#N/A"
4a53b635-7487-47c2-ac65-8eecaa02fbc2,"#N/A","#N/A",false,Web,"#N/A","#N/A",Medium,"#N/A",New,Subject_wuldb,"#N/A","#N/A","#N/A","#N/A","#N/A"
4a5bcadf-e1ac-492d-af60-858224c8f985,"#N/A","#N/A",false,Web,"#N/A","#N/A",Medium,"#N/A",New,Subject_oncxy,"#N/A","#N/A","#N/A","#N/A","#N/A"
4a5c7a51-3dc8-4883-ad3a-5cd51f3d1050,"#N/A","#N/A",false,Web,"#N/A","#N/A",Medium,"#N/A",New,Subject_peyem,"#N/A","#N/A","#N/A","#N/A","#N/A"
4a5ca8f5-12c1-4e93-bf2a-8551818a9a5d,"#N/A","#N/A",false,Web,"#N/A","#N/A",Medium,"#N/A",New,Subject_hlyfl,"#N/A","#N/A","#N/A","#N/A","#N/A"
4a5cbedb-d997-4d20-977b-ccaa5fef2fa6,"#N/A","#N/A",false,Web,"#N/A","#N/A",Medium,"#N/A",New,Subject_fbakh,"#N/A","#N/A","#N/A","#N/A","#N/A"
4a5ccd2d-0cfc-453f-a74f-ff6af0de9fa5,"#N/A","#N/A",false,Web,"#N/A","#N/A",Medium,"#N/A",New,Subject_uugkk,"#N/A","#N/A","#N/A","#N/A","#N/A"
4a5dd043-74ec-4482-8895-d6ed5d41d241,"#N/A","#N/A",false,Web,"#N/A","#N/A",Medium,"#N/A",New,Subject_faibt,"#N/A","#N/A","#N/A","#N/A","#N/A"
4a5f5ded-e1c0-422d-b5b7-3cdd26757922,"#N/A","#N/A",false,Web,"#N/A","#N/A",Medium,"#N/A",New,Subject_jrnxv,"#N/A","#N/A","#N/A","#N/A","#N/A"
4a613b8e-2658-414b-8673-f74feb4b33ea,"#N/A","#N/A",false,Web,"#N/A","#N/A",Medium,"#N/A",New,Subject_dlzyk,"#N/A","#N/A","#N/A","#N/A","#N/A"
4a616040-e2d7-4a29-9b99-d79e9c8efe8f,"#N/A","#N/A",false,Web,"#N/A","#N/A",Medium,"#N/A",New,Subject_dwdoh,"#N/A","#N/A","#N/A","#N/A","#N/A"
4a699d42-02d5-4890-8d92-bbac62208a22,"#N/A","#N/A",false,Web,"#N/A","#N/A",Medium,"#N/A",New,Subject_snmmp,"#N/A","#N/A","#N/A","#N/A","#N/A"
4a69e8b1-9a4a-4759-8fea-8af8cddc5681,"#N/A","#N/A",false,Web,"#N/A","#N/A",Medium,"#N/A",New,Subject_fqkys,"#N/A","#N/A","#N/A","#N/A","#N/A"
4a6d35c4-3923-4f93-bc14-48daf9b8effb,"#N/A","#N/A",false,Web,"#N/A","#N/A",Medium,"#N/A",New,Subject_qyyhu,"#N/A","#N/A","#N/A","#N/A","#N/A"
4a727f78-53c8-4be1-9678-1e0dedfa7b7e,"#N/A","#N/A",false,Web,"#N/A","#N/A",Medium,"#N/A",New,Subject_sigpj,"#N/A","#N/A","#N/A","#N/A","#N/A"
4a74c326-8924-431a-9c1b-b31020cdf411,"#N/A","#N/A",false,Web,"#N/A","#N/A",Medium,"#N/A",New,Subject_bvcyy,"#N/A","#N/A","#N/A","#N/A","#N/A"
4a762ab4-8f31-4b9d-989f-f761d9e11af8,"#N/A","#N/A",false,Web,"#N/A","#N/A",Medium,"#N/A",New,Subject_jkhyw,"#N/A","#N/A","#N/A","#N/A","#N/A"
4a7e12bb-8760-4619-966b-067b481542f6,"#N/A","#N/A",false,Web,"#N/A","#N/A",Medium,"#N/A",New,Subject_ddwaq,"#N/A","#N/A","#N/A","#N/A","#N/A"
4a7eaafe-94f9-46b9-91e6-945ee2297257,"#N/A","#N/A",false,Web,"#N/A","#N/A",Medium,"#N/A",New,Subject_jsyli,"#N/A","#N/A","#N/A","#N/A","#N/A"
4a85637d-5a23-47b8-b861-94dbd277cb16,"#N/A","#N/A",false,Web,"#N/A","#N/A",Medium,"#N/A",New,Subject_fkehu,"#N/A","#N/A","#N/A","#N/A","#N/A"
4a887f4b-e49e-4dac-8bc4-3c156447519f,"#N/A","#N/A",false,Web,"#N/A","#N/A",Medium,"#N/A",New,Subject_omric,"#N/A","#N/A","#N/A","#N/A","#N/A"
4a8a50a9-3ebc-40f6-ae54-20b0c8796b83,"#N/A","#N/A",false,Web,"#N/A","#N/A",Medium,"#N/A",New,Subject_fqdmo,"#N/A","#N/A","#N/A","#N/A","#N/A"
4a8bc741-4744-4c79-8382-56ddc518f8f4,"#N/A","#N/A",false,Web,"#N/A","#N/A",Medium,"#N/A",New,Subject_mferq,"#N/A","#N/A","#N/A","#N/A","#N/A"
4a92aff6-b98a-4a4b-b74c-8abfb09c0265,"#N/A","#N/A",false,Web,"#N/A","#N/A",Medium,"#N/A",New,Subject_lcijy,"#N/A","#N/A","#N/A","#N/A","#N/A"
4a932194-8fdb-40b8-9546-b5914ad1e494,"#N/A","#N/A",false,Web,"#N/A","#N/A",Medium,"#N/A",New,Subject_napta,"#N/A","#N/A","#N/A","#N/A","#N/A"
4a97ecd2-0c1c-47af-854e-c32210eb36dc,"#N/A","#N/A",false,Web,"#N/A","#N/A",Medium,"#N/A",New,Subject_clovc,"#N/A","#N/A","#N/A","#N/A","#N/A"
4a9e448c-f811-4c85-9776-6b8cd3f946bc,"#N/A","#N/A",false,Web,"#N/A","#N/A",Medium,"#N/A",New,Subject_wdnbz,"#N/A","#N/A","#N/A","#N/A","#N/A"
4a9ef031-a5ff-4903-9d9e-1831bce79163,"#N/A","#N/A",false,Web,"#N/A","#N/A",Medium,"#N/A",New,Subject_xflxd,"#N/A","#N/A","#N/A","#N/A","#N/A"
4aa2c219-8fd1-43f0-bed8-c38ea3ae8f62,"#N/A","#N/A",false,Web,"#N/A","#N/A",Medium,"#N/A",New,Subject_ubhrs,"#N/A","#N/A","#N/A","#N/A","#N/A"
4aa3002a-69c9-40f8-a98f-2bd35b79b824,"#N/A","#N/A",false,Web,"#N/A","#N/A",Medium,"#N/A",New,Subject_ilvee,"#N/A","#N/A","#N/A","#N/A","#N/A"
4aa3672f-67f4-4db4-a023-6f700067fafd,"#N/A","#N/A",false,Web,"#N/A","#N/A",Medium,"#N/A",New,Subject_jhpcr,"#N/A","#N/A","#N/A","#N/A","#N/A"
4aa495ed-a2b7-4461-b4ad-cf3c3a285ff8,"#N/A","#N/A",false,Web,"#N/A","#N/A",Medium,"#N/A",New,Subject_vimey,"#N/A","#N/A","#N/A","#N/A","#N/A"
4aa6a03b-2e42-478a-acf4-73816bee5072,"#N/A","#N/A",false,Web,"#N/A","#N/A",Medium,"#N/A",New,Subject_zcrmc,"#N/A","#N/A","#N/A","#N/A","#N/A"
4aa8f1fb-d22f-4d19-a4b5-daa23f8434df,"#N/A","#N/A",false,Web,"#N/A","#N/A",Medium,"#N/A",New,Subject_ghmyo,"#N/A","#N/A","#N/A","#N/A","#N/A"
4aa93855-ab29-48e1-8097-20f2a8bc2435,"#N/A","#N/A",false,Web,"#N/A","#N/A",Medium,"#N/A",New,Subject_mhoih,"#N/A","#N/A","#N/A","#N/A","#N/A"
4aa9659c-0dae-4784-8eae-61714339fb04,"#N/A","#N/A",false,Web,"#N/A","#N/A",Medium,"#N/A",New,Subject_wzsxu,"#N/A","#N/A","#N/A","#N/A","#N/A"
4aa9924a-6500-44f7-b1e1-6fc3c1b1eb13,"#N/A","#N/A",false,Web,"#N/A","#N/A",Medium,"#N/A",New,Subject_kefgl,"#N/A","#N/A","#N/A","#N/A","#N/A"
4aa9b818-837a-4f6a-a446-f2e0989bf4fd,"#N/A","#N/A",false,Web,"#N/A","#N/A",Medium,"#N/A",New,Subject_bnkek,"#N/A","#N/A","#N/A","#N/A","#N/A"
4ab112cd-ac9d-4952-8987-00d80a544b17,"#N/A","#N/A",false,Web,"#N/A","#N/A",Medium,"#N/A",New,Subject_bruez,"#N/A","#N/A","#N/A","#N/A","#N/A"
4ab144b3-1fc1-4658-bce8-a4e04e05269b,"#N/A","#N/A",false,Web,"#N/A","#N/A",Medium,"#N/A",New,Subject_sorfn,"#N/A","#N/A","#N/A","#N/A","#N/A"
4ab28248-97eb-4a5d-a30b-7d1f99012371,"#N/A","#N/A",false,Web,"#N/A","#N/A",Medium,"#N/A",New,Subject_gqnbz,"#N/A","#N/A","#N/A","#N/A","#N/A"
4ab37039-3744-47b0-a1c2-fb39ce611f41,"#N/A","#N/A",false,Web,"#N/A","#N/A",Medium,"#N/A",New,Subject_grmqz,"#N/A","#N/A","#N/A","#N/A","#N/A"
4ab38cad-11d7-448d-a661-d9cdd54259bb,"#N/A","#N/A",false,Web,"#N/A","#N/A",Medium,"#N/A",New,Subject_ufchh,"#N/A","#N/A","#N/A","#N/A","#N/A"
4ab58c8a-5d91-4007-9e5e-989ccf8ca5b9,"#N/A","#N/A",false,Web,"#N/A","#N/A",Medium,"#N/A",New,Subject_wzovz,"#N/A","#N/A","#N/A","#N/A","#N/A"
4ab73bb3-0fdf-4bf7-a023-da63fe87324c,"#N/A","#N/A",false,Web,"#N/A","#N/A",Medium,"#N/A",New,Subject_vrexb,"#N/A","#N/A","#N/A","#N/A","#N/A"
4ab8168e-0a90-4fe6-93b4-0da05c726025,"#N/A","#N/A",false,Web,"#N/A","#N/A",Medium,"#N/A",New,Subject_sqnas,"#N/A","#N/A","#N/A","#N/A","#N/A"
4abd189e-68f6-4ce4-927d-38557d6d7610,"#N/A","#N/A",false,Web,"#N/A","#N/A",Medium,"#N/A",New,Subject_imdqc,"#N/A","#N/A","#N/A","#N/A","#N/A"
4abed11c-9a74-4b54-ba7d-d7bd4c3b4ede,"#N/A","#N/A",false,Web,"#N/A","#N/A",Medium,"#N/A",New,Subject_rtuci,"#N/A","#N/A","#N/A","#N/A","#N/A"
4abefc34-9be3-49b5-8c79-408cdb175f3d,"#N/A","#N/A",false,Web,"#N/A","#N/A",Medium,"#N/A",New,Subject_wihml,"#N/A","#N/A","#N/A","#N/A","#N/A"
4ac1e36d-39f5-4f97-86cd-db380f20ee15,"#N/A","#N/A",false,Web,"#N/A","#N/A",Medium,"#N/A",New,Subject_adqjy,"#N/A","#N/A","#N/A","#N/A","#N/A"
4ac7661a-af6a-4cad-978e-aaad458b4821,"#N/A","#N/A",false,Web,"#N/A","#N/A",Medium,"#N/A",New,Subject_ecfli,"#N/A","#N/A","#N/A","#N/A","#N/A"
4ac7e75f-0d61-4ed2-8054-4199f1b0535d,"#N/A","#N/A",false,Web,"#N/A","#N/A",Medium,"#N/A",New,Subject_edzqp,"#N/A","#N/A","#N/A","#N/A","#N/A"
4acc5585-50f4-413e-a9dd-3575d73dbae7,"#N/A","#N/A",false,Web,"#N/A","#N/A",Medium,"#N/A",New,Subject_pjlut,"#N/A","#N/A","#N/A","#N/A","#N/A"
4acd0282-f85b-4930-8b31-4d41f94149a6,"#N/A","#N/A",false,Web,"#N/A","#N/A",Medium,"#N/A",New,Subject_bulzj,"#N/A","#N/A","#N/A","#N/A","#N/A"
4acf26ff-0518-4ba2-9eb8-94c95d97e73c,"#N/A","#N/A",false,Web,"#N/A","#N/A",Medium,"#N/A",New,Subject_jkhyw,"#N/A","#N/A","#N/A","#N/A","#N/A"
4acf3a3e-2fd3-4d52-b615-2ce426560537,"#N/A","#N/A",false,Web,"#N/A","#N/A",Medium,"#N/A",New,Subject_jsbnv,"#N/A","#N/A","#N/A","#N/A","#N/A"
4ad52876-714c-406e-bd2e-0ee8b6dd7087,"#N/A","#N/A",false,Web,"#N/A","#N/A",Medium,"#N/A",New,Subject_ysnwy,"#N/A","#N/A","#N/A","#N/A","#N/A"
4ada88e6-f039-4e5a-9a3e-64057a4d4e83,"#N/A","#N/A",false,Web,"#N/A","#N/A",Medium,"#N/A",New,Subject_sztdu,"#N/A","#N/A","#N/A","#N/A","#N/A"
4ade8a11-d028-40dd-b565-751d014ac743,"#N/A","#N/A",false,Web,"#N/A","#N/A",Medium,"#N/A",New,Subject_fjpzq,"#N/A","#N/A","#N/A","#N/A","#N/A"
4ade92f1-f73a-4f34-9115-90417e7e1fe7,"#N/A","#N/A",false,Web,"#N/A","#N/A",Medium,"#N/A",New,Subject_gwfvm,"#N/A","#N/A","#N/A","#N/A","#N/A"
4ae47d10-c84e-455e-a845-b6058a12cb39,"#N/A","#N/A",false,Web,"#N/A","#N/A",Medium,"#N/A",New,Subject_deagh,"#N/A","#N/A","#N/A","#N/A","#N/A"
4ae6941a-0f8a-4445-80bd-216210518574,"#N/A","#N/A",false,Web,"#N/A","#N/A",Medium,"#N/A",New,Subject_wmohs,"#N/A","#N/A","#N/A","#N/A","#N/A"
4ae6dd1a-d4c4-47b3-825c-ed76dbdf5dae,"#N/A","#N/A",false,Web,"#N/A","#N/A",Medium,"#N/A",New,Subject_mocvs,"#N/A","#N/A","#N/A","#N/A","#N/A"
4ae98755-a0a2-4c24-8de1-b232ce220cd5,"#N/A","#N/A",false,Web,"#N/A","#N/A",Medium,"#N/A",New,Subject_fsisa,"#N/A","#N/A","#N/A","#N/A","#N/A"
4aeb2bd0-7e99-4342-86b0-eb7427646290,"#N/A","#N/A",false,Web,"#N/A","#N/A",Medium,"#N/A",New,Subject_khcsz,"#N/A","#N/A","#N/A","#N/A","#N/A"
4aeba2d7-96cc-4c41-84ae-078b684c595e,"#N/A","#N/A",false,Web,"#N/A","#N/A",Medium,"#N/A",New,Subject_yaoiz,"#N/A","#N/A","#N/A","#N/A","#N/A"
4aed3a3d-e79d-4e1f-b22f-797762bacdc3,"#N/A","#N/A",false,Web,"#N/A","#N/A",Medium,"#N/A",New,Subject_bjsno,"#N/A","#N/A","#N/A","#N/A","#N/A"
4aee31a4-1bab-42c4-a255-be2815b7e324,"#N/A","#N/A",false,Web,"#N/A","#N/A",Medium,"#N/A",New,Subject_nnjci,"#N/A","#N/A","#N/A","#N/A","#N/A"
4af05e9e-1c78-48f1-b7ea-9c3576ea5944,"#N/A","#N/A",false,Web,"#N/A","#N/A",Medium,"#N/A",New,Subject_qimrd,"#N/A","#N/A","#N/A","#N/A","#N/A"
4af080f8-bf75-4fbd-9cb3-5ce05af8191f,"#N/A","#N/A",false,Web,"#N/A","#N/A",Medium,"#N/A",New,Subject_ozhpb,"#N/A","#N/A","#N/A","#N/A","#N/A"
4af09d5b-8083-420e-a702-0a750ad85110,"#N/A","#N/A",false,Web,"#N/A","#N/A",Medium,"#N/A",New,Subject_bzots,"#N/A","#N/A","#N/A","#N/A","#N/A"
4af8869b-df86-4b48-bf81-6737f05679f1,"#N/A","#N/A",false,Web,"#N/A","#N/A",Medium,"#N/A",New,Subject_rievo,"#N/A","#N/A","#N/A","#N/A","#N/A"
4afc525c-1ac6-48b6-8d0e-811e4a54aedf,"#N/A","#N/A",false,Web,"#N/A","#N/A",Medium,"#N/A",New,Subject_irlyf,"#N/A","#N/A","#N/A","#N/A","#N/A"
4afec291-9702-459e-a1ca-df3e489f009e,"#N/A","#N/A",false,Web,"#N/A","#N/A",Medium,"#N/A",New,Subject_uanhd,"#N/A","#N/A","#N/A","#N/A","#N/A"
4b04fc60-68c5-441a-b90f-4c61bfea0f14,"#N/A","#N/A",false,Web,"#N/A","#N/A",Medium,"#N/A",New,Subject_phwzd,"#N/A","#N/A","#N/A","#N/A","#N/A"
4b08dcc0-b911-47b3-ad3c-215243d3dcaa,"#N/A","#N/A",false,Web,"#N/A","#N/A",Medium,"#N/A",New,Subject_cgtyr,"#N/A","#N/A","#N/A","#N/A","#N/A"
4b092c07-d0ae-40c5-9c78-b16f8456509a,"#N/A","#N/A",false,Web,"#N/A","#N/A",Medium,"#N/A",New,Subject_uzwbd,"#N/A","#N/A","#N/A","#N/A","#N/A"
4b0c865b-9de9-4f73-a87e-4a4edbe3ec23,"#N/A","#N/A",false,Web,"#N/A","#N/A",Medium,"#N/A",New,Subject_uyijv,"#N/A","#N/A","#N/A","#N/A","#N/A"
4b10bc08-026d-44fa-8dce-6b91a47f812b,"#N/A","#N/A",false,Web,"#N/A","#N/A",Medium,"#N/A",New,Subject_uvzgs,"#N/A","#N/A","#N/A","#N/A","#N/A"
4b13822c-1eb0-4c72-984d-00223b2aa83b,"#N/A","#N/A",false,Web,"#N/A","#N/A",Medium,"#N/A",New,Subject_rnuzy,"#N/A","#N/A","#N/A","#N/A","#N/A"
4b1528f3-4d55-4da7-8112-d2cdef7196e9,"#N/A","#N/A",false,Web,"#N/A","#N/A",Medium,"#N/A",New,Subject_bcffv,"#N/A","#N/A","#N/A","#N/A","#N/A"
4b155e2c-6be7-452c-a472-dc83d75efec0,"#N/A","#N/A",false,Web,"#N/A","#N/A",Medium,"#N/A",New,Subject_vpeto,"#N/A","#N/A","#N/A","#N/A","#N/A"
4b159c98-3510-4d94-b58f-252ebe4d0799,"#N/A","#N/A",false,Web,"#N/A","#N/A",Medium,"#N/A",New,Subject_hysuw,"#N/A","#N/A","#N/A","#N/A","#N/A"
4b15e4a7-1610-4a40-b57c-a742051bf832,"#N/A","#N/A",false,Web,"#N/A","#N/A",Medium,"#N/A",New,Subject_rkhrt,"#N/A","#N/A","#N/A","#N/A","#N/A"
4b177059-e381-4064-9b3b-284838a5d9f1,"#N/A","#N/A",false,Web,"#N/A","#N/A",Medium,"#N/A",New,Subject_srnjn,"#N/A","#N/A","#N/A","#N/A","#N/A"
4b1abb03-09e9-4e4a-8559-e7ba57bfc8f2,"#N/A","#N/A",false,Web,"#N/A","#N/A",Medium,"#N/A",New,Subject_anfca,"#N/A","#N/A","#N/A","#N/A","#N/A"
4b1d96bd-a27c-428e-82b9-fa8acc0a519e,"#N/A","#N/A",false,Web,"#N/A","#N/A",Medium,"#N/A",New,Subject_agtbf,"#N/A","#N/A","#N/A","#N/A","#N/A"
4b1e3e70-73ed-438a-afa7-34784c2401ba,"#N/A","#N/A",false,Web,"#N/A","#N/A",Medium,"#N/A",New,Subject_sharx,"#N/A","#N/A","#N/A","#N/A","#N/A"
4b1e9f93-0299-4a7b-b613-0b2d1f30d4da,"#N/A","#N/A",false,Web,"#N/A","#N/A",Medium,"#N/A",New,Subject_egoqg,"#N/A","#N/A","#N/A","#N/A","#N/A"
4b210523-f4ef-4347-9906-434218495e6e,"#N/A","#N/A",false,Web,"#N/A","#N/A",Medium,"#N/A",New,Subject_jignl,"#N/A","#N/A","#N/A","#N/A","#N/A"
4b2168a8-a22c-42e5-89f2-fc4bcf695d15,"#N/A","#N/A",false,Web,"#N/A","#N/A",Medium,"#N/A",New,Subject_lyelf,"#N/A","#N/A","#N/A","#N/A","#N/A"
4b22a836-fd64-4e19-b44a-8eeffef1b7da,"#N/A","#N/A",false,Web,"#N/A","#N/A",Medium,"#N/A",New,Subject_osear,"#N/A","#N/A","#N/A","#N/A","#N/A"
4b230ce8-9fee-4004-a5d1-8e0b31420e4c,"#N/A","#N/A",false,Web,"#N/A","#N/A",Medium,"#N/A",New,Subject_ijzso,"#N/A","#N/A","#N/A","#N/A","#N/A"
4b2cfe06-e8dd-4a98-841f-2594b01677da,"#N/A","#N/A",false,Web,"#N/A","#N/A",Medium,"#N/A",New,Subject_biveu,"#N/A","#N/A","#N/A","#N/A","#N/A"
4b2ea011-3314-4d10-9c0c-8d3412b439ab,"#N/A","#N/A",false,Web,"#N/A","#N/A",Medium,"#N/A",New,Subject_umuit,"#N/A","#N/A","#N/A","#N/A","#N/A"
4b335155-ae9b-444e-8a0c-6e43cc314335,"#N/A","#N/A",false,Web,"#N/A","#N/A",Medium,"#N/A",New,Subject_ezgkr,"#N/A","#N/A","#N/A","#N/A","#N/A"
4b361e94-0a64-411d-9f53-71c77095e82f,"#N/A","#N/A",false,Web,"#N/A","#N/A",Medium,"#N/A",New,Subject_neiqj,"#N/A","#N/A","#N/A","#N/A","#N/A"
4b36dd97-79b7-4605-9262-c390a9ea424b,"#N/A","#N/A",false,Web,"#N/A","#N/A",Medium,"#N/A",New,Subject_nuowl,"#N/A","#N/A","#N/A","#N/A","#N/A"
4b3ddb79-514b-48e9-8306-8de06b3b4385,"#N/A","#N/A",false,Web,"#N/A","#N/A",Medium,"#N/A",New,Subject_aprlg,"#N/A","#N/A","#N/A","#N/A","#N/A"
4b4302e9-f5ff-4576-a85b-a79cfa646a8f,"#N/A","#N/A",false,Web,"#N/A","#N/A",Medium,"#N/A",New,Subject_wamkb,"#N/A","#N/A","#N/A","#N/A","#N/A"
4b43abab-ead4-4941-8e64-2afc9d72afaf,"#N/A","#N/A",false,Web,"#N/A","#N/A",Medium,"#N/A",New,Subject_kocfm,"#N/A","#N/A","#N/A","#N/A","#N/A"
4b4446a1-895e-45a8-9153-c57fa2873651,"#N/A","#N/A",false,Web,"#N/A","#N/A",Medium,"#N/A",New,Subject_dckum,"#N/A","#N/A","#N/A","#N/A","#N/A"
4b4a54ab-2f1b-4837-85be-87fdc55f6217,"#N/A","#N/A",false,Web,"#N/A","#N/A",Medium,"#N/A",New,Subject_vrvye,"#N/A","#N/A","#N/A","#N/A","#N/A"
4b4b5836-c6cf-43d9-ab3b-4df327fd6d1f,"#N/A","#N/A",false,Web,"#N/A","#N/A",Medium,"#N/A",New,Subject_isozb,"#N/A","#N/A","#N/A","#N/A","#N/A"
4b4ba1cf-d976-4aba-9ae3-621768f75c2d,"#N/A","#N/A",false,Web,"#N/A","#N/A",Medium,"#N/A",New,Subject_seacc,"#N/A","#N/A","#N/A","#N/A","#N/A"
4b58d1b8-8f25-4475-b6a1-55e195bc6b45,"#N/A","#N/A",false,Web,"#N/A","#N/A",Medium,"#N/A",New,Subject_qqoxz,"#N/A","#N/A","#N/A","#N/A","#N/A"
4b5ba955-620a-4857-adfc-c0e8611dc235,"#N/A","#N/A",false,Web,"#N/A","#N/A",Medium,"#N/A",New,Subject_owrxw,"#N/A","#N/A","#N/A","#N/A","#N/A"
4b5bcbc3-e909-4c08-8dc4-684393717ad1,"#N/A","#N/A",false,Web,"#N/A","#N/A",Medium,"#N/A",New,Subject_avtar,"#N/A","#N/A","#N/A","#N/A","#N/A"
4b5d3011-7de5-45f3-b317-ba365a6ce7f5,"#N/A","#N/A",false,Web,"#N/A","#N/A",Medium,"#N/A",New,Subject_ceklp,"#N/A","#N/A","#N/A","#N/A","#N/A"
4b635aba-a63a-4d14-bfc3-81bfa4e14e52,"#N/A","#N/A",false,Web,"#N/A","#N/A",Medium,"#N/A",New,Subject_hrrzd,"#N/A","#N/A","#N/A","#N/A","#N/A"
4b66b84b-f5a1-47a8-a00a-86db0e59e59d,"#N/A","#N/A",false,Web,"#N/A","#N/A",Medium,"#N/A",New,Subject_mzbtx,"#N/A","#N/A","#N/A","#N/A","#N/A"
4b68b05d-8125-4c6a-acc5-8619d6b77e61,"#N/A","#N/A",false,Web,"#N/A","#N/A",Medium,"#N/A",New,Subject_wkigy,"#N/A","#N/A","#N/A","#N/A","#N/A"
4b6d3674-7e30-4ee9-a322-75767f3cb580,"#N/A","#N/A",false,Web,"#N/A","#N/A",Medium,"#N/A",New,Subject_moeqz,"#N/A","#N/A","#N/A","#N/A","#N/A"
4b6eec46-fc63-43b6-93f2-0fe0df39f12d,"#N/A","#N/A",false,Web,"#N/A","#N/A",Medium,"#N/A",New,Subject_vhqhw,"#N/A","#N/A","#N/A","#N/A","#N/A"
4b6ff7e7-b9aa-4f34-b2eb-2e50d8ae8378,"#N/A","#N/A",false,Web,"#N/A","#N/A",Medium,"#N/A",New,Subject_nqnlr,"#N/A","#N/A","#N/A","#N/A","#N/A"
4b775328-c22a-458e-a67a-b14edce211c9,"#N/A","#N/A",false,Web,"#N/A","#N/A",Medium,"#N/A",New,Subject_adqjy,"#N/A","#N/A","#N/A","#N/A","#N/A"
4b789996-a5c2-469c-8857-dd111e183740,"#N/A","#N/A",false,Web,"#N/A","#N/A",Medium,"#N/A",New,Subject_ongih,"#N/A","#N/A","#N/A","#N/A","#N/A"
4b7fd9fe-848d-4f0c-829d-6b0a4fa14c4b,"#N/A","#N/A",false,Web,"#N/A","#N/A",Medium,"#N/A",New,Subject_jonqz,"#N/A","#N/A","#N/A","#N/A","#N/A"
4b82e375-91c8-4316-bd54-ac4f73a671c4,"#N/A","#N/A",false,Web,"#N/A","#N/A",Medium,"#N/A",New,Subject_djpah,"#N/A","#N/A","#N/A","#N/A","#N/A"
4b87f560-92e8-42e7-b1b8-e580bc0d9292,"#N/A","#N/A",false,Web,"#N/A","#N/A",Medium,"#N/A",New,Subject_hcpon,"#N/A","#N/A","#N/A","#N/A","#N/A"
4b89b48b-7d88-432e-a1e2-dad4a7e37b83,"#N/A","#N/A",false,Web,"#N/A","#N/A",Medium,"#N/A",New,Subject_zsrog,"#N/A","#N/A","#N/A","#N/A","#N/A"
4b8cb7fe-c084-4425-8efd-3a109a37d31d,"#N/A","#N/A",false,Web,"#N/A","#N/A",Medium,"#N/A",New,Subject_xcumn,"#N/A","#N/A","#N/A","#N/A","#N/A"
4b957e6f-847f-4def-98cd-4a124cf41b15,"#N/A","#N/A",false,Web,"#N/A","#N/A",Medium,"#N/A",New,Subject_psbue,"#N/A","#N/A","#N/A","#N/A","#N/A"
4b959a3c-2391-45b5-a9e0-2f87ed2023f6,"#N/A","#N/A",false,Web,"#N/A","#N/A",Medium,"#N/A",New,Subject_vrwap,"#N/A","#N/A","#N/A","#N/A","#N/A"
4b991eee-c26f-433c-8ed2-15e3ce73fa38,"#N/A","#N/A",false,Web,"#N/A","#N/A",Medium,"#N/A",New,Subject_wscku,"#N/A","#N/A","#N/A","#N/A","#N/A"
4b9ad6a5-5ed4-4e9b-aca8-fe96eef537ac,"#N/A","#N/A",false,Web,"#N/A","#N/A",Medium,"#N/A",New,Subject_gujgu,"#N/A","#N/A","#N/A","#N/A","#N/A"
4b9b8eae-6573-41d2-b7c0-3ea5168289b8,"#N/A","#N/A",false,Web,"#N/A","#N/A",Medium,"#N/A",New,Subject_nmmlx,"#N/A","#N/A","#N/A","#N/A","#N/A"
4b9be554-293f-4e6a-add4-265b821dcf24,"#N/A","#N/A",false,Web,"#N/A","#N/A",Medium,"#N/A",New,Subject_dxaxd,"#N/A","#N/A","#N/A","#N/A","#N/A"
4b9eed25-7c71-4257-99ad-329bb6e32ab7,"#N/A","#N/A",false,Web,"#N/A","#N/A",Medium,"#N/A",New,Subject_eyyud,"#N/A","#N/A","#N/A","#N/A","#N/A"
4bb1791d-150e-49a7-8709-455b723e0804,"#N/A","#N/A",false,Web,"#N/A","#N/A",Medium,"#N/A",New,Subject_ajyus,"#N/A","#N/A","#N/A","#N/A","#N/A"
4bb2849e-9a11-4070-af4f-ac83655f4d65,"#N/A","#N/A",false,Web,"#N/A","#N/A",Medium,"#N/A",New,Subject_kuigx,"#N/A","#N/A","#N/A","#N/A","#N/A"
4bb46af6-d47e-49a7-b0ef-bdfddf69ff61,"#N/A","#N/A",false,Web,"#N/A","#N/A",Medium,"#N/A",New,Subject_uyxro,"#N/A","#N/A","#N/A","#N/A","#N/A"
4bbaea7a-574a-4f18-937b-678b410bff89,"#N/A","#N/A",false,Web,"#N/A","#N/A",Medium,"#N/A",New,Subject_pnyxm,"#N/A","#N/A","#N/A","#N/A","#N/A"
4bbbeb73-f8ce-4c03-8520-c272ab8cfad7,"#N/A","#N/A",false,Web,"#N/A","#N/A",Medium,"#N/A",New,Subject_mptfv,"#N/A","#N/A","#N/A","#N/A","#N/A"
4bbe7700-bf29-4715-bf69-d795583d8f5f,"#N/A","#N/A",false,Web,"#N/A","#N/A",Medium,"#N/A",New,Subject_pncup,"#N/A","#N/A","#N/A","#N/A","#N/A"
4bbeb5a0-2ab5-4bd3-90b5-03ad0298c09d,"#N/A","#N/A",false,Web,"#N/A","#N/A",Medium,"#N/A",New,Subject_ofgwm,"#N/A","#N/A","#N/A","#N/A","#N/A"
4bc09e9d-ec77-41b4-aa0f-3671a9b18c97,"#N/A","#N/A",false,Web,"#N/A","#N/A",Medium,"#N/A",New,Subject_kiups,"#N/A","#N/A","#N/A","#N/A","#N/A"
4bc45550-04f7-4f79-a3e7-bec1fba670df,"#N/A","#N/A",false,Web,"#N/A","#N/A",Medium,"#N/A",New,Subject_ghegg,"#N/A","#N/A","#N/A","#N/A","#N/A"
4bc6a1ff-9cf2-4083-8709-ad3fcfe7f331,"#N/A","#N/A",false,Web,"#N/A","#N/A",Medium,"#N/A",New,Subject_itrgr,"#N/A","#N/A","#N/A","#N/A","#N/A"
4bc72e7c-4675-4c9b-9448-7c9284d22567,"#N/A","#N/A",false,Web,"#N/A","#N/A",Medium,"#N/A",New,Subject_qwnnk,"#N/A","#N/A","#N/A","#N/A","#N/A"
4bc744ed-2a87-4901-90ad-e63e39de2ea4,"#N/A","#N/A",false,Web,"#N/A","#N/A",Medium,"#N/A",New,Subject_pjpve,"#N/A","#N/A","#N/A","#N/A","#N/A"
4bc932f4-6502-44e0-9b39-82a5f86ed3ee,"#N/A","#N/A",false,Web,"#N/A","#N/A",Medium,"#N/A",New,Subject_grsha,"#N/A","#N/A","#N/A","#N/A","#N/A"
4bca2cf7-7c21-48e9-9974-aedb2986c3dd,"#N/A","#N/A",false,Web,"#N/A","#N/A",Medium,"#N/A",New,Subject_jzjvt,"#N/A","#N/A","#N/A","#N/A","#N/A"
4bce3588-56d2-40b3-9b96-a0a4b5f893a4,"#N/A","#N/A",false,Web,"#N/A","#N/A",Medium,"#N/A",New,Subject_dphiq,"#N/A","#N/A","#N/A","#N/A","#N/A"
4bd1d11d-cc2a-46dc-9691-44f7cdbb995e,"#N/A","#N/A",false,Web,"#N/A","#N/A",Medium,"#N/A",New,Subject_maxpw,"#N/A","#N/A","#N/A","#N/A","#N/A"
4bd20266-9c27-4796-8730-dacc82551643,"#N/A","#N/A",false,Web,"#N/A","#N/A",Medium,"#N/A",New,Subject_cpmfw,"#N/A","#N/A","#N/A","#N/A","#N/A"
4bd27482-22bb-4343-b037-59c2ae8db31a,"#N/A","#N/A",false,Web,"#N/A","#N/A",Medium,"#N/A",New,Subject_dmfvu,"#N/A","#N/A","#N/A","#N/A","#N/A"
4bd37df0-98d8-4107-b562-4780bdfa7e43,"#N/A","#N/A",false,Web,"#N/A","#N/A",Medium,"#N/A",New,Subject_hcpsd,"#N/A","#N/A","#N/A","#N/A","#N/A"
4bd6eb88-3304-4ae9-972e-ecadd3ece76c,"#N/A","#N/A",false,Web,"#N/A","#N/A",Medium,"#N/A",New,Subject_vzufu,"#N/A","#N/A","#N/A","#N/A","#N/A"
4bd9c40b-2c18-4e34-91e6-d19582e0475f,"#N/A","#N/A",false,Web,"#N/A","#N/A",Medium,"#N/A",New,Subject_mzdea,"#N/A","#N/A","#N/A","#N/A","#N/A"
4bdd18ab-56f4-4fd2-91ff-35058562e3eb,"#N/A","#N/A",false,Web,"#N/A","#N/A",Medium,"#N/A",New,Subject_vrwtu,"#N/A","#N/A","#N/A","#N/A","#N/A"
4be03614-b08f-4b9d-b308-77e57cc31f75,"#N/A","#N/A",false,Web,"#N/A","#N/A",Medium,"#N/A",New,Subject_qupyr,"#N/A","#N/A","#N/A","#N/A","#N/A"
4be0ee60-fc03-4530-9813-948ac98cb583,"#N/A","#N/A",false,Web,"#N/A","#N/A",Medium,"#N/A",New,Subject_olknf,"#N/A","#N/A","#N/A","#N/A","#N/A"
4becfdf7-d462-49d9-b1ab-15e2d1e9ddae,"#N/A","#N/A",false,Web,"#N/A","#N/A",Medium,"#N/A",New,Subject_ludro,"#N/A","#N/A","#N/A","#N/A","#N/A"
4bed7b36-0a54-4078-92db-9bc2543856df,"#N/A","#N/A",false,Web,"#N/A","#N/A",Medium,"#N/A",New,Subject_ynvui,"#N/A","#N/A","#N/A","#N/A","#N/A"
4beed005-ae9e-46c8-b207-2969f0d4a15a,"#N/A","#N/A",false,Web,"#N/A","#N/A",Medium,"#N/A",New,Subject_qibdb,"#N/A","#N/A","#N/A","#N/A","#N/A"
4bf69d3b-4750-42b5-b60e-072666ff9f2d,"#N/A","#N/A",false,Web,"#N/A","#N/A",Medium,"#N/A",New,Subject_brmbl,"#N/A","#N/A","#N/A","#N/A","#N/A"
4c01357f-e1a5-4eab-9c27-0f2412a9f086,"#N/A","#N/A",false,Web,"#N/A","#N/A",Medium,"#N/A",New,Subject_cngfu,"#N/A","#N/A","#N/A","#N/A","#N/A"
4c038908-109a-4f38-9dcd-6dfa2d53f12b,"#N/A","#N/A",false,Web,"#N/A","#N/A",Medium,"#N/A",New,Subject_xhfou,"#N/A","#N/A","#N/A","#N/A","#N/A"
4c0436c3-452d-4118-89cd-b656e9e587e7,"#N/A","#N/A",false,Web,"#N/A","#N/A",Medium,"#N/A",New,Subject_xvktt,"#N/A","#N/A","#N/A","#N/A","#N/A"
4c084df9-3cf4-4f4f-909c-beb30483ce1d,"#N/A","#N/A",false,Web,"#N/A","#N/A",Medium,"#N/A",New,Subject_oudbr,"#N/A","#N/A","#N/A","#N/A","#N/A"
4c0f4653-b290-4955-b1df-26e667e272e5,"#N/A","#N/A",false,Web,"#N/A","#N/A",Medium,"#N/A",New,Subject_uzqvw,"#N/A","#N/A","#N/A","#N/A","#N/A"
4c118ab0-c994-446f-bea9-47d19551ea46,"#N/A","#N/A",false,Web,"#N/A","#N/A",Medium,"#N/A",New,Subject_nsrek,"#N/A","#N/A","#N/A","#N/A","#N/A"
4c11b236-15d6-4d2d-a55f-0f6fe3183867,"#N/A","#N/A",false,Web,"#N/A","#N/A",Medium,"#N/A",New,Subject_rkkvx,"#N/A","#N/A","#N/A","#N/A","#N/A"
4c1ccc2e-cad2-4d00-8dba-47d1e0c35fc0,"#N/A","#N/A",false,Web,"#N/A","#N/A",Medium,"#N/A",New,Subject_yxalw,"#N/A","#N/A","#N/A","#N/A","#N/A"
4c1ea08d-7f69-4676-942a-c7e161a1fb1b,"#N/A","#N/A",false,Web,"#N/A","#N/A",Medium,"#N/A",New,Subject_xnccv,"#N/A","#N/A","#N/A","#N/A","#N/A"
4c2484e8-697c-4621-bf41-be10ec0f753e,"#N/A","#N/A",false,Web,"#N/A","#N/A",Medium,"#N/A",New,Subject_qptga,"#N/A","#N/A","#N/A","#N/A","#N/A"
4c248c89-1d2e-4d0d-9477-6337b132db9e,"#N/A","#N/A",false,Web,"#N/A","#N/A",Medium,"#N/A",New,Subject_tynbh,"#N/A","#N/A","#N/A","#N/A","#N/A"
4c26e466-52a8-499a-87e5-0dae2c83f34f,"#N/A","#N/A",false,Web,"#N/A","#N/A",Medium,"#N/A",New,Subject_nezbz,"#N/A","#N/A","#N/A","#N/A","#N/A"
4c292113-a938-42ab-a360-3d12fc2d25b2,"#N/A","#N/A",false,Web,"#N/A","#N/A",Medium,"#N/A",New,Subject_kshga,"#N/A","#N/A","#N/A","#N/A","#N/A"
4c2babe3-03ed-4c3e-9881-b0b8a77cb2a8,"#N/A","#N/A",false,Web,"#N/A","#N/A",Medium,"#N/A",New,Subject_wyzgs,"#N/A","#N/A","#N/A","#N/A","#N/A"
4c2d7745-ad80-4055-b100-be4c1aab9614,"#N/A","#N/A",false,Web,"#N/A","#N/A",Medium,"#N/A",New,Subject_ibibh,"#N/A","#N/A","#N/A","#N/A","#N/A"
4c2f5749-4929-4bcc-baf9-0ff6e3b2db9d,"#N/A","#N/A",false,Web,"#N/A","#N/A",Medium,"#N/A",New,Subject_ixerw,"#N/A","#N/A","#N/A","#N/A","#N/A"
4c2ff05b-aa7c-49d9-af22-af585525cf43,"#N/A","#N/A",false,Web,"#N/A","#N/A",Medium,"#N/A",New,Subject_hyjnh,"#N/A","#N/A","#N/A","#N/A","#N/A"
4c3502a3-533b-4ce9-838b-70a3d0cd8209,"#N/A","#N/A",false,Web,"#N/A","#N/A",Medium,"#N/A",New,Subject_hevcr,"#N/A","#N/A","#N/A","#N/A","#N/A"
4c385717-4fb6-4b2e-898c-b63f660d5160,"#N/A","#N/A",false,Web,"#N/A","#N/A",Medium,"#N/A",New,Subject_uyzix,"#N/A","#N/A","#N/A","#N/A","#N/A"
4c3b8df2-ac86-4fb8-be0e-b316f4dbb9bb,"#N/A","#N/A",false,Web,"#N/A","#N/A",Medium,"#N/A",New,Subject_nfqcu,"#N/A","#N/A","#N/A","#N/A","#N/A"
4c3cf555-2aab-4505-bc2b-e536ca1df970,"#N/A","#N/A",false,Web,"#N/A","#N/A",Medium,"#N/A",New,Subject_ssgxg,"#N/A","#N/A","#N/A","#N/A","#N/A"
4c3db929-2f96-46d8-9939-6d2d6918014b,"#N/A","#N/A",false,Web,"#N/A","#N/A",Medium,"#N/A",New,Subject_nuvyx,"#N/A","#N/A","#N/A","#N/A","#N/A"
4c418375-0ef7-4af9-8862-eb992afbc5b9,"#N/A","#N/A",false,Web,"#N/A","#N/A",Medium,"#N/A",New,Subject_lmara,"#N/A","#N/A","#N/A","#N/A","#N/A"
4c439a7f-4be4-48e2-be8f-ed5745c78fdd,"#N/A","#N/A",false,Web,"#N/A","#N/A",Medium,"#N/A",New,Subject_udmar,"#N/A","#N/A","#N/A","#N/A","#N/A"
4c43ec6b-cae7-4c28-9efe-76ecd61e3245,"#N/A","#N/A",false,Web,"#N/A","#N/A",Medium,"#N/A",New,Subject_ihnjd,"#N/A","#N/A","#N/A","#N/A","#N/A"
4c46184c-82d3-4787-be09-732824539a6f,"#N/A","#N/A",false,Web,"#N/A","#N/A",Medium,"#N/A",New,Subject_hzrmr,"#N/A","#N/A","#N/A","#N/A","#N/A"
4c46febc-9965-4ce9-9f75-b03b1e897f3d,"#N/A","#N/A",false,Web,"#N/A","#N/A",Medium,"#N/A",New,Subject_lqblr,"#N/A","#N/A","#N/A","#N/A","#N/A"
4c485ab1-62cd-4052-ab30-58d80c178d8e,"#N/A","#N/A",false,Web,"#N/A","#N/A",Medium,"#N/A",New,Subject_nhlay,"#N/A","#N/A","#N/A","#N/A","#N/A"
4c4a2bea-d794-4875-b52f-c3617cee83bf,"#N/A","#N/A",false,Web,"#N/A","#N/A",Medium,"#N/A",New,Subject_sfucg,"#N/A","#N/A","#N/A","#N/A","#N/A"
4c4aadcf-23a7-41f2-9128-466db8e3acc7,"#N/A","#N/A",false,Web,"#N/A","#N/A",Medium,"#N/A",New,Subject_pspxp,"#N/A","#N/A","#N/A","#N/A","#N/A"
4c4c22f3-0a5d-44c6-b6eb-7e8e89200951,"#N/A","#N/A",false,Web,"#N/A","#N/A",Medium,"#N/A",New,Subject_bboyx,"#N/A","#N/A","#N/A","#N/A","#N/A"
4c4d4e2b-22dd-4e3c-a03c-3df137262a4a,"#N/A","#N/A",false,Web,"#N/A","#N/A",Medium,"#N/A",New,Subject_dtjqt,"#N/A","#N/A","#N/A","#N/A","#N/A"
4c5022a5-2c4d-4bbd-b050-c7a3050b66ef,"#N/A","#N/A",false,Web,"#N/A","#N/A",Medium,"#N/A",New,Subject_phyep,"#N/A","#N/A","#N/A","#N/A","#N/A"
4c560867-77e8-4d68-aa60-8aa1dd0e2df4,"#N/A","#N/A",false,Web,"#N/A","#N/A",Medium,"#N/A",New,Subject_ozalu,"#N/A","#N/A","#N/A","#N/A","#N/A"
4c615d22-c8c1-4800-84c4-3b58e42a8027,"#N/A","#N/A",false,Web,"#N/A","#N/A",Medium,"#N/A",New,Subject_phdve,"#N/A","#N/A","#N/A","#N/A","#N/A"
4c61a79f-9725-45d2-9f13-ef55c34b7bde,"#N/A","#N/A",false,Web,"#N/A","#N/A",Medium,"#N/A",New,Subject_hpwiw,"#N/A","#N/A","#N/A","#N/A","#N/A"
4c661df7-8728-48aa-aa7b-e1a325a04327,"#N/A","#N/A",false,Web,"#N/A","#N/A",Medium,"#N/A",New,Subject_meeiq,"#N/A","#N/A","#N/A","#N/A","#N/A"
4c6e19b3-222b-4040-afb1-b91182c5b40c,"#N/A","#N/A",false,Web,"#N/A","#N/A",Medium,"#N/A",New,Subject_jdgiu,"#N/A","#N/A","#N/A","#N/A","#N/A"
4c713150-4c6f-49d8-943f-4d7342ba793a,"#N/A","#N/A",false,Web,"#N/A","#N/A",Medium,"#N/A",New,Subject_djdxk,"#N/A","#N/A","#N/A","#N/A","#N/A"
4c787aa7-8da1-450b-9c64-f78777e07547,"#N/A","#N/A",false,Web,"#N/A","#N/A",Medium,"#N/A",New,Subject_mcpdm,"#N/A","#N/A","#N/A","#N/A","#N/A"
4c7dfabf-d2de-4dde-95dd-2a5a06a0cc97,"#N/A","#N/A",false,Web,"#N/A","#N/A",Medium,"#N/A",New,Subject_ryaoy,"#N/A","#N/A","#N/A","#N/A","#N/A"
4c7eaf41-b33c-4c54-9d81-3330878421ed,"#N/A","#N/A",false,Web,"#N/A","#N/A",Medium,"#N/A",New,Subject_ydwro,"#N/A","#N/A","#N/A","#N/A","#N/A"
4c82e32e-48d3-4088-a250-2339b31a851b,"#N/A","#N/A",false,Web,"#N/A","#N/A",Medium,"#N/A",New,Subject_omdqr,"#N/A","#N/A","#N/A","#N/A","#N/A"
4c86aa14-3a81-4e9e-af0e-2b0b03b854c9,"#N/A","#N/A",false,Web,"#N/A","#N/A",Medium,"#N/A",New,Subject_paeyt,"#N/A","#N/A","#N/A","#N/A","#N/A"
4c883a5c-9340-41bd-b505-8f2753e6730a,"#N/A","#N/A",false,Web,"#N/A","#N/A",Medium,"#N/A",New,Subject_aptpz,"#N/A","#N/A","#N/A","#N/A","#N/A"
4c88ad49-9fac-41ed-b69c-78e458c3b5aa,"#N/A","#N/A",false,Web,"#N/A","#N/A",Medium,"#N/A",New,Subject_peult,"#N/A","#N/A","#N/A","#N/A","#N/A"
4c8e42de-ffcc-4ba4-bba8-bc463856240f,"#N/A","#N/A",false,Web,"#N/A","#N/A",Medium,"#N/A",New,Subject_plpxe,"#N/A","#N/A","#N/A","#N/A","#N/A"
4c973260-b560-4c4e-91c4-f3779d52f93b,"#N/A","#N/A",false,Web,"#N/A","#N/A",Medium,"#N/A",New,Subject_qldfj,"#N/A","#N/A","#N/A","#N/A","#N/A"
4c98860d-f024-4e86-8219-085fd3f76bf8,"#N/A","#N/A",false,Web,"#N/A","#N/A",Medium,"#N/A",New,Subject_usgtc,"#N/A","#N/A","#N/A","#N/A","#N/A"
4c9db2c2-6f29-4b2b-b620-39cca51bfec4,"#N/A","#N/A",false,Web,"#N/A","#N/A",Medium,"#N/A",New,Subject_qpvwe,"#N/A","#N/A","#N/A","#N/A","#N/A"
4c9e3bb5-568f-4b9c-833e-828af18ac07a,"#N/A","#N/A",false,Web,"#N/A","#N/A",Medium,"#N/A",New,Subject_cdmji,"#N/A","#N/A","#N/A","#N/A","#N/A"
4c9e9065-a847-47ed-897d-cbd208393fd3,"#N/A","#N/A",false,Web,"#N/A","#N/A",Medium,"#N/A",New,Subject_jaafi,"#N/A","#N/A","#N/A","#N/A","#N/A"
4ca10116-f98c-4e8a-b297-0cc8e0d2c210,"#N/A","#N/A",false,Web,"#N/A","#N/A",Medium,"#N/A",New,Subject_vqtgc,"#N/A","#N/A","#N/A","#N/A","#N/A"
4ca149c5-cbdb-4773-acb6-ad9df5d1b54c,"#N/A","#N/A",false,Web,"#N/A","#N/A",Medium,"#N/A",New,Subject_uaddg,"#N/A","#N/A","#N/A","#N/A","#N/A"
4ca180a1-a4a8-4942-80e0-d76113411d36,"#N/A","#N/A",false,Web,"#N/A","#N/A",Medium,"#N/A",New,Subject_iylbe,"#N/A","#N/A","#N/A","#N/A","#N/A"
4ca35198-e8d3-444b-8e9a-7882883cdc32,"#N/A","#N/A",false,Web,"#N/A","#N/A",Medium,"#N/A",New,Subject_mpipt,"#N/A","#N/A","#N/A","#N/A","#N/A"
4caadec9-8c07-45fb-ada1-43507f187961,"#N/A","#N/A",false,Web,"#N/A","#N/A",Medium,"#N/A",New,Subject_egwhn,"#N/A","#N/A","#N/A","#N/A","#N/A"
4cab7e88-84c3-4f37-a18e-e4d331f23f64,"#N/A","#N/A",false,Web,"#N/A","#N/A",Medium,"#N/A",New,Subject_uwlyx,"#N/A","#N/A","#N/A","#N/A","#N/A"
4caccd17-c527-41a7-b8e7-03528dd9b1b4,"#N/A","#N/A",false,Web,"#N/A","#N/A",Medium,"#N/A",New,Subject_pqfer,"#N/A","#N/A","#N/A","#N/A","#N/A"
4caccda3-9140-41bf-a9ee-96835e45575c,"#N/A","#N/A",false,Web,"#N/A","#N/A",Medium,"#N/A",New,Subject_pprmq,"#N/A","#N/A","#N/A","#N/A","#N/A"
4caeed51-891c-44cd-8663-47e19b2fa00c,"#N/A","#N/A",false,Web,"#N/A","#N/A",Medium,"#N/A",New,Subject_yfqlf,"#N/A","#N/A","#N/A","#N/A","#N/A"
4cb2b7e7-9aba-4239-9248-c757d3961613,"#N/A","#N/A",false,Web,"#N/A","#N/A",Medium,"#N/A",New,Subject_osijx,"#N/A","#N/A","#N/A","#N/A","#N/A"
4cb487ca-1bdd-4dd9-874a-d9b1bc6827be,"#N/A","#N/A",false,Web,"#N/A","#N/A",Medium,"#N/A",New,Subject_lmntq,"#N/A","#N/A","#N/A","#N/A","#N/A"
4cb4de3a-0cc7-43e5-880b-beae233de5c5,"#N/A","#N/A",false,Web,"#N/A","#N/A",Medium,"#N/A",New,Subject_ubbxy,"#N/A","#N/A","#N/A","#N/A","#N/A"
4cb583cd-a435-4af9-bae4-f9df5c2ccfcc,"#N/A","#N/A",false,Web,"#N/A","#N/A",Medium,"#N/A",New,Subject_nstrm,"#N/A","#N/A","#N/A","#N/A","#N/A"
4cc07954-872b-46fa-8986-4626cff26c1f,"#N/A","#N/A",false,Web,"#N/A","#N/A",Medium,"#N/A",New,Subject_tsjyw,"#N/A","#N/A","#N/A","#N/A","#N/A"
4cc11017-942a-42fe-b7db-ed80b46276a1,"#N/A","#N/A",false,Web,"#N/A","#N/A",Medium,"#N/A",New,Subject_uibko,"#N/A","#N/A","#N/A","#N/A","#N/A"
4cc8952a-9977-417e-8f83-13c95be61bd9,"#N/A","#N/A",false,Web,"#N/A","#N/A",Medium,"#N/A",New,Subject_bdtpn,"#N/A","#N/A","#N/A","#N/A","#N/A"
4ccbf4b6-4db1-4b59-86cc-35b7f8568b64,"#N/A","#N/A",false,Web,"#N/A","#N/A",Medium,"#N/A",New,Subject_gyvjm,"#N/A","#N/A","#N/A","#N/A","#N/A"
4ccd84e2-79c2-42d2-b476-6fdd589eb431,"#N/A","#N/A",false,Web,"#N/A","#N/A",Medium,"#N/A",New,Subject_ofrzl,"#N/A","#N/A","#N/A","#N/A","#N/A"
4ccde4bc-e98d-4e6a-9922-d4f342e866c3,"#N/A","#N/A",false,Web,"#N/A","#N/A",Medium,"#N/A",New,Subject_ksxue,"#N/A","#N/A","#N/A","#N/A","#N/A"
4ccfc508-2415-41ad-95c6-900fed5c1d83,"#N/A","#N/A",false,Web,"#N/A","#N/A",Medium,"#N/A",New,Subject_uphjm,"#N/A","#N/A","#N/A","#N/A","#N/A"
4cd0a17f-888b-431d-86dc-63d8f436e588,"#N/A","#N/A",false,Web,"#N/A","#N/A",Medium,"#N/A",New,Subject_kocfm,"#N/A","#N/A","#N/A","#N/A","#N/A"
4cd4cd4e-1b0a-47f4-9451-67eea1e4b475,"#N/A","#N/A",false,Web,"#N/A","#N/A",Medium,"#N/A",New,Subject_jqlum,"#N/A","#N/A","#N/A","#N/A","#N/A"
4cd85c66-4a06-4abc-9a25-d99efb385d91,"#N/A","#N/A",false,Web,"#N/A","#N/A",Medium,"#N/A",New,Subject_dhlsc,"#N/A","#N/A","#N/A","#N/A","#N/A"
4cdbbeb0-98de-48a8-a793-871ec4a0dbbc,"#N/A","#N/A",false,Web,"#N/A","#N/A",Medium,"#N/A",New,Subject_amfei,"#N/A","#N/A","#N/A","#N/A","#N/A"
4cdbf4fa-17b9-45d6-8423-c99c04cfe8f0,"#N/A","#N/A",false,Web,"#N/A","#N/A",Medium,"#N/A",New,Subject_nioni,"#N/A","#N/A","#N/A","#N/A","#N/A"
4cde7ab7-ba36-43dc-99a9-33f09cfbb96b,"#N/A","#N/A",false,Web,"#N/A","#N/A",Medium,"#N/A",New,Subject_bsfrm,"#N/A","#N/A","#N/A","#N/A","#N/A"
4cde9d5b-1dae-4f84-9ed0-ce22f2d32d48,"#N/A","#N/A",false,Web,"#N/A","#N/A",Medium,"#N/A",New,Subject_zoivu,"#N/A","#N/A","#N/A","#N/A","#N/A"
4ce2eea0-35c1-45cf-a27a-bc934ac7bc99,"#N/A","#N/A",false,Web,"#N/A","#N/A",Medium,"#N/A",New,Subject_evwdm,"#N/A","#N/A","#N/A","#N/A","#N/A"
4ce939dc-e90e-4322-80fe-59e5cebb905f,"#N/A","#N/A",false,Web,"#N/A","#N/A",Medium,"#N/A",New,Subject_cmmpr,"#N/A","#N/A","#N/A","#N/A","#N/A"
4cec544d-1a8a-4c13-abe4-8dce6c254c81,"#N/A","#N/A",false,Web,"#N/A","#N/A",Medium,"#N/A",New,Subject_khzxi,"#N/A","#N/A","#N/A","#N/A","#N/A"
4cef271e-139c-4670-b313-7b52333c0b56,"#N/A","#N/A",false,Web,"#N/A","#N/A",Medium,"#N/A",New,Subject_srdgs,"#N/A","#N/A","#N/A","#N/A","#N/A"
4cf2b650-a914-4a11-9d57-048dc855f3a3,"#N/A","#N/A",false,Web,"#N/A","#N/A",Medium,"#N/A",New,Subject_xivsh,"#N/A","#N/A","#N/A","#N/A","#N/A"
4cf48aa5-c4fc-4eae-bbbb-5f5e6c216455,"#N/A","#N/A",false,Web,"#N/A","#N/A",Medium,"#N/A",New,Subject_jitka,"#N/A","#N/A","#N/A","#N/A","#N/A"
4cf60e08-e826-400d-a4e5-06d33b528dc9,"#N/A","#N/A",false,Web,"#N/A","#N/A",Medium,"#N/A",New,Subject_boyms,"#N/A","#N/A","#N/A","#N/A","#N/A"
4cf6e09a-f71e-4dc5-8f23-1f84efd29330,"#N/A","#N/A",false,Web,"#N/A","#N/A",Medium,"#N/A",New,Subject_bbhsy,"#N/A","#N/A","#N/A","#N/A","#N/A"
4cf8fc58-6441-426a-a5ce-5ebef9a43a14,"#N/A","#N/A",false,Web,"#N/A","#N/A",Medium,"#N/A",New,Subject_bwdey,"#N/A","#N/A","#N/A","#N/A","#N/A"
4cf9ab03-592c-44e4-ac1a-8856369cf7f9,"#N/A","#N/A",false,Web,"#N/A","#N/A",Medium,"#N/A",New,Subject_ecubv,"#N/A","#N/A","#N/A","#N/A","#N/A"
4cfb3012-b4d7-4e17-ae71-1b6709bbbefe,"#N/A","#N/A",false,Web,"#N/A","#N/A",Medium,"#N/A",New,Subject_clgzx,"#N/A","#N/A","#N/A","#N/A","#N/A"
4cfea83d-47cb-43c6-856c-7183991a4a6f,"#N/A","#N/A",false,Web,"#N/A","#N/A",Medium,"#N/A",New,Subject_fjebc,"#N/A","#N/A","#N/A","#N/A","#N/A"
4cff6ebe-1ba9-4597-bbc7-670985ef1398,"#N/A","#N/A",false,Web,"#N/A","#N/A",Medium,"#N/A",New,Subject_jkjuk,"#N/A","#N/A","#N/A","#N/A","#N/A"
4cffcd4f-5cde-42e7-a4bc-a4bfc6793eed,"#N/A","#N/A",false,Web,"#N/A","#N/A",Medium,"#N/A",New,Subject_ysqfu,"#N/A","#N/A","#N/A","#N/A","#N/A"
4d038200-6159-4397-8521-956c4b4ae192,"#N/A","#N/A",false,Web,"#N/A","#N/A",Medium,"#N/A",New,Subject_lvfrh,"#N/A","#N/A","#N/A","#N/A","#N/A"
4d04c345-74ff-492d-809a-35ad303ba86e,"#N/A","#N/A",false,Web,"#N/A","#N/A",Medium,"#N/A",New,Subject_xfgql,"#N/A","#N/A","#N/A","#N/A","#N/A"
4d0a249c-c091-40bf-bea1-5e3c2f08ec12,"#N/A","#N/A",false,Web,"#N/A","#N/A",Medium,"#N/A",New,Subject_iopyf,"#N/A","#N/A","#N/A","#N/A","#N/A"
4d10fec9-b075-4476-b06e-6f089447822e,"#N/A","#N/A",false,Web,"#N/A","#N/A",Medium,"#N/A",New,Subject_leliy,"#N/A","#N/A","#N/A","#N/A","#N/A"
4d13185e-a769-4c10-a516-b543fca07476,"#N/A","#N/A",false,Web,"#N/A","#N/A",Medium,"#N/A",New,Subject_sfaji,"#N/A","#N/A","#N/A","#N/A","#N/A"
4d15287e-fd7b-4c09-8502-0eeeadffaf20,"#N/A","#N/A",false,Web,"#N/A","#N/A",Medium,"#N/A",New,Subject_tqfye,"#N/A","#N/A","#N/A","#N/A","#N/A"
4d1602e3-a99a-41bc-8fbc-674afc07ea47,"#N/A","#N/A",false,Web,"#N/A","#N/A",Medium,"#N/A",New,Subject_dtzex,"#N/A","#N/A","#N/A","#N/A","#N/A"
4d1f0071-c9a6-4232-90a4-a7db7eee0d17,"#N/A","#N/A",false,Web,"#N/A","#N/A",Medium,"#N/A",New,Subject_xfdjp,"#N/A","#N/A","#N/A","#N/A","#N/A"
4d21026b-adf6-4f16-a906-6f9ebc6633b5,"#N/A","#N/A",false,Web,"#N/A","#N/A",Medium,"#N/A",New,Subject_ypsen,"#N/A","#N/A","#N/A","#N/A","#N/A"
4d232c78-0d5a-44a9-b45d-68f241ebbefe,"#N/A","#N/A",false,Web,"#N/A","#N/A",Medium,"#N/A",New,Subject_zuiks,"#N/A","#N/A","#N/A","#N/A","#N/A"
4d24e2cb-a6aa-48af-8985-729bdd5bf0cb,"#N/A","#N/A",false,Web,"#N/A","#N/A",Medium,"#N/A",New,Subject_emtfp,"#N/A","#N/A","#N/A","#N/A","#N/A"
4d2833cb-627f-40f1-91f1-e621d4473f7a,"#N/A","#N/A",false,Web,"#N/A","#N/A",Medium,"#N/A",New,Subject_fwyom,"#N/A","#N/A","#N/A","#N/A","#N/A"
4d292d62-7ae6-4229-967c-e3ecfdfc9e1c,"#N/A","#N/A",false,Web,"#N/A","#N/A",Medium,"#N/A",New,Subject_inynl,"#N/A","#N/A","#N/A","#N/A","#N/A"
4d2b65be-e63c-4225-a2c6-a3058043690c,"#N/A","#N/A",false,Web,"#N/A","#N/A",Medium,"#N/A",New,Subject_atwfj,"#N/A","#N/A","#N/A","#N/A","#N/A"
4d3185e8-568d-4d0c-8a13-b84956a9230c,"#N/A","#N/A",false,Web,"#N/A","#N/A",Medium,"#N/A",New,Subject_reetb,"#N/A","#N/A","#N/A","#N/A","#N/A"
4d3a28b1-d7d0-44d8-87eb-51532135610d,"#N/A","#N/A",false,Web,"#N/A","#N/A",Medium,"#N/A",New,Subject_uyrsw,"#N/A","#N/A","#N/A","#N/A","#N/A"
4d3fe402-e614-4665-af94-4fe9aa2f37c3,"#N/A","#N/A",false,Web,"#N/A","#N/A",Medium,"#N/A",New,Subject_xauyn,"#N/A","#N/A","#N/A","#N/A","#N/A"
4d406b35-30a0-4d06-9c38-619b80a9467a,"#N/A","#N/A",false,Web,"#N/A","#N/A",Medium,"#N/A",New,Subject_beyul,"#N/A","#N/A","#N/A","#N/A","#N/A"
4d44a8f9-53e4-4505-8cbf-dfbe11e5a54d,"#N/A","#N/A",false,Web,"#N/A","#N/A",Medium,"#N/A",New,Subject_bstkw,"#N/A","#N/A","#N/A","#N/A","#N/A"
4d47516b-b4b4-4c37-8c5d-740bda553fc3,"#N/A","#N/A",false,Web,"#N/A","#N/A",Medium,"#N/A",New,Subject_kzcvr,"#N/A","#N/A","#N/A","#N/A","#N/A"
4d48cbd1-4006-4cda-8ae4-7f3b4a5e3a8c,"#N/A","#N/A",false,Web,"#N/A","#N/A",Medium,"#N/A",New,Subject_ejtqs,"#N/A","#N/A","#N/A","#N/A","#N/A"
4d4b2ff2-a54d-436f-93ac-6fccf3054d4e,"#N/A","#N/A",false,Web,"#N/A","#N/A",Medium,"#N/A",New,Subject_gkqlk,"#N/A","#N/A","#N/A","#N/A","#N/A"
4d4f7bcb-1ef6-4242-833e-d39c0f8a3672,"#N/A","#N/A",false,Web,"#N/A","#N/A",Medium,"#N/A",New,Subject_bydzp,"#N/A","#N/A","#N/A","#N/A","#N/A"
4d500dcf-3c68-4ce7-b47c-2a5bcfed76ef,"#N/A","#N/A",false,Web,"#N/A","#N/A",Medium,"#N/A",New,Subject_naxey,"#N/A","#N/A","#N/A","#N/A","#N/A"
4d50c1e2-24c9-4987-9685-0009452b860e,"#N/A","#N/A",false,Web,"#N/A","#N/A",Medium,"#N/A",New,Subject_riltf,"#N/A","#N/A","#N/A","#N/A","#N/A"
4d52e411-7b79-486f-8af7-8d9df554dba9,"#N/A","#N/A",false,Web,"#N/A","#N/A",Medium,"#N/A",New,Subject_sraxl,"#N/A","#N/A","#N/A","#N/A","#N/A"
4d596928-77b5-46d0-a394-03609b4632cd,"#N/A","#N/A",false,Web,"#N/A","#N/A",Medium,"#N/A",New,Subject_uxcpy,"#N/A","#N/A","#N/A","#N/A","#N/A"
4d59b3f4-30fc-43dc-aa73-ee8c177e8e70,"#N/A","#N/A",false,Web,"#N/A","#N/A",Medium,"#N/A",New,Subject_boruj,"#N/A","#N/A","#N/A","#N/A","#N/A"
4d5beb0d-3f74-4217-be6e-750f0ec86405,"#N/A","#N/A",false,Web,"#N/A","#N/A",Medium,"#N/A",New,Subject_yjehu,"#N/A","#N/A","#N/A","#N/A","#N/A"
4d5bf5a6-3607-4a59-81bb-dcdb58c00827,"#N/A","#N/A",false,Web,"#N/A","#N/A",Medium,"#N/A",New,Subject_zfrjy,"#N/A","#N/A","#N/A","#N/A","#N/A"
4d5cc891-6433-441b-9ecf-c7e68ecd7022,"#N/A","#N/A",false,Web,"#N/A","#N/A",Medium,"#N/A",New,Subject_kfplb,"#N/A","#N/A","#N/A","#N/A","#N/A"
4d6071c5-a952-4a0d-a819-a9c8c9fd4812,"#N/A","#N/A",false,Web,"#N/A","#N/A",Medium,"#N/A",New,Subject_foade,"#N/A","#N/A","#N/A","#N/A","#N/A"
4d60c4a2-55fc-4887-8db0-5b2be7b60f7d,"#N/A","#N/A",false,Web,"#N/A","#N/A",Medium,"#N/A",New,Subject_swfgw,"#N/A","#N/A","#N/A","#N/A","#N/A"
4d61d500-64b8-4a75-9e00-17073bb4b87a,"#N/A","#N/A",false,Web,"#N/A","#N/A",Medium,"#N/A",New,Subject_kcwrq,"#N/A","#N/A","#N/A","#N/A","#N/A"
4d6293ee-6bd3-4bd4-8aba-cd5d88675841,"#N/A","#N/A",false,Web,"#N/A","#N/A",Medium,"#N/A",New,Subject_atkfq,"#N/A","#N/A","#N/A","#N/A","#N/A"
4d658dc9-33fc-462a-a021-db1eeeed1b37,"#N/A","#N/A",false,Web,"#N/A","#N/A",Medium,"#N/A",New,Subject_htnyl,"#N/A","#N/A","#N/A","#N/A","#N/A"
4d661af1-6ded-416b-8c0e-cbb6281be04a,"#N/A","#N/A",false,Web,"#N/A","#N/A",Medium,"#N/A",New,Subject_idsya,"#N/A","#N/A","#N/A","#N/A","#N/A"
4d661ba0-5eaf-4009-9181-8be77152afa3,"#N/A","#N/A",false,Web,"#N/A","#N/A",Medium,"#N/A",New,Subject_pydam,"#N/A","#N/A","#N/A","#N/A","#N/A"
4d66c751-46dd-4755-a7a1-4e2ffb8f3335,"#N/A","#N/A",false,Web,"#N/A","#N/A",Medium,"#N/A",New,Subject_nncuq,"#N/A","#N/A","#N/A","#N/A","#N/A"
4d70569c-0db8-4c5e-aa92-6f7746af492d,"#N/A","#N/A",false,Web,"#N/A","#N/A",Medium,"#N/A",New,Subject_euliw,"#N/A","#N/A","#N/A","#N/A","#N/A"
4d748c14-3a13-427c-8dff-9ad47f11404b,"#N/A","#N/A",false,Web,"#N/A","#N/A",Medium,"#N/A",New,Subject_fqrrg,"#N/A","#N/A","#N/A","#N/A","#N/A"
4d74a2fa-eb65-4de7-a7fb-c93747621ce5,"#N/A","#N/A",false,Web,"#N/A","#N/A",Medium,"#N/A",New,Subject_bwawb,"#N/A","#N/A","#N/A","#N/A","#N/A"
4d751ae8-2eb9-43e5-8025-f3b845fe00a9,"#N/A","#N/A",false,Web,"#N/A","#N/A",Medium,"#N/A",New,Subject_vxefb,"#N/A","#N/A","#N/A","#N/A","#N/A"
4d7b0931-080f-48c0-9fdc-00a574527708,"#N/A","#N/A",false,Web,"#N/A","#N/A",Medium,"#N/A",New,Subject_gqbvb,"#N/A","#N/A","#N/A","#N/A","#N/A"
4d7b3d63-df8f-43f8-b114-969865e542c9,"#N/A","#N/A",false,Web,"#N/A","#N/A",Medium,"#N/A",New,Subject_pggoa,"#N/A","#N/A","#N/A","#N/A","#N/A"
4d7ce3d0-4231-42a6-98e8-a7c449ac0ece,"#N/A","#N/A",false,Web,"#N/A","#N/A",Medium,"#N/A",New,Subject_kcdnd,"#N/A","#N/A","#N/A","#N/A","#N/A"
4d7ff4fc-7005-4b8a-9a26-f65635ae57eb,"#N/A","#N/A",false,Web,"#N/A","#N/A",Medium,"#N/A",New,Subject_bwlwm,"#N/A","#N/A","#N/A","#N/A","#N/A"
4d812b79-94be-4180-bdc6-f15a3ecfc9cf,"#N/A","#N/A",false,Web,"#N/A","#N/A",Medium,"#N/A",New,Subject_mnqto,"#N/A","#N/A","#N/A","#N/A","#N/A"
4d817421-845c-4d79-86ae-eded35dd288e,"#N/A","#N/A",false,Web,"#N/A","#N/A",Medium,"#N/A",New,Subject_yfaus,"#N/A","#N/A","#N/A","#N/A","#N/A"
4d829f50-32ad-4b02-9601-6a1820a081ac,"#N/A","#N/A",false,Web,"#N/A","#N/A",Medium,"#N/A",New,Subject_mbuia,"#N/A","#N/A","#N/A","#N/A","#N/A"
4d890fa7-06e5-45f8-be3a-2efc9437f241,"#N/A","#N/A",false,Web,"#N/A","#N/A",Medium,"#N/A",New,Subject_swfgw,"#N/A","#N/A","#N/A","#N/A","#N/A"
4d8aba2b-a905-4096-9afe-5ef263afcb6f,"#N/A","#N/A",false,Web,"#N/A","#N/A",Medium,"#N/A",New,Subject_qzulj,"#N/A","#N/A","#N/A","#N/A","#N/A"
4d8da905-8b63-4a09-95a2-377905750f7e,"#N/A","#N/A",false,Web,"#N/A","#N/A",Medium,"#N/A",New,Subject_fepjm,"#N/A","#N/A","#N/A","#N/A","#N/A"
4d91a095-7e49-407c-8f2f-d16577a38658,"#N/A","#N/A",false,Web,"#N/A","#N/A",Medium,"#N/A",New,Subject_cotfd,"#N/A","#N/A","#N/A","#N/A","#N/A"
4d94d5e7-05da-4fa8-b240-7c9e1ed3a176,"#N/A","#N/A",false,Web,"#N/A","#N/A",Medium,"#N/A",New,Subject_dywev,"#N/A","#N/A","#N/A","#N/A","#N/A"
4d95d7d8-a19c-4e30-b341-b147dd52edb2,"#N/A","#N/A",false,Web,"#N/A","#N/A",Medium,"#N/A",New,Subject_rzjlh,"#N/A","#N/A","#N/A","#N/A","#N/A"
4d9d906b-9fde-467e-bcf6-65e718437cdc,"#N/A","#N/A",false,Web,"#N/A","#N/A",Medium,"#N/A",New,Subject_zhorv,"#N/A","#N/A","#N/A","#N/A","#N/A"
4da161f2-a765-4d8b-9309-179c27a3553d,"#N/A","#N/A",false,Web,"#N/A","#N/A",Medium,"#N/A",New,Subject_atdil,"#N/A","#N/A","#N/A","#N/A","#N/A"
4da93c1c-a3ee-4b63-a1ed-4c0ef90ba6b3,"#N/A","#N/A",false,Web,"#N/A","#N/A",Medium,"#N/A",New,Subject_iolwo,"#N/A","#N/A","#N/A","#N/A","#N/A"
4dacbca9-a2f7-4d81-aed3-0b68693db7a0,"#N/A","#N/A",false,Web,"#N/A","#N/A",Medium,"#N/A",New,Subject_lbetk,"#N/A","#N/A","#N/A","#N/A","#N/A"
4dad6768-b988-4a3e-8d67-b72fefc9cd28,"#N/A","#N/A",false,Web,"#N/A","#N/A",Medium,"#N/A",New,Subject_rjzuo,"#N/A","#N/A","#N/A","#N/A","#N/A"
4db2bd3d-a72e-4b37-9417-62e6bead69cc,"#N/A","#N/A",false,Web,"#N/A","#N/A",Medium,"#N/A",New,Subject_jgidu,"#N/A","#N/A","#N/A","#N/A","#N/A"
4dbc4b87-2eef-48d4-9c27-7b9c8ceaefaf,"#N/A","#N/A",false,Web,"#N/A","#N/A",Medium,"#N/A",New,Subject_pekcj,"#N/A","#N/A","#N/A","#N/A","#N/A"
4dbd8f08-78db-4ed8-bb8a-ca59044e331e,"#N/A","#N/A",false,Web,"#N/A","#N/A",Medium,"#N/A",New,Subject_crxhi,"#N/A","#N/A","#N/A","#N/A","#N/A"
4dbdfeec-6128-4b96-8999-6038f47c244c,"#N/A","#N/A",false,Web,"#N/A","#N/A",Medium,"#N/A",New,Subject_sadwh,"#N/A","#N/A","#N/A","#N/A","#N/A"
4dc445be-a2f8-477d-81da-27b67741c41a,"#N/A","#N/A",false,Web,"#N/A","#N/A",Medium,"#N/A",New,Subject_dhjqj,"#N/A","#N/A","#N/A","#N/A","#N/A"
4dc66f63-5482-46d8-81a7-cc24e65d680b,"#N/A","#N/A",false,Web,"#N/A","#N/A",Medium,"#N/A",New,Subject_rehcp,"#N/A","#N/A","#N/A","#N/A","#N/A"
4dcc83dc-d693-4d9f-82da-ca5805b149a1,"#N/A","#N/A",false,Web,"#N/A","#N/A",Medium,"#N/A",New,Subject_hoanq,"#N/A","#N/A","#N/A","#N/A","#N/A"
4dcdb732-f559-4d97-857c-ea0b191adc7a,"#N/A","#N/A",false,Web,"#N/A","#N/A",Medium,"#N/A",New,Subject_ovhcs,"#N/A","#N/A","#N/A","#N/A","#N/A"
4dd5ef16-f8ba-40b3-b3e9-67af1d39694b,"#N/A","#N/A",false,Web,"#N/A","#N/A",Medium,"#N/A",New,Subject_rmjip,"#N/A","#N/A","#N/A","#N/A","#N/A"
4dd72fe4-0249-4382-b1eb-7ade762ea4e1,"#N/A","#N/A",false,Web,"#N/A","#N/A",Medium,"#N/A",New,Subject_jhgqj,"#N/A","#N/A","#N/A","#N/A","#N/A"
4dd82dfb-8691-4afe-98ec-3587f9c88d65,"#N/A","#N/A",false,Web,"#N/A","#N/A",Medium,"#N/A",New,Subject_xihwb,"#N/A","#N/A","#N/A","#N/A","#N/A"
4de1b4eb-fb97-4697-ae10-a361cf8b29af,"#N/A","#N/A",false,Web,"#N/A","#N/A",Medium,"#N/A",New,Subject_zpagn,"#N/A","#N/A","#N/A","#N/A","#N/A"
4de2536b-ff2e-4697-9cb6-c8de44a66548,"#N/A","#N/A",false,Web,"#N/A","#N/A",Medium,"#N/A",New,Subject_iwrra,"#N/A","#N/A","#N/A","#N/A","#N/A"
4de9361e-052f-4f02-b8f0-348e9ac7de41,"#N/A","#N/A",false,Web,"#N/A","#N/A",Medium,"#N/A",New,Subject_sdrhl,"#N/A","#N/A","#N/A","#N/A","#N/A"
4dec8c02-8f36-4acf-aa0b-a6f7ab5731ed,"#N/A","#N/A",false,Web,"#N/A","#N/A",Medium,"#N/A",New,Subject_bfocz,"#N/A","#N/A","#N/A","#N/A","#N/A"
4df0512a-aab4-4e89-9176-08f7091f2af1,"#N/A","#N/A",false,Web,"#N/A","#N/A",Medium,"#N/A",New,Subject_jbmbn,"#N/A","#N/A","#N/A","#N/A","#N/A"
4df10db5-3111-43a2-8811-2aec68b67883,"#N/A","#N/A",false,Web,"#N/A","#N/A",Medium,"#N/A",New,Subject_bghlk,"#N/A","#N/A","#N/A","#N/A","#N/A"
4df22176-1d93-4689-8d7c-a52c71efa285,"#N/A","#N/A",false,Web,"#N/A","#N/A",Medium,"#N/A",New,Subject_ljuvg,"#N/A","#N/A","#N/A","#N/A","#N/A"
4df2496f-b5b2-4463-9951-803ad85050d0,"#N/A","#N/A",false,Web,"#N/A","#N/A",Medium,"#N/A",New,Subject_rrilm,"#N/A","#N/A","#N/A","#N/A","#N/A"
4df390b6-4530-4b7f-b741-08225497d3f6,"#N/A","#N/A",false,Web,"#N/A","#N/A",Medium,"#N/A",New,Subject_zadso,"#N/A","#N/A","#N/A","#N/A","#N/A"
4df3de4c-9883-4781-a403-b67ba26ea3df,"#N/A","#N/A",false,Web,"#N/A","#N/A",Medium,"#N/A",New,Subject_fwyom,"#N/A","#N/A","#N/A","#N/A","#N/A"
4df3e28d-cc43-4be1-a065-91d8e0610343,"#N/A","#N/A",false,Web,"#N/A","#N/A",Medium,"#N/A",New,Subject_teyob,"#N/A","#N/A","#N/A","#N/A","#N/A"
4dfb90d2-c065-4b58-b8b8-b9e87f87bb98,"#N/A","#N/A",false,Web,"#N/A","#N/A",Medium,"#N/A",New,Subject_gcehq,"#N/A","#N/A","#N/A","#N/A","#N/A"
4dfcdc78-1ce0-4449-a631-71c27a3d346c,"#N/A","#N/A",false,Web,"#N/A","#N/A",Medium,"#N/A",New,Subject_aawrr,"#N/A","#N/A","#N/A","#N/A","#N/A"
4e0053cf-87cc-498e-a200-b90adaf06ed3,"#N/A","#N/A",false,Web,"#N/A","#N/A",Medium,"#N/A",New,Subject_yfijk,"#N/A","#N/A","#N/A","#N/A","#N/A"
4e015f9e-0539-4c6e-b4a0-6f369a9c438d,"#N/A","#N/A",false,Web,"#N/A","#N/A",Medium,"#N/A",New,Subject_xefcv,"#N/A","#N/A","#N/A","#N/A","#N/A"
4e0359a4-0cb2-4922-94f0-58a3ba997db1,"#N/A","#N/A",false,Web,"#N/A","#N/A",Medium,"#N/A",New,Subject_jkjvb,"#N/A","#N/A","#N/A","#N/A","#N/A"
4e067d15-9b06-4c2a-9f2b-208bc5480761,"#N/A","#N/A",false,Web,"#N/A","#N/A",Medium,"#N/A",New,Subject_kcovh,"#N/A","#N/A","#N/A","#N/A","#N/A"
4e076486-c48a-4de5-8ce5-b008912d478a,"#N/A","#N/A",false,Web,"#N/A","#N/A",Medium,"#N/A",New,Subject_esrqe,"#N/A","#N/A","#N/A","#N/A","#N/A"
4e09c8ea-c2d9-4b09-9110-df3cd2e2d2e7,"#N/A","#N/A",false,Web,"#N/A","#N/A",Medium,"#N/A",New,Subject_iigqg,"#N/A","#N/A","#N/A","#N/A","#N/A"
4e0cc8cf-c41a-4b87-a4a7-851def2c4fe3,"#N/A","#N/A",false,Web,"#N/A","#N/A",Medium,"#N/A",New,Subject_uawtc,"#N/A","#N/A","#N/A","#N/A","#N/A"
4e12f577-f02f-465d-88c6-3e5d0225c77d,"#N/A","#N/A",false,Web,"#N/A","#N/A",Medium,"#N/A",New,Subject_tbuvq,"#N/A","#N/A","#N/A","#N/A","#N/A"
4e13cb6c-2f47-4cc8-98c6-bd9aa0dc314f,"#N/A","#N/A",false,Web,"#N/A","#N/A",Medium,"#N/A",New,Subject_bwhmi,"#N/A","#N/A","#N/A","#N/A","#N/A"
4e167106-4594-4bd2-88da-686c8a0dbfda,"#N/A","#N/A",false,Web,"#N/A","#N/A",Medium,"#N/A",New,Subject_vbrud,"#N/A","#N/A","#N/A","#N/A","#N/A"
4e173b77-74aa-4593-a1fa-7222aac4bb44,"#N/A","#N/A",false,Web,"#N/A","#N/A",Medium,"#N/A",New,Subject_rtpgt,"#N/A","#N/A","#N/A","#N/A","#N/A"
4e1de0a6-5ee5-4fea-889c-76043a739b23,"#N/A","#N/A",false,Web,"#N/A","#N/A",Medium,"#N/A",New,Subject_yojgo,"#N/A","#N/A","#N/A","#N/A","#N/A"
4e1fdf9f-9d77-4efe-8ea2-d09deff82dbf,"#N/A","#N/A",false,Web,"#N/A","#N/A",Medium,"#N/A",New,Subject_szied,"#N/A","#N/A","#N/A","#N/A","#N/A"
4e233b50-41a7-4956-a247-d0f4f274a7ef,"#N/A","#N/A",false,Web,"#N/A","#N/A",Medium,"#N/A",New,Subject_kizkc,"#N/A","#N/A","#N/A","#N/A","#N/A"
4e255dec-ba4e-4a35-9625-f61783a24ec4,"#N/A","#N/A",false,Web,"#N/A","#N/A",Medium,"#N/A",New,Subject_sdopj,"#N/A","#N/A","#N/A","#N/A","#N/A"
4e276695-dc0d-406a-a490-5a322d88fe1f,"#N/A","#N/A",false,Web,"#N/A","#N/A",Medium,"#N/A",New,Subject_zlhsr,"#N/A","#N/A","#N/A","#N/A","#N/A"
4e2c9bbd-ca89-4b4f-b3fc-c7c5b4187e0b,"#N/A","#N/A",false,Web,"#N/A","#N/A",Medium,"#N/A",New,Subject_fjebc,"#N/A","#N/A","#N/A","#N/A","#N/A"
4e3244f7-5694-47e7-911d-01f5bddc48fb,"#N/A","#N/A",false,Web,"#N/A","#N/A",Medium,"#N/A",New,Subject_hrryy,"#N/A","#N/A","#N/A","#N/A","#N/A"
4e35db9d-4680-408a-bd94-48dcdc9707fe,"#N/A","#N/A",false,Web,"#N/A","#N/A",Medium,"#N/A",New,Subject_zdgmh,"#N/A","#N/A","#N/A","#N/A","#N/A"
4e36900e-fc03-483d-b3cf-68b89738f06a,"#N/A","#N/A",false,Web,"#N/A","#N/A",Medium,"#N/A",New,Subject_kbkss,"#N/A","#N/A","#N/A","#N/A","#N/A"
4e39df88-008f-433c-84c1-5bcca978c62c,"#N/A","#N/A",false,Web,"#N/A","#N/A",Medium,"#N/A",New,Subject_rldhs,"#N/A","#N/A","#N/A","#N/A","#N/A"
4e3eb449-ab32-4b34-93eb-942b5e3b74ff,"#N/A","#N/A",false,Web,"#N/A","#N/A",Medium,"#N/A",New,Subject_qiuts,"#N/A","#N/A","#N/A","#N/A","#N/A"
4e4ce791-c189-4b91-b3e9-fa02a8f9a5fd,"#N/A","#N/A",false,Web,"#N/A","#N/A",Medium,"#N/A",New,Subject_quoyn,"#N/A","#N/A","#N/A","#N/A","#N/A"
4e4ed440-85df-454c-8b93-3014ffc5984f,"#N/A","#N/A",false,Web,"#N/A","#N/A",Medium,"#N/A",New,Subject_lfubq,"#N/A","#N/A","#N/A","#N/A","#N/A"
4e4f324b-f0cf-4e9d-a085-62e6e4fdca33,"#N/A","#N/A",false,Web,"#N/A","#N/A",Medium,"#N/A",New,Subject_hqwfa,"#N/A","#N/A","#N/A","#N/A","#N/A"
4e52b372-019c-4fef-a38a-5ff85ccaab9c,"#N/A","#N/A",false,Web,"#N/A","#N/A",Medium,"#N/A",New,Subject_daoug,"#N/A","#N/A","#N/A","#N/A","#N/A"
4e53e481-a7df-45f5-b843-3ba864009622,"#N/A","#N/A",false,Web,"#N/A","#N/A",Medium,"#N/A",New,Subject_kbcqe,"#N/A","#N/A","#N/A","#N/A","#N/A"
4e5bb266-bfe3-4661-8c58-665bee8f42c1,"#N/A","#N/A",false,Web,"#N/A","#N/A",Medium,"#N/A",New,Subject_ddowv,"#N/A","#N/A","#N/A","#N/A","#N/A"
4e5ca637-0487-4d15-a7cd-9f2d5ac5d1af,"#N/A","#N/A",false,Web,"#N/A","#N/A",Medium,"#N/A",New,Subject_aatqx,"#N/A","#N/A","#N/A","#N/A","#N/A"
4e5e05e1-dfe3-44af-a53a-c886374c3389,"#N/A","#N/A",false,Web,"#N/A","#N/A",Medium,"#N/A",New,Subject_dvhjw,"#N/A","#N/A","#N/A","#N/A","#N/A"
4e5e38ac-9d77-4865-b7a8-e36752137e2f,"#N/A","#N/A",false,Web,"#N/A","#N/A",Medium,"#N/A",New,Subject_xzzdl,"#N/A","#N/A","#N/A","#N/A","#N/A"
4e626dba-853a-4c85-875c-90e3edd2cc1e,"#N/A","#N/A",false,Web,"#N/A","#N/A",Medium,"#N/A",New,Subject_ysqka,"#N/A","#N/A","#N/A","#N/A","#N/A"
4e63a07a-0fda-48e9-86b2-357d23698d4d,"#N/A","#N/A",false,Web,"#N/A","#N/A",Medium,"#N/A",New,Subject_ikygj,"#N/A","#N/A","#N/A","#N/A","#N/A"
4e65f1fa-ffef-4e7c-bcad-be160fc20ce4,"#N/A","#N/A",false,Web,"#N/A","#N/A",Medium,"#N/A",New,Subject_znumk,"#N/A","#N/A","#N/A","#N/A","#N/A"
4e6ab3d2-fc7e-4dfd-9461-4a35b6d24139,"#N/A","#N/A",false,Web,"#N/A","#N/A",Medium,"#N/A",New,Subject_korjt,"#N/A","#N/A","#N/A","#N/A","#N/A"
4e6b98ce-6f9f-49ed-8c2a-29ca349671f0,"#N/A","#N/A",false,Web,"#N/A","#N/A",Medium,"#N/A",New,Subject_zzpib,"#N/A","#N/A","#N/A","#N/A","#N/A"
4e6e93c2-b592-4a57-b17e-3cbe6e04cfe3,"#N/A","#N/A",false,Web,"#N/A","#N/A",Medium,"#N/A",New,Subject_wehhr,"#N/A","#N/A","#N/A","#N/A","#N/A"
4e7586d0-9b4a-4b9c-b0ce-dbdab550b77e,"#N/A","#N/A",false,Web,"#N/A","#N/A",Medium,"#N/A",New,Subject_uscud,"#N/A","#N/A","#N/A","#N/A","#N/A"
4e75f475-099c-47ce-b3b6-0994f6784511,"#N/A","#N/A",false,Web,"#N/A","#N/A",Medium,"#N/A",New,Subject_wycsz,"#N/A","#N/A","#N/A","#N/A","#N/A"
4e7809ca-7106-4486-a41f-1a4238a5ec85,"#N/A","#N/A",false,Web,"#N/A","#N/A",Medium,"#N/A",New,Subject_iurkz,"#N/A","#N/A","#N/A","#N/A","#N/A"
4e7f19dc-516e-4b5e-95af-3b5213c0991e,"#N/A","#N/A",false,Web,"#N/A","#N/A",Medium,"#N/A",New,Subject_vccpl,"#N/A","#N/A","#N/A","#N/A","#N/A"
4e805fbf-111c-4164-b04c-80628c98b904,"#N/A","#N/A",false,Web,"#N/A","#N/A",Medium,"#N/A",New,Subject_aexrz,"#N/A","#N/A","#N/A","#N/A","#N/A"
4e84459e-65cf-41ab-be4e-85fb0982532d,"#N/A","#N/A",false,Web,"#N/A","#N/A",Medium,"#N/A",New,Subject_vfzoi,"#N/A","#N/A","#N/A","#N/A","#N/A"
4e8887e2-b7cb-43c7-b08d-2c4b11b3c114,"#N/A","#N/A",false,Web,"#N/A","#N/A",Medium,"#N/A",New,Subject_fxqsb,"#N/A","#N/A","#N/A","#N/A","#N/A"
4e8911c2-2c6c-4d9c-a585-dad825fca739,"#N/A","#N/A",false,Web,"#N/A","#N/A",Medium,"#N/A",New,Subject_gvlko,"#N/A","#N/A","#N/A","#N/A","#N/A"
4e8de6cf-6c8c-4c45-8d6a-eac3b4658a2d,"#N/A","#N/A",false,Web,"#N/A","#N/A",Medium,"#N/A",New,Subject_vcizt,"#N/A","#N/A","#N/A","#N/A","#N/A"
4e920f89-6846-443e-a9dc-876cb7746aa5,"#N/A","#N/A",false,Web,"#N/A","#N/A",Medium,"#N/A",New,Subject_faqxs,"#N/A","#N/A","#N/A","#N/A","#N/A"
4e92d611-5bef-4d09-831d-2086b281c9d0,"#N/A","#N/A",false,Web,"#N/A","#N/A",Medium,"#N/A",New,Subject_jzekl,"#N/A","#N/A","#N/A","#N/A","#N/A"
4e9364b5-98f2-4f5f-91d5-82dbd357efe1,"#N/A","#N/A",false,Web,"#N/A","#N/A",Medium,"#N/A",New,Subject_absqn,"#N/A","#N/A","#N/A","#N/A","#N/A"
4e9b2ab6-03a4-4307-87de-0a7a8fbd6fc1,"#N/A","#N/A",false,Web,"#N/A","#N/A",Medium,"#N/A",New,Subject_wazsv,"#N/A","#N/A","#N/A","#N/A","#N/A"
4e9d0b0a-d54a-49b7-811f-05073fa4ee5f,"#N/A","#N/A",false,Web,"#N/A","#N/A",Medium,"#N/A",New,Subject_wxlvs,"#N/A","#N/A","#N/A","#N/A","#N/A"
4ea25da0-e457-4343-8080-6ef54f3e7552,"#N/A","#N/A",false,Web,"#N/A","#N/A",Medium,"#N/A",New,Subject_fkqht,"#N/A","#N/A","#N/A","#N/A","#N/A"
4ea2e1f7-6364-46e0-b543-b1d6ef9c1261,"#N/A","#N/A",false,Web,"#N/A","#N/A",Medium,"#N/A",New,Subject_fkodp,"#N/A","#N/A","#N/A","#N/A","#N/A"
4ea37fda-8c18-4d40-a64d-ef072be9f8f0,"#N/A","#N/A",false,Web,"#N/A","#N/A",Medium,"#N/A",New,Subject_fekqn,"#N/A","#N/A","#N/A","#N/A","#N/A"
4ea3ca13-f1ae-4c24-86d6-63339824fbf0,"#N/A","#N/A",false,Web,"#N/A","#N/A",Medium,"#N/A",New,Subject_zxnvl,"#N/A","#N/A","#N/A","#N/A","#N/A"
4ea47440-5f5c-4b89-8f1f-7cf43c6bbcdc,"#N/A","#N/A",false,Web,"#N/A","#N/A",Medium,"#N/A",New,Subject_xfdyb,"#N/A","#N/A","#N/A","#N/A","#N/A"
4ea48a0a-b591-49c9-b719-514408c0b392,"#N/A","#N/A",false,Web,"#N/A","#N/A",Medium,"#N/A",New,Subject_bgfdc,"#N/A","#N/A","#N/A","#N/A","#N/A"
4ea62f85-4152-4b6c-8909-eb6353ba31d3,"#N/A","#N/A",false,Web,"#N/A","#N/A",Medium,"#N/A",New,Subject_fnwbm,"#N/A","#N/A","#N/A","#N/A","#N/A"
4ea9b94c-ae76-464a-8e73-f88c88191e76,"#N/A","#N/A",false,Web,"#N/A","#N/A",Medium,"#N/A",New,Subject_nyebc,"#N/A","#N/A","#N/A","#N/A","#N/A"
4eac1e12-0c37-4f8a-98c8-ec2d0eadc463,"#N/A","#N/A",false,Web,"#N/A","#N/A",Medium,"#N/A",New,Subject_uffrz,"#N/A","#N/A","#N/A","#N/A","#N/A"
4eadd403-2566-4c48-8fcb-d354a9ff0357,"#N/A","#N/A",false,Web,"#N/A","#N/A",Medium,"#N/A",New,Subject_lmbvu,"#N/A","#N/A","#N/A","#N/A","#N/A"
4eb1d4ef-c59f-4625-ad30-187a940bee32,"#N/A","#N/A",false,Web,"#N/A","#N/A",Medium,"#N/A",New,Subject_nlnxl,"#N/A","#N/A","#N/A","#N/A","#N/A"
4eb1d601-a79c-4211-a353-91a558436e37,"#N/A","#N/A",false,Web,"#N/A","#N/A",Medium,"#N/A",New,Subject_yhsmy,"#N/A","#N/A","#N/A","#N/A","#N/A"
4eb294af-914a-40ca-b826-d628bdf9a0d9,"#N/A","#N/A",false,Web,"#N/A","#N/A",Medium,"#N/A",New,Subject_lgdkj,"#N/A","#N/A","#N/A","#N/A","#N/A"
4eb49a59-351d-4884-aa6d-7203b2095f88,"#N/A","#N/A",false,Web,"#N/A","#N/A",Medium,"#N/A",New,Subject_cdzeo,"#N/A","#N/A","#N/A","#N/A","#N/A"
4eb634e3-33e4-4beb-a53d-7b5c0c274c18,"#N/A","#N/A",false,Web,"#N/A","#N/A",Medium,"#N/A",New,Subject_iadeh,"#N/A","#N/A","#N/A","#N/A","#N/A"
4eb79df9-5baf-4808-b7a0-80859ebbf836,"#N/A","#N/A",false,Web,"#N/A","#N/A",Medium,"#N/A",New,Subject_zglbk,"#N/A","#N/A","#N/A","#N/A","#N/A"
4eb81405-564f-43b3-bd84-e4fd34547e93,"#N/A","#N/A",false,Web,"#N/A","#N/A",Medium,"#N/A",New,Subject_wxbwo,"#N/A","#N/A","#N/A","#N/A","#N/A"
4eb83992-c1d8-4137-8fa1-fc257af4f961,"#N/A","#N/A",false,Web,"#N/A","#N/A",Medium,"#N/A",New,Subject_bpajl,"#N/A","#N/A","#N/A","#N/A","#N/A"
4eb9ecb4-8841-4a78-a3c5-7b4fc2152048,"#N/A","#N/A",false,Web,"#N/A","#N/A",Medium,"#N/A",New,Subject_yvlmh,"#N/A","#N/A","#N/A","#N/A","#N/A"
4ebbc601-fdb5-4ea1-a1e6-87174d976d1a,"#N/A","#N/A",false,Web,"#N/A","#N/A",Medium,"#N/A",New,Subject_mvqsh,"#N/A","#N/A","#N/A","#N/A","#N/A"
4ebf6b41-2415-46e9-80fe-045654083a8c,"#N/A","#N/A",false,Web,"#N/A","#N/A",Medium,"#N/A",New,Subject_wswsc,"#N/A","#N/A","#N/A","#N/A","#N/A"
4ec18d7f-4b44-471c-b9cd-c8165efafa0a,"#N/A","#N/A",false,Web,"#N/A","#N/A",Medium,"#N/A",New,Subject_kfwqs,"#N/A","#N/A","#N/A","#N/A","#N/A"
4ec30620-cc30-47c7-af9f-cb671520a719,"#N/A","#N/A",false,Web,"#N/A","#N/A",Medium,"#N/A",New,Subject_znpgl,"#N/A","#N/A","#N/A","#N/A","#N/A"
4ec46e0c-bb58-4ca7-aba0-cd474807f810,"#N/A","#N/A",false,Web,"#N/A","#N/A",Medium,"#N/A",New,Subject_aooxj,"#N/A","#N/A","#N/A","#N/A","#N/A"
4ec4f98c-b80f-4672-addf-18edee261155,"#N/A","#N/A",false,Web,"#N/A","#N/A",Medium,"#N/A",New,Subject_ucnux,"#N/A","#N/A","#N/A","#N/A","#N/A"
4ec58c28-59bb-456d-bfdd-a8ee1357a79f,"#N/A","#N/A",false,Web,"#N/A","#N/A",Medium,"#N/A",New,Subject_jhbsb,"#N/A","#N/A","#N/A","#N/A","#N/A"
4ec6cbf9-fc24-4dc9-abaf-9224b4a45d13,"#N/A","#N/A",false,Web,"#N/A","#N/A",Medium,"#N/A",New,Subject_zgiuz,"#N/A","#N/A","#N/A","#N/A","#N/A"
4ec7b51b-7f2d-4847-b1a3-2c3d0f9da61f,"#N/A","#N/A",false,Web,"#N/A","#N/A",Medium,"#N/A",New,Subject_ojuhn,"#N/A","#N/A","#N/A","#N/A","#N/A"
4ec860a7-bb3d-4807-83a5-8b06bf4c5256,"#N/A","#N/A",false,Web,"#N/A","#N/A",Medium,"#N/A",New,Subject_tiggj,"#N/A","#N/A","#N/A","#N/A","#N/A"
4ecbe4b1-b862-484f-8348-9fd5ff0d637b,"#N/A","#N/A",false,Web,"#N/A","#N/A",Medium,"#N/A",New,Subject_eihwd,"#N/A","#N/A","#N/A","#N/A","#N/A"
4ecdf36f-d999-45b7-8848-a734f3352d1b,"#N/A","#N/A",false,Web,"#N/A","#N/A",Medium,"#N/A",New,Subject_whfiv,"#N/A","#N/A","#N/A","#N/A","#N/A"
4ece3f4f-9b0e-43e9-8236-6b50d92329f6,"#N/A","#N/A",false,Web,"#N/A","#N/A",Medium,"#N/A",New,Subject_dbxua,"#N/A","#N/A","#N/A","#N/A","#N/A"
4ece638b-c662-49cd-aac5-fbe04ca258cc,"#N/A","#N/A",false,Web,"#N/A","#N/A",Medium,"#N/A",New,Subject_ututk,"#N/A","#N/A","#N/A","#N/A","#N/A"
4ecf5ebe-37d7-4acb-bf4c-a7a04b3411b4,"#N/A","#N/A",false,Web,"#N/A","#N/A",Medium,"#N/A",New,Subject_rkalg,"#N/A","#N/A","#N/A","#N/A","#N/A"
4ed3efdb-0b91-4920-a4f3-f0995d5b6972,"#N/A","#N/A",false,Web,"#N/A","#N/A",Medium,"#N/A",New,Subject_wpell,"#N/A","#N/A","#N/A","#N/A","#N/A"
4ed43d7b-dd1c-4ffb-8e13-f7bce875b4f4,"#N/A","#N/A",false,Web,"#N/A","#N/A",Medium,"#N/A",New,Subject_fplkd,"#N/A","#N/A","#N/A","#N/A","#N/A"
4ed44980-a4a8-484b-89a4-d098f50febf3,"#N/A","#N/A",false,Web,"#N/A","#N/A",Medium,"#N/A",New,Subject_ifeeq,"#N/A","#N/A","#N/A","#N/A","#N/A"
4ed51fde-a5b3-41ea-8774-a1422da918af,"#N/A","#N/A",false,Web,"#N/A","#N/A",Medium,"#N/A",New,Subject_zarvb,"#N/A","#N/A","#N/A","#N/A","#N/A"
4ed5aa79-fb77-44b9-a4c9-fdffee4f81f6,"#N/A","#N/A",false,Web,"#N/A","#N/A",Medium,"#N/A",New,Subject_bnhiy,"#N/A","#N/A","#N/A","#N/A","#N/A"
4edc2690-f076-454f-b29d-eb0a71d100ac,"#N/A","#N/A",false,Web,"#N/A","#N/A",Medium,"#N/A",New,Subject_pbykg,"#N/A","#N/A","#N/A","#N/A","#N/A"
4ee7a792-4222-4c4b-ae67-81a0f9a08210,"#N/A","#N/A",false,Web,"#N/A","#N/A",Medium,"#N/A",New,Subject_posct,"#N/A","#N/A","#N/A","#N/A","#N/A"
4ee95a9a-01ee-4562-903f-c90aefb360b6,"#N/A","#N/A",false,Web,"#N/A","#N/A",Medium,"#N/A",New,Subject_iuiqv,"#N/A","#N/A","#N/A","#N/A","#N/A"
4eeed717-0a61-4846-b841-ac21955d0a87,"#N/A","#N/A",false,Web,"#N/A","#N/A",Medium,"#N/A",New,Subject_tqyfu,"#N/A","#N/A","#N/A","#N/A","#N/A"
4eef8b8b-a62a-4e79-92cb-f78e13e3bc98,"#N/A","#N/A",false,Web,"#N/A","#N/A",Medium,"#N/A",New,Subject_kngmx,"#N/A","#N/A","#N/A","#N/A","#N/A"
4ef58658-cddb-469e-9c02-d46a711ea7d3,"#N/A","#N/A",false,Web,"#N/A","#N/A",Medium,"#N/A",New,Subject_aotcy,"#N/A","#N/A","#N/A","#N/A","#N/A"
4ef8e04e-6049-463e-a2ac-c4a84af6ff8e,"#N/A","#N/A",false,Web,"#N/A","#N/A",Medium,"#N/A",New,Subject_elqxj,"#N/A","#N/A","#N/A","#N/A","#N/A"
4efa320c-6d95-4fe4-80f9-cd6bcf28e9b7,"#N/A","#N/A",false,Web,"#N/A","#N/A",Medium,"#N/A",New,Subject_vyqry,"#N/A","#N/A","#N/A","#N/A","#N/A"
4f050f33-a415-42cf-951f-0908b82de0db,"#N/A","#N/A",false,Web,"#N/A","#N/A",Medium,"#N/A",New,Subject_qzeos,"#N/A","#N/A","#N/A","#N/A","#N/A"
4f056eee-b43f-4027-95f3-a975c8730ebe,"#N/A","#N/A",false,Web,"#N/A","#N/A",Medium,"#N/A",New,Subject_nyejg,"#N/A","#N/A","#N/A","#N/A","#N/A"
4f07bdeb-9ae4-45cb-85dd-63645a62d3d4,"#N/A","#N/A",false,Web,"#N/A","#N/A",Medium,"#N/A",New,Subject_qkupk,"#N/A","#N/A","#N/A","#N/A","#N/A"
4f084ffe-4a14-4386-9662-c81262b61f54,"#N/A","#N/A",false,Web,"#N/A","#N/A",Medium,"#N/A",New,Subject_xckmy,"#N/A","#N/A","#N/A","#N/A","#N/A"
4f0af4f9-cedf-460d-befa-14331fc3e356,"#N/A","#N/A",false,Web,"#N/A","#N/A",Medium,"#N/A",New,Subject_oqqab,"#N/A","#N/A","#N/A","#N/A","#N/A"
4f0c8848-8ab3-4c0f-85b4-ae8f559a77d3,"#N/A","#N/A",false,Web,"#N/A","#N/A",Medium,"#N/A",New,Subject_affur,"#N/A","#N/A","#N/A","#N/A","#N/A"
4f17188b-f467-451a-a018-be257203c8df,"#N/A","#N/A",false,Web,"#N/A","#N/A",Medium,"#N/A",New,Subject_mwsrq,"#N/A","#N/A","#N/A","#N/A","#N/A"
4f18a0dc-1665-44fb-916e-2379781f574c,"#N/A","#N/A",false,Web,"#N/A","#N/A",Medium,"#N/A",New,Subject_wqzfj,"#N/A","#N/A","#N/A","#N/A","#N/A"
4f1b3432-42bd-4ef1-8968-58ac9515ed76,"#N/A","#N/A",false,Web,"#N/A","#N/A",Medium,"#N/A",New,Subject_zenuy,"#N/A","#N/A","#N/A","#N/A","#N/A"
4f22ff84-44f5-4db3-ad96-f438842825cf,"#N/A","#N/A",false,Web,"#N/A","#N/A",Medium,"#N/A",New,Subject_tqulp,"#N/A","#N/A","#N/A","#N/A","#N/A"
4f244890-4e46-4fb8-b977-b582419b9404,"#N/A","#N/A",false,Web,"#N/A","#N/A",Medium,"#N/A",New,Subject_cgkny,"#N/A","#N/A","#N/A","#N/A","#N/A"
4f262860-94e1-4e9c-82d3-7c92ef75a76b,"#N/A","#N/A",false,Web,"#N/A","#N/A",Medium,"#N/A",New,Subject_bhaft,"#N/A","#N/A","#N/A","#N/A","#N/A"
4f273614-81c4-4aa2-b02f-cb53e82adb9b,"#N/A","#N/A",false,Web,"#N/A","#N/A",Medium,"#N/A",New,Subject_thyag,"#N/A","#N/A","#N/A","#N/A","#N/A"
4f32647b-2534-48df-b8bf-46703fff3a66,"#N/A","#N/A",false,Web,"#N/A","#N/A",Medium,"#N/A",New,Subject_uozjb,"#N/A","#N/A","#N/A","#N/A","#N/A"
4f38b301-471e-44fd-aad6-8bb6b46347f5,"#N/A","#N/A",false,Web,"#N/A","#N/A",Medium,"#N/A",New,Subject_lwnbo,"#N/A","#N/A","#N/A","#N/A","#N/A"
4f391b7d-4222-4082-8589-ce3719c684b6,"#N/A","#N/A",false,Web,"#N/A","#N/A",Medium,"#N/A",New,Subject_tddix,"#N/A","#N/A","#N/A","#N/A","#N/A"
4f3b2399-9ec8-4d51-89d0-c1fb2ed1fa5b,"#N/A","#N/A",false,Web,"#N/A","#N/A",Medium,"#N/A",New,Subject_onyeu,"#N/A","#N/A","#N/A","#N/A","#N/A"
4f413683-0a8a-4f08-a582-075a54afba55,"#N/A","#N/A",false,Web,"#N/A","#N/A",Medium,"#N/A",New,Subject_kbaei,"#N/A","#N/A","#N/A","#N/A","#N/A"
4f414be4-77bf-4c87-8124-bb63044efeab,"#N/A","#N/A",false,Web,"#N/A","#N/A",Medium,"#N/A",New,Subject_jswqs,"#N/A","#N/A","#N/A","#N/A","#N/A"
4f44576f-0879-4630-a1fc-593b5d8576ca,"#N/A","#N/A",false,Web,"#N/A","#N/A",Medium,"#N/A",New,Subject_egxve,"#N/A","#N/A","#N/A","#N/A","#N/A"
4f464957-3a78-40fc-9320-08a3d0d8a6b3,"#N/A","#N/A",false,Web,"#N/A","#N/A",Medium,"#N/A",New,Subject_wfxuo,"#N/A","#N/A","#N/A","#N/A","#N/A"
4f47fa11-a8df-4dc4-99a0-c2316dd67dae,"#N/A","#N/A",false,Web,"#N/A","#N/A",Medium,"#N/A",New,Subject_apgdi,"#N/A","#N/A","#N/A","#N/A","#N/A"
4f4940f7-45f2-467e-a57c-a44f622b6ed3,"#N/A","#N/A",false,Web,"#N/A","#N/A",Medium,"#N/A",New,Subject_hfkgz,"#N/A","#N/A","#N/A","#N/A","#N/A"
4f4c255f-9693-446c-af23-5c7ecc961fcb,"#N/A","#N/A",false,Web,"#N/A","#N/A",Medium,"#N/A",New,Subject_uedzh,"#N/A","#N/A","#N/A","#N/A","#N/A"
4f4e47e3-c357-4d64-9674-bdfe1552fcbb,"#N/A","#N/A",false,Web,"#N/A","#N/A",Medium,"#N/A",New,Subject_qlkqu,"#N/A","#N/A","#N/A","#N/A","#N/A"
4f4f3544-b221-404e-9d21-5b0adfb79cb4,"#N/A","#N/A",false,Web,"#N/A","#N/A",Medium,"#N/A",New,Subject_myzre,"#N/A","#N/A","#N/A","#N/A","#N/A"
4f5291d5-e6ef-49da-b789-c0958efba002,"#N/A","#N/A",false,Web,"#N/A","#N/A",Medium,"#N/A",New,Subject_ylrfz,"#N/A","#N/A","#N/A","#N/A","#N/A"
4f5538b4-e60f-48e2-8f2f-2916a85fcfb6,"#N/A","#N/A",false,Web,"#N/A","#N/A",Medium,"#N/A",New,Subject_nuqsz,"#N/A","#N/A","#N/A","#N/A","#N/A"
4f55c8af-9279-4590-9f46-b70eaafb0362,"#N/A","#N/A",false,Web,"#N/A","#N/A",Medium,"#N/A",New,Subject_htamt,"#N/A","#N/A","#N/A","#N/A","#N/A"
4f576660-aadc-4ea4-a8a0-75e9d1aeb6a0,"#N/A","#N/A",false,Web,"#N/A","#N/A",Medium,"#N/A",New,Subject_tuqud,"#N/A","#N/A","#N/A","#N/A","#N/A"
4f5b8a58-f225-47a3-a0a8-fd78c6ae15ed,"#N/A","#N/A",false,Web,"#N/A","#N/A",Medium,"#N/A",New,Subject_cqksv,"#N/A","#N/A","#N/A","#N/A","#N/A"
4f5cf964-b446-4d9d-98bd-6fed02dcfe40,"#N/A","#N/A",false,Web,"#N/A","#N/A",Medium,"#N/A",New,Subject_vibfz,"#N/A","#N/A","#N/A","#N/A","#N/A"
4f63d5c0-a00c-45b0-a7fd-21fceae85627,"#N/A","#N/A",false,Web,"#N/A","#N/A",Medium,"#N/A",New,Subject_vzrgm,"#N/A","#N/A","#N/A","#N/A","#N/A"
4f6baf7a-ed25-4a45-8ebb-49df227ae1ff,"#N/A","#N/A",false,Web,"#N/A","#N/A",Medium,"#N/A",New,Subject_dqjqn,"#N/A","#N/A","#N/A","#N/A","#N/A"
4f6d605f-70f3-43de-bbc1-fc7ffa1efc09,"#N/A","#N/A",false,Web,"#N/A","#N/A",Medium,"#N/A",New,Subject_cmjbw,"#N/A","#N/A","#N/A","#N/A","#N/A"
4f76a65a-dde4-49b8-8328-a3c3c8ef1e01,"#N/A","#N/A",false,Web,"#N/A","#N/A",Medium,"#N/A",New,Subject_izhky,"#N/A","#N/A","#N/A","#N/A","#N/A"
4f7753f9-055a-490d-9809-699c692412bf,"#N/A","#N/A",false,Web,"#N/A","#N/A",Medium,"#N/A",New,Subject_vgdec,"#N/A","#N/A","#N/A","#N/A","#N/A"
4f7793f3-4dc5-48ec-9125-15bec76a094d,"#N/A","#N/A",false,Web,"#N/A","#N/A",Medium,"#N/A",New,Subject_puvww,"#N/A","#N/A","#N/A","#N/A","#N/A"
4f779f19-062d-4b28-9a1b-c70a0e862911,"#N/A","#N/A",false,Web,"#N/A","#N/A",Medium,"#N/A",New,Subject_bgfvg,"#N/A","#N/A","#N/A","#N/A","#N/A"
4f7b1240-0aff-427c-98d9-415a5657630b,"#N/A","#N/A",false,Web,"#N/A","#N/A",Medium,"#N/A",New,Subject_ndlpn,"#N/A","#N/A","#N/A","#N/A","#N/A"
4f7c71be-d84b-47ce-af01-63c1c35986fa,"#N/A","#N/A",false,Web,"#N/A","#N/A",Medium,"#N/A",New,Subject_xepyc,"#N/A","#N/A","#N/A","#N/A","#N/A"
4f7c8881-e2d9-4640-85c1-e9d70fa95657,"#N/A","#N/A",false,Web,"#N/A","#N/A",Medium,"#N/A",New,Subject_nplbd,"#N/A","#N/A","#N/A","#N/A","#N/A"
4f91dbd1-c530-41e8-a2e6-931c6cd34fae,"#N/A","#N/A",false,Web,"#N/A","#N/A",Medium,"#N/A",New,Subject_eyjtq,"#N/A","#N/A","#N/A","#N/A","#N/A"
4f963d8c-fd38-4db5-94d9-b7741cdc2147,"#N/A","#N/A",false,Web,"#N/A","#N/A",Medium,"#N/A",New,Subject_plnxn,"#N/A","#N/A","#N/A","#N/A","#N/A"
4f9869fb-94fe-4ba0-a171-5a77e9619e5a,"#N/A","#N/A",false,Web,"#N/A","#N/A",Medium,"#N/A",New,Subject_jpeus,"#N/A","#N/A","#N/A","#N/A","#N/A"
4f98a90e-d665-4b3e-9f0b-88bea5ddd91a,"#N/A","#N/A",false,Web,"#N/A","#N/A",Medium,"#N/A",New,Subject_envbd,"#N/A","#N/A","#N/A","#N/A","#N/A"
4f998c36-f989-4779-9ee5-db73733d0b03,"#N/A","#N/A",false,Web,"#N/A","#N/A",Medium,"#N/A",New,Subject_xkbyg,"#N/A","#N/A","#N/A","#N/A","#N/A"
4f9ba330-ebc1-4cb9-abea-0e981220631e,"#N/A","#N/A",false,Web,"#N/A","#N/A",Medium,"#N/A",New,Subject_euzdr,"#N/A","#N/A","#N/A","#N/A","#N/A"
4f9bc587-7ca8-4f9a-85fd-762654f1b5e7,"#N/A","#N/A",false,Web,"#N/A","#N/A",Medium,"#N/A",New,Subject_fpfjv,"#N/A","#N/A","#N/A","#N/A","#N/A"
4f9c7190-1f45-4144-95eb-08145fa915b6,"#N/A","#N/A",false,Web,"#N/A","#N/A",Medium,"#N/A",New,Subject_nswnw,"#N/A","#N/A","#N/A","#N/A","#N/A"
4fa26ba7-3cd7-445b-9159-a0c4ca92f917,"#N/A","#N/A",false,Web,"#N/A","#N/A",Medium,"#N/A",New,Subject_oojdq,"#N/A","#N/A","#N/A","#N/A","#N/A"
4fa30429-6ea0-4b18-b836-a45ac97494ff,"#N/A","#N/A",false,Web,"#N/A","#N/A",Medium,"#N/A",New,Subject_fihbm,"#N/A","#N/A","#N/A","#N/A","#N/A"
4fa7af30-b1c3-44cf-9c20-4955fce78f1d,"#N/A","#N/A",false,Web,"#N/A","#N/A",Medium,"#N/A",New,Subject_gnple,"#N/A","#N/A","#N/A","#N/A","#N/A"
4fa7bd43-adc5-4f1e-8a5d-b1af29046eaf,"#N/A","#N/A",false,Web,"#N/A","#N/A",Medium,"#N/A",New,Subject_ovxtj,"#N/A","#N/A","#N/A","#N/A","#N/A"
4fa7cd26-315b-4668-b798-e0d8e9cb6af7,"#N/A","#N/A",false,Web,"#N/A","#N/A",Medium,"#N/A",New,Subject_zhqen,"#N/A","#N/A","#N/A","#N/A","#N/A"
4fac5573-b540-4a24-9a1d-7f968ddf8e75,"#N/A","#N/A",false,Web,"#N/A","#N/A",Medium,"#N/A",New,Subject_xrqmd,"#N/A","#N/A","#N/A","#N/A","#N/A"
4fad1189-ad7c-4bf3-b213-399575f51de9,"#N/A","#N/A",false,Web,"#N/A","#N/A",Medium,"#N/A",New,Subject_nltfm,"#N/A","#N/A","#N/A","#N/A","#N/A"
4faf3d7e-642f-4403-8741-273c944e7d70,"#N/A","#N/A",false,Web,"#N/A","#N/A",Medium,"#N/A",New,Subject_qejkq,"#N/A","#N/A","#N/A","#N/A","#N/A"
4faf59a2-0a6d-4dc0-82f1-d6cdc9fae78c,"#N/A","#N/A",false,Web,"#N/A","#N/A",Medium,"#N/A",New,Subject_ncwdm,"#N/A","#N/A","#N/A","#N/A","#N/A"
4fb2661c-7377-4069-995f-3ebc0955b517,"#N/A","#N/A",false,Web,"#N/A","#N/A",Medium,"#N/A",New,Subject_zejoe,"#N/A","#N/A","#N/A","#N/A","#N/A"
4fb4aafd-2b8c-43fc-b443-7099831240b0,"#N/A","#N/A",false,Web,"#N/A","#N/A",Medium,"#N/A",New,Subject_ztvya,"#N/A","#N/A","#N/A","#N/A","#N/A"
4fbcf976-caa7-439c-ab85-8da0e822f69f,"#N/A","#N/A",false,Web,"#N/A","#N/A",Medium,"#N/A",New,Subject_wrnbb,"#N/A","#N/A","#N/A","#N/A","#N/A"
4fc26352-ca84-4fff-b242-95b28bfe97f5,"#N/A","#N/A",false,Web,"#N/A","#N/A",Medium,"#N/A",New,Subject_jhaik,"#N/A","#N/A","#N/A","#N/A","#N/A"
4fcf98fc-3465-456a-87e0-2b7a61372015,"#N/A","#N/A",false,Web,"#N/A","#N/A",Medium,"#N/A",New,Subject_kmvtx,"#N/A","#N/A","#N/A","#N/A","#N/A"
4fcffdf6-e22f-4ad1-96c2-2b299e7540c9,"#N/A","#N/A",false,Web,"#N/A","#N/A",Medium,"#N/A",New,Subject_tubnj,"#N/A","#N/A","#N/A","#N/A","#N/A"
4fd03ceb-7be9-4386-8642-0e99a6c69cc8,"#N/A","#N/A",false,Email,"#N/A","#N/A",Medium,"#N/A",New,Test Cases,"#N/A","#N/A","#N/A","#N/A","#N/A"
4fd0e938-8be7-4a34-b3eb-0afbd34ff40a,"#N/A","#N/A",false,Web,"#N/A","#N/A",Medium,"#N/A",New,Subject_lntfr,"#N/A","#N/A","#N/A","#N/A","#N/A"
4fd5c51b-4837-4570-a4c1-15e52935a584,"#N/A","#N/A",false,Web,"#N/A","#N/A",Medium,"#N/A",New,Subject_fdnlj,"#N/A","#N/A","#N/A","#N/A","#N/A"
4fd7e028-ded7-4985-a3ef-ba65526b0795,"#N/A","#N/A",false,Web,"#N/A","#N/A",Medium,"#N/A",New,Subject_bknhw,"#N/A","#N/A","#N/A","#N/A","#N/A"
4fda2696-4b71-4184-85c2-614b17135816,"#N/A","#N/A",false,Web,"#N/A","#N/A",Medium,"#N/A",New,Subject_cnjgb,"#N/A","#N/A","#N/A","#N/A","#N/A"
4fded2f2-a2c6-4300-970f-bcc978c69b5d,"#N/A","#N/A",false,Web,"#N/A","#N/A",Medium,"#N/A",New,Subject_xgipt,"#N/A","#N/A","#N/A","#N/A","#N/A"
4fdf3109-50a2-4462-9f61-a7ebeddc9da5,"#N/A","#N/A",false,Web,"#N/A","#N/A",Medium,"#N/A",New,Subject_ytctn,"#N/A","#N/A","#N/A","#N/A","#N/A"
4fdfcf58-a29f-4a40-b489-63f107134a32,"#N/A","#N/A",false,Web,"#N/A","#N/A",Medium,"#N/A",New,Subject_ldxfz,"#N/A","#N/A","#N/A","#N/A","#N/A"
4fe02e9b-34bb-4419-93f0-c9ad34ee9d60,"#N/A","#N/A",false,Web,"#N/A","#N/A",Medium,"#N/A",New,Subject_jrdtr,"#N/A","#N/A","#N/A","#N/A","#N/A"
4fe20630-18c2-416c-9515-d22660e87b31,"#N/A","#N/A",false,Web,"#N/A","#N/A",Medium,"#N/A",New,Subject_kbcqe,"#N/A","#N/A","#N/A","#N/A","#N/A"
4fe22258-d423-48ab-a313-70affada2111,"#N/A","#N/A",false,Web,"#N/A","#N/A",Medium,"#N/A",New,Subject_pyenf,"#N/A","#N/A","#N/A","#N/A","#N/A"
4ff1bea3-3612-4178-89ac-9bb8da9ceec0,"#N/A","#N/A",false,Web,"#N/A","#N/A",Medium,"#N/A",New,Subject_tddqs,"#N/A","#N/A","#N/A","#N/A","#N/A"
4ff2c0ce-ff2d-42a6-85c6-0609830f224b,"#N/A","#N/A",false,Web,"#N/A","#N/A",Medium,"#N/A",New,Subject_bmsqa,"#N/A","#N/A","#N/A","#N/A","#N/A"
4ff5517a-a34c-4038-b22f-c28ed276dbd1,"#N/A","#N/A",false,Web,"#N/A","#N/A",Medium,"#N/A",New,Subject_jduze,"#N/A","#N/A","#N/A","#N/A","#N/A"
4ff59fec-4c7d-42ee-b0c7-3b2365644dfa,"#N/A","#N/A",false,Web,"#N/A","#N/A",Medium,"#N/A",New,Subject_chldi,"#N/A","#N/A","#N/A","#N/A","#N/A"
4ff602cb-b924-423b-be1e-02694dd5442e,"#N/A","#N/A",false,Web,"#N/A","#N/A",Medium,"#N/A",New,Subject_fzjih,"#N/A","#N/A","#N/A","#N/A","#N/A"
4ffedc00-5b90-44a5-8092-edbb96cfe7d9,"#N/A","#N/A",false,Web,"#N/A","#N/A",Medium,"#N/A",New,Subject_ylajy,"#N/A","#N/A","#N/A","#N/A","#N/A"
5000425a-ed75-42cc-9fe4-a2d4fb7d1977,"#N/A","#N/A",false,Web,"#N/A","#N/A",Medium,"#N/A",New,Subject_teqfi,"#N/A","#N/A","#N/A","#N/A","#N/A"
5004f29e-7712-4102-ae5a-587824cd1c8b,"#N/A","#N/A",false,Web,"#N/A","#N/A",Medium,"#N/A",New,Subject_evssz,"#N/A","#N/A","#N/A","#N/A","#N/A"
50091e44-6fa3-4004-80a2-faee96c101e6,"#N/A","#N/A",false,Web,"#N/A","#N/A",Medium,"#N/A",New,Subject_jtjxj,"#N/A","#N/A","#N/A","#N/A","#N/A"
5012c92a-171e-4f66-a05a-5448afce3bde,"#N/A","#N/A",false,Web,"#N/A","#N/A",Medium,"#N/A",New,Subject_cnozi,"#N/A","#N/A","#N/A","#N/A","#N/A"
501706fb-c28b-40a7-b96c-89d7588695ae,"#N/A","#N/A",false,Web,"#N/A","#N/A",Medium,"#N/A",New,Subject_acsdx,"#N/A","#N/A","#N/A","#N/A","#N/A"
501a05d2-2486-42fb-9c42-6f2f8d3cb9e0,"#N/A","#N/A",false,Web,"#N/A","#N/A",Medium,"#N/A",New,Subject_jgzep,"#N/A","#N/A","#N/A","#N/A","#N/A"
501af38b-7c53-44fe-a5d1-7c79c0f486cb,"#N/A","#N/A",false,Web,"#N/A","#N/A",Medium,"#N/A",New,Subject_sncdz,"#N/A","#N/A","#N/A","#N/A","#N/A"
501c1171-b298-4aa2-905c-50b5152933d3,"#N/A","#N/A",false,Web,"#N/A","#N/A",Medium,"#N/A",New,Subject_squkg,"#N/A","#N/A","#N/A","#N/A","#N/A"
501f5936-05b7-4365-be42-4718a404beba,"#N/A","#N/A",false,Web,"#N/A","#N/A",Medium,"#N/A",New,Subject_fpjup,"#N/A","#N/A","#N/A","#N/A","#N/A"
5021e55c-8032-4a9c-9f50-8f44768e04f9,"#N/A","#N/A",false,Web,"#N/A","#N/A",Medium,"#N/A",New,Subject_zqhwu,"#N/A","#N/A","#N/A","#N/A","#N/A"
5024eb33-9ca1-4441-9ea0-4dc4fe3c6617,"#N/A","#N/A",false,Web,"#N/A","#N/A",Medium,"#N/A",New,Subject_mmacd,"#N/A","#N/A","#N/A","#N/A","#N/A"
502588bb-3066-4d73-9310-e4685f6b5743,"#N/A","#N/A",false,Web,"#N/A","#N/A",Medium,"#N/A",New,Subject_jzmxe,"#N/A","#N/A","#N/A","#N/A","#N/A"
50263e21-59cd-4c86-a830-464bba8ca183,"#N/A","#N/A",false,Web,"#N/A","#N/A",Medium,"#N/A",New,Subject_sfzof,"#N/A","#N/A","#N/A","#N/A","#N/A"
5026d2cf-c972-4b5e-8ed0-a343e7cb1bc2,"#N/A","#N/A",false,Web,"#N/A","#N/A",Medium,"#N/A",New,Subject_wwuck,"#N/A","#N/A","#N/A","#N/A","#N/A"
503afc11-a30a-4ab9-97b5-6987e4123a7f,"#N/A","#N/A",false,Web,"#N/A","#N/A",Medium,"#N/A",New,Subject_qtawn,"#N/A","#N/A","#N/A","#N/A","#N/A"
503c321f-3e31-43c0-a93f-73a780b47052,"#N/A","#N/A",false,Web,"#N/A","#N/A",Medium,"#N/A",New,Subject_qndtz,"#N/A","#N/A","#N/A","#N/A","#N/A"
503d7e56-ad6b-4880-8c5a-18d4454118a4,"#N/A","#N/A",false,Web,"#N/A","#N/A",Medium,"#N/A",New,Subject_hywrv,"#N/A","#N/A","#N/A","#N/A","#N/A"
503e62fa-c370-437b-bf86-a47b37747924,"#N/A","#N/A",false,Web,"#N/A","#N/A",Medium,"#N/A",New,Subject_ucbks,"#N/A","#N/A","#N/A","#N/A","#N/A"
504503d5-3885-4461-873c-f4aa699ad09d,"#N/A","#N/A",false,Web,"#N/A","#N/A",Medium,"#N/A",New,Subject_pjnma,"#N/A","#N/A","#N/A","#N/A","#N/A"
5048024c-b3dc-4077-9514-a01c9f219d75,"#N/A","#N/A",false,Web,"#N/A","#N/A",Medium,"#N/A",New,Subject_trvps,"#N/A","#N/A","#N/A","#N/A","#N/A"
504a4526-27d6-48f7-bb34-c8d184e2c0fa,"#N/A","#N/A",false,Web,"#N/A","#N/A",Medium,"#N/A",New,Subject_gqngy,"#N/A","#N/A","#N/A","#N/A","#N/A"
504c7ef4-6c2e-4428-a075-6ac667cae601,"#N/A","#N/A",false,Web,"#N/A","#N/A",Medium,"#N/A",New,Subject_lulbf,"#N/A","#N/A","#N/A","#N/A","#N/A"
504e86a2-0752-40f4-b57e-2d1ea5229c3a,"#N/A","#N/A",false,Web,"#N/A","#N/A",Medium,"#N/A",New,Subject_witir,"#N/A","#N/A","#N/A","#N/A","#N/A"
5055260f-14d2-4607-841c-d0ab1be69660,"#N/A","#N/A",false,Web,"#N/A","#N/A",Medium,"#N/A",New,Subject_aehov,"#N/A","#N/A","#N/A","#N/A","#N/A"
5056513c-4863-42e5-84c1-eac63c7a508f,"#N/A","#N/A",false,Web,"#N/A","#N/A",Medium,"#N/A",New,Subject_wtsvv,"#N/A","#N/A","#N/A","#N/A","#N/A"
505792eb-9d13-4118-8de0-5ca0c3c7d544,"#N/A","#N/A",false,Web,"#N/A","#N/A",Medium,"#N/A",New,Subject_btyob,"#N/A","#N/A","#N/A","#N/A","#N/A"
505e5455-ab4a-4c89-b255-43d3286e5424,"#N/A","#N/A",false,Web,"#N/A","#N/A",Medium,"#N/A",New,Subject_vrnui,"#N/A","#N/A","#N/A","#N/A","#N/A"
505fc7d0-8a2a-422b-9f12-23da09ab5fd7,"#N/A","#N/A",false,Web,"#N/A","#N/A",Medium,"#N/A",New,Subject_shhzz,"#N/A","#N/A","#N/A","#N/A","#N/A"
505fd765-c754-4714-8825-fee79cb000d5,"#N/A","#N/A",false,Web,"#N/A","#N/A",Medium,"#N/A",New,Subject_nplsl,"#N/A","#N/A","#N/A","#N/A","#N/A"
506021d9-80d4-4cad-b20c-97a369834ca0,"#N/A","#N/A",false,Web,"#N/A","#N/A",Medium,"#N/A",New,Subject_fukrs,"#N/A","#N/A","#N/A","#N/A","#N/A"
5060b45e-6fa6-4f80-8e51-2631c21eb2f2,"#N/A","#N/A",false,Web,"#N/A","#N/A",Medium,"#N/A",New,Subject_repmc,"#N/A","#N/A","#N/A","#N/A","#N/A"
50612d91-1c86-4515-a189-46b5d00e4442,"#N/A","#N/A",false,Web,"#N/A","#N/A",Medium,"#N/A",New,Subject_cgjqt,"#N/A","#N/A","#N/A","#N/A","#N/A"
50673b44-2e31-4863-ae57-818183e26401,"#N/A","#N/A",false,Web,"#N/A","#N/A",Medium,"#N/A",New,Subject_myqeu,"#N/A","#N/A","#N/A","#N/A","#N/A"
506acb72-283e-40af-930f-7b4743deb9b4,"#N/A","#N/A",false,Web,"#N/A","#N/A",Medium,"#N/A",New,Subject_wtgyn,"#N/A","#N/A","#N/A","#N/A","#N/A"
506c8fd1-cc7a-4707-a904-62d8808891a7,"#N/A","#N/A",false,Web,"#N/A","#N/A",Medium,"#N/A",New,Subject_ppsft,"#N/A","#N/A","#N/A","#N/A","#N/A"
5072da90-a671-4d3b-9a35-88b7d2d44836,"#N/A","#N/A",false,Web,"#N/A","#N/A",Medium,"#N/A",New,Subject_cghey,"#N/A","#N/A","#N/A","#N/A","#N/A"
5073273e-aeb7-4e29-99f2-fecc937d71ff,"#N/A","#N/A",false,Web,"#N/A","#N/A",Medium,"#N/A",New,Subject_xaozg,"#N/A","#N/A","#N/A","#N/A","#N/A"
507a9c17-7ee9-40df-89a8-0e057c5558ef,"#N/A","#N/A",false,Web,"#N/A","#N/A",Medium,"#N/A",New,Subject_bnmrz,"#N/A","#N/A","#N/A","#N/A","#N/A"
507d0c88-2408-45ce-a391-2b9b5a1ede3e,"#N/A","#N/A",false,Web,"#N/A","#N/A",Medium,"#N/A",New,Subject_wcirm,"#N/A","#N/A","#N/A","#N/A","#N/A"
5083c83b-17fa-4a71-96b9-ce726fbfdc3c,"#N/A","#N/A",false,Web,"#N/A","#N/A",Medium,"#N/A",New,Subject_kuoug,"#N/A","#N/A","#N/A","#N/A","#N/A"
508945e4-7e10-4f7c-8f8c-e5d9fd43e568,"#N/A","#N/A",false,Web,"#N/A","#N/A",Medium,"#N/A",New,Subject_oxfrn,"#N/A","#N/A","#N/A","#N/A","#N/A"
508a8fa3-172e-42a0-9677-c34404b8398d,"#N/A","#N/A",false,Web,"#N/A","#N/A",Medium,"#N/A",New,Subject_ntdsn,"#N/A","#N/A","#N/A","#N/A","#N/A"
508b131a-d977-47e2-a98c-8dd088716819,"#N/A","#N/A",false,Web,"#N/A","#N/A",Medium,"#N/A",New,Subject_nmdky,"#N/A","#N/A","#N/A","#N/A","#N/A"
508ca70e-3202-4350-abb1-489f814dffe7,"#N/A","#N/A",false,Web,"#N/A","#N/A",Medium,"#N/A",New,Subject_bebem,"#N/A","#N/A","#N/A","#N/A","#N/A"
509129c5-6f45-4f2b-b03c-fc984755ecc4,"#N/A","#N/A",false,Web,"#N/A","#N/A",Medium,"#N/A",New,Subject_qzayp,"#N/A","#N/A","#N/A","#N/A","#N/A"
50932347-b3a5-4239-82e9-d566b0cd2426,"#N/A","#N/A",false,Web,"#N/A","#N/A",Medium,"#N/A",New,Subject_qlkqu,"#N/A","#N/A","#N/A","#N/A","#N/A"
509402d4-4390-4b0d-8b57-fa7b5f4ee8fa,"#N/A","#N/A",false,Web,"#N/A","#N/A",Medium,"#N/A",New,Subject_nyqiz,"#N/A","#N/A","#N/A","#N/A","#N/A"
50956c9f-aaaf-444b-9ad0-aaaec744c264,"#N/A","#N/A",false,Web,"#N/A","#N/A",Medium,"#N/A",New,Subject_ixltt,"#N/A","#N/A","#N/A","#N/A","#N/A"
5096acfe-c376-4297-9a86-4abdade83bba,"#N/A","#N/A",false,Web,"#N/A","#N/A",Medium,"#N/A",New,Subject_iyqzb,"#N/A","#N/A","#N/A","#N/A","#N/A"
50975bd3-19b2-4700-8ea9-a5317a6b001d,"#N/A","#N/A",false,Web,"#N/A","#N/A",Medium,"#N/A",New,Subject_eymnt,"#N/A","#N/A","#N/A","#N/A","#N/A"
50980ba5-f58c-46dd-baf4-923b0f4a09f3,"#N/A","#N/A",false,Web,"#N/A","#N/A",Medium,"#N/A",New,Subject_uljhc,"#N/A","#N/A","#N/A","#N/A","#N/A"
50988d23-056a-4006-b8d5-21d2f2421e84,"#N/A","#N/A",false,Web,"#N/A","#N/A",Medium,"#N/A",New,Subject_enixr,"#N/A","#N/A","#N/A","#N/A","#N/A"
50989931-171d-49e1-9edd-5a582b9d8028,"#N/A","#N/A",false,Web,"#N/A","#N/A",Medium,"#N/A",New,Subject_cwfjf,"#N/A","#N/A","#N/A","#N/A","#N/A"
509923e3-3865-4021-8f53-4153259bbb17,"#N/A","#N/A",false,Web,"#N/A","#N/A",Medium,"#N/A",New,Subject_eybmq,"#N/A","#N/A","#N/A","#N/A","#N/A"
509d988b-4834-472f-a9cf-281f53809d32,"#N/A","#N/A",false,Web,"#N/A","#N/A",Medium,"#N/A",New,Subject_ultog,"#N/A","#N/A","#N/A","#N/A","#N/A"
50a0716e-2c51-4e89-b346-ddfdb0a14ef5,"#N/A","#N/A",false,Web,"#N/A","#N/A",Medium,"#N/A",New,Subject_suwot,"#N/A","#N/A","#N/A","#N/A","#N/A"
50a4c2c1-a81a-4812-b195-fb2951a3ad0c,"#N/A","#N/A",false,Web,"#N/A","#N/A",Medium,"#N/A",New,Subject_zlugw,"#N/A","#N/A","#N/A","#N/A","#N/A"
50a5561c-9ad0-4440-bad3-c1fb64319f73,"#N/A","#N/A",false,Web,"#N/A","#N/A",Medium,"#N/A",New,Subject_ehrkz,"#N/A","#N/A","#N/A","#N/A","#N/A"
50a9a110-e82d-42b6-bb5c-b0658c98bf2b,"#N/A","#N/A",false,Web,"#N/A","#N/A",Medium,"#N/A",New,Subject_biktm,"#N/A","#N/A","#N/A","#N/A","#N/A"
50abcb89-be65-491a-82c1-f61f8276dfa7,"#N/A","#N/A",false,Web,"#N/A","#N/A",Medium,"#N/A",New,Subject_yfguu,"#N/A","#N/A","#N/A","#N/A","#N/A"
50b1b04d-8413-4133-9b09-a6cccb5e93ee,"#N/A","#N/A",false,Web,"#N/A","#N/A",Medium,"#N/A",New,Subject_fgosw,"#N/A","#N/A","#N/A","#N/A","#N/A"
50b61213-e8be-41b1-810f-24c46e4ac609,"#N/A","#N/A",false,Web,"#N/A","#N/A",Medium,"#N/A",New,Subject_yddcu,"#N/A","#N/A","#N/A","#N/A","#N/A"
50b9056e-149a-4494-bd87-393214b3f4ba,"#N/A","#N/A",false,Web,"#N/A","#N/A",Medium,"#N/A",New,Subject_mnhkh,"#N/A","#N/A","#N/A","#N/A","#N/A"
50c0fe13-2314-41a2-a6e2-58f9459786e7,"#N/A","#N/A",false,Web,"#N/A","#N/A",Medium,"#N/A",New,Subject_yyata,"#N/A","#N/A","#N/A","#N/A","#N/A"
50c57d40-da21-4f8f-b093-c802fb0a38a5,"#N/A","#N/A",false,Web,"#N/A","#N/A",Medium,"#N/A",New,Subject_kjmgr,"#N/A","#N/A","#N/A","#N/A","#N/A"
50c70fc7-524b-4d52-a4b5-ef65a96d97b6,"#N/A","#N/A",false,Web,"#N/A","#N/A",Medium,"#N/A",New,Subject_fhhvt,"#N/A","#N/A","#N/A","#N/A","#N/A"
50c9ddf4-6605-4e75-befd-11301d7f47db,"#N/A","#N/A",false,Web,"#N/A","#N/A",Medium,"#N/A",New,Subject_vwvnx,"#N/A","#N/A","#N/A","#N/A","#N/A"
50ceea1e-fc0f-4022-8627-b74df880a9b0,"#N/A","#N/A",false,Web,"#N/A","#N/A",Medium,"#N/A",New,Subject_reogz,"#N/A","#N/A","#N/A","#N/A","#N/A"
50d07279-9c33-4a0b-bed2-6dcf0ffd0f73,"#N/A","#N/A",false,Web,"#N/A","#N/A",Medium,"#N/A",New,Subject_jwbxz,"#N/A","#N/A","#N/A","#N/A","#N/A"
50d10e3d-a035-43eb-acd9-a74300219110,"#N/A","#N/A",false,Web,"#N/A","#N/A",Medium,"#N/A",New,Subject_ztoqn,"#N/A","#N/A","#N/A","#N/A","#N/A"
50d19ea6-2455-4e1c-b644-53bdf8663b01,"#N/A","#N/A",false,Web,"#N/A","#N/A",Medium,"#N/A",New,Subject_ltdon,"#N/A","#N/A","#N/A","#N/A","#N/A"
50d8545b-4a93-4fd6-aa15-b8f827e6760a,"#N/A","#N/A",false,Web,"#N/A","#N/A",Medium,"#N/A",New,Subject_pxsua,"#N/A","#N/A","#N/A","#N/A","#N/A"
50d946a0-fe0d-4bf0-860c-2a1ab2f6c385,"#N/A","#N/A",false,Web,"#N/A","#N/A",Medium,"#N/A",New,Subject_lxcjx,"#N/A","#N/A","#N/A","#N/A","#N/A"
50d9ade8-1d8d-4830-b481-98890e1e078c,"#N/A","#N/A",false,Web,"#N/A","#N/A",Medium,"#N/A",New,Subject_bcgfz,"#N/A","#N/A","#N/A","#N/A","#N/A"
50dc6892-3a7a-4f11-b7fd-4ad28ae4e58d,"#N/A","#N/A",false,Web,"#N/A","#N/A",Medium,"#N/A",New,Subject_ipsej,"#N/A","#N/A","#N/A","#N/A","#N/A"
50e0c88a-0027-46c1-874f-e5389c107962,"#N/A","#N/A",false,Web,"#N/A","#N/A",Medium,"#N/A",New,Subject_xgvvt,"#N/A","#N/A","#N/A","#N/A","#N/A"
50e21967-0126-4d02-8687-9b9ab388712d,"#N/A","#N/A",false,Web,"#N/A","#N/A",Medium,"#N/A",New,Subject_ilbsm,"#N/A","#N/A","#N/A","#N/A","#N/A"
50e251d7-0ea9-4e96-b3c6-45409538d936,"#N/A","#N/A",false,Web,"#N/A","#N/A",Medium,"#N/A",New,Subject_fbjay,"#N/A","#N/A","#N/A","#N/A","#N/A"
50e6370b-72f9-4b53-9287-6e5202e86da9,"#N/A","#N/A",false,Web,"#N/A","#N/A",Medium,"#N/A",New,Subject_wcmhc,"#N/A","#N/A","#N/A","#N/A","#N/A"
50e834ea-ce41-4972-8afe-eef527d52694,"#N/A","#N/A",false,Web,"#N/A","#N/A",Medium,"#N/A",New,Subject_eeiqd,"#N/A","#N/A","#N/A","#N/A","#N/A"
50ead52c-3b20-44a9-99ca-ac3d2a6cad90,"#N/A","#N/A",false,Web,"#N/A","#N/A",Medium,"#N/A",New,Subject_ezcpt,"#N/A","#N/A","#N/A","#N/A","#N/A"
50ebbdc2-2392-4482-bbdd-b94bb6e5ffc8,"#N/A","#N/A",false,Web,"#N/A","#N/A",Medium,"#N/A",New,Subject_kbhzx,"#N/A","#N/A","#N/A","#N/A","#N/A"
50efc6cc-fdf3-4e21-b64b-e90c9d672e31,"#N/A","#N/A",false,Web,"#N/A","#N/A",Medium,"#N/A",New,Subject_ehhry,"#N/A","#N/A","#N/A","#N/A","#N/A"
50f10a51-3240-45cb-aea2-0cdbdb649959,"#N/A","#N/A",false,Web,"#N/A","#N/A",Medium,"#N/A",New,Subject_uyswy,"#N/A","#N/A","#N/A","#N/A","#N/A"
50f5ab40-720b-4d41-8b15-cec4872ebc67,"#N/A","#N/A",false,Web,"#N/A","#N/A",Medium,"#N/A",New,Subject_pvszk,"#N/A","#N/A","#N/A","#N/A","#N/A"
50fffc8d-3b51-4339-83fe-cc4b09d09dd6,"#N/A","#N/A",false,Web,"#N/A","#N/A",Medium,"#N/A",New,Subject_kwzlw,"#N/A","#N/A","#N/A","#N/A","#N/A"
51012681-6d06-4a10-a9a8-7c864374df11,"#N/A","#N/A",false,Web,"#N/A","#N/A",Medium,"#N/A",New,Subject_xfzye,"#N/A","#N/A","#N/A","#N/A","#N/A"
510207d3-27b0-4542-a8e1-3a99c0ce66ab,"#N/A","#N/A",false,Web,"#N/A","#N/A",Medium,"#N/A",New,Subject_bbpmj,"#N/A","#N/A","#N/A","#N/A","#N/A"
51064d0c-a565-49e1-82aa-de07f66ca7c6,"#N/A","#N/A",false,Web,"#N/A","#N/A",Medium,"#N/A",New,Subject_zlckp,"#N/A","#N/A","#N/A","#N/A","#N/A"
5107c951-23af-4ffb-95c1-544a138c3a34,"#N/A","#N/A",false,Web,"#N/A","#N/A",Medium,"#N/A",New,Subject_bwvro,"#N/A","#N/A","#N/A","#N/A","#N/A"
51080c9e-5892-4b11-8cf7-8df6bfa8d595,"#N/A","#N/A",false,Web,"#N/A","#N/A",Medium,"#N/A",New,Subject_fjbkd,"#N/A","#N/A","#N/A","#N/A","#N/A"
5108754c-017b-49b3-b620-89ea3c1d48df,"#N/A","#N/A",false,Web,"#N/A","#N/A",Medium,"#N/A",New,Subject_ikluc,"#N/A","#N/A","#N/A","#N/A","#N/A"
510c98e7-68eb-4ec2-b0de-81e1c7165054,"#N/A","#N/A",false,Web,"#N/A","#N/A",Medium,"#N/A",New,Subject_jeakn,"#N/A","#N/A","#N/A","#N/A","#N/A"
51164870-6759-4f09-a81d-e6361f754b57,"#N/A","#N/A",false,Web,"#N/A","#N/A",Medium,"#N/A",New,Subject_krqbk,"#N/A","#N/A","#N/A","#N/A","#N/A"
511a3030-858a-4553-a705-4f58d99f2d52,"#N/A","#N/A",false,Web,"#N/A","#N/A",Medium,"#N/A",New,Subject_mmshe,"#N/A","#N/A","#N/A","#N/A","#N/A"
51254630-19b3-4787-a1b6-2cd39190e4be,"#N/A","#N/A",false,Web,"#N/A","#N/A",Medium,"#N/A",New,Subject_ypiwi,"#N/A","#N/A","#N/A","#N/A","#N/A"
51259289-e9a6-4290-be0e-f3a43acafdc5,"#N/A","#N/A",false,Web,"#N/A","#N/A",Medium,"#N/A",New,Subject_inhvr,"#N/A","#N/A","#N/A","#N/A","#N/A"
51288a45-998a-4dea-bf58-e155b84418e8,"#N/A","#N/A",false,Web,"#N/A","#N/A",Medium,"#N/A",New,Subject_lhaks,"#N/A","#N/A","#N/A","#N/A","#N/A"
512a6794-9bac-430d-890f-7f840ff819fa,"#N/A","#N/A",false,Web,"#N/A","#N/A",Medium,"#N/A",New,Subject_ieveb,"#N/A","#N/A","#N/A","#N/A","#N/A"
51325abc-b1c8-457b-8b13-f8e0c32a7665,"#N/A","#N/A",false,Web,"#N/A","#N/A",Medium,"#N/A",New,Subject_daydk,"#N/A","#N/A","#N/A","#N/A","#N/A"
5136ca94-e79d-4a29-94f9-72af40ec3e87,"#N/A","#N/A",false,Web,"#N/A","#N/A",Medium,"#N/A",New,Subject_qvomx,"#N/A","#N/A","#N/A","#N/A","#N/A"
5139cbbb-1c75-41c3-b163-2e1d12a9804e,"#N/A","#N/A",false,Web,"#N/A","#N/A",Medium,"#N/A",New,Subject_obzex,"#N/A","#N/A","#N/A","#N/A","#N/A"
513ac5e7-7f27-483b-83a1-d6934ef2ccb5,"#N/A","#N/A",false,Web,"#N/A","#N/A",Medium,"#N/A",New,Subject_bvdrg,"#N/A","#N/A","#N/A","#N/A","#N/A"
513b3bc1-c624-4438-8b8e-c591f7446298,"#N/A","#N/A",false,Web,"#N/A","#N/A",Medium,"#N/A",New,Subject_bckap,"#N/A","#N/A","#N/A","#N/A","#N/A"
5140a716-cfa7-4cb4-91ad-7589938fcfb7,"#N/A","#N/A",false,Web,"#N/A","#N/A",Medium,"#N/A",New,Subject_jhuik,"#N/A","#N/A","#N/A","#N/A","#N/A"
5141164f-eb56-4292-a15d-6fa8717a5cc4,"#N/A","#N/A",false,Web,"#N/A","#N/A",Medium,"#N/A",New,Subject_fdrpm,"#N/A","#N/A","#N/A","#N/A","#N/A"
51448c36-fc4b-4ba6-bb81-e0fc5e652324,"#N/A","#N/A",false,Web,"#N/A","#N/A",Medium,"#N/A",New,Subject_ocdnt,"#N/A","#N/A","#N/A","#N/A","#N/A"
5148d46c-3e23-49d9-b10b-e47e4c8aa926,"#N/A","#N/A",false,Web,"#N/A","#N/A",Medium,"#N/A",New,Subject_szguj,"#N/A","#N/A","#N/A","#N/A","#N/A"
514c28b9-f165-4e53-a346-4d8bbe59ba8b,"#N/A","#N/A",false,Web,"#N/A","#N/A",Medium,"#N/A",New,Subject_umdkt,"#N/A","#N/A","#N/A","#N/A","#N/A"
514c675a-d5bf-4d8b-ac68-4778a702e26f,"#N/A","#N/A",false,Web,"#N/A","#N/A",Medium,"#N/A",New,Subject_nnxqi,"#N/A","#N/A","#N/A","#N/A","#N/A"
514cf584-30ff-4f8e-adf6-82c4fccadb09,"#N/A","#N/A",false,Web,"#N/A","#N/A",Medium,"#N/A",New,Subject_xgjrz,"#N/A","#N/A","#N/A","#N/A","#N/A"
515979bd-f92f-431b-9dad-6e67759b0235,"#N/A","#N/A",false,Web,"#N/A","#N/A",Medium,"#N/A",New,Subject_ugzzz,"#N/A","#N/A","#N/A","#N/A","#N/A"
515af29e-2527-487b-8dd5-400d4b070c0c,"#N/A","#N/A",false,Web,"#N/A","#N/A",Medium,"#N/A",New,Subject_gddzr,"#N/A","#N/A","#N/A","#N/A","#N/A"
515c37d0-6465-4337-853f-b10b11859d66,"#N/A","#N/A",false,Web,"#N/A","#N/A",Medium,"#N/A",New,Subject_iobxb,"#N/A","#N/A","#N/A","#N/A","#N/A"
515fd6cb-2d7f-467d-a08a-69396c702951,"#N/A","#N/A",false,Web,"#N/A","#N/A",Medium,"#N/A",New,Subject_lfgjh,"#N/A","#N/A","#N/A","#N/A","#N/A"
51628c25-7842-498c-ad2b-53194c611017,"#N/A","#N/A",false,Web,"#N/A","#N/A",Medium,"#N/A",New,Subject_qiqyc,"#N/A","#N/A","#N/A","#N/A","#N/A"
5164d79c-d81b-4fc6-a672-d05327e4a9e5,"#N/A","#N/A",false,Web,"#N/A","#N/A",Medium,"#N/A",New,Subject_bsmir,"#N/A","#N/A","#N/A","#N/A","#N/A"
5165dfcb-d127-4b09-93d6-b07af4bdce04,"#N/A","#N/A",false,Web,"#N/A","#N/A",Medium,"#N/A",New,Subject_hqteu,"#N/A","#N/A","#N/A","#N/A","#N/A"
516b0cd0-886a-4089-9744-342af8d249b7,"#N/A","#N/A",false,Web,"#N/A","#N/A",Medium,"#N/A",New,Subject_lmtti,"#N/A","#N/A","#N/A","#N/A","#N/A"
517246ac-bf16-4393-a0e8-26101420a707,"#N/A","#N/A",false,Web,"#N/A","#N/A",Medium,"#N/A",New,Subject_eoxnk,"#N/A","#N/A","#N/A","#N/A","#N/A"
51733cef-8529-42ab-bd0d-fb053fbe06e8,"#N/A","#N/A",false,Web,"#N/A","#N/A",Medium,"#N/A",New,Subject_wkunb,"#N/A","#N/A","#N/A","#N/A","#N/A"
51734719-581b-47b3-8902-8ded4bd0b8c7,"#N/A","#N/A",false,Web,"#N/A","#N/A",Medium,"#N/A",New,Subject_kbljz,"#N/A","#N/A","#N/A","#N/A","#N/A"
51741e73-c4e1-4b66-bf91-bce4b914a06a,"#N/A","#N/A",false,Web,"#N/A","#N/A",Medium,"#N/A",New,Subject_ufkfc,"#N/A","#N/A","#N/A","#N/A","#N/A"
5175cf46-556f-4642-8ce1-a88d4aa1d57c,"#N/A","#N/A",false,Web,"#N/A","#N/A",Medium,"#N/A",New,Subject_whzdt,"#N/A","#N/A","#N/A","#N/A","#N/A"
5176ee22-fa52-42b6-898c-0a4ee6370379,"#N/A","#N/A",false,Web,"#N/A","#N/A",Medium,"#N/A",New,Subject_jtcou,"#N/A","#N/A","#N/A","#N/A","#N/A"
5178d321-33f2-47ff-a2e2-67dfa36976c2,"#N/A","#N/A",false,Web,"#N/A","#N/A",Medium,"#N/A",New,Subject_svbug,"#N/A","#N/A","#N/A","#N/A","#N/A"
517ad5ac-fb24-4ef1-893e-3148b0299a03,"#N/A","#N/A",false,Web,"#N/A","#N/A",Medium,"#N/A",New,Subject_vuqhp,"#N/A","#N/A","#N/A","#N/A","#N/A"
51809f75-b060-4c32-8308-5ee708f56fdf,"#N/A","#N/A",false,Web,"#N/A","#N/A",Medium,"#N/A",New,Subject_odtqy,"#N/A","#N/A","#N/A","#N/A","#N/A"
51815d62-5fc1-4017-a1ef-67f54329e77f,"#N/A","#N/A",false,Web,"#N/A","#N/A",Medium,"#N/A",New,Subject_ehkpn,"#N/A","#N/A","#N/A","#N/A","#N/A"
5184bf54-eadc-49ea-9845-06455731a5d0,"#N/A","#N/A",false,Web,"#N/A","#N/A",Medium,"#N/A",New,Subject_iojgb,"#N/A","#N/A","#N/A","#N/A","#N/A"
5186da2b-3a7d-4c1e-a530-8a1eb6455fa6,"#N/A","#N/A",false,Web,"#N/A","#N/A",Medium,"#N/A",New,Subject_jntdu,"#N/A","#N/A","#N/A","#N/A","#N/A"
5186f89f-ffa4-481f-abfb-bc76914159c8,"#N/A","#N/A",false,Web,"#N/A","#N/A",Medium,"#N/A",New,Subject_taqxf,"#N/A","#N/A","#N/A","#N/A","#N/A"
5189d613-beba-4d0d-9dc7-db3a084f335a,"#N/A","#N/A",false,Web,"#N/A","#N/A",Medium,"#N/A",New,Subject_vjodi,"#N/A","#N/A","#N/A","#N/A","#N/A"
5189f7a9-1078-4c4a-9024-2039327c78b0,"#N/A","#N/A",false,Web,"#N/A","#N/A",Medium,"#N/A",New,Subject_vkizy,"#N/A","#N/A","#N/A","#N/A","#N/A"
518c31ee-7db9-47a8-9ef1-66aeb9d093f8,"#N/A","#N/A",false,Web,"#N/A","#N/A",Medium,"#N/A",New,Subject_sndcc,"#N/A","#N/A","#N/A","#N/A","#N/A"
518f7e69-e2e2-4059-92d4-15d2b6a58201,"#N/A","#N/A",false,Web,"#N/A","#N/A",Medium,"#N/A",New,Subject_qbuhk,"#N/A","#N/A","#N/A","#N/A","#N/A"
5190ca93-e037-45f4-a473-c7ae2bb00eb1,"#N/A","#N/A",false,Web,"#N/A","#N/A",Medium,"#N/A",New,Subject_muslz,"#N/A","#N/A","#N/A","#N/A","#N/A"
5194c8d0-9745-4049-96c1-4dad288e0290,"#N/A","#N/A",false,Web,"#N/A","#N/A",Medium,"#N/A",New,Subject_jauyy,"#N/A","#N/A","#N/A","#N/A","#N/A"
51962bbc-75e5-42f7-ab48-4f642b6b8519,"#N/A","#N/A",false,Web,"#N/A","#N/A",Medium,"#N/A",New,Subject_rziaz,"#N/A","#N/A","#N/A","#N/A","#N/A"
51984082-6509-43f0-8b85-a1bf6e863267,"#N/A","#N/A",false,Web,"#N/A","#N/A",Medium,"#N/A",New,Subject_rmlxa,"#N/A","#N/A","#N/A","#N/A","#N/A"
5199c01e-6a6b-44b7-bb3b-7affab431075,"#N/A","#N/A",false,Web,"#N/A","#N/A",Medium,"#N/A",New,Subject_nwpyl,"#N/A","#N/A","#N/A","#N/A","#N/A"
519c47b0-35f5-4849-94e5-ad90e486d239,"#N/A","#N/A",false,Web,"#N/A","#N/A",Medium,"#N/A",New,Subject_iunut,"#N/A","#N/A","#N/A","#N/A","#N/A"
51a402f0-9e65-4875-871c-c9c9c4eae800,"#N/A","#N/A",false,Web,"#N/A","#N/A",Medium,"#N/A",New,Subject_ywlgl,"#N/A","#N/A","#N/A","#N/A","#N/A"
51a73d6b-f7a3-483c-a677-fe8c3b41c04e,"#N/A","#N/A",false,Web,"#N/A","#N/A",Medium,"#N/A",New,Subject_ijcgl,"#N/A","#N/A","#N/A","#N/A","#N/A"
51a98b86-ec4a-4ecc-ae1c-06149de32d7d,"#N/A","#N/A",false,Web,"#N/A","#N/A",Medium,"#N/A",New,Subject_ckqqk,"#N/A","#N/A","#N/A","#N/A","#N/A"
51a9f1b8-d4bc-4a89-802b-253c35061986,"#N/A","#N/A",false,Web,"#N/A","#N/A",Medium,"#N/A",New,Subject_ovmjm,"#N/A","#N/A","#N/A","#N/A","#N/A"
51b04407-3d92-462c-8068-882b6b21720d,"#N/A","#N/A",false,Web,"#N/A","#N/A",Medium,"#N/A",New,Subject_cxfrj,"#N/A","#N/A","#N/A","#N/A","#N/A"
51ba42eb-dc4f-48c6-ac13-f9d8e78f1fd3,"#N/A","#N/A",false,Web,"#N/A","#N/A",Medium,"#N/A",New,Subject_pycxf,"#N/A","#N/A","#N/A","#N/A","#N/A"
51bd67e8-4e11-4ece-82e5-bf8c79c54620,"#N/A","#N/A",false,Web,"#N/A","#N/A",Medium,"#N/A",New,Subject_iionv,"#N/A","#N/A","#N/A","#N/A","#N/A"
51c5a7b3-a90b-47f5-aa75-eabb88659fc4,"#N/A","#N/A",false,Web,"#N/A","#N/A",Medium,"#N/A",New,Subject_abubt,"#N/A","#N/A","#N/A","#N/A","#N/A"
51c5de6d-175b-4e09-a338-eca94ef082af,"#N/A","#N/A",false,Web,"#N/A","#N/A",Medium,"#N/A",New,Subject_rbefc,"#N/A","#N/A","#N/A","#N/A","#N/A"
51c9889d-6720-4bbc-90a6-c2364f542497,"#N/A","#N/A",false,Web,"#N/A","#N/A",Medium,"#N/A",New,Subject_mzxwb,"#N/A","#N/A","#N/A","#N/A","#N/A"
51cde1f8-375c-476b-a109-c15a050ac335,"#N/A","#N/A",false,Web,"#N/A","#N/A",Medium,"#N/A",New,Subject_bybzu,"#N/A","#N/A","#N/A","#N/A","#N/A"
51d1bb69-bfb2-4117-b16b-3a38b18fc401,"#N/A","#N/A",false,Web,"#N/A","#N/A",Medium,"#N/A",New,Subject_ldvwu,"#N/A","#N/A","#N/A","#N/A","#N/A"
51d49d0b-eb10-4059-b950-4b29b12247ab,"#N/A","#N/A",false,Web,"#N/A","#N/A",Medium,"#N/A",New,Subject_zwvmh,"#N/A","#N/A","#N/A","#N/A","#N/A"
51d52570-3a0f-40b2-974a-789ba965148c,"#N/A","#N/A",false,Web,"#N/A","#N/A",Medium,"#N/A",New,Subject_fejak,"#N/A","#N/A","#N/A","#N/A","#N/A"
51d54897-cdb7-422a-b4bb-1780404a75c5,"#N/A","#N/A",false,Web,"#N/A","#N/A",Medium,"#N/A",New,Subject_zetje,"#N/A","#N/A","#N/A","#N/A","#N/A"
51d82d96-9d5b-4281-b3ac-2291b2126c9d,"#N/A","#N/A",false,Web,"#N/A","#N/A",Medium,"#N/A",New,Subject_epwro,"#N/A","#N/A","#N/A","#N/A","#N/A"
51db691a-18bc-445a-8b81-6f4ff2a3607c,"#N/A","#N/A",false,Web,"#N/A","#N/A",Medium,"#N/A",New,Subject_umahz,"#N/A","#N/A","#N/A","#N/A","#N/A"
51ddfc48-a5f6-4938-9d8e-20cd7ce10228,"#N/A","#N/A",false,Web,"#N/A","#N/A",Medium,"#N/A",New,Subject_gqngy,"#N/A","#N/A","#N/A","#N/A","#N/A"
51dee6ed-5469-40d6-a6be-5521290fd9a0,"#N/A","#N/A",false,Web,"#N/A","#N/A",Medium,"#N/A",New,Subject_pojin,"#N/A","#N/A","#N/A","#N/A","#N/A"
51e12266-49ca-41cb-8d2e-0339f63af8b4,"#N/A","#N/A",false,Web,"#N/A","#N/A",Medium,"#N/A",New,Subject_zxgur,"#N/A","#N/A","#N/A","#N/A","#N/A"
51e81013-2a48-4bd5-8cca-5b43e551b182,"#N/A","#N/A",false,Web,"#N/A","#N/A",Medium,"#N/A",New,Subject_iqyls,"#N/A","#N/A","#N/A","#N/A","#N/A"
51ec1d6a-ea97-4b31-8e6b-b0f3942c7c00,"#N/A","#N/A",false,Web,"#N/A","#N/A",Medium,"#N/A",New,Subject_xtiet,"#N/A","#N/A","#N/A","#N/A","#N/A"
51ef08b5-884a-40b4-bd85-9f92d3b77553,"#N/A","#N/A",false,Web,"#N/A","#N/A",Medium,"#N/A",New,Subject_ehiaj,"#N/A","#N/A","#N/A","#N/A","#N/A"
51f00d1d-5b0a-4a6b-968f-522fc31b788b,"#N/A","#N/A",false,Web,"#N/A","#N/A",Medium,"#N/A",New,Subject_iesac,"#N/A","#N/A","#N/A","#N/A","#N/A"
51f08619-4b7d-47d7-9bb0-226e53cacf4a,"#N/A","#N/A",false,Web,"#N/A","#N/A",Medium,"#N/A",New,Subject_apbbp,"#N/A","#N/A","#N/A","#N/A","#N/A"
51f0a251-bd53-457f-8d11-a8480315bd23,"#N/A","#N/A",false,Web,"#N/A","#N/A",Medium,"#N/A",New,Subject_dojza,"#N/A","#N/A","#N/A","#N/A","#N/A"
51f72e66-9253-4c70-9537-e80902b141ad,"#N/A","#N/A",false,Web,"#N/A","#N/A",Medium,"#N/A",New,Subject_azyrf,"#N/A","#N/A","#N/A","#N/A","#N/A"
51f8b62f-6048-4bec-be2c-7ed102d72f3e,"#N/A","#N/A",false,Web,"#N/A","#N/A",Medium,"#N/A",New,Subject_vysfy,"#N/A","#N/A","#N/A","#N/A","#N/A"
51fa0133-19aa-4612-9915-103f34117948,"#N/A","#N/A",false,Web,"#N/A","#N/A",Medium,"#N/A",New,Subject_yavlw,"#N/A","#N/A","#N/A","#N/A","#N/A"
51ff2092-82b6-4a52-8901-1304947c52a9,"#N/A","#N/A",false,Web,"#N/A","#N/A",Medium,"#N/A",New,Subject_tacaw,"#N/A","#N/A","#N/A","#N/A","#N/A"
520017e9-1ef8-4eb1-92d2-2288c2d01f48,"#N/A","#N/A",false,Web,"#N/A","#N/A",Medium,"#N/A",New,Subject_anudk,"#N/A","#N/A","#N/A","#N/A","#N/A"
52009539-a12a-4ae9-9a7f-ffcd6e5c52bc,"#N/A","#N/A",false,Web,"#N/A","#N/A",Medium,"#N/A",New,Subject_ewpqa,"#N/A","#N/A","#N/A","#N/A","#N/A"
520236c5-a459-48dd-874c-b7c8378ae6a4,"#N/A","#N/A",false,Web,"#N/A","#N/A",Medium,"#N/A",New,Subject_lcghm,"#N/A","#N/A","#N/A","#N/A","#N/A"
52035776-c843-4aaa-89dd-ae50e9039867,"#N/A","#N/A",false,Web,"#N/A","#N/A",Medium,"#N/A",New,Subject_okbud,"#N/A","#N/A","#N/A","#N/A","#N/A"
5207fe85-b02a-48f1-8d80-2f1e63823839,"#N/A","#N/A",false,Web,"#N/A","#N/A",Medium,"#N/A",New,Subject_yoihu,"#N/A","#N/A","#N/A","#N/A","#N/A"
520d04ff-89b1-4cae-97d2-5dd97dc8866a,"#N/A","#N/A",false,Web,"#N/A","#N/A",Medium,"#N/A",New,Subject_wkarz,"#N/A","#N/A","#N/A","#N/A","#N/A"
520f90e0-4e1b-4ede-b32e-f3b0ce63187a,"#N/A","#N/A",false,Web,"#N/A","#N/A",Medium,"#N/A",New,Subject_ggwzx,"#N/A","#N/A","#N/A","#N/A","#N/A"
52102e35-210d-462d-9c00-dbc09d1d310c,"#N/A","#N/A",false,Web,"#N/A","#N/A",Medium,"#N/A",New,Subject_wzgdc,"#N/A","#N/A","#N/A","#N/A","#N/A"
52111276-1aba-46e3-8f13-ec965673ed54,"#N/A","#N/A",false,Web,"#N/A","#N/A",Medium,"#N/A",New,Subject_xrqmd,"#N/A","#N/A","#N/A","#N/A","#N/A"
52143061-ac12-4f08-95be-8a046501e8db,"#N/A","#N/A",false,Web,"#N/A","#N/A",Medium,"#N/A",New,Subject_rhvuf,"#N/A","#N/A","#N/A","#N/A","#N/A"
521c2e42-9451-4139-b7bc-4e5255b919dc,"#N/A","#N/A",false,Web,"#N/A","#N/A",Medium,"#N/A",New,Subject_mwiug,"#N/A","#N/A","#N/A","#N/A","#N/A"
521c3a49-35b3-4558-9c49-5f0e5c192dec,"#N/A","#N/A",false,Web,"#N/A","#N/A",Medium,"#N/A",New,Subject_nswkv,"#N/A","#N/A","#N/A","#N/A","#N/A"
521ce98c-73a4-40e5-91af-5b7c348dcd26,"#N/A","#N/A",false,Web,"#N/A","#N/A",Medium,"#N/A",New,Subject_atkoe,"#N/A","#N/A","#N/A","#N/A","#N/A"
521fa2ef-8abe-4fb3-969f-9d5eefd81079,"#N/A","#N/A",false,Web,"#N/A","#N/A",Medium,"#N/A",New,Subject_prmdm,"#N/A","#N/A","#N/A","#N/A","#N/A"
5225a31b-a87d-4670-8dba-57a1a0655995,"#N/A","#N/A",false,Web,"#N/A","#N/A",Medium,"#N/A",New,Subject_lctdh,"#N/A","#N/A","#N/A","#N/A","#N/A"
5226f920-f9ba-4992-927c-af83ab124140,"#N/A","#N/A",false,Web,"#N/A","#N/A",Medium,"#N/A",New,Subject_sljsv,"#N/A","#N/A","#N/A","#N/A","#N/A"
522ac4f2-8dc9-4f75-9d30-3680833dd4ac,"#N/A","#N/A",false,Web,"#N/A","#N/A",Medium,"#N/A",New,Subject_pffkj,"#N/A","#N/A","#N/A","#N/A","#N/A"
52336d5b-06ff-4758-82b5-96093b73a274,"#N/A","#N/A",false,Web,"#N/A","#N/A",Medium,"#N/A",New,Subject_hhijd,"#N/A","#N/A","#N/A","#N/A","#N/A"
523555e8-a648-4e98-b1d1-240bf673122e,"#N/A","#N/A",false,Web,"#N/A","#N/A",Medium,"#N/A",New,Subject_yuclj,"#N/A","#N/A","#N/A","#N/A","#N/A"
52356830-9078-46c5-926a-6bfb7f52569a,"#N/A","#N/A",false,Web,"#N/A","#N/A",Medium,"#N/A",New,Subject_rchqu,"#N/A","#N/A","#N/A","#N/A","#N/A"
5235df53-403d-4c0b-9a36-8dce154850d4,"#N/A","#N/A",false,Web,"#N/A","#N/A",Medium,"#N/A",New,Subject_rogaf,"#N/A","#N/A","#N/A","#N/A","#N/A"
523d0992-3a16-4fbc-b226-ee7523ae281a,"#N/A","#N/A",false,Web,"#N/A","#N/A",Medium,"#N/A",New,Subject_iwabk,"#N/A","#N/A","#N/A","#N/A","#N/A"
523de68a-ea04-4338-a2cd-f45cacf87e54,"#N/A","#N/A",false,Web,"#N/A","#N/A",Medium,"#N/A",New,Subject_xmkcb,"#N/A","#N/A","#N/A","#N/A","#N/A"
524252e3-d6c3-4c68-b539-500a57482e7a,"#N/A","#N/A",false,Web,"#N/A","#N/A",Medium,"#N/A",New,Subject_prgax,"#N/A","#N/A","#N/A","#N/A","#N/A"
52446e3b-2d12-40fe-b576-54d3c42995a7,"#N/A","#N/A",false,Web,"#N/A","#N/A",Medium,"#N/A",New,Subject_ripun,"#N/A","#N/A","#N/A","#N/A","#N/A"
524a5a60-3173-47cc-843b-590036a6c9de,"#N/A","#N/A",false,Web,"#N/A","#N/A",Medium,"#N/A",New,Subject_eblhe,"#N/A","#N/A","#N/A","#N/A","#N/A"
524fec32-bbeb-49ff-9a51-d6468ff529c9,"#N/A","#N/A",false,Web,"#N/A","#N/A",Medium,"#N/A",New,Subject_hduff,"#N/A","#N/A","#N/A","#N/A","#N/A"
5250fcd4-eb07-43c1-8ec5-194df085aaf7,"#N/A","#N/A",false,Web,"#N/A","#N/A",Medium,"#N/A",New,Subject_opheh,"#N/A","#N/A","#N/A","#N/A","#N/A"
5254450d-4bd6-40e5-a85a-de9901d55265,"#N/A","#N/A",false,Web,"#N/A","#N/A",Medium,"#N/A",New,Subject_wulka,"#N/A","#N/A","#N/A","#N/A","#N/A"
52549c26-ddd9-450b-b5d5-84181fde808b,"#N/A","#N/A",false,Web,"#N/A","#N/A",Medium,"#N/A",New,Subject_zxdmw,"#N/A","#N/A","#N/A","#N/A","#N/A"
525bf9d8-a60d-4eb6-b918-d40932eadd8d,"#N/A","#N/A",false,Web,"#N/A","#N/A",Medium,"#N/A",New,Subject_anekq,"#N/A","#N/A","#N/A","#N/A","#N/A"
525d14a2-47a4-4ad7-beef-e3f24a91f8c3,"#N/A","#N/A",false,Web,"#N/A","#N/A",Medium,"#N/A",New,Subject_ogskz,"#N/A","#N/A","#N/A","#N/A","#N/A"
525f2040-996b-4aa1-9d51-f4fbb0816e17,"#N/A","#N/A",false,Web,"#N/A","#N/A",Medium,"#N/A",New,Subject_iqegn,"#N/A","#N/A","#N/A","#N/A","#N/A"
5262707a-d880-4563-8c29-83b30bd5e910,"#N/A","#N/A",false,Web,"#N/A","#N/A",Medium,"#N/A",New,Subject_jwoty,"#N/A","#N/A","#N/A","#N/A","#N/A"
526c3d33-f36f-4a27-8f7c-233bedd39b00,"#N/A","#N/A",false,Web,"#N/A","#N/A",Medium,"#N/A",New,Subject_glexv,"#N/A","#N/A","#N/A","#N/A","#N/A"
526eb751-dad0-43a4-9625-10821b3bf0a2,"#N/A","#N/A",false,Web,"#N/A","#N/A",Medium,"#N/A",New,Subject_bdsuj,"#N/A","#N/A","#N/A","#N/A","#N/A"
526ec564-2388-420f-8f48-517e0a3d1ef4,"#N/A","#N/A",false,Web,"#N/A","#N/A",Medium,"#N/A",New,Subject_fgfik,"#N/A","#N/A","#N/A","#N/A","#N/A"
5273f675-4da8-4fbf-b022-7a4daeebf32e,"#N/A","#N/A",false,Web,"#N/A","#N/A",Medium,"#N/A",New,Subject_daoug,"#N/A","#N/A","#N/A","#N/A","#N/A"
527c87fd-b1d7-4848-8440-9f658fddda7b,"#N/A","#N/A",false,Web,"#N/A","#N/A",Medium,"#N/A",New,Subject_xrvep,"#N/A","#N/A","#N/A","#N/A","#N/A"
527c9db1-d115-48e2-b640-fbbe28228246,"#N/A","#N/A",false,Web,"#N/A","#N/A",Medium,"#N/A",New,Subject_lmztv,"#N/A","#N/A","#N/A","#N/A","#N/A"
5283bcb6-ad56-4134-b384-6349881e2d41,"#N/A","#N/A",false,Web,"#N/A","#N/A",Medium,"#N/A",New,Subject_wzwuc,"#N/A","#N/A","#N/A","#N/A","#N/A"
528486a8-a946-465e-825c-138a19b71ea2,"#N/A","#N/A",false,Web,"#N/A","#N/A",Medium,"#N/A",New,Subject_bjtmd,"#N/A","#N/A","#N/A","#N/A","#N/A"
5284cd74-5652-4cad-9a7e-56dc5d335a1c,"#N/A","#N/A",false,Web,"#N/A","#N/A",Medium,"#N/A",New,Subject_olxgm,"#N/A","#N/A","#N/A","#N/A","#N/A"
528756d6-fe3f-4f96-9b20-8942dd4614f6,"#N/A","#N/A",false,Web,"#N/A","#N/A",Medium,"#N/A",New,Subject_gklps,"#N/A","#N/A","#N/A","#N/A","#N/A"
528987e3-6ea5-4d53-8c33-9ab0a1f3a0a6,"#N/A","#N/A",false,Web,"#N/A","#N/A",Medium,"#N/A",New,Subject_telzw,"#N/A","#N/A","#N/A","#N/A","#N/A"
529117f8-b62d-451e-8d85-419d96e72235,"#N/A","#N/A",false,Web,"#N/A","#N/A",Medium,"#N/A",New,Subject_vxbje,"#N/A","#N/A","#N/A","#N/A","#N/A"
52969368-c69b-49aa-8841-3058b6298767,"#N/A","#N/A",false,Web,"#N/A","#N/A",Medium,"#N/A",New,Subject_flffh,"#N/A","#N/A","#N/A","#N/A","#N/A"
5296bb7c-9b8e-410a-9580-d7e6a032fc0f,"#N/A","#N/A",false,Web,"#N/A","#N/A",Medium,"#N/A",New,Subject_tnujg,"#N/A","#N/A","#N/A","#N/A","#N/A"
529b4844-a7b1-46a5-811c-de4cb101686a,"#N/A","#N/A",false,Web,"#N/A","#N/A",Medium,"#N/A",New,Subject_bzcpc,"#N/A","#N/A","#N/A","#N/A","#N/A"
529ebff5-8160-44e3-8e9d-128eb234a3af,"#N/A","#N/A",false,Web,"#N/A","#N/A",Medium,"#N/A",New,Subject_cizyc,"#N/A","#N/A","#N/A","#N/A","#N/A"
529f6a6c-a1e5-439c-bf0a-4e557d0fe440,"#N/A","#N/A",false,Web,"#N/A","#N/A",Medium,"#N/A",New,Subject_pkjim,"#N/A","#N/A","#N/A","#N/A","#N/A"
52a19db3-288b-44d6-bc3d-aeb731316f65,"#N/A","#N/A",false,Web,"#N/A","#N/A",Medium,"#N/A",New,Subject_eewhb,"#N/A","#N/A","#N/A","#N/A","#N/A"
52a6b76b-ff47-4db9-ac9f-26bdfed63aeb,"#N/A","#N/A",false,Web,"#N/A","#N/A",Medium,"#N/A",New,Subject_sqciu,"#N/A","#N/A","#N/A","#N/A","#N/A"
52aaa446-51ae-4a4e-8eea-a2b2baec3a15,"#N/A","#N/A",false,Web,"#N/A","#N/A",Medium,"#N/A",New,Subject_fkmzt,"#N/A","#N/A","#N/A","#N/A","#N/A"
52ac77fd-c93d-407b-978b-7f6f41870175,"#N/A","#N/A",false,Web,"#N/A","#N/A",Medium,"#N/A",New,Subject_ujqcv,"#N/A","#N/A","#N/A","#N/A","#N/A"
52aca18d-0ba4-404d-850b-f9474cf60c62,"#N/A","#N/A",false,Web,"#N/A","#N/A",Medium,"#N/A",New,Subject_ixwwa,"#N/A","#N/A","#N/A","#N/A","#N/A"
52af6e59-f123-4957-a8ff-999282cfdb7d,"#N/A","#N/A",false,Web,"#N/A","#N/A",Medium,"#N/A",New,Subject_qneti,"#N/A","#N/A","#N/A","#N/A","#N/A"
52b08ba8-6709-4f35-b0bf-cd2209243afd,"#N/A","#N/A",false,Web,"#N/A","#N/A",Medium,"#N/A",New,Subject_gfoko,"#N/A","#N/A","#N/A","#N/A","#N/A"
52b3a638-194c-4dbe-8871-db531b2349d8,"#N/A","#N/A",false,Web,"#N/A","#N/A",Medium,"#N/A",New,Subject_afcap,"#N/A","#N/A","#N/A","#N/A","#N/A"
52b4c391-6d3a-4971-b1ae-8aeefb98e42f,"#N/A","#N/A",false,Web,"#N/A","#N/A",Medium,"#N/A",New,Subject_mpxfm,"#N/A","#N/A","#N/A","#N/A","#N/A"
52b7a650-8e5f-4cb9-a388-bd0a20971a31,"#N/A","#N/A",false,Web,"#N/A","#N/A",Medium,"#N/A",New,Subject_hkjln,"#N/A","#N/A","#N/A","#N/A","#N/A"
52bbe70b-c630-4c11-97dd-969546a429f5,"#N/A","#N/A",false,Web,"#N/A","#N/A",Medium,"#N/A",New,Subject_fhflg,"#N/A","#N/A","#N/A","#N/A","#N/A"
52bc05a3-e14b-4915-95d0-0a4ffb0ff704,"#N/A","#N/A",false,Web,"#N/A","#N/A",Medium,"#N/A",New,Subject_pycps,"#N/A","#N/A","#N/A","#N/A","#N/A"
52beac08-3b37-470c-b606-887166932cdc,"#N/A","#N/A",false,Web,"#N/A","#N/A",Medium,"#N/A",New,Subject_dvjax,"#N/A","#N/A","#N/A","#N/A","#N/A"
52c7eed2-9546-460b-bbdd-a6b863792d39,"#N/A","#N/A",false,Web,"#N/A","#N/A",Medium,"#N/A",New,Subject_ogskz,"#N/A","#N/A","#N/A","#N/A","#N/A"
52ccb2f5-460b-4b37-b768-174322bf095c,"#N/A","#N/A",false,Web,"#N/A","#N/A",Medium,"#N/A",New,Subject_lpebc,"#N/A","#N/A","#N/A","#N/A","#N/A"
52cdc259-357c-4727-a954-59b02db994fa,"#N/A","#N/A",false,Web,"#N/A","#N/A",Medium,"#N/A",New,Subject_hykol,"#N/A","#N/A","#N/A","#N/A","#N/A"
52d4c0d9-c2eb-4c09-9270-b58aa72c40cc,"#N/A","#N/A",false,Web,"#N/A","#N/A",Medium,"#N/A",New,Subject_mzkdm,"#N/A","#N/A","#N/A","#N/A","#N/A"
52d4c64f-6d63-4ffd-83de-50e80001724c,"#N/A","#N/A",false,Web,"#N/A","#N/A",Medium,"#N/A",New,Subject_fcald,"#N/A","#N/A","#N/A","#N/A","#N/A"
52d4dfb5-d7d5-4abb-b8f1-76b34cde68b4,"#N/A","#N/A",false,Web,"#N/A","#N/A",Medium,"#N/A",New,Subject_zqoyo,"#N/A","#N/A","#N/A","#N/A","#N/A"
52dd481e-0a95-450a-8320-ea841cffc26c,"#N/A","#N/A",false,Web,"#N/A","#N/A",Medium,"#N/A",New,Subject_dswvz,"#N/A","#N/A","#N/A","#N/A","#N/A"
52dd6016-fd75-4112-a71c-8f25886dd8ed,"#N/A","#N/A",false,Web,"#N/A","#N/A",Medium,"#N/A",New,Subject_ljtya,"#N/A","#N/A","#N/A","#N/A","#N/A"
52dea375-c593-4e45-9830-c5f0bda87ce4,"#N/A","#N/A",false,Web,"#N/A","#N/A",Medium,"#N/A",New,Subject_ykqym,"#N/A","#N/A","#N/A","#N/A","#N/A"
52e6ae4d-9a51-4b15-a4f5-664e06409b85,"#N/A","#N/A",false,Web,"#N/A","#N/A",Medium,"#N/A",New,Subject_gyhqn,"#N/A","#N/A","#N/A","#N/A","#N/A"
52e747ec-bdbf-4e3b-b29b-29a1d15317b7,"#N/A","#N/A",false,Web,"#N/A","#N/A",Medium,"#N/A",New,Subject_qffsd,"#N/A","#N/A","#N/A","#N/A","#N/A"
52ecb5c7-4969-4f97-a66f-31906c0080e0,"#N/A","#N/A",false,Web,"#N/A","#N/A",Medium,"#N/A",New,Subject_vrbni,"#N/A","#N/A","#N/A","#N/A","#N/A"
52ef505d-e6d5-4911-810a-cdb9cf04e3c7,"#N/A","#N/A",false,Web,"#N/A","#N/A",Medium,"#N/A",New,Subject_uiyev,"#N/A","#N/A","#N/A","#N/A","#N/A"
52f22a43-e510-4f40-b7e4-e60795f75763,"#N/A","#N/A",false,Web,"#N/A","#N/A",Medium,"#N/A",New,Subject_whxsl,"#N/A","#N/A","#N/A","#N/A","#N/A"
52f34c40-91ea-4298-9baf-f8a5c7b67ac4,"#N/A","#N/A",false,Web,"#N/A","#N/A",Medium,"#N/A",New,Subject_kdqmz,"#N/A","#N/A","#N/A","#N/A","#N/A"
52f4a56a-0c59-44cc-a8bc-3e065fc760c7,"#N/A","#N/A",false,Web,"#N/A","#N/A",Medium,"#N/A",New,Subject_ritdb,"#N/A","#N/A","#N/A","#N/A","#N/A"
52f8eaf5-0db5-49b3-ae22-795c050467de,"#N/A","#N/A",false,Web,"#N/A","#N/A",Medium,"#N/A",New,Subject_lvsbn,"#N/A","#N/A","#N/A","#N/A","#N/A"
52fb601d-0d11-4f8a-8b92-02b6dbd2af32,"#N/A","#N/A",false,Web,"#N/A","#N/A",Medium,"#N/A",New,Subject_pajww,"#N/A","#N/A","#N/A","#N/A","#N/A"
52fd3e79-6c6e-4795-8e05-edc132a13cc9,"#N/A","#N/A",false,Web,"#N/A","#N/A",Medium,"#N/A",New,Subject_hrryy,"#N/A","#N/A","#N/A","#N/A","#N/A"
52fff010-8793-4323-80e7-83217141963b,"#N/A","#N/A",false,Web,"#N/A","#N/A",Medium,"#N/A",New,Subject_kagax,"#N/A","#N/A","#N/A","#N/A","#N/A"
53016ec1-b834-4359-b5fc-892c06c8a931,"#N/A","#N/A",false,Web,"#N/A","#N/A",Medium,"#N/A",New,Subject_pxvsf,"#N/A","#N/A","#N/A","#N/A","#N/A"
53084228-1496-4cc0-ad72-fb2c7073f376,"#N/A","#N/A",false,Web,"#N/A","#N/A",Medium,"#N/A",New,Subject_ghyqn,"#N/A","#N/A","#N/A","#N/A","#N/A"
530a5f6b-9374-4147-93c0-1105709933a0,"#N/A","#N/A",false,Web,"#N/A","#N/A",Medium,"#N/A",New,Subject_nfnvq,"#N/A","#N/A","#N/A","#N/A","#N/A"
530b9663-27ac-421e-b3c9-9b09b344c013,"#N/A","#N/A",false,Web,"#N/A","#N/A",Medium,"#N/A",New,Subject_fwdui,"#N/A","#N/A","#N/A","#N/A","#N/A"
530c9bc8-46a5-4d88-be7d-6ea1936e5bd6,"#N/A","#N/A",false,Web,"#N/A","#N/A",Medium,"#N/A",New,Subject_aepgi,"#N/A","#N/A","#N/A","#N/A","#N/A"
530d37ed-53d0-4ac6-b889-1789dc2372b7,"#N/A","#N/A",false,Web,"#N/A","#N/A",Medium,"#N/A",New,Subject_nsuat,"#N/A","#N/A","#N/A","#N/A","#N/A"
53124c66-ac05-4b94-8cc2-d904fc671736,"#N/A","#N/A",false,Web,"#N/A","#N/A",Medium,"#N/A",New,Subject_duqpl,"#N/A","#N/A","#N/A","#N/A","#N/A"
53134843-1f70-4d0e-b388-c9549a935c7f,"#N/A","#N/A",false,Web,"#N/A","#N/A",Medium,"#N/A",New,Subject_sifto,"#N/A","#N/A","#N/A","#N/A","#N/A"
5315d3a0-783d-4323-89dc-7bca12d3f2b0,"#N/A","#N/A",false,Web,"#N/A","#N/A",Medium,"#N/A",New,Subject_msgzm,"#N/A","#N/A","#N/A","#N/A","#N/A"
5318e028-5d8e-4edc-9cd3-6e14e7e87dae,"#N/A","#N/A",false,Web,"#N/A","#N/A",Medium,"#N/A",New,Subject_tgxqs,"#N/A","#N/A","#N/A","#N/A","#N/A"
53198c21-6313-45fd-87a3-6a1c9d2f537c,"#N/A","#N/A",false,Web,"#N/A","#N/A",Medium,"#N/A",New,Subject_oxhys,"#N/A","#N/A","#N/A","#N/A","#N/A"
531e6ea4-81b2-4320-8f33-62a1c784083d,"#N/A","#N/A",false,Web,"#N/A","#N/A",Medium,"#N/A",New,Subject_saudf,"#N/A","#N/A","#N/A","#N/A","#N/A"
5326bdcd-a811-482f-83cb-9f1f8e445821,"#N/A","#N/A",false,Web,"#N/A","#N/A",Medium,"#N/A",New,Subject_obvax,"#N/A","#N/A","#N/A","#N/A","#N/A"
53272345-904e-49e3-a659-970bbe1bbdbf,"#N/A","#N/A",false,Web,"#N/A","#N/A",Medium,"#N/A",New,Subject_bencd,"#N/A","#N/A","#N/A","#N/A","#N/A"
53285fa6-5bb4-4778-b1c2-af816fe093df,"#N/A","#N/A",false,Web,"#N/A","#N/A",Medium,"#N/A",New,Subject_imuwf,"#N/A","#N/A","#N/A","#N/A","#N/A"
5334b200-9ede-45c5-a569-24b42bdd680c,"#N/A","#N/A",false,Web,"#N/A","#N/A",Medium,"#N/A",New,Subject_rxhqi,"#N/A","#N/A","#N/A","#N/A","#N/A"
5338d293-4560-4bfd-ae06-a7afe89eaecc,"#N/A","#N/A",false,Web,"#N/A","#N/A",Medium,"#N/A",New,Subject_renmq,"#N/A","#N/A","#N/A","#N/A","#N/A"
533ce040-4d52-4c14-8012-e54f5d32cdfb,"#N/A","#N/A",false,Web,"#N/A","#N/A",Medium,"#N/A",New,Subject_bnllq,"#N/A","#N/A","#N/A","#N/A","#N/A"
533eb73b-e7c8-43f6-bbc4-14e384d070e8,"#N/A","#N/A",false,Web,"#N/A","#N/A",Medium,"#N/A",New,Subject_obaye,"#N/A","#N/A","#N/A","#N/A","#N/A"
53441bf0-1019-4319-b10b-d3e290e37313,"#N/A","#N/A",false,Web,"#N/A","#N/A",Medium,"#N/A",New,Subject_crton,"#N/A","#N/A","#N/A","#N/A","#N/A"
5347552c-0a2c-4730-8f9d-b585d63d7a78,"#N/A","#N/A",false,Web,"#N/A","#N/A",Medium,"#N/A",New,Subject_ujkxw,"#N/A","#N/A","#N/A","#N/A","#N/A"
534ec937-aa04-4ab0-8615-1e413fdbe3c6,"#N/A","#N/A",false,Web,"#N/A","#N/A",Medium,"#N/A",New,Subject_xqeih,"#N/A","#N/A","#N/A","#N/A","#N/A"
534f80cd-80f6-48c3-bfba-5c3e2b0ef602,"#N/A","#N/A",false,Web,"#N/A","#N/A",Medium,"#N/A",New,Subject_nhzce,"#N/A","#N/A","#N/A","#N/A","#N/A"
534fc1e1-238f-42f0-8bc3-d7dd1626bd6e,"#N/A","#N/A",false,Web,"#N/A","#N/A",Medium,"#N/A",New,Subject_qhkrx,"#N/A","#N/A","#N/A","#N/A","#N/A"
53532992-0af0-4912-a72d-0ba6735954ee,"#N/A","#N/A",false,Web,"#N/A","#N/A",Medium,"#N/A",New,Subject_wvlhq,"#N/A","#N/A","#N/A","#N/A","#N/A"
53569751-bb2f-412a-a7f7-d57218065ca1,"#N/A","#N/A",false,Web,"#N/A","#N/A",Medium,"#N/A",New,Subject_fimhi,"#N/A","#N/A","#N/A","#N/A","#N/A"
53599f95-527d-44fa-86b7-91fab83809ac,"#N/A","#N/A",false,Web,"#N/A","#N/A",Medium,"#N/A",New,Subject_idznz,"#N/A","#N/A","#N/A","#N/A","#N/A"
535a6e1a-ec9d-4b7b-8ea1-cded0d12101c,"#N/A","#N/A",false,Web,"#N/A","#N/A",Medium,"#N/A",New,Subject_douoa,"#N/A","#N/A","#N/A","#N/A","#N/A"
535e372f-f09b-47e5-981f-c13f061ecdc3,"#N/A","#N/A",false,Web,"#N/A","#N/A",Medium,"#N/A",New,Subject_bolxi,"#N/A","#N/A","#N/A","#N/A","#N/A"
5361bf90-e7e1-47b0-b92d-e225a81a7884,"#N/A","#N/A",false,Web,"#N/A","#N/A",Medium,"#N/A",New,Subject_ayxpp,"#N/A","#N/A","#N/A","#N/A","#N/A"
53631a4a-3ab3-4197-af49-7ebb36603bf0,"#N/A","#N/A",false,Web,"#N/A","#N/A",Medium,"#N/A",New,Subject_ylcey,"#N/A","#N/A","#N/A","#N/A","#N/A"
5364ad0d-fbc8-4ffc-b8ac-bc7a3d598f1e,"#N/A","#N/A",false,Web,"#N/A","#N/A",Medium,"#N/A",New,Subject_dfwkw,"#N/A","#N/A","#N/A","#N/A","#N/A"
536689a9-55ab-41ba-b8f9-fee48bd388d2,"#N/A","#N/A",false,Web,"#N/A","#N/A",Medium,"#N/A",New,Subject_vfigc,"#N/A","#N/A","#N/A","#N/A","#N/A"
536705dc-6121-45be-8268-7da786db87f0,"#N/A","#N/A",false,Web,"#N/A","#N/A",Medium,"#N/A",New,Subject_zvkyd,"#N/A","#N/A","#N/A","#N/A","#N/A"
536711ed-819c-4897-a25c-db7f58242e1f,"#N/A","#N/A",false,Web,"#N/A","#N/A",Medium,"#N/A",New,Subject_rqmpy,"#N/A","#N/A","#N/A","#N/A","#N/A"
536761d3-e581-4931-a424-25dd1363c15a,"#N/A","#N/A",false,Web,"#N/A","#N/A",Medium,"#N/A",New,Subject_wxktc,"#N/A","#N/A","#N/A","#N/A","#N/A"
536a95de-9be3-4db9-a42c-70f209415bb6,"#N/A","#N/A",false,Web,"#N/A","#N/A",Medium,"#N/A",New,Subject_hodsu,"#N/A","#N/A","#N/A","#N/A","#N/A"
536bb760-a739-4d43-8dc8-009b33500490,"#N/A","#N/A",false,Web,"#N/A","#N/A",Medium,"#N/A",New,Subject_kpplc,"#N/A","#N/A","#N/A","#N/A","#N/A"
53722ffe-5932-4ff7-89f4-b79cbd6054dd,"#N/A","#N/A",false,Web,"#N/A","#N/A",Medium,"#N/A",New,Subject_vnosa,"#N/A","#N/A","#N/A","#N/A","#N/A"
5373396b-b1ec-4b38-9788-d6b673fdab55,"#N/A","#N/A",false,Web,"#N/A","#N/A",Medium,"#N/A",New,Subject_bsvfh,"#N/A","#N/A","#N/A","#N/A","#N/A"
537892e8-03b8-464b-abd3-07f8fe75e6d1,"#N/A","#N/A",false,Web,"#N/A","#N/A",Medium,"#N/A",New,Subject_zjxwj,"#N/A","#N/A","#N/A","#N/A","#N/A"
5379288e-0668-4fd5-b49b-77b9d9a037ed,"#N/A","#N/A",false,Web,"#N/A","#N/A",Medium,"#N/A",New,Subject_zeacl,"#N/A","#N/A","#N/A","#N/A","#N/A"
537cb465-0d1c-49c2-bec6-8e123e81e0c0,"#N/A","#N/A",false,Web,"#N/A","#N/A",Medium,"#N/A",New,Subject_cihsi,"#N/A","#N/A","#N/A","#N/A","#N/A"
537f87d1-24b0-4b48-8d92-085d59bf199b,"#N/A","#N/A",false,Web,"#N/A","#N/A",Medium,"#N/A",New,Subject_ddjrf,"#N/A","#N/A","#N/A","#N/A","#N/A"
5381e64a-ffc8-418c-8416-2a41872abd2d,"#N/A","#N/A",false,Web,"#N/A","#N/A",Medium,"#N/A",New,Subject_svimn,"#N/A","#N/A","#N/A","#N/A","#N/A"
5383cfda-e958-44a5-b78b-caa434bac960,"#N/A","#N/A",false,Web,"#N/A","#N/A",Medium,"#N/A",New,Subject_fhkgt,"#N/A","#N/A","#N/A","#N/A","#N/A"
538665de-af55-4e90-95cf-6d375ba1faf4,"#N/A","#N/A",false,Web,"#N/A","#N/A",Medium,"#N/A",New,Subject_ulaim,"#N/A","#N/A","#N/A","#N/A","#N/A"
538a3552-a28b-4df3-bca6-acda5ea3cb1c,"#N/A","#N/A",false,Web,"#N/A","#N/A",Medium,"#N/A",New,Subject_hwecr,"#N/A","#N/A","#N/A","#N/A","#N/A"
538aa486-cd59-4a97-a8ee-95b626fc2c5e,"#N/A","#N/A",false,Web,"#N/A","#N/A",Medium,"#N/A",New,Subject_funlr,"#N/A","#N/A","#N/A","#N/A","#N/A"
538ca8b8-7906-446f-b60e-20fa06084132,"#N/A","#N/A",false,Web,"#N/A","#N/A",Medium,"#N/A",New,Subject_athtz,"#N/A","#N/A","#N/A","#N/A","#N/A"
5390ce43-5ed0-4825-9695-9e2559a3718d,"#N/A","#N/A",false,Web,"#N/A","#N/A",Medium,"#N/A",New,Subject_uakxl,"#N/A","#N/A","#N/A","#N/A","#N/A"
5392daaa-1091-4565-91b5-99e7b5034e3e,"#N/A","#N/A",false,Web,"#N/A","#N/A",Medium,"#N/A",New,Subject_glfkg,"#N/A","#N/A","#N/A","#N/A","#N/A"
53938001-e7ea-417e-81f9-71e343998cbc,"#N/A","#N/A",false,Web,"#N/A","#N/A",Medium,"#N/A",New,Subject_vclqu,"#N/A","#N/A","#N/A","#N/A","#N/A"
53994bbd-6bec-457f-8253-f49e7d806f14,"#N/A","#N/A",false,Web,"#N/A","#N/A",Medium,"#N/A",New,Subject_bxdwd,"#N/A","#N/A","#N/A","#N/A","#N/A"
539c8c81-bf4d-4194-b486-f89d8b7b0b71,"#N/A","#N/A",false,Web,"#N/A","#N/A",Medium,"#N/A",New,Subject_kicyb,"#N/A","#N/A","#N/A","#N/A","#N/A"
539efae6-fa7d-4aca-bfbb-2e7dbb9a8158,"#N/A","#N/A",false,Web,"#N/A","#N/A",Medium,"#N/A",New,Subject_kxzov,"#N/A","#N/A","#N/A","#N/A","#N/A"
53a030c5-2af2-43cb-828a-53ab2bcbc753,"#N/A","#N/A",false,Web,"#N/A","#N/A",Medium,"#N/A",New,Subject_voosy,"#N/A","#N/A","#N/A","#N/A","#N/A"
53a83936-9b58-436e-b66c-85d7ae8e8fd2,"#N/A","#N/A",false,Web,"#N/A","#N/A",Medium,"#N/A",New,Subject_kdhqj,"#N/A","#N/A","#N/A","#N/A","#N/A"
53a9f467-6bc6-419d-8d21-9c1b92fec198,"#N/A","#N/A",false,Web,"#N/A","#N/A",Medium,"#N/A",New,Subject_pasyx,"#N/A","#N/A","#N/A","#N/A","#N/A"
53aafd0d-0293-4a31-be6d-ffe9f16a18e0,"#N/A","#N/A",false,Web,"#N/A","#N/A",Medium,"#N/A",New,Subject_kteby,"#N/A","#N/A","#N/A","#N/A","#N/A"
53ab98b0-3099-4ecd-b0a0-3202b44e1e15,"#N/A","#N/A",false,Web,"#N/A","#N/A",Medium,"#N/A",New,Subject_xgkhs,"#N/A","#N/A","#N/A","#N/A","#N/A"
53aec744-6b0e-48cf-a770-a4b2240a658e,"#N/A","#N/A",false,Web,"#N/A","#N/A",Medium,"#N/A",New,Subject_krswp,"#N/A","#N/A","#N/A","#N/A","#N/A"
53af554f-e738-4b10-b397-b33d2fbefca2,"#N/A","#N/A",false,Web,"#N/A","#N/A",Medium,"#N/A",New,Subject_hzwqr,"#N/A","#N/A","#N/A","#N/A","#N/A"
53b3a5fa-a161-4fce-8a57-b929cfceef36,"#N/A","#N/A",false,Web,"#N/A","#N/A",Medium,"#N/A",New,Subject_egysu,"#N/A","#N/A","#N/A","#N/A","#N/A"
53b4daaf-00a1-4b82-9b28-6fa14fc8fd25,"#N/A","#N/A",false,Web,"#N/A","#N/A",Medium,"#N/A",New,Subject_uscub,"#N/A","#N/A","#N/A","#N/A","#N/A"
53b7540f-a9c1-4ec0-b940-68e00cb1736d,"#N/A","#N/A",false,Web,"#N/A","#N/A",Medium,"#N/A",New,Subject_azutg,"#N/A","#N/A","#N/A","#N/A","#N/A"
53ba9457-2b8a-4451-a363-d044c36c7886,"#N/A","#N/A",false,Web,"#N/A","#N/A",Medium,"#N/A",New,Subject_dtodv,"#N/A","#N/A","#N/A","#N/A","#N/A"
53bba6d8-4f07-40db-b056-c32cdb8c8673,"#N/A","#N/A",false,Web,"#N/A","#N/A",Medium,"#N/A",New,Subject_fhayc,"#N/A","#N/A","#N/A","#N/A","#N/A"
53ce8660-094f-4c67-a044-3c8c01d6b38c,"#N/A","#N/A",false,Web,"#N/A","#N/A",Medium,"#N/A",New,Subject_fyyku,"#N/A","#N/A","#N/A","#N/A","#N/A"
53cfada5-263a-452e-81ca-31a1aca95f33,"#N/A","#N/A",false,Web,"#N/A","#N/A",Medium,"#N/A",New,Subject_lbvkj,"#N/A","#N/A","#N/A","#N/A","#N/A"
53cfcc2a-2871-4924-8e63-af85478f6120,"#N/A","#N/A",false,Web,"#N/A","#N/A",Medium,"#N/A",New,Subject_bwvkr,"#N/A","#N/A","#N/A","#N/A","#N/A"
53d073fe-ae2b-46ac-8842-1f06d327c713,"#N/A","#N/A",false,Web,"#N/A","#N/A",Medium,"#N/A",New,Subject_ehshy,"#N/A","#N/A","#N/A","#N/A","#N/A"
53d68660-2820-493e-9403-bea3571c9dbb,"#N/A","#N/A",false,Web,"#N/A","#N/A",Medium,"#N/A",New,Subject_ynllg,"#N/A","#N/A","#N/A","#N/A","#N/A"
53d892fa-dd18-46cf-8222-725e386770c3,"#N/A","#N/A",false,Web,"#N/A","#N/A",Medium,"#N/A",New,Subject_yuplv,"#N/A","#N/A","#N/A","#N/A","#N/A"
53dac389-8def-43ee-b51e-165c30e9cb09,"#N/A","#N/A",false,Web,"#N/A","#N/A",Medium,"#N/A",New,Subject_mtvgt,"#N/A","#N/A","#N/A","#N/A","#N/A"
53dadbfb-a02a-4c76-ac2a-e444bb87ebf9,"#N/A","#N/A",false,Web,"#N/A","#N/A",Medium,"#N/A",New,Subject_kvzeb,"#N/A","#N/A","#N/A","#N/A","#N/A"
53de111f-b97e-4294-b322-630c34965356,"#N/A","#N/A",false,Web,"#N/A","#N/A",Medium,"#N/A",New,Subject_nyejg,"#N/A","#N/A","#N/A","#N/A","#N/A"
53e1309f-00c7-4239-9be7-3914be1faf9f,"#N/A","#N/A",false,Web,"#N/A","#N/A",Medium,"#N/A",New,Subject_mcliz,"#N/A","#N/A","#N/A","#N/A","#N/A"
53e35bdd-e1a4-4946-a42b-382c772d63a6,"#N/A","#N/A",false,Web,"#N/A","#N/A",Medium,"#N/A",New,Subject_pvayk,"#N/A","#N/A","#N/A","#N/A","#N/A"
53e84383-cc70-4982-b8ee-048102e1e662,"#N/A","#N/A",false,Web,"#N/A","#N/A",Medium,"#N/A",New,Subject_nqsuk,"#N/A","#N/A","#N/A","#N/A","#N/A"
53eb9060-fd5c-43f5-8809-2a048c0ac147,"#N/A","#N/A",false,Web,"#N/A","#N/A",Medium,"#N/A",New,Subject_uspau,"#N/A","#N/A","#N/A","#N/A","#N/A"
53f18d6b-4b73-4d1d-827d-2ef4f6999388,"#N/A","#N/A",false,Web,"#N/A","#N/A",Medium,"#N/A",New,Subject_vtbbx,"#N/A","#N/A","#N/A","#N/A","#N/A"
53f1aab9-e044-4913-8d4d-98eb131afb6f,"#N/A","#N/A",false,Web,"#N/A","#N/A",Medium,"#N/A",New,Subject_pxjla,"#N/A","#N/A","#N/A","#N/A","#N/A"
53f1cb14-2408-4123-bff7-d9d7fec9b90d,"#N/A","#N/A",false,Web,"#N/A","#N/A",Medium,"#N/A",New,Subject_gfskp,"#N/A","#N/A","#N/A","#N/A","#N/A"
53f1e2c2-47fb-4f93-a3d5-6de09493d1eb,"#N/A","#N/A",false,Web,"#N/A","#N/A",Medium,"#N/A",New,Subject_mthmx,"#N/A","#N/A","#N/A","#N/A","#N/A"
53f2f758-263b-4f69-a6b2-d446298189ef,"#N/A","#N/A",false,Web,"#N/A","#N/A",Medium,"#N/A",New,Subject_kgkbf,"#N/A","#N/A","#N/A","#N/A","#N/A"
53f48c0f-5fd1-4908-89fa-7b48c81c29ce,"#N/A","#N/A",false,Web,"#N/A","#N/A",Medium,"#N/A",New,Subject_fyqkq,"#N/A","#N/A","#N/A","#N/A","#N/A"
53f8676a-0aac-4401-acf9-67469e608e9c,"#N/A","#N/A",false,Web,"#N/A","#N/A",Medium,"#N/A",New,Subject_nplbd,"#N/A","#N/A","#N/A","#N/A","#N/A"
53fb62c1-0ae7-4c09-a6ee-381efae60830,"#N/A","#N/A",false,Web,"#N/A","#N/A",Medium,"#N/A",New,Subject_huhjo,"#N/A","#N/A","#N/A","#N/A","#N/A"
5400ae2a-84b9-41e5-af1e-c899611e2408,"#N/A","#N/A",false,Web,"#N/A","#N/A",Medium,"#N/A",New,Subject_fghzp,"#N/A","#N/A","#N/A","#N/A","#N/A"
54041587-8b2a-4192-8eb7-8b1e4192cdf0,"#N/A","#N/A",false,Web,"#N/A","#N/A",Medium,"#N/A",New,Subject_dllhl,"#N/A","#N/A","#N/A","#N/A","#N/A"
54062ef0-92fd-48f6-98d0-988e24070494,"#N/A","#N/A",false,Web,"#N/A","#N/A",Medium,"#N/A",New,Subject_tbcud,"#N/A","#N/A","#N/A","#N/A","#N/A"
54064b82-370e-4278-aeb7-aa4e7060e926,"#N/A","#N/A",false,Web,"#N/A","#N/A",Medium,"#N/A",New,Subject_qldkp,"#N/A","#N/A","#N/A","#N/A","#N/A"
5408a83e-b92a-405e-beb0-887a9a0f5c58,"#N/A","#N/A",false,Web,"#N/A","#N/A",Medium,"#N/A",New,Subject_gyzaf,"#N/A","#N/A","#N/A","#N/A","#N/A"
540a21ab-ee59-4409-b51c-6c9a7594120e,"#N/A","#N/A",false,Web,"#N/A","#N/A",Medium,"#N/A",New,Subject_yhbew,"#N/A","#N/A","#N/A","#N/A","#N/A"
540cf5c9-ae1e-4415-890b-ba5efa800c14,"#N/A","#N/A",false,Web,"#N/A","#N/A",Medium,"#N/A",New,Subject_jwwjs,"#N/A","#N/A","#N/A","#N/A","#N/A"
540d7580-c86e-4f80-8850-bbea3fe50747,"#N/A","#N/A",false,Web,"#N/A","#N/A",Medium,"#N/A",New,Subject_myjjq,"#N/A","#N/A","#N/A","#N/A","#N/A"
5411de00-abe5-4892-94fe-628331b29248,"#N/A","#N/A",false,Web,"#N/A","#N/A",Medium,"#N/A",New,Subject_ubbun,"#N/A","#N/A","#N/A","#N/A","#N/A"
5413af9b-b4e4-4232-8515-8c298e198887,"#N/A","#N/A",false,Web,"#N/A","#N/A",Medium,"#N/A",New,Subject_kfvwd,"#N/A","#N/A","#N/A","#N/A","#N/A"
5413ca69-0f8d-4d5b-9516-5acd03776abb,"#N/A","#N/A",false,Web,"#N/A","#N/A",Medium,"#N/A",New,Subject_uekyw,"#N/A","#N/A","#N/A","#N/A","#N/A"
5416d40c-5a02-44aa-b9a8-2dd9fb0de780,"#N/A","#N/A",false,Web,"#N/A","#N/A",Medium,"#N/A",New,Subject_usnml,"#N/A","#N/A","#N/A","#N/A","#N/A"
5420476e-9596-495e-ba79-ce076698d91f,"#N/A","#N/A",false,Web,"#N/A","#N/A",Medium,"#N/A",New,Subject_wiepj,"#N/A","#N/A","#N/A","#N/A","#N/A"
54208b7e-db71-4b18-b87f-7683449f4394,"#N/A","#N/A",false,Web,"#N/A","#N/A",Medium,"#N/A",New,Subject_fxrwa,"#N/A","#N/A","#N/A","#N/A","#N/A"
5421694a-18d5-4b21-a927-cce66c08f9e2,"#N/A","#N/A",false,Web,"#N/A","#N/A",Medium,"#N/A",New,Subject_yxmht,"#N/A","#N/A","#N/A","#N/A","#N/A"
54233969-f407-4646-9555-122187128f10,"#N/A","#N/A",false,Web,"#N/A","#N/A",Medium,"#N/A",New,Subject_iiwoc,"#N/A","#N/A","#N/A","#N/A","#N/A"
5426c3a9-a083-4bef-8d6f-3b09400b960d,"#N/A","#N/A",false,Web,"#N/A","#N/A",Medium,"#N/A",New,Subject_gxnal,"#N/A","#N/A","#N/A","#N/A","#N/A"
542d1afe-2cf8-4ee9-98c9-ba1dfbafc06c,"#N/A","#N/A",false,Web,"#N/A","#N/A",Medium,"#N/A",New,Subject_whjel,"#N/A","#N/A","#N/A","#N/A","#N/A"
543099c4-f9b1-45e2-87e0-ebde181afff9,"#N/A","#N/A",false,Web,"#N/A","#N/A",Medium,"#N/A",New,Subject_fxamu,"#N/A","#N/A","#N/A","#N/A","#N/A"
5439da6b-7d11-4d46-b1d0-606428fe1e5b,"#N/A","#N/A",false,Web,"#N/A","#N/A",Medium,"#N/A",New,Subject_emqhm,"#N/A","#N/A","#N/A","#N/A","#N/A"
544166a6-8a13-46d5-8de3-a6a5e80e8f32,"#N/A","#N/A",false,Web,"#N/A","#N/A",Medium,"#N/A",New,Subject_qxvun,"#N/A","#N/A","#N/A","#N/A","#N/A"
5442417b-34eb-4a15-a4bf-b4bd355ae82e,"#N/A","#N/A",false,Web,"#N/A","#N/A",Medium,"#N/A",New,Subject_ysyre,"#N/A","#N/A","#N/A","#N/A","#N/A"
54430f29-372e-4505-997e-6744c5f3efdf,"#N/A","#N/A",false,Web,"#N/A","#N/A",Medium,"#N/A",New,Subject_fzymj,"#N/A","#N/A","#N/A","#N/A","#N/A"
54457deb-b9bd-4586-8427-a79615d2df6a,"#N/A","#N/A",false,Web,"#N/A","#N/A",Medium,"#N/A",New,Subject_obzyn,"#N/A","#N/A","#N/A","#N/A","#N/A"
5448686b-0e76-4abe-a86e-411879d4596f,"#N/A","#N/A",false,Web,"#N/A","#N/A",Medium,"#N/A",New,Subject_lbubs,"#N/A","#N/A","#N/A","#N/A","#N/A"
5449f858-2825-427d-ac86-9c8187d453fd,"#N/A","#N/A",false,Web,"#N/A","#N/A",Medium,"#N/A",New,Subject_vuewe,"#N/A","#N/A","#N/A","#N/A","#N/A"
544b4593-6441-4ed5-874f-bd6aab677b61,"#N/A","#N/A",false,Web,"#N/A","#N/A",Medium,"#N/A",New,Subject_ciazo,"#N/A","#N/A","#N/A","#N/A","#N/A"
544b5114-87e6-4e98-9083-c6d7d88d8181,"#N/A","#N/A",false,Web,"#N/A","#N/A",Medium,"#N/A",New,Subject_wmciw,"#N/A","#N/A","#N/A","#N/A","#N/A"
544c2e6d-23de-41e1-8794-35a32e3dd83c,"#N/A","#N/A",false,Web,"#N/A","#N/A",Medium,"#N/A",New,Subject_ambms,"#N/A","#N/A","#N/A","#N/A","#N/A"
54525cb2-ea75-4432-9e0e-77dffa0a8197,"#N/A","#N/A",false,Web,"#N/A","#N/A",Medium,"#N/A",New,Subject_eybdl,"#N/A","#N/A","#N/A","#N/A","#N/A"
5452865d-0684-4951-90bd-7faddbf13b3f,"#N/A","#N/A",false,Web,"#N/A","#N/A",Medium,"#N/A",New,Subject_ajies,"#N/A","#N/A","#N/A","#N/A","#N/A"
54529ad9-d1cc-4ff8-afd6-8ae2a6c6b12c,"#N/A","#N/A",false,Web,"#N/A","#N/A",Medium,"#N/A",New,Subject_ntvek,"#N/A","#N/A","#N/A","#N/A","#N/A"
5455f305-60ac-4c55-9863-be1b6e1296cb,"#N/A","#N/A",false,Web,"#N/A","#N/A",Medium,"#N/A",New,Subject_tioum,"#N/A","#N/A","#N/A","#N/A","#N/A"
54572f97-439d-4cd1-ae59-ca3a9ca2b474,"#N/A","#N/A",false,Web,"#N/A","#N/A",Medium,"#N/A",New,Subject_mudgz,"#N/A","#N/A","#N/A","#N/A","#N/A"
5459de29-62b3-424f-8759-c7e72a117f0d,"#N/A","#N/A",false,Web,"#N/A","#N/A",Medium,"#N/A",New,Subject_qutkt,"#N/A","#N/A","#N/A","#N/A","#N/A"
545b4f6f-189e-4300-a1f5-11577daee245,"#N/A","#N/A",false,Web,"#N/A","#N/A",Medium,"#N/A",New,Subject_jurms,"#N/A","#N/A","#N/A","#N/A","#N/A"
545bc2b4-03c0-44a0-aed3-27d2ec5bbed5,"#N/A","#N/A",false,Web,"#N/A","#N/A",Medium,"#N/A",New,Subject_nqvrq,"#N/A","#N/A","#N/A","#N/A","#N/A"
545c70cb-085a-4751-89ae-4679c87b304a,"#N/A","#N/A",false,Web,"#N/A","#N/A",Medium,"#N/A",New,Subject_huind,"#N/A","#N/A","#N/A","#N/A","#N/A"
545fd22e-a653-4c84-bfe1-622330548a40,"#N/A","#N/A",false,Web,"#N/A","#N/A",Medium,"#N/A",New,Subject_tfxbg,"#N/A","#N/A","#N/A","#N/A","#N/A"
5469eb14-c414-4f11-8528-89b54d02b409,"#N/A","#N/A",false,Web,"#N/A","#N/A",Medium,"#N/A",New,Subject_jeswc,"#N/A","#N/A","#N/A","#N/A","#N/A"
546d7f8b-11c2-46d3-9ffc-3db5f4b0d6ef,"#N/A","#N/A",false,Web,"#N/A","#N/A",Medium,"#N/A",New,Subject_iubhq,"#N/A","#N/A","#N/A","#N/A","#N/A"
5471bdd5-e3aa-4b1a-92ee-cd5aecd886f6,"#N/A","#N/A",false,Web,"#N/A","#N/A",Medium,"#N/A",New,Subject_muhmb,"#N/A","#N/A","#N/A","#N/A","#N/A"
54726df3-d9e1-4224-adaa-c733878563ad,"#N/A","#N/A",false,Web,"#N/A","#N/A",Medium,"#N/A",New,Subject_lmcbh,"#N/A","#N/A","#N/A","#N/A","#N/A"
54728a99-d565-4b14-850b-78972d0bf8cd,"#N/A","#N/A",false,Web,"#N/A","#N/A",Medium,"#N/A",New,Subject_bpcbt,"#N/A","#N/A","#N/A","#N/A","#N/A"
54760382-8b60-41e4-8b7a-0b8edb5afcf3,"#N/A","#N/A",false,Web,"#N/A","#N/A",Medium,"#N/A",New,Subject_avfei,"#N/A","#N/A","#N/A","#N/A","#N/A"
5477b99d-7b34-4ae0-9b40-27ff55d77179,"#N/A","#N/A",false,Web,"#N/A","#N/A",Medium,"#N/A",New,Subject_rldhs,"#N/A","#N/A","#N/A","#N/A","#N/A"
547875fc-9e1c-40f3-a702-f70a1a083511,"#N/A","#N/A",false,Web,"#N/A","#N/A",Medium,"#N/A",New,Subject_owofv,"#N/A","#N/A","#N/A","#N/A","#N/A"
547988ff-6f4f-485c-83a1-815b99847521,"#N/A","#N/A",false,Web,"#N/A","#N/A",Medium,"#N/A",New,Subject_qvsba,"#N/A","#N/A","#N/A","#N/A","#N/A"
5481fc7a-9e4e-4497-969d-1aa5948a2e52,"#N/A","#N/A",false,Web,"#N/A","#N/A",Medium,"#N/A",New,Subject_viknz,"#N/A","#N/A","#N/A","#N/A","#N/A"
54849069-b549-4c61-9139-619414d984e3,"#N/A","#N/A",false,Web,"#N/A","#N/A",Medium,"#N/A",New,Subject_bwlwm,"#N/A","#N/A","#N/A","#N/A","#N/A"
54895d25-0537-40f9-877a-c5299a1d15f1,"#N/A","#N/A",false,Web,"#N/A","#N/A",Medium,"#N/A",New,Subject_eygzj,"#N/A","#N/A","#N/A","#N/A","#N/A"
548b11b7-b83e-4427-b058-478bf9bd6f7b,"#N/A","#N/A",false,Web,"#N/A","#N/A",Medium,"#N/A",New,Subject_txvvy,"#N/A","#N/A","#N/A","#N/A","#N/A"
548cfd95-5c8b-4329-8744-0d2a6bfbc2f2,"#N/A","#N/A",false,Web,"#N/A","#N/A",Medium,"#N/A",New,Subject_tmfsq,"#N/A","#N/A","#N/A","#N/A","#N/A"
549443bd-176a-4de0-b247-e6ad128d5e5e,"#N/A","#N/A",false,Web,"#N/A","#N/A",Medium,"#N/A",New,Subject_mkudd,"#N/A","#N/A","#N/A","#N/A","#N/A"
549abe39-4e5f-4c59-b824-640ff46d6421,"#N/A","#N/A",false,Web,"#N/A","#N/A",Medium,"#N/A",New,Subject_uzvxn,"#N/A","#N/A","#N/A","#N/A","#N/A"
549f3682-8cb4-4fc0-827c-8f2b294b84d5,"#N/A","#N/A",false,Web,"#N/A","#N/A",Medium,"#N/A",New,Subject_baehm,"#N/A","#N/A","#N/A","#N/A","#N/A"
54a319a9-887a-4da6-9169-531c0e820314,"#N/A","#N/A",false,Web,"#N/A","#N/A",Medium,"#N/A",New,Subject_pmdbc,"#N/A","#N/A","#N/A","#N/A","#N/A"
54a588b9-0ad4-47e7-b67d-643747898392,"#N/A","#N/A",false,Web,"#N/A","#N/A",Medium,"#N/A",New,Subject_xqosb,"#N/A","#N/A","#N/A","#N/A","#N/A"
54b1412f-3a8c-4689-801d-f73e8fd679c5,"#N/A","#N/A",false,Web,"#N/A","#N/A",Medium,"#N/A",New,Subject_xcorl,"#N/A","#N/A","#N/A","#N/A","#N/A"
54c31433-1e65-417b-815a-89a0b7f46ff7,"#N/A","#N/A",false,Web,"#N/A","#N/A",Medium,"#N/A",New,Subject_znrbp,"#N/A","#N/A","#N/A","#N/A","#N/A"
54c448c9-a802-441c-9f0a-de1c449c41fe,"#N/A","#N/A",false,Web,"#N/A","#N/A",Medium,"#N/A",New,Subject_fgvgw,"#N/A","#N/A","#N/A","#N/A","#N/A"
54c7829c-1101-4644-ac1f-92e1a3147da8,"#N/A","#N/A",false,Web,"#N/A","#N/A",Medium,"#N/A",New,Subject_yoltn,"#N/A","#N/A","#N/A","#N/A","#N/A"
54caa69c-7571-40df-8d40-79fae1bc1be7,"#N/A","#N/A",false,Web,"#N/A","#N/A",Medium,"#N/A",New,Subject_gsglu,"#N/A","#N/A","#N/A","#N/A","#N/A"
54cc85a8-81b9-451d-879b-0a423c7e5440,"#N/A","#N/A",false,Web,"#N/A","#N/A",Medium,"#N/A",New,Subject_vmrmu,"#N/A","#N/A","#N/A","#N/A","#N/A"
54ccfd79-8a84-4abf-99b1-1f2053cb32c3,"#N/A","#N/A",false,Web,"#N/A","#N/A",Medium,"#N/A",New,Subject_yesfa,"#N/A","#N/A","#N/A","#N/A","#N/A"
54d4394e-f4b7-49f6-9f33-dbad85421df2,"#N/A","#N/A",false,Web,"#N/A","#N/A",Medium,"#N/A",New,Subject_vwghi,"#N/A","#N/A","#N/A","#N/A","#N/A"
54d50ff2-5b42-4d4b-82ea-8138f14219e9,"#N/A","#N/A",false,Web,"#N/A","#N/A",Medium,"#N/A",New,Subject_jpiyg,"#N/A","#N/A","#N/A","#N/A","#N/A"
54d575c0-e4b2-4686-a382-3542d63c50c8,"#N/A","#N/A",false,Web,"#N/A","#N/A",Medium,"#N/A",New,Subject_bsnun,"#N/A","#N/A","#N/A","#N/A","#N/A"
54d6efe4-f150-4525-81d8-60f801b80aed,"#N/A","#N/A",false,Web,"#N/A","#N/A",Medium,"#N/A",New,Subject_rkrvo,"#N/A","#N/A","#N/A","#N/A","#N/A"
54dcab1d-31bc-4ae7-8689-7e8981ee7bc9,"#N/A","#N/A",false,Web,"#N/A","#N/A",Medium,"#N/A",New,Subject_emuow,"#N/A","#N/A","#N/A","#N/A","#N/A"
54e1c669-b5df-4286-a189-98c36a19ac1b,"#N/A","#N/A",false,Web,"#N/A","#N/A",Medium,"#N/A",New,Subject_aomgm,"#N/A","#N/A","#N/A","#N/A","#N/A"
54e32f00-2e43-442f-8cd3-9ecde9300aa8,"#N/A","#N/A",false,Web,"#N/A","#N/A",Medium,"#N/A",New,Subject_nqetw,"#N/A","#N/A","#N/A","#N/A","#N/A"
54e72906-78c9-41ad-bf49-2f9c1119062e,"#N/A","#N/A",false,Web,"#N/A","#N/A",Medium,"#N/A",New,Subject_szpbh,"#N/A","#N/A","#N/A","#N/A","#N/A"
54e7c3e2-0041-42b5-a69c-f3026a811308,"#N/A","#N/A",false,Web,"#N/A","#N/A",Medium,"#N/A",New,Subject_pbrei,"#N/A","#N/A","#N/A","#N/A","#N/A"
54f9cf1e-ea07-490c-8211-7cfdc75cc231,"#N/A","#N/A",false,Web,"#N/A","#N/A",Medium,"#N/A",New,Subject_howwj,"#N/A","#N/A","#N/A","#N/A","#N/A"
54fd07f4-0f86-4fa1-8201-aa388ff6ab8a,"#N/A","#N/A",false,Web,"#N/A","#N/A",Medium,"#N/A",New,Subject_pfzyu,"#N/A","#N/A","#N/A","#N/A","#N/A"
5502ba11-503a-480a-9f6d-7b00df7a5226,"#N/A","#N/A",false,Web,"#N/A","#N/A",Medium,"#N/A",New,Subject_prcvh,"#N/A","#N/A","#N/A","#N/A","#N/A"
5503cb9b-c91f-4b7c-86ec-aec6a3334ce1,"#N/A","#N/A",false,Web,"#N/A","#N/A",Medium,"#N/A",New,Subject_exhjl,"#N/A","#N/A","#N/A","#N/A","#N/A"
5503e307-5301-49e6-a0a2-c704e8dd0607,"#N/A","#N/A",false,Web,"#N/A","#N/A",Medium,"#N/A",New,Subject_guhld,"#N/A","#N/A","#N/A","#N/A","#N/A"
5512aa69-f0bb-4a93-a1c5-37c9c060af13,"#N/A","#N/A",false,Web,"#N/A","#N/A",Medium,"#N/A",New,Subject_dpors,"#N/A","#N/A","#N/A","#N/A","#N/A"
551352d1-7726-4795-a2f4-92dd41741a65,"#N/A","#N/A",false,Web,"#N/A","#N/A",Medium,"#N/A",New,Subject_fnxqi,"#N/A","#N/A","#N/A","#N/A","#N/A"
5515bb3f-931d-4e3d-970d-611169e13a7e,"#N/A","#N/A",false,Web,"#N/A","#N/A",Medium,"#N/A",New,Subject_pjskz,"#N/A","#N/A","#N/A","#N/A","#N/A"
551b1b9d-b215-417d-99f4-3f52bae1d45f,"#N/A","#N/A",false,Web,"#N/A","#N/A",Medium,"#N/A",New,Subject_ewkky,"#N/A","#N/A","#N/A","#N/A","#N/A"
55201c3d-782c-494c-9a83-7b7bc203a9b4,"#N/A","#N/A",false,Web,"#N/A","#N/A",Medium,"#N/A",New,Subject_fwkni,"#N/A","#N/A","#N/A","#N/A","#N/A"
55215008-5eaa-4c8b-9b59-11ec566f6d9a,"#N/A","#N/A",false,Web,"#N/A","#N/A",Medium,"#N/A",New,Subject_gpxpo,"#N/A","#N/A","#N/A","#N/A","#N/A"
552b0d29-60dc-4411-8667-c95e649d225e,"#N/A","#N/A",false,Web,"#N/A","#N/A",Medium,"#N/A",New,Subject_yiadn,"#N/A","#N/A","#N/A","#N/A","#N/A"
55317fd6-0c93-4732-a14a-27e859bbf82e,"#N/A","#N/A",false,Web,"#N/A","#N/A",Medium,"#N/A",New,Subject_htnyl,"#N/A","#N/A","#N/A","#N/A","#N/A"
5536acac-4216-423f-bae4-54618f91a918,"#N/A","#N/A",false,Web,"#N/A","#N/A",Medium,"#N/A",New,Subject_lmabc,"#N/A","#N/A","#N/A","#N/A","#N/A"
55375773-0b2a-4db9-a0d3-17596d900538,"#N/A","#N/A",false,Web,"#N/A","#N/A",Medium,"#N/A",New,Subject_gbmui,"#N/A","#N/A","#N/A","#N/A","#N/A"
553e1dc9-abd3-46ad-8352-03f43c4545ce,"#N/A","#N/A",false,Web,"#N/A","#N/A",Medium,"#N/A",New,Subject_hlcgm,"#N/A","#N/A","#N/A","#N/A","#N/A"
554864df-cbe3-43bb-9c2f-e5686262e53e,"#N/A","#N/A",false,Web,"#N/A","#N/A",Medium,"#N/A",New,Subject_ffohu,"#N/A","#N/A","#N/A","#N/A","#N/A"
5550b6e8-3a78-4ae3-801c-001a532c1b60,"#N/A","#N/A",false,Web,"#N/A","#N/A",Medium,"#N/A",New,Subject_xnfhm,"#N/A","#N/A","#N/A","#N/A","#N/A"
55511128-9644-49f2-af60-58e5a7545a25,"#N/A","#N/A",false,Web,"#N/A","#N/A",Medium,"#N/A",New,Subject_ugjoz,"#N/A","#N/A","#N/A","#N/A","#N/A"
5551748d-db16-4e8a-a1fe-d4ebe60d33f3,"#N/A","#N/A",false,Web,"#N/A","#N/A",Medium,"#N/A",New,Subject_jbtjx,"#N/A","#N/A","#N/A","#N/A","#N/A"
55535a2f-f398-42a2-b4d5-f14bc69fcd3a,"#N/A","#N/A",false,Web,"#N/A","#N/A",Medium,"#N/A",New,Subject_ittev,"#N/A","#N/A","#N/A","#N/A","#N/A"
55592149-2d04-4409-8f3d-a9b5b426d012,"#N/A","#N/A",false,Web,"#N/A","#N/A",Medium,"#N/A",New,Subject_kjmgr,"#N/A","#N/A","#N/A","#N/A","#N/A"
55628a70-5d7c-407f-a2bc-2aa46e962621,"#N/A","#N/A",false,Web,"#N/A","#N/A",Medium,"#N/A",New,Subject_unfxe,"#N/A","#N/A","#N/A","#N/A","#N/A"
556463c0-facc-4e22-aea8-157de414bd08,"#N/A","#N/A",false,Web,"#N/A","#N/A",Medium,"#N/A",New,Subject_pchba,"#N/A","#N/A","#N/A","#N/A","#N/A"
55647ad3-2696-4484-a036-34a3c8aafdb7,"#N/A","#N/A",false,Web,"#N/A","#N/A",Medium,"#N/A",New,Subject_ffxaq,"#N/A","#N/A","#N/A","#N/A","#N/A"
5567cdcd-3e77-4a77-be5a-cc7fc4b871cf,"#N/A","#N/A",false,Web,"#N/A","#N/A",Medium,"#N/A",New,Subject_fertc,"#N/A","#N/A","#N/A","#N/A","#N/A"
556baf88-9780-4692-9424-3d839b8a29c9,"#N/A","#N/A",false,Web,"#N/A","#N/A",Medium,"#N/A",New,Subject_smxau,"#N/A","#N/A","#N/A","#N/A","#N/A"
556bbbbd-3394-4b0d-ab58-3c036ac0d256,"#N/A","#N/A",false,Web,"#N/A","#N/A",Medium,"#N/A",New,Subject_amqhk,"#N/A","#N/A","#N/A","#N/A","#N/A"
55700ff0-ed1b-476b-b9ef-31b16e4baac1,"#N/A","#N/A",false,Web,"#N/A","#N/A",Medium,"#N/A",New,Subject_huaql,"#N/A","#N/A","#N/A","#N/A","#N/A"
5570adf3-a30f-4c4f-b1bf-470bf0767457,"#N/A","#N/A",false,Web,"#N/A","#N/A",Medium,"#N/A",New,Subject_sfmwo,"#N/A","#N/A","#N/A","#N/A","#N/A"
5575d6b3-9640-431b-8b1c-18c8e5c0ca8d,"#N/A","#N/A",false,Web,"#N/A","#N/A",Medium,"#N/A",New,Subject_pisuj,"#N/A","#N/A","#N/A","#N/A","#N/A"
5576ee58-ef26-4f0e-a01d-96dafb849578,"#N/A","#N/A",false,Web,"#N/A","#N/A",Medium,"#N/A",New,Subject_zkahh,"#N/A","#N/A","#N/A","#N/A","#N/A"
557853d2-043c-4b72-ab74-c490370de2d9,"#N/A","#N/A",false,Web,"#N/A","#N/A",Medium,"#N/A",New,Subject_zhgic,"#N/A","#N/A","#N/A","#N/A","#N/A"
55810a8d-f794-4604-b267-887dd48822ac,"#N/A","#N/A",false,Web,"#N/A","#N/A",Medium,"#N/A",New,Subject_ewkky,"#N/A","#N/A","#N/A","#N/A","#N/A"
5581ae1e-feeb-45d7-ba62-016977766fad,"#N/A","#N/A",false,Web,"#N/A","#N/A",Medium,"#N/A",New,Subject_epnns,"#N/A","#N/A","#N/A","#N/A","#N/A"
5586b3fa-6eb6-4873-96f5-6c189d6fd47e,"#N/A","#N/A",false,Web,"#N/A","#N/A",Medium,"#N/A",New,Subject_prjam,"#N/A","#N/A","#N/A","#N/A","#N/A"
558919ed-f6e1-40be-bc24-8064e381687b,"#N/A","#N/A",false,Web,"#N/A","#N/A",Medium,"#N/A",New,Subject_tnscx,"#N/A","#N/A","#N/A","#N/A","#N/A"
5589cc70-41f5-48f6-a30a-21a39977b007,"#N/A","#N/A",false,Web,"#N/A","#N/A",Medium,"#N/A",New,Subject_hosfr,"#N/A","#N/A","#N/A","#N/A","#N/A"
5589f53b-94ed-4263-b67f-e056c7661f1e,"#N/A","#N/A",false,Web,"#N/A","#N/A",Medium,"#N/A",New,Subject_ceuqw,"#N/A","#N/A","#N/A","#N/A","#N/A"
558d6849-bae7-4176-86ce-372cd732143e,"#N/A","#N/A",false,Web,"#N/A","#N/A",Medium,"#N/A",New,Subject_fstea,"#N/A","#N/A","#N/A","#N/A","#N/A"
558dca24-0a9d-4483-8e39-85e29ce50be7,"#N/A","#N/A",false,Web,"#N/A","#N/A",Medium,"#N/A",New,Subject_vwghi,"#N/A","#N/A","#N/A","#N/A","#N/A"
558e39da-686a-4b92-938f-d6e9bc696311,"#N/A","#N/A",false,Web,"#N/A","#N/A",Medium,"#N/A",New,Subject_nabmk,"#N/A","#N/A","#N/A","#N/A","#N/A"
5596b761-a9e4-4ac5-b092-da2941c26f21,"#N/A","#N/A",false,Web,"#N/A","#N/A",Medium,"#N/A",New,Subject_vjcpx,"#N/A","#N/A","#N/A","#N/A","#N/A"
5597bcfe-f201-43fc-911a-b0bdf4af7321,"#N/A","#N/A",false,Web,"#N/A","#N/A",Medium,"#N/A",New,Subject_qrwci,"#N/A","#N/A","#N/A","#N/A","#N/A"
5598637c-50ff-4ff5-88d1-69f164316809,"#N/A","#N/A",false,Web,"#N/A","#N/A",Medium,"#N/A",New,Subject_btpll,"#N/A","#N/A","#N/A","#N/A","#N/A"
559f5e39-40dd-4b59-8cc5-97766584760f,"#N/A","#N/A",false,Web,"#N/A","#N/A",Medium,"#N/A",New,Subject_yslyr,"#N/A","#N/A","#N/A","#N/A","#N/A"
55a306cc-11aa-4e4c-bf6f-01bf765eabc1,"#N/A","#N/A",false,Web,"#N/A","#N/A",Medium,"#N/A",New,Subject_khghg,"#N/A","#N/A","#N/A","#N/A","#N/A"
55a30831-f2ca-4ba0-9aab-c98ff1e34508,"#N/A","#N/A",false,Web,"#N/A","#N/A",Medium,"#N/A",New,Subject_sxfdv,"#N/A","#N/A","#N/A","#N/A","#N/A"
55a4396c-2931-4394-8a2f-1206034c4fa7,"#N/A","#N/A",false,Web,"#N/A","#N/A",Medium,"#N/A",New,Subject_sdopo,"#N/A","#N/A","#N/A","#N/A","#N/A"
55a4abb9-632b-464d-b5ac-b7921f2db7a9,"#N/A","#N/A",false,Web,"#N/A","#N/A",Medium,"#N/A",New,Subject_vxkaq,"#N/A","#N/A","#N/A","#N/A","#N/A"
55a9f32e-61bc-4d61-95b0-477faa266ed5,"#N/A","#N/A",false,Web,"#N/A","#N/A",Medium,"#N/A",New,Subject_eccks,"#N/A","#N/A","#N/A","#N/A","#N/A"
55aafb79-a448-43fc-ab43-dbadd2b68a87,"#N/A","#N/A",false,Web,"#N/A","#N/A",Medium,"#N/A",New,Subject_qadld,"#N/A","#N/A","#N/A","#N/A","#N/A"
55ab09cf-ecf0-4c41-ac92-b492777e8652,"#N/A","#N/A",false,Web,"#N/A","#N/A",Medium,"#N/A",New,Subject_oxmip,"#N/A","#N/A","#N/A","#N/A","#N/A"
55abc871-2a41-4152-a546-5a439f793427,"#N/A","#N/A",false,Web,"#N/A","#N/A",Medium,"#N/A",New,Subject_osqzc,"#N/A","#N/A","#N/A","#N/A","#N/A"
55ae4346-1b80-4b18-ad1c-38fd945cfd61,"#N/A","#N/A",false,Web,"#N/A","#N/A",Medium,"#N/A",New,Subject_bipcp,"#N/A","#N/A","#N/A","#N/A","#N/A"
55af1982-b5b8-45f6-b672-c790d176713a,"#N/A","#N/A",false,Web,"#N/A","#N/A",Medium,"#N/A",New,Subject_gmmyx,"#N/A","#N/A","#N/A","#N/A","#N/A"
55b06124-0eea-454f-a268-1bc9a7aa9989,"#N/A","#N/A",false,Web,"#N/A","#N/A",Medium,"#N/A",New,Subject_winey,"#N/A","#N/A","#N/A","#N/A","#N/A"
55b0981a-922c-4592-8774-b6ac87d111b5,"#N/A","#N/A",false,Web,"#N/A","#N/A",Medium,"#N/A",New,Subject_ikpws,"#N/A","#N/A","#N/A","#N/A","#N/A"
55b544f1-46e3-4a65-80f3-b63d6f88d67a,"#N/A","#N/A",false,Web,"#N/A","#N/A",Medium,"#N/A",New,Subject_uufcj,"#N/A","#N/A","#N/A","#N/A","#N/A"
55b5cd4d-d6d6-44f1-b7ee-b39c7853bed0,"#N/A","#N/A",false,Web,"#N/A","#N/A",Medium,"#N/A",New,Subject_sxtnj,"#N/A","#N/A","#N/A","#N/A","#N/A"
55b98c41-b423-4a3b-b668-6948f4ab6c9e,"#N/A","#N/A",false,Web,"#N/A","#N/A",Medium,"#N/A",New,Subject_yotzc,"#N/A","#N/A","#N/A","#N/A","#N/A"
55c1bba6-2064-47a0-82ec-584b3178d4b9,"#N/A","#N/A",false,Web,"#N/A","#N/A",Medium,"#N/A",New,Subject_opcrr,"#N/A","#N/A","#N/A","#N/A","#N/A"
55ca8dff-3316-488f-aeab-e7acff9c6397,"#N/A","#N/A",false,Web,"#N/A","#N/A",Medium,"#N/A",New,Subject_dxgce,"#N/A","#N/A","#N/A","#N/A","#N/A"
55cc3c15-2689-4ba9-bb16-25bc843dad74,"#N/A","#N/A",false,Web,"#N/A","#N/A",Medium,"#N/A",New,Subject_ianmp,"#N/A","#N/A","#N/A","#N/A","#N/A"
55cd4d64-2b27-4788-9732-f33ca6638ed0,"#N/A","#N/A",false,Web,"#N/A","#N/A",Medium,"#N/A",New,Subject_urxnh,"#N/A","#N/A","#N/A","#N/A","#N/A"
55cd5bdd-0c81-4933-b2f5-f82def6cf7f3,"#N/A","#N/A",false,Web,"#N/A","#N/A",Medium,"#N/A",New,Subject_ofvig,"#N/A","#N/A","#N/A","#N/A","#N/A"
55cd9999-3a63-48a9-998c-391af982fcb1,"#N/A","#N/A",false,Web,"#N/A","#N/A",Medium,"#N/A",New,Subject_dzivw,"#N/A","#N/A","#N/A","#N/A","#N/A"
55d0c219-0bd6-4d1d-8306-19a911574435,"#N/A","#N/A",false,Web,"#N/A","#N/A",Medium,"#N/A",New,Subject_vushm,"#N/A","#N/A","#N/A","#N/A","#N/A"
55d56a80-37a4-41e6-bd37-fa68e3d029d2,"#N/A","#N/A",false,Web,"#N/A","#N/A",Medium,"#N/A",New,Subject_txjmv,"#N/A","#N/A","#N/A","#N/A","#N/A"
55da3ca1-b1b3-43e9-8df2-806406a1986a,"#N/A","#N/A",false,Web,"#N/A","#N/A",Medium,"#N/A",New,Subject_wbzah,"#N/A","#N/A","#N/A","#N/A","#N/A"
55dc95ad-e1cc-4759-94a2-bda42da3ab58,"#N/A","#N/A",false,Web,"#N/A","#N/A",Medium,"#N/A",New,Subject_qxipk,"#N/A","#N/A","#N/A","#N/A","#N/A"
55dd25ab-5df9-4657-a3e5-99b9c6778cd1,"#N/A","#N/A",false,Web,"#N/A","#N/A",Medium,"#N/A",New,Subject_wwesx,"#N/A","#N/A","#N/A","#N/A","#N/A"
55dffbee-b484-4413-ad43-da73834e223a,"#N/A","#N/A",false,Web,"#N/A","#N/A",Medium,"#N/A",New,Subject_uvhfa,"#N/A","#N/A","#N/A","#N/A","#N/A"
55e09df5-c2fb-4fb0-90a2-e08a7a75223b,"#N/A","#N/A",false,Web,"#N/A","#N/A",Medium,"#N/A",New,Subject_kfqtt,"#N/A","#N/A","#N/A","#N/A","#N/A"
55e2bac5-8b93-4724-8229-5e37a69f4c1b,"#N/A","#N/A",false,Web,"#N/A","#N/A",Medium,"#N/A",New,Subject_uukwx,"#N/A","#N/A","#N/A","#N/A","#N/A"
55e5b93a-5c55-430f-a945-4515ecd328ba,"#N/A","#N/A",false,Web,"#N/A","#N/A",Medium,"#N/A",New,Subject_pfrje,"#N/A","#N/A","#N/A","#N/A","#N/A"
55e639ca-887e-42f1-8392-55feeb0cd14d,"#N/A","#N/A",false,Web,"#N/A","#N/A",Medium,"#N/A",New,Subject_hjieg,"#N/A","#N/A","#N/A","#N/A","#N/A"
55ea5049-4355-4572-8e52-10f60a2bc47c,"#N/A","#N/A",false,Web,"#N/A","#N/A",Medium,"#N/A",New,Subject_ddeds,"#N/A","#N/A","#N/A","#N/A","#N/A"
55ea8436-2058-477b-89e4-d23ca1f08c2c,"#N/A","#N/A",false,Web,"#N/A","#N/A",Medium,"#N/A",New,Subject_ttgwq,"#N/A","#N/A","#N/A","#N/A","#N/A"
55ece7dd-bb0e-402e-a46b-c1c765e4fadf,"#N/A","#N/A",false,Web,"#N/A","#N/A",Medium,"#N/A",New,Subject_uffrz,"#N/A","#N/A","#N/A","#N/A","#N/A"
55edcf56-6465-4d79-8322-f367c0e5af69,"#N/A","#N/A",false,Web,"#N/A","#N/A",Medium,"#N/A",New,Subject_rkicb,"#N/A","#N/A","#N/A","#N/A","#N/A"
55ee3da7-064a-4117-a9a4-09ccdae8cc5b,"#N/A","#N/A",false,Web,"#N/A","#N/A",Medium,"#N/A",New,Subject_gqeku,"#N/A","#N/A","#N/A","#N/A","#N/A"
55f45a61-84a6-4ebd-95fa-ac226a7cb5d3,"#N/A","#N/A",false,Web,"#N/A","#N/A",Medium,"#N/A",New,Subject_pgkdd,"#N/A","#N/A","#N/A","#N/A","#N/A"
55f72eaf-e009-485d-9af7-e8a92c5d3716,"#N/A","#N/A",false,Web,"#N/A","#N/A",Medium,"#N/A",New,Subject_krrvg,"#N/A","#N/A","#N/A","#N/A","#N/A"
55f74997-3e90-4eb0-8709-0dd6efb9b863,"#N/A","#N/A",false,Web,"#N/A","#N/A",Medium,"#N/A",New,Subject_qtthy,"#N/A","#N/A","#N/A","#N/A","#N/A"
55f759af-82a3-42ed-b925-3febd254c7f6,"#N/A","#N/A",false,Web,"#N/A","#N/A",Medium,"#N/A",New,Subject_yvhjd,"#N/A","#N/A","#N/A","#N/A","#N/A"
55f7e466-adf5-486a-8877-73e0bf24f0cc,"#N/A","#N/A",false,Web,"#N/A","#N/A",Medium,"#N/A",New,Subject_gzdcl,"#N/A","#N/A","#N/A","#N/A","#N/A"
55fd6811-4116-4203-a230-d68cc9a3692a,"#N/A","#N/A",false,Web,"#N/A","#N/A",Medium,"#N/A",New,Subject_vteqo,"#N/A","#N/A","#N/A","#N/A","#N/A"
56073245-0b0e-4db4-8fad-29a32e4609f6,"#N/A","#N/A",false,Web,"#N/A","#N/A",Medium,"#N/A",New,Subject_lwnpj,"#N/A","#N/A","#N/A","#N/A","#N/A"
560a13c0-b2f7-4e76-9ed8-ee5365d8d5df,"#N/A","#N/A",false,Web,"#N/A","#N/A",Medium,"#N/A",New,Subject_hbynx,"#N/A","#N/A","#N/A","#N/A","#N/A"
560ab990-91f0-4029-a2d5-13bf9730846d,"#N/A","#N/A",false,Web,"#N/A","#N/A",Medium,"#N/A",New,Subject_cmrbv,"#N/A","#N/A","#N/A","#N/A","#N/A"
560dbc81-b400-4673-b75c-d8b99e71d828,"#N/A","#N/A",false,Web,"#N/A","#N/A",Medium,"#N/A",New,Subject_tmfsq,"#N/A","#N/A","#N/A","#N/A","#N/A"
560e6a01-be4d-49f3-ac70-d564b13009bc,"#N/A","#N/A",false,Web,"#N/A","#N/A",Medium,"#N/A",New,Subject_dqztb,"#N/A","#N/A","#N/A","#N/A","#N/A"
5610e14b-fac2-4d34-8fa6-a189874d0fa8,"#N/A","#N/A",false,Web,"#N/A","#N/A",Medium,"#N/A",New,Subject_zlduh,"#N/A","#N/A","#N/A","#N/A","#N/A"
561a8efb-199f-4c10-8a60-ba0e07dc35a4,"#N/A","#N/A",false,Web,"#N/A","#N/A",Medium,"#N/A",New,Subject_esozp,"#N/A","#N/A","#N/A","#N/A","#N/A"
561a928e-ef29-49ea-9b67-c79d15e5c88b,"#N/A","#N/A",false,Web,"#N/A","#N/A",Medium,"#N/A",New,Subject_oscez,"#N/A","#N/A","#N/A","#N/A","#N/A"
561ec0a4-7468-42b2-b3a6-d51dd46473a7,"#N/A","#N/A",false,Web,"#N/A","#N/A",Medium,"#N/A",New,Subject_mysbw,"#N/A","#N/A","#N/A","#N/A","#N/A"
561f0c3d-d301-4cdb-9900-5c22ef01412a,"#N/A","#N/A",false,Web,"#N/A","#N/A",Medium,"#N/A",New,Subject_cduiv,"#N/A","#N/A","#N/A","#N/A","#N/A"
561f3590-eeb8-4751-b026-11fb4fecbbbb,"#N/A","#N/A",false,Web,"#N/A","#N/A",Medium,"#N/A",New,Subject_yotcn,"#N/A","#N/A","#N/A","#N/A","#N/A"
562344db-0077-4a11-abf2-89a33386f548,"#N/A","#N/A",false,Web,"#N/A","#N/A",Medium,"#N/A",New,Subject_luydq,"#N/A","#N/A","#N/A","#N/A","#N/A"
5624fb34-8103-4503-ad7e-161314c2417c,"#N/A","#N/A",false,Web,"#N/A","#N/A",Medium,"#N/A",New,Subject_vccpl,"#N/A","#N/A","#N/A","#N/A","#N/A"
56272f3d-35ce-4123-a509-7295fbdf2759,"#N/A","#N/A",false,Web,"#N/A","#N/A",Medium,"#N/A",New,Subject_iurpl,"#N/A","#N/A","#N/A","#N/A","#N/A"
5630ffbd-fbfc-420f-8983-ed884e829e82,"#N/A","#N/A",false,Web,"#N/A","#N/A",Medium,"#N/A",New,Subject_adcew,"#N/A","#N/A","#N/A","#N/A","#N/A"
5631519f-6478-4b74-96ec-2fa474e64639,"#N/A","#N/A",false,Web,"#N/A","#N/A",Medium,"#N/A",New,Subject_ejhdu,"#N/A","#N/A","#N/A","#N/A","#N/A"
5632004c-f8c9-4e59-bd7e-73412168f53d,"#N/A","#N/A",false,Web,"#N/A","#N/A",Medium,"#N/A",New,Subject_ixufv,"#N/A","#N/A","#N/A","#N/A","#N/A"
563bf772-8300-428e-95a7-96fd38409139,"#N/A","#N/A",false,Web,"#N/A","#N/A",Medium,"#N/A",New,Subject_oqinz,"#N/A","#N/A","#N/A","#N/A","#N/A"
563fba97-ae9d-4062-a77c-3c2e02853ea6,"#N/A","#N/A",false,Web,"#N/A","#N/A",Medium,"#N/A",New,Subject_lldzo,"#N/A","#N/A","#N/A","#N/A","#N/A"
563ffb28-a950-49ee-b8e8-26c4972ddd48,"#N/A","#N/A",false,Web,"#N/A","#N/A",Medium,"#N/A",New,Subject_dmrec,"#N/A","#N/A","#N/A","#N/A","#N/A"
56424242-f52e-492b-ad3e-f920dc6da2f2,"#N/A","#N/A",false,Web,"#N/A","#N/A",Medium,"#N/A",New,Subject_lmeju,"#N/A","#N/A","#N/A","#N/A","#N/A"
564991f3-a742-4274-997f-ac76b8205fac,"#N/A","#N/A",false,Web,"#N/A","#N/A",Medium,"#N/A",New,Subject_npgox,"#N/A","#N/A","#N/A","#N/A","#N/A"
564d8c58-805a-4972-8973-59d4c033af53,"#N/A","#N/A",false,Web,"#N/A","#N/A",Medium,"#N/A",New,Subject_bdvsd,"#N/A","#N/A","#N/A","#N/A","#N/A"
564fbc70-94d4-4876-904c-fead4830846a,"#N/A","#N/A",false,Web,"#N/A","#N/A",Medium,"#N/A",New,Subject_dwihu,"#N/A","#N/A","#N/A","#N/A","#N/A"
564fdc5d-cabb-4b79-ab39-c51c1a5a4e39,"#N/A","#N/A",false,Web,"#N/A","#N/A",Medium,"#N/A",New,Subject_idlry,"#N/A","#N/A","#N/A","#N/A","#N/A"
56522561-af0c-4247-a59f-fbd9f6114a1e,"#N/A","#N/A",false,Web,"#N/A","#N/A",Medium,"#N/A",New,Subject_trjzg,"#N/A","#N/A","#N/A","#N/A","#N/A"
5654abf5-12aa-455a-82a7-a1e2092fc72a,"#N/A","#N/A",false,Web,"#N/A","#N/A",Medium,"#N/A",New,Subject_racrq,"#N/A","#N/A","#N/A","#N/A","#N/A"
5654f74a-ee3f-4689-83d3-425f015f1072,"#N/A","#N/A",false,Web,"#N/A","#N/A",Medium,"#N/A",New,Subject_fgrgu,"#N/A","#N/A","#N/A","#N/A","#N/A"
5656e973-5fc5-49db-a000-1137309f8c52,"#N/A","#N/A",false,Web,"#N/A","#N/A",Medium,"#N/A",New,Subject_zqsce,"#N/A","#N/A","#N/A","#N/A","#N/A"
565836cc-cf0f-4f1c-b65e-e3fb58c94dfc,"#N/A","#N/A",false,Web,"#N/A","#N/A",Medium,"#N/A",New,Subject_bqtqi,"#N/A","#N/A","#N/A","#N/A","#N/A"
56638c1b-5cc2-40cb-a64e-a53e4bea3a49,"#N/A","#N/A",false,Web,"#N/A","#N/A",Medium,"#N/A",New,Subject_awutr,"#N/A","#N/A","#N/A","#N/A","#N/A"
56641598-eeef-45f4-a202-4eee1b97f9f5,"#N/A","#N/A",false,Web,"#N/A","#N/A",Medium,"#N/A",New,Subject_ogtyd,"#N/A","#N/A","#N/A","#N/A","#N/A"
56644ee9-87ea-4775-8e9d-37ef606c8dde,"#N/A","#N/A",false,Web,"#N/A","#N/A",Medium,"#N/A",New,Subject_frkqz,"#N/A","#N/A","#N/A","#N/A","#N/A"
56778e87-c0d8-4b57-834e-9e306ed9954e,"#N/A","#N/A",false,Web,"#N/A","#N/A",Medium,"#N/A",New,Subject_dnxsf,"#N/A","#N/A","#N/A","#N/A","#N/A"
5678375f-2478-4ef1-af00-245e3aab2721,"#N/A","#N/A",false,Web,"#N/A","#N/A",Medium,"#N/A",New,Subject_zggjs,"#N/A","#N/A","#N/A","#N/A","#N/A"
567dcdc9-3289-449a-aaa3-c9c608e16abf,"#N/A","#N/A",false,Web,"#N/A","#N/A",Medium,"#N/A",New,Subject_kwbxn,"#N/A","#N/A","#N/A","#N/A","#N/A"
567e2f82-f6d0-4d18-9349-8586fa5a42bb,"#N/A","#N/A",false,Web,"#N/A","#N/A",Medium,"#N/A",New,Subject_zbaxn,"#N/A","#N/A","#N/A","#N/A","#N/A"
567e9268-0003-4c7e-aa68-d823deb66da0,"#N/A","#N/A",false,Web,"#N/A","#N/A",Medium,"#N/A",New,Subject_mpegp,"#N/A","#N/A","#N/A","#N/A","#N/A"
5681834d-37f4-4a21-a256-7e7fc016ad7c,"#N/A","#N/A",false,Web,"#N/A","#N/A",Medium,"#N/A",New,Subject_smzrt,"#N/A","#N/A","#N/A","#N/A","#N/A"
5681ce0e-8e1a-4ef5-bbc3-6c32f79208c2,"#N/A","#N/A",false,Web,"#N/A","#N/A",Medium,"#N/A",New,Subject_mxzed,"#N/A","#N/A","#N/A","#N/A","#N/A"
568207eb-163b-4ec2-9529-dfa6ff2f0012,"#N/A","#N/A",false,Web,"#N/A","#N/A",Medium,"#N/A",New,Subject_dqmlf,"#N/A","#N/A","#N/A","#N/A","#N/A"
568846a6-51a3-4178-b357-2512fa8a0ca0,"#N/A","#N/A",false,Web,"#N/A","#N/A",Medium,"#N/A",New,Subject_pxdsf,"#N/A","#N/A","#N/A","#N/A","#N/A"
568aa8f8-c860-4766-bdfd-948c56a51982,"#N/A","#N/A",false,Web,"#N/A","#N/A",Medium,"#N/A",New,Subject_wfeck,"#N/A","#N/A","#N/A","#N/A","#N/A"
568bfc70-142c-4d88-b59a-8d0c7104afc6,"#N/A","#N/A",false,Web,"#N/A","#N/A",Medium,"#N/A",New,Subject_pprwe,"#N/A","#N/A","#N/A","#N/A","#N/A"
568c38ef-9299-4e7c-a728-41467da68a52,"#N/A","#N/A",false,Web,"#N/A","#N/A",Medium,"#N/A",New,Subject_vkrlo,"#N/A","#N/A","#N/A","#N/A","#N/A"
568c8741-5bc8-4b20-ac6d-cabdfd39c52b,"#N/A","#N/A",false,Web,"#N/A","#N/A",Medium,"#N/A",New,Subject_kigcg,"#N/A","#N/A","#N/A","#N/A","#N/A"
568fa463-8ee4-49f0-aaf2-76a377dcfe5a,"#N/A","#N/A",false,Web,"#N/A","#N/A",Medium,"#N/A",New,Subject_osijx,"#N/A","#N/A","#N/A","#N/A","#N/A"
56905e4b-34f4-4f9f-8b8a-d3ae0c786428,"#N/A","#N/A",false,Web,"#N/A","#N/A",Medium,"#N/A",New,Subject_xocyj,"#N/A","#N/A","#N/A","#N/A","#N/A"
569bd137-7d7c-4743-afd5-a3867c8d0838,"#N/A","#N/A",false,Web,"#N/A","#N/A",Medium,"#N/A",New,Subject_bnvaq,"#N/A","#N/A","#N/A","#N/A","#N/A"
569c1c02-d8ca-4ed8-8652-03bf7ccaac63,"#N/A","#N/A",false,Web,"#N/A","#N/A",Medium,"#N/A",New,Subject_spshi,"#N/A","#N/A","#N/A","#N/A","#N/A"
569ce2a9-88d1-4b53-8aec-c8640b6cf843,"#N/A","#N/A",false,Web,"#N/A","#N/A",Medium,"#N/A",New,Subject_kakxy,"#N/A","#N/A","#N/A","#N/A","#N/A"
569fc7a1-882e-49a3-9b14-01b801b74ad4,"#N/A","#N/A",false,Web,"#N/A","#N/A",Medium,"#N/A",New,Subject_xysxa,"#N/A","#N/A","#N/A","#N/A","#N/A"
569fd53f-f774-4a4d-9136-7042c08795bd,"#N/A","#N/A",false,Web,"#N/A","#N/A",Medium,"#N/A",New,Subject_iuggy,"#N/A","#N/A","#N/A","#N/A","#N/A"
56a2494a-1024-4680-86f2-10cbef3bf7df,"#N/A","#N/A",false,Web,"#N/A","#N/A",Medium,"#N/A",New,Subject_vhtyu,"#N/A","#N/A","#N/A","#N/A","#N/A"
56a4c410-254f-47c9-ab17-d1a5a79842f4,"#N/A","#N/A",false,Web,"#N/A","#N/A",Medium,"#N/A",New,Subject_mklmg,"#N/A","#N/A","#N/A","#N/A","#N/A"
56a67b83-47d4-4631-86ea-f629aa5be86e,"#N/A","#N/A",false,Web,"#N/A","#N/A",Medium,"#N/A",New,Subject_szagz,"#N/A","#N/A","#N/A","#N/A","#N/A"
56abeba8-2cd3-4dfb-9fe3-b36a2d59537f,"#N/A","#N/A",false,Web,"#N/A","#N/A",Medium,"#N/A",New,Subject_ulylt,"#N/A","#N/A","#N/A","#N/A","#N/A"
56aca304-ebeb-475a-93f0-0b9da30c51e6,"#N/A","#N/A",false,Web,"#N/A","#N/A",Medium,"#N/A",New,Subject_ivjpu,"#N/A","#N/A","#N/A","#N/A","#N/A"
56aeb450-f1ab-4fa5-8e3e-331fe5c78c4f,"#N/A","#N/A",false,Web,"#N/A","#N/A",Medium,"#N/A",New,Subject_btyji,"#N/A","#N/A","#N/A","#N/A","#N/A"
56af19f8-ff62-4d65-ba2c-1f59ad845226,"#N/A","#N/A",false,Web,"#N/A","#N/A",Medium,"#N/A",New,Subject_addsb,"#N/A","#N/A","#N/A","#N/A","#N/A"
56af2782-8762-400a-9ed6-8eeb31514834,"#N/A","#N/A",false,Web,"#N/A","#N/A",Medium,"#N/A",New,Subject_vikrv,"#N/A","#N/A","#N/A","#N/A","#N/A"
56b2c838-78ad-48e3-9d87-5bc6e3e725dc,"#N/A","#N/A",false,Web,"#N/A","#N/A",Medium,"#N/A",New,Subject_egedm,"#N/A","#N/A","#N/A","#N/A","#N/A"
56b343dd-514b-4fcb-889f-ca3f0405b47a,"#N/A","#N/A",false,Web,"#N/A","#N/A",Medium,"#N/A",New,Subject_bdgsd,"#N/A","#N/A","#N/A","#N/A","#N/A"
56becc03-1a6c-4293-9c14-b34425cf795c,"#N/A","#N/A",false,Web,"#N/A","#N/A",Medium,"#N/A",New,Subject_jiiyd,"#N/A","#N/A","#N/A","#N/A","#N/A"
56bed33d-a063-47c2-bdb0-56d4acc33eb9,"#N/A","#N/A",false,Web,"#N/A","#N/A",Medium,"#N/A",New,Subject_fbjkm,"#N/A","#N/A","#N/A","#N/A","#N/A"
56c0779a-bfe7-4fd5-b031-660f023734c6,"#N/A","#N/A",false,Web,"#N/A","#N/A",Medium,"#N/A",New,Subject_jbtjx,"#N/A","#N/A","#N/A","#N/A","#N/A"
56c14eea-a92c-4e8e-8f7a-958a90326cd5,"#N/A","#N/A",false,Web,"#N/A","#N/A",Medium,"#N/A",New,Subject_nxbmq,"#N/A","#N/A","#N/A","#N/A","#N/A"
56c975e2-ff04-4c0b-8b8a-93543d5dd7a5,"#N/A","#N/A",false,Web,"#N/A","#N/A",Medium,"#N/A",New,Subject_reuyn,"#N/A","#N/A","#N/A","#N/A","#N/A"
56cd31e5-f787-420b-9419-e4b6ed8021a1,"#N/A","#N/A",false,Web,"#N/A","#N/A",Medium,"#N/A",New,Subject_pwvfs,"#N/A","#N/A","#N/A","#N/A","#N/A"
56d2c110-3a92-4c2d-83a4-13a85d07b181,"#N/A","#N/A",false,Web,"#N/A","#N/A",Medium,"#N/A",New,Subject_ctdoc,"#N/A","#N/A","#N/A","#N/A","#N/A"
56d89a23-6da5-4cac-955e-abde33ab7b05,"#N/A","#N/A",false,Web,"#N/A","#N/A",Medium,"#N/A",New,Subject_jlhcj,"#N/A","#N/A","#N/A","#N/A","#N/A"
56d8fbb7-6073-4f35-8bb2-ea52309a4b10,"#N/A","#N/A",false,Web,"#N/A","#N/A",Medium,"#N/A",New,Subject_jgnwq,"#N/A","#N/A","#N/A","#N/A","#N/A"
56db60c3-f794-4298-b285-b2459f35be4c,"#N/A","#N/A",false,Web,"#N/A","#N/A",Medium,"#N/A",New,Subject_lwxtu,"#N/A","#N/A","#N/A","#N/A","#N/A"
56dbcbc4-ddbb-4aea-bae3-bd2dce9bb1ec,"#N/A","#N/A",false,Web,"#N/A","#N/A",Medium,"#N/A",New,Subject_juhre,"#N/A","#N/A","#N/A","#N/A","#N/A"
56dc0585-2dd0-44e1-82da-0ff1d5ef722f,"#N/A","#N/A",false,Web,"#N/A","#N/A",Medium,"#N/A",New,Subject_takap,"#N/A","#N/A","#N/A","#N/A","#N/A"
56dd13f2-aa23-43aa-b16b-677fd9df6e43,"#N/A","#N/A",false,Web,"#N/A","#N/A",Medium,"#N/A",New,Subject_gmveh,"#N/A","#N/A","#N/A","#N/A","#N/A"
56e196d0-ea9b-43a5-aa66-f7818412ca6d,"#N/A","#N/A",false,Web,"#N/A","#N/A",Medium,"#N/A",New,Subject_gmshh,"#N/A","#N/A","#N/A","#N/A","#N/A"
56e35f7b-e81a-48df-9f22-7ae92956a23a,"#N/A","#N/A",false,Web,"#N/A","#N/A",Medium,"#N/A",New,Subject_vqmyj,"#N/A","#N/A","#N/A","#N/A","#N/A"
56e414cb-e160-4fd6-a430-ef211fcaf2b7,"#N/A","#N/A",false,Web,"#N/A","#N/A",Medium,"#N/A",New,Subject_gdezi,"#N/A","#N/A","#N/A","#N/A","#N/A"
56e5ca26-27c3-4258-b67b-10cf2c77d651,"#N/A","#N/A",false,Web,"#N/A","#N/A",Medium,"#N/A",New,Subject_bljet,"#N/A","#N/A","#N/A","#N/A","#N/A"
56e7f513-3920-47b8-8ca0-0ab1da12a148,"#N/A","#N/A",false,Web,"#N/A","#N/A",Medium,"#N/A",New,Subject_motfm,"#N/A","#N/A","#N/A","#N/A","#N/A"
56f62371-4a19-4956-82cd-4e859cc61167,"#N/A","#N/A",false,Web,"#N/A","#N/A",Medium,"#N/A",New,Subject_nmfae,"#N/A","#N/A","#N/A","#N/A","#N/A"
56f95139-5ed3-4dfc-a978-5d295c75d439,"#N/A","#N/A",false,Web,"#N/A","#N/A",Medium,"#N/A",New,Subject_hlmuc,"#N/A","#N/A","#N/A","#N/A","#N/A"
56fb6209-a01d-4ea0-92d1-9ad2b5cf3677,"#N/A","#N/A",false,Web,"#N/A","#N/A",Medium,"#N/A",New,Subject_ouhtk,"#N/A","#N/A","#N/A","#N/A","#N/A"
57027f5d-93b5-461a-ae75-6d5e39607a21,"#N/A","#N/A",false,Web,"#N/A","#N/A",Medium,"#N/A",New,Subject_bdpyj,"#N/A","#N/A","#N/A","#N/A","#N/A"
57029c88-f539-40e4-b68b-01c24d039682,"#N/A","#N/A",false,Web,"#N/A","#N/A",Medium,"#N/A",New,Subject_wkdgp,"#N/A","#N/A","#N/A","#N/A","#N/A"
57058d9a-fff6-45bc-8d7d-16939211f45b,"#N/A","#N/A",false,Web,"#N/A","#N/A",Medium,"#N/A",New,Subject_otacy,"#N/A","#N/A","#N/A","#N/A","#N/A"
570a9223-7861-4313-af99-90395acb1e18,"#N/A","#N/A",false,Web,"#N/A","#N/A",Medium,"#N/A",New,Subject_magil,"#N/A","#N/A","#N/A","#N/A","#N/A"
570ab2be-de09-4326-978b-8f4328826615,"#N/A","#N/A",false,Web,"#N/A","#N/A",Medium,"#N/A",New,Subject_hlomh,"#N/A","#N/A","#N/A","#N/A","#N/A"
570e8d03-553b-4bb3-bd5b-d15a61bab830,"#N/A","#N/A",false,Web,"#N/A","#N/A",Medium,"#N/A",New,Subject_eofmg,"#N/A","#N/A","#N/A","#N/A","#N/A"
5710a19c-0f96-4992-9561-791689ded39a,"#N/A","#N/A",false,Web,"#N/A","#N/A",Medium,"#N/A",New,Subject_sgjmv,"#N/A","#N/A","#N/A","#N/A","#N/A"
571268ed-8321-4d17-8b9f-8cd05881bf66,"#N/A","#N/A",false,Web,"#N/A","#N/A",Medium,"#N/A",New,Subject_bcwgm,"#N/A","#N/A","#N/A","#N/A","#N/A"
5713ca8a-937e-4113-9c10-1959f007ef81,"#N/A","#N/A",false,Web,"#N/A","#N/A",Medium,"#N/A",New,Subject_azaer,"#N/A","#N/A","#N/A","#N/A","#N/A"
57156a1d-77ec-4b03-ab4b-1209803b5742,"#N/A","#N/A",false,Web,"#N/A","#N/A",Medium,"#N/A",New,Subject_yodbm,"#N/A","#N/A","#N/A","#N/A","#N/A"
571892e3-d18c-4e79-bed9-473f81d9632c,"#N/A","#N/A",false,Web,"#N/A","#N/A",Medium,"#N/A",New,Subject_kkqxo,"#N/A","#N/A","#N/A","#N/A","#N/A"
571973d8-1187-4c09-9f32-3884cbff30e2,"#N/A","#N/A",false,Web,"#N/A","#N/A",Medium,"#N/A",New,Subject_tycno,"#N/A","#N/A","#N/A","#N/A","#N/A"
571dd402-4a6d-4a42-be73-4ac90c218124,"#N/A","#N/A",false,Web,"#N/A","#N/A",Medium,"#N/A",New,Subject_ulikh,"#N/A","#N/A","#N/A","#N/A","#N/A"
571f334c-dab4-49e6-987e-2366e5250ea2,"#N/A","#N/A",false,Web,"#N/A","#N/A",Medium,"#N/A",New,Subject_knphy,"#N/A","#N/A","#N/A","#N/A","#N/A"
57216309-3277-4ac2-acc3-a02e317ed0e1,"#N/A","#N/A",false,Web,"#N/A","#N/A",Medium,"#N/A",New,Subject_mmzlq,"#N/A","#N/A","#N/A","#N/A","#N/A"
57218e8c-c6d7-4669-8645-4fc6aa855f80,"#N/A","#N/A",false,Web,"#N/A","#N/A",Medium,"#N/A",New,Subject_nsyrn,"#N/A","#N/A","#N/A","#N/A","#N/A"
572485b7-7079-4188-aa2d-6296f0a27636,"#N/A","#N/A",false,Web,"#N/A","#N/A",Medium,"#N/A",New,Subject_raujo,"#N/A","#N/A","#N/A","#N/A","#N/A"
5726b745-71d0-442c-9ac3-35232514221e,"#N/A","#N/A",false,Web,"#N/A","#N/A",Medium,"#N/A",New,Subject_nfyna,"#N/A","#N/A","#N/A","#N/A","#N/A"
572746bc-2053-4e6e-b9ba-e069690d1a35,"#N/A","#N/A",false,Web,"#N/A","#N/A",Medium,"#N/A",New,Subject_eojjf,"#N/A","#N/A","#N/A","#N/A","#N/A"
5727fd52-873b-4a05-a247-81b5c4c8cdb3,"#N/A","#N/A",false,Web,"#N/A","#N/A",Medium,"#N/A",New,Subject_uhzjs,"#N/A","#N/A","#N/A","#N/A","#N/A"
57313599-9572-4b34-b4b2-756d9d94ece2,"#N/A","#N/A",false,Web,"#N/A","#N/A",Medium,"#N/A",New,Subject_qvkar,"#N/A","#N/A","#N/A","#N/A","#N/A"
5733e3e5-af9f-43de-8dcf-2708f6cbc1f6,"#N/A","#N/A",false,Web,"#N/A","#N/A",Medium,"#N/A",New,Subject_lhakw,"#N/A","#N/A","#N/A","#N/A","#N/A"
5734cdca-6da5-4680-b20b-250e3b267cfa,"#N/A","#N/A",false,Web,"#N/A","#N/A",Medium,"#N/A",New,Subject_wycji,"#N/A","#N/A","#N/A","#N/A","#N/A"
57363a93-16a8-4602-aba3-e70825b8b067,"#N/A","#N/A",false,Web,"#N/A","#N/A",Medium,"#N/A",New,Subject_rphyn,"#N/A","#N/A","#N/A","#N/A","#N/A"
573d9b60-f15a-4ddd-9414-a6068b3fd1d7,"#N/A","#N/A",false,Web,"#N/A","#N/A",Medium,"#N/A",New,Subject_avcdx,"#N/A","#N/A","#N/A","#N/A","#N/A"
573e3b41-d292-4b7b-9058-55f034010fdf,"#N/A","#N/A",false,Web,"#N/A","#N/A",Medium,"#N/A",New,Subject_jdjzp,"#N/A","#N/A","#N/A","#N/A","#N/A"
573e5317-dba6-4116-a49a-ac449bee31ad,"#N/A","#N/A",false,Web,"#N/A","#N/A",Medium,"#N/A",New,Subject_zltlm,"#N/A","#N/A","#N/A","#N/A","#N/A"
5743bbc8-0fde-48cd-96c5-398df8ac69df,"#N/A","#N/A",false,Web,"#N/A","#N/A",Medium,"#N/A",New,Subject_thuwb,"#N/A","#N/A","#N/A","#N/A","#N/A"
574453a8-523a-4a09-9124-525a5de7467f,"#N/A","#N/A",false,Web,"#N/A","#N/A",Medium,"#N/A",New,Subject_iqvrq,"#N/A","#N/A","#N/A","#N/A","#N/A"
57469678-a677-4445-ae1e-66c0f40f2a2c,"#N/A","#N/A",false,Web,"#N/A","#N/A",Medium,"#N/A",New,Subject_xhdql,"#N/A","#N/A","#N/A","#N/A","#N/A"
5746be98-7a55-49ba-934e-1cecc163db7e,"#N/A","#N/A",false,Web,"#N/A","#N/A",Medium,"#N/A",New,Subject_kjwmp,"#N/A","#N/A","#N/A","#N/A","#N/A"
57499481-e10a-4eb2-8780-18b69b208a54,"#N/A","#N/A",false,Web,"#N/A","#N/A",Medium,"#N/A",New,Subject_wwdfc,"#N/A","#N/A","#N/A","#N/A","#N/A"
574a07e4-72e8-42d8-aa23-92780f30ea2c,"#N/A","#N/A",false,Web,"#N/A","#N/A",Medium,"#N/A",New,Subject_sobbt,"#N/A","#N/A","#N/A","#N/A","#N/A"
574cc294-14a8-45bb-aab4-c8d11b4e6f80,"#N/A","#N/A",false,Web,"#N/A","#N/A",Medium,"#N/A",New,Subject_omoai,"#N/A","#N/A","#N/A","#N/A","#N/A"
574f1b83-629c-42ad-9093-a0248790aeb7,"#N/A","#N/A",false,Web,"#N/A","#N/A",Medium,"#N/A",New,Subject_biveu,"#N/A","#N/A","#N/A","#N/A","#N/A"
5751d115-b016-43e0-837c-c648bc21008c,"#N/A","#N/A",false,Web,"#N/A","#N/A",Medium,"#N/A",New,Subject_mqzsp,"#N/A","#N/A","#N/A","#N/A","#N/A"
5751fbd8-f26d-444c-a9e0-62ebd4fd041d,"#N/A","#N/A",false,Web,"#N/A","#N/A",Medium,"#N/A",New,Subject_cyimp,"#N/A","#N/A","#N/A","#N/A","#N/A"
5752d027-9672-4e17-a349-ebffd6f51228,"#N/A","#N/A",false,Web,"#N/A","#N/A",Medium,"#N/A",New,Subject_epvzw,"#N/A","#N/A","#N/A","#N/A","#N/A"
57584316-34ad-47bc-b8f0-b2ebfc575046,"#N/A","#N/A",false,Web,"#N/A","#N/A",Medium,"#N/A",New,Subject_gjvjj,"#N/A","#N/A","#N/A","#N/A","#N/A"
5758f208-0e2f-47fc-a0c3-901a2999e76b,"#N/A","#N/A",false,Web,"#N/A","#N/A",Medium,"#N/A",New,Subject_ypvyr,"#N/A","#N/A","#N/A","#N/A","#N/A"
5758f798-0593-4b8b-905a-02a8af0568f9,"#N/A","#N/A",false,Web,"#N/A","#N/A",Medium,"#N/A",New,Subject_vccoo,"#N/A","#N/A","#N/A","#N/A","#N/A"
575b01e8-1ea6-4c30-a52a-486d5531b2c4,"#N/A","#N/A",false,Web,"#N/A","#N/A",Medium,"#N/A",New,Subject_rxnza,"#N/A","#N/A","#N/A","#N/A","#N/A"
575d6a6d-b0fd-4a21-a0bd-443f87fe4d02,"#N/A","#N/A",false,Web,"#N/A","#N/A",Medium,"#N/A",New,Subject_rnbua,"#N/A","#N/A","#N/A","#N/A","#N/A"
575fd359-7f39-4a6d-ac16-5e9514b45dd1,"#N/A","#N/A",false,Web,"#N/A","#N/A",Medium,"#N/A",New,Subject_xwwfc,"#N/A","#N/A","#N/A","#N/A","#N/A"
5762593b-222e-48b5-804e-9a2eb05f1c16,"#N/A","#N/A",false,Web,"#N/A","#N/A",Medium,"#N/A",New,Subject_sijit,"#N/A","#N/A","#N/A","#N/A","#N/A"
5762db86-1d85-4f8f-9970-4531611382cd,"#N/A","#N/A",false,Web,"#N/A","#N/A",Medium,"#N/A",New,Subject_wesqw,"#N/A","#N/A","#N/A","#N/A","#N/A"
57654fdc-1416-4a7c-879e-781fb8ef0acd,"#N/A","#N/A",false,Web,"#N/A","#N/A",Medium,"#N/A",New,Subject_tberd,"#N/A","#N/A","#N/A","#N/A","#N/A"
576c8f2e-f57d-4a4f-a696-6d72500b5753,"#N/A","#N/A",false,Web,"#N/A","#N/A",Medium,"#N/A",New,Subject_jzevp,"#N/A","#N/A","#N/A","#N/A","#N/A"
576d94af-3991-4590-8498-1548a127ab0b,"#N/A","#N/A",false,Web,"#N/A","#N/A",Medium,"#N/A",New,Subject_biddk,"#N/A","#N/A","#N/A","#N/A","#N/A"
576e8fa2-1c62-4011-8758-3f3c57f3aee4,"#N/A","#N/A",false,Web,"#N/A","#N/A",Medium,"#N/A",New,Subject_jzfwj,"#N/A","#N/A","#N/A","#N/A","#N/A"
576f9d1a-2d19-4e05-9db7-9528fdae5848,"#N/A","#N/A",false,Web,"#N/A","#N/A",Medium,"#N/A",New,Subject_mxwdx,"#N/A","#N/A","#N/A","#N/A","#N/A"
5773d8db-d591-4f29-b301-fe42449e68bc,"#N/A","#N/A",false,Web,"#N/A","#N/A",Medium,"#N/A",New,Subject_hinnf,"#N/A","#N/A","#N/A","#N/A","#N/A"
5773e14b-8b5a-4d92-8ffc-94eebc3f7b7e,"#N/A","#N/A",false,Web,"#N/A","#N/A",Medium,"#N/A",New,Subject_ypbiv,"#N/A","#N/A","#N/A","#N/A","#N/A"
57747ac0-3d97-4ab6-b287-bd4148a5745f,"#N/A","#N/A",false,Web,"#N/A","#N/A",Medium,"#N/A",New,Subject_dhpnz,"#N/A","#N/A","#N/A","#N/A","#N/A"
5775c153-f898-4056-96b8-1feaed57e3bd,"#N/A","#N/A",false,Web,"#N/A","#N/A",Medium,"#N/A",New,Subject_tbcud,"#N/A","#N/A","#N/A","#N/A","#N/A"
577623f7-fc47-42fa-9f88-0f9a11cc8115,"#N/A","#N/A",false,Web,"#N/A","#N/A",Medium,"#N/A",New,Subject_eoyue,"#N/A","#N/A","#N/A","#N/A","#N/A"
577696fc-803c-4f3f-837e-5e934929fe38,"#N/A","#N/A",false,Web,"#N/A","#N/A",Medium,"#N/A",New,Subject_iamrc,"#N/A","#N/A","#N/A","#N/A","#N/A"
5779039a-3700-4761-ac1f-98467078b7e2,"#N/A","#N/A",false,Web,"#N/A","#N/A",Medium,"#N/A",New,Subject_dtuby,"#N/A","#N/A","#N/A","#N/A","#N/A"
577cb79c-825a-41f2-afa6-1e9cbd838809,"#N/A","#N/A",false,Web,"#N/A","#N/A",Medium,"#N/A",New,Subject_qbrsn,"#N/A","#N/A","#N/A","#N/A","#N/A"
577d6ff1-edff-497a-9980-aee600535a1f,"#N/A","#N/A",false,Web,"#N/A","#N/A",Medium,"#N/A",New,Subject_acamm,"#N/A","#N/A","#N/A","#N/A","#N/A"
5780dae2-313a-4e73-9edc-8b975d9bc783,"#N/A","#N/A",false,Web,"#N/A","#N/A",Medium,"#N/A",New,Subject_uhmnv,"#N/A","#N/A","#N/A","#N/A","#N/A"
57830a9e-0a3e-4324-a6fb-b8fac9151acd,"#N/A","#N/A",false,Web,"#N/A","#N/A",Medium,"#N/A",New,Subject_ytlhv,"#N/A","#N/A","#N/A","#N/A","#N/A"
57880864-4740-46bb-bb10-f7cf8cf0333c,"#N/A","#N/A",false,Web,"#N/A","#N/A",Medium,"#N/A",New,Subject_vysqf,"#N/A","#N/A","#N/A","#N/A","#N/A"
578c7165-ae57-492f-ad35-229fc334c01c,"#N/A","#N/A",false,Email,"#N/A","#N/A",Medium,"#N/A",Escalated,"#N/A","#N/A","#N/A","#N/A","#N/A","#N/A"
578d096c-80c5-4aa5-b0e9-3e252e458d5f,"#N/A","#N/A",false,Web,"#N/A","#N/A",Medium,"#N/A",New,Subject_xcvna,"#N/A","#N/A","#N/A","#N/A","#N/A"
578db887-0633-4dcc-a2d7-076c94899ce7,"#N/A","#N/A",false,Web,"#N/A","#N/A",Medium,"#N/A",New,Subject_rczmf,"#N/A","#N/A","#N/A","#N/A","#N/A"
57948ed5-5a95-4b39-95f6-e1d59a51f98a,"#N/A","#N/A",false,Web,"#N/A","#N/A",Medium,"#N/A",New,Subject_cpjav,"#N/A","#N/A","#N/A","#N/A","#N/A"
5796510f-695c-4f9f-91e2-de083af336f2,"#N/A","#N/A",false,Web,"#N/A","#N/A",Medium,"#N/A",New,Subject_qmdxs,"#N/A","#N/A","#N/A","#N/A","#N/A"
5798c4ce-cc4f-49fb-89a0-ac48c159bb3f,"#N/A","#N/A",false,Web,"#N/A","#N/A",Medium,"#N/A",New,Subject_vgrno,"#N/A","#N/A","#N/A","#N/A","#N/A"
579d23f2-1ed1-4aaa-b481-3960b1b6f2ab,"#N/A","#N/A",false,Web,"#N/A","#N/A",Medium,"#N/A",New,Subject_opnne,"#N/A","#N/A","#N/A","#N/A","#N/A"
579f0e86-0c04-4380-b6d2-0c3ecaf7a627,"#N/A","#N/A",false,Web,"#N/A","#N/A",Medium,"#N/A",New,Subject_detwy,"#N/A","#N/A","#N/A","#N/A","#N/A"
57a3632b-181f-419b-8d5e-095d2d3b2b28,"#N/A","#N/A",false,Web,"#N/A","#N/A",Medium,"#N/A",New,Subject_tkorf,"#N/A","#N/A","#N/A","#N/A","#N/A"
57a6554c-bb6f-4b8f-be70-b66951663214,"#N/A","#N/A",false,Web,"#N/A","#N/A",Medium,"#N/A",New,Subject_smfgs,"#N/A","#N/A","#N/A","#N/A","#N/A"
57ac16af-e21d-40d5-8b1e-f2f7761e8b63,"#N/A","#N/A",false,Web,"#N/A","#N/A",Medium,"#N/A",New,Subject_zqrtv,"#N/A","#N/A","#N/A","#N/A","#N/A"
57b020b3-3c5f-4b8f-91c3-ffec2a647e9f,"#N/A","#N/A",false,Web,"#N/A","#N/A",Medium,"#N/A",New,Subject_ogyjq,"#N/A","#N/A","#N/A","#N/A","#N/A"
57b03ea0-a91f-49bb-ab7b-219f023624e0,"#N/A","#N/A",false,Web,"#N/A","#N/A",Medium,"#N/A",New,Subject_spxeb,"#N/A","#N/A","#N/A","#N/A","#N/A"
57b040fa-4ce2-402b-a48b-46cb8da1fae1,"#N/A","#N/A",false,Web,"#N/A","#N/A",Medium,"#N/A",New,Subject_zmxep,"#N/A","#N/A","#N/A","#N/A","#N/A"
57b307e8-824c-48cd-85ef-82f6cdf49519,"#N/A","#N/A",false,Web,"#N/A","#N/A",Medium,"#N/A",New,Subject_qwvlc,"#N/A","#N/A","#N/A","#N/A","#N/A"
57b3209e-ffcf-4fa3-8e47-fafed284f717,"#N/A","#N/A",false,Web,"#N/A","#N/A",Medium,"#N/A",New,Subject_ayicx,"#N/A","#N/A","#N/A","#N/A","#N/A"
57bb0d27-6105-4fe7-a4bd-e665a240b815,"#N/A","#N/A",false,Web,"#N/A","#N/A",Medium,"#N/A",New,Subject_phvuo,"#N/A","#N/A","#N/A","#N/A","#N/A"
57bb4f78-de43-4842-9514-686e33fda33e,"#N/A","#N/A",false,Web,"#N/A","#N/A",Medium,"#N/A",New,Subject_tezoe,"#N/A","#N/A","#N/A","#N/A","#N/A"
57bf7672-c94a-4f14-9e21-979db7c49b18,"#N/A","#N/A",false,Web,"#N/A","#N/A",Medium,"#N/A",New,Subject_nbczj,"#N/A","#N/A","#N/A","#N/A","#N/A"
57ca7a54-4327-41f1-8986-7c764622941c,"#N/A","#N/A",false,Web,"#N/A","#N/A",Medium,"#N/A",New,Subject_cbszw,"#N/A","#N/A","#N/A","#N/A","#N/A"
57cf20ef-22ca-4ed1-8047-14ee942f260c,"#N/A","#N/A",false,Web,"#N/A","#N/A",Medium,"#N/A",New,Subject_qnfrn,"#N/A","#N/A","#N/A","#N/A","#N/A"
57d0a7b1-22f9-4069-b8b6-955cdb0fbc61,"#N/A","#N/A",false,Web,"#N/A","#N/A",Medium,"#N/A",New,Subject_zqxzq,"#N/A","#N/A","#N/A","#N/A","#N/A"
57d1c463-5c74-427b-8632-4912d32f310d,"#N/A","#N/A",false,Web,"#N/A","#N/A",Medium,"#N/A",New,Subject_gvlko,"#N/A","#N/A","#N/A","#N/A","#N/A"
57d2ee9b-63a1-4711-86e7-601dc83bfd31,"#N/A","#N/A",false,Web,"#N/A","#N/A",Medium,"#N/A",New,Subject_dcymn,"#N/A","#N/A","#N/A","#N/A","#N/A"
57d5c121-06d6-4646-a01b-3d113874899c,"#N/A","#N/A",false,Web,"#N/A","#N/A",Medium,"#N/A",New,Subject_yiewz,"#N/A","#N/A","#N/A","#N/A","#N/A"
57d7fe18-b47d-46c9-9d38-837d6ef41616,"#N/A","#N/A",false,Web,"#N/A","#N/A",Medium,"#N/A",New,Subject_wgzsa,"#N/A","#N/A","#N/A","#N/A","#N/A"
57d9a1c5-c433-49f9-92bc-322e33b1e0f4,"#N/A","#N/A",false,Web,"#N/A","#N/A",Medium,"#N/A",New,Subject_ffhky,"#N/A","#N/A","#N/A","#N/A","#N/A"
57db9c80-29d3-444a-963f-2cc8d9f797a6,"#N/A","#N/A",false,Web,"#N/A","#N/A",Medium,"#N/A",New,Subject_iolid,"#N/A","#N/A","#N/A","#N/A","#N/A"
57dda926-358b-4cdd-a88a-58891ca487e3,"#N/A","#N/A",false,Web,"#N/A","#N/A",Medium,"#N/A",New,Subject_fdcgi,"#N/A","#N/A","#N/A","#N/A","#N/A"
57de1178-0d8a-4b98-bb10-e09779e535b5,"#N/A","#N/A",false,Web,"#N/A","#N/A",Medium,"#N/A",New,Subject_ijoqa,"#N/A","#N/A","#N/A","#N/A","#N/A"
57dfcc1f-8fa3-41fe-969e-822886a61036,"#N/A","#N/A",false,Web,"#N/A","#N/A",Medium,"#N/A",New,Subject_yqlfy,"#N/A","#N/A","#N/A","#N/A","#N/A"
57e01bc0-f52a-46ab-bf3c-835e5f06f576,"#N/A","#N/A",false,Web,"#N/A","#N/A",Medium,"#N/A",New,Subject_lraqk,"#N/A","#N/A","#N/A","#N/A","#N/A"
57e4da46-3273-4b2c-910a-2ad21ab7f30b,"#N/A","#N/A",false,Web,"#N/A","#N/A",Medium,"#N/A",New,Subject_kicwl,"#N/A","#N/A","#N/A","#N/A","#N/A"
57eba9ce-53ea-4f92-b998-54577f84b5fe,"#N/A","#N/A",false,Web,"#N/A","#N/A",Medium,"#N/A",New,Subject_swllr,"#N/A","#N/A","#N/A","#N/A","#N/A"
57ecb3ba-924a-465e-8902-29aaf8285a6a,"#N/A","#N/A",false,Web,"#N/A","#N/A",Medium,"#N/A",New,Subject_uisqp,"#N/A","#N/A","#N/A","#N/A","#N/A"
57ecc27d-6b81-48dd-996c-2d10045c3d68,"#N/A","#N/A",false,Web,"#N/A","#N/A",Medium,"#N/A",New,Subject_ysfbz,"#N/A","#N/A","#N/A","#N/A","#N/A"
57edabc2-4f9d-45b5-8da7-fbe17c1e8c4d,"#N/A","#N/A",false,Web,"#N/A","#N/A",Medium,"#N/A",New,Subject_rdbch,"#N/A","#N/A","#N/A","#N/A","#N/A"
57ee7180-8342-49a6-a73f-2f4b67a7ccc6,"#N/A","#N/A",false,Web,"#N/A","#N/A",Medium,"#N/A",New,Subject_pilwz,"#N/A","#N/A","#N/A","#N/A","#N/A"
57f08b79-cd8a-45c6-bc51-a08674c6938c,"#N/A","#N/A",false,Web,"#N/A","#N/A",Medium,"#N/A",New,Subject_pbown,"#N/A","#N/A","#N/A","#N/A","#N/A"
57f745ca-a5f4-4c29-b3c4-af18aee89c94,"#N/A","#N/A",false,Web,"#N/A","#N/A",Medium,"#N/A",New,Subject_zrgty,"#N/A","#N/A","#N/A","#N/A","#N/A"
57f8accf-c201-4eb8-9969-42578a37a20d,"#N/A","#N/A",false,Web,"#N/A","#N/A",Medium,"#N/A",New,Subject_cpwja,"#N/A","#N/A","#N/A","#N/A","#N/A"
57fe4ae3-9f83-407c-8d4a-8014bc04d0a0,"#N/A","#N/A",false,Web,"#N/A","#N/A",Medium,"#N/A",New,Subject_faxfa,"#N/A","#N/A","#N/A","#N/A","#N/A"
580011a6-f74c-4392-bcaa-e12cb992cb05,"#N/A","#N/A",false,Web,"#N/A","#N/A",Medium,"#N/A",New,Subject_qkpna,"#N/A","#N/A","#N/A","#N/A","#N/A"
5804acf8-6dca-4fca-b220-204d7c12aecb,"#N/A","#N/A",false,Web,"#N/A","#N/A",Medium,"#N/A",New,Subject_mcawm,"#N/A","#N/A","#N/A","#N/A","#N/A"
5805dd52-ec2e-4156-ac31-271bb908ff5a,"#N/A","#N/A",false,Web,"#N/A","#N/A",Medium,"#N/A",New,Subject_qfirg,"#N/A","#N/A","#N/A","#N/A","#N/A"
5806ca49-770f-4c2a-a094-28cde633d31a,"#N/A","#N/A",false,Web,"#N/A","#N/A",Medium,"#N/A",New,Subject_syawl,"#N/A","#N/A","#N/A","#N/A","#N/A"
580a1bc9-4cb6-4618-b4ff-488cd98e182d,"#N/A","#N/A",false,Web,"#N/A","#N/A",Medium,"#N/A",New,Subject_iblou,"#N/A","#N/A","#N/A","#N/A","#N/A"
580a60e1-73ad-43d7-846e-24d5703867b4,"#N/A","#N/A",false,Web,"#N/A","#N/A",Medium,"#N/A",New,Subject_zafww,"#N/A","#N/A","#N/A","#N/A","#N/A"
580c7daf-0fed-48fd-be3a-f302af750a92,"#N/A","#N/A",false,Web,"#N/A","#N/A",Medium,"#N/A",New,Subject_ucgkm,"#N/A","#N/A","#N/A","#N/A","#N/A"
580f1f46-8272-43e5-9fed-002fe5d3f9e6,"#N/A","#N/A",false,Web,"#N/A","#N/A",Medium,"#N/A",New,Subject_ysjey,"#N/A","#N/A","#N/A","#N/A","#N/A"
58115dbc-8175-4824-86ba-85a51bb0e2ee,"#N/A","#N/A",false,Web,"#N/A","#N/A",Medium,"#N/A",New,Subject_wpfpt,"#N/A","#N/A","#N/A","#N/A","#N/A"
58128d76-85be-46a1-828e-f74693c9ca02,"#N/A","#N/A",false,Web,"#N/A","#N/A",Medium,"#N/A",New,Subject_pttxm,"#N/A","#N/A","#N/A","#N/A","#N/A"
581ae12d-fa96-4345-bccf-bf3eb7635bb7,"#N/A","#N/A",false,Web,"#N/A","#N/A",Medium,"#N/A",New,Subject_oqltu,"#N/A","#N/A","#N/A","#N/A","#N/A"
581ca75a-eebe-465d-a97d-e62c8c2e7554,"#N/A","#N/A",false,Web,"#N/A","#N/A",Medium,"#N/A",New,Subject_zdysu,"#N/A","#N/A","#N/A","#N/A","#N/A"
581d729a-b627-4908-885f-8ff8bbf343d3,"#N/A","#N/A",false,Web,"#N/A","#N/A",Medium,"#N/A",New,Subject_uwcas,"#N/A","#N/A","#N/A","#N/A","#N/A"
581f14c2-5d4b-4dd0-9fb2-ca546f79c971,"#N/A","#N/A",false,Web,"#N/A","#N/A",Medium,"#N/A",New,Subject_qsdgz,"#N/A","#N/A","#N/A","#N/A","#N/A"
581f9712-0f6c-4b86-b45b-57feee3743b4,"#N/A","#N/A",false,Web,"#N/A","#N/A",Medium,"#N/A",New,Subject_vgvka,"#N/A","#N/A","#N/A","#N/A","#N/A"
5829b635-82a9-4fad-ac96-f60c3f00c4f8,"#N/A","#N/A",false,Web,"#N/A","#N/A",Medium,"#N/A",New,Subject_pbykg,"#N/A","#N/A","#N/A","#N/A","#N/A"
582b662a-3631-44c6-ac54-a2d85b96f39d,"#N/A","#N/A",false,Web,"#N/A","#N/A",Medium,"#N/A",New,Subject_hemvy,"#N/A","#N/A","#N/A","#N/A","#N/A"
582d7144-3797-47f5-975d-65d1c249640c,"#N/A","#N/A",false,Web,"#N/A","#N/A",Medium,"#N/A",New,Subject_wuvfm,"#N/A","#N/A","#N/A","#N/A","#N/A"
5831425d-e623-4078-92c5-eef35182205e,"#N/A","#N/A",false,Web,"#N/A","#N/A",Medium,"#N/A",New,Subject_npzuy,"#N/A","#N/A","#N/A","#N/A","#N/A"
58345b7a-7c76-4a96-8aa3-9cc33cfe1c9a,"#N/A","#N/A",false,Web,"#N/A","#N/A",Medium,"#N/A",New,Subject_ndoqu,"#N/A","#N/A","#N/A","#N/A","#N/A"
5835db1f-f3eb-447f-a1f6-ce8ad6a1b40c,"#N/A","#N/A",false,Web,"#N/A","#N/A",Medium,"#N/A",New,Subject_axtxs,"#N/A","#N/A","#N/A","#N/A","#N/A"
58382797-61b7-40e5-86c1-77ab487452ac,"#N/A","#N/A",false,Web,"#N/A","#N/A",Medium,"#N/A",New,Subject_jocks,"#N/A","#N/A","#N/A","#N/A","#N/A"
58383e5b-7681-40ac-9520-9cec4e4da625,"#N/A","#N/A",false,Web,"#N/A","#N/A",Medium,"#N/A",New,Subject_qxsrb,"#N/A","#N/A","#N/A","#N/A","#N/A"
58385d02-fcc0-4d8c-8a7f-a26f3b9c2cd0,"#N/A","#N/A",false,Web,"#N/A","#N/A",Medium,"#N/A",New,Subject_hpgzw,"#N/A","#N/A","#N/A","#N/A","#N/A"
58393e56-dab6-4349-80fb-f4b6115d7f73,"#N/A","#N/A",false,Web,"#N/A","#N/A",Medium,"#N/A",New,Subject_hguke,"#N/A","#N/A","#N/A","#N/A","#N/A"
583c2d0a-b272-4e63-b824-e014743bbc2b,"#N/A","#N/A",false,Web,"#N/A","#N/A",Medium,"#N/A",New,Subject_nungk,"#N/A","#N/A","#N/A","#N/A","#N/A"
583e0389-cfb6-40d9-8651-0692404ede54,"#N/A","#N/A",false,Web,"#N/A","#N/A",Medium,"#N/A",New,Subject_rcblb,"#N/A","#N/A","#N/A","#N/A","#N/A"
583e2755-8cf1-4bfb-a325-14ce523e9a0c,"#N/A","#N/A",false,Web,"#N/A","#N/A",Medium,"#N/A",New,Subject_ouwsn,"#N/A","#N/A","#N/A","#N/A","#N/A"
583fe6bc-3a27-4cd4-8ae2-2b239a27a6a2,"#N/A","#N/A",false,Web,"#N/A","#N/A",Medium,"#N/A",New,Subject_zqzik,"#N/A","#N/A","#N/A","#N/A","#N/A"
584593f6-da35-4d97-87fb-8e117521bc64,"#N/A","#N/A",false,Web,"#N/A","#N/A",Medium,"#N/A",New,Subject_uwcas,"#N/A","#N/A","#N/A","#N/A","#N/A"
5846876f-9ac6-4cb9-a143-10fed6613a6b,"#N/A","#N/A",false,Web,"#N/A","#N/A",Medium,"#N/A",New,Subject_hemhf,"#N/A","#N/A","#N/A","#N/A","#N/A"
5847ed3a-20ee-48b0-8d31-94ec054c1ac4,"#N/A","#N/A",false,Web,"#N/A","#N/A",Medium,"#N/A",New,Subject_mykhy,"#N/A","#N/A","#N/A","#N/A","#N/A"
5848c869-f326-47dd-9afa-dbffaa36164a,"#N/A","#N/A",false,Web,"#N/A","#N/A",Medium,"#N/A",New,Subject_jhdxr,"#N/A","#N/A","#N/A","#N/A","#N/A"
58495608-e3f2-4c35-92fa-8584457143c9,"#N/A","#N/A",false,Web,"#N/A","#N/A",Medium,"#N/A",New,Subject_znxzo,"#N/A","#N/A","#N/A","#N/A","#N/A"
584e5fb0-fc83-40e4-b221-e6c4f16047e2,"#N/A","#N/A",false,Web,"#N/A","#N/A",Medium,"#N/A",New,Subject_aodbz,"#N/A","#N/A","#N/A","#N/A","#N/A"
585447e2-3911-49f6-bf3c-e2464f874666,"#N/A","#N/A",false,Web,"#N/A","#N/A",Medium,"#N/A",New,Subject_xweka,"#N/A","#N/A","#N/A","#N/A","#N/A"
58589876-f060-4569-be55-60888e2cce81,"#N/A","#N/A",false,Web,"#N/A","#N/A",Medium,"#N/A",New,Subject_beaqo,"#N/A","#N/A","#N/A","#N/A","#N/A"
58597d01-f016-40a5-a65f-47e8b8dda520,"#N/A","#N/A",false,Web,"#N/A","#N/A",Medium,"#N/A",New,Subject_kawlm,"#N/A","#N/A","#N/A","#N/A","#N/A"
585d5c1b-1dbf-4d8f-8be8-d6bccd684923,"#N/A","#N/A",false,Web,"#N/A","#N/A",Medium,"#N/A",New,Subject_rnubg,"#N/A","#N/A","#N/A","#N/A","#N/A"
585ec106-91a4-42f0-ad51-f1e5aff46d43,"#N/A","#N/A",false,Web,"#N/A","#N/A",Medium,"#N/A",New,Subject_opvbd,"#N/A","#N/A","#N/A","#N/A","#N/A"
5860681d-9f8b-4094-be24-043998cb23bd,"#N/A","#N/A",false,Web,"#N/A","#N/A",Medium,"#N/A",New,Subject_corxn,"#N/A","#N/A","#N/A","#N/A","#N/A"
58653e2c-f10c-4266-b707-0c74e3888a1e,"#N/A","#N/A",false,Web,"#N/A","#N/A",Medium,"#N/A",New,Subject_qqrza,"#N/A","#N/A","#N/A","#N/A","#N/A"
5868121a-e4a7-46fa-bdc6-f185f4b49570,"#N/A","#N/A",false,Web,"#N/A","#N/A",Medium,"#N/A",New,Subject_cizur,"#N/A","#N/A","#N/A","#N/A","#N/A"
586d2780-eed8-46bf-aa36-6e14af0bfc18,"#N/A","#N/A",false,Web,"#N/A","#N/A",Medium,"#N/A",New,Subject_likpq,"#N/A","#N/A","#N/A","#N/A","#N/A"
587d1cd4-1cf0-4b39-936c-cd913a9b196b,"#N/A","#N/A",false,Web,"#N/A","#N/A",Medium,"#N/A",New,Subject_tghty,"#N/A","#N/A","#N/A","#N/A","#N/A"
587d241b-31e6-4441-8e19-00a30917d11b,"#N/A","#N/A",false,Web,"#N/A","#N/A",Medium,"#N/A",New,Subject_oxtta,"#N/A","#N/A","#N/A","#N/A","#N/A"
587e6e1e-b95c-472b-8bbd-d756cbe8bafa,"#N/A","#N/A",false,Web,"#N/A","#N/A",Medium,"#N/A",New,Subject_qsglx,"#N/A","#N/A","#N/A","#N/A","#N/A"
58806206-2c74-443a-b21a-34a0f9c4e1d8,"#N/A","#N/A",false,Web,"#N/A","#N/A",Medium,"#N/A",New,Subject_oghrk,"#N/A","#N/A","#N/A","#N/A","#N/A"
58815cf7-0044-48d4-92ca-af02dcd6d433,"#N/A","#N/A",false,Web,"#N/A","#N/A",Medium,"#N/A",New,Subject_jbnok,"#N/A","#N/A","#N/A","#N/A","#N/A"
5881ea48-335a-447a-82c3-0def44836c72,"#N/A","#N/A",false,Web,"#N/A","#N/A",Medium,"#N/A",New,Subject_tvonk,"#N/A","#N/A","#N/A","#N/A","#N/A"
588ab9e2-4a86-4fdd-b8f0-24ba08ff787e,"#N/A","#N/A",false,Web,"#N/A","#N/A",Medium,"#N/A",New,Subject_eyqhj,"#N/A","#N/A","#N/A","#N/A","#N/A"
588d1afc-4912-4839-bfa7-e148b58e848d,"#N/A","#N/A",false,Web,"#N/A","#N/A",Medium,"#N/A",New,Subject_nnbow,"#N/A","#N/A","#N/A","#N/A","#N/A"
5890600e-970c-4192-85a1-ae0797aba3c5,"#N/A","#N/A",false,Web,"#N/A","#N/A",Medium,"#N/A",New,Subject_vzeat,"#N/A","#N/A","#N/A","#N/A","#N/A"
589341f1-4adc-4784-91a4-76f8200ba408,"#N/A","#N/A",false,Web,"#N/A","#N/A",Medium,"#N/A",New,Subject_hxcib,"#N/A","#N/A","#N/A","#N/A","#N/A"
58994d54-14fc-40a1-bd83-78e579d44287,"#N/A","#N/A",false,Web,"#N/A","#N/A",Medium,"#N/A",New,Subject_kpmgo,"#N/A","#N/A","#N/A","#N/A","#N/A"
589bcaf3-2b3b-4dea-bb0a-60e03a7f8556,"#N/A","#N/A",false,Web,"#N/A","#N/A",Medium,"#N/A",New,Subject_lmisc,"#N/A","#N/A","#N/A","#N/A","#N/A"
589de0a9-5373-42f7-b488-ae27c026a1c1,"#N/A","#N/A",false,Web,"#N/A","#N/A",Medium,"#N/A",New,Subject_dajlf,"#N/A","#N/A","#N/A","#N/A","#N/A"
589e4807-3968-4a4c-89fa-bf6f13e6461c,"#N/A","#N/A",false,Web,"#N/A","#N/A",Medium,"#N/A",New,Subject_aphxu,"#N/A","#N/A","#N/A","#N/A","#N/A"
589e7e59-f2c4-4276-98e9-4804c96888b4,"#N/A","#N/A",false,Web,"#N/A","#N/A",Medium,"#N/A",New,Subject_xocdt,"#N/A","#N/A","#N/A","#N/A","#N/A"
58a517cc-3d78-4ce9-ab6f-374b4a7d5609,"#N/A","#N/A",false,Web,"#N/A","#N/A",Medium,"#N/A",New,Subject_orlcp,"#N/A","#N/A","#N/A","#N/A","#N/A"
58a54ba8-ec24-4fb9-8e04-45af9cd39e5b,"#N/A","#N/A",false,Web,"#N/A","#N/A",Medium,"#N/A",New,Subject_usndi,"#N/A","#N/A","#N/A","#N/A","#N/A"
58a7c09e-dd7c-419d-8f5a-33861b8585e9,"#N/A","#N/A",false,Web,"#N/A","#N/A",Medium,"#N/A",New,Subject_yfxkw,"#N/A","#N/A","#N/A","#N/A","#N/A"
58ac8aa5-fdaa-4fa9-9103-8c7734fc9931,"#N/A","#N/A",false,Web,"#N/A","#N/A",Medium,"#N/A",New,Subject_czxdy,"#N/A","#N/A","#N/A","#N/A","#N/A"
58af5c50-1f1e-48c9-9492-350361fe523f,"#N/A","#N/A",false,Web,"#N/A","#N/A",Medium,"#N/A",New,Subject_wusmv,"#N/A","#N/A","#N/A","#N/A","#N/A"
58afec9a-9d46-44fa-b1c9-fdb9e48c36ab,"#N/A","#N/A",false,Web,"#N/A","#N/A",Medium,"#N/A",New,Subject_mavtx,"#N/A","#N/A","#N/A","#N/A","#N/A"
58b13963-e205-414f-bde3-2c2a555e1aba,"#N/A","#N/A",false,Web,"#N/A","#N/A",Medium,"#N/A",New,Subject_snafk,"#N/A","#N/A","#N/A","#N/A","#N/A"
58b283f1-bd17-4604-bf1b-f514a8aeae6d,"#N/A","#N/A",false,Web,"#N/A","#N/A",Medium,"#N/A",New,Subject_yptpk,"#N/A","#N/A","#N/A","#N/A","#N/A"
58b2b9d3-0348-4381-bc23-8743a2db8d0d,"#N/A","#N/A",false,Web,"#N/A","#N/A",Medium,"#N/A",New,Subject_layqo,"#N/A","#N/A","#N/A","#N/A","#N/A"
58b680eb-95aa-4345-9587-2c0873ed9a8e,"#N/A","#N/A",false,Web,"#N/A","#N/A",Medium,"#N/A",New,Subject_uhtqi,"#N/A","#N/A","#N/A","#N/A","#N/A"
58ba2a95-6adc-4046-932c-077971289274,"#N/A","#N/A",false,Web,"#N/A","#N/A",Medium,"#N/A",New,Subject_mjozo,"#N/A","#N/A","#N/A","#N/A","#N/A"
58bdbace-904f-4075-98c9-9a87f04f307f,"#N/A","#N/A",false,Web,"#N/A","#N/A",Medium,"#N/A",New,Subject_iqofi,"#N/A","#N/A","#N/A","#N/A","#N/A"
58c10fe7-e083-4970-8d17-f7df68a30c1f,"#N/A","#N/A",false,Web,"#N/A","#N/A",Medium,"#N/A",New,Subject_btmcm,"#N/A","#N/A","#N/A","#N/A","#N/A"
58c1d12a-2283-49e3-b223-3df6f696476c,"#N/A","#N/A",false,Web,"#N/A","#N/A",Medium,"#N/A",New,Subject_itvzm,"#N/A","#N/A","#N/A","#N/A","#N/A"
58c451a7-b7fc-4d34-8980-b91d7027e84b,"#N/A","#N/A",false,Web,"#N/A","#N/A",Medium,"#N/A",New,Subject_delgu,"#N/A","#N/A","#N/A","#N/A","#N/A"
58c70c6e-30b1-4119-8e27-a17aaa48f084,"#N/A","#N/A",false,Web,"#N/A","#N/A",Medium,"#N/A",New,Subject_fvope,"#N/A","#N/A","#N/A","#N/A","#N/A"
58ca2a86-8e8f-493b-a515-22e879ba2119,"#N/A","#N/A",false,Web,"#N/A","#N/A",Medium,"#N/A",New,Subject_iwynw,"#N/A","#N/A","#N/A","#N/A","#N/A"
58cacfa4-163c-4b53-b0d7-e2fb47e69889,"#N/A","#N/A",false,Web,"#N/A","#N/A",Medium,"#N/A",New,Subject_xewhj,"#N/A","#N/A","#N/A","#N/A","#N/A"
58cb5894-7317-4d12-9677-7be5b2cba4e6,"#N/A","#N/A",false,Web,"#N/A","#N/A",Medium,"#N/A",New,Subject_qvjiy,"#N/A","#N/A","#N/A","#N/A","#N/A"
58cef056-aa99-406b-8396-81bc9ff064bd,"#N/A","#N/A",false,Web,"#N/A","#N/A",Medium,"#N/A",New,Subject_reorb,"#N/A","#N/A","#N/A","#N/A","#N/A"
58cf0767-608c-4ad1-b00b-779280abe22d,"#N/A","#N/A",false,Web,"#N/A","#N/A",Medium,"#N/A",New,Subject_jesnt,"#N/A","#N/A","#N/A","#N/A","#N/A"
58cf29af-16f4-4f13-988f-07f0e51caaf0,"#N/A","#N/A",false,Web,"#N/A","#N/A",Medium,"#N/A",New,Subject_buugi,"#N/A","#N/A","#N/A","#N/A","#N/A"
58d4044e-9efe-4155-9346-552e67ea773c,"#N/A","#N/A",false,Web,"#N/A","#N/A",Medium,"#N/A",New,Subject_crdwv,"#N/A","#N/A","#N/A","#N/A","#N/A"
58d58e10-89e8-4215-a73f-3bf88c5d2c49,"#N/A","#N/A",false,Web,"#N/A","#N/A",Medium,"#N/A",New,Subject_tmvhu,"#N/A","#N/A","#N/A","#N/A","#N/A"
58d74c9f-88ae-44d3-b74a-5ccf0fd792ca,"#N/A","#N/A",false,Web,"#N/A","#N/A",Medium,"#N/A",New,Subject_fbihx,"#N/A","#N/A","#N/A","#N/A","#N/A"
58db2e8e-dc35-4efc-8af0-594f0bd3325b,"#N/A","#N/A",false,Web,"#N/A","#N/A",Medium,"#N/A",New,Subject_xjlbz,"#N/A","#N/A","#N/A","#N/A","#N/A"
58db6e6f-4297-4dc4-b140-e8927e5cae6f,"#N/A","#N/A",false,Web,"#N/A","#N/A",Medium,"#N/A",New,Subject_hlhvx,"#N/A","#N/A","#N/A","#N/A","#N/A"
58dc8ad6-a301-46fd-a456-88c24d7b0b8b,"#N/A","#N/A",false,Web,"#N/A","#N/A",Medium,"#N/A",New,Subject_lfbqp,"#N/A","#N/A","#N/A","#N/A","#N/A"
58e16453-5b0d-45f9-8409-24e8032dadd5,"#N/A","#N/A",false,Web,"#N/A","#N/A",Medium,"#N/A",New,Subject_xgfud,"#N/A","#N/A","#N/A","#N/A","#N/A"
58e61afa-e28d-4ffe-a01c-1c0d0f8c61bd,"#N/A","#N/A",false,Web,"#N/A","#N/A",Medium,"#N/A",New,Subject_ebgvo,"#N/A","#N/A","#N/A","#N/A","#N/A"
58ec2a2e-8db1-4143-b22c-34cd0e08e776,"#N/A","#N/A",false,Web,"#N/A","#N/A",Medium,"#N/A",New,Subject_kbvxh,"#N/A","#N/A","#N/A","#N/A","#N/A"
58ee506e-6b89-46a2-8eec-98b5e7e13736,"#N/A","#N/A",false,Web,"#N/A","#N/A",Medium,"#N/A",New,Subject_kzojd,"#N/A","#N/A","#N/A","#N/A","#N/A"
58eecd52-9bb7-49de-9600-26c1ba7caf68,"#N/A","#N/A",false,Web,"#N/A","#N/A",Medium,"#N/A",New,Subject_kwdai,"#N/A","#N/A","#N/A","#N/A","#N/A"
58f31537-2471-4a01-9968-a79ddae77151,"#N/A","#N/A",false,Web,"#N/A","#N/A",Medium,"#N/A",New,Subject_uojvi,"#N/A","#N/A","#N/A","#N/A","#N/A"
58f9f526-1d71-47d3-9c8e-24ff70bb478c,"#N/A","#N/A",false,Web,"#N/A","#N/A",Medium,"#N/A",New,Subject_slxxn,"#N/A","#N/A","#N/A","#N/A","#N/A"
58fb02aa-24ba-4d71-88d5-3f129ad9bd14,"#N/A","#N/A",false,Web,"#N/A","#N/A",Medium,"#N/A",New,Subject_bdmpb,"#N/A","#N/A","#N/A","#N/A","#N/A"
58fc40db-8257-4b83-9e5d-8b714f6132ae,"#N/A","#N/A",false,Web,"#N/A","#N/A",Medium,"#N/A",New,Subject_dzvzf,"#N/A","#N/A","#N/A","#N/A","#N/A"
58ff713d-a74a-4060-a520-f7932ce272f9,"#N/A","#N/A",false,Web,"#N/A","#N/A",Medium,"#N/A",New,Subject_zadjz,"#N/A","#N/A","#N/A","#N/A","#N/A"
59010823-af23-4d30-9083-4fc6eebf19c0,"#N/A","#N/A",false,Web,"#N/A","#N/A",Medium,"#N/A",New,Subject_jvcny,"#N/A","#N/A","#N/A","#N/A","#N/A"
5901fabe-8c6a-4b8b-8abe-19f475446bcc,"#N/A","#N/A",false,Web,"#N/A","#N/A",Medium,"#N/A",New,Subject_uytnx,"#N/A","#N/A","#N/A","#N/A","#N/A"
5907a70b-3382-49d9-8f52-5fe5963f1664,"#N/A","#N/A",false,Web,"#N/A","#N/A",Medium,"#N/A",New,Subject_vvzaa,"#N/A","#N/A","#N/A","#N/A","#N/A"
590814f9-3ae0-41bb-85cc-54c47c055183,"#N/A","#N/A",false,Web,"#N/A","#N/A",Medium,"#N/A",New,Subject_rxjmk,"#N/A","#N/A","#N/A","#N/A","#N/A"
590b8f67-0c41-4464-ac66-e1f75d79f145,"#N/A","#N/A",false,Web,"#N/A","#N/A",Medium,"#N/A",New,Subject_axkjp,"#N/A","#N/A","#N/A","#N/A","#N/A"
590f0a38-f506-4025-8bb0-2b65e604bacf,"#N/A","#N/A",false,Web,"#N/A","#N/A",Medium,"#N/A",New,Subject_jsckz,"#N/A","#N/A","#N/A","#N/A","#N/A"
590fe85a-8d85-4411-9327-4adde2ec49c9,"#N/A","#N/A",false,Web,"#N/A","#N/A",Medium,"#N/A",New,Subject_hmrgt,"#N/A","#N/A","#N/A","#N/A","#N/A"
59117b2f-8a3e-4f1f-8443-0304ee5529ae,"#N/A","#N/A",false,Web,"#N/A","#N/A",Medium,"#N/A",New,Subject_tgpai,"#N/A","#N/A","#N/A","#N/A","#N/A"
59129329-3a8a-4d0c-a083-6b1129e09cbd,"#N/A","#N/A",false,Web,"#N/A","#N/A",Medium,"#N/A",New,Subject_onidj,"#N/A","#N/A","#N/A","#N/A","#N/A"
59143b90-803f-46d0-b17d-3e99a64e1a04,"#N/A","#N/A",false,Web,"#N/A","#N/A",Medium,"#N/A",New,Subject_fogbv,"#N/A","#N/A","#N/A","#N/A","#N/A"
59143cf4-258d-492c-b2a5-4a3e1cd5a22d,"#N/A","#N/A",false,Web,"#N/A","#N/A",Medium,"#N/A",New,Subject_hpkqm,"#N/A","#N/A","#N/A","#N/A","#N/A"
59196953-64ce-4126-829e-4fe6c92f2f6a,"#N/A","#N/A",false,Web,"#N/A","#N/A",Medium,"#N/A",New,Subject_dzlad,"#N/A","#N/A","#N/A","#N/A","#N/A"
591f499a-f75f-4baa-b5d1-12f4ae8ff2e4,"#N/A","#N/A",false,Web,"#N/A","#N/A",Medium,"#N/A",New,Subject_oudbr,"#N/A","#N/A","#N/A","#N/A","#N/A"
59254d3d-b96e-43b8-9070-45fab19f3b22,"#N/A","#N/A",false,Web,"#N/A","#N/A",Medium,"#N/A",New,Subject_ihskf,"#N/A","#N/A","#N/A","#N/A","#N/A"
592fbbe0-6713-4053-b038-5610bd9465d3,"#N/A","#N/A",false,Web,"#N/A","#N/A",Medium,"#N/A",New,Subject_bsacu,"#N/A","#N/A","#N/A","#N/A","#N/A"
5931ab20-9c5a-4b9a-ae56-5585164abdcd,"#N/A","#N/A",false,Web,"#N/A","#N/A",Medium,"#N/A",New,Subject_sefft,"#N/A","#N/A","#N/A","#N/A","#N/A"
593251df-923c-4eb3-b555-fadffa08f8a3,"#N/A","#N/A",false,Web,"#N/A","#N/A",Medium,"#N/A",New,Subject_zlivt,"#N/A","#N/A","#N/A","#N/A","#N/A"
5933ba1b-bd41-44fc-9ab7-b8fdac1cab7a,"#N/A","#N/A",false,Web,"#N/A","#N/A",Medium,"#N/A",New,Subject_czjhr,"#N/A","#N/A","#N/A","#N/A","#N/A"
59363994-eeba-4be6-bba5-4c0bec7c05c9,"#N/A","#N/A",false,Web,"#N/A","#N/A",Medium,"#N/A",New,Subject_tvdbd,"#N/A","#N/A","#N/A","#N/A","#N/A"
5937d1f5-a027-44f9-8d28-c83d5f9ffbc6,"#N/A","#N/A",false,Web,"#N/A","#N/A",Medium,"#N/A",New,Subject_cmfxy,"#N/A","#N/A","#N/A","#N/A","#N/A"
59383973-f807-4fb8-8cb8-fdcf093f6963,"#N/A","#N/A",false,Web,"#N/A","#N/A",Medium,"#N/A",New,Subject_scxpy,"#N/A","#N/A","#N/A","#N/A","#N/A"
59385ed4-b12e-4dbc-8d2c-42a4d7055632,"#N/A","#N/A",false,Web,"#N/A","#N/A",Medium,"#N/A",New,Subject_nyoia,"#N/A","#N/A","#N/A","#N/A","#N/A"
593898c8-2f34-4737-bfbf-6baeff833a34,"#N/A","#N/A",false,Web,"#N/A","#N/A",Medium,"#N/A",New,Subject_dtggo,"#N/A","#N/A","#N/A","#N/A","#N/A"
593c112b-fd9a-4c8b-9d87-21df6d1159b7,"#N/A","#N/A",false,Web,"#N/A","#N/A",Medium,"#N/A",New,Subject_avqdi,"#N/A","#N/A","#N/A","#N/A","#N/A"
593cbe0a-c9e1-4e56-a19b-dd5cfc436dbc,"#N/A","#N/A",false,Web,"#N/A","#N/A",Medium,"#N/A",New,Subject_vadtj,"#N/A","#N/A","#N/A","#N/A","#N/A"
593eb1dc-35f7-43d5-9977-f974c17f42b8,"#N/A","#N/A",false,Web,"#N/A","#N/A",Medium,"#N/A",New,Subject_nfpyh,"#N/A","#N/A","#N/A","#N/A","#N/A"
594047dc-53d5-4eca-81df-2b1382a0d5df,"#N/A","#N/A",false,Web,"#N/A","#N/A",Medium,"#N/A",New,Subject_qogih,"#N/A","#N/A","#N/A","#N/A","#N/A"
59491d56-24db-4b1a-a357-2dece2819384,"#N/A","#N/A",false,Web,"#N/A","#N/A",Medium,"#N/A",New,Subject_vklwr,"#N/A","#N/A","#N/A","#N/A","#N/A"
594b916b-4355-4d5e-8bff-caba0d2e922d,"#N/A","#N/A",false,Web,"#N/A","#N/A",Medium,"#N/A",New,Subject_oeujj,"#N/A","#N/A","#N/A","#N/A","#N/A"
5950ccde-2413-40e6-b411-02ad4604c15b,"#N/A","#N/A",false,Web,"#N/A","#N/A",Medium,"#N/A",New,Subject_ejfno,"#N/A","#N/A","#N/A","#N/A","#N/A"
59511fd1-bea6-482a-b0d6-07169a657ede,"#N/A","#N/A",false,Web,"#N/A","#N/A",Medium,"#N/A",New,Subject_vgkoi,"#N/A","#N/A","#N/A","#N/A","#N/A"
595305ab-1fc6-4a85-a5e4-a7cebb62e767,"#N/A","#N/A",false,Web,"#N/A","#N/A",Medium,"#N/A",New,Subject_gfqbr,"#N/A","#N/A","#N/A","#N/A","#N/A"
59542f3b-5ab3-4a11-ad17-dcb9541184e5,"#N/A","#N/A",false,Web,"#N/A","#N/A",Medium,"#N/A",New,Subject_uaayu,"#N/A","#N/A","#N/A","#N/A","#N/A"
59561a09-11b2-48e4-b917-29548bccabc1,"#N/A","#N/A",false,Web,"#N/A","#N/A",Medium,"#N/A",New,Subject_wxueb,"#N/A","#N/A","#N/A","#N/A","#N/A"
5956bae9-2d07-449e-b61c-f3891cdc3b8a,"#N/A","#N/A",false,Web,"#N/A","#N/A",Medium,"#N/A",New,Subject_kqgid,"#N/A","#N/A","#N/A","#N/A","#N/A"
5958ef15-6eb5-4fab-bc52-45536fee45c3,"#N/A","#N/A",false,Web,"#N/A","#N/A",Medium,"#N/A",New,Subject_nrrkl,"#N/A","#N/A","#N/A","#N/A","#N/A"
595bf318-df47-4cb2-8cc4-867fb3738464,"#N/A","#N/A",false,Web,"#N/A","#N/A",Medium,"#N/A",New,Subject_nnqnv,"#N/A","#N/A","#N/A","#N/A","#N/A"
5960e92c-4863-451d-87f7-21d2a7da2acc,"#N/A","#N/A",false,Web,"#N/A","#N/A",Medium,"#N/A",New,Subject_wntrq,"#N/A","#N/A","#N/A","#N/A","#N/A"
596241b8-c4d0-4748-9f43-75801df6ab92,"#N/A","#N/A",false,Web,"#N/A","#N/A",Medium,"#N/A",New,Subject_qyqyr,"#N/A","#N/A","#N/A","#N/A","#N/A"
59625018-027b-4bb1-ad4c-7f9a0c3b2946,"#N/A","#N/A",false,Web,"#N/A","#N/A",Medium,"#N/A",New,Subject_maoih,"#N/A","#N/A","#N/A","#N/A","#N/A"
5965b273-7e38-4cd2-a537-b655020e79d7,"#N/A","#N/A",false,Web,"#N/A","#N/A",Medium,"#N/A",New,Subject_ordfq,"#N/A","#N/A","#N/A","#N/A","#N/A"
596a6402-c847-4d1d-8bc7-b3c28c46669a,"#N/A","#N/A",false,Web,"#N/A","#N/A",Medium,"#N/A",New,Subject_uwlos,"#N/A","#N/A","#N/A","#N/A","#N/A"
596ad966-f1a7-4ef7-8fb6-1b6e8280478a,"#N/A","#N/A",false,Web,"#N/A","#N/A",Medium,"#N/A",New,Subject_riqyn,"#N/A","#N/A","#N/A","#N/A","#N/A"
596caf16-b5ac-444f-98ec-23e134f62c02,"#N/A","#N/A",false,Web,"#N/A","#N/A",Medium,"#N/A",New,Subject_rpzta,"#N/A","#N/A","#N/A","#N/A","#N/A"
596d274d-44ee-44b8-b779-cc831b1aab1b,"#N/A","#N/A",false,Web,"#N/A","#N/A",Medium,"#N/A",New,Subject_ffmvd,"#N/A","#N/A","#N/A","#N/A","#N/A"
596df0de-e671-43d4-99c4-a916032075af,"#N/A","#N/A",false,Web,"#N/A","#N/A",Medium,"#N/A",New,Subject_mhtyk,"#N/A","#N/A","#N/A","#N/A","#N/A"
5971a20a-904c-46e0-9cb6-40bf6d6208fa,"#N/A","#N/A",false,Web,"#N/A","#N/A",Medium,"#N/A",New,Subject_caxub,"#N/A","#N/A","#N/A","#N/A","#N/A"
597a65bd-91d9-4be7-9f23-54989d6998bc,"#N/A","#N/A",false,Web,"#N/A","#N/A",Medium,"#N/A",New,Subject_aveap,"#N/A","#N/A","#N/A","#N/A","#N/A"
597e1bd0-5aa7-482a-a37d-c6c64f877e18,"#N/A","#N/A",false,Web,"#N/A","#N/A",Medium,"#N/A",New,Subject_hikde,"#N/A","#N/A","#N/A","#N/A","#N/A"
5980a48b-bbd1-406f-aeef-bba7e9f3291a,"#N/A","#N/A",false,Web,"#N/A","#N/A",Medium,"#N/A",New,Subject_ifcxw,"#N/A","#N/A","#N/A","#N/A","#N/A"
598362aa-6c82-475b-a9c6-2ccd232673d8,"#N/A","#N/A",false,Web,"#N/A","#N/A",Medium,"#N/A",New,Subject_gkhit,"#N/A","#N/A","#N/A","#N/A","#N/A"
59890388-4062-489f-8548-bbd7cf4243bc,"#N/A","#N/A",false,Web,"#N/A","#N/A",Medium,"#N/A",New,Subject_ynnqf,"#N/A","#N/A","#N/A","#N/A","#N/A"
598cb5b7-8273-4686-8648-4f7a80969089,"#N/A","#N/A",false,Web,"#N/A","#N/A",Medium,"#N/A",New,Subject_spxjm,"#N/A","#N/A","#N/A","#N/A","#N/A"
59948085-f55f-432c-a96b-92d2f1ac0bbb,"#N/A","#N/A",false,Web,"#N/A","#N/A",Medium,"#N/A",New,Subject_sfbgf,"#N/A","#N/A","#N/A","#N/A","#N/A"
599717c5-df9d-422f-8753-92284b358012,"#N/A","#N/A",false,Web,"#N/A","#N/A",Medium,"#N/A",New,Subject_sjgak,"#N/A","#N/A","#N/A","#N/A","#N/A"
59976dab-6658-47e8-b7c0-817715a9ed9c,"#N/A","#N/A",false,Web,"#N/A","#N/A",Medium,"#N/A",New,Subject_fovcd,"#N/A","#N/A","#N/A","#N/A","#N/A"
59997e12-ab3a-449e-8952-e32f9de9dc1d,"#N/A","#N/A",false,Web,"#N/A","#N/A",Medium,"#N/A",New,Subject_qxhhd,"#N/A","#N/A","#N/A","#N/A","#N/A"
599a0810-5584-4d88-ab44-6e2afa3d1a06,"#N/A","#N/A",false,Web,"#N/A","#N/A",Medium,"#N/A",New,Subject_aoigk,"#N/A","#N/A","#N/A","#N/A","#N/A"
599ed620-25eb-4ddd-954e-d06cbd98b98e,"#N/A","#N/A",false,Web,"#N/A","#N/A",Medium,"#N/A",New,Subject_xhtum,"#N/A","#N/A","#N/A","#N/A","#N/A"
59a1b617-6dfd-4925-9506-fce16bd3c3f4,"#N/A","#N/A",false,Web,"#N/A","#N/A",Medium,"#N/A",New,Subject_ebrzh,"#N/A","#N/A","#N/A","#N/A","#N/A"
59a4c1b3-b2a3-4294-bd4d-41021fc1fe0e,"#N/A","#N/A",false,Web,"#N/A","#N/A",Medium,"#N/A",New,Subject_lrzgo,"#N/A","#N/A","#N/A","#N/A","#N/A"
59a67a57-9693-440b-8663-32da71802814,"#N/A","#N/A",false,Web,"#N/A","#N/A",Medium,"#N/A",New,Subject_hivjr,"#N/A","#N/A","#N/A","#N/A","#N/A"
59a79c9b-f860-4149-9a02-3ff870407f83,"#N/A","#N/A",false,Web,"#N/A","#N/A",Medium,"#N/A",New,Subject_kkgmf,"#N/A","#N/A","#N/A","#N/A","#N/A"
59ab4be5-02eb-49f2-bb8e-01c1e6ff916f,"#N/A","#N/A",false,Web,"#N/A","#N/A",Medium,"#N/A",New,Subject_hiqty,"#N/A","#N/A","#N/A","#N/A","#N/A"
59af744a-f772-4ee1-af31-c6a7bfcd2696,"#N/A","#N/A",false,Web,"#N/A","#N/A",Medium,"#N/A",New,Subject_ioluc,"#N/A","#N/A","#N/A","#N/A","#N/A"
59b08fd6-a19d-4858-9f73-9b63919132ff,"#N/A","#N/A",false,Web,"#N/A","#N/A",Medium,"#N/A",New,Subject_oewxe,"#N/A","#N/A","#N/A","#N/A","#N/A"
59b449de-1902-4b61-839a-3e73c0f85476,"#N/A","#N/A",false,Web,"#N/A","#N/A",Medium,"#N/A",New,Subject_dzbzf,"#N/A","#N/A","#N/A","#N/A","#N/A"
59ba5ecc-ca61-4502-b363-76a712794a2c,"#N/A","#N/A",false,Web,"#N/A","#N/A",Medium,"#N/A",New,Subject_yaoiz,"#N/A","#N/A","#N/A","#N/A","#N/A"
59bc1ae2-ccc9-4a9d-8bdb-e0a8fc86c5db,"#N/A","#N/A",false,Web,"#N/A","#N/A",Medium,"#N/A",New,Subject_vukzf,"#N/A","#N/A","#N/A","#N/A","#N/A"
59c1ef4c-8a1e-4971-8203-62d67e891d28,"#N/A","#N/A",false,Web,"#N/A","#N/A",Medium,"#N/A",New,Subject_fcfuo,"#N/A","#N/A","#N/A","#N/A","#N/A"
59c4b550-6dd4-4d4c-9f56-b5f61ffcf376,"#N/A","#N/A",false,Web,"#N/A","#N/A",Medium,"#N/A",New,Subject_xybqj,"#N/A","#N/A","#N/A","#N/A","#N/A"
59c7986f-416a-4c33-9e87-52aa8644c57d,"#N/A","#N/A",false,Web,"#N/A","#N/A",Medium,"#N/A",New,Subject_togyn,"#N/A","#N/A","#N/A","#N/A","#N/A"
59c834f4-9218-4731-a168-bfd49392d75f,"#N/A","#N/A",false,Web,"#N/A","#N/A",Medium,"#N/A",New,Subject_rgwln,"#N/A","#N/A","#N/A","#N/A","#N/A"
59c940e1-a146-407b-9322-9e1377179504,"#N/A","#N/A",false,Web,"#N/A","#N/A",Medium,"#N/A",New,Subject_hilkm,"#N/A","#N/A","#N/A","#N/A","#N/A"
59ca7ccd-31eb-4779-908d-c5abfcacf85d,"#N/A","#N/A",false,Web,"#N/A","#N/A",Medium,"#N/A",New,Subject_owyin,"#N/A","#N/A","#N/A","#N/A","#N/A"
59cafaf7-cdf9-4451-86eb-b809b1cf94cb,"#N/A","#N/A",false,Web,"#N/A","#N/A",Medium,"#N/A",New,Subject_ygbip,"#N/A","#N/A","#N/A","#N/A","#N/A"
59ccb680-85b2-4c72-abe4-96a82c4fcd3c,"#N/A","#N/A",false,Web,"#N/A","#N/A",Medium,"#N/A",New,Subject_twpgw,"#N/A","#N/A","#N/A","#N/A","#N/A"
59cf6c60-0e17-4b79-84fa-9ae3f2fbb7f3,"#N/A","#N/A",false,Web,"#N/A","#N/A",Medium,"#N/A",New,Subject_vckay,"#N/A","#N/A","#N/A","#N/A","#N/A"
59d04a5f-fdd2-4966-9ee3-54dac792cce9,"#N/A","#N/A",false,Web,"#N/A","#N/A",Medium,"#N/A",New,Subject_mcfrr,"#N/A","#N/A","#N/A","#N/A","#N/A"
59d059be-b7da-4a25-b5a8-844e7facd94c,"#N/A","#N/A",false,Web,"#N/A","#N/A",Medium,"#N/A",New,Subject_spwex,"#N/A","#N/A","#N/A","#N/A","#N/A"
59d5a7c2-783f-4e31-81e9-5d17bdf18b63,"#N/A","#N/A",false,Web,"#N/A","#N/A",Medium,"#N/A",New,Subject_kxnvn,"#N/A","#N/A","#N/A","#N/A","#N/A"
59d78a10-de0b-43e6-b73c-d1362e49a936,"#N/A","#N/A",false,Web,"#N/A","#N/A",Medium,"#N/A",New,Subject_icnfp,"#N/A","#N/A","#N/A","#N/A","#N/A"
59daeef5-3427-42a9-8201-dfee0213328c,"#N/A","#N/A",false,Web,"#N/A","#N/A",Medium,"#N/A",New,Subject_fwyvf,"#N/A","#N/A","#N/A","#N/A","#N/A"
59dd8981-7f90-48f0-a57a-57cd977c3e1f,"#N/A","#N/A",false,Web,"#N/A","#N/A",Medium,"#N/A",New,Subject_icryn,"#N/A","#N/A","#N/A","#N/A","#N/A"
59df338c-bbe7-4fd6-9e92-bbc8316cdfe1,"#N/A","#N/A",false,Web,"#N/A","#N/A",Medium,"#N/A",New,Subject_yotvb,"#N/A","#N/A","#N/A","#N/A","#N/A"
59e1cbb1-8c89-4911-be87-928638bb9eae,"#N/A","#N/A",false,Web,"#N/A","#N/A",Medium,"#N/A",New,Subject_zadjz,"#N/A","#N/A","#N/A","#N/A","#N/A"
59e43962-d99f-4d6b-a325-b62959b97e4b,"#N/A","#N/A",false,Web,"#N/A","#N/A",Medium,"#N/A",New,Subject_vqwaf,"#N/A","#N/A","#N/A","#N/A","#N/A"
59ea54f5-bad5-444e-9212-8192bc7de979,"#N/A","#N/A",false,Web,"#N/A","#N/A",Medium,"#N/A",New,Subject_xvcop,"#N/A","#N/A","#N/A","#N/A","#N/A"
59ed5524-0c52-45b6-b83b-05991ddbb1cf,"#N/A","#N/A",false,Web,"#N/A","#N/A",Medium,"#N/A",New,Subject_rmzwa,"#N/A","#N/A","#N/A","#N/A","#N/A"
59ef2381-261a-4f15-97b0-214867f3a9a2,"#N/A","#N/A",false,Web,"#N/A","#N/A",Medium,"#N/A",New,Subject_zeiuv,"#N/A","#N/A","#N/A","#N/A","#N/A"
59ef39ec-5758-4370-868f-606ff00f3437,"#N/A","#N/A",false,Web,"#N/A","#N/A",Medium,"#N/A",New,Subject_wydoa,"#N/A","#N/A","#N/A","#N/A","#N/A"
59f9fc4c-1543-4963-8ab2-6e6dc7e35512,"#N/A","#N/A",false,Web,"#N/A","#N/A",Medium,"#N/A",New,Subject_wtxjk,"#N/A","#N/A","#N/A","#N/A","#N/A"
59fc52b0-001f-4f44-a355-14d46e5f5aa7,"#N/A","#N/A",false,Web,"#N/A","#N/A",Medium,"#N/A",New,Subject_rxnlw,"#N/A","#N/A","#N/A","#N/A","#N/A"
59fdc2a2-0014-46f8-9110-b8002fe4426e,"#N/A","#N/A",false,Web,"#N/A","#N/A",Medium,"#N/A",New,Subject_kqrbm,"#N/A","#N/A","#N/A","#N/A","#N/A"
59feef58-aa4b-4fc4-a9fa-b63e21181811,"#N/A","#N/A",false,Web,"#N/A","#N/A",Medium,"#N/A",New,Subject_hzsnt,"#N/A","#N/A","#N/A","#N/A","#N/A"
5a093827-5df8-4cba-b3c3-af8a75344980,"#N/A","#N/A",false,Web,"#N/A","#N/A",Medium,"#N/A",New,Subject_xfpaq,"#N/A","#N/A","#N/A","#N/A","#N/A"
5a0c8b51-46f2-413f-85c4-c967ea7df3c7,"#N/A","#N/A",false,Web,"#N/A","#N/A",Medium,"#N/A",New,Subject_rooby,"#N/A","#N/A","#N/A","#N/A","#N/A"
5a0d4db7-7bdb-4afb-8b44-f74d17d0d987,"#N/A","#N/A",false,Web,"#N/A","#N/A",Medium,"#N/A",New,Subject_cztmf,"#N/A","#N/A","#N/A","#N/A","#N/A"
5a0dabe3-a852-421d-a7fc-4823f3d15a58,"#N/A","#N/A",false,Web,"#N/A","#N/A",Medium,"#N/A",New,Subject_xoyqz,"#N/A","#N/A","#N/A","#N/A","#N/A"
5a11e740-f410-4d53-b32f-80c6392ac567,"#N/A","#N/A",false,Web,"#N/A","#N/A",Medium,"#N/A",New,Subject_afipt,"#N/A","#N/A","#N/A","#N/A","#N/A"
5a11fc83-3f6c-4894-9cc1-4cfd20f00162,"#N/A","#N/A",false,Web,"#N/A","#N/A",Medium,"#N/A",New,Subject_irqju,"#N/A","#N/A","#N/A","#N/A","#N/A"
5a19f6de-f382-4dac-8920-85dd716aa09b,"#N/A","#N/A",false,Web,"#N/A","#N/A",Medium,"#N/A",New,Subject_meckm,"#N/A","#N/A","#N/A","#N/A","#N/A"
5a233771-a742-425f-999e-8179263c6821,"#N/A","#N/A",false,Web,"#N/A","#N/A",Medium,"#N/A",New,Subject_oqltu,"#N/A","#N/A","#N/A","#N/A","#N/A"
5a23c57d-5dcc-432e-9098-fb8b076e1f31,"#N/A","#N/A",false,Web,"#N/A","#N/A",Medium,"#N/A",New,Subject_baqvn,"#N/A","#N/A","#N/A","#N/A","#N/A"
5a26083d-6285-4c02-a213-6f9b70c8db97,"#N/A","#N/A",false,Web,"#N/A","#N/A",Medium,"#N/A",New,Subject_kavbo,"#N/A","#N/A","#N/A","#N/A","#N/A"
5a294cdf-2192-43ee-86a2-d1ef6477b5ed,"#N/A","#N/A",false,Web,"#N/A","#N/A",Medium,"#N/A",New,Subject_nlznm,"#N/A","#N/A","#N/A","#N/A","#N/A"
5a296b48-f328-4e2e-b7d0-ea330a2b1c44,"#N/A","#N/A",false,Web,"#N/A","#N/A",Medium,"#N/A",New,Subject_sybjj,"#N/A","#N/A","#N/A","#N/A","#N/A"
5a29ded0-d3cd-4a6f-94bf-ad97c91b4713,"#N/A","#N/A",false,Web,"#N/A","#N/A",Medium,"#N/A",New,Subject_qhlux,"#N/A","#N/A","#N/A","#N/A","#N/A"
5a2a548b-7c09-458d-9a07-f980fef0b4ff,"#N/A","#N/A",false,Web,"#N/A","#N/A",Medium,"#N/A",New,Subject_maxpw,"#N/A","#N/A","#N/A","#N/A","#N/A"
5a32e482-22ac-4fd5-804f-91a8f30b2085,"#N/A","#N/A",false,Web,"#N/A","#N/A",Medium,"#N/A",New,Subject_masve,"#N/A","#N/A","#N/A","#N/A","#N/A"
5a369ef4-27e6-4924-b792-7f88c25bc4c6,"#N/A","#N/A",false,Web,"#N/A","#N/A",Medium,"#N/A",New,Subject_hyzvv,"#N/A","#N/A","#N/A","#N/A","#N/A"
5a36b8b9-c549-4749-9942-7295d404bde7,"#N/A","#N/A",false,Web,"#N/A","#N/A",Medium,"#N/A",New,Subject_ysndw,"#N/A","#N/A","#N/A","#N/A","#N/A"
5a382da9-1eea-4a11-afd2-66666c3242d7,"#N/A","#N/A",false,Web,"#N/A","#N/A",Medium,"#N/A",New,Subject_fxypq,"#N/A","#N/A","#N/A","#N/A","#N/A"
5a3f676f-f6ec-4329-a815-dd21c0fa3f92,"#N/A","#N/A",false,Web,"#N/A","#N/A",Medium,"#N/A",New,Subject_fryeb,"#N/A","#N/A","#N/A","#N/A","#N/A"
5a40fdf2-1ba8-4c93-a197-59e096953a3d,"#N/A","#N/A",false,Web,"#N/A","#N/A",Medium,"#N/A",New,Subject_namjj,"#N/A","#N/A","#N/A","#N/A","#N/A"
5a440db3-f498-447d-a44a-4bc51ca2e542,"#N/A","#N/A",false,Web,"#N/A","#N/A",Medium,"#N/A",New,Subject_lobce,"#N/A","#N/A","#N/A","#N/A","#N/A"
5a448157-24a7-4c8c-b674-2c9520f49d46,"#N/A","#N/A",false,Web,"#N/A","#N/A",Medium,"#N/A",New,Subject_sncyb,"#N/A","#N/A","#N/A","#N/A","#N/A"
5a48563c-72d4-49dc-80f3-3a792b24c1b1,"#N/A","#N/A",false,Web,"#N/A","#N/A",Medium,"#N/A",New,Subject_arnng,"#N/A","#N/A","#N/A","#N/A","#N/A"
5a487c1e-a825-4dbf-a268-dc693af926e5,"#N/A","#N/A",false,Web,"#N/A","#N/A",Medium,"#N/A",New,Subject_zomgq,"#N/A","#N/A","#N/A","#N/A","#N/A"
5a4aa156-cdc4-488a-9ee1-6833eebde7fd,"#N/A","#N/A",false,Web,"#N/A","#N/A",Medium,"#N/A",New,Subject_aiufn,"#N/A","#N/A","#N/A","#N/A","#N/A"
5a4b2029-48c5-4024-b2f1-78754bc75ac8,"#N/A","#N/A",false,Web,"#N/A","#N/A",Medium,"#N/A",New,Subject_vboxq,"#N/A","#N/A","#N/A","#N/A","#N/A"
5a4d745c-0009-4d78-8c97-ce98c7c99c5b,"#N/A","#N/A",false,Web,"#N/A","#N/A",Medium,"#N/A",New,Subject_higjh,"#N/A","#N/A","#N/A","#N/A","#N/A"
5a4e6ef2-3c3a-4de5-ab95-fd0423a86c22,"#N/A","#N/A",false,Web,"#N/A","#N/A",Medium,"#N/A",New,Subject_wknsu,"#N/A","#N/A","#N/A","#N/A","#N/A"
5a5009b2-6f2b-415d-b0d9-552147572a97,"#N/A","#N/A",false,Web,"#N/A","#N/A",Medium,"#N/A",New,Subject_clozm,"#N/A","#N/A","#N/A","#N/A","#N/A"
5a5015f8-39e5-46a6-a787-1f389d08c118,"#N/A","#N/A",false,Web,"#N/A","#N/A",Medium,"#N/A",New,Subject_mhjds,"#N/A","#N/A","#N/A","#N/A","#N/A"
5a513d7b-63f6-4901-96eb-424979abf9fb,"#N/A","#N/A",false,Web,"#N/A","#N/A",Medium,"#N/A",New,Subject_pdjft,"#N/A","#N/A","#N/A","#N/A","#N/A"
5a57a199-e4b6-4574-b94b-ccdebd1363a2,"#N/A","#N/A",false,Web,"#N/A","#N/A",Medium,"#N/A",New,Subject_bphtl,"#N/A","#N/A","#N/A","#N/A","#N/A"
5a5b42d7-cf2e-4f4d-bd83-c6239e627c82,"#N/A","#N/A",false,Web,"#N/A","#N/A",Medium,"#N/A",New,Subject_oycfy,"#N/A","#N/A","#N/A","#N/A","#N/A"
5a5c4576-d576-4415-b92f-71f4910fdaa5,"#N/A","#N/A",false,Web,"#N/A","#N/A",Medium,"#N/A",New,Subject_pisuj,"#N/A","#N/A","#N/A","#N/A","#N/A"
5a5d2639-ec6a-4b12-9c37-d6ffcaeb5bbd,"#N/A","#N/A",false,Web,"#N/A","#N/A",Medium,"#N/A",New,Subject_wxufh,"#N/A","#N/A","#N/A","#N/A","#N/A"
5a603258-1007-47bd-9872-833d53b3fec6,"#N/A","#N/A",false,Web,"#N/A","#N/A",Medium,"#N/A",New,Subject_enari,"#N/A","#N/A","#N/A","#N/A","#N/A"
5a625370-3954-481c-922a-841ed6708490,"#N/A","#N/A",false,Web,"#N/A","#N/A",Medium,"#N/A",New,Subject_nanai,"#N/A","#N/A","#N/A","#N/A","#N/A"
5a67278c-9416-43f1-b763-28b4d3016599,"#N/A","#N/A",false,Web,"#N/A","#N/A",Medium,"#N/A",New,Subject_pkegb,"#N/A","#N/A","#N/A","#N/A","#N/A"
5a67c0ee-1eb9-4756-a73e-6b8685924c12,"#N/A","#N/A",false,Web,"#N/A","#N/A",Medium,"#N/A",New,Subject_oeutj,"#N/A","#N/A","#N/A","#N/A","#N/A"
5a6b98d1-a138-469d-bd83-aea7f9f001de,"#N/A","#N/A",false,Web,"#N/A","#N/A",Medium,"#N/A",New,Subject_rhmcp,"#N/A","#N/A","#N/A","#N/A","#N/A"
5a6dffab-e079-4608-92a2-e2f0528f830a,"#N/A","#N/A",false,Web,"#N/A","#N/A",Medium,"#N/A",New,Subject_cmzhe,"#N/A","#N/A","#N/A","#N/A","#N/A"
5a6efcd7-5c50-4f24-b16a-1d3aae272c4f,"#N/A","#N/A",false,Web,"#N/A","#N/A",Medium,"#N/A",New,Subject_xxyjt,"#N/A","#N/A","#N/A","#N/A","#N/A"
5a6f5430-454e-4ac7-8c33-7d29d33b2eb9,"#N/A","#N/A",false,Web,"#N/A","#N/A",Medium,"#N/A",New,Subject_crlkq,"#N/A","#N/A","#N/A","#N/A","#N/A"
5a76e775-ef2a-4118-ae32-f20b68506670,"#N/A","#N/A",false,Web,"#N/A","#N/A",Medium,"#N/A",New,Subject_zntzd,"#N/A","#N/A","#N/A","#N/A","#N/A"
5a7f2cc6-9f20-4301-85d6-6ee8b8fe52ea,"#N/A","#N/A",false,Web,"#N/A","#N/A",Medium,"#N/A",New,Subject_hypdv,"#N/A","#N/A","#N/A","#N/A","#N/A"
5a823cfa-fac2-4102-a264-caac63e5cba1,"#N/A","#N/A",false,Web,"#N/A","#N/A",Medium,"#N/A",New,Subject_lldzo,"#N/A","#N/A","#N/A","#N/A","#N/A"
5a827a76-223b-4f8c-b9dd-ad1a53eddb73,"#N/A","#N/A",false,Web,"#N/A","#N/A",Medium,"#N/A",New,Subject_ekrwg,"#N/A","#N/A","#N/A","#N/A","#N/A"
5a881bdd-3025-4c3b-8a6c-65fcfcfcd4c8,"#N/A","#N/A",false,Web,"#N/A","#N/A",Medium,"#N/A",New,Subject_umqby,"#N/A","#N/A","#N/A","#N/A","#N/A"
5a89e043-2667-4e6a-9b49-6e13f543b909,"#N/A","#N/A",false,Web,"#N/A","#N/A",Medium,"#N/A",New,Subject_ctusd,"#N/A","#N/A","#N/A","#N/A","#N/A"
5a97c717-851d-4e5f-89a2-6d8e9d7e0284,"#N/A","#N/A",false,Web,"#N/A","#N/A",Medium,"#N/A",New,Subject_kmzye,"#N/A","#N/A","#N/A","#N/A","#N/A"
5a97f34d-1fed-4b41-9a33-162602520456,"#N/A","#N/A",false,Web,"#N/A","#N/A",Medium,"#N/A",New,Subject_votbd,"#N/A","#N/A","#N/A","#N/A","#N/A"
5a99251e-c5a1-44fe-9f95-59e42f1ed85b,"#N/A","#N/A",false,Web,"#N/A","#N/A",Medium,"#N/A",New,Subject_umipl,"#N/A","#N/A","#N/A","#N/A","#N/A"
5a9ca1bb-24b3-4e34-b4d4-6c64a70b0cde,"#N/A","#N/A",false,Web,"#N/A","#N/A",Medium,"#N/A",New,Subject_fqrrg,"#N/A","#N/A","#N/A","#N/A","#N/A"
5a9e3db8-a111-41a8-b43f-c246742c0cdb,"#N/A","#N/A",false,Web,"#N/A","#N/A",Medium,"#N/A",New,Subject_ueszv,"#N/A","#N/A","#N/A","#N/A","#N/A"
5aa22c18-d322-4fe9-8bdf-52128667e060,"#N/A","#N/A",false,Web,"#N/A","#N/A",Medium,"#N/A",New,Subject_brgio,"#N/A","#N/A","#N/A","#N/A","#N/A"
5aa7c1fe-57bb-4020-a9f3-3039edf4bda6,"#N/A","#N/A",false,Web,"#N/A","#N/A",Medium,"#N/A",New,Subject_rdzci,"#N/A","#N/A","#N/A","#N/A","#N/A"
5aaa8671-b336-4bdd-a905-b524fd90843a,"#N/A","#N/A",false,Web,"#N/A","#N/A",Medium,"#N/A",New,Subject_nztsk,"#N/A","#N/A","#N/A","#N/A","#N/A"
5aab9fc1-6438-46f6-b2af-e3f2512ac783,"#N/A","#N/A",false,Web,"#N/A","#N/A",Medium,"#N/A",New,Subject_qmrxr,"#N/A","#N/A","#N/A","#N/A","#N/A"
5aaf8aa8-58c0-4d81-b12a-c36dce2fd47b,"#N/A","#N/A",false,Web,"#N/A","#N/A",Medium,"#N/A",New,Subject_eelll,"#N/A","#N/A","#N/A","#N/A","#N/A"
5ab1602c-8d18-4cf8-bf24-d40593c4b466,"#N/A","#N/A",false,Web,"#N/A","#N/A",Medium,"#N/A",New,Subject_naffe,"#N/A","#N/A","#N/A","#N/A","#N/A"
5ab1be92-2225-472d-b81f-017863e004f6,"#N/A","#N/A",false,Web,"#N/A","#N/A",Medium,"#N/A",New,Subject_joejm,"#N/A","#N/A","#N/A","#N/A","#N/A"
5ab62ae9-7eae-4cd8-b883-d505e6deff63,"#N/A","#N/A",false,Web,"#N/A","#N/A",Medium,"#N/A",New,Subject_yrncu,"#N/A","#N/A","#N/A","#N/A","#N/A"
5ab7a4a4-28db-4222-a774-2d772d96ab50,"#N/A","#N/A",false,Web,"#N/A","#N/A",Medium,"#N/A",New,Subject_yatba,"#N/A","#N/A","#N/A","#N/A","#N/A"
5ab809c2-664f-4a26-8748-5db6a4e0404a,"#N/A","#N/A",false,Web,"#N/A","#N/A",Medium,"#N/A",New,Subject_iolid,"#N/A","#N/A","#N/A","#N/A","#N/A"
5aba0c9e-0daa-485e-983d-2e397ea8f53a,"#N/A","#N/A",false,Web,"#N/A","#N/A",Medium,"#N/A",New,Subject_zotoe,"#N/A","#N/A","#N/A","#N/A","#N/A"
5abcb406-cf72-48d3-aad7-2af482550142,"#N/A","#N/A",false,Web,"#N/A","#N/A",Medium,"#N/A",New,Subject_qtnze,"#N/A","#N/A","#N/A","#N/A","#N/A"
5abec1d1-b45f-4d4f-97d2-942e645a24d4,"#N/A","#N/A",false,Web,"#N/A","#N/A",Medium,"#N/A",New,Subject_pednb,"#N/A","#N/A","#N/A","#N/A","#N/A"
5ac029ce-8a7f-47dc-9a41-aeb3053f7229,"#N/A","#N/A",false,Web,"#N/A","#N/A",Medium,"#N/A",New,Subject_vkpla,"#N/A","#N/A","#N/A","#N/A","#N/A"
5ac21681-905e-4598-b475-98351e6e89db,"#N/A","#N/A",false,Web,"#N/A","#N/A",Medium,"#N/A",New,Subject_osqvc,"#N/A","#N/A","#N/A","#N/A","#N/A"
5ac4abb6-4ee6-4413-8d79-018c66866b52,"#N/A","#N/A",false,Web,"#N/A","#N/A",Medium,"#N/A",New,Subject_xtxwa,"#N/A","#N/A","#N/A","#N/A","#N/A"
5ac6b2f2-9e7c-430a-bf50-a5d3e8a576c1,"#N/A","#N/A",false,Web,"#N/A","#N/A",Medium,"#N/A",New,Subject_rmgqc,"#N/A","#N/A","#N/A","#N/A","#N/A"
5aca1baf-4f30-4902-bfcb-4bb357518941,"#N/A","#N/A",false,Web,"#N/A","#N/A",Medium,"#N/A",New,Subject_jcaaq,"#N/A","#N/A","#N/A","#N/A","#N/A"
5acb4735-19ff-4878-b8f8-6bc6ab5bba73,"#N/A","#N/A",false,Web,"#N/A","#N/A",Medium,"#N/A",New,Subject_talmu,"#N/A","#N/A","#N/A","#N/A","#N/A"
5accc652-3a15-4633-ba60-10594320d044,"#N/A","#N/A",false,Web,"#N/A","#N/A",Medium,"#N/A",New,Subject_mzaco,"#N/A","#N/A","#N/A","#N/A","#N/A"
5aceb149-dc54-4d6f-8624-de0471623fd2,"#N/A","#N/A",false,Web,"#N/A","#N/A",Medium,"#N/A",New,Subject_pradq,"#N/A","#N/A","#N/A","#N/A","#N/A"
5acf72e7-0c11-4490-8360-9139d41b3db6,"#N/A","#N/A",false,Web,"#N/A","#N/A",Medium,"#N/A",New,Subject_qdfqw,"#N/A","#N/A","#N/A","#N/A","#N/A"
5acfab9e-ad2a-4d6d-9af6-a713e76618de,"#N/A","#N/A",false,Web,"#N/A","#N/A",Medium,"#N/A",New,Subject_uurtk,"#N/A","#N/A","#N/A","#N/A","#N/A"
5ad05f4d-d692-426e-b29b-9e08e3f84fcf,"#N/A","#N/A",false,Web,"#N/A","#N/A",Medium,"#N/A",New,Subject_tpiar,"#N/A","#N/A","#N/A","#N/A","#N/A"
5ad32074-043e-4527-b02f-63c14c4f8bb1,"#N/A","#N/A",false,Web,"#N/A","#N/A",Medium,"#N/A",New,Subject_baylz,"#N/A","#N/A","#N/A","#N/A","#N/A"
5ad43769-7428-46bf-a3bd-b94f4e9acb66,"#N/A","#N/A",false,Web,"#N/A","#N/A",Medium,"#N/A",New,Subject_nkhoe,"#N/A","#N/A","#N/A","#N/A","#N/A"
5ad4dad0-4ddf-4705-b3ff-7f7416ed694d,"#N/A","#N/A",false,Web,"#N/A","#N/A",Medium,"#N/A",New,Subject_dloxh,"#N/A","#N/A","#N/A","#N/A","#N/A"
5ad57d3c-5557-4142-b56d-b5d2d913cdd7,"#N/A","#N/A",false,Web,"#N/A","#N/A",Medium,"#N/A",New,Subject_vomod,"#N/A","#N/A","#N/A","#N/A","#N/A"
5adc8bb9-9b68-4a58-99ff-6fd419687291,"#N/A","#N/A",false,Web,"#N/A","#N/A",Medium,"#N/A",New,Subject_xxayh,"#N/A","#N/A","#N/A","#N/A","#N/A"
5ade5c9f-e799-4fd3-834d-b608560b88b2,"#N/A","#N/A",false,Web,"#N/A","#N/A",Medium,"#N/A",New,Subject_synyq,"#N/A","#N/A","#N/A","#N/A","#N/A"
5ae06111-aa19-4edc-a838-819f0c5ebf5b,"#N/A","#N/A",false,Web,"#N/A","#N/A",Medium,"#N/A",New,Subject_zcolh,"#N/A","#N/A","#N/A","#N/A","#N/A"
5ae23d0a-a7ed-4540-a2d9-3b1086729d10,"#N/A","#N/A",false,Web,"#N/A","#N/A",Medium,"#N/A",New,Subject_mgcut,"#N/A","#N/A","#N/A","#N/A","#N/A"
5aeb95d7-16b0-4d72-acad-fa4b2fd310d8,"#N/A","#N/A",false,Web,"#N/A","#N/A",Medium,"#N/A",New,Subject_yksrr,"#N/A","#N/A","#N/A","#N/A","#N/A"
5aecf432-7ab5-4e08-9a2c-6d1160f89ac2,"#N/A","#N/A",false,Web,"#N/A","#N/A",Medium,"#N/A",New,Subject_pkatp,"#N/A","#N/A","#N/A","#N/A","#N/A"
5af1611d-6787-40ae-9720-b27af0a9a7ab,"#N/A","#N/A",false,Web,"#N/A","#N/A",Medium,"#N/A",New,Subject_wztav,"#N/A","#N/A","#N/A","#N/A","#N/A"
5af4553a-0ba7-481a-91f9-a3ec5e96af0c,"#N/A","#N/A",false,Web,"#N/A","#N/A",Medium,"#N/A",New,Subject_ebrrx,"#N/A","#N/A","#N/A","#N/A","#N/A"
5af51352-bafc-4eff-9dca-ed24e0852616,"#N/A","#N/A",false,Web,"#N/A","#N/A",Medium,"#N/A",New,Subject_novrb,"#N/A","#N/A","#N/A","#N/A","#N/A"
5afa3943-b73f-4994-a8b2-09f1471108d9,"#N/A","#N/A",false,Web,"#N/A","#N/A",Medium,"#N/A",New,Subject_fyhua,"#N/A","#N/A","#N/A","#N/A","#N/A"
5afc3d01-25ee-45ff-bcd5-8a19c8d154aa,"#N/A","#N/A",false,Web,"#N/A","#N/A",Medium,"#N/A",New,Subject_vrkat,"#N/A","#N/A","#N/A","#N/A","#N/A"
5afca1bf-d7d7-4480-ad42-35987ae51ff3,"#N/A","#N/A",false,Web,"#N/A","#N/A",Medium,"#N/A",New,Subject_gbfqx,"#N/A","#N/A","#N/A","#N/A","#N/A"
5b00d87b-4aeb-4c1d-bbe0-1c691bb12cab,"#N/A","#N/A",false,Web,"#N/A","#N/A",Medium,"#N/A",New,Subject_xyidx,"#N/A","#N/A","#N/A","#N/A","#N/A"
5b0188b7-fcce-4b47-a149-f0c6412b8626,"#N/A","#N/A",false,Web,"#N/A","#N/A",Medium,"#N/A",New,Subject_rnesy,"#N/A","#N/A","#N/A","#N/A","#N/A"
5b04dad5-a9b0-4cfa-802f-b0175be78454,"#N/A","#N/A",false,Web,"#N/A","#N/A",Medium,"#N/A",New,Subject_zlrxe,"#N/A","#N/A","#N/A","#N/A","#N/A"
5b0785eb-d4b5-422a-bf94-541605c56b4b,"#N/A","#N/A",false,Web,"#N/A","#N/A",Medium,"#N/A",New,Subject_msmvz,"#N/A","#N/A","#N/A","#N/A","#N/A"
5b086d11-e714-45a3-9898-a431d5ad2ef6,"#N/A","#N/A",false,Web,"#N/A","#N/A",Medium,"#N/A",New,Subject_isnvd,"#N/A","#N/A","#N/A","#N/A","#N/A"
5b0afee5-2ee9-4e1b-af77-64c7093b5a99,"#N/A","#N/A",false,Web,"#N/A","#N/A",Medium,"#N/A",New,Subject_rldny,"#N/A","#N/A","#N/A","#N/A","#N/A"
5b139d20-937c-4869-9351-e8b4b2fe3333,"#N/A","#N/A",false,Web,"#N/A","#N/A",Medium,"#N/A",New,Subject_cpcxn,"#N/A","#N/A","#N/A","#N/A","#N/A"
5b139e8a-2934-4235-9427-e8ef9ffc6b25,"#N/A","#N/A",false,Web,"#N/A","#N/A",Medium,"#N/A",New,Subject_usyun,"#N/A","#N/A","#N/A","#N/A","#N/A"
5b186655-b644-418b-b149-8fdb26e70d18,"#N/A","#N/A",false,Web,"#N/A","#N/A",Medium,"#N/A",New,Subject_ydovf,"#N/A","#N/A","#N/A","#N/A","#N/A"
5b1aaf04-c116-4319-9edd-15faa2201492,"#N/A","#N/A",false,Web,"#N/A","#N/A",Medium,"#N/A",New,Subject_tjlhg,"#N/A","#N/A","#N/A","#N/A","#N/A"
5b1ac012-86a8-4683-836c-19b682990a00,"#N/A","#N/A",false,Web,"#N/A","#N/A",Medium,"#N/A",New,Subject_yaarc,"#N/A","#N/A","#N/A","#N/A","#N/A"
5b1b3ae4-4609-4607-adbf-d0e28c95f58a,"#N/A","#N/A",false,Web,"#N/A","#N/A",Medium,"#N/A",New,Subject_yovuz,"#N/A","#N/A","#N/A","#N/A","#N/A"
5b2537f7-6faf-424f-baef-3f96e6b70d34,"#N/A","#N/A",false,Web,"#N/A","#N/A",Medium,"#N/A",New,Subject_ljooz,"#N/A","#N/A","#N/A","#N/A","#N/A"
5b257b3d-4efb-4f0e-a04e-012b05dd7d32,"#N/A","#N/A",false,Web,"#N/A","#N/A",Medium,"#N/A",New,Subject_jpsfx,"#N/A","#N/A","#N/A","#N/A","#N/A"
5b26f1c3-7b6d-4137-b549-d317d926d090,"#N/A","#N/A",false,Web,"#N/A","#N/A",Medium,"#N/A",New,Subject_hmeso,"#N/A","#N/A","#N/A","#N/A","#N/A"
5b304912-91fb-42e9-8117-155769571daf,"#N/A","#N/A",false,Web,"#N/A","#N/A",Medium,"#N/A",New,Subject_avwlj,"#N/A","#N/A","#N/A","#N/A","#N/A"
5b32af85-b3df-408f-ab94-9077439c43b9,"#N/A","#N/A",false,Web,"#N/A","#N/A",Medium,"#N/A",New,Subject_vkqfe,"#N/A","#N/A","#N/A","#N/A","#N/A"
5b3304ae-4779-4742-acf8-986381a72505,"#N/A","#N/A",false,Web,"#N/A","#N/A",Medium,"#N/A",New,Subject_phyep,"#N/A","#N/A","#N/A","#N/A","#N/A"
5b33645b-cc2e-438c-82f2-16d5d2ea4336,"#N/A","#N/A",false,Web,"#N/A","#N/A",Medium,"#N/A",New,Subject_syybx,"#N/A","#N/A","#N/A","#N/A","#N/A"
5b37dedd-0530-4322-aa4e-de642771dfd3,"#N/A","#N/A",false,Web,"#N/A","#N/A",Medium,"#N/A",New,Subject_nvtwl,"#N/A","#N/A","#N/A","#N/A","#N/A"
5b385ef6-b92b-4d30-b737-4db0c13cc023,"#N/A","#N/A",false,Web,"#N/A","#N/A",Medium,"#N/A",New,Subject_lmztq,"#N/A","#N/A","#N/A","#N/A","#N/A"
5b3c0a44-eb6c-4065-ae38-6f1e79922f0a,"#N/A","#N/A",false,Web,"#N/A","#N/A",Medium,"#N/A",New,Subject_mdzha,"#N/A","#N/A","#N/A","#N/A","#N/A"
5b40e297-8209-4a1f-8fa4-8661e646b737,"#N/A","#N/A",false,Web,"#N/A","#N/A",Medium,"#N/A",New,Subject_wavwr,"#N/A","#N/A","#N/A","#N/A","#N/A"
5b430457-ac7b-443a-9e3d-a8bfbb8b31ad,"#N/A","#N/A",false,Web,"#N/A","#N/A",Medium,"#N/A",New,Subject_dmxxy,"#N/A","#N/A","#N/A","#N/A","#N/A"
5b436ca3-b1ac-4512-ab71-e0bcf03241c8,"#N/A","#N/A",false,Web,"#N/A","#N/A",Medium,"#N/A",New,Subject_gguvr,"#N/A","#N/A","#N/A","#N/A","#N/A"
5b456072-a34c-414c-96bc-1238c1202ca3,"#N/A","#N/A",false,Web,"#N/A","#N/A",Medium,"#N/A",New,Subject_pinte,"#N/A","#N/A","#N/A","#N/A","#N/A"
5b49630d-8049-4ef2-9e90-31770781aa4a,"#N/A","#N/A",false,Web,"#N/A","#N/A",Medium,"#N/A",New,Subject_lvqzg,"#N/A","#N/A","#N/A","#N/A","#N/A"
5b4bdb8f-b824-4270-b186-851fd663ad7a,"#N/A","#N/A",false,Web,"#N/A","#N/A",Medium,"#N/A",New,Subject_yfxzj,"#N/A","#N/A","#N/A","#N/A","#N/A"
5b4cc373-28c4-491e-abdb-591634c3dd37,"#N/A","#N/A",false,Web,"#N/A","#N/A",Medium,"#N/A",New,Subject_jdhoh,"#N/A","#N/A","#N/A","#N/A","#N/A"
5b4f89c5-84e7-486e-9714-99f822bd41c1,"#N/A","#N/A",false,Web,"#N/A","#N/A",Medium,"#N/A",New,Subject_rpauo,"#N/A","#N/A","#N/A","#N/A","#N/A"
5b552481-631c-4539-a1d6-b82d52068d44,"#N/A","#N/A",false,Web,"#N/A","#N/A",Medium,"#N/A",New,Subject_udmar,"#N/A","#N/A","#N/A","#N/A","#N/A"
5b577436-3a17-4033-8622-76962dad2b99,"#N/A","#N/A",false,Web,"#N/A","#N/A",Medium,"#N/A",New,Subject_jhnas,"#N/A","#N/A","#N/A","#N/A","#N/A"
5b59ed7c-f8db-49c1-b5a6-dbc9de934e11,"#N/A","#N/A",false,Web,"#N/A","#N/A",Medium,"#N/A",New,Subject_njbsu,"#N/A","#N/A","#N/A","#N/A","#N/A"
5b6420b0-15b1-42d1-9084-6e13152fcce2,"#N/A","#N/A",false,Web,"#N/A","#N/A",Medium,"#N/A",New,Subject_nyfie,"#N/A","#N/A","#N/A","#N/A","#N/A"
5b66cdb0-33ee-4a56-98c4-7a079110efc2,"#N/A","#N/A",false,Web,"#N/A","#N/A",Medium,"#N/A",New,Subject_joxdf,"#N/A","#N/A","#N/A","#N/A","#N/A"
5b67fdc3-8246-4846-9e3e-77a2329c4c13,"#N/A","#N/A",false,Web,"#N/A","#N/A",Medium,"#N/A",New,Subject_jjvnm,"#N/A","#N/A","#N/A","#N/A","#N/A"
5b682784-6d73-4144-9c1c-5a7b36b031fb,"#N/A","#N/A",false,Web,"#N/A","#N/A",Medium,"#N/A",New,Subject_eghnu,"#N/A","#N/A","#N/A","#N/A","#N/A"
5b6a1a65-3d09-40f7-ab25-51c1ff9ce0e9,"#N/A","#N/A",false,Web,"#N/A","#N/A",Medium,"#N/A",New,Subject_bjhod,"#N/A","#N/A","#N/A","#N/A","#N/A"
5b70e055-9984-4c74-92e0-1f410a9b8dd5,"#N/A","#N/A",false,Web,"#N/A","#N/A",Medium,"#N/A",New,Subject_jeaza,"#N/A","#N/A","#N/A","#N/A","#N/A"
5b74f779-f3c3-4ffe-a54d-517ecce3fd54,"#N/A","#N/A",false,Web,"#N/A","#N/A",Medium,"#N/A",New,Subject_nqqib,"#N/A","#N/A","#N/A","#N/A","#N/A"
5b758027-68e6-4ecf-a37d-66025487861d,"#N/A","#N/A",false,Web,"#N/A","#N/A",Medium,"#N/A",New,Subject_dyaaj,"#N/A","#N/A","#N/A","#N/A","#N/A"
5b76bbaa-9c1a-421f-a98a-69f5a6b9816c,"#N/A","#N/A",false,Web,"#N/A","#N/A",Medium,"#N/A",New,Subject_losyl,"#N/A","#N/A","#N/A","#N/A","#N/A"
5b7b39ee-5058-4e7c-84b5-e03125023d57,"#N/A","#N/A",false,Web,"#N/A","#N/A",Medium,"#N/A",New,Subject_ubjoo,"#N/A","#N/A","#N/A","#N/A","#N/A"
5b7c4d86-70af-4313-b3d0-d1acf8ec2497,"#N/A","#N/A",false,Web,"#N/A","#N/A",Medium,"#N/A",New,Subject_pamxh,"#N/A","#N/A","#N/A","#N/A","#N/A"
5b85d801-f6ef-442d-b697-26e005db6056,"#N/A","#N/A",false,Web,"#N/A","#N/A",Medium,"#N/A",New,Subject_kjeda,"#N/A","#N/A","#N/A","#N/A","#N/A"
5b86952a-0aed-4267-86ba-95bc7b8f7d62,"#N/A","#N/A",false,Web,"#N/A","#N/A",Medium,"#N/A",New,Subject_urefr,"#N/A","#N/A","#N/A","#N/A","#N/A"
5b8931f1-9463-4a53-809c-8e8822778048,"#N/A","#N/A",false,Web,"#N/A","#N/A",Medium,"#N/A",New,Subject_qtjhw,"#N/A","#N/A","#N/A","#N/A","#N/A"
5b8f4872-7f82-4fa9-90b4-baca7984c62d,"#N/A","#N/A",false,Web,"#N/A","#N/A",Medium,"#N/A",New,Subject_xbngb,"#N/A","#N/A","#N/A","#N/A","#N/A"
5b8f5663-6c94-4b72-8940-6ec3fc45fd06,"#N/A","#N/A",false,Web,"#N/A","#N/A",Medium,"#N/A",New,Subject_oafhq,"#N/A","#N/A","#N/A","#N/A","#N/A"
5b97272e-3875-46e2-91e7-9f04e69d31d8,"#N/A","#N/A",false,Web,"#N/A","#N/A",Medium,"#N/A",New,Subject_pajie,"#N/A","#N/A","#N/A","#N/A","#N/A"
5b9858cd-7e84-4f0e-8da0-d84857e63e78,"#N/A","#N/A",false,Web,"#N/A","#N/A",Medium,"#N/A",New,Subject_jwqpx,"#N/A","#N/A","#N/A","#N/A","#N/A"
5b992588-e247-497c-b5b0-09490b2fb22d,"#N/A","#N/A",false,Web,"#N/A","#N/A",Medium,"#N/A",New,Subject_mmtje,"#N/A","#N/A","#N/A","#N/A","#N/A"
5b996172-eea5-4c28-992f-f0d929acddf2,"#N/A","#N/A",false,Web,"#N/A","#N/A",Medium,"#N/A",New,Subject_qwslr,"#N/A","#N/A","#N/A","#N/A","#N/A"
5b9bffb6-36fa-4e44-9b75-59c9f3ab4ee4,"#N/A","#N/A",false,Web,"#N/A","#N/A",Medium,"#N/A",New,Subject_bbpwl,"#N/A","#N/A","#N/A","#N/A","#N/A"
5ba0d9a0-de04-43f1-93df-00d1cb2d2f21,"#N/A","#N/A",false,Web,"#N/A","#N/A",Medium,"#N/A",New,Subject_ipifi,"#N/A","#N/A","#N/A","#N/A","#N/A"
5ba9d389-3015-40a9-a180-0cf8b2cdbf9b,"#N/A","#N/A",false,Web,"#N/A","#N/A",Medium,"#N/A",New,Subject_mxlgi,"#N/A","#N/A","#N/A","#N/A","#N/A"
5bb3f8ce-b35a-45cc-9717-9f05a39afa62,"#N/A","#N/A",false,Web,"#N/A","#N/A",Medium,"#N/A",New,Subject_wnshm,"#N/A","#N/A","#N/A","#N/A","#N/A"
5bb7b7a9-a1c3-4162-bbd0-bf22508ff5fb,"#N/A","#N/A",false,Web,"#N/A","#N/A",Medium,"#N/A",New,Subject_yddcu,"#N/A","#N/A","#N/A","#N/A","#N/A"
5bb83335-8f3a-41a7-a26b-9397f8c2da4a,"#N/A","#N/A",false,Web,"#N/A","#N/A",Medium,"#N/A",New,Subject_pubte,"#N/A","#N/A","#N/A","#N/A","#N/A"
5bc2b769-12ff-4a21-bb3a-dba2f4b34b58,"#N/A","#N/A",false,Web,"#N/A","#N/A",Medium,"#N/A",New,Subject_cpjav,"#N/A","#N/A","#N/A","#N/A","#N/A"
5bc6a8ef-4714-49c9-a821-cf8e2c6e40ea,"#N/A","#N/A",false,Web,"#N/A","#N/A",Medium,"#N/A",New,Subject_uhasb,"#N/A","#N/A","#N/A","#N/A","#N/A"
5bc6afcd-d86a-48a2-93e7-b9b9647f6cbf,"#N/A","#N/A",false,Web,"#N/A","#N/A",Medium,"#N/A",New,Subject_fuknc,"#N/A","#N/A","#N/A","#N/A","#N/A"
5bc8f8e3-00f8-40b6-a269-e61db936a608,"#N/A","#N/A",false,Web,"#N/A","#N/A",Medium,"#N/A",New,Subject_jritb,"#N/A","#N/A","#N/A","#N/A","#N/A"
5bc9d525-eedf-4723-bcda-65d560867ee5,"#N/A","#N/A",false,Web,"#N/A","#N/A",Medium,"#N/A",New,Subject_hekld,"#N/A","#N/A","#N/A","#N/A","#N/A"
5bcc9c45-8ef2-48c1-8822-443ae1e60ed8,"#N/A","#N/A",false,Web,"#N/A","#N/A",Medium,"#N/A",New,Subject_ajbot,"#N/A","#N/A","#N/A","#N/A","#N/A"
5bd4b3e1-f713-4f8e-92fd-5e895c26d910,"#N/A","#N/A",false,Web,"#N/A","#N/A",Medium,"#N/A",New,Subject_fdwol,"#N/A","#N/A","#N/A","#N/A","#N/A"
5bd57a0f-bc66-46b0-9012-8e698d8fffa5,"#N/A","#N/A",false,Web,"#N/A","#N/A",Medium,"#N/A",New,Subject_mttjn,"#N/A","#N/A","#N/A","#N/A","#N/A"
5bd78282-8363-41ca-9e11-254dd9d84925,"#N/A","#N/A",false,Web,"#N/A","#N/A",Medium,"#N/A",New,Subject_dzjnq,"#N/A","#N/A","#N/A","#N/A","#N/A"
5bdbb9b7-4136-4f4d-957e-a85f45f280bd,"#N/A","#N/A",false,Web,"#N/A","#N/A",Medium,"#N/A",New,Subject_omela,"#N/A","#N/A","#N/A","#N/A","#N/A"
5bdedcbb-3b3d-4a2b-a840-1bdf37cece6f,"#N/A","#N/A",false,Web,"#N/A","#N/A",Medium,"#N/A",New,Subject_whkop,"#N/A","#N/A","#N/A","#N/A","#N/A"
5be18665-cd75-484c-b5b8-e133b4cd3a37,"#N/A","#N/A",false,Web,"#N/A","#N/A",Medium,"#N/A",New,Subject_omese,"#N/A","#N/A","#N/A","#N/A","#N/A"
5bea1c7c-b63e-40a9-a4e5-9021b57c0970,"#N/A","#N/A",false,Web,"#N/A","#N/A",Medium,"#N/A",New,Subject_gpeeb,"#N/A","#N/A","#N/A","#N/A","#N/A"
5beb4736-4857-4f9c-afe4-cde70f939688,"#N/A","#N/A",false,Web,"#N/A","#N/A",Medium,"#N/A",New,Subject_ssmfz,"#N/A","#N/A","#N/A","#N/A","#N/A"
5bf0f4ad-6b39-4405-a348-1ddaafe40c31,"#N/A","#N/A",false,Web,"#N/A","#N/A",Medium,"#N/A",New,Subject_thhmq,"#N/A","#N/A","#N/A","#N/A","#N/A"
5bf17831-c046-4f93-a83d-ffbaa0b59e5c,"#N/A","#N/A",false,Web,"#N/A","#N/A",Medium,"#N/A",New,Subject_uqwwn,"#N/A","#N/A","#N/A","#N/A","#N/A"
5bf178a3-0d41-4ac4-8010-d8d6fd842b8b,"#N/A","#N/A",false,Web,"#N/A","#N/A",Medium,"#N/A",New,Subject_hcsdu,"#N/A","#N/A","#N/A","#N/A","#N/A"
5bf5b048-a788-4ebb-beb4-caecf945a41c,"#N/A","#N/A",false,Web,"#N/A","#N/A",Medium,"#N/A",New,Subject_pmpgy,"#N/A","#N/A","#N/A","#N/A","#N/A"
5bf717df-2be4-44b5-aca4-6ca72b052dcd,"#N/A","#N/A",false,Web,"#N/A","#N/A",Medium,"#N/A",New,Subject_zleis,"#N/A","#N/A","#N/A","#N/A","#N/A"
5bfbf17a-f5cb-4781-952a-18a3ac37cdd1,"#N/A","#N/A",false,Web,"#N/A","#N/A",Medium,"#N/A",New,Subject_fbgwo,"#N/A","#N/A","#N/A","#N/A","#N/A"
5bfc4f9b-cfb2-44d6-9b8c-e8d2a04ac679,"#N/A","#N/A",false,Web,"#N/A","#N/A",Medium,"#N/A",New,Subject_mxxil,"#N/A","#N/A","#N/A","#N/A","#N/A"
5bfcd840-e4c0-4485-bb2e-4fb88c40b831,"#N/A","#N/A",false,Web,"#N/A","#N/A",Medium,"#N/A",New,Subject_mqrzm,"#N/A","#N/A","#N/A","#N/A","#N/A"
5c00f7a8-8d0b-47f2-b08e-d35a8bb81a36,"#N/A","#N/A",false,Web,"#N/A","#N/A",Medium,"#N/A",New,Subject_jyfyp,"#N/A","#N/A","#N/A","#N/A","#N/A"
5c027128-482d-4e2c-8484-2abf201f8bd3,"#N/A","#N/A",false,Web,"#N/A","#N/A",Medium,"#N/A",New,Subject_ivbad,"#N/A","#N/A","#N/A","#N/A","#N/A"
5c0c75d9-52c9-422a-a959-c050832d2199,"#N/A","#N/A",false,Web,"#N/A","#N/A",Medium,"#N/A",New,Subject_kozzi,"#N/A","#N/A","#N/A","#N/A","#N/A"
5c0ed186-cfec-48fd-8aa4-f94524462a47,"#N/A","#N/A",false,Web,"#N/A","#N/A",Medium,"#N/A",New,Subject_uxgvq,"#N/A","#N/A","#N/A","#N/A","#N/A"
5c17135a-42c2-4ae7-830d-60fb88741e19,"#N/A","#N/A",false,Web,"#N/A","#N/A",Medium,"#N/A",New,Subject_uxcqj,"#N/A","#N/A","#N/A","#N/A","#N/A"
5c189fdb-e028-44b5-b8dc-a542d1a28eea,"#N/A","#N/A",false,Web,"#N/A","#N/A",Medium,"#N/A",New,Subject_amunx,"#N/A","#N/A","#N/A","#N/A","#N/A"
5c22cbfe-87dc-4d2d-83d6-d2984918228a,"#N/A","#N/A",false,Web,"#N/A","#N/A",Medium,"#N/A",New,Subject_xzleu,"#N/A","#N/A","#N/A","#N/A","#N/A"
5c25f0c6-312c-4d7a-99d3-b7428462931e,"#N/A","#N/A",false,Web,"#N/A","#N/A",Medium,"#N/A",New,Subject_ssmdg,"#N/A","#N/A","#N/A","#N/A","#N/A"
5c2880f1-2cea-4df0-90c1-2cb429396a50,"#N/A","#N/A",false,Web,"#N/A","#N/A",Medium,"#N/A",New,Subject_tqyyb,"#N/A","#N/A","#N/A","#N/A","#N/A"
5c29a710-913e-4b7b-84ba-d084c7fdf3e1,"#N/A","#N/A",false,Web,"#N/A","#N/A",Medium,"#N/A",New,Subject_tgboj,"#N/A","#N/A","#N/A","#N/A","#N/A"
5c29f2ba-4722-46b4-95e1-9444c77ef2cf,"#N/A","#N/A",false,Web,"#N/A","#N/A",Medium,"#N/A",New,Subject_qlsek,"#N/A","#N/A","#N/A","#N/A","#N/A"
5c2b595b-c920-4538-915d-9fc5d26a46c7,"#N/A","#N/A",false,Web,"#N/A","#N/A",Medium,"#N/A",New,Subject_fdtbi,"#N/A","#N/A","#N/A","#N/A","#N/A"
5c3310de-28b8-40b9-80f3-dc46fd6351e2,"#N/A","#N/A",false,Web,"#N/A","#N/A",Medium,"#N/A",New,Subject_ktcdt,"#N/A","#N/A","#N/A","#N/A","#N/A"
5c361288-164d-4e3b-9e5d-5b683b045c08,"#N/A","#N/A",false,Web,"#N/A","#N/A",Medium,"#N/A",New,Subject_rsrkv,"#N/A","#N/A","#N/A","#N/A","#N/A"
5c3690d0-a2f5-4bc8-9b75-73aff2fb13c0,"#N/A","#N/A",false,Web,"#N/A","#N/A",Medium,"#N/A",New,Subject_kwcog,"#N/A","#N/A","#N/A","#N/A","#N/A"
5c36c2c7-b00b-4fd5-93b4-d2255a830395,"#N/A","#N/A",false,Web,"#N/A","#N/A",Medium,"#N/A",New,Subject_gwjbj,"#N/A","#N/A","#N/A","#N/A","#N/A"
5c3f87a2-8c3b-4cc9-bf2a-88750177d4f2,"#N/A","#N/A",false,Web,"#N/A","#N/A",Medium,"#N/A",New,Subject_vjjxe,"#N/A","#N/A","#N/A","#N/A","#N/A"
5c407273-3dff-4b5f-a287-78d0c4a4047d,"#N/A","#N/A",false,Web,"#N/A","#N/A",Medium,"#N/A",New,Subject_wsemq,"#N/A","#N/A","#N/A","#N/A","#N/A"
5c469858-9f5f-4e6f-9af3-1aa45dbca85f,"#N/A","#N/A",false,Web,"#N/A","#N/A",Medium,"#N/A",New,Subject_tpzlz,"#N/A","#N/A","#N/A","#N/A","#N/A"
5c47cd45-5973-468b-95d2-56440cbf6c9b,"#N/A","#N/A",false,Web,"#N/A","#N/A",Medium,"#N/A",New,Subject_veipc,"#N/A","#N/A","#N/A","#N/A","#N/A"
5c504b01-ab40-4ca5-81ce-2e9b9e51b138,"#N/A","#N/A",false,Web,"#N/A","#N/A",Medium,"#N/A",New,Subject_mvqsh,"#N/A","#N/A","#N/A","#N/A","#N/A"
5c525bfb-032a-484a-90e9-60edf951daed,"#N/A","#N/A",false,Web,"#N/A","#N/A",Medium,"#N/A",New,Subject_kktgh,"#N/A","#N/A","#N/A","#N/A","#N/A"
5c54bc06-e434-42a2-b41f-93ba2823e21a,"#N/A","#N/A",false,Web,"#N/A","#N/A",Medium,"#N/A",New,Subject_vhrno,"#N/A","#N/A","#N/A","#N/A","#N/A"
5c5d9318-cb92-4226-b923-c2207915d1c3,"#N/A","#N/A",false,Web,"#N/A","#N/A",Medium,"#N/A",New,Subject_wycsz,"#N/A","#N/A","#N/A","#N/A","#N/A"
5c5f776d-3ed1-402c-bad5-7c72b761837a,"#N/A","#N/A",false,Web,"#N/A","#N/A",Medium,"#N/A",New,Subject_xkajh,"#N/A","#N/A","#N/A","#N/A","#N/A"
5c62cc70-988a-45b0-924b-03fc9e135809,"#N/A","#N/A",false,Web,"#N/A","#N/A",Medium,"#N/A",New,Subject_xhdqk,"#N/A","#N/A","#N/A","#N/A","#N/A"
5c67064e-7adf-4fb5-972d-e53f8a42bb6e,"#N/A","#N/A",false,Web,"#N/A","#N/A",Medium,"#N/A",New,Subject_efrnt,"#N/A","#N/A","#N/A","#N/A","#N/A"
5c6995c8-00aa-402a-ab5e-5d6241445ca6,"#N/A","#N/A",false,Web,"#N/A","#N/A",Medium,"#N/A",New,Subject_exqky,"#N/A","#N/A","#N/A","#N/A","#N/A"
5c6b1b65-9225-41e1-8cee-aa4ba3324d00,"#N/A","#N/A",false,Web,"#N/A","#N/A",Medium,"#N/A",New,Subject_zhorv,"#N/A","#N/A","#N/A","#N/A","#N/A"
5c6c6c85-3b7a-41d9-899b-7c076ff07a2d,"#N/A","#N/A",false,Web,"#N/A","#N/A",Medium,"#N/A",New,Subject_xpvcg,"#N/A","#N/A","#N/A","#N/A","#N/A"
5c6dbf75-fa3c-4181-8131-6cda36043a91,"#N/A","#N/A",false,Web,"#N/A","#N/A",Medium,"#N/A",New,Subject_zippl,"#N/A","#N/A","#N/A","#N/A","#N/A"
5c6e8429-8026-49f3-be6c-6ee77fd8012e,"#N/A","#N/A",false,Web,"#N/A","#N/A",Medium,"#N/A",New,Subject_mujtl,"#N/A","#N/A","#N/A","#N/A","#N/A"
5c70787a-b7a9-4865-b244-c84fb00d45d5,"#N/A","#N/A",false,Web,"#N/A","#N/A",Medium,"#N/A",New,Subject_qvigf,"#N/A","#N/A","#N/A","#N/A","#N/A"
5c70d657-5753-451a-9218-aac743f1498a,"#N/A","#N/A",false,Web,"#N/A","#N/A",Medium,"#N/A",New,Subject_msjwz,"#N/A","#N/A","#N/A","#N/A","#N/A"
5c78c1a0-0268-4063-883d-8a5177afaf82,"#N/A","#N/A",false,Web,"#N/A","#N/A",Medium,"#N/A",New,Subject_fbygx,"#N/A","#N/A","#N/A","#N/A","#N/A"
5c7997d5-4c6e-49d4-938a-510eb58d1544,"#N/A","#N/A",false,Web,"#N/A","#N/A",Medium,"#N/A",New,Subject_tfaeq,"#N/A","#N/A","#N/A","#N/A","#N/A"
5c79b029-07fd-4c2e-9cbf-99c0ff38cf26,"#N/A","#N/A",false,Web,"#N/A","#N/A",Medium,"#N/A",New,Subject_vepqv,"#N/A","#N/A","#N/A","#N/A","#N/A"
5c7a3ab7-b377-4594-99d2-5e434ca57e4e,"#N/A","#N/A",false,Web,"#N/A","#N/A",Medium,"#N/A",New,Subject_sqqag,"#N/A","#N/A","#N/A","#N/A","#N/A"
5c7a9373-65a7-4e0a-adfe-b72742641a96,"#N/A","#N/A",false,Web,"#N/A","#N/A",Medium,"#N/A",New,Subject_stkux,"#N/A","#N/A","#N/A","#N/A","#N/A"
5c7ab189-08cb-4d99-a46e-117307f3ae96,"#N/A","#N/A",false,Web,"#N/A","#N/A",Medium,"#N/A",New,Subject_ovwuh,"#N/A","#N/A","#N/A","#N/A","#N/A"
5c7b6b52-e321-47e3-b9be-25e70368763d,"#N/A","#N/A",false,Web,"#N/A","#N/A",Medium,"#N/A",New,Subject_piivz,"#N/A","#N/A","#N/A","#N/A","#N/A"
5c83a11a-21b6-425e-97ca-821ab8165b48,"#N/A","#N/A",false,Web,"#N/A","#N/A",Medium,"#N/A",New,Subject_vkqyu,"#N/A","#N/A","#N/A","#N/A","#N/A"
5c84b1d4-4854-425d-9cfd-f604a7334579,"#N/A","#N/A",false,Web,"#N/A","#N/A",Medium,"#N/A",New,Subject_gwizl,"#N/A","#N/A","#N/A","#N/A","#N/A"
5c86e92e-e2ba-43d4-8b5d-f724f8f14dab,"#N/A","#N/A",false,Web,"#N/A","#N/A",Medium,"#N/A",New,Subject_jcppt,"#N/A","#N/A","#N/A","#N/A","#N/A"
5c87a328-38a1-4732-8cfe-0f838832e57d,"#N/A","#N/A",false,Web,"#N/A","#N/A",Medium,"#N/A",New,Subject_shatn,"#N/A","#N/A","#N/A","#N/A","#N/A"
5c8aab87-6faa-47b5-97a5-97a5133484fe,"#N/A","#N/A",false,Web,"#N/A","#N/A",Medium,"#N/A",New,Subject_fonlw,"#N/A","#N/A","#N/A","#N/A","#N/A"
5c8ddf2f-727f-4bf1-bbb2-6099e71a0b5c,"#N/A","#N/A",false,Web,"#N/A","#N/A",Medium,"#N/A",New,Subject_zltlm,"#N/A","#N/A","#N/A","#N/A","#N/A"
5c8e12bd-896a-4d9a-b3b2-f04d1c433fb7,"#N/A","#N/A",false,Web,"#N/A","#N/A",Medium,"#N/A",New,Subject_mhiwa,"#N/A","#N/A","#N/A","#N/A","#N/A"
5c93a355-a038-487e-aa14-12d3814d755c,"#N/A","#N/A",false,Web,"#N/A","#N/A",Medium,"#N/A",New,Subject_motfm,"#N/A","#N/A","#N/A","#N/A","#N/A"
5c943048-09b3-436a-9c11-d3154981f57b,"#N/A","#N/A",false,Web,"#N/A","#N/A",Medium,"#N/A",New,Subject_plcid,"#N/A","#N/A","#N/A","#N/A","#N/A"
5c970dac-a505-4601-9398-2bf21a774907,"#N/A","#N/A",false,Web,"#N/A","#N/A",Medium,"#N/A",New,Subject_vzsmo,"#N/A","#N/A","#N/A","#N/A","#N/A"
5c983ad6-22ef-4c02-be23-28ffca713b34,"#N/A","#N/A",false,Web,"#N/A","#N/A",Medium,"#N/A",New,Subject_hhhwi,"#N/A","#N/A","#N/A","#N/A","#N/A"
5c9ef0bf-be8a-4751-95c7-ae294b9f399f,"#N/A","#N/A",false,Web,"#N/A","#N/A",Medium,"#N/A",New,Subject_elaca,"#N/A","#N/A","#N/A","#N/A","#N/A"
5c9f2430-8181-415a-857c-db7cc2452c71,"#N/A","#N/A",false,Web,"#N/A","#N/A",Medium,"#N/A",New,Subject_zwpcr,"#N/A","#N/A","#N/A","#N/A","#N/A"
5ca3a553-a5d9-452d-96e4-22c11e1dfdbb,"#N/A","#N/A",false,Web,"#N/A","#N/A",Medium,"#N/A",New,Subject_gldok,"#N/A","#N/A","#N/A","#N/A","#N/A"
5ca57c29-6613-4743-a4bd-e6886e84f7d9,"#N/A","#N/A",false,Web,"#N/A","#N/A",Medium,"#N/A",New,Subject_cusmv,"#N/A","#N/A","#N/A","#N/A","#N/A"
5ca5bf85-9eb2-458d-b1bd-96469615ae0b,"#N/A","#N/A",false,Web,"#N/A","#N/A",Medium,"#N/A",New,Subject_ejuqg,"#N/A","#N/A","#N/A","#N/A","#N/A"
5ca6fc81-d408-47cd-9127-3c6e985f194d,"#N/A","#N/A",false,Web,"#N/A","#N/A",Medium,"#N/A",New,Subject_ecqoq,"#N/A","#N/A","#N/A","#N/A","#N/A"
5ca83eca-d700-4c56-95f5-d213ea7dee44,"#N/A","#N/A",false,Web,"#N/A","#N/A",Medium,"#N/A",New,Subject_vqpqm,"#N/A","#N/A","#N/A","#N/A","#N/A"
5ca8d441-f927-4223-b05d-c3b82ad3abf2,"#N/A","#N/A",false,Web,"#N/A","#N/A",Medium,"#N/A",New,Subject_kpzqq,"#N/A","#N/A","#N/A","#N/A","#N/A"
5caba551-1de4-4bed-86c0-e58108cb91b6,"#N/A","#N/A",false,Web,"#N/A","#N/A",Medium,"#N/A",New,Subject_gjjog,"#N/A","#N/A","#N/A","#N/A","#N/A"
5cac790f-49a3-46b4-99bb-2b17f5c7bd9a,"#N/A","#N/A",false,Web,"#N/A","#N/A",Medium,"#N/A",New,Subject_zajic,"#N/A","#N/A","#N/A","#N/A","#N/A"
5cad3beb-6333-4e64-a430-bd641daebe1b,"#N/A","#N/A",false,Web,"#N/A","#N/A",Medium,"#N/A",New,Subject_fpktt,"#N/A","#N/A","#N/A","#N/A","#N/A"
5cb39d01-8b57-4a61-9094-b65e4a9e3f59,"#N/A","#N/A",false,Web,"#N/A","#N/A",Medium,"#N/A",New,Subject_pkgnw,"#N/A","#N/A","#N/A","#N/A","#N/A"
5cb6ef14-499e-46fd-b1ca-eb56b75e937c,"#N/A","#N/A",false,Web,"#N/A","#N/A",Medium,"#N/A",New,Subject_tdeth,"#N/A","#N/A","#N/A","#N/A","#N/A"
5cb7e1ef-5af7-4797-9a5c-a89c8c1e5045,"#N/A","#N/A",false,Web,"#N/A","#N/A",Medium,"#N/A",New,Subject_jqjvb,"#N/A","#N/A","#N/A","#N/A","#N/A"
5cc1d3f8-b33b-4da5-8341-9c0edc064932,"#N/A","#N/A",false,Web,"#N/A","#N/A",Medium,"#N/A",New,Subject_pogqu,"#N/A","#N/A","#N/A","#N/A","#N/A"
5cc31b39-209b-4eac-a30b-537441685576,"#N/A","#N/A",false,Web,"#N/A","#N/A",Medium,"#N/A",New,Subject_ffeee,"#N/A","#N/A","#N/A","#N/A","#N/A"
5cc4f79b-c560-4a45-88f6-312955672674,"#N/A","#N/A",false,Web,"#N/A","#N/A",Medium,"#N/A",New,Subject_ovjuj,"#N/A","#N/A","#N/A","#N/A","#N/A"
5cc6bb74-86d2-4b23-a76d-495a6d20ddce,"#N/A","#N/A",false,Web,"#N/A","#N/A",Medium,"#N/A",New,Subject_qmnna,"#N/A","#N/A","#N/A","#N/A","#N/A"
5cc9f091-dff0-4f7d-8b74-2259f3347bc4,"#N/A","#N/A",false,Web,"#N/A","#N/A",Medium,"#N/A",New,Subject_wehhr,"#N/A","#N/A","#N/A","#N/A","#N/A"
5cca0051-047b-4f51-85a7-66bd669d08b0,"#N/A","#N/A",false,Web,"#N/A","#N/A",Medium,"#N/A",New,Subject_pgzyi,"#N/A","#N/A","#N/A","#N/A","#N/A"
5ccbd12e-5d8e-4c94-a84b-47fe84300fb1,"#N/A","#N/A",false,Web,"#N/A","#N/A",Medium,"#N/A",New,Subject_uhjey,"#N/A","#N/A","#N/A","#N/A","#N/A"
5cd0fdb4-0d68-4d8d-be85-41685eb83ddf,"#N/A","#N/A",false,Web,"#N/A","#N/A",Medium,"#N/A",New,Subject_jseoa,"#N/A","#N/A","#N/A","#N/A","#N/A"
5cd3792f-e962-4193-8455-a5c69ff26957,"#N/A","#N/A",false,Web,"#N/A","#N/A",Medium,"#N/A",New,Subject_rufor,"#N/A","#N/A","#N/A","#N/A","#N/A"
5cd92fa5-cd22-468f-be2e-f287f0e8b0a5,"#N/A","#N/A",false,Web,"#N/A","#N/A",Medium,"#N/A",New,Subject_zrrlq,"#N/A","#N/A","#N/A","#N/A","#N/A"
5cde20d9-278e-4ce0-b6a7-be7a389797d5,"#N/A","#N/A",false,Web,"#N/A","#N/A",Medium,"#N/A",New,Subject_dckxb,"#N/A","#N/A","#N/A","#N/A","#N/A"
5cdeece9-ed60-433d-b8e0-f53858d4ee2b,"#N/A","#N/A",false,Web,"#N/A","#N/A",Medium,"#N/A",New,Subject_tnqmq,"#N/A","#N/A","#N/A","#N/A","#N/A"
5ce5cd32-ae63-49ed-a1c5-5fabe86b8296,"#N/A","#N/A",false,Web,"#N/A","#N/A",Medium,"#N/A",New,Subject_oflaq,"#N/A","#N/A","#N/A","#N/A","#N/A"
5ce64d3b-e2da-4e88-96ca-18205d59fcac,"#N/A","#N/A",false,Web,"#N/A","#N/A",Medium,"#N/A",New,Subject_raujo,"#N/A","#N/A","#N/A","#N/A","#N/A"
5ce96ece-4684-441d-9e0a-4a2f39990877,"#N/A","#N/A",false,Web,"#N/A","#N/A",Medium,"#N/A",New,Subject_iveoy,"#N/A","#N/A","#N/A","#N/A","#N/A"
5ceaec53-42f1-44fd-8de6-c806a05c25b7,"#N/A","#N/A",false,Web,"#N/A","#N/A",Medium,"#N/A",New,Subject_pimph,"#N/A","#N/A","#N/A","#N/A","#N/A"
5cef74d5-b282-42d1-b99d-bbc4be20a367,"#N/A","#N/A",false,Web,"#N/A","#N/A",Medium,"#N/A",New,Subject_oxngr,"#N/A","#N/A","#N/A","#N/A","#N/A"
5cf0ee25-eae8-401e-b929-8bde4396a712,"#N/A","#N/A",false,Web,"#N/A","#N/A",Medium,"#N/A",New,Subject_ipwqc,"#N/A","#N/A","#N/A","#N/A","#N/A"
5cf1b211-ebc4-4d06-a595-69baf0c667a4,"#N/A","#N/A",false,Web,"#N/A","#N/A",Medium,"#N/A",New,Subject_jborq,"#N/A","#N/A","#N/A","#N/A","#N/A"
5cf66281-0e46-4780-9b71-2a04e78af022,"#N/A","#N/A",false,Web,"#N/A","#N/A",Medium,"#N/A",New,Subject_guiai,"#N/A","#N/A","#N/A","#N/A","#N/A"
5cfc1d48-2a66-4174-9828-49e36bf61734,"#N/A","#N/A",false,Web,"#N/A","#N/A",Medium,"#N/A",New,Subject_svvts,"#N/A","#N/A","#N/A","#N/A","#N/A"
5d00bb49-a68f-4cea-b155-653ff8bb317a,"#N/A","#N/A",false,Web,"#N/A","#N/A",Medium,"#N/A",New,Subject_slgkf,"#N/A","#N/A","#N/A","#N/A","#N/A"
5d00eba5-7b93-4b8c-8c83-4f5976b8870e,"#N/A","#N/A",false,Web,"#N/A","#N/A",Medium,"#N/A",New,Subject_imtwc,"#N/A","#N/A","#N/A","#N/A","#N/A"
5d0189af-6886-41a3-a5fa-1ea363ddb575,"#N/A","#N/A",false,Web,"#N/A","#N/A",Medium,"#N/A",New,Subject_bubbp,"#N/A","#N/A","#N/A","#N/A","#N/A"
5d03fa74-854d-4093-829e-0e0f4ebc21ed,"#N/A","#N/A",false,Web,"#N/A","#N/A",Medium,"#N/A",New,Subject_ipfzv,"#N/A","#N/A","#N/A","#N/A","#N/A"
5d054083-7e50-42ad-a17e-0b80aecbbfbc,"#N/A","#N/A",false,Web,"#N/A","#N/A",Medium,"#N/A",New,Subject_ieike,"#N/A","#N/A","#N/A","#N/A","#N/A"
5d066378-d149-4ae5-b0e8-3953eafb7828,"#N/A","#N/A",false,Web,"#N/A","#N/A",Medium,"#N/A",New,Subject_hozhk,"#N/A","#N/A","#N/A","#N/A","#N/A"
5d07af32-2baf-4e22-8213-3fa1575a26af,"#N/A","#N/A",false,Web,"#N/A","#N/A",Medium,"#N/A",New,Subject_nnmyd,"#N/A","#N/A","#N/A","#N/A","#N/A"
5d08b143-f4b2-4e63-8448-8135b5e08f84,"#N/A","#N/A",false,Web,"#N/A","#N/A",Medium,"#N/A",New,Subject_nrunr,"#N/A","#N/A","#N/A","#N/A","#N/A"
5d0ae0cc-00a2-4e6d-abc4-57b59bc55d0a,"#N/A","#N/A",false,Web,"#N/A","#N/A",Medium,"#N/A",New,Subject_llmtv,"#N/A","#N/A","#N/A","#N/A","#N/A"
5d0c530d-a656-41fd-b938-18ba9d753283,"#N/A","#N/A",false,Web,"#N/A","#N/A",Medium,"#N/A",New,Subject_drjdd,"#N/A","#N/A","#N/A","#N/A","#N/A"
5d0d126f-5a49-4f3c-ab67-7e075fbc6835,"#N/A","#N/A",false,Web,"#N/A","#N/A",Medium,"#N/A",New,Subject_sefft,"#N/A","#N/A","#N/A","#N/A","#N/A"
5d135f0f-97f1-4b56-9399-47a5a1c3f394,"#N/A","#N/A",false,Web,"#N/A","#N/A",Medium,"#N/A",New,Subject_lfgjh,"#N/A","#N/A","#N/A","#N/A","#N/A"
5d14f117-3413-4073-b23d-827df7614a67,"#N/A","#N/A",false,Web,"#N/A","#N/A",Medium,"#N/A",New,Subject_lhpyn,"#N/A","#N/A","#N/A","#N/A","#N/A"
5d193a20-6a8d-4009-b05d-ff646b9d3e97,"#N/A","#N/A",false,Web,"#N/A","#N/A",Medium,"#N/A",New,Subject_vzhqz,"#N/A","#N/A","#N/A","#N/A","#N/A"
5d1a7cee-852d-4b61-9f29-78cdb6630e98,"#N/A","#N/A",false,Web,"#N/A","#N/A",Medium,"#N/A",New,Subject_wrvyi,"#N/A","#N/A","#N/A","#N/A","#N/A"
5d1d28e2-00b5-4682-b531-4897dfe91e20,"#N/A","#N/A",false,Web,"#N/A","#N/A",Medium,"#N/A",New,Subject_knnbb,"#N/A","#N/A","#N/A","#N/A","#N/A"
5d1eefba-3caa-4bd5-8277-912af16da849,"#N/A","#N/A",false,Web,"#N/A","#N/A",Medium,"#N/A",New,Subject_tipws,"#N/A","#N/A","#N/A","#N/A","#N/A"
5d1f755d-2075-429e-b97e-21c21fac5016,"#N/A","#N/A",false,Web,"#N/A","#N/A",Medium,"#N/A",New,Subject_jfxix,"#N/A","#N/A","#N/A","#N/A","#N/A"
5d21729a-c66f-482d-936c-f875cfaef70c,"#N/A","#N/A",false,Web,"#N/A","#N/A",Medium,"#N/A",New,Subject_pjyoy,"#N/A","#N/A","#N/A","#N/A","#N/A"
5d234abb-e288-4aca-bf51-27ad431d099d,"#N/A","#N/A",false,Web,"#N/A","#N/A",Medium,"#N/A",New,Subject_edbhi,"#N/A","#N/A","#N/A","#N/A","#N/A"
5d2aab37-9602-4713-a3b7-dc7d0e16f064,"#N/A","#N/A",false,Web,"#N/A","#N/A",Medium,"#N/A",New,Subject_grewy,"#N/A","#N/A","#N/A","#N/A","#N/A"
5d2c064a-91b7-4912-988b-103eaa4c7d56,"#N/A","#N/A",false,Web,"#N/A","#N/A",Medium,"#N/A",New,Subject_rvxbb,"#N/A","#N/A","#N/A","#N/A","#N/A"
5d2d626f-924c-407f-b657-2f74092cafbf,"#N/A","#N/A",false,Web,"#N/A","#N/A",Medium,"#N/A",New,Subject_qefis,"#N/A","#N/A","#N/A","#N/A","#N/A"
5d326c7f-7b0f-448a-a476-46ce92685061,"#N/A","#N/A",false,Web,"#N/A","#N/A",Medium,"#N/A",New,Subject_pywil,"#N/A","#N/A","#N/A","#N/A","#N/A"
5d35ca3f-08d8-486f-a7fc-4808b9207b29,"#N/A","#N/A",false,Web,"#N/A","#N/A",Medium,"#N/A",New,Subject_wijfr,"#N/A","#N/A","#N/A","#N/A","#N/A"
5d39bc4f-a8af-4e94-bd2c-f2096435ca78,"#N/A","#N/A",false,Web,"#N/A","#N/A",Medium,"#N/A",New,Subject_epdmo,"#N/A","#N/A","#N/A","#N/A","#N/A"
5d41ac63-4094-42d1-b3f3-b5a25ccca3c0,"#N/A","#N/A",false,Web,"#N/A","#N/A",Medium,"#N/A",New,Subject_uoanw,"#N/A","#N/A","#N/A","#N/A","#N/A"
5d42977f-c705-475b-b40f-bc72c7d27780,"#N/A","#N/A",false,Web,"#N/A","#N/A",Medium,"#N/A",New,Subject_fnxjw,"#N/A","#N/A","#N/A","#N/A","#N/A"
5d447f90-874a-4b42-8887-3ed2b5ff7ff3,"#N/A","#N/A",false,Web,"#N/A","#N/A",Medium,"#N/A",New,Subject_dleco,"#N/A","#N/A","#N/A","#N/A","#N/A"
5d474f0f-f3b2-4d1c-b1e5-e9eb21ea9b6e,"#N/A","#N/A",false,Web,"#N/A","#N/A",Medium,"#N/A",New,Subject_fwvyo,"#N/A","#N/A","#N/A","#N/A","#N/A"
5d488b7b-f36a-47e5-a18c-2eed02388f08,"#N/A","#N/A",false,Web,"#N/A","#N/A",Medium,"#N/A",New,Subject_cwpbf,"#N/A","#N/A","#N/A","#N/A","#N/A"
5d4b1461-b5af-46a8-9c7c-54283086149b,"#N/A","#N/A",false,Web,"#N/A","#N/A",Medium,"#N/A",New,Subject_mmtje,"#N/A","#N/A","#N/A","#N/A","#N/A"
5d4bc9cf-92e4-4846-8dc9-e5099ff82066,"#N/A","#N/A",false,Web,"#N/A","#N/A",Medium,"#N/A",New,Subject_jdcyc,"#N/A","#N/A","#N/A","#N/A","#N/A"
5d51bf1c-001f-48cd-b89d-ac716afecc5e,"#N/A","#N/A",false,Web,"#N/A","#N/A",Medium,"#N/A",New,Subject_bhbrb,"#N/A","#N/A","#N/A","#N/A","#N/A"
5d5231da-c157-42c0-9fa3-18f196e23043,"#N/A","#N/A",false,Web,"#N/A","#N/A",Medium,"#N/A",New,Subject_towok,"#N/A","#N/A","#N/A","#N/A","#N/A"
5d52bb86-8c7d-4bd7-a0c5-70681ccd621c,"#N/A","#N/A",false,Web,"#N/A","#N/A",Medium,"#N/A",New,Subject_jbvom,"#N/A","#N/A","#N/A","#N/A","#N/A"
5d53b209-ed1a-4b81-8021-1e5a9d2e7706,"#N/A","#N/A",false,Web,"#N/A","#N/A",Medium,"#N/A",New,Subject_dkroq,"#N/A","#N/A","#N/A","#N/A","#N/A"
5d59405f-5e8d-4abd-96b6-c34b25f0fec5,"#N/A","#N/A",false,Web,"#N/A","#N/A",Medium,"#N/A",New,Subject_cyfog,"#N/A","#N/A","#N/A","#N/A","#N/A"
5d596d82-45ac-452a-9c14-137e945b57dc,"#N/A","#N/A",false,Web,"#N/A","#N/A",Medium,"#N/A",New,Subject_shefi,"#N/A","#N/A","#N/A","#N/A","#N/A"
5d5a6fe4-feda-4a38-9839-7d61fb857f60,"#N/A","#N/A",false,Web,"#N/A","#N/A",Medium,"#N/A",New,Subject_dksqo,"#N/A","#N/A","#N/A","#N/A","#N/A"
5d611338-eadb-47d1-93d9-8e392cc9ae64,"#N/A","#N/A",false,Web,"#N/A","#N/A",Medium,"#N/A",New,Subject_gieln,"#N/A","#N/A","#N/A","#N/A","#N/A"
5d6124ff-1428-4bf9-bdfa-39b228302e1b,"#N/A","#N/A",false,Web,"#N/A","#N/A",Medium,"#N/A",New,Subject_oyxyz,"#N/A","#N/A","#N/A","#N/A","#N/A"
5d63931a-f669-4834-80c4-fafd672de92d,"#N/A","#N/A",false,Web,"#N/A","#N/A",Medium,"#N/A",New,Subject_brmbl,"#N/A","#N/A","#N/A","#N/A","#N/A"
5d64d10e-bce5-49a4-89dc-030f22a25544,"#N/A","#N/A",false,Web,"#N/A","#N/A",Medium,"#N/A",New,Subject_qolvi,"#N/A","#N/A","#N/A","#N/A","#N/A"
5d651219-1144-42d4-a3b7-5bd82c2dc702,"#N/A","#N/A",false,Web,"#N/A","#N/A",Medium,"#N/A",New,Subject_arzmg,"#N/A","#N/A","#N/A","#N/A","#N/A"
5d689a59-eb35-4b0d-874a-ae0cac88657b,"#N/A","#N/A",false,Web,"#N/A","#N/A",Medium,"#N/A",New,Subject_rxtvo,"#N/A","#N/A","#N/A","#N/A","#N/A"
5d6af762-1838-43c5-9819-d87b1d0483ac,"#N/A","#N/A",false,Web,"#N/A","#N/A",Medium,"#N/A",New,Subject_apwro,"#N/A","#N/A","#N/A","#N/A","#N/A"
5d714895-4ab4-4d44-93ae-d0b05d8a8396,"#N/A","#N/A",false,Web,"#N/A","#N/A",Medium,"#N/A",New,Subject_myqeu,"#N/A","#N/A","#N/A","#N/A","#N/A"
5d7582d9-3d20-4541-a1f4-407a70c9cb19,"#N/A","#N/A",false,Web,"#N/A","#N/A",Medium,"#N/A",New,Subject_zuoxe,"#N/A","#N/A","#N/A","#N/A","#N/A"
5d791f8a-9a29-44b1-b6c8-f2b68a455030,"#N/A","#N/A",false,Web,"#N/A","#N/A",Medium,"#N/A",New,Subject_ygdva,"#N/A","#N/A","#N/A","#N/A","#N/A"
5d7a29e8-98ff-4658-8cbf-33e683a0659e,"#N/A","#N/A",false,Web,"#N/A","#N/A",Medium,"#N/A",New,Subject_scjtw,"#N/A","#N/A","#N/A","#N/A","#N/A"
5d7d100a-f584-448d-ab8d-55eb9bf26cbc,"#N/A","#N/A",false,Web,"#N/A","#N/A",Medium,"#N/A",New,Subject_uxpaf,"#N/A","#N/A","#N/A","#N/A","#N/A"
5d7df3a0-4863-4086-be0e-62476b72cf65,"#N/A","#N/A",false,Web,"#N/A","#N/A",Medium,"#N/A",New,Subject_gdqwy,"#N/A","#N/A","#N/A","#N/A","#N/A"
5d7ef8bd-44f3-4691-aac9-ed53b9d1087f,"#N/A","#N/A",false,Web,"#N/A","#N/A",Medium,"#N/A",New,Subject_wvoio,"#N/A","#N/A","#N/A","#N/A","#N/A"
5d7f970d-403a-42d6-bb7c-a233dcc5bb12,"#N/A","#N/A",false,Web,"#N/A","#N/A",Medium,"#N/A",New,Subject_vrema,"#N/A","#N/A","#N/A","#N/A","#N/A"
5d86be0e-8937-4b0c-aed9-e58a2db6c4c6,"#N/A","#N/A",false,Web,"#N/A","#N/A",Medium,"#N/A",New,Subject_rnuzy,"#N/A","#N/A","#N/A","#N/A","#N/A"
5d899ca8-144f-4d97-9165-6468c010b391,"#N/A","#N/A",false,Web,"#N/A","#N/A",Medium,"#N/A",New,Subject_zttjj,"#N/A","#N/A","#N/A","#N/A","#N/A"
5d8fd169-b79f-40e5-9e8b-7b169dc95b07,"#N/A","#N/A",false,Web,"#N/A","#N/A",Medium,"#N/A",New,Subject_welho,"#N/A","#N/A","#N/A","#N/A","#N/A"
5d90465e-9585-4336-86ec-37700581cb29,"#N/A","#N/A",false,Web,"#N/A","#N/A",Medium,"#N/A",New,Subject_hvztl,"#N/A","#N/A","#N/A","#N/A","#N/A"
5d9059fe-de0c-4632-88ec-fe2d7f97aaf3,"#N/A","#N/A",false,Web,"#N/A","#N/A",Medium,"#N/A",New,Subject_wvuwk,"#N/A","#N/A","#N/A","#N/A","#N/A"
5d91c869-962a-41ab-a225-e634ea223542,"#N/A","#N/A",false,Web,"#N/A","#N/A",Medium,"#N/A",New,Subject_xgdta,"#N/A","#N/A","#N/A","#N/A","#N/A"
5d92de1e-0f2c-4f00-a65c-50d091dc50ca,"#N/A","#N/A",false,Web,"#N/A","#N/A",Medium,"#N/A",New,Subject_jxbui,"#N/A","#N/A","#N/A","#N/A","#N/A"
5d95b963-b1e6-485f-855e-df797b7c237f,"#N/A","#N/A",false,Web,"#N/A","#N/A",Medium,"#N/A",New,Subject_rcjwa,"#N/A","#N/A","#N/A","#N/A","#N/A"
5d96e62d-93e0-4dbc-87d4-5295c2f41f73,"#N/A","#N/A",false,Web,"#N/A","#N/A",Medium,"#N/A",New,Subject_xyjjx,"#N/A","#N/A","#N/A","#N/A","#N/A"
5d9eb413-498e-4043-a58a-a2ad4cd93dba,"#N/A","#N/A",false,Web,"#N/A","#N/A",Medium,"#N/A",New,Subject_ljgzp,"#N/A","#N/A","#N/A","#N/A","#N/A"
5da0feb4-c762-49ae-9646-afc2d91b38bd,"#N/A","#N/A",false,Web,"#N/A","#N/A",Medium,"#N/A",New,Subject_rpine,"#N/A","#N/A","#N/A","#N/A","#N/A"
5da4faa9-8799-468f-9dba-8587f7374406,"#N/A","#N/A",false,Web,"#N/A","#N/A",Medium,"#N/A",New,Subject_katsh,"#N/A","#N/A","#N/A","#N/A","#N/A"
5dac3be3-b1bd-4e7c-a685-0bb1f8cde288,"#N/A","#N/A",false,Web,"#N/A","#N/A",Medium,"#N/A",New,Subject_wmdhq,"#N/A","#N/A","#N/A","#N/A","#N/A"
5daca967-5f3a-4ac7-b1cc-1c5ff1a8d8e0,"#N/A","#N/A",false,Web,"#N/A","#N/A",Medium,"#N/A",New,Subject_syvnw,"#N/A","#N/A","#N/A","#N/A","#N/A"
5dacfe62-38fc-43ec-9354-ec73d68ef088,"#N/A","#N/A",false,Web,"#N/A","#N/A",Medium,"#N/A",New,Subject_yktbd,"#N/A","#N/A","#N/A","#N/A","#N/A"
5db6c7c2-2a5c-4e09-9680-a422e5cc1c51,"#N/A","#N/A",false,Web,"#N/A","#N/A",Medium,"#N/A",New,Subject_hpfwa,"#N/A","#N/A","#N/A","#N/A","#N/A"
5db8b1fc-93da-4661-aa8e-5e64702f161b,"#N/A","#N/A",false,Web,"#N/A","#N/A",Medium,"#N/A",New,Subject_sgjmv,"#N/A","#N/A","#N/A","#N/A","#N/A"
5db9db8d-4bb5-46c1-9716-3fd060ce7d5e,"#N/A","#N/A",false,Web,"#N/A","#N/A",Medium,"#N/A",New,Subject_lzwlf,"#N/A","#N/A","#N/A","#N/A","#N/A"
5dbb2d5c-9db0-4c1b-8d59-a7f8f194bfcb,"#N/A","#N/A",false,Web,"#N/A","#N/A",Medium,"#N/A",New,Subject_sfucg,"#N/A","#N/A","#N/A","#N/A","#N/A"
5dbb9dcf-a593-4f23-b351-b78276017a80,"#N/A","#N/A",false,Web,"#N/A","#N/A",Medium,"#N/A",New,Subject_bnjft,"#N/A","#N/A","#N/A","#N/A","#N/A"
5dc422dd-7d5b-41d6-b3a9-7b3b871e21be,"#N/A","#N/A",false,Web,"#N/A","#N/A",Medium,"#N/A",New,Subject_czloh,"#N/A","#N/A","#N/A","#N/A","#N/A"
5dc508f8-f9ae-4c67-9829-229b81226247,"#N/A","#N/A",false,Web,"#N/A","#N/A",Medium,"#N/A",New,Subject_zzyrj,"#N/A","#N/A","#N/A","#N/A","#N/A"
5dc53187-f97c-448b-8086-56a4cf7ba90d,"#N/A","#N/A",false,Web,"#N/A","#N/A",Medium,"#N/A",New,Subject_srkot,"#N/A","#N/A","#N/A","#N/A","#N/A"
5dc568c4-cdbc-4c03-9dff-ca9f3f9a170d,"#N/A","#N/A",false,Web,"#N/A","#N/A",Medium,"#N/A",New,Subject_vhcxy,"#N/A","#N/A","#N/A","#N/A","#N/A"
5dc67ad1-35bd-4bb9-8959-61f8a2274f1a,"#N/A","#N/A",false,Web,"#N/A","#N/A",Medium,"#N/A",New,Subject_ccidv,"#N/A","#N/A","#N/A","#N/A","#N/A"
5dc7087b-7043-4a66-808b-b3bc799f53f9,"#N/A","#N/A",false,Web,"#N/A","#N/A",Medium,"#N/A",New,Subject_ansvj,"#N/A","#N/A","#N/A","#N/A","#N/A"
5dc7399f-4b01-42c1-a648-f24b7fd82d49,"#N/A","#N/A",false,Web,"#N/A","#N/A",Medium,"#N/A",New,Subject_eeiab,"#N/A","#N/A","#N/A","#N/A","#N/A"
5dc88df6-907a-4d00-bd49-03814ba667da,"#N/A","#N/A",false,Web,"#N/A","#N/A",Medium,"#N/A",New,Subject_itrgr,"#N/A","#N/A","#N/A","#N/A","#N/A"
5dc9508f-2402-4854-b1a3-14924a0222c2,"#N/A","#N/A",false,Web,"#N/A","#N/A",Medium,"#N/A",New,Subject_nyscm,"#N/A","#N/A","#N/A","#N/A","#N/A"
5dca9160-cdd5-4dbd-b654-1b3af4a04979,"#N/A","#N/A",false,Web,"#N/A","#N/A",Medium,"#N/A",New,Subject_ayskm,"#N/A","#N/A","#N/A","#N/A","#N/A"
5dcdd923-bcfe-43be-922e-eb4d99724dc0,"#N/A","#N/A",false,Web,"#N/A","#N/A",Medium,"#N/A",New,Subject_kucxm,"#N/A","#N/A","#N/A","#N/A","#N/A"
5dcfd7d9-b817-43f5-98e2-3382c39917ef,"#N/A","#N/A",false,Web,"#N/A","#N/A",Medium,"#N/A",New,Subject_bjdmx,"#N/A","#N/A","#N/A","#N/A","#N/A"
5dd0a93e-595a-4cc4-b12e-4f62c108b35d,"#N/A","#N/A",false,Web,"#N/A","#N/A",Medium,"#N/A",New,Subject_dfbuk,"#N/A","#N/A","#N/A","#N/A","#N/A"
5dd1fee5-6319-4f51-aa4b-1e7d1a42f9f1,"#N/A","#N/A",false,Web,"#N/A","#N/A",Medium,"#N/A",New,Subject_awqtf,"#N/A","#N/A","#N/A","#N/A","#N/A"
5ddf7581-84b8-49dc-9821-0f4a911179cc,"#N/A","#N/A",false,Web,"#N/A","#N/A",Medium,"#N/A",New,Subject_jusiy,"#N/A","#N/A","#N/A","#N/A","#N/A"
5ddfe7f6-305d-47a5-a5b9-135d854d1c23,"#N/A","#N/A",false,Web,"#N/A","#N/A",Medium,"#N/A",New,Subject_aptrq,"#N/A","#N/A","#N/A","#N/A","#N/A"
5de463b3-41d9-4eb5-8c66-1da306334711,"#N/A","#N/A",false,Web,"#N/A","#N/A",Medium,"#N/A",New,Subject_fwlqv,"#N/A","#N/A","#N/A","#N/A","#N/A"
5de8bf7c-96e1-4514-8329-ffbdd4d2f2d4,"#N/A","#N/A",false,Web,"#N/A","#N/A",Medium,"#N/A",New,Subject_ggwzx,"#N/A","#N/A","#N/A","#N/A","#N/A"
5de923da-6321-4887-94ee-22cf57420e33,"#N/A","#N/A",false,Web,"#N/A","#N/A",Medium,"#N/A",New,Subject_pyqwe,"#N/A","#N/A","#N/A","#N/A","#N/A"
5dec6a27-94e2-432c-ba3d-8a0bb66d76fa,"#N/A","#N/A",false,Web,"#N/A","#N/A",Medium,"#N/A",New,Subject_yoika,"#N/A","#N/A","#N/A","#N/A","#N/A"
5df08913-b044-4cb0-85ef-1da92a22d804,"#N/A","#N/A",false,Web,"#N/A","#N/A",Medium,"#N/A",New,Subject_xxfom,"#N/A","#N/A","#N/A","#N/A","#N/A"
5df34640-0e7d-4dde-84c3-6803a2960e60,"#N/A","#N/A",false,Web,"#N/A","#N/A",Medium,"#N/A",New,Subject_dwdoh,"#N/A","#N/A","#N/A","#N/A","#N/A"
5df3ed26-ea2f-4dc9-a45b-6e2e7f841e44,"#N/A","#N/A",false,Web,"#N/A","#N/A",Medium,"#N/A",New,Subject_xihwb,"#N/A","#N/A","#N/A","#N/A","#N/A"
5df943e8-46b9-40e2-a223-95dc09605644,"#N/A","#N/A",false,Web,"#N/A","#N/A",Medium,"#N/A",New,Subject_fcyec,"#N/A","#N/A","#N/A","#N/A","#N/A"
5dff0125-be41-4da0-9259-69a15b8821f4,"#N/A","#N/A",false,Web,"#N/A","#N/A",Medium,"#N/A",New,Subject_tjlhg,"#N/A","#N/A","#N/A","#N/A","#N/A"
5dffe031-83d6-4ee0-bd37-7c4f499486e2,"#N/A","#N/A",false,Web,"#N/A","#N/A",Medium,"#N/A",New,Subject_izumd,"#N/A","#N/A","#N/A","#N/A","#N/A"
5e017400-1be7-4994-9df1-a9ec6359cf5b,"#N/A","#N/A",false,Web,"#N/A","#N/A",Medium,"#N/A",New,Subject_tylqx,"#N/A","#N/A","#N/A","#N/A","#N/A"
5e03327d-be2a-4939-99a3-587501ae5c23,"#N/A","#N/A",false,Web,"#N/A","#N/A",Medium,"#N/A",New,Subject_teais,"#N/A","#N/A","#N/A","#N/A","#N/A"
5e07e8f2-750d-4e27-99bb-737732dd1882,"#N/A","#N/A",false,Web,"#N/A","#N/A",Medium,"#N/A",New,Subject_rbxxj,"#N/A","#N/A","#N/A","#N/A","#N/A"
5e0b9178-e33b-4098-ae78-386bd77234ba,"#N/A","#N/A",false,Web,"#N/A","#N/A",Medium,"#N/A",New,Subject_jnxra,"#N/A","#N/A","#N/A","#N/A","#N/A"
5e0ca1c2-4ca0-4cdb-bc27-7aa0f2a5ec5f,"#N/A","#N/A",false,Web,"#N/A","#N/A",Medium,"#N/A",New,Subject_nvpaz,"#N/A","#N/A","#N/A","#N/A","#N/A"
5e0d390a-1f36-4a17-9586-a35ed694fd82,"#N/A","#N/A",false,Web,"#N/A","#N/A",Medium,"#N/A",New,Subject_kraso,"#N/A","#N/A","#N/A","#N/A","#N/A"
5e0f8057-4afd-4a91-a2cd-54aceb3c83d2,"#N/A","#N/A",false,Web,"#N/A","#N/A",Medium,"#N/A",New,Subject_xcubr,"#N/A","#N/A","#N/A","#N/A","#N/A"
5e1167c5-915e-4896-92cf-c9a9e869379c,"#N/A","#N/A",false,Web,"#N/A","#N/A",Medium,"#N/A",New,Subject_wqzuf,"#N/A","#N/A","#N/A","#N/A","#N/A"
5e12ad41-b560-470a-b319-d87fe998053a,"#N/A","#N/A",false,Web,"#N/A","#N/A",Medium,"#N/A",New,Subject_utsed,"#N/A","#N/A","#N/A","#N/A","#N/A"
5e161641-5287-4463-aded-6de33ccd2063,"#N/A","#N/A",false,Web,"#N/A","#N/A",Medium,"#N/A",New,Subject_pfnwb,"#N/A","#N/A","#N/A","#N/A","#N/A"
5e1673a1-a956-41dd-a1f3-3fe714f1ed88,"#N/A","#N/A",false,Web,"#N/A","#N/A",Medium,"#N/A",New,Subject_ujxbr,"#N/A","#N/A","#N/A","#N/A","#N/A"
5e1810b6-0ade-48bf-9f9b-f36b9d4bdf62,"#N/A","#N/A",false,Web,"#N/A","#N/A",Medium,"#N/A",New,Subject_yrabn,"#N/A","#N/A","#N/A","#N/A","#N/A"
5e18502f-9f77-40c9-b320-9929e80fa5d8,"#N/A","#N/A",false,Web,"#N/A","#N/A",Medium,"#N/A",New,Subject_mluyu,"#N/A","#N/A","#N/A","#N/A","#N/A"
5e19bd1e-6a78-409f-a9a9-62a4707875be,"#N/A","#N/A",false,Web,"#N/A","#N/A",Medium,"#N/A",New,Subject_ctuox,"#N/A","#N/A","#N/A","#N/A","#N/A"
5e1d5fce-570a-4232-8ef3-bc544311e5c7,"#N/A","#N/A",false,Web,"#N/A","#N/A",Medium,"#N/A",New,Subject_ltcqf,"#N/A","#N/A","#N/A","#N/A","#N/A"
5e1e00ae-eb1e-4f65-9588-307563b03816,"#N/A","#N/A",false,Web,"#N/A","#N/A",Medium,"#N/A",New,Subject_fvgzm,"#N/A","#N/A","#N/A","#N/A","#N/A"
5e20d6ee-76b4-4220-9718-0332d1b81feb,"#N/A","#N/A",false,Web,"#N/A","#N/A",Medium,"#N/A",New,Subject_prpeb,"#N/A","#N/A","#N/A","#N/A","#N/A"
5e22c255-7211-429c-9c14-3978dd02f60a,"#N/A","#N/A",false,Web,"#N/A","#N/A",Medium,"#N/A",New,Subject_auytj,"#N/A","#N/A","#N/A","#N/A","#N/A"
5e251955-cfbc-4ab1-9872-98488c801c4b,"#N/A","#N/A",false,Web,"#N/A","#N/A",Medium,"#N/A",New,Subject_wyynm,"#N/A","#N/A","#N/A","#N/A","#N/A"
5e290c6b-53a5-40f1-87dc-2affbd1da8f4,"#N/A","#N/A",false,Web,"#N/A","#N/A",Medium,"#N/A",New,Subject_ijcjs,"#N/A","#N/A","#N/A","#N/A","#N/A"
5e2e7ffd-728c-46d7-a4b4-03c6bc41ed56,"#N/A","#N/A",false,Web,"#N/A","#N/A",Medium,"#N/A",New,Subject_imuuy,"#N/A","#N/A","#N/A","#N/A","#N/A"
5e2f3750-e4f1-44aa-92d9-a96b48e9d589,"#N/A","#N/A",false,Web,"#N/A","#N/A",Medium,"#N/A",New,Subject_ixsbu,"#N/A","#N/A","#N/A","#N/A","#N/A"
5e2fd7b0-ebf4-4663-b9e2-7da11ab31805,"#N/A","#N/A",false,Web,"#N/A","#N/A",Medium,"#N/A",New,Subject_ecdzd,"#N/A","#N/A","#N/A","#N/A","#N/A"
5e3026d1-18e4-48a3-b034-42d3b280ea08,"#N/A","#N/A",false,Web,"#N/A","#N/A",Medium,"#N/A",New,Subject_prqjc,"#N/A","#N/A","#N/A","#N/A","#N/A"
5e36d4fc-86af-4de7-aa5d-8c4f9da58d33,"#N/A","#N/A",false,Web,"#N/A","#N/A",Medium,"#N/A",New,Subject_fhnok,"#N/A","#N/A","#N/A","#N/A","#N/A"
5e3a45fb-a88d-4968-8a26-19c29608cd3e,"#N/A","#N/A",false,Web,"#N/A","#N/A",Medium,"#N/A",New,Subject_tozgq,"#N/A","#N/A","#N/A","#N/A","#N/A"
5e3d416f-f131-4860-8e61-cc81043e491c,"#N/A","#N/A",false,Web,"#N/A","#N/A",Medium,"#N/A",New,Subject_qrvwr,"#N/A","#N/A","#N/A","#N/A","#N/A"
5e3da8e4-0c7c-434b-b3d6-0c30bad4ba2e,"#N/A","#N/A",false,Web,"#N/A","#N/A",Medium,"#N/A",New,Subject_kfdxc,"#N/A","#N/A","#N/A","#N/A","#N/A"
5e3e65fc-d2b6-421a-a7b7-224e0fdf71a1,"#N/A","#N/A",false,Web,"#N/A","#N/A",Medium,"#N/A",New,Subject_tnmep,"#N/A","#N/A","#N/A","#N/A","#N/A"
5e3f6f46-eafe-45c2-acb9-faedeed3f305,"#N/A","#N/A",false,Web,"#N/A","#N/A",Medium,"#N/A",New,Subject_czwhv,"#N/A","#N/A","#N/A","#N/A","#N/A"
5e45c4b0-4cb7-49a7-b428-6c651ca6e0f2,"#N/A","#N/A",false,Web,"#N/A","#N/A",Medium,"#N/A",New,Subject_qmcso,"#N/A","#N/A","#N/A","#N/A","#N/A"
5e4603d1-2992-4fc0-bed9-b7e3879d179f,"#N/A","#N/A",false,Web,"#N/A","#N/A",Medium,"#N/A",New,Subject_pywnm,"#N/A","#N/A","#N/A","#N/A","#N/A"
5e461c6c-a248-4ea1-8c15-f34110245373,"#N/A","#N/A",false,Web,"#N/A","#N/A",Medium,"#N/A",New,Subject_wudkj,"#N/A","#N/A","#N/A","#N/A","#N/A"
5e472ce2-1fd1-46da-aa50-9449f6bb09cb,"#N/A","#N/A",false,Web,"#N/A","#N/A",Medium,"#N/A",New,Subject_dbxee,"#N/A","#N/A","#N/A","#N/A","#N/A"
5e49384c-56eb-4f9e-abfe-f4df1983e180,"#N/A","#N/A",false,Web,"#N/A","#N/A",Medium,"#N/A",New,Subject_ottyn,"#N/A","#N/A","#N/A","#N/A","#N/A"
5e4a6be8-0a49-48ad-833f-3b1700e5325e,"#N/A","#N/A",false,Web,"#N/A","#N/A",Medium,"#N/A",New,Subject_mlcbl,"#N/A","#N/A","#N/A","#N/A","#N/A"
5e4c0bf8-e52b-4e03-aa88-a6eca2864779,"#N/A","#N/A",false,Web,"#N/A","#N/A",Medium,"#N/A",New,Subject_nunoi,"#N/A","#N/A","#N/A","#N/A","#N/A"
5e4e84e0-b57b-4210-9236-a39041c50cb4,"#N/A","#N/A",false,Web,"#N/A","#N/A",Medium,"#N/A",New,Subject_fzbps,"#N/A","#N/A","#N/A","#N/A","#N/A"
5e4e9a4c-b7a7-432e-81a4-303046e9d9ab,"#N/A","#N/A",false,Web,"#N/A","#N/A",Medium,"#N/A",New,Subject_jmaat,"#N/A","#N/A","#N/A","#N/A","#N/A"
5e4f0343-1185-4b71-aafa-f0439541d177,"#N/A","#N/A",false,Web,"#N/A","#N/A",Medium,"#N/A",New,Subject_itmyf,"#N/A","#N/A","#N/A","#N/A","#N/A"
5e57aa9c-529e-49c8-80bb-6323533d67c0,"#N/A","#N/A",false,Web,"#N/A","#N/A",Medium,"#N/A",New,Subject_caouw,"#N/A","#N/A","#N/A","#N/A","#N/A"
5e57ae9e-698c-4d34-bad7-e2b83425b760,"#N/A","#N/A",false,Web,"#N/A","#N/A",Medium,"#N/A",New,Subject_njioi,"#N/A","#N/A","#N/A","#N/A","#N/A"
5e5d3449-9dbf-4fd6-a1fa-f14f130a918f,"#N/A","#N/A",false,Web,"#N/A","#N/A",Medium,"#N/A",New,Subject_crton,"#N/A","#N/A","#N/A","#N/A","#N/A"
5e5e0e41-5f7a-45d1-8ee9-7cb76fc1cd7b,"#N/A","#N/A",false,Web,"#N/A","#N/A",Medium,"#N/A",New,Subject_fyyku,"#N/A","#N/A","#N/A","#N/A","#N/A"
5e626775-a3dc-4968-bd6b-2da48a4d770b,"#N/A","#N/A",false,Web,"#N/A","#N/A",Medium,"#N/A",New,Subject_rwnlo,"#N/A","#N/A","#N/A","#N/A","#N/A"
5e629dd7-0083-4ed5-9159-afafd7f2b25d,"#N/A","#N/A",false,Web,"#N/A","#N/A",Medium,"#N/A",New,Subject_krjws,"#N/A","#N/A","#N/A","#N/A","#N/A"
5e669d78-648d-4c14-833b-d146ac952ef5,"#N/A","#N/A",false,Web,"#N/A","#N/A",Medium,"#N/A",New,Subject_mfrqm,"#N/A","#N/A","#N/A","#N/A","#N/A"
5e690ef6-6ddf-409c-a485-b1f55b98ab61,"#N/A","#N/A",false,Web,"#N/A","#N/A",Medium,"#N/A",New,Subject_zzwhb,"#N/A","#N/A","#N/A","#N/A","#N/A"
5e6939b2-41ac-4c6c-bcce-19daa3a4e08d,"#N/A","#N/A",false,Web,"#N/A","#N/A",Medium,"#N/A",New,Subject_hhjho,"#N/A","#N/A","#N/A","#N/A","#N/A"
5e6e50bf-2d67-48f6-a30e-00b72265606d,"#N/A","#N/A",false,Web,"#N/A","#N/A",Medium,"#N/A",New,Subject_jvged,"#N/A","#N/A","#N/A","#N/A","#N/A"
5e700cca-b9bc-4035-8af8-ee8947ba8800,"#N/A","#N/A",false,Web,"#N/A","#N/A",Medium,"#N/A",New,Subject_uaqge,"#N/A","#N/A","#N/A","#N/A","#N/A"
5e7416c9-0d4f-42b7-9f4e-9b7ac1eaa2f2,"#N/A","#N/A",false,Web,"#N/A","#N/A",Medium,"#N/A",New,Subject_wqwpe,"#N/A","#N/A","#N/A","#N/A","#N/A"
5e7db7e7-f499-4b19-99be-671dd3c0908e,"#N/A","#N/A",false,Web,"#N/A","#N/A",Medium,"#N/A",New,Subject_bahtj,"#N/A","#N/A","#N/A","#N/A","#N/A"
5e8225a8-98d3-4523-b0b5-2d9bb8fb84c0,"#N/A","#N/A",false,Web,"#N/A","#N/A",Medium,"#N/A",New,Subject_jezem,"#N/A","#N/A","#N/A","#N/A","#N/A"
5e86da5f-5aee-4039-b42a-247da12539a5,"#N/A","#N/A",false,Web,"#N/A","#N/A",Medium,"#N/A",New,Subject_kxsiv,"#N/A","#N/A","#N/A","#N/A","#N/A"
5e89b5ee-cb72-4f3f-a060-c6b728b2cba0,"#N/A","#N/A",false,Web,"#N/A","#N/A",Medium,"#N/A",New,Subject_zvogn,"#N/A","#N/A","#N/A","#N/A","#N/A"
5e8d643d-6b39-474c-bbe5-5d8318adb62f,"#N/A","#N/A",false,Web,"#N/A","#N/A",Medium,"#N/A",New,Subject_euwej,"#N/A","#N/A","#N/A","#N/A","#N/A"
5e90c279-30f0-4fc8-a5e1-a5372f45c697,"#N/A","#N/A",false,Web,"#N/A","#N/A",Medium,"#N/A",New,Subject_vpbei,"#N/A","#N/A","#N/A","#N/A","#N/A"
5e92d7dc-0f93-4b38-bc2d-f629c56e763c,"#N/A","#N/A",false,Web,"#N/A","#N/A",Medium,"#N/A",New,Subject_lvrrp,"#N/A","#N/A","#N/A","#N/A","#N/A"
5e93fea4-4ef6-4b83-85b4-512e57a5cf74,"#N/A","#N/A",false,Web,"#N/A","#N/A",Medium,"#N/A",New,Subject_wnweg,"#N/A","#N/A","#N/A","#N/A","#N/A"
5e961079-20f9-4202-9b14-f35649251280,"#N/A","#N/A",false,Web,"#N/A","#N/A",Medium,"#N/A",New,Subject_esanw,"#N/A","#N/A","#N/A","#N/A","#N/A"
5e962c4b-adda-497c-9724-393620a90f31,"#N/A","#N/A",false,Web,"#N/A","#N/A",Medium,"#N/A",New,Subject_afawh,"#N/A","#N/A","#N/A","#N/A","#N/A"
5e9a4ae1-5180-4c3c-bf38-b68627a43a79,"#N/A","#N/A",false,Web,"#N/A","#N/A",Medium,"#N/A",New,Subject_qansb,"#N/A","#N/A","#N/A","#N/A","#N/A"
5ea2a050-b7fa-43b9-8039-fc3f6f20ac83,"#N/A","#N/A",false,Web,"#N/A","#N/A",Medium,"#N/A",New,Subject_srdxc,"#N/A","#N/A","#N/A","#N/A","#N/A"
5ea56087-c440-41be-9a65-3f4a22d831fb,"#N/A","#N/A",false,Web,"#N/A","#N/A",Medium,"#N/A",New,Subject_tljzj,"#N/A","#N/A","#N/A","#N/A","#N/A"
5ea5d426-894d-4fa1-bb6d-208957a92cb6,"#N/A","#N/A",false,Web,"#N/A","#N/A",Medium,"#N/A",New,Subject_repnj,"#N/A","#N/A","#N/A","#N/A","#N/A"
5ea74fcb-5b2c-4653-8f73-19d269bc31bd,"#N/A","#N/A",false,Web,"#N/A","#N/A",Medium,"#N/A",New,Subject_skcab,"#N/A","#N/A","#N/A","#N/A","#N/A"
5ea8e1e2-0abb-4f07-913e-6650e646f3c9,"#N/A","#N/A",false,Web,"#N/A","#N/A",Medium,"#N/A",New,Subject_veyol,"#N/A","#N/A","#N/A","#N/A","#N/A"
5eaa4b46-779f-4110-880a-a2401a901b90,"#N/A","#N/A",false,Web,"#N/A","#N/A",Medium,"#N/A",New,Subject_cngdt,"#N/A","#N/A","#N/A","#N/A","#N/A"
5ead168b-0ecc-4fbd-a16d-5e9db4e2b3cb,"#N/A","#N/A",false,Web,"#N/A","#N/A",Medium,"#N/A",New,Subject_gwofj,"#N/A","#N/A","#N/A","#N/A","#N/A"
5eb93684-1963-496b-b72f-bc1bf020118d,"#N/A","#N/A",false,Web,"#N/A","#N/A",Medium,"#N/A",New,Subject_iaxbl,"#N/A","#N/A","#N/A","#N/A","#N/A"
5ebb9c99-f4c7-4196-a398-7033d29406c2,"#N/A","#N/A",false,Web,"#N/A","#N/A",Medium,"#N/A",New,Subject_gvzds,"#N/A","#N/A","#N/A","#N/A","#N/A"
5ebbde09-6395-4dac-8590-cee025ef69bf,"#N/A","#N/A",false,Web,"#N/A","#N/A",Medium,"#N/A",New,Subject_noova,"#N/A","#N/A","#N/A","#N/A","#N/A"
5ebdad4a-778c-4db3-9876-8f8a0dde68f4,"#N/A","#N/A",false,Web,"#N/A","#N/A",Medium,"#N/A",New,Subject_peliz,"#N/A","#N/A","#N/A","#N/A","#N/A"
5ec0158d-2618-4d6c-9902-e2f6f3afb644,"#N/A","#N/A",false,Web,"#N/A","#N/A",Medium,"#N/A",New,Subject_klvud,"#N/A","#N/A","#N/A","#N/A","#N/A"
5ec674cb-56a1-460e-80af-304b863f210a,"#N/A","#N/A",false,Web,"#N/A","#N/A",Medium,"#N/A",New,Subject_vzkak,"#N/A","#N/A","#N/A","#N/A","#N/A"
5ec6ae69-bdb3-46bb-a9bf-b6fbf337897a,"#N/A","#N/A",false,Web,"#N/A","#N/A",Medium,"#N/A",New,Subject_xybps,"#N/A","#N/A","#N/A","#N/A","#N/A"
5ed35b36-a449-4f5d-b346-373f4992b0fd,"#N/A","#N/A",false,Web,"#N/A","#N/A",Medium,"#N/A",New,Subject_fnqzn,"#N/A","#N/A","#N/A","#N/A","#N/A"
5ed38d3d-f922-48a2-9cb9-9902e42ba3d9,"#N/A","#N/A",false,Web,"#N/A","#N/A",Medium,"#N/A",New,Subject_wfcuf,"#N/A","#N/A","#N/A","#N/A","#N/A"
5ed3e0e1-3f59-474d-848e-ee4ce9035121,"#N/A","#N/A",false,Web,"#N/A","#N/A",Medium,"#N/A",New,Subject_mbmfe,"#N/A","#N/A","#N/A","#N/A","#N/A"
5ed9d159-b0d7-4644-9cc8-ff39470da379,"#N/A","#N/A",false,Web,"#N/A","#N/A",Medium,"#N/A",New,Subject_qqjoh,"#N/A","#N/A","#N/A","#N/A","#N/A"
5edf58c6-cd09-4641-9d05-54f83c1d3cf9,"#N/A","#N/A",false,Web,"#N/A","#N/A",Medium,"#N/A",New,Subject_wfqmf,"#N/A","#N/A","#N/A","#N/A","#N/A"
5ee5633a-33b7-42a5-a872-414d60d5f012,"#N/A","#N/A",false,Web,"#N/A","#N/A",Medium,"#N/A",New,Subject_rmeny,"#N/A","#N/A","#N/A","#N/A","#N/A"
5ee70a2e-8049-4e17-9457-86400e1af477,"#N/A","#N/A",false,Web,"#N/A","#N/A",Medium,"#N/A",New,Subject_emrhi,"#N/A","#N/A","#N/A","#N/A","#N/A"
5ee7f694-a750-434d-b4ba-454daffcaf0d,"#N/A","#N/A",false,Web,"#N/A","#N/A",Medium,"#N/A",New,Subject_lcvby,"#N/A","#N/A","#N/A","#N/A","#N/A"
5eeb0456-483b-433d-a9f6-b859fb6195ca,"#N/A","#N/A",false,Web,"#N/A","#N/A",Medium,"#N/A",New,Subject_viywk,"#N/A","#N/A","#N/A","#N/A","#N/A"
5ef16b8e-450c-41cd-93ad-b40bcb7985c5,"#N/A","#N/A",false,Web,"#N/A","#N/A",Medium,"#N/A",New,Subject_ylvje,"#N/A","#N/A","#N/A","#N/A","#N/A"
5ef1a796-6843-4dd7-9b86-b0bd6def0013,"#N/A","#N/A",false,Web,"#N/A","#N/A",Medium,"#N/A",New,Subject_qycth,"#N/A","#N/A","#N/A","#N/A","#N/A"
5ef1ef55-cac1-4ef0-8834-88afec81c564,"#N/A","#N/A",false,Web,"#N/A","#N/A",Medium,"#N/A",New,Subject_yhwgd,"#N/A","#N/A","#N/A","#N/A","#N/A"
5ef250db-38fc-412e-8b92-4d2dd273838a,"#N/A","#N/A",false,Web,"#N/A","#N/A",Medium,"#N/A",New,Subject_ohzfc,"#N/A","#N/A","#N/A","#N/A","#N/A"
5ef48fb6-ef38-4368-b71b-9fa0c2cd1d31,"#N/A","#N/A",false,Web,"#N/A","#N/A",Medium,"#N/A",New,Subject_vdidu,"#N/A","#N/A","#N/A","#N/A","#N/A"
5ef98da6-0522-44c4-ad4f-81f6d63165f9,"#N/A","#N/A",false,Web,"#N/A","#N/A",Medium,"#N/A",New,Subject_qehgo,"#N/A","#N/A","#N/A","#N/A","#N/A"
5efa46f4-6d0f-44c0-90ab-fb7b4cd99321,"#N/A","#N/A",false,Web,"#N/A","#N/A",Medium,"#N/A",New,Subject_jaarj,"#N/A","#N/A","#N/A","#N/A","#N/A"
5efcb4fa-7f72-4d47-966e-40361ecb3d96,"#N/A","#N/A",false,Web,"#N/A","#N/A",Medium,"#N/A",New,Subject_dkryq,"#N/A","#N/A","#N/A","#N/A","#N/A"
5effb17c-33b0-4989-9da5-6b9f87153ff0,"#N/A","#N/A",false,Web,"#N/A","#N/A",Medium,"#N/A",New,Subject_yuclk,"#N/A","#N/A","#N/A","#N/A","#N/A"
5f07d8ba-7fbf-466e-9223-8cc4e3d9f126,"#N/A","#N/A",false,Web,"#N/A","#N/A",Medium,"#N/A",New,Subject_jisfm,"#N/A","#N/A","#N/A","#N/A","#N/A"
5f088445-f446-4719-8d4c-882993a17d81,"#N/A","#N/A",false,Web,"#N/A","#N/A",Medium,"#N/A",New,Subject_raedu,"#N/A","#N/A","#N/A","#N/A","#N/A"
5f08b188-2486-4b37-a22f-7e8f93b1f2bb,"#N/A","#N/A",false,Web,"#N/A","#N/A",Medium,"#N/A",New,Subject_scwzu,"#N/A","#N/A","#N/A","#N/A","#N/A"
5f095345-7700-43a6-8d81-040cd38d1bc3,"#N/A","#N/A",false,Web,"#N/A","#N/A",Medium,"#N/A",New,Subject_prswr,"#N/A","#N/A","#N/A","#N/A","#N/A"
5f0dbd81-ecce-4849-bff4-af21cd14f1ed,"#N/A","#N/A",false,Web,"#N/A","#N/A",Medium,"#N/A",New,Subject_mgvfa,"#N/A","#N/A","#N/A","#N/A","#N/A"
5f1288dc-d75e-4f02-9b66-d1f5cf1b04ab,"#N/A","#N/A",false,Web,"#N/A","#N/A",Medium,"#N/A",New,Subject_xboaw,"#N/A","#N/A","#N/A","#N/A","#N/A"
5f139ba4-8e84-4577-b2ac-607874a42bcf,"#N/A","#N/A",false,Web,"#N/A","#N/A",Medium,"#N/A",New,Subject_qokqg,"#N/A","#N/A","#N/A","#N/A","#N/A"
5f16bfef-c39e-40a1-8cac-8420beff3a5e,"#N/A","#N/A",false,Web,"#N/A","#N/A",Medium,"#N/A",New,Subject_xraol,"#N/A","#N/A","#N/A","#N/A","#N/A"
5f1bf120-44fa-4c04-b6a3-96036b37c6ff,"#N/A","#N/A",false,Web,"#N/A","#N/A",Medium,"#N/A",New,Subject_tnctc,"#N/A","#N/A","#N/A","#N/A","#N/A"
5f1bfc46-b6c2-416c-9f2a-f9fc1a068b21,"#N/A","#N/A",false,Web,"#N/A","#N/A",Medium,"#N/A",New,Subject_xtvip,"#N/A","#N/A","#N/A","#N/A","#N/A"
5f1e77f4-d900-40bf-96cf-a3d4acd0c326,"#N/A","#N/A",false,Web,"#N/A","#N/A",Medium,"#N/A",New,Subject_zfepy,"#N/A","#N/A","#N/A","#N/A","#N/A"
5f22a098-efb2-4b8d-a7f0-8ccf820fad9f,"#N/A","#N/A",false,Web,"#N/A","#N/A",Medium,"#N/A",New,Subject_fowcp,"#N/A","#N/A","#N/A","#N/A","#N/A"
5f22ca9c-dc7a-4e51-9465-051be9873c92,"#N/A","#N/A",false,Web,"#N/A","#N/A",Medium,"#N/A",New,Subject_vwrof,"#N/A","#N/A","#N/A","#N/A","#N/A"
5f27d06e-2702-4a07-99f3-c8cb20dbcc54,"#N/A","#N/A",false,Web,"#N/A","#N/A",Medium,"#N/A",New,Subject_pnosa,"#N/A","#N/A","#N/A","#N/A","#N/A"
5f340656-6aa6-4f1c-a112-36f57990a247,"#N/A","#N/A",false,Web,"#N/A","#N/A",Medium,"#N/A",New,Subject_qevqr,"#N/A","#N/A","#N/A","#N/A","#N/A"
5f35f66d-1122-4d7e-8b44-cdb5a27764b0,"#N/A","#N/A",false,Web,"#N/A","#N/A",Medium,"#N/A",New,Subject_yvpvo,"#N/A","#N/A","#N/A","#N/A","#N/A"
5f3a00d6-e10d-4e4d-85aa-a06b64893ede,"#N/A","#N/A",false,Web,"#N/A","#N/A",Medium,"#N/A",New,Subject_fsjop,"#N/A","#N/A","#N/A","#N/A","#N/A"
5f448a55-3dd2-44bc-8cdd-429ddfc684fe,"#N/A","#N/A",false,Web,"#N/A","#N/A",Medium,"#N/A",New,Subject_xixid,"#N/A","#N/A","#N/A","#N/A","#N/A"
5f44c387-f55f-42bd-9c41-b06155c0aa5a,"#N/A","#N/A",false,Web,"#N/A","#N/A",Medium,"#N/A",New,Subject_uhhqb,"#N/A","#N/A","#N/A","#N/A","#N/A"
5f46013b-af48-4883-8e89-6ca3f9c69c8c,"#N/A","#N/A",false,Web,"#N/A","#N/A",Medium,"#N/A",New,Subject_avuqb,"#N/A","#N/A","#N/A","#N/A","#N/A"
5f470040-f9d2-44ca-91cc-62697f6b216c,"#N/A","#N/A",false,Web,"#N/A","#N/A",Medium,"#N/A",New,Subject_qvqno,"#N/A","#N/A","#N/A","#N/A","#N/A"
5f481b32-ce98-4ae7-ab09-44214736357f,"#N/A","#N/A",false,Web,"#N/A","#N/A",Medium,"#N/A",New,Subject_pvcod,"#N/A","#N/A","#N/A","#N/A","#N/A"
5f4861e7-8a7c-4d58-8379-2bb8e9c0a781,"#N/A","#N/A",false,Web,"#N/A","#N/A",Medium,"#N/A",New,Subject_oiezo,"#N/A","#N/A","#N/A","#N/A","#N/A"
5f4b41e6-216f-4bc2-a3a3-1b0d1b81bf9a,"#N/A","#N/A",false,Web,"#N/A","#N/A",Medium,"#N/A",New,Subject_ecqke,"#N/A","#N/A","#N/A","#N/A","#N/A"
5f4ca19f-b1be-42c6-83b1-f89d59a8ba0c,"#N/A","#N/A",false,Web,"#N/A","#N/A",Medium,"#N/A",New,Subject_jkcgj,"#N/A","#N/A","#N/A","#N/A","#N/A"
5f4e0697-2967-4d67-9ec1-18772562164a,"#N/A","#N/A",false,Web,"#N/A","#N/A",Medium,"#N/A",New,Subject_sbzgo,"#N/A","#N/A","#N/A","#N/A","#N/A"
5f4e229c-4055-4824-a83d-fd330b82b4a1,"#N/A","#N/A",false,Web,"#N/A","#N/A",Medium,"#N/A",New,Subject_vfqmk,"#N/A","#N/A","#N/A","#N/A","#N/A"
5f52be7c-51c1-4aac-8178-96010281c118,"#N/A","#N/A",false,Web,"#N/A","#N/A",Medium,"#N/A",New,Subject_ybxfm,"#N/A","#N/A","#N/A","#N/A","#N/A"
5f5314bd-895b-430f-bde7-6d9c8b1f9a45,"#N/A","#N/A",false,Web,"#N/A","#N/A",Medium,"#N/A",New,Subject_pxenq,"#N/A","#N/A","#N/A","#N/A","#N/A"
5f551cd0-443d-4168-b7ca-bf1bfda22a9b,"#N/A","#N/A",false,Web,"#N/A","#N/A",Medium,"#N/A",New,Subject_abkgk,"#N/A","#N/A","#N/A","#N/A","#N/A"
5f5531f6-af52-44ee-9aea-e16cc0f063fa,"#N/A","#N/A",false,Web,"#N/A","#N/A",Medium,"#N/A",New,Subject_aqnrs,"#N/A","#N/A","#N/A","#N/A","#N/A"
5f55de3e-f96a-40d3-863d-3ee5add483ed,"#N/A","#N/A",false,Web,"#N/A","#N/A",Medium,"#N/A",New,Subject_vcjvk,"#N/A","#N/A","#N/A","#N/A","#N/A"
5f599d69-cbe6-4ef9-93bf-3577406af1ed,"#N/A","#N/A",false,Web,"#N/A","#N/A",Medium,"#N/A",New,Subject_hinxm,"#N/A","#N/A","#N/A","#N/A","#N/A"
5f5ad64d-0ba8-4aef-b2cb-f3424b5a33ac,"#N/A","#N/A",false,Web,"#N/A","#N/A",Medium,"#N/A",New,Subject_bgmqm,"#N/A","#N/A","#N/A","#N/A","#N/A"
5f5d15fe-ec04-443a-b37f-e762b771b429,"#N/A","#N/A",false,Web,"#N/A","#N/A",Medium,"#N/A",New,Subject_paosb,"#N/A","#N/A","#N/A","#N/A","#N/A"
5f60ae56-e880-431c-b2c3-4b0dd16e6033,"#N/A","#N/A",false,Web,"#N/A","#N/A",Medium,"#N/A",New,Subject_omlht,"#N/A","#N/A","#N/A","#N/A","#N/A"
5f62de5f-d813-4fa8-804f-7917c0fa42d5,"#N/A","#N/A",false,Web,"#N/A","#N/A",Medium,"#N/A",New,Subject_olsme,"#N/A","#N/A","#N/A","#N/A","#N/A"
5f6757e5-7e1b-4353-bbf3-002a68bd69b3,"#N/A","#N/A",false,Web,"#N/A","#N/A",Medium,"#N/A",New,Subject_yzylp,"#N/A","#N/A","#N/A","#N/A","#N/A"
5f681e4a-0f66-4a78-877b-16ecc6220a62,"#N/A","#N/A",false,Web,"#N/A","#N/A",Medium,"#N/A",New,Subject_tirja,"#N/A","#N/A","#N/A","#N/A","#N/A"
5f6bbf64-e1ce-4b25-843f-e428c56e7e54,"#N/A","#N/A",false,Web,"#N/A","#N/A",Medium,"#N/A",New,Subject_jufki,"#N/A","#N/A","#N/A","#N/A","#N/A"
5f6c64bb-ecdb-4ff9-9b38-c9736717a384,"#N/A","#N/A",false,Web,"#N/A","#N/A",Medium,"#N/A",New,Subject_kcbqk,"#N/A","#N/A","#N/A","#N/A","#N/A"
5f6f147d-7c04-4b25-aea5-5d02fdc82578,"#N/A","#N/A",false,Web,"#N/A","#N/A",Medium,"#N/A",New,Subject_dkica,"#N/A","#N/A","#N/A","#N/A","#N/A"
5f72c5f2-8e57-47d1-b354-effae664abaf,"#N/A","#N/A",false,Web,"#N/A","#N/A",Medium,"#N/A",New,Subject_vquuu,"#N/A","#N/A","#N/A","#N/A","#N/A"
5f73f1f8-c496-43bb-8d66-914b2b70fc68,"#N/A","#N/A",false,Web,"#N/A","#N/A",Medium,"#N/A",New,Subject_khghg,"#N/A","#N/A","#N/A","#N/A","#N/A"
5f7a62d6-4e4e-4b8d-9a9d-4a4e05f0dd08,"#N/A","#N/A",false,Web,"#N/A","#N/A",Medium,"#N/A",New,Subject_ikehi,"#N/A","#N/A","#N/A","#N/A","#N/A"
5f7a66c9-7128-4673-8638-7c4fbb74bb9b,"#N/A","#N/A",false,Web,"#N/A","#N/A",Medium,"#N/A",New,Subject_ogxux,"#N/A","#N/A","#N/A","#N/A","#N/A"
5f7b9bdc-982f-413c-a3ae-c7af9a7e60f1,"#N/A","#N/A",false,Web,"#N/A","#N/A",Medium,"#N/A",New,Subject_wzeui,"#N/A","#N/A","#N/A","#N/A","#N/A"
5f81d51d-7533-4824-b230-42a11787b8c7,"#N/A","#N/A",false,Web,"#N/A","#N/A",Medium,"#N/A",New,Subject_syvnw,"#N/A","#N/A","#N/A","#N/A","#N/A"
5f82acb8-59b3-44a5-bc6b-a0bb286cd0cd,"#N/A","#N/A",false,Web,"#N/A","#N/A",Medium,"#N/A",New,Subject_mvwyg,"#N/A","#N/A","#N/A","#N/A","#N/A"
5f86ed45-f697-41bd-99f1-9429bb4fb279,"#N/A","#N/A",false,Web,"#N/A","#N/A",Medium,"#N/A",New,Subject_ngqnp,"#N/A","#N/A","#N/A","#N/A","#N/A"
5f876e1a-51ae-4ac3-931e-6f9ca0fb9c71,"#N/A","#N/A",false,Web,"#N/A","#N/A",Medium,"#N/A",New,Subject_rkqhy,"#N/A","#N/A","#N/A","#N/A","#N/A"
5f8a0e11-f49a-49cd-9788-f8c18811cbb4,"#N/A","#N/A",false,Web,"#N/A","#N/A",Medium,"#N/A",New,Subject_aaebo,"#N/A","#N/A","#N/A","#N/A","#N/A"
5f8a45eb-fe25-4aee-9296-795a03872292,"#N/A","#N/A",false,Web,"#N/A","#N/A",Medium,"#N/A",New,Subject_fxyqj,"#N/A","#N/A","#N/A","#N/A","#N/A"
5f8ab6fe-ba42-4206-81d1-72d5c1c22e51,"#N/A","#N/A",false,Web,"#N/A","#N/A",Medium,"#N/A",New,Subject_bofxe,"#N/A","#N/A","#N/A","#N/A","#N/A"
5f8e2118-e88f-438b-ac54-4fdfdd67a7ca,"#N/A","#N/A",false,Web,"#N/A","#N/A",Medium,"#N/A",New,Subject_dyqxm,"#N/A","#N/A","#N/A","#N/A","#N/A"
5f910a8c-c30b-4b2f-8791-2f05fc77f450,"#N/A","#N/A",false,Web,"#N/A","#N/A",Medium,"#N/A",New,Subject_laakl,"#N/A","#N/A","#N/A","#N/A","#N/A"
5f936508-1588-484c-b5ee-972f7c9f2b18,"#N/A","#N/A",false,Web,"#N/A","#N/A",Medium,"#N/A",New,Subject_hdmlp,"#N/A","#N/A","#N/A","#N/A","#N/A"
5f93e14b-d78d-4795-afa5-60ee00da4422,"#N/A","#N/A",false,Web,"#N/A","#N/A",Medium,"#N/A",New,Subject_inlkb,"#N/A","#N/A","#N/A","#N/A","#N/A"
5f94ecf2-666a-48ce-9aab-dcdc84b7914a,"#N/A","#N/A",false,Web,"#N/A","#N/A",Medium,"#N/A",New,Subject_yqvoo,"#N/A","#N/A","#N/A","#N/A","#N/A"
5f97de1b-9e7e-4718-9812-494c772dcf21,"#N/A","#N/A",false,Web,"#N/A","#N/A",Medium,"#N/A",New,Subject_jsisn,"#N/A","#N/A","#N/A","#N/A","#N/A"
5f9a26d1-d35a-4cdf-885b-b5eba4920758,"#N/A","#N/A",false,Web,"#N/A","#N/A",Medium,"#N/A",New,Subject_bskyb,"#N/A","#N/A","#N/A","#N/A","#N/A"
5f9afcd2-6f8c-4252-9775-c8525559b720,"#N/A","#N/A",false,Web,"#N/A","#N/A",Medium,"#N/A",New,Subject_znvdt,"#N/A","#N/A","#N/A","#N/A","#N/A"
5f9d0230-a369-4689-9a82-d950d4be0965,"#N/A","#N/A",false,Web,"#N/A","#N/A",Medium,"#N/A",New,Subject_aggnz,"#N/A","#N/A","#N/A","#N/A","#N/A"
5f9d63d2-88dc-42d3-9aec-30465c38452b,"#N/A","#N/A",false,Web,"#N/A","#N/A",Medium,"#N/A",New,Subject_jvnqp,"#N/A","#N/A","#N/A","#N/A","#N/A"
5f9eb73f-9604-4f42-bc22-1b23834640a0,"#N/A","#N/A",false,Web,"#N/A","#N/A",Medium,"#N/A",New,Subject_rkduy,"#N/A","#N/A","#N/A","#N/A","#N/A"
5f9fa732-7f5d-44f3-9a30-c009a3bc5b25,"#N/A","#N/A",false,Web,"#N/A","#N/A",Medium,"#N/A",New,Subject_qzanp,"#N/A","#N/A","#N/A","#N/A","#N/A"
5f9fafa8-afba-4ee3-8087-e2e9ab24a3df,"#N/A","#N/A",false,Web,"#N/A","#N/A",Medium,"#N/A",New,Subject_mpwmf,"#N/A","#N/A","#N/A","#N/A","#N/A"
5fa1fe82-0968-497f-afd4-13b7570bc0aa,"#N/A","#N/A",false,Web,"#N/A","#N/A",Medium,"#N/A",New,Subject_omacq,"#N/A","#N/A","#N/A","#N/A","#N/A"
5fa309d5-8cb9-482c-b527-343912ed3fb2,"#N/A","#N/A",false,Web,"#N/A","#N/A",Medium,"#N/A",New,Subject_ucgdl,"#N/A","#N/A","#N/A","#N/A","#N/A"
5fa5314a-fce9-4539-8a2b-aef9df8a123f,"#N/A","#N/A",false,Web,"#N/A","#N/A",Medium,"#N/A",New,Subject_uzmrv,"#N/A","#N/A","#N/A","#N/A","#N/A"
5fad3f91-5bd2-4997-a3b5-7fb56f7415e1,"#N/A","#N/A",false,Web,"#N/A","#N/A",Medium,"#N/A",New,Subject_uolse,"#N/A","#N/A","#N/A","#N/A","#N/A"
5fade48d-43ea-4f12-98ef-c8722aef3c04,"#N/A","#N/A",false,Web,"#N/A","#N/A",Medium,"#N/A",New,Subject_qnpwq,"#N/A","#N/A","#N/A","#N/A","#N/A"
5fafaec2-a864-4d75-80b6-e54609f1e063,"#N/A","#N/A",false,Web,"#N/A","#N/A",Medium,"#N/A",New,Subject_yoggi,"#N/A","#N/A","#N/A","#N/A","#N/A"
5fafd8f4-8e01-4672-851b-afa737535fef,"#N/A","#N/A",false,Web,"#N/A","#N/A",Medium,"#N/A",New,Subject_jpsfx,"#N/A","#N/A","#N/A","#N/A","#N/A"
5fb07681-8924-4fc8-9603-791af860d36e,"#N/A","#N/A",false,Web,"#N/A","#N/A",Medium,"#N/A",New,Subject_wpiyi,"#N/A","#N/A","#N/A","#N/A","#N/A"
5fb44ced-c8ea-47b9-abd6-d03cf2821165,"#N/A","#N/A",false,Web,"#N/A","#N/A",Medium,"#N/A",New,Subject_qhziz,"#N/A","#N/A","#N/A","#N/A","#N/A"
5fb44f24-36ce-4c18-a112-1c71c568e5fd,"#N/A","#N/A",false,Web,"#N/A","#N/A",Medium,"#N/A",New,Subject_xcuej,"#N/A","#N/A","#N/A","#N/A","#N/A"
5fbb0760-76d7-4602-8508-5e644e580377,"#N/A","#N/A",false,Web,"#N/A","#N/A",Medium,"#N/A",New,Subject_vqnxb,"#N/A","#N/A","#N/A","#N/A","#N/A"
5fbc92ef-1b76-434f-8492-87f91c9d3271,"#N/A","#N/A",false,Web,"#N/A","#N/A",Medium,"#N/A",New,Subject_wkepc,"#N/A","#N/A","#N/A","#N/A","#N/A"
5fc5119a-ec70-4c5d-ad74-25bb73819b00,"#N/A","#N/A",false,Web,"#N/A","#N/A",Medium,"#N/A",New,Subject_sylqs,"#N/A","#N/A","#N/A","#N/A","#N/A"
5fc63968-754c-4341-9863-b89f75afa9f5,"#N/A","#N/A",false,Web,"#N/A","#N/A",Medium,"#N/A",New,Subject_ocfft,"#N/A","#N/A","#N/A","#N/A","#N/A"
5fc9121f-684d-428c-9324-03cbe6c8ab36,"#N/A","#N/A",false,Web,"#N/A","#N/A",Medium,"#N/A",New,Subject_taabe,"#N/A","#N/A","#N/A","#N/A","#N/A"
5fcaf8b3-ed93-484a-af2c-3a9282912665,"#N/A","#N/A",false,Web,"#N/A","#N/A",Medium,"#N/A",New,Subject_dldmt,"#N/A","#N/A","#N/A","#N/A","#N/A"
5fcba411-bb0c-4db7-bd05-58e8f91ff8c7,"#N/A","#N/A",false,Web,"#N/A","#N/A",Medium,"#N/A",New,Subject_swwou,"#N/A","#N/A","#N/A","#N/A","#N/A"
5fcc86b6-8735-4324-9095-b8c73e498b86,"#N/A","#N/A",false,Web,"#N/A","#N/A",Medium,"#N/A",New,Subject_daxph,"#N/A","#N/A","#N/A","#N/A","#N/A"
5fd4a83e-d6f0-4f54-b3d6-66603a291388,"#N/A","#N/A",false,Web,"#N/A","#N/A",Medium,"#N/A",New,Subject_mxguf,"#N/A","#N/A","#N/A","#N/A","#N/A"
5fd9cce5-ca68-4f61-9e14-d3bcf9e59693,"#N/A","#N/A",false,Web,"#N/A","#N/A",Medium,"#N/A",New,Subject_dhvyp,"#N/A","#N/A","#N/A","#N/A","#N/A"
5fdd3b51-93ae-4cf2-9e7e-75e4beada0cf,"#N/A","#N/A",false,Web,"#N/A","#N/A",Medium,"#N/A",New,Subject_nbsoe,"#N/A","#N/A","#N/A","#N/A","#N/A"
5fdde564-a0b4-4c02-8225-18ea9ba54fd5,"#N/A","#N/A",false,Web,"#N/A","#N/A",Medium,"#N/A",New,Subject_atdnt,"#N/A","#N/A","#N/A","#N/A","#N/A"
5fde6a9a-e910-4c48-a6de-a41a99413a56,"#N/A","#N/A",false,Web,"#N/A","#N/A",Medium,"#N/A",New,Subject_gklsl,"#N/A","#N/A","#N/A","#N/A","#N/A"
5fe23db8-10ac-4edc-81b1-fea7255e6c43,"#N/A","#N/A",false,Web,"#N/A","#N/A",Medium,"#N/A",New,Subject_qevsj,"#N/A","#N/A","#N/A","#N/A","#N/A"
5fe2462b-f6d2-4bbe-a1d3-b47ecd9e59f1,"#N/A","#N/A",false,Web,"#N/A","#N/A",Medium,"#N/A",New,Subject_usttq,"#N/A","#N/A","#N/A","#N/A","#N/A"
5fe42596-4560-415e-8cad-0e81605b90d0,"#N/A","#N/A",false,Web,"#N/A","#N/A",Medium,"#N/A",New,Subject_xoish,"#N/A","#N/A","#N/A","#N/A","#N/A"
5fe4a455-54ff-4fea-8872-fa217daaa2fb,"#N/A","#N/A",false,Web,"#N/A","#N/A",Medium,"#N/A",New,Subject_xmzol,"#N/A","#N/A","#N/A","#N/A","#N/A"
5fe4aa97-699e-4320-aa98-adf67c2e3ada,"#N/A","#N/A",false,Web,"#N/A","#N/A",Medium,"#N/A",New,Subject_hjsht,"#N/A","#N/A","#N/A","#N/A","#N/A"
5fe8a417-b106-4a38-af19-8e9c17e6d378,"#N/A","#N/A",false,Web,"#N/A","#N/A",Medium,"#N/A",New,Subject_argjs,"#N/A","#N/A","#N/A","#N/A","#N/A"
5feca0d0-0cf4-4eff-9d83-c3cc6dff851e,"#N/A","#N/A",false,Web,"#N/A","#N/A",Medium,"#N/A",New,Subject_sbogh,"#N/A","#N/A","#N/A","#N/A","#N/A"
5ff013ed-52ec-40ba-8b00-cf015a80f147,"#N/A","#N/A",false,Web,"#N/A","#N/A",Medium,"#N/A",New,Subject_pwryo,"#N/A","#N/A","#N/A","#N/A","#N/A"
5ff66265-1e6c-4f6e-90f8-38e924cc024f,"#N/A","#N/A",false,Web,"#N/A","#N/A",Medium,"#N/A",New,Subject_smehu,"#N/A","#N/A","#N/A","#N/A","#N/A"
5ff95d89-82de-4c1a-a391-3eb7a8c8649c,"#N/A","#N/A",false,Web,"#N/A","#N/A",Medium,"#N/A",New,Subject_mpboq,"#N/A","#N/A","#N/A","#N/A","#N/A"
5ff9da66-f55c-4587-a89a-dbe9f59b19cf,"#N/A","#N/A",false,Web,"#N/A","#N/A",Medium,"#N/A",New,Subject_zwdea,"#N/A","#N/A","#N/A","#N/A","#N/A"
5ffb942f-2bf7-4be1-804d-6a6e03d3cd5f,"#N/A","#N/A",false,Web,"#N/A","#N/A",Medium,"#N/A",New,Subject_hghak,"#N/A","#N/A","#N/A","#N/A","#N/A"
5ffe9a06-a25b-4695-8c9f-c0c8b081d791,"#N/A","#N/A",false,Web,"#N/A","#N/A",Medium,"#N/A",New,Subject_cfjex,"#N/A","#N/A","#N/A","#N/A","#N/A"
5ffea295-4563-4caa-8bec-3647b1844c94,"#N/A","#N/A",false,Web,"#N/A","#N/A",Medium,"#N/A",New,Subject_nwbfh,"#N/A","#N/A","#N/A","#N/A","#N/A"
5fffefbb-37b7-4065-9587-dd06b6b360da,"#N/A","#N/A",false,Web,"#N/A","#N/A",Medium,"#N/A",New,Subject_lrlhj,"#N/A","#N/A","#N/A","#N/A","#N/A"
60038acd-600d-480a-b59e-482ece4953f2,"#N/A","#N/A",false,Web,"#N/A","#N/A",Medium,"#N/A",New,Subject_cagsr,"#N/A","#N/A","#N/A","#N/A","#N/A"
600538bf-3ec3-4e6e-a8c5-464e66a9b325,"#N/A","#N/A",false,Web,"#N/A","#N/A",Medium,"#N/A",New,Subject_dwyhl,"#N/A","#N/A","#N/A","#N/A","#N/A"
60068b6e-f36b-4836-9fa0-792ba8bc75f8,"#N/A","#N/A",false,Web,"#N/A","#N/A",Medium,"#N/A",New,Subject_lvdhj,"#N/A","#N/A","#N/A","#N/A","#N/A"
600ad75f-50d9-4af0-a9b2-15fa054a7536,"#N/A","#N/A",false,Web,"#N/A","#N/A",Medium,"#N/A",New,Subject_nsnxh,"#N/A","#N/A","#N/A","#N/A","#N/A"
600dfb53-d8da-441a-b313-40583999343a,"#N/A","#N/A",false,Web,"#N/A","#N/A",Medium,"#N/A",New,Subject_pahqr,"#N/A","#N/A","#N/A","#N/A","#N/A"
6014426f-8a8c-41a8-8fcf-1d9ede38a53e,"#N/A","#N/A",false,Web,"#N/A","#N/A",Medium,"#N/A",New,Subject_ycson,"#N/A","#N/A","#N/A","#N/A","#N/A"
6016a9a1-4c3c-48ec-b977-4cfad3171a1f,"#N/A","#N/A",false,Web,"#N/A","#N/A",Medium,"#N/A",New,Subject_pitne,"#N/A","#N/A","#N/A","#N/A","#N/A"
6017744f-1393-4179-b6bb-513af9a2404c,"#N/A","#N/A",false,Web,"#N/A","#N/A",Medium,"#N/A",New,Subject_pmmhq,"#N/A","#N/A","#N/A","#N/A","#N/A"
601871bf-1ad2-49ed-bc11-ef96c9fd523c,"#N/A","#N/A",false,Web,"#N/A","#N/A",Medium,"#N/A",New,Subject_xkgeo,"#N/A","#N/A","#N/A","#N/A","#N/A"
601aa7a5-97db-4460-b9b0-5edd368a23ab,"#N/A","#N/A",false,Web,"#N/A","#N/A",Medium,"#N/A",New,Subject_wxbwo,"#N/A","#N/A","#N/A","#N/A","#N/A"
6022da0a-6eb0-436d-8a8b-59dc1711c1cd,"#N/A","#N/A",false,Web,"#N/A","#N/A",Medium,"#N/A",New,Subject_zlrxe,"#N/A","#N/A","#N/A","#N/A","#N/A"
6025f487-cdc7-41a6-8a0a-ac5605c1e3df,"#N/A","#N/A",false,Web,"#N/A","#N/A",Medium,"#N/A",New,Subject_vdmfn,"#N/A","#N/A","#N/A","#N/A","#N/A"
6026e28d-c2c8-4cd2-8f45-4c27b6165346,"#N/A","#N/A",false,Web,"#N/A","#N/A",Medium,"#N/A",New,Subject_dwfpx,"#N/A","#N/A","#N/A","#N/A","#N/A"
602a0d19-b9f5-49ba-9efa-cda262180d1e,"#N/A","#N/A",false,Web,"#N/A","#N/A",Medium,"#N/A",New,Subject_orkok,"#N/A","#N/A","#N/A","#N/A","#N/A"
602aaf28-a6b6-4eff-b767-99afe7cfc87e,"#N/A","#N/A",false,Web,"#N/A","#N/A",Medium,"#N/A",New,Subject_vxfxh,"#N/A","#N/A","#N/A","#N/A","#N/A"
602e3ffc-1169-44fd-aab6-384667114da8,"#N/A","#N/A",false,Web,"#N/A","#N/A",Medium,"#N/A",New,Subject_hjlko,"#N/A","#N/A","#N/A","#N/A","#N/A"
6037a3c8-02b2-4116-9e8e-533ac2a9c5bd,"#N/A","#N/A",false,Web,"#N/A","#N/A",Medium,"#N/A",New,Subject_cuxuo,"#N/A","#N/A","#N/A","#N/A","#N/A"
60381167-3d52-4a61-9b4a-33a063c00817,"#N/A","#N/A",false,Web,"#N/A","#N/A",Medium,"#N/A",New,Subject_kehly,"#N/A","#N/A","#N/A","#N/A","#N/A"
60419b62-a22e-4ac9-8efe-5915b290dbbc,"#N/A","#N/A",false,Web,"#N/A","#N/A",Medium,"#N/A",New,Subject_qgddc,"#N/A","#N/A","#N/A","#N/A","#N/A"
604297bf-bfe2-4c7e-b93c-6f170e769582,"#N/A","#N/A",false,Web,"#N/A","#N/A",Medium,"#N/A",New,Subject_jvnjz,"#N/A","#N/A","#N/A","#N/A","#N/A"
6042b998-3a8e-42ca-920a-00091a74d92d,"#N/A","#N/A",false,Web,"#N/A","#N/A",Medium,"#N/A",New,Subject_cuqug,"#N/A","#N/A","#N/A","#N/A","#N/A"
60466064-e3d1-49b2-9e8c-64169469c2bf,"#N/A","#N/A",false,Web,"#N/A","#N/A",Medium,"#N/A",New,Subject_lbuui,"#N/A","#N/A","#N/A","#N/A","#N/A"
60486160-ab6c-4b46-b283-196ee9618026,"#N/A","#N/A",false,Web,"#N/A","#N/A",Medium,"#N/A",New,Subject_jvged,"#N/A","#N/A","#N/A","#N/A","#N/A"
604f871c-b546-4992-84a9-5ac9af1c5fd0,"#N/A","#N/A",false,Web,"#N/A","#N/A",Medium,"#N/A",New,Subject_hgqqc,"#N/A","#N/A","#N/A","#N/A","#N/A"
6055093e-9b3b-4d26-9f55-33e1554a0e8d,"#N/A","#N/A",false,Web,"#N/A","#N/A",Medium,"#N/A",New,Subject_gxigw,"#N/A","#N/A","#N/A","#N/A","#N/A"
605a459d-2676-4f77-9e0a-f276e4336c35,"#N/A","#N/A",false,Web,"#N/A","#N/A",Medium,"#N/A",New,Subject_wdvyo,"#N/A","#N/A","#N/A","#N/A","#N/A"
605adb9b-a12c-452d-b7fb-33d6b068b110,"#N/A","#N/A",false,Web,"#N/A","#N/A",Medium,"#N/A",New,Subject_bymgp,"#N/A","#N/A","#N/A","#N/A","#N/A"
605b357e-d810-4b08-8e6c-1d38686b9443,"#N/A","#N/A",false,Web,"#N/A","#N/A",Medium,"#N/A",New,Subject_pmtgd,"#N/A","#N/A","#N/A","#N/A","#N/A"
605d9ab2-106d-4f59-87b9-12787cbdc08b,"#N/A","#N/A",false,Web,"#N/A","#N/A",Medium,"#N/A",New,Subject_zwkjo,"#N/A","#N/A","#N/A","#N/A","#N/A"
605dad25-1225-44cf-ab7b-6cfcff38e4cd,"#N/A","#N/A",false,Web,"#N/A","#N/A",Medium,"#N/A",New,Subject_iswck,"#N/A","#N/A","#N/A","#N/A","#N/A"
6063f13b-9748-40ce-8e77-bf2743af8210,"#N/A","#N/A",false,Web,"#N/A","#N/A",Medium,"#N/A",New,Subject_ueyxb,"#N/A","#N/A","#N/A","#N/A","#N/A"
6065509c-e99a-41b7-937d-9946de09dcec,"#N/A","#N/A",false,Web,"#N/A","#N/A",Medium,"#N/A",New,Subject_wbiso,"#N/A","#N/A","#N/A","#N/A","#N/A"
6065c877-59b5-44c0-bf7b-e5fc22679ea3,"#N/A","#N/A",false,Web,"#N/A","#N/A",Medium,"#N/A",New,Subject_vexzk,"#N/A","#N/A","#N/A","#N/A","#N/A"
606837ae-d27d-400a-bfde-8aba137f29e4,"#N/A","#N/A",false,Web,"#N/A","#N/A",Medium,"#N/A",New,Subject_bfhbb,"#N/A","#N/A","#N/A","#N/A","#N/A"
606a31fe-23d5-46a5-9301-457f4460c80d,"#N/A","#N/A",false,Web,"#N/A","#N/A",Medium,"#N/A",New,Subject_iftzx,"#N/A","#N/A","#N/A","#N/A","#N/A"
606c2cb4-6ba6-44b8-9592-3425660eb30d,"#N/A","#N/A",false,Web,"#N/A","#N/A",Medium,"#N/A",New,Subject_xuuai,"#N/A","#N/A","#N/A","#N/A","#N/A"
606ddc24-61f6-47f9-85a4-ce68500ee1dc,"#N/A","#N/A",false,Web,"#N/A","#N/A",Medium,"#N/A",New,Subject_fkrsu,"#N/A","#N/A","#N/A","#N/A","#N/A"
606fff00-db20-43e6-be5d-914d9a5776a7,"#N/A","#N/A",false,Web,"#N/A","#N/A",Medium,"#N/A",New,Subject_gmwnv,"#N/A","#N/A","#N/A","#N/A","#N/A"
60789baf-daf0-44be-a8f8-705b2a767757,"#N/A","#N/A",false,Web,"#N/A","#N/A",Medium,"#N/A",New,Subject_tycno,"#N/A","#N/A","#N/A","#N/A","#N/A"
6079d891-2311-4f8a-8186-3e30939a4bee,"#N/A","#N/A",false,Web,"#N/A","#N/A",Medium,"#N/A",New,Subject_xnwwd,"#N/A","#N/A","#N/A","#N/A","#N/A"
607fca17-c4bb-4764-abd0-66876a535ace,"#N/A","#N/A",false,Web,"#N/A","#N/A",Medium,"#N/A",New,Subject_aadfo,"#N/A","#N/A","#N/A","#N/A","#N/A"
60820990-28c3-4027-bde0-bebc8456b44c,"#N/A","#N/A",false,Web,"#N/A","#N/A",Medium,"#N/A",New,Subject_ikksv,"#N/A","#N/A","#N/A","#N/A","#N/A"
60849fb0-8447-4033-aad1-16d3b70d2141,"#N/A","#N/A",false,Web,"#N/A","#N/A",Medium,"#N/A",New,Subject_zwusl,"#N/A","#N/A","#N/A","#N/A","#N/A"
608d9e23-5655-4606-822b-1b646f7f1abe,"#N/A","#N/A",false,Web,"#N/A","#N/A",Medium,"#N/A",New,Subject_inlal,"#N/A","#N/A","#N/A","#N/A","#N/A"
60927fc7-3df7-449b-a46a-4415a1870788,"#N/A","#N/A",false,Web,"#N/A","#N/A",Medium,"#N/A",New,Subject_julfl,"#N/A","#N/A","#N/A","#N/A","#N/A"
6093bbf7-2dc3-4088-a2d8-b91f8544ff88,"#N/A","#N/A",false,Web,"#N/A","#N/A",Medium,"#N/A",New,Subject_upchb,"#N/A","#N/A","#N/A","#N/A","#N/A"
609c8d9e-3df4-4458-bea9-015edb0f1649,"#N/A","#N/A",false,Web,"#N/A","#N/A",Medium,"#N/A",New,Subject_uxuho,"#N/A","#N/A","#N/A","#N/A","#N/A"
609e21b1-1348-4274-9b3c-527f54000f9d,"#N/A","#N/A",false,Web,"#N/A","#N/A",Medium,"#N/A",New,Subject_kkajy,"#N/A","#N/A","#N/A","#N/A","#N/A"
609fcc8b-b1cd-4277-9b3b-b749ce2d00b3,"#N/A","#N/A",false,Web,"#N/A","#N/A",Medium,"#N/A",New,Subject_fedon,"#N/A","#N/A","#N/A","#N/A","#N/A"
60a40104-72ae-4078-addb-766d21efdac6,"#N/A","#N/A",false,Web,"#N/A","#N/A",Medium,"#N/A",New,Subject_ttcot,"#N/A","#N/A","#N/A","#N/A","#N/A"
60a7297d-4263-48f1-809e-177a471063bc,"#N/A","#N/A",false,Web,"#N/A","#N/A",Medium,"#N/A",New,Subject_owkiz,"#N/A","#N/A","#N/A","#N/A","#N/A"
60a72e3b-6140-4de3-8543-78d5c4b8d912,"#N/A","#N/A",false,Web,"#N/A","#N/A",Medium,"#N/A",New,Subject_ulntr,"#N/A","#N/A","#N/A","#N/A","#N/A"
60abb5b8-0534-48bb-8aed-25c8c26ea6f9,"#N/A","#N/A",false,Web,"#N/A","#N/A",Medium,"#N/A",New,Subject_qvpqa,"#N/A","#N/A","#N/A","#N/A","#N/A"
60abb9ae-95a5-44c3-b0ba-9633b94e7f31,"#N/A","#N/A",false,Web,"#N/A","#N/A",Medium,"#N/A",New,Subject_dwnvo,"#N/A","#N/A","#N/A","#N/A","#N/A"
60ae7126-f08c-4f21-b1d1-d8fa7bde3828,"#N/A","#N/A",false,Web,"#N/A","#N/A",Medium,"#N/A",New,Subject_axtko,"#N/A","#N/A","#N/A","#N/A","#N/A"
60b2fb06-e537-41cb-924f-78079c3cb0f7,"#N/A","#N/A",false,Web,"#N/A","#N/A",Medium,"#N/A",New,Subject_jngcs,"#N/A","#N/A","#N/A","#N/A","#N/A"
60bd36ee-bf55-4e1c-937e-1813082ae521,"#N/A","#N/A",false,Web,"#N/A","#N/A",Medium,"#N/A",New,Subject_pjsda,"#N/A","#N/A","#N/A","#N/A","#N/A"
60bdb8e2-9e69-47f3-a168-36b8971b15bc,"#N/A","#N/A",false,Web,"#N/A","#N/A",Medium,"#N/A",New,Subject_dlyix,"#N/A","#N/A","#N/A","#N/A","#N/A"
60c42e54-fdd1-4e8b-a528-98513010b8d8,"#N/A","#N/A",false,Web,"#N/A","#N/A",Medium,"#N/A",New,Subject_ndiuy,"#N/A","#N/A","#N/A","#N/A","#N/A"
60c4aa3c-0441-4cb2-b22a-1c6f7d078b73,"#N/A","#N/A",false,Web,"#N/A","#N/A",Medium,"#N/A",New,Subject_vkcsi,"#N/A","#N/A","#N/A","#N/A","#N/A"
60c4b50b-c03a-42ca-8697-19b52af22d1a,"#N/A","#N/A",false,Web,"#N/A","#N/A",Medium,"#N/A",New,Subject_yetwn,"#N/A","#N/A","#N/A","#N/A","#N/A"
60c5dd60-557a-4e7a-b45a-0604b99b5ca9,"#N/A","#N/A",false,Web,"#N/A","#N/A",Medium,"#N/A",New,Subject_ykicg,"#N/A","#N/A","#N/A","#N/A","#N/A"
60c7877e-95db-4822-bb2d-4f0fb4319971,"#N/A","#N/A",false,Web,"#N/A","#N/A",Medium,"#N/A",New,Subject_nhjuo,"#N/A","#N/A","#N/A","#N/A","#N/A"
60ca6d1d-2db8-45ec-b5ac-2ae0fec53d4f,"#N/A","#N/A",false,Web,"#N/A","#N/A",Medium,"#N/A",New,Subject_ccbmw,"#N/A","#N/A","#N/A","#N/A","#N/A"
60ca835a-9928-4242-9d73-c32f720a0bff,"#N/A","#N/A",false,Web,"#N/A","#N/A",Medium,"#N/A",New,Subject_ymknf,"#N/A","#N/A","#N/A","#N/A","#N/A"
60ce43a2-ea87-4ea5-b18b-e102132b7bfa,"#N/A","#N/A",false,Web,"#N/A","#N/A",Medium,"#N/A",New,Subject_qfila,"#N/A","#N/A","#N/A","#N/A","#N/A"
60d3e1c3-045f-4383-a269-1f72be8029f5,"#N/A","#N/A",false,Web,"#N/A","#N/A",Medium,"#N/A",New,Subject_srknh,"#N/A","#N/A","#N/A","#N/A","#N/A"
60da23a7-a0a0-4df0-806c-b79b21a7a2b1,"#N/A","#N/A",false,Web,"#N/A","#N/A",Medium,"#N/A",New,Subject_iutzw,"#N/A","#N/A","#N/A","#N/A","#N/A"
60db723a-de16-4103-b77e-0884b4df7d63,"#N/A","#N/A",false,Web,"#N/A","#N/A",Medium,"#N/A",New,Subject_yiqba,"#N/A","#N/A","#N/A","#N/A","#N/A"
60e04837-4b1b-4fcc-95da-d589489f1ecd,"#N/A","#N/A",false,Web,"#N/A","#N/A",Medium,"#N/A",New,Subject_mcflk,"#N/A","#N/A","#N/A","#N/A","#N/A"
60e3971e-b737-439b-8e81-d0a9ee5398c9,"#N/A","#N/A",false,Web,"#N/A","#N/A",Medium,"#N/A",New,Subject_oxmpg,"#N/A","#N/A","#N/A","#N/A","#N/A"
60e4a34d-23a4-4853-a825-2a0c24ff1d38,"#N/A","#N/A",false,Web,"#N/A","#N/A",Medium,"#N/A",New,Subject_dehlq,"#N/A","#N/A","#N/A","#N/A","#N/A"
60e59a88-7305-40fb-849a-af9145fb59cf,"#N/A","#N/A",false,Web,"#N/A","#N/A",Medium,"#N/A",New,Subject_ioebs,"#N/A","#N/A","#N/A","#N/A","#N/A"
60eb1493-28ec-4bf6-b46e-6af797b62132,"#N/A","#N/A",false,Web,"#N/A","#N/A",Medium,"#N/A",New,Subject_gtrmz,"#N/A","#N/A","#N/A","#N/A","#N/A"
60ed13b1-fa56-4f49-9f66-bcfbeb9abf50,"#N/A","#N/A",false,Web,"#N/A","#N/A",Medium,"#N/A",New,Subject_zwdea,"#N/A","#N/A","#N/A","#N/A","#N/A"
60f15755-3ca4-450d-a13e-7cc3fe33150c,"#N/A","#N/A",false,Web,"#N/A","#N/A",Medium,"#N/A",New,Subject_iewki,"#N/A","#N/A","#N/A","#N/A","#N/A"
60f306ba-ede2-4b5b-ad99-20d219b678dd,"#N/A","#N/A",false,Web,"#N/A","#N/A",Medium,"#N/A",New,Subject_cbmdp,"#N/A","#N/A","#N/A","#N/A","#N/A"
60f461a3-45ed-4101-8272-b0bb36d05b6e,"#N/A","#N/A",false,Web,"#N/A","#N/A",Medium,"#N/A",New,Subject_tcmbf,"#N/A","#N/A","#N/A","#N/A","#N/A"
60fe0a35-57a7-4207-ab62-c4e25eef8430,"#N/A","#N/A",false,Web,"#N/A","#N/A",Medium,"#N/A",New,Subject_rjahr,"#N/A","#N/A","#N/A","#N/A","#N/A"
6100b198-d915-4ce3-9607-4e870aae5efe,"#N/A","#N/A",false,Web,"#N/A","#N/A",Medium,"#N/A",New,Subject_detzj,"#N/A","#N/A","#N/A","#N/A","#N/A"
61017d42-de1a-415e-b370-31fa8bcd0c8e,"#N/A","#N/A",false,Web,"#N/A","#N/A",Medium,"#N/A",New,Subject_qmnna,"#N/A","#N/A","#N/A","#N/A","#N/A"
6102d1c0-3c93-44c5-8eff-ba36bc00774a,"#N/A","#N/A",false,Web,"#N/A","#N/A",Medium,"#N/A",New,Subject_veyol,"#N/A","#N/A","#N/A","#N/A","#N/A"
61080f2f-a04e-4bb8-bb46-99e662932a64,"#N/A","#N/A",false,Web,"#N/A","#N/A",Medium,"#N/A",New,Subject_mwblg,"#N/A","#N/A","#N/A","#N/A","#N/A"
61080fe1-3e52-4e25-bcbd-363f1fd696e2,"#N/A","#N/A",false,Web,"#N/A","#N/A",Medium,"#N/A",New,Subject_kwqxh,"#N/A","#N/A","#N/A","#N/A","#N/A"
61085910-dafe-4ca3-8c25-f19eea6fe23a,"#N/A","#N/A",false,Web,"#N/A","#N/A",Medium,"#N/A",New,Subject_jqlum,"#N/A","#N/A","#N/A","#N/A","#N/A"
610a9297-f6c6-4849-a15a-1d94959a01e6,"#N/A","#N/A",false,Web,"#N/A","#N/A",Medium,"#N/A",New,Subject_tdlvs,"#N/A","#N/A","#N/A","#N/A","#N/A"
610f8137-48e2-4353-bbcf-f71f4791b5db,"#N/A","#N/A",false,Web,"#N/A","#N/A",Medium,"#N/A",New,Subject_lsysb,"#N/A","#N/A","#N/A","#N/A","#N/A"
61134e11-430d-4703-b697-0e82855a98f8,"#N/A","#N/A",false,Web,"#N/A","#N/A",Medium,"#N/A",New,Subject_phjef,"#N/A","#N/A","#N/A","#N/A","#N/A"
6115c7af-980a-4350-8b26-c9e0dbd7b98b,"#N/A","#N/A",false,Web,"#N/A","#N/A",Medium,"#N/A",New,Subject_oxfrn,"#N/A","#N/A","#N/A","#N/A","#N/A"
61191676-1a51-495c-acde-3e3fc5a80664,"#N/A","#N/A",false,Web,"#N/A","#N/A",Medium,"#N/A",New,Subject_gyeis,"#N/A","#N/A","#N/A","#N/A","#N/A"
611bd00b-2964-4960-bc2c-2507dbab8354,"#N/A","#N/A",false,Web,"#N/A","#N/A",Medium,"#N/A",New,Subject_zmjxs,"#N/A","#N/A","#N/A","#N/A","#N/A"
611e2ce7-9e9e-429b-8e68-51f403d9abb4,"#N/A","#N/A",false,Web,"#N/A","#N/A",Medium,"#N/A",New,Subject_ylhdd,"#N/A","#N/A","#N/A","#N/A","#N/A"
61205322-bc11-4695-9fd3-810f23820dcc,"#N/A","#N/A",false,Web,"#N/A","#N/A",Medium,"#N/A",New,Subject_bdkyg,"#N/A","#N/A","#N/A","#N/A","#N/A"
61228ead-454b-4ea0-853d-74885242fc94,"#N/A","#N/A",false,Web,"#N/A","#N/A",Medium,"#N/A",New,Subject_uzfav,"#N/A","#N/A","#N/A","#N/A","#N/A"
61287c00-93f0-490f-9522-5d05e434340b,"#N/A","#N/A",false,Web,"#N/A","#N/A",Medium,"#N/A",New,Subject_pfnmx,"#N/A","#N/A","#N/A","#N/A","#N/A"
6128e2be-834d-48f4-b7c6-6d0e5554c504,"#N/A","#N/A",false,Web,"#N/A","#N/A",Medium,"#N/A",New,Subject_kdvuf,"#N/A","#N/A","#N/A","#N/A","#N/A"
612e0d6e-1212-4f64-841f-d91884b095af,"#N/A","#N/A",false,Web,"#N/A","#N/A",Medium,"#N/A",New,Subject_btbcc,"#N/A","#N/A","#N/A","#N/A","#N/A"
612f2f01-7333-4493-ab14-ac39a5f102e4,"#N/A","#N/A",false,Web,"#N/A","#N/A",Medium,"#N/A",New,Subject_wcqnr,"#N/A","#N/A","#N/A","#N/A","#N/A"
612f3833-4889-45a0-aff5-03bb8222a651,"#N/A","#N/A",false,Web,"#N/A","#N/A",Medium,"#N/A",New,Subject_azrut,"#N/A","#N/A","#N/A","#N/A","#N/A"
6131af86-4873-47be-a009-1dc125470579,"#N/A","#N/A",false,Web,"#N/A","#N/A",Medium,"#N/A",New,Subject_ymkcj,"#N/A","#N/A","#N/A","#N/A","#N/A"
6132e662-1e2f-4dc0-8b38-d400c476ff09,"#N/A","#N/A",false,Web,"#N/A","#N/A",Medium,"#N/A",New,Subject_puzpm,"#N/A","#N/A","#N/A","#N/A","#N/A"
61364c5f-bc2a-4b61-81be-65d13c3f9aad,"#N/A","#N/A",false,Web,"#N/A","#N/A",Medium,"#N/A",New,Subject_viugb,"#N/A","#N/A","#N/A","#N/A","#N/A"
6139a739-d2ba-4164-b65b-8ac406d1804a,"#N/A","#N/A",false,Web,"#N/A","#N/A",Medium,"#N/A",New,Subject_pmxss,"#N/A","#N/A","#N/A","#N/A","#N/A"
613a0bf5-6199-4114-95f1-b98f95ceb387,"#N/A","#N/A",false,Web,"#N/A","#N/A",Medium,"#N/A",New,Subject_ezobj,"#N/A","#N/A","#N/A","#N/A","#N/A"
613a3b62-590d-4aef-b963-6d08798ca9eb,"#N/A","#N/A",false,Web,"#N/A","#N/A",Medium,"#N/A",New,Subject_tkxfr,"#N/A","#N/A","#N/A","#N/A","#N/A"
613e46bc-0c0b-44c4-a21c-d00408ec511f,"#N/A","#N/A",false,Web,"#N/A","#N/A",Medium,"#N/A",New,Subject_iydfs,"#N/A","#N/A","#N/A","#N/A","#N/A"
613e6b6b-dad7-4c24-a29d-ea16bd22743d,"#N/A","#N/A",false,Web,"#N/A","#N/A",Medium,"#N/A",New,Subject_zvstn,"#N/A","#N/A","#N/A","#N/A","#N/A"
6141e31a-66cc-4515-8edd-b5b3bbf6b7b7,"#N/A","#N/A",false,Web,"#N/A","#N/A",Medium,"#N/A",New,Subject_qftmd,"#N/A","#N/A","#N/A","#N/A","#N/A"
61437007-f454-4e9e-91df-8460bc39ade1,"#N/A","#N/A",false,Web,"#N/A","#N/A",Medium,"#N/A",New,Subject_dclwh,"#N/A","#N/A","#N/A","#N/A","#N/A"
6143df0b-90dd-44f7-852b-3f0bcdf8cfed,"#N/A","#N/A",false,Web,"#N/A","#N/A",Medium,"#N/A",New,Subject_pcxkz,"#N/A","#N/A","#N/A","#N/A","#N/A"
6146f01a-fe3e-43f6-88e3-92077f883cdb,"#N/A","#N/A",false,Web,"#N/A","#N/A",Medium,"#N/A",New,Subject_wjdcj,"#N/A","#N/A","#N/A","#N/A","#N/A"
614b9aec-c678-4cc5-9390-a0bb09d7cc4e,"#N/A","#N/A",false,Web,"#N/A","#N/A",Medium,"#N/A",New,Subject_mrouv,"#N/A","#N/A","#N/A","#N/A","#N/A"
614d3d57-9121-4f1b-b7aa-f8eedc7d9db8,"#N/A","#N/A",false,Web,"#N/A","#N/A",Medium,"#N/A",New,Subject_dxtvy,"#N/A","#N/A","#N/A","#N/A","#N/A"
615168b3-62c7-4be6-a955-6bce4df6c724,"#N/A","#N/A",false,Web,"#N/A","#N/A",Medium,"#N/A",New,Subject_pqzzn,"#N/A","#N/A","#N/A","#N/A","#N/A"
6151c5ec-cc13-4b4e-98c3-a35416cdce20,"#N/A","#N/A",false,Web,"#N/A","#N/A",Medium,"#N/A",New,Subject_qkymw,"#N/A","#N/A","#N/A","#N/A","#N/A"
615352aa-0ba9-43d5-9b7d-151c6b4e60c2,"#N/A","#N/A",false,Web,"#N/A","#N/A",Medium,"#N/A",New,Subject_gkccr,"#N/A","#N/A","#N/A","#N/A","#N/A"
6154b58b-0238-4489-908b-a1390950a41b,"#N/A","#N/A",false,Web,"#N/A","#N/A",Medium,"#N/A",New,Subject_uhlln,"#N/A","#N/A","#N/A","#N/A","#N/A"
6159ac66-6e4e-4d23-9fdd-37303e7f6484,"#N/A","#N/A",false,Web,"#N/A","#N/A",Medium,"#N/A",New,Subject_zffyk,"#N/A","#N/A","#N/A","#N/A","#N/A"
615b016a-22ed-41c3-a1d3-372012000854,"#N/A","#N/A",false,Web,"#N/A","#N/A",Medium,"#N/A",New,Subject_gmucc,"#N/A","#N/A","#N/A","#N/A","#N/A"
615c22fd-2f6f-402f-a91a-169daa912b9d,"#N/A","#N/A",false,Web,"#N/A","#N/A",Medium,"#N/A",New,Subject_zfcid,"#N/A","#N/A","#N/A","#N/A","#N/A"
615f5a31-329b-489b-b9fd-bd2828d25a68,"#N/A","#N/A",false,Web,"#N/A","#N/A",Medium,"#N/A",New,Subject_mxrqs,"#N/A","#N/A","#N/A","#N/A","#N/A"
6160e088-66f6-4a76-b3f6-ef35eb7b19fb,"#N/A","#N/A",false,Web,"#N/A","#N/A",Medium,"#N/A",New,Subject_kqrbm,"#N/A","#N/A","#N/A","#N/A","#N/A"
616458f8-d0e4-4e3c-9f25-032509fe3728,"#N/A","#N/A",false,Web,"#N/A","#N/A",Medium,"#N/A",New,Subject_fettb,"#N/A","#N/A","#N/A","#N/A","#N/A"
61686dfd-3fe3-4ea5-81f0-d4ce0ca71952,"#N/A","#N/A",false,Web,"#N/A","#N/A",Medium,"#N/A",New,Subject_ermua,"#N/A","#N/A","#N/A","#N/A","#N/A"
616b4fdf-04ee-40a0-b420-7f79b105c045,"#N/A","#N/A",false,Web,"#N/A","#N/A",Medium,"#N/A",New,Subject_vovrb,"#N/A","#N/A","#N/A","#N/A","#N/A"
6170b17c-ec22-4928-a019-2210ef0a1337,"#N/A","#N/A",false,Web,"#N/A","#N/A",Medium,"#N/A",New,Subject_ffree,"#N/A","#N/A","#N/A","#N/A","#N/A"
6171f06b-534e-4bd4-94db-35e3116c13d3,"#N/A","#N/A",false,Web,"#N/A","#N/A",Medium,"#N/A",New,Subject_cqpei,"#N/A","#N/A","#N/A","#N/A","#N/A"
617bccd9-d04a-4af0-b4a5-b212bb8ca9a6,"#N/A","#N/A",false,Web,"#N/A","#N/A",Medium,"#N/A",New,Subject_xqciz,"#N/A","#N/A","#N/A","#N/A","#N/A"
617cc674-0c68-48cc-b2b7-0e2132b3e9e7,"#N/A","#N/A",false,Web,"#N/A","#N/A",Medium,"#N/A",New,Subject_iyequ,"#N/A","#N/A","#N/A","#N/A","#N/A"
617dc78f-f580-4ac4-a319-b01101419a4b,"#N/A","#N/A",false,Web,"#N/A","#N/A",Medium,"#N/A",New,Subject_cguek,"#N/A","#N/A","#N/A","#N/A","#N/A"
61808a44-fb08-4397-8666-e40a6fa0efd5,"#N/A","#N/A",false,Web,"#N/A","#N/A",Medium,"#N/A",New,Subject_slhnu,"#N/A","#N/A","#N/A","#N/A","#N/A"
6185eef2-4e9e-4154-a800-83d043a864f6,"#N/A","#N/A",false,Web,"#N/A","#N/A",Medium,"#N/A",New,Subject_kzgxq,"#N/A","#N/A","#N/A","#N/A","#N/A"
618803f6-a89d-4e64-9fc4-ad12e67a382d,"#N/A","#N/A",false,Web,"#N/A","#N/A",Medium,"#N/A",New,Subject_bhbpv,"#N/A","#N/A","#N/A","#N/A","#N/A"
618bbb30-3142-4707-9c70-6115ba728b2c,"#N/A","#N/A",false,Web,"#N/A","#N/A",Medium,"#N/A",New,Subject_qogih,"#N/A","#N/A","#N/A","#N/A","#N/A"
618d096b-8638-4250-9a12-8f17fcd45899,"#N/A","#N/A",false,Web,"#N/A","#N/A",Medium,"#N/A",New,Subject_rzogk,"#N/A","#N/A","#N/A","#N/A","#N/A"
6194e1ff-f7af-428f-a106-b1ddecfd34ec,"#N/A","#N/A",false,Web,"#N/A","#N/A",Medium,"#N/A",New,Subject_vugnr,"#N/A","#N/A","#N/A","#N/A","#N/A"
6194ef08-6419-4ce7-8f8a-2a3646cc8cf1,"#N/A","#N/A",false,Web,"#N/A","#N/A",Medium,"#N/A",New,Subject_wtsae,"#N/A","#N/A","#N/A","#N/A","#N/A"
6195dbc5-1dca-47b2-86af-94b721963893,"#N/A","#N/A",false,Web,"#N/A","#N/A",Medium,"#N/A",New,Subject_etbyu,"#N/A","#N/A","#N/A","#N/A","#N/A"
61971e1e-410e-450e-aa61-65d68d8968af,"#N/A","#N/A",false,Web,"#N/A","#N/A",Medium,"#N/A",New,Subject_aqpzt,"#N/A","#N/A","#N/A","#N/A","#N/A"
6198a989-063f-458e-ad96-1f91395ffbde,"#N/A","#N/A",false,Web,"#N/A","#N/A",Medium,"#N/A",New,Subject_chpdl,"#N/A","#N/A","#N/A","#N/A","#N/A"
61991775-ae2c-46ec-b4a3-8a55fcfe9ba8,"#N/A","#N/A",false,Web,"#N/A","#N/A",Medium,"#N/A",New,Subject_fhayc,"#N/A","#N/A","#N/A","#N/A","#N/A"
619af908-f5cf-4614-aa4d-20649697abc4,"#N/A","#N/A",false,Web,"#N/A","#N/A",Medium,"#N/A",New,Subject_cwpkx,"#N/A","#N/A","#N/A","#N/A","#N/A"
619c2c7e-452c-4a4e-9a55-807f780d05fc,"#N/A","#N/A",false,Web,"#N/A","#N/A",Medium,"#N/A",New,Subject_eywbu,"#N/A","#N/A","#N/A","#N/A","#N/A"
619db4d9-e5bd-4136-81f5-b14946689b51,"#N/A","#N/A",false,Web,"#N/A","#N/A",Medium,"#N/A",New,Subject_zkdub,"#N/A","#N/A","#N/A","#N/A","#N/A"
61a15fbd-3728-4e4b-8fd2-2b25b4f333c3,"#N/A","#N/A",false,Web,"#N/A","#N/A",Medium,"#N/A",New,Subject_ifwcn,"#N/A","#N/A","#N/A","#N/A","#N/A"
61a6ac3d-ddac-491a-9015-1875a87ec585,"#N/A","#N/A",false,Web,"#N/A","#N/A",Medium,"#N/A",New,Subject_hekld,"#N/A","#N/A","#N/A","#N/A","#N/A"
61a76a57-297e-4691-ac25-95e199720249,"#N/A","#N/A",false,Web,"#N/A","#N/A",Medium,"#N/A",New,Subject_aptrq,"#N/A","#N/A","#N/A","#N/A","#N/A"
61aaa653-e550-4283-8461-becbebd84342,"#N/A","#N/A",false,Web,"#N/A","#N/A",Medium,"#N/A",New,Subject_uyqqp,"#N/A","#N/A","#N/A","#N/A","#N/A"
61b0bdf1-e437-4508-811f-7bf994a72274,"#N/A","#N/A",false,Web,"#N/A","#N/A",Medium,"#N/A",New,Subject_uyjtv,"#N/A","#N/A","#N/A","#N/A","#N/A"
61b168e2-e0a3-4537-9973-c4c0425a551a,"#N/A","#N/A",false,Web,"#N/A","#N/A",Medium,"#N/A",New,Subject_plnxn,"#N/A","#N/A","#N/A","#N/A","#N/A"
61b83c57-28fd-446c-8bdf-8f8a23621cd2,"#N/A","#N/A",false,Web,"#N/A","#N/A",Medium,"#N/A",New,Subject_hvuqu,"#N/A","#N/A","#N/A","#N/A","#N/A"
61c11a23-3101-459f-9537-8288d7a52793,"#N/A","#N/A",false,Web,"#N/A","#N/A",Medium,"#N/A",New,Subject_xvbix,"#N/A","#N/A","#N/A","#N/A","#N/A"
61c48765-db3c-4d97-a50c-e0fe17b3660e,"#N/A","#N/A",false,Web,"#N/A","#N/A",Medium,"#N/A",New,Subject_vmubk,"#N/A","#N/A","#N/A","#N/A","#N/A"
61c67815-1d83-40cd-98df-f4e14bbdd3cd,"#N/A","#N/A",false,Web,"#N/A","#N/A",Medium,"#N/A",New,Subject_uyrsw,"#N/A","#N/A","#N/A","#N/A","#N/A"
61c6caa0-5127-4810-a535-edb57c658c05,"#N/A","#N/A",false,Web,"#N/A","#N/A",Medium,"#N/A",New,Subject_stxsj,"#N/A","#N/A","#N/A","#N/A","#N/A"
61cadff5-440d-4ec1-b26f-5bc19ad54e3e,"#N/A","#N/A",false,Web,"#N/A","#N/A",Medium,"#N/A",New,Subject_laabp,"#N/A","#N/A","#N/A","#N/A","#N/A"
61cb354e-73cc-4e77-b762-fc5c7d43e868,"#N/A","#N/A",false,Web,"#N/A","#N/A",Medium,"#N/A",New,Subject_voasp,"#N/A","#N/A","#N/A","#N/A","#N/A"
61cf173c-ae68-4eeb-8dbe-b98a0a444092,"#N/A","#N/A",false,Web,"#N/A","#N/A",Medium,"#N/A",New,Subject_ztpzn,"#N/A","#N/A","#N/A","#N/A","#N/A"
61d36175-a6b9-4f00-8076-419b7d15a636,"#N/A","#N/A",false,Web,"#N/A","#N/A",Medium,"#N/A",New,Subject_fiqqp,"#N/A","#N/A","#N/A","#N/A","#N/A"
61e1893b-3672-42c8-b5a8-758294ce7502,"#N/A","#N/A",false,Web,"#N/A","#N/A",Medium,"#N/A",New,Subject_dymno,"#N/A","#N/A","#N/A","#N/A","#N/A"
61e57888-7828-4a06-8352-c8a791b11823,"#N/A","#N/A",false,Web,"#N/A","#N/A",Medium,"#N/A",New,Subject_wplgf,"#N/A","#N/A","#N/A","#N/A","#N/A"
61e9b97b-5253-4fe5-a5ba-2754d0e9b37a,"#N/A","#N/A",false,Web,"#N/A","#N/A",Medium,"#N/A",New,Subject_atmgf,"#N/A","#N/A","#N/A","#N/A","#N/A"
61ea0981-75ed-4c8a-8674-0b4bdfb39657,"#N/A","#N/A",false,Web,"#N/A","#N/A",Medium,"#N/A",New,Subject_epxwj,"#N/A","#N/A","#N/A","#N/A","#N/A"
61eae2f0-86e8-4cdd-b863-6f9365d94a3c,"#N/A","#N/A",false,Web,"#N/A","#N/A",Medium,"#N/A",New,Subject_eihod,"#N/A","#N/A","#N/A","#N/A","#N/A"
61edd8bf-0cc7-417c-aef6-a8f38b0dd5ec,"#N/A","#N/A",false,Web,"#N/A","#N/A",Medium,"#N/A",New,Subject_mgepr,"#N/A","#N/A","#N/A","#N/A","#N/A"
61ef5cee-84c9-487b-8267-2880143a1115,"#N/A","#N/A",false,Web,"#N/A","#N/A",Medium,"#N/A",New,Subject_ardwy,"#N/A","#N/A","#N/A","#N/A","#N/A"
61f1e50e-2e83-4f9c-a0eb-e653b9d9ea79,"#N/A","#N/A",false,Web,"#N/A","#N/A",Medium,"#N/A",New,Subject_uuglh,"#N/A","#N/A","#N/A","#N/A","#N/A"
61f283c5-efdd-4131-b605-138e924045df,"#N/A","#N/A",false,Web,"#N/A","#N/A",Medium,"#N/A",New,Subject_yotvb,"#N/A","#N/A","#N/A","#N/A","#N/A"
61fc1f96-2ff6-4269-b806-77dec9c5427c,"#N/A","#N/A",false,Web,"#N/A","#N/A",Medium,"#N/A",New,Subject_mfbuz,"#N/A","#N/A","#N/A","#N/A","#N/A"
6208117b-e66a-448b-98dc-950abb074c12,"#N/A","#N/A",false,Web,"#N/A","#N/A",Medium,"#N/A",New,Subject_iuiqv,"#N/A","#N/A","#N/A","#N/A","#N/A"
6209d92f-cdd9-4b88-87ad-ee86cd4c0288,"#N/A","#N/A",false,Web,"#N/A","#N/A",Medium,"#N/A",New,Subject_jeqsk,"#N/A","#N/A","#N/A","#N/A","#N/A"
620d2f77-8a9e-460a-aeeb-35a46d745e67,"#N/A","#N/A",false,Web,"#N/A","#N/A",Medium,"#N/A",New,Subject_fjbep,"#N/A","#N/A","#N/A","#N/A","#N/A"
62121db0-b27f-4f84-8110-18c5c6a9148c,"#N/A","#N/A",false,Web,"#N/A","#N/A",Medium,"#N/A",New,Subject_yxsyr,"#N/A","#N/A","#N/A","#N/A","#N/A"
62171c76-6ff9-402a-9481-ce551e8a86e3,"#N/A","#N/A",false,Web,"#N/A","#N/A",Medium,"#N/A",New,Subject_rnpyy,"#N/A","#N/A","#N/A","#N/A","#N/A"
62172bf1-ff89-4615-a690-01c8fbbe3afa,"#N/A","#N/A",false,Web,"#N/A","#N/A",Medium,"#N/A",New,Subject_kjfnx,"#N/A","#N/A","#N/A","#N/A","#N/A"
62196e61-00ae-477e-9e1d-a4baa33f19fd,"#N/A","#N/A",false,Web,"#N/A","#N/A",Medium,"#N/A",New,Subject_lchnd,"#N/A","#N/A","#N/A","#N/A","#N/A"
621af8ea-21dc-4e60-82d2-be39ae8258ba,"#N/A","#N/A",false,Web,"#N/A","#N/A",Medium,"#N/A",New,Subject_fwwki,"#N/A","#N/A","#N/A","#N/A","#N/A"
621f7aa5-4992-464d-b68c-e2436dac96bb,"#N/A","#N/A",false,Web,"#N/A","#N/A",Medium,"#N/A",New,Subject_idfnx,"#N/A","#N/A","#N/A","#N/A","#N/A"
6220da99-90ec-4d1c-8909-ed143453e264,"#N/A","#N/A",false,Web,"#N/A","#N/A",Medium,"#N/A",New,Subject_wtegb,"#N/A","#N/A","#N/A","#N/A","#N/A"
6228453e-3559-4983-b78a-9211fe2cfad5,"#N/A","#N/A",false,Web,"#N/A","#N/A",Medium,"#N/A",New,Subject_souyl,"#N/A","#N/A","#N/A","#N/A","#N/A"
622a1693-73de-4ee1-9bd2-2d571d985ce2,"#N/A","#N/A",false,Web,"#N/A","#N/A",Medium,"#N/A",New,Subject_tfnxn,"#N/A","#N/A","#N/A","#N/A","#N/A"
622aab96-7f67-4314-865f-ff6038e14515,"#N/A","#N/A",false,Web,"#N/A","#N/A",Medium,"#N/A",New,Subject_lzasc,"#N/A","#N/A","#N/A","#N/A","#N/A"
622b779b-df82-4b5e-b485-37cb621c8386,"#N/A","#N/A",false,Web,"#N/A","#N/A",Medium,"#N/A",New,Subject_glqkv,"#N/A","#N/A","#N/A","#N/A","#N/A"
622d1fbb-9e25-4246-b81d-0958fe8b01c3,"#N/A","#N/A",false,Web,"#N/A","#N/A",Medium,"#N/A",New,Subject_uilev,"#N/A","#N/A","#N/A","#N/A","#N/A"
622d2240-bfda-41f3-a256-8b415518de42,"#N/A","#N/A",false,Web,"#N/A","#N/A",Medium,"#N/A",New,Subject_athtz,"#N/A","#N/A","#N/A","#N/A","#N/A"
622e9999-bd4e-40d0-acb1-d2668fb6d529,"#N/A","#N/A",false,Web,"#N/A","#N/A",Medium,"#N/A",New,Subject_enwco,"#N/A","#N/A","#N/A","#N/A","#N/A"
622f09aa-8d34-4e2c-ac50-74e0157c1e77,"#N/A","#N/A",false,Web,"#N/A","#N/A",Medium,"#N/A",New,Subject_fgwvs,"#N/A","#N/A","#N/A","#N/A","#N/A"
622f593a-a756-4d32-994e-5d84ae6bfbb0,"#N/A","#N/A",false,Web,"#N/A","#N/A",Medium,"#N/A",New,Subject_fuonj,"#N/A","#N/A","#N/A","#N/A","#N/A"
6231e982-edff-4273-8fd2-9563211b126b,"#N/A","#N/A",false,Web,"#N/A","#N/A",Medium,"#N/A",New,Subject_depzn,"#N/A","#N/A","#N/A","#N/A","#N/A"
62335bcc-9945-4d7d-b985-97eeff6b478e,"#N/A","#N/A",false,Web,"#N/A","#N/A",Medium,"#N/A",New,Subject_awggc,"#N/A","#N/A","#N/A","#N/A","#N/A"
6233c6aa-05ab-435c-9a68-fadd25a6bbb2,"#N/A","#N/A",false,Web,"#N/A","#N/A",Medium,"#N/A",New,Subject_nowjd,"#N/A","#N/A","#N/A","#N/A","#N/A"
6235e3e5-88dc-4a34-8e0d-69321066bc27,"#N/A","#N/A",false,Web,"#N/A","#N/A",Medium,"#N/A",New,Subject_eamtb,"#N/A","#N/A","#N/A","#N/A","#N/A"
62366084-629e-43c9-a1f8-bada3349da1e,"#N/A","#N/A",false,Web,"#N/A","#N/A",Medium,"#N/A",New,Subject_jflom,"#N/A","#N/A","#N/A","#N/A","#N/A"
623aefcb-cf31-46b4-9ff3-380e09835bed,"#N/A","#N/A",false,Web,"#N/A","#N/A",Medium,"#N/A",New,Subject_mcfzr,"#N/A","#N/A","#N/A","#N/A","#N/A"
62452035-8012-4abd-aa53-267ad67b7ee7,"#N/A","#N/A",false,Web,"#N/A","#N/A",Medium,"#N/A",New,Subject_xhbhs,"#N/A","#N/A","#N/A","#N/A","#N/A"
624e29d1-278a-4acd-8790-f579896146a3,"#N/A","#N/A",false,Web,"#N/A","#N/A",Medium,"#N/A",New,Subject_cdrbn,"#N/A","#N/A","#N/A","#N/A","#N/A"
6252a711-5b59-4bcb-868e-fdba415d4a28,"#N/A","#N/A",false,Web,"#N/A","#N/A",Medium,"#N/A",New,Subject_brbtx,"#N/A","#N/A","#N/A","#N/A","#N/A"
6256e37e-d6cf-40ce-8773-124d63efad34,"#N/A","#N/A",false,Web,"#N/A","#N/A",Medium,"#N/A",New,Subject_upsys,"#N/A","#N/A","#N/A","#N/A","#N/A"
6259634a-57d8-4660-8a26-af7690ee1f61,"#N/A","#N/A",false,Web,"#N/A","#N/A",Medium,"#N/A",New,Subject_ggunm,"#N/A","#N/A","#N/A","#N/A","#N/A"
625b1f89-22d0-4dcd-9cdf-98d2ab551bb2,"#N/A","#N/A",false,Web,"#N/A","#N/A",Medium,"#N/A",New,Subject_nemwm,"#N/A","#N/A","#N/A","#N/A","#N/A"
625fb9fe-8275-4e0d-a5e5-ea1b1a11fc03,"#N/A","#N/A",false,Web,"#N/A","#N/A",Medium,"#N/A",New,Subject_wanrh,"#N/A","#N/A","#N/A","#N/A","#N/A"
62604169-0bbe-4339-8ea5-d669de2ab5dd,"#N/A","#N/A",false,Web,"#N/A","#N/A",Medium,"#N/A",New,Subject_cbgoa,"#N/A","#N/A","#N/A","#N/A","#N/A"
6264475d-2936-4c46-b89b-4e1039ff12d1,"#N/A","#N/A",false,Web,"#N/A","#N/A",Medium,"#N/A",New,Subject_gfodr,"#N/A","#N/A","#N/A","#N/A","#N/A"
6264daf9-fc5f-4f8d-80b3-bb3830ed004a,"#N/A","#N/A",false,Web,"#N/A","#N/A",Medium,"#N/A",New,Subject_iyhmd,"#N/A","#N/A","#N/A","#N/A","#N/A"
626778b2-a698-49eb-b76e-a7737649499b,"#N/A","#N/A",false,Web,"#N/A","#N/A",Medium,"#N/A",New,Subject_pmpyg,"#N/A","#N/A","#N/A","#N/A","#N/A"
626d864a-076d-47b0-bd7c-74199624f156,"#N/A","#N/A",false,Web,"#N/A","#N/A",Medium,"#N/A",New,Subject_ltkuz,"#N/A","#N/A","#N/A","#N/A","#N/A"
626e96d2-3717-4185-8314-7df612deb63f,"#N/A","#N/A",false,Web,"#N/A","#N/A",Medium,"#N/A",New,Subject_npqeq,"#N/A","#N/A","#N/A","#N/A","#N/A"
626f1cbb-c0ef-4904-b743-0d4f9aab113a,"#N/A","#N/A",false,Web,"#N/A","#N/A",Medium,"#N/A",New,Subject_wshhn,"#N/A","#N/A","#N/A","#N/A","#N/A"
6272fb04-d0aa-4034-bc1e-aca3a7ae1a92,"#N/A","#N/A",false,Web,"#N/A","#N/A",Medium,"#N/A",New,Subject_ocsji,"#N/A","#N/A","#N/A","#N/A","#N/A"
6277eca6-9fcc-4f5c-884b-eea8dfc9279e,"#N/A","#N/A",false,Web,"#N/A","#N/A",Medium,"#N/A",New,Subject_srcew,"#N/A","#N/A","#N/A","#N/A","#N/A"
6282a92c-eb8c-49d5-bc7f-1ea3db1ce2b8,"#N/A","#N/A",false,Web,"#N/A","#N/A",Medium,"#N/A",New,Subject_lxeeo,"#N/A","#N/A","#N/A","#N/A","#N/A"
6283afc0-0f13-4ae4-abe9-d42262cea92d,"#N/A","#N/A",false,Web,"#N/A","#N/A",Medium,"#N/A",New,Subject_ewzhw,"#N/A","#N/A","#N/A","#N/A","#N/A"
62844215-660f-4dea-a72d-8bd4894d2001,"#N/A","#N/A",false,Web,"#N/A","#N/A",Medium,"#N/A",New,Subject_spzwd,"#N/A","#N/A","#N/A","#N/A","#N/A"
62844c33-620f-4257-b765-fde3755feef7,"#N/A","#N/A",false,Web,"#N/A","#N/A",Medium,"#N/A",New,Subject_aveqc,"#N/A","#N/A","#N/A","#N/A","#N/A"
6287f0b3-d5bf-4d6a-bc80-ca1f09db35e4,"#N/A","#N/A",false,Web,"#N/A","#N/A",Medium,"#N/A",New,Subject_uoxzp,"#N/A","#N/A","#N/A","#N/A","#N/A"
628ba6af-5bef-4301-94ef-e242dc94cb9a,"#N/A","#N/A",false,Web,"#N/A","#N/A",Medium,"#N/A",New,Subject_gyxyp,"#N/A","#N/A","#N/A","#N/A","#N/A"
628cb11a-dfb7-42a6-8136-bd301e4c1777,"#N/A","#N/A",false,Web,"#N/A","#N/A",Medium,"#N/A",New,Subject_alrvk,"#N/A","#N/A","#N/A","#N/A","#N/A"
628e78ad-0649-4404-9e6d-d9a3377b4683,"#N/A","#N/A",false,Web,"#N/A","#N/A",Medium,"#N/A",New,Subject_zgpdp,"#N/A","#N/A","#N/A","#N/A","#N/A"
6299565c-a09c-4a79-b661-277d164c4aec,"#N/A","#N/A",false,Web,"#N/A","#N/A",Medium,"#N/A",New,Subject_zbqsg,"#N/A","#N/A","#N/A","#N/A","#N/A"
629a660e-65a1-4b1c-8753-59c67083cf89,"#N/A","#N/A",false,Web,"#N/A","#N/A",Medium,"#N/A",New,Subject_lvlez,"#N/A","#N/A","#N/A","#N/A","#N/A"
629d07bb-eb48-4f82-96b1-0e42b88f4c29,"#N/A","#N/A",false,Web,"#N/A","#N/A",Medium,"#N/A",New,Subject_kkjlf,"#N/A","#N/A","#N/A","#N/A","#N/A"
629f4c71-8bd9-4bd2-afb7-de8c66c28116,"#N/A","#N/A",false,Web,"#N/A","#N/A",Medium,"#N/A",New,Subject_nlkcd,"#N/A","#N/A","#N/A","#N/A","#N/A"
62a0cadd-2a44-46f7-a72b-4a38f6af43d0,"#N/A","#N/A",false,Web,"#N/A","#N/A",Medium,"#N/A",New,Subject_apkro,"#N/A","#N/A","#N/A","#N/A","#N/A"
62a4e6f7-4c95-4010-8b4c-dff50cce8dd3,"#N/A","#N/A",false,Web,"#N/A","#N/A",Medium,"#N/A",New,Subject_iddzx,"#N/A","#N/A","#N/A","#N/A","#N/A"
62a77a4f-4e9d-4e35-ace6-be0e5e72d896,"#N/A","#N/A",false,Web,"#N/A","#N/A",Medium,"#N/A",New,Subject_ufopz,"#N/A","#N/A","#N/A","#N/A","#N/A"
62a9c2d0-ee8e-405e-ac42-5286f0ecaa05,"#N/A","#N/A",false,Web,"#N/A","#N/A",Medium,"#N/A",New,Subject_qjjqe,"#N/A","#N/A","#N/A","#N/A","#N/A"
62ae524a-6da2-4149-ab29-1f018bae3a3c,"#N/A","#N/A",false,Web,"#N/A","#N/A",Medium,"#N/A",New,Subject_qsazp,"#N/A","#N/A","#N/A","#N/A","#N/A"
62ae6863-7eb5-45cf-bb9b-5b92838c5695,"#N/A","#N/A",false,Web,"#N/A","#N/A",Medium,"#N/A",New,Subject_bkjvp,"#N/A","#N/A","#N/A","#N/A","#N/A"
62b3cd6b-7c86-4764-98a7-d0b280eff205,"#N/A","#N/A",false,Web,"#N/A","#N/A",Medium,"#N/A",New,Subject_atwuf,"#N/A","#N/A","#N/A","#N/A","#N/A"
62b70c53-daf5-4e3b-927d-e2e12adf46af,"#N/A","#N/A",false,Web,"#N/A","#N/A",Medium,"#N/A",New,Subject_bjrxy,"#N/A","#N/A","#N/A","#N/A","#N/A"
62b7d170-0367-46dc-acd1-51e041307a2d,"#N/A","#N/A",false,Web,"#N/A","#N/A",Medium,"#N/A",New,Subject_fhonp,"#N/A","#N/A","#N/A","#N/A","#N/A"
62b8b255-525d-42cd-b7b8-82601e7d0e44,"#N/A","#N/A",false,Web,"#N/A","#N/A",Medium,"#N/A",New,Subject_btktn,"#N/A","#N/A","#N/A","#N/A","#N/A"
62baa364-c379-4851-84ea-295d55480684,"#N/A","#N/A",false,Web,"#N/A","#N/A",Medium,"#N/A",New,Subject_ugunc,"#N/A","#N/A","#N/A","#N/A","#N/A"
62bc48fb-6c53-4739-8bc1-45cbc56db9e7,"#N/A","#N/A",false,Web,"#N/A","#N/A",Medium,"#N/A",New,Subject_ddspd,"#N/A","#N/A","#N/A","#N/A","#N/A"
62bc5126-a4db-4f7b-bfe2-4f37a6e2b091,"#N/A","#N/A",false,Web,"#N/A","#N/A",Medium,"#N/A",New,Subject_tncuj,"#N/A","#N/A","#N/A","#N/A","#N/A"
62c56db6-0407-4ee8-abe4-343d37ecc20c,"#N/A","#N/A",false,Web,"#N/A","#N/A",Medium,"#N/A",New,Subject_mewwp,"#N/A","#N/A","#N/A","#N/A","#N/A"
62c726bb-2d67-4065-904c-2fb1a374a219,"#N/A","#N/A",false,Web,"#N/A","#N/A",Medium,"#N/A",New,Subject_dviye,"#N/A","#N/A","#N/A","#N/A","#N/A"
62c7bace-984d-43b0-ba12-611be3ea8e58,"#N/A","#N/A",false,Web,"#N/A","#N/A",Medium,"#N/A",New,Subject_tfmuu,"#N/A","#N/A","#N/A","#N/A","#N/A"
62cbc321-4d83-4769-b7fd-8a3f2685f3ce,"#N/A","#N/A",false,Web,"#N/A","#N/A",Medium,"#N/A",New,Subject_kofrz,"#N/A","#N/A","#N/A","#N/A","#N/A"
62ce115c-9e7b-4fc4-8176-f123548220f2,"#N/A","#N/A",false,Web,"#N/A","#N/A",Medium,"#N/A",New,Subject_ifozv,"#N/A","#N/A","#N/A","#N/A","#N/A"
62cf171c-b01e-41e8-88cc-b263e29c2b11,"#N/A","#N/A",false,Web,"#N/A","#N/A",Medium,"#N/A",New,Subject_hdeep,"#N/A","#N/A","#N/A","#N/A","#N/A"
62d14aa3-eba0-4c35-80e1-c75fd0ff49d2,"#N/A","#N/A",false,Web,"#N/A","#N/A",Medium,"#N/A",New,Subject_xbgrr,"#N/A","#N/A","#N/A","#N/A","#N/A"
62d3bd49-2c0b-49bc-8764-0e17fa30245e,"#N/A","#N/A",false,Web,"#N/A","#N/A",Medium,"#N/A",New,Subject_jjjtd,"#N/A","#N/A","#N/A","#N/A","#N/A"
62d74827-6426-4bdc-8ab2-bde207ea070d,"#N/A","#N/A",false,Web,"#N/A","#N/A",Medium,"#N/A",New,Subject_qzanp,"#N/A","#N/A","#N/A","#N/A","#N/A"
62daa1a1-2c23-47d8-8ff2-e7d07af7fb63,"#N/A","#N/A",false,Web,"#N/A","#N/A",Medium,"#N/A",New,Subject_wwesx,"#N/A","#N/A","#N/A","#N/A","#N/A"
62dd43e1-d072-4c56-8a9d-8b73c670e74e,"#N/A","#N/A",false,Web,"#N/A","#N/A",Medium,"#N/A",New,Subject_etrtl,"#N/A","#N/A","#N/A","#N/A","#N/A"
62de5dab-8e5c-4326-b81a-737b5540bcc0,"#N/A","#N/A",false,Web,"#N/A","#N/A",Medium,"#N/A",New,Subject_fpzjq,"#N/A","#N/A","#N/A","#N/A","#N/A"
62debaf2-de76-47a2-8edd-40dd92ee4fbb,"#N/A","#N/A",false,Web,"#N/A","#N/A",Medium,"#N/A",New,Subject_etpxf,"#N/A","#N/A","#N/A","#N/A","#N/A"
62e0384f-5498-4210-aa42-15b015c60986,"#N/A","#N/A",false,Web,"#N/A","#N/A",Medium,"#N/A",New,Subject_ndovf,"#N/A","#N/A","#N/A","#N/A","#N/A"
62e31357-e80d-460c-9760-66d115b8b7f1,"#N/A","#N/A",false,Web,"#N/A","#N/A",Medium,"#N/A",New,Subject_ydwxi,"#N/A","#N/A","#N/A","#N/A","#N/A"
62e322e9-b9f6-4d61-adae-f4e7bc6d7ec5,"#N/A","#N/A",false,Web,"#N/A","#N/A",Medium,"#N/A",New,Subject_futwe,"#N/A","#N/A","#N/A","#N/A","#N/A"
62e928bf-76f0-4a49-a387-c25c66062992,"#N/A","#N/A",false,Web,"#N/A","#N/A",Medium,"#N/A",New,Subject_khqoo,"#N/A","#N/A","#N/A","#N/A","#N/A"
62ea3200-8532-436d-8a24-d80be50fc443,"#N/A","#N/A",false,Web,"#N/A","#N/A",Medium,"#N/A",New,Subject_xxmtj,"#N/A","#N/A","#N/A","#N/A","#N/A"
62ea3de0-5889-49ec-92e2-1269687d92df,"#N/A","#N/A",false,Web,"#N/A","#N/A",Medium,"#N/A",New,Subject_rjypj,"#N/A","#N/A","#N/A","#N/A","#N/A"
62eb1c55-5570-4eed-97d9-ca455359637d,"#N/A","#N/A",false,Web,"#N/A","#N/A",Medium,"#N/A",New,Subject_shqth,"#N/A","#N/A","#N/A","#N/A","#N/A"
62ee360a-503f-45cd-b9b1-4cf01b65b011,"#N/A","#N/A",false,Web,"#N/A","#N/A",Medium,"#N/A",New,Subject_qcevk,"#N/A","#N/A","#N/A","#N/A","#N/A"
62f1968e-1c52-40be-9b3c-5825e2ca4d8f,"#N/A","#N/A",false,Web,"#N/A","#N/A",Medium,"#N/A",New,Subject_cmhwb,"#N/A","#N/A","#N/A","#N/A","#N/A"
62f73cb8-f81a-4222-a310-293ad6fc1407,"#N/A","#N/A",false,Web,"#N/A","#N/A",Medium,"#N/A",New,Subject_szrtg,"#N/A","#N/A","#N/A","#N/A","#N/A"
62f7c31a-411f-46ec-85c0-513c0c9c3933,"#N/A","#N/A",false,Web,"#N/A","#N/A",Medium,"#N/A",New,Subject_putqx,"#N/A","#N/A","#N/A","#N/A","#N/A"
62f93823-5993-4b03-a10c-853f98a86b5b,"#N/A","#N/A",false,Web,"#N/A","#N/A",Medium,"#N/A",New,Subject_rdooc,"#N/A","#N/A","#N/A","#N/A","#N/A"
62fb3047-28ea-4ed2-b082-1f412c1b36ed,"#N/A","#N/A",false,Web,"#N/A","#N/A",Medium,"#N/A",New,Subject_gtlxi,"#N/A","#N/A","#N/A","#N/A","#N/A"
62fca025-1fe4-4aef-a9a9-3e5077845e41,"#N/A","#N/A",false,Web,"#N/A","#N/A",Medium,"#N/A",New,Subject_eeacy,"#N/A","#N/A","#N/A","#N/A","#N/A"
6300dd35-4b9e-4e1c-a1e7-9151fd667572,"#N/A","#N/A",false,Web,"#N/A","#N/A",Medium,"#N/A",New,Subject_yyqfb,"#N/A","#N/A","#N/A","#N/A","#N/A"
6301edee-0a46-444c-b181-4a5c8c3a768c,"#N/A","#N/A",false,Web,"#N/A","#N/A",Medium,"#N/A",New,Subject_rsxjk,"#N/A","#N/A","#N/A","#N/A","#N/A"
6305f4c0-cbc5-4479-a00b-0543e4be4d5d,"#N/A","#N/A",false,Web,"#N/A","#N/A",Medium,"#N/A",New,Subject_rpauo,"#N/A","#N/A","#N/A","#N/A","#N/A"
630d6a0a-e1b5-4b70-8e84-254d0ad0f9ed,"#N/A","#N/A",false,Web,"#N/A","#N/A",Medium,"#N/A",New,Subject_sdbso,"#N/A","#N/A","#N/A","#N/A","#N/A"
6310f9ca-33ec-4252-8ebe-492e8f7f56f1,"#N/A","#N/A",false,Web,"#N/A","#N/A",Medium,"#N/A",New,Subject_xpagc,"#N/A","#N/A","#N/A","#N/A","#N/A"
63111643-cc90-4cb9-9515-740b2d7b4b1f,"#N/A","#N/A",false,Web,"#N/A","#N/A",Medium,"#N/A",New,Subject_ndlpn,"#N/A","#N/A","#N/A","#N/A","#N/A"
631c507c-f73a-4c6c-8d62-575b0b6af83f,"#N/A","#N/A",false,Web,"#N/A","#N/A",Medium,"#N/A",New,Subject_vhqhw,"#N/A","#N/A","#N/A","#N/A","#N/A"
6321094c-9cb1-45b4-9436-09e908b99f33,"#N/A","#N/A",false,Web,"#N/A","#N/A",Medium,"#N/A",New,Subject_ktrtk,"#N/A","#N/A","#N/A","#N/A","#N/A"
63226f88-ded2-4669-ab76-e8449b000bb3,"#N/A","#N/A",false,Web,"#N/A","#N/A",Medium,"#N/A",New,Subject_kyokp,"#N/A","#N/A","#N/A","#N/A","#N/A"
63237f27-1823-4305-820a-3c27b6cf3104,"#N/A","#N/A",false,Web,"#N/A","#N/A",Medium,"#N/A",New,Subject_zlyyl,"#N/A","#N/A","#N/A","#N/A","#N/A"
632531ab-f7df-4a8a-89b7-80be568eeb60,"#N/A","#N/A",false,Web,"#N/A","#N/A",Medium,"#N/A",New,Subject_vaqct,"#N/A","#N/A","#N/A","#N/A","#N/A"
63254856-22fe-4f73-9fe9-c382a9fa56ee,"#N/A","#N/A",false,Web,"#N/A","#N/A",Medium,"#N/A",New,Subject_mjozo,"#N/A","#N/A","#N/A","#N/A","#N/A"
63299e3a-562f-49d2-9a96-b2ad1fc0ada9,"#N/A","#N/A",false,Web,"#N/A","#N/A",Medium,"#N/A",New,Subject_iqpab,"#N/A","#N/A","#N/A","#N/A","#N/A"
632bba35-b3ef-4ad5-9a94-afde6c9df3a8,"#N/A","#N/A",false,Web,"#N/A","#N/A",Medium,"#N/A",New,Subject_mgwnd,"#N/A","#N/A","#N/A","#N/A","#N/A"
632db4df-6d5a-4afc-9a45-7d0dd343e9c3,"#N/A","#N/A",false,Web,"#N/A","#N/A",Medium,"#N/A",New,Subject_huzni,"#N/A","#N/A","#N/A","#N/A","#N/A"
63312b2d-d299-4f8a-a03a-0a1072a512fd,"#N/A","#N/A",false,Web,"#N/A","#N/A",Medium,"#N/A",New,Subject_gaajk,"#N/A","#N/A","#N/A","#N/A","#N/A"
633af7fb-d550-4311-8bb3-6d532306f224,"#N/A","#N/A",false,Web,"#N/A","#N/A",Medium,"#N/A",New,Subject_kuclr,"#N/A","#N/A","#N/A","#N/A","#N/A"
633c74cd-8132-432c-8268-664284b61118,"#N/A","#N/A",false,Web,"#N/A","#N/A",Medium,"#N/A",New,Subject_qdwho,"#N/A","#N/A","#N/A","#N/A","#N/A"
6342847b-10e7-4c69-8388-e66c302efd57,"#N/A","#N/A",false,Web,"#N/A","#N/A",Medium,"#N/A",New,Subject_otrkd,"#N/A","#N/A","#N/A","#N/A","#N/A"
634aae52-ef2f-4e59-a96a-c45f4929e74b,"#N/A","#N/A",false,Web,"#N/A","#N/A",Medium,"#N/A",New,Subject_nuarn,"#N/A","#N/A","#N/A","#N/A","#N/A"
634d9b8e-e896-4568-a2ad-3b397540d256,"#N/A","#N/A",false,Web,"#N/A","#N/A",Medium,"#N/A",New,Subject_mmvcb,"#N/A","#N/A","#N/A","#N/A","#N/A"
634e435c-035e-42d5-9ea3-8e76acea8d4a,"#N/A","#N/A",false,Web,"#N/A","#N/A",Medium,"#N/A",New,Subject_dtrfy,"#N/A","#N/A","#N/A","#N/A","#N/A"
634ec5d7-97c8-4536-bc09-e7e09f7faf7a,"#N/A","#N/A",false,Web,"#N/A","#N/A",Medium,"#N/A",New,Subject_fsdso,"#N/A","#N/A","#N/A","#N/A","#N/A"
63508167-6c2e-40e9-b005-39f0cfbbe02d,"#N/A","#N/A",false,Web,"#N/A","#N/A",Medium,"#N/A",New,Subject_deboa,"#N/A","#N/A","#N/A","#N/A","#N/A"
6353de64-f304-4fbb-b966-aab8b06bc8a2,"#N/A","#N/A",false,Web,"#N/A","#N/A",Medium,"#N/A",New,Subject_yqttv,"#N/A","#N/A","#N/A","#N/A","#N/A"
63542d78-2b9c-4859-b77d-368d226229e6,"#N/A","#N/A",false,Web,"#N/A","#N/A",Medium,"#N/A",New,Subject_zajrx,"#N/A","#N/A","#N/A","#N/A","#N/A"
63550c97-670f-483d-a8a2-45ecfdb3076a,"#N/A","#N/A",false,Web,"#N/A","#N/A",Medium,"#N/A",New,Subject_bayaq,"#N/A","#N/A","#N/A","#N/A","#N/A"
635566d6-c894-4bb8-b5ab-0bedcc868953,"#N/A","#N/A",false,Web,"#N/A","#N/A",Medium,"#N/A",New,Subject_bvqpk,"#N/A","#N/A","#N/A","#N/A","#N/A"
6359c7cd-5532-45fb-9dc6-a9820a9e3788,"#N/A","#N/A",false,Web,"#N/A","#N/A",Medium,"#N/A",New,Subject_ykgge,"#N/A","#N/A","#N/A","#N/A","#N/A"
6359d57b-f5ab-4be6-a92a-23bc895c13d4,"#N/A","#N/A",false,Web,"#N/A","#N/A",Medium,"#N/A",New,Subject_bjrke,"#N/A","#N/A","#N/A","#N/A","#N/A"
635d3c45-f340-4e54-948f-0de766424313,"#N/A","#N/A",false,Web,"#N/A","#N/A",Medium,"#N/A",New,Subject_wckwu,"#N/A","#N/A","#N/A","#N/A","#N/A"
635dee9f-705f-4b48-ad73-8b128cbdac6b,"#N/A","#N/A",false,Web,"#N/A","#N/A",Medium,"#N/A",New,Subject_iioit,"#N/A","#N/A","#N/A","#N/A","#N/A"
635fec45-5c11-40c0-beb7-26b7c6076981,"#N/A","#N/A",false,Web,"#N/A","#N/A",Medium,"#N/A",New,Subject_aujlh,"#N/A","#N/A","#N/A","#N/A","#N/A"
63605d05-0979-4cdc-ab3d-03423c38cbb5,"#N/A","#N/A",false,Web,"#N/A","#N/A",Medium,"#N/A",New,Subject_zwkjo,"#N/A","#N/A","#N/A","#N/A","#N/A"
6362bdc2-4e83-4cba-85e7-8a41f6c2aa81,"#N/A","#N/A",false,Web,"#N/A","#N/A",Medium,"#N/A",New,Subject_ktpez,"#N/A","#N/A","#N/A","#N/A","#N/A"
63633e5e-9094-4c55-9cf0-d1ff2dad7bc3,"#N/A","#N/A",false,Web,"#N/A","#N/A",Medium,"#N/A",New,Subject_syvwn,"#N/A","#N/A","#N/A","#N/A","#N/A"
6366d31d-457f-4172-b060-14c831bed5e2,"#N/A","#N/A",false,Web,"#N/A","#N/A",Medium,"#N/A",New,Subject_zkqyp,"#N/A","#N/A","#N/A","#N/A","#N/A"
6366d437-f897-400c-b356-5e4144b5baf6,"#N/A","#N/A",false,Web,"#N/A","#N/A",Medium,"#N/A",New,Subject_dbfwx,"#N/A","#N/A","#N/A","#N/A","#N/A"
636cd796-fdc6-4384-b1d5-9423887c27ce,"#N/A","#N/A",false,Web,"#N/A","#N/A",Medium,"#N/A",New,Subject_amsjy,"#N/A","#N/A","#N/A","#N/A","#N/A"
637251f4-3c15-47ac-8f94-65cbd8254029,"#N/A","#N/A",false,Web,"#N/A","#N/A",Medium,"#N/A",New,Subject_nlenk,"#N/A","#N/A","#N/A","#N/A","#N/A"
6379fc66-d492-461b-8912-2b5e08777557,"#N/A","#N/A",false,Web,"#N/A","#N/A",Medium,"#N/A",New,Subject_ckqai,"#N/A","#N/A","#N/A","#N/A","#N/A"
637a6253-492b-4328-8f17-592798296c3e,"#N/A","#N/A",false,Web,"#N/A","#N/A",Medium,"#N/A",New,Subject_dgdor,"#N/A","#N/A","#N/A","#N/A","#N/A"
637ae6f4-4cdc-4a20-a30b-c2640e86a113,"#N/A","#N/A",false,Web,"#N/A","#N/A",Medium,"#N/A",New,Subject_sakvx,"#N/A","#N/A","#N/A","#N/A","#N/A"
637afd84-41aa-4fb6-bed8-2d38e9925530,"#N/A","#N/A",false,Web,"#N/A","#N/A",Medium,"#N/A",New,Subject_flcnd,"#N/A","#N/A","#N/A","#N/A","#N/A"
637d4bc7-2b8c-46a5-90bf-64d56a557a36,"#N/A","#N/A",false,Web,"#N/A","#N/A",Medium,"#N/A",New,Subject_igfhf,"#N/A","#N/A","#N/A","#N/A","#N/A"
637df079-c5cb-49d9-8160-e4a083d0e47a,"#N/A","#N/A",false,Web,"#N/A","#N/A",Medium,"#N/A",New,Subject_bakma,"#N/A","#N/A","#N/A","#N/A","#N/A"
6383a4c7-f7c4-400c-a7c7-4bc480987f75,"#N/A","#N/A",false,Web,"#N/A","#N/A",Medium,"#N/A",New,Subject_afsee,"#N/A","#N/A","#N/A","#N/A","#N/A"
63852f8f-12ed-4b6d-88bc-685f7d851429,"#N/A","#N/A",false,Web,"#N/A","#N/A",Medium,"#N/A",New,Subject_gmmap,"#N/A","#N/A","#N/A","#N/A","#N/A"
63885147-359f-44e3-bfbf-0cb37e124e43,"#N/A","#N/A",false,Web,"#N/A","#N/A",Medium,"#N/A",New,Subject_wqatc,"#N/A","#N/A","#N/A","#N/A","#N/A"
638b0dbc-b244-41c2-b1f5-670c16b75cc9,"#N/A","#N/A",false,Web,"#N/A","#N/A",Medium,"#N/A",New,Subject_dkceu,"#N/A","#N/A","#N/A","#N/A","#N/A"
638c9a7b-15c7-4c0a-ab8c-f6b8aaf23db3,"#N/A","#N/A",false,Web,"#N/A","#N/A",Medium,"#N/A",New,Subject_yudau,"#N/A","#N/A","#N/A","#N/A","#N/A"
638ef69c-dfb7-49e4-a05b-1b0f8362a08e,"#N/A","#N/A",false,Web,"#N/A","#N/A",Medium,"#N/A",New,Subject_wujwf,"#N/A","#N/A","#N/A","#N/A","#N/A"
638f5a23-343c-4036-aa69-e1ce6144b6a9,"#N/A","#N/A",false,Web,"#N/A","#N/A",Medium,"#N/A",New,Subject_mmjps,"#N/A","#N/A","#N/A","#N/A","#N/A"
63903958-814d-411a-85f6-35d8539cfe35,"#N/A","#N/A",false,Web,"#N/A","#N/A",Medium,"#N/A",New,Subject_lvpjb,"#N/A","#N/A","#N/A","#N/A","#N/A"
639271c3-c2ea-4561-90ac-7a049bee683b,"#N/A","#N/A",false,Web,"#N/A","#N/A",Medium,"#N/A",New,Subject_znkzr,"#N/A","#N/A","#N/A","#N/A","#N/A"
6396fee1-0f9d-4b71-9abf-b6052a9cc1c5,"#N/A","#N/A",false,Web,"#N/A","#N/A",Medium,"#N/A",New,Subject_vjgmi,"#N/A","#N/A","#N/A","#N/A","#N/A"
6397b132-a0e8-43bc-b192-f988c4498384,"#N/A","#N/A",false,Web,"#N/A","#N/A",Medium,"#N/A",New,Subject_ipkcj,"#N/A","#N/A","#N/A","#N/A","#N/A"
639851bd-0203-4956-b3de-cb95c2e0fb2d,"#N/A","#N/A",false,Web,"#N/A","#N/A",Medium,"#N/A",New,Subject_rxfsx,"#N/A","#N/A","#N/A","#N/A","#N/A"
639a7c85-28d8-4dbf-856c-abbf875b9e8a,"#N/A","#N/A",false,Web,"#N/A","#N/A",Medium,"#N/A",New,Subject_sbahh,"#N/A","#N/A","#N/A","#N/A","#N/A"
639ab4ac-c94c-46aa-8c56-834315395b84,"#N/A","#N/A",false,Web,"#N/A","#N/A",Medium,"#N/A",New,Subject_gkive,"#N/A","#N/A","#N/A","#N/A","#N/A"
639b0941-9ee6-45f4-a4a4-7d3ac115cb5d,"#N/A","#N/A",false,Web,"#N/A","#N/A",Medium,"#N/A",New,Subject_drwpd,"#N/A","#N/A","#N/A","#N/A","#N/A"
639b0e13-a676-4d2c-911c-c3f88c73bf5c,"#N/A","#N/A",false,Web,"#N/A","#N/A",Medium,"#N/A",New,Subject_rjycc,"#N/A","#N/A","#N/A","#N/A","#N/A"
63ac6033-4769-4b75-b6c4-0566f80fa971,"#N/A","#N/A",false,Web,"#N/A","#N/A",Medium,"#N/A",New,Subject_ibwan,"#N/A","#N/A","#N/A","#N/A","#N/A"
63acb797-0291-472f-8fe8-1d6261863071,"#N/A","#N/A",false,Web,"#N/A","#N/A",Medium,"#N/A",New,Subject_dglqy,"#N/A","#N/A","#N/A","#N/A","#N/A"
63ad7b52-4cb7-40c3-8e42-d5a28ab4f0be,"#N/A","#N/A",false,Web,"#N/A","#N/A",Medium,"#N/A",New,Subject_vgijq,"#N/A","#N/A","#N/A","#N/A","#N/A"
63aece9a-79d8-428f-9cc0-e8551fe8f24c,"#N/A","#N/A",false,Web,"#N/A","#N/A",Medium,"#N/A",New,Subject_heraw,"#N/A","#N/A","#N/A","#N/A","#N/A"
63af8a32-ada9-4a38-83b6-852b889cdef5,"#N/A","#N/A",false,Web,"#N/A","#N/A",Medium,"#N/A",New,Subject_igkrw,"#N/A","#N/A","#N/A","#N/A","#N/A"
63b038fd-4995-4da6-a0b9-7dcae525833d,"#N/A","#N/A",false,Web,"#N/A","#N/A",Medium,"#N/A",New,Subject_ypjvv,"#N/A","#N/A","#N/A","#N/A","#N/A"
63b71551-174c-4958-bf29-5e878d949c51,"#N/A","#N/A",false,Web,"#N/A","#N/A",Medium,"#N/A",New,Subject_zwbda,"#N/A","#N/A","#N/A","#N/A","#N/A"
63b7ed31-d247-4eab-88db-8b6106167e6d,"#N/A","#N/A",false,Web,"#N/A","#N/A",Medium,"#N/A",New,Subject_uqwdm,"#N/A","#N/A","#N/A","#N/A","#N/A"
63bbc5bc-334d-4716-a198-7d296ed36a15,"#N/A","#N/A",false,Web,"#N/A","#N/A",Medium,"#N/A",New,Subject_qsvrr,"#N/A","#N/A","#N/A","#N/A","#N/A"
63bc98ec-268b-48e8-bdbc-1652e82154dc,"#N/A","#N/A",false,Web,"#N/A","#N/A",Medium,"#N/A",New,Subject_corda,"#N/A","#N/A","#N/A","#N/A","#N/A"
63bd7e79-0b5f-4273-8b34-129163d4594e,"#N/A","#N/A",false,Web,"#N/A","#N/A",Medium,"#N/A",New,Subject_usvkw,"#N/A","#N/A","#N/A","#N/A","#N/A"
63bf37a7-a35b-431f-a6c3-55a7c95eb911,"#N/A","#N/A",false,Web,"#N/A","#N/A",Medium,"#N/A",New,Subject_mrzuf,"#N/A","#N/A","#N/A","#N/A","#N/A"
63c4e0cb-0e0c-4bc9-88d7-be12ec3dcd6c,"#N/A","#N/A",false,Web,"#N/A","#N/A",Medium,"#N/A",New,Subject_owzsy,"#N/A","#N/A","#N/A","#N/A","#N/A"
63c567b3-048d-4e03-aabe-eb2e83a33ec4,"#N/A","#N/A",false,Web,"#N/A","#N/A",Medium,"#N/A",New,Subject_pkmyx,"#N/A","#N/A","#N/A","#N/A","#N/A"
63ccdcfd-e6c6-4e80-ac99-31ef1b35583c,"#N/A","#N/A",false,Web,"#N/A","#N/A",Medium,"#N/A",New,Subject_tdeth,"#N/A","#N/A","#N/A","#N/A","#N/A"
63ceb78f-5b6b-40d8-aab0-c68e24787035,"#N/A","#N/A",false,Web,"#N/A","#N/A",Medium,"#N/A",New,Subject_mwpkc,"#N/A","#N/A","#N/A","#N/A","#N/A"
63d409a0-36e4-4e3f-b582-27d21c1d9670,"#N/A","#N/A",false,Web,"#N/A","#N/A",Medium,"#N/A",New,Subject_mybfv,"#N/A","#N/A","#N/A","#N/A","#N/A"
63d64ac1-c8c9-4542-9c5f-2fb3e81a2456,"#N/A","#N/A",false,Web,"#N/A","#N/A",Medium,"#N/A",New,Subject_lgpyv,"#N/A","#N/A","#N/A","#N/A","#N/A"
63d72adb-2dfb-4ed8-8ba7-d742aeb44c32,"#N/A","#N/A",false,Web,"#N/A","#N/A",Medium,"#N/A",New,Subject_pdtfx,"#N/A","#N/A","#N/A","#N/A","#N/A"
63d90c79-236d-4569-849f-f71c5d288139,"#N/A","#N/A",false,Web,"#N/A","#N/A",Medium,"#N/A",New,Subject_swwqc,"#N/A","#N/A","#N/A","#N/A","#N/A"
63deb1b2-2e42-4baa-a840-c54eccd5e8fd,"#N/A","#N/A",false,Web,"#N/A","#N/A",Medium,"#N/A",New,Subject_wjwbi,"#N/A","#N/A","#N/A","#N/A","#N/A"
63e42c7a-c60a-4823-9d77-dba4c906b485,"#N/A","#N/A",false,Web,"#N/A","#N/A",Medium,"#N/A",New,Subject_fdkih,"#N/A","#N/A","#N/A","#N/A","#N/A"
63e5fb65-f8fb-49e2-89b4-cbee0bf993fe,"#N/A","#N/A",false,Web,"#N/A","#N/A",Medium,"#N/A",New,Subject_rcjwa,"#N/A","#N/A","#N/A","#N/A","#N/A"
63e8cb01-9730-4e8b-a432-767dec403614,"#N/A","#N/A",false,Web,"#N/A","#N/A",Medium,"#N/A",New,Subject_mqsgp,"#N/A","#N/A","#N/A","#N/A","#N/A"
63f07b76-7eeb-49df-8a48-744b987830b2,"#N/A","#N/A",false,Web,"#N/A","#N/A",Medium,"#N/A",New,Subject_zowau,"#N/A","#N/A","#N/A","#N/A","#N/A"
63f32349-4cba-4407-af6d-3a43879a6afe,"#N/A","#N/A",false,Web,"#N/A","#N/A",Medium,"#N/A",New,Subject_vreud,"#N/A","#N/A","#N/A","#N/A","#N/A"
63f442d0-cb5b-4c07-af0d-46df7592b96c,"#N/A","#N/A",false,Web,"#N/A","#N/A",Medium,"#N/A",New,Subject_wnors,"#N/A","#N/A","#N/A","#N/A","#N/A"
63f55290-4ac5-4550-96c2-a0bb9b8aa67d,"#N/A","#N/A",false,Web,"#N/A","#N/A",Medium,"#N/A",New,Subject_fepku,"#N/A","#N/A","#N/A","#N/A","#N/A"
63f66860-dfd0-4187-b10e-2ff2d1457bee,"#N/A","#N/A",false,Web,"#N/A","#N/A",Medium,"#N/A",New,Subject_qjamw,"#N/A","#N/A","#N/A","#N/A","#N/A"
63f8903b-7c2a-46bb-be61-10c91a6b5ef4,"#N/A","#N/A",false,Web,"#N/A","#N/A",Medium,"#N/A",New,Subject_zvxcs,"#N/A","#N/A","#N/A","#N/A","#N/A"
63f9a5d3-379c-4e69-b315-83c7c6a06770,"#N/A","#N/A",false,Web,"#N/A","#N/A",Medium,"#N/A",New,Subject_iwslv,"#N/A","#N/A","#N/A","#N/A","#N/A"
63fe596d-0d50-4234-ac6a-ef0c92886960,"#N/A","#N/A",false,Web,"#N/A","#N/A",Medium,"#N/A",New,Subject_dzbzf,"#N/A","#N/A","#N/A","#N/A","#N/A"
63fe68b0-d66d-4524-a319-a68f2a6d46fc,"#N/A","#N/A",false,Web,"#N/A","#N/A",Medium,"#N/A",New,Subject_plahl,"#N/A","#N/A","#N/A","#N/A","#N/A"
6400a834-be8b-4a24-8a83-14e1e95e4e94,"#N/A","#N/A",false,Web,"#N/A","#N/A",Medium,"#N/A",New,Subject_lhskq,"#N/A","#N/A","#N/A","#N/A","#N/A"
6401dca6-50dc-424a-94a3-a5a721e270a4,"#N/A","#N/A",false,Web,"#N/A","#N/A",Medium,"#N/A",New,Subject_hehdp,"#N/A","#N/A","#N/A","#N/A","#N/A"
64082e0a-110b-49bf-9433-20cc0e39d629,"#N/A","#N/A",false,Web,"#N/A","#N/A",Medium,"#N/A",New,Subject_aisds,"#N/A","#N/A","#N/A","#N/A","#N/A"
640bec32-3a14-4998-addf-7b770d9ea375,"#N/A","#N/A",false,Web,"#N/A","#N/A",Medium,"#N/A",New,Subject_nfdkq,"#N/A","#N/A","#N/A","#N/A","#N/A"
640caa05-e971-41cc-890e-636060e7f517,"#N/A","#N/A",false,Web,"#N/A","#N/A",Medium,"#N/A",New,Subject_etutc,"#N/A","#N/A","#N/A","#N/A","#N/A"
640cd26f-227f-4a24-a6f5-8329092e3e02,"#N/A","#N/A",false,Web,"#N/A","#N/A",Medium,"#N/A",New,Subject_ilyus,"#N/A","#N/A","#N/A","#N/A","#N/A"
640d26ed-7ee2-4caa-be11-887158f9d7ad,"#N/A","#N/A",false,Web,"#N/A","#N/A",Medium,"#N/A",New,Subject_cepbm,"#N/A","#N/A","#N/A","#N/A","#N/A"
640fa530-0913-4f03-8c3d-9c76c38634a4,"#N/A","#N/A",false,Web,"#N/A","#N/A",Medium,"#N/A",New,Subject_bzots,"#N/A","#N/A","#N/A","#N/A","#N/A"
6412575b-82e9-48a3-98d7-d463921aa75e,"#N/A","#N/A",false,Web,"#N/A","#N/A",Medium,"#N/A",New,Subject_lcwtd,"#N/A","#N/A","#N/A","#N/A","#N/A"
6418062e-ee69-4de7-acd8-cd5a6f6d7870,"#N/A","#N/A",false,Web,"#N/A","#N/A",Medium,"#N/A",New,Subject_buars,"#N/A","#N/A","#N/A","#N/A","#N/A"
6418b49a-5b0c-484c-a27b-e7dcb56e261e,"#N/A","#N/A",false,Web,"#N/A","#N/A",Medium,"#N/A",New,Subject_dsluh,"#N/A","#N/A","#N/A","#N/A","#N/A"
641b43d8-c824-4bf6-9e62-4f0ffa1a6c3b,"#N/A","#N/A",false,Web,"#N/A","#N/A",Medium,"#N/A",New,Subject_btktn,"#N/A","#N/A","#N/A","#N/A","#N/A"
641e1c54-3d05-4aaa-b8be-12af56f5c908,"#N/A","#N/A",false,Web,"#N/A","#N/A",Medium,"#N/A",New,Subject_khqoo,"#N/A","#N/A","#N/A","#N/A","#N/A"
641e5609-a040-4723-ba54-99cf067cd2c6,"#N/A","#N/A",false,Web,"#N/A","#N/A",Medium,"#N/A",New,Subject_qutsn,"#N/A","#N/A","#N/A","#N/A","#N/A"
64211125-cd44-4694-ace8-e785c56a792c,"#N/A","#N/A",false,Web,"#N/A","#N/A",Medium,"#N/A",New,Subject_xgigb,"#N/A","#N/A","#N/A","#N/A","#N/A"
6421cd3b-e357-461e-9199-1384df1f5d9f,"#N/A","#N/A",false,Web,"#N/A","#N/A",Medium,"#N/A",New,Subject_uawvz,"#N/A","#N/A","#N/A","#N/A","#N/A"
6423e27c-3de9-42d9-8fd8-8ed27a9c6673,"#N/A","#N/A",false,Web,"#N/A","#N/A",Medium,"#N/A",New,Subject_jvzmt,"#N/A","#N/A","#N/A","#N/A","#N/A"
6426bc66-6714-4dab-b965-360b058de2f3,"#N/A","#N/A",false,Web,"#N/A","#N/A",Medium,"#N/A",New,Subject_kuyib,"#N/A","#N/A","#N/A","#N/A","#N/A"
64295da5-2a54-4e78-b448-8eacb18c04e0,"#N/A","#N/A",false,Web,"#N/A","#N/A",Medium,"#N/A",New,Subject_xcifm,"#N/A","#N/A","#N/A","#N/A","#N/A"
6431ee61-c91c-4ca1-b194-8911e2918055,"#N/A","#N/A",false,Web,"#N/A","#N/A",Medium,"#N/A",New,Subject_ecyka,"#N/A","#N/A","#N/A","#N/A","#N/A"
6432e89b-a705-436d-8733-67213c03d920,"#N/A","#N/A",false,Web,"#N/A","#N/A",Medium,"#N/A",New,Subject_syylh,"#N/A","#N/A","#N/A","#N/A","#N/A"
6436f3b9-427d-4323-9a37-5bb5313a8c4b,"#N/A","#N/A",false,Web,"#N/A","#N/A",Medium,"#N/A",New,Subject_ynapu,"#N/A","#N/A","#N/A","#N/A","#N/A"
643c73de-604c-415a-9a51-702678f83f17,"#N/A","#N/A",false,Web,"#N/A","#N/A",Medium,"#N/A",New,Subject_txrev,"#N/A","#N/A","#N/A","#N/A","#N/A"
643d7c4f-873e-40f4-b571-5d6efdf0c6f9,"#N/A","#N/A",false,Web,"#N/A","#N/A",Medium,"#N/A",New,Subject_wywnl,"#N/A","#N/A","#N/A","#N/A","#N/A"
643ddf17-3eda-4fd1-b3d3-faba4e9bb7ee,"#N/A","#N/A",false,Web,"#N/A","#N/A",Medium,"#N/A",New,Subject_tnguy,"#N/A","#N/A","#N/A","#N/A","#N/A"
644248d0-6817-4b05-bf77-8f61d2fd63bc,"#N/A","#N/A",false,Web,"#N/A","#N/A",Medium,"#N/A",New,Subject_znbat,"#N/A","#N/A","#N/A","#N/A","#N/A"
6444969d-59a1-488e-8079-56dd2e906444,"#N/A","#N/A",false,Web,"#N/A","#N/A",Medium,"#N/A",New,Subject_xrnni,"#N/A","#N/A","#N/A","#N/A","#N/A"
6447524e-b590-4b28-af81-694a966fde8f,"#N/A","#N/A",false,Web,"#N/A","#N/A",Medium,"#N/A",New,Subject_pihaw,"#N/A","#N/A","#N/A","#N/A","#N/A"
6447aab4-1b08-4fe9-99ab-47cbd998d0d8,"#N/A","#N/A",false,Web,"#N/A","#N/A",Medium,"#N/A",New,Subject_tfnpq,"#N/A","#N/A","#N/A","#N/A","#N/A"
6447c295-2d40-4589-b922-c6cff0971ee3,"#N/A","#N/A",false,Web,"#N/A","#N/A",Medium,"#N/A",New,Subject_cxdaj,"#N/A","#N/A","#N/A","#N/A","#N/A"
644e2d3a-0406-432d-a635-4959c39de6a4,"#N/A","#N/A",false,Web,"#N/A","#N/A",Medium,"#N/A",New,Subject_gmmap,"#N/A","#N/A","#N/A","#N/A","#N/A"
6453f4cb-3487-451e-b442-80a08574b9fa,"#N/A","#N/A",false,Web,"#N/A","#N/A",Medium,"#N/A",New,Subject_gymsn,"#N/A","#N/A","#N/A","#N/A","#N/A"
6457bba8-5d80-4fb4-9114-8eeae46b63c7,"#N/A","#N/A",false,Web,"#N/A","#N/A",Medium,"#N/A",New,Subject_ellks,"#N/A","#N/A","#N/A","#N/A","#N/A"
6459a5f2-2e38-4cff-911c-154777950152,"#N/A","#N/A",false,Web,"#N/A","#N/A",Medium,"#N/A",New,Subject_gdoyn,"#N/A","#N/A","#N/A","#N/A","#N/A"
645cae3b-806d-4ed4-b01a-d6e037cc06c5,"#N/A","#N/A",false,Web,"#N/A","#N/A",Medium,"#N/A",New,Subject_emubg,"#N/A","#N/A","#N/A","#N/A","#N/A"
645ce103-1c9a-419c-8548-851ecfafcb72,"#N/A","#N/A",false,Web,"#N/A","#N/A",Medium,"#N/A",New,Subject_btyfa,"#N/A","#N/A","#N/A","#N/A","#N/A"
645e1be9-5827-4b12-9075-978ae19c4c5f,"#N/A","#N/A",false,Web,"#N/A","#N/A",Medium,"#N/A",New,Subject_bgfln,"#N/A","#N/A","#N/A","#N/A","#N/A"
646022ca-448b-49fc-9ba4-940393864ae2,"#N/A","#N/A",false,Web,"#N/A","#N/A",Medium,"#N/A",New,Subject_aexhn,"#N/A","#N/A","#N/A","#N/A","#N/A"
646199cd-9c43-4281-8c95-3fd09700585f,"#N/A","#N/A",false,Web,"#N/A","#N/A",Medium,"#N/A",New,Subject_louwt,"#N/A","#N/A","#N/A","#N/A","#N/A"
6463d63a-1450-4713-ae89-13769c5c4b4a,"#N/A","#N/A",false,Web,"#N/A","#N/A",Medium,"#N/A",New,Subject_sfxoq,"#N/A","#N/A","#N/A","#N/A","#N/A"
64673286-85a2-406b-9105-b983b1ff1ee3,"#N/A","#N/A",false,Web,"#N/A","#N/A",Medium,"#N/A",New,Subject_kxywb,"#N/A","#N/A","#N/A","#N/A","#N/A"
646ae95b-283b-480c-85db-858a06fd21f1,"#N/A","#N/A",false,Web,"#N/A","#N/A",Medium,"#N/A",New,Subject_vmkcl,"#N/A","#N/A","#N/A","#N/A","#N/A"
646c708d-236b-457d-9a03-0d0128f98d9f,"#N/A","#N/A",false,Web,"#N/A","#N/A",Medium,"#N/A",New,Subject_ifemd,"#N/A","#N/A","#N/A","#N/A","#N/A"
646e0ff0-e05b-407f-b40c-1d5942176c7c,"#N/A","#N/A",false,Web,"#N/A","#N/A",Medium,"#N/A",New,Subject_aypeb,"#N/A","#N/A","#N/A","#N/A","#N/A"
6472a635-c5c7-427b-89d8-bc5e769856d4,"#N/A","#N/A",false,Web,"#N/A","#N/A",Medium,"#N/A",New,Subject_qpavm,"#N/A","#N/A","#N/A","#N/A","#N/A"
6474028c-2583-4208-bdd1-02e8c16d1b05,"#N/A","#N/A",false,Web,"#N/A","#N/A",Medium,"#N/A",New,Subject_uvydh,"#N/A","#N/A","#N/A","#N/A","#N/A"
6483206a-f248-4f13-9b00-0d0ceae86539,"#N/A","#N/A",false,Web,"#N/A","#N/A",Medium,"#N/A",New,Subject_dcmst,"#N/A","#N/A","#N/A","#N/A","#N/A"
64833874-5d04-4399-b738-d1d16bd85705,"#N/A","#N/A",false,Web,"#N/A","#N/A",Medium,"#N/A",New,Subject_ttfaf,"#N/A","#N/A","#N/A","#N/A","#N/A"
6484adb2-2a7f-4194-8adc-2952783a2b60,"#N/A","#N/A",false,Web,"#N/A","#N/A",Medium,"#N/A",New,Subject_lmbke,"#N/A","#N/A","#N/A","#N/A","#N/A"
648c0a3e-8e47-4e47-81fb-4c7be705374f,"#N/A","#N/A",false,Web,"#N/A","#N/A",Medium,"#N/A",New,Subject_doigz,"#N/A","#N/A","#N/A","#N/A","#N/A"
648fade3-a029-4684-b8ed-2e11807140d1,"#N/A","#N/A",false,Web,"#N/A","#N/A",Medium,"#N/A",New,Subject_faoii,"#N/A","#N/A","#N/A","#N/A","#N/A"
649ac607-a82d-4721-8aff-d465b6b7bb9e,"#N/A","#N/A",false,Web,"#N/A","#N/A",Medium,"#N/A",New,Subject_uujpb,"#N/A","#N/A","#N/A","#N/A","#N/A"
649c01b5-fd41-4ee6-90a4-a33fd21f3d2c,"#N/A","#N/A",false,Web,"#N/A","#N/A",Medium,"#N/A",New,Subject_elpup,"#N/A","#N/A","#N/A","#N/A","#N/A"
649c1cc2-5a61-4464-a7c8-8226d1a89e19,"#N/A","#N/A",false,Web,"#N/A","#N/A",Medium,"#N/A",New,Subject_jfxix,"#N/A","#N/A","#N/A","#N/A","#N/A"
649cfae6-77b4-4849-9110-e30ecbd02bdf,"#N/A","#N/A",false,Web,"#N/A","#N/A",Medium,"#N/A",New,Subject_fzczd,"#N/A","#N/A","#N/A","#N/A","#N/A"
64a091b3-9870-4cb3-8425-acbbee53bf5f,"#N/A","#N/A",false,Web,"#N/A","#N/A",Medium,"#N/A",New,Subject_kicwl,"#N/A","#N/A","#N/A","#N/A","#N/A"
64a46523-3bd4-49da-ace6-b7b41d77b287,"#N/A","#N/A",false,Web,"#N/A","#N/A",Medium,"#N/A",New,Subject_quzoi,"#N/A","#N/A","#N/A","#N/A","#N/A"
64a5ebb7-502c-49fa-981a-8b758e5be656,"#N/A","#N/A",false,Web,"#N/A","#N/A",Medium,"#N/A",New,Subject_wcudx,"#N/A","#N/A","#N/A","#N/A","#N/A"
64a6ca66-c6ca-402a-b34c-387b6e3d4cef,"#N/A","#N/A",false,Web,"#N/A","#N/A",Medium,"#N/A",New,Subject_ryxnr,"#N/A","#N/A","#N/A","#N/A","#N/A"
64a943c5-3d23-4043-8438-3028a12f4ed0,"#N/A","#N/A",false,Web,"#N/A","#N/A",Medium,"#N/A",New,Subject_fnnxi,"#N/A","#N/A","#N/A","#N/A","#N/A"
64aa9f6f-dbc7-4925-ac00-5c26246180af,"#N/A","#N/A",false,Web,"#N/A","#N/A",Medium,"#N/A",New,Subject_yfrug,"#N/A","#N/A","#N/A","#N/A","#N/A"
64aace0d-6733-4d38-a7eb-c42d783d7934,"#N/A","#N/A",false,Web,"#N/A","#N/A",Medium,"#N/A",New,Subject_zssug,"#N/A","#N/A","#N/A","#N/A","#N/A"
64ab684d-1c91-4777-9f5a-37fc5b7c132c,"#N/A","#N/A",false,Web,"#N/A","#N/A",Medium,"#N/A",New,Subject_lvqrd,"#N/A","#N/A","#N/A","#N/A","#N/A"
64aba470-2510-4450-acba-32ee2e4e7f23,"#N/A","#N/A",false,Web,"#N/A","#N/A",Medium,"#N/A",New,Subject_wwrns,"#N/A","#N/A","#N/A","#N/A","#N/A"
64ad76df-1001-4993-a183-a37f8bb3f1c0,"#N/A","#N/A",false,Web,"#N/A","#N/A",Medium,"#N/A",New,Subject_lmzms,"#N/A","#N/A","#N/A","#N/A","#N/A"
64b3da61-a031-4fef-97e6-953eb6b4f7f5,"#N/A","#N/A",false,Web,"#N/A","#N/A",Medium,"#N/A",New,Subject_wtisd,"#N/A","#N/A","#N/A","#N/A","#N/A"
64b3e581-722c-4b5b-9869-bf1952853266,"#N/A","#N/A",false,Web,"#N/A","#N/A",Medium,"#N/A",New,Subject_dqmlf,"#N/A","#N/A","#N/A","#N/A","#N/A"
64ba53f9-a8fe-43ee-95a8-c32e282f9822,"#N/A","#N/A",false,Web,"#N/A","#N/A",Medium,"#N/A",New,Subject_uxheg,"#N/A","#N/A","#N/A","#N/A","#N/A"
64c49c8c-ece8-4fd7-9d58-e842691f3c67,"#N/A","#N/A",false,Web,"#N/A","#N/A",Medium,"#N/A",New,Subject_dtsfy,"#N/A","#N/A","#N/A","#N/A","#N/A"
64c5f180-d5e7-4850-aed8-4e64619405b9,"#N/A","#N/A",false,Web,"#N/A","#N/A",Medium,"#N/A",New,Subject_cbcjn,"#N/A","#N/A","#N/A","#N/A","#N/A"
64c756c1-51f7-4af8-a1a7-4853c7a88c4c,"#N/A","#N/A",false,Web,"#N/A","#N/A",Medium,"#N/A",New,Subject_vttvt,"#N/A","#N/A","#N/A","#N/A","#N/A"
64c7b9f1-7d75-4cd0-86c6-8a433b0bbb0e,"#N/A","#N/A",false,Web,"#N/A","#N/A",Medium,"#N/A",New,Subject_ffale,"#N/A","#N/A","#N/A","#N/A","#N/A"
64c8188d-d84e-4527-ae92-7f35b27966aa,"#N/A","#N/A",false,Web,"#N/A","#N/A",Medium,"#N/A",New,Subject_keehp,"#N/A","#N/A","#N/A","#N/A","#N/A"
64c90fd8-3e7b-4621-bf9a-dfaa9add2ef6,"#N/A","#N/A",false,Web,"#N/A","#N/A",Medium,"#N/A",New,Subject_zkrlo,"#N/A","#N/A","#N/A","#N/A","#N/A"
64c9209c-8487-440d-ac61-511706536b29,"#N/A","#N/A",false,Web,"#N/A","#N/A",Medium,"#N/A",New,Subject_pwouq,"#N/A","#N/A","#N/A","#N/A","#N/A"
64cea813-7a2c-4461-8b98-8d16dec52d37,"#N/A","#N/A",false,Web,"#N/A","#N/A",Medium,"#N/A",New,Subject_ncmis,"#N/A","#N/A","#N/A","#N/A","#N/A"
64ceecd3-ebf9-498e-a8bb-3d0272dd9f50,"#N/A","#N/A",false,Web,"#N/A","#N/A",Medium,"#N/A",New,Subject_somuh,"#N/A","#N/A","#N/A","#N/A","#N/A"
64cfaff3-d791-4d55-9c1f-6b96fc06a3a0,"#N/A","#N/A",false,Web,"#N/A","#N/A",Medium,"#N/A",New,Subject_auofm,"#N/A","#N/A","#N/A","#N/A","#N/A"
64db7859-0d2f-40ba-a356-efc4d9ccf419,"#N/A","#N/A",false,Web,"#N/A","#N/A",Medium,"#N/A",New,Subject_gevlr,"#N/A","#N/A","#N/A","#N/A","#N/A"
64dec72e-8955-47e5-aed2-ef92a699b6ee,"#N/A","#N/A",false,Web,"#N/A","#N/A",Medium,"#N/A",New,Subject_bsrdw,"#N/A","#N/A","#N/A","#N/A","#N/A"
64e33515-f4a6-4b94-baa6-86dac29731e9,"#N/A","#N/A",false,Web,"#N/A","#N/A",Medium,"#N/A",New,Subject_czjhr,"#N/A","#N/A","#N/A","#N/A","#N/A"
64e40e21-14f2-4ee7-99d3-591e5ad92920,"#N/A","#N/A",false,Web,"#N/A","#N/A",Medium,"#N/A",New,Subject_wesqw,"#N/A","#N/A","#N/A","#N/A","#N/A"
64e58412-7074-46b7-a9e0-84b63a390c40,"#N/A","#N/A",false,Web,"#N/A","#N/A",Medium,"#N/A",New,Subject_rayyr,"#N/A","#N/A","#N/A","#N/A","#N/A"
64e6f8f5-0938-4eaa-ac1b-b5e038b43389,"#N/A","#N/A",false,Web,"#N/A","#N/A",Medium,"#N/A",New,Subject_gmqku,"#N/A","#N/A","#N/A","#N/A","#N/A"
64ebc8e9-16f6-4173-a015-05e46ee45f33,"#N/A","#N/A",false,Web,"#N/A","#N/A",Medium,"#N/A",New,Subject_xciol,"#N/A","#N/A","#N/A","#N/A","#N/A"
64ed8797-59fd-4c3d-bc74-9e93337eec04,"#N/A","#N/A",false,Web,"#N/A","#N/A",Medium,"#N/A",New,Subject_xhtum,"#N/A","#N/A","#N/A","#N/A","#N/A"
64eead40-7d95-46e6-8a10-2f974a8de8a8,"#N/A","#N/A",false,Web,"#N/A","#N/A",Medium,"#N/A",New,Subject_tkoop,"#N/A","#N/A","#N/A","#N/A","#N/A"
64f2ccbd-1510-4f4d-9891-fa8d915f7a9b,"#N/A","#N/A",false,Web,"#N/A","#N/A",Medium,"#N/A",New,Subject_ikhhy,"#N/A","#N/A","#N/A","#N/A","#N/A"
64f34bf0-9ba7-4569-982f-02776cf3c929,"#N/A","#N/A",false,Web,"#N/A","#N/A",Medium,"#N/A",New,Subject_goxbe,"#N/A","#N/A","#N/A","#N/A","#N/A"
64f4eb48-8491-4ffa-b6ae-53c984bbc0c4,"#N/A","#N/A",false,Web,"#N/A","#N/A",Medium,"#N/A",New,Subject_nhent,"#N/A","#N/A","#N/A","#N/A","#N/A"
64f56a1b-0d16-4f8d-b181-d23566f3ebbe,"#N/A","#N/A",false,Web,"#N/A","#N/A",Medium,"#N/A",New,Subject_sktsf,"#N/A","#N/A","#N/A","#N/A","#N/A"
64fb17f5-825f-49d1-94b6-af4bd6f01ac2,"#N/A","#N/A",false,Web,"#N/A","#N/A",Medium,"#N/A",New,Subject_cdlel,"#N/A","#N/A","#N/A","#N/A","#N/A"
64fb32a8-c791-4259-998e-c3771715e709,"#N/A","#N/A",false,Web,"#N/A","#N/A",Medium,"#N/A",New,Subject_btybi,"#N/A","#N/A","#N/A","#N/A","#N/A"
64fb4bf2-a2c1-4a3d-8aa0-e3f7d98edb11,"#N/A","#N/A",false,Web,"#N/A","#N/A",Medium,"#N/A",New,Subject_yingb,"#N/A","#N/A","#N/A","#N/A","#N/A"
64fcad61-8c68-404c-be9f-6953eb921dbc,"#N/A","#N/A",false,Web,"#N/A","#N/A",Medium,"#N/A",New,Subject_xgzor,"#N/A","#N/A","#N/A","#N/A","#N/A"
64fcc2f4-6c9c-48b2-9ff7-abcdc7ed45f7,"#N/A","#N/A",false,Web,"#N/A","#N/A",Medium,"#N/A",New,Subject_adnns,"#N/A","#N/A","#N/A","#N/A","#N/A"
650165db-0a6d-410c-bf70-b31b4b49544c,"#N/A","#N/A",false,Web,"#N/A","#N/A",Medium,"#N/A",New,Subject_ullbx,"#N/A","#N/A","#N/A","#N/A","#N/A"
65021575-57f0-4f59-a37e-8df1756063cb,"#N/A","#N/A",false,Web,"#N/A","#N/A",Medium,"#N/A",New,Subject_ozmlz,"#N/A","#N/A","#N/A","#N/A","#N/A"
650327fc-f75f-4033-9cf8-3fa197ff1d9f,"#N/A","#N/A",false,Web,"#N/A","#N/A",Medium,"#N/A",New,Subject_cxpbi,"#N/A","#N/A","#N/A","#N/A","#N/A"
65035255-a887-4259-b4ad-4f1fadf5a1b8,"#N/A","#N/A",false,Web,"#N/A","#N/A",Medium,"#N/A",New,Subject_rszcp,"#N/A","#N/A","#N/A","#N/A","#N/A"
65040bd4-4f9d-4008-869f-56e80109a2f0,"#N/A","#N/A",false,Web,"#N/A","#N/A",Medium,"#N/A",New,Subject_ozjwb,"#N/A","#N/A","#N/A","#N/A","#N/A"
6505556b-9445-4fd7-ac02-ec022bf71d22,"#N/A","#N/A",false,Web,"#N/A","#N/A",Medium,"#N/A",New,Subject_cehmd,"#N/A","#N/A","#N/A","#N/A","#N/A"
65083e35-393d-42af-86e0-18b55393c0cc,"#N/A","#N/A",false,Web,"#N/A","#N/A",Medium,"#N/A",New,Subject_uxodf,"#N/A","#N/A","#N/A","#N/A","#N/A"
650f60b7-67a9-40a4-8f22-c63fafd161c2,"#N/A","#N/A",false,Web,"#N/A","#N/A",Medium,"#N/A",New,Subject_ufuxu,"#N/A","#N/A","#N/A","#N/A","#N/A"
6513d1e3-8df1-4672-922f-21848428b75f,"#N/A","#N/A",false,Web,"#N/A","#N/A",Medium,"#N/A",New,Subject_udumd,"#N/A","#N/A","#N/A","#N/A","#N/A"
65142741-bf2c-423d-8ddc-206c74b2040a,"#N/A","#N/A",false,Web,"#N/A","#N/A",Medium,"#N/A",New,Subject_djscs,"#N/A","#N/A","#N/A","#N/A","#N/A"
6517cbf6-e636-4ba3-93b3-3bc93bb4f46d,"#N/A","#N/A",false,Web,"#N/A","#N/A",Medium,"#N/A",New,Subject_opffs,"#N/A","#N/A","#N/A","#N/A","#N/A"
6518ba58-1fd5-4142-8187-d3ddeebb5f50,"#N/A","#N/A",false,Web,"#N/A","#N/A",Medium,"#N/A",New,Subject_ngiam,"#N/A","#N/A","#N/A","#N/A","#N/A"
65197562-678b-480e-9748-181167e37e38,"#N/A","#N/A",false,Web,"#N/A","#N/A",Medium,"#N/A",New,Subject_cgpcb,"#N/A","#N/A","#N/A","#N/A","#N/A"
651ec65b-42ed-40d5-990d-33918ebf6982,"#N/A","#N/A",false,Web,"#N/A","#N/A",Medium,"#N/A",New,Subject_djhrm,"#N/A","#N/A","#N/A","#N/A","#N/A"
6522cb85-6b58-4219-b0e7-995169165c7f,"#N/A","#N/A",false,Web,"#N/A","#N/A",Medium,"#N/A",New,Subject_ylzts,"#N/A","#N/A","#N/A","#N/A","#N/A"
65279c2f-7b82-4f92-822e-ec9abae2ad66,"#N/A","#N/A",false,Web,"#N/A","#N/A",Medium,"#N/A",New,Subject_eqjsk,"#N/A","#N/A","#N/A","#N/A","#N/A"
65295915-5aac-4f28-9450-cd8c951d71b8,"#N/A","#N/A",false,Web,"#N/A","#N/A",Medium,"#N/A",New,Subject_muuya,"#N/A","#N/A","#N/A","#N/A","#N/A"
652a90a1-884b-41c6-9ae6-800c50c71c73,"#N/A","#N/A",false,Web,"#N/A","#N/A",Medium,"#N/A",New,Subject_ebfvd,"#N/A","#N/A","#N/A","#N/A","#N/A"
652b7368-c9fc-45db-b9db-aabf5242dbfd,"#N/A","#N/A",false,Web,"#N/A","#N/A",Medium,"#N/A",New,Subject_jcrpf,"#N/A","#N/A","#N/A","#N/A","#N/A"
652ca3ef-331c-42d5-a03c-dba9a3b4bbb6,"#N/A","#N/A",false,Web,"#N/A","#N/A",Medium,"#N/A",New,Subject_srsdz,"#N/A","#N/A","#N/A","#N/A","#N/A"
652d9d6f-9c29-454d-825c-760af4425948,"#N/A","#N/A",false,Web,"#N/A","#N/A",Medium,"#N/A",New,Subject_wfbuf,"#N/A","#N/A","#N/A","#N/A","#N/A"
653282a4-df0d-43ed-9e99-ac81865a3c62,"#N/A","#N/A",false,Web,"#N/A","#N/A",Medium,"#N/A",New,Subject_cpegq,"#N/A","#N/A","#N/A","#N/A","#N/A"
653d3115-4113-470c-9034-ac510a74be93,"#N/A","#N/A",false,Web,"#N/A","#N/A",Medium,"#N/A",New,Subject_hrpqc,"#N/A","#N/A","#N/A","#N/A","#N/A"
653d73fa-cdc9-43b6-9467-811969114ea2,"#N/A","#N/A",false,Web,"#N/A","#N/A",Medium,"#N/A",New,Subject_ajzyo,"#N/A","#N/A","#N/A","#N/A","#N/A"
65410105-ea77-4d6d-9102-754f2e135230,"#N/A","#N/A",false,Web,"#N/A","#N/A",Medium,"#N/A",New,Subject_ginsh,"#N/A","#N/A","#N/A","#N/A","#N/A"
65410c8a-4c7c-4254-a794-34ddcad73b33,"#N/A","#N/A",false,Web,"#N/A","#N/A",Medium,"#N/A",New,Subject_hzdox,"#N/A","#N/A","#N/A","#N/A","#N/A"
65418ba5-b1fb-444c-801c-dc950500fcee,"#N/A","#N/A",false,Web,"#N/A","#N/A",Medium,"#N/A",New,Subject_jwrbo,"#N/A","#N/A","#N/A","#N/A","#N/A"
6544c0ed-bfdf-4881-8752-43b1a0e8bccc,"#N/A","#N/A",false,Web,"#N/A","#N/A",Medium,"#N/A",New,Subject_sxjmx,"#N/A","#N/A","#N/A","#N/A","#N/A"
65472892-e81f-43b8-948c-1c6f17fa97d9,"#N/A","#N/A",false,Web,"#N/A","#N/A",Medium,"#N/A",New,Subject_gocok,"#N/A","#N/A","#N/A","#N/A","#N/A"
65487c90-cd62-4ec4-97db-a1254ead44d2,"#N/A","#N/A",false,Web,"#N/A","#N/A",Medium,"#N/A",New,Subject_glmpn,"#N/A","#N/A","#N/A","#N/A","#N/A"
6548f800-3b1b-4c1a-96dd-85ea5668ad35,"#N/A","#N/A",false,Web,"#N/A","#N/A",Medium,"#N/A",New,Subject_gzatz,"#N/A","#N/A","#N/A","#N/A","#N/A"
654ec43d-0e7e-4417-91e6-716ff9a5916f,"#N/A","#N/A",false,Web,"#N/A","#N/A",Medium,"#N/A",New,Subject_jxxfb,"#N/A","#N/A","#N/A","#N/A","#N/A"
65524d65-4610-426c-bd51-4fa1a642d529,"#N/A","#N/A",false,Web,"#N/A","#N/A",Medium,"#N/A",New,Subject_natog,"#N/A","#N/A","#N/A","#N/A","#N/A"
6557e6a4-f1cd-4190-ad45-0bf9870c9e81,"#N/A","#N/A",false,Web,"#N/A","#N/A",Medium,"#N/A",New,Subject_eelof,"#N/A","#N/A","#N/A","#N/A","#N/A"
655a5e37-b19c-4248-a4d6-4af8a6979ee8,"#N/A","#N/A",false,Web,"#N/A","#N/A",Medium,"#N/A",New,Subject_qbjyl,"#N/A","#N/A","#N/A","#N/A","#N/A"
6560c7c2-9c5e-455a-9468-fec0dd91fd51,"#N/A","#N/A",false,Web,"#N/A","#N/A",Medium,"#N/A",New,Subject_mkikl,"#N/A","#N/A","#N/A","#N/A","#N/A"
65623205-bf1e-460e-8542-fe8a4a0fde32,"#N/A","#N/A",false,Web,"#N/A","#N/A",Medium,"#N/A",New,Subject_umzee,"#N/A","#N/A","#N/A","#N/A","#N/A"
6564c4c9-9e79-42df-9726-e46b27425d9e,"#N/A","#N/A",false,Web,"#N/A","#N/A",Medium,"#N/A",New,Subject_wcrhr,"#N/A","#N/A","#N/A","#N/A","#N/A"
6566e7a8-6ac6-4d99-be87-859c7ba60379,"#N/A","#N/A",false,Web,"#N/A","#N/A",Medium,"#N/A",New,Subject_fdxhv,"#N/A","#N/A","#N/A","#N/A","#N/A"
656bef9a-b8d7-46b5-8540-28075ae94a02,"#N/A","#N/A",false,Web,"#N/A","#N/A",Medium,"#N/A",New,Subject_ovvgc,"#N/A","#N/A","#N/A","#N/A","#N/A"
656c67fa-70fc-4f3a-9042-4cc0d385398e,"#N/A","#N/A",false,Web,"#N/A","#N/A",Medium,"#N/A",New,Subject_dxytr,"#N/A","#N/A","#N/A","#N/A","#N/A"
656cca42-c425-456d-bec4-75c5116e5a13,"#N/A","#N/A",false,Web,"#N/A","#N/A",Medium,"#N/A",New,Subject_gmwxu,"#N/A","#N/A","#N/A","#N/A","#N/A"
656f78b6-0789-417d-bf04-7006a897a6d4,"#N/A","#N/A",false,Web,"#N/A","#N/A",Medium,"#N/A",New,Subject_kgtsd,"#N/A","#N/A","#N/A","#N/A","#N/A"
6572e693-edb2-4c81-a949-5d7680fa1c95,"#N/A","#N/A",false,Web,"#N/A","#N/A",Medium,"#N/A",New,Subject_cymyl,"#N/A","#N/A","#N/A","#N/A","#N/A"
6576ec05-241f-4b37-a90c-ae28a65012ef,"#N/A","#N/A",false,Web,"#N/A","#N/A",Medium,"#N/A",New,Subject_kffrf,"#N/A","#N/A","#N/A","#N/A","#N/A"
65775844-0aed-4d07-90c9-389f47fc225f,"#N/A","#N/A",false,Web,"#N/A","#N/A",Medium,"#N/A",New,Subject_fjbep,"#N/A","#N/A","#N/A","#N/A","#N/A"
657a18d0-7afe-477b-be04-de4828654dcb,"#N/A","#N/A",false,Web,"#N/A","#N/A",Medium,"#N/A",New,Subject_oprke,"#N/A","#N/A","#N/A","#N/A","#N/A"
657e7f4e-d480-4bc1-b749-a4e708fa18be,"#N/A","#N/A",false,Web,"#N/A","#N/A",Medium,"#N/A",New,Subject_liulk,"#N/A","#N/A","#N/A","#N/A","#N/A"
65814b89-bda5-4042-8d70-4ccd12b552aa,"#N/A","#N/A",false,Web,"#N/A","#N/A",Medium,"#N/A",New,Subject_skmvp,"#N/A","#N/A","#N/A","#N/A","#N/A"
6581f8f2-e260-4126-a62c-f01330670e3c,"#N/A","#N/A",false,Web,"#N/A","#N/A",Medium,"#N/A",New,Subject_zmorc,"#N/A","#N/A","#N/A","#N/A","#N/A"
65844d8a-b35a-46da-8b3b-46eee468c913,"#N/A","#N/A",false,Web,"#N/A","#N/A",Medium,"#N/A",New,Subject_dhpnl,"#N/A","#N/A","#N/A","#N/A","#N/A"
65851a8c-eb36-4f6a-a38f-711d98e4e2b9,"#N/A","#N/A",false,Web,"#N/A","#N/A",Medium,"#N/A",New,Subject_yjqwv,"#N/A","#N/A","#N/A","#N/A","#N/A"
658aa615-9090-4ab1-b09f-9bcdd55ae7dd,"#N/A","#N/A",false,Web,"#N/A","#N/A",Medium,"#N/A",New,Subject_iqpab,"#N/A","#N/A","#N/A","#N/A","#N/A"
65921957-e704-47df-bc7e-cb6417fdcc65,"#N/A","#N/A",false,Web,"#N/A","#N/A",Medium,"#N/A",New,Subject_rsaql,"#N/A","#N/A","#N/A","#N/A","#N/A"
6592912f-0ea0-47f7-8922-c8b050dd5281,"#N/A","#N/A",false,Web,"#N/A","#N/A",Medium,"#N/A",New,Subject_thhik,"#N/A","#N/A","#N/A","#N/A","#N/A"
65942641-580b-460f-b929-4deda587667f,"#N/A","#N/A",false,Web,"#N/A","#N/A",Medium,"#N/A",New,Subject_lnbsw,"#N/A","#N/A","#N/A","#N/A","#N/A"
65951524-d45d-4762-a681-fbff12f30387,"#N/A","#N/A",false,Web,"#N/A","#N/A",Medium,"#N/A",New,Subject_bkoec,"#N/A","#N/A","#N/A","#N/A","#N/A"
65966fb9-54ea-4c87-92df-beb987d563bf,"#N/A","#N/A",false,Web,"#N/A","#N/A",Medium,"#N/A",New,Subject_onklx,"#N/A","#N/A","#N/A","#N/A","#N/A"
65967d4e-8267-444f-b8ef-1cf3e1829768,"#N/A","#N/A",false,Web,"#N/A","#N/A",Medium,"#N/A",New,Subject_xgxbe,"#N/A","#N/A","#N/A","#N/A","#N/A"
6596f300-6bb5-463b-9bac-106f04d92e5b,"#N/A","#N/A",false,Web,"#N/A","#N/A",Medium,"#N/A",New,Subject_yrgnv,"#N/A","#N/A","#N/A","#N/A","#N/A"
659b669c-217a-4627-8d22-112864b1c036,"#N/A","#N/A",false,Web,"#N/A","#N/A",Medium,"#N/A",New,Subject_aatti,"#N/A","#N/A","#N/A","#N/A","#N/A"
65a0668f-68f1-4829-9154-e2e227c35145,"#N/A","#N/A",false,Web,"#N/A","#N/A",Medium,"#N/A",New,Subject_ikfss,"#N/A","#N/A","#N/A","#N/A","#N/A"
65a3465e-d266-46fb-9c78-a28ea60be291,"#N/A","#N/A",false,Web,"#N/A","#N/A",Medium,"#N/A",New,Subject_llyew,"#N/A","#N/A","#N/A","#N/A","#N/A"
65a40b60-6465-49cc-8c24-42b6d8197127,"#N/A","#N/A",false,Web,"#N/A","#N/A",Medium,"#N/A",New,Subject_cgcdk,"#N/A","#N/A","#N/A","#N/A","#N/A"
65a40c7e-ee7f-4837-ad4a-429637793eca,"#N/A","#N/A",false,Web,"#N/A","#N/A",Medium,"#N/A",New,Subject_gcyph,"#N/A","#N/A","#N/A","#N/A","#N/A"
65a86e35-0b68-424a-bcd6-69a2312b207e,"#N/A","#N/A",false,Web,"#N/A","#N/A",Medium,"#N/A",New,Subject_iziqu,"#N/A","#N/A","#N/A","#N/A","#N/A"
65a94212-b447-4cc9-ba80-d66fce1cf2dd,"#N/A","#N/A",false,Web,"#N/A","#N/A",Medium,"#N/A",New,Subject_lkdvv,"#N/A","#N/A","#N/A","#N/A","#N/A"
65ab0593-7c31-4710-8858-f05af2ec9f32,"#N/A","#N/A",false,Web,"#N/A","#N/A",Medium,"#N/A",New,Subject_vezlg,"#N/A","#N/A","#N/A","#N/A","#N/A"
65afa6af-6820-4ad9-bafd-226efecaa6dd,"#N/A","#N/A",false,Web,"#N/A","#N/A",Medium,"#N/A",New,Subject_sdhku,"#N/A","#N/A","#N/A","#N/A","#N/A"
65b054f6-cd3c-451d-af0e-ed116a59b250,"#N/A","#N/A",false,Web,"#N/A","#N/A",Medium,"#N/A",New,Subject_xzyzt,"#N/A","#N/A","#N/A","#N/A","#N/A"
65b20df3-ee21-410b-83ca-497c90a3bb4a,"#N/A","#N/A",false,Web,"#N/A","#N/A",Medium,"#N/A",New,Subject_otwzy,"#N/A","#N/A","#N/A","#N/A","#N/A"
65b5df2d-1dbe-47aa-8ec3-84262ad72a48,"#N/A","#N/A",false,Web,"#N/A","#N/A",Medium,"#N/A",New,Subject_gonke,"#N/A","#N/A","#N/A","#N/A","#N/A"
65b5ff29-ecbc-4b77-b5e4-f4e5e5dd93c6,"#N/A","#N/A",false,Web,"#N/A","#N/A",Medium,"#N/A",New,Subject_gdnjq,"#N/A","#N/A","#N/A","#N/A","#N/A"
65b907b9-700b-41bb-9b97-6fde5ac7303e,"#N/A","#N/A",false,Web,"#N/A","#N/A",Medium,"#N/A",New,Subject_qbosa,"#N/A","#N/A","#N/A","#N/A","#N/A"
65bc1567-e98d-4f0c-a399-b50ab4247340,"#N/A","#N/A",false,Web,"#N/A","#N/A",Medium,"#N/A",New,Subject_jgrmy,"#N/A","#N/A","#N/A","#N/A","#N/A"
65bd30d9-b490-4b04-8230-ca5221912078,"#N/A","#N/A",false,Web,"#N/A","#N/A",Medium,"#N/A",New,Subject_oksxb,"#N/A","#N/A","#N/A","#N/A","#N/A"
65bd3fec-a41d-4efe-9fe7-0b1e847a474f,"#N/A","#N/A",false,Web,"#N/A","#N/A",Medium,"#N/A",New,Subject_eqmnq,"#N/A","#N/A","#N/A","#N/A","#N/A"
65be742b-f108-4b03-b59f-39c4f72dd65c,"#N/A","#N/A",false,Web,"#N/A","#N/A",Medium,"#N/A",New,Subject_ceuqw,"#N/A","#N/A","#N/A","#N/A","#N/A"
65bf0c13-a8ef-4931-bfd3-af3a44025dc9,"#N/A","#N/A",false,Web,"#N/A","#N/A",Medium,"#N/A",New,Subject_kvuhz,"#N/A","#N/A","#N/A","#N/A","#N/A"
65c16883-e84d-4492-8684-c23766c4768b,"#N/A","#N/A",false,Web,"#N/A","#N/A",Medium,"#N/A",New,Subject_lilnz,"#N/A","#N/A","#N/A","#N/A","#N/A"
65c822ea-23c6-439b-82ba-9734ea8b37eb,"#N/A","#N/A",false,Web,"#N/A","#N/A",Medium,"#N/A",New,Subject_svkqk,"#N/A","#N/A","#N/A","#N/A","#N/A"
65cbd0be-9d93-4f7d-8eb2-3dbdcfcf05ac,"#N/A","#N/A",false,Web,"#N/A","#N/A",Medium,"#N/A",New,Subject_ylkjs,"#N/A","#N/A","#N/A","#N/A","#N/A"
65d0c915-ec57-43a6-a317-0572eace18e7,"#N/A","#N/A",false,Web,"#N/A","#N/A",Medium,"#N/A",New,Subject_cvtep,"#N/A","#N/A","#N/A","#N/A","#N/A"
65d3966c-f326-4781-a48c-cd89b482a086,"#N/A","#N/A",false,Web,"#N/A","#N/A",Medium,"#N/A",New,Subject_rdpfb,"#N/A","#N/A","#N/A","#N/A","#N/A"
65d83298-26c3-418b-a65d-bc85ce11a3f5,"#N/A","#N/A",false,Web,"#N/A","#N/A",Medium,"#N/A",New,Subject_fshie,"#N/A","#N/A","#N/A","#N/A","#N/A"
65d8b8c6-affd-42b0-b21a-15ceec0926dd,"#N/A","#N/A",false,Web,"#N/A","#N/A",Medium,"#N/A",New,Subject_mkocl,"#N/A","#N/A","#N/A","#N/A","#N/A"
65d91bf8-e41e-40d5-9efb-2b50e0d595d3,"#N/A","#N/A",false,Web,"#N/A","#N/A",Medium,"#N/A",New,Subject_bhlxx,"#N/A","#N/A","#N/A","#N/A","#N/A"
65df2eb9-c7fa-4ed4-8d67-49ced3cc833d,"#N/A","#N/A",false,Web,"#N/A","#N/A",Medium,"#N/A",New,Subject_ijqpf,"#N/A","#N/A","#N/A","#N/A","#N/A"
65df88ef-2c42-4912-b9b7-cfd2506cc881,"#N/A","#N/A",false,Web,"#N/A","#N/A",Medium,"#N/A",New,Subject_hzrly,"#N/A","#N/A","#N/A","#N/A","#N/A"
65e6356a-5953-4554-a5b6-0906b56a9308,"#N/A","#N/A",false,Web,"#N/A","#N/A",Medium,"#N/A",New,Subject_omdqr,"#N/A","#N/A","#N/A","#N/A","#N/A"
65e6f0fb-c627-409a-8003-bea6694dd1a6,"#N/A","#N/A",false,Web,"#N/A","#N/A",Medium,"#N/A",New,Subject_rzxeq,"#N/A","#N/A","#N/A","#N/A","#N/A"
65e76f6f-ced5-43df-b5bf-79bf8f57f2eb,"#N/A","#N/A",false,Web,"#N/A","#N/A",Medium,"#N/A",New,Subject_mkwui,"#N/A","#N/A","#N/A","#N/A","#N/A"
65ea0299-cbb9-4372-a7da-07117e0d3993,"#N/A","#N/A",false,Web,"#N/A","#N/A",Medium,"#N/A",New,Subject_dqneo,"#N/A","#N/A","#N/A","#N/A","#N/A"
65eb0cfb-5575-43f2-80d7-296296b87a2b,"#N/A","#N/A",false,Web,"#N/A","#N/A",Medium,"#N/A",New,Subject_ansng,"#N/A","#N/A","#N/A","#N/A","#N/A"
65f48a9e-3adf-40d4-8584-42a2b7eb925a,"#N/A","#N/A",false,Web,"#N/A","#N/A",Medium,"#N/A",New,Subject_ijqng,"#N/A","#N/A","#N/A","#N/A","#N/A"
65f4facd-9e56-4ac7-940a-82df5fc32efc,"#N/A","#N/A",false,Web,"#N/A","#N/A",Medium,"#N/A",New,Subject_vpbsw,"#N/A","#N/A","#N/A","#N/A","#N/A"
65fea344-9c62-4105-925c-0981a20c7dd5,"#N/A","#N/A",false,Web,"#N/A","#N/A",Medium,"#N/A",New,Subject_gokiy,"#N/A","#N/A","#N/A","#N/A","#N/A"
6600ea52-43e6-4665-aae8-f4b43aff3310,"#N/A","#N/A",false,Web,"#N/A","#N/A",Medium,"#N/A",New,Subject_dgwnf,"#N/A","#N/A","#N/A","#N/A","#N/A"
6603760a-cd29-4282-91c9-e130de33091b,"#N/A","#N/A",false,Web,"#N/A","#N/A",Medium,"#N/A",New,Subject_xwvoq,"#N/A","#N/A","#N/A","#N/A","#N/A"
6606ff69-72c8-4787-a2ab-48cd387c8c33,"#N/A","#N/A",false,Web,"#N/A","#N/A",Medium,"#N/A",New,Subject_tzefy,"#N/A","#N/A","#N/A","#N/A","#N/A"
660aed34-39bd-4b2d-ad62-21a7302ac79a,"#N/A","#N/A",false,Web,"#N/A","#N/A",Medium,"#N/A",New,Subject_hqatl,"#N/A","#N/A","#N/A","#N/A","#N/A"
660e18da-5f3a-452f-8582-2716fd303fb7,"#N/A","#N/A",false,Web,"#N/A","#N/A",Medium,"#N/A",New,Subject_dgdgv,"#N/A","#N/A","#N/A","#N/A","#N/A"
660f207f-b494-4806-aed2-52e15cc26435,"#N/A","#N/A",false,Web,"#N/A","#N/A",Medium,"#N/A",New,Subject_bocku,"#N/A","#N/A","#N/A","#N/A","#N/A"
6614579d-3a7e-41f4-ae83-b635f0cba5a5,"#N/A","#N/A",false,Web,"#N/A","#N/A",Medium,"#N/A",New,Subject_osqcd,"#N/A","#N/A","#N/A","#N/A","#N/A"
66172cf0-53db-49f6-995f-20d6371c3f05,"#N/A","#N/A",false,Web,"#N/A","#N/A",Medium,"#N/A",New,Subject_eprdo,"#N/A","#N/A","#N/A","#N/A","#N/A"
66185733-adf2-4207-bc17-c09c9c5754ce,"#N/A","#N/A",false,Web,"#N/A","#N/A",Medium,"#N/A",New,Subject_ymlig,"#N/A","#N/A","#N/A","#N/A","#N/A"
66188f78-3d93-4175-9a03-3a214645f413,"#N/A","#N/A",false,Web,"#N/A","#N/A",Medium,"#N/A",New,Subject_ybrwe,"#N/A","#N/A","#N/A","#N/A","#N/A"
6619c8d2-aa45-4e3b-8f89-180ab215378f,"#N/A","#N/A",false,Web,"#N/A","#N/A",Medium,"#N/A",New,Subject_mpkla,"#N/A","#N/A","#N/A","#N/A","#N/A"
662035dc-5ad9-4a33-91d1-00389a53f987,"#N/A","#N/A",false,Web,"#N/A","#N/A",Medium,"#N/A",New,Subject_fnfby,"#N/A","#N/A","#N/A","#N/A","#N/A"
66297b8c-1877-4f23-b9ca-e2c75c15a1f8,"#N/A","#N/A",false,Web,"#N/A","#N/A",Medium,"#N/A",New,Subject_jovww,"#N/A","#N/A","#N/A","#N/A","#N/A"
662a6994-8929-48af-b033-baeb1e98e4ba,"#N/A","#N/A",false,Web,"#N/A","#N/A",Medium,"#N/A",New,Subject_jmijo,"#N/A","#N/A","#N/A","#N/A","#N/A"
662abd64-08fa-45ee-946c-91a6efdff60c,"#N/A","#N/A",false,Web,"#N/A","#N/A",Medium,"#N/A",New,Subject_wrvrf,"#N/A","#N/A","#N/A","#N/A","#N/A"
662b5312-4158-4eb6-95e1-81f5639bafb2,"#N/A","#N/A",false,Web,"#N/A","#N/A",Medium,"#N/A",New,Subject_zflyt,"#N/A","#N/A","#N/A","#N/A","#N/A"
663330ff-c022-400e-9a05-ec0b1c5984ed,"#N/A","#N/A",false,Web,"#N/A","#N/A",Medium,"#N/A",New,Subject_orbxm,"#N/A","#N/A","#N/A","#N/A","#N/A"
6634a763-8245-4991-bb9f-484ebfe2f3c7,"#N/A","#N/A",false,Web,"#N/A","#N/A",Medium,"#N/A",New,Subject_uzdai,"#N/A","#N/A","#N/A","#N/A","#N/A"
663cd01f-77e0-4bf7-8a82-19384acdffa2,"#N/A","#N/A",false,Web,"#N/A","#N/A",Medium,"#N/A",New,Subject_gdknh,"#N/A","#N/A","#N/A","#N/A","#N/A"
6643a1f9-3010-42b4-b8d0-28f355bf9b7b,"#N/A","#N/A",false,Web,"#N/A","#N/A",Medium,"#N/A",New,Subject_kqsug,"#N/A","#N/A","#N/A","#N/A","#N/A"
6644448c-8237-4740-ab02-e044b5fde669,"#N/A","#N/A",false,Web,"#N/A","#N/A",Medium,"#N/A",New,Subject_asxdh,"#N/A","#N/A","#N/A","#N/A","#N/A"
6644a4da-8bb3-471a-8ac5-005118e7c800,"#N/A","#N/A",false,Web,"#N/A","#N/A",Medium,"#N/A",New,Subject_iiago,"#N/A","#N/A","#N/A","#N/A","#N/A"
664cb7f8-dfc0-44af-bef9-c7609b48a60e,"#N/A","#N/A",false,Web,"#N/A","#N/A",Medium,"#N/A",New,Subject_dektb,"#N/A","#N/A","#N/A","#N/A","#N/A"
664ef542-1700-4e4d-a5b9-87b3b22407b8,"#N/A","#N/A",false,Web,"#N/A","#N/A",Medium,"#N/A",New,Subject_zykeh,"#N/A","#N/A","#N/A","#N/A","#N/A"
665a5e66-c841-4cd9-a402-ea12612c4df1,"#N/A","#N/A",false,Web,"#N/A","#N/A",Medium,"#N/A",New,Subject_uvdzr,"#N/A","#N/A","#N/A","#N/A","#N/A"
665b27a0-0f0c-48d0-a89b-4e937a790cbd,"#N/A","#N/A",false,Web,"#N/A","#N/A",Medium,"#N/A",New,Subject_onyso,"#N/A","#N/A","#N/A","#N/A","#N/A"
665d60f3-9778-4313-8579-8c0dac8aab9e,"#N/A","#N/A",false,Web,"#N/A","#N/A",Medium,"#N/A",New,Subject_mukia,"#N/A","#N/A","#N/A","#N/A","#N/A"
66606924-3c87-45c7-b192-74f310b1f46a,"#N/A","#N/A",false,Web,"#N/A","#N/A",Medium,"#N/A",New,Subject_mwlhl,"#N/A","#N/A","#N/A","#N/A","#N/A"
6663b433-7d3e-40ca-b9a4-cb4ae8f3282e,"#N/A","#N/A",false,Web,"#N/A","#N/A",Medium,"#N/A",New,Subject_emyqp,"#N/A","#N/A","#N/A","#N/A","#N/A"
66668a8e-5207-42e1-8042-c6926241724d,"#N/A","#N/A",false,Web,"#N/A","#N/A",Medium,"#N/A",New,Subject_fvdak,"#N/A","#N/A","#N/A","#N/A","#N/A"
66683516-22e6-4b7d-ad2d-a918917376f1,"#N/A","#N/A",false,Web,"#N/A","#N/A",Medium,"#N/A",New,Subject_gjhow,"#N/A","#N/A","#N/A","#N/A","#N/A"
666c9f75-a7f4-46da-b380-e18077140ec8,"#N/A","#N/A",false,Web,"#N/A","#N/A",Medium,"#N/A",New,Subject_wmfrb,"#N/A","#N/A","#N/A","#N/A","#N/A"
666d28a4-bba1-48a9-8bf3-bb8a7a948250,"#N/A","#N/A",false,Web,"#N/A","#N/A",Medium,"#N/A",New,Subject_tvpsa,"#N/A","#N/A","#N/A","#N/A","#N/A"
666edf76-6753-4e7c-83fa-66f0508dd07b,"#N/A","#N/A",false,Web,"#N/A","#N/A",Medium,"#N/A",New,Subject_lkwxb,"#N/A","#N/A","#N/A","#N/A","#N/A"
666f3f58-612d-4498-a61b-640e0cf209a2,"#N/A","#N/A",false,Web,"#N/A","#N/A",Medium,"#N/A",New,Subject_vjsgh,"#N/A","#N/A","#N/A","#N/A","#N/A"
6672e726-ab5d-4e57-a3ac-eac8377573f4,"#N/A","#N/A",false,Web,"#N/A","#N/A",Medium,"#N/A",New,Subject_wcudx,"#N/A","#N/A","#N/A","#N/A","#N/A"
667c911e-15df-4070-809a-07aeb5ffb8bf,"#N/A","#N/A",false,Web,"#N/A","#N/A",Medium,"#N/A",New,Subject_hvbca,"#N/A","#N/A","#N/A","#N/A","#N/A"
6680d8de-2527-475e-98ae-be69cf0c7756,"#N/A","#N/A",false,Web,"#N/A","#N/A",Medium,"#N/A",New,Subject_pffes,"#N/A","#N/A","#N/A","#N/A","#N/A"
6689c8b1-d0ae-4e1c-ba3b-01b1968b74c5,"#N/A","#N/A",false,Web,"#N/A","#N/A",Medium,"#N/A",New,Subject_sfcgs,"#N/A","#N/A","#N/A","#N/A","#N/A"
668abac9-a1ea-4d62-ab07-aa204d40a557,"#N/A","#N/A",false,Web,"#N/A","#N/A",Medium,"#N/A",New,Subject_vszza,"#N/A","#N/A","#N/A","#N/A","#N/A"
668ca612-dbc4-48ee-aefd-0166b8b4c854,"#N/A","#N/A",false,Web,"#N/A","#N/A",Medium,"#N/A",New,Subject_ngoib,"#N/A","#N/A","#N/A","#N/A","#N/A"
668e1ed9-7e87-439f-ac51-c91e840708b0,"#N/A","#N/A",false,Web,"#N/A","#N/A",Medium,"#N/A",New,Subject_nvpcd,"#N/A","#N/A","#N/A","#N/A","#N/A"
668e5b68-af91-4940-85ce-e9d6f59ddc3a,"#N/A","#N/A",false,Web,"#N/A","#N/A",Medium,"#N/A",New,Subject_mshav,"#N/A","#N/A","#N/A","#N/A","#N/A"
668eb6c0-b6e2-46b5-a7fc-694c8eea16fd,"#N/A","#N/A",false,Web,"#N/A","#N/A",Medium,"#N/A",New,Subject_ioqzm,"#N/A","#N/A","#N/A","#N/A","#N/A"
668fb853-7a94-48e4-bb77-4ff72ebd907b,"#N/A","#N/A",false,Web,"#N/A","#N/A",Medium,"#N/A",New,Subject_ugjcw,"#N/A","#N/A","#N/A","#N/A","#N/A"
6694c122-72f8-4232-b2cd-69299f800589,"#N/A","#N/A",false,Web,"#N/A","#N/A",Medium,"#N/A",New,Subject_yajas,"#N/A","#N/A","#N/A","#N/A","#N/A"
6696fc71-7d22-4152-b890-c12844709aa0,"#N/A","#N/A",false,Web,"#N/A","#N/A",Medium,"#N/A",New,Subject_nxmzk,"#N/A","#N/A","#N/A","#N/A","#N/A"
669837aa-1c63-4503-8c36-d33f05c2ab9a,"#N/A","#N/A",false,Web,"#N/A","#N/A",Medium,"#N/A",New,Subject_hrwfd,"#N/A","#N/A","#N/A","#N/A","#N/A"
669b354a-e493-467f-88d5-d95eb59e15cf,"#N/A","#N/A",false,Web,"#N/A","#N/A",Medium,"#N/A",New,Subject_tiola,"#N/A","#N/A","#N/A","#N/A","#N/A"
669c12d6-6d81-41a3-87d8-388f82d43b78,"#N/A","#N/A",false,Web,"#N/A","#N/A",Medium,"#N/A",New,Subject_cjcgb,"#N/A","#N/A","#N/A","#N/A","#N/A"
66a16800-3ebd-4f22-9370-55b21ce8c7e6,"#N/A","#N/A",false,Web,"#N/A","#N/A",Medium,"#N/A",New,Subject_lihzd,"#N/A","#N/A","#N/A","#N/A","#N/A"
66a27d97-d558-44d1-a396-753072bccb55,"#N/A","#N/A",false,Web,"#N/A","#N/A",Medium,"#N/A",New,Subject_hcvuz,"#N/A","#N/A","#N/A","#N/A","#N/A"
66a28967-42ac-402f-ac1c-2c49ebd2e8d6,"#N/A","#N/A",false,Web,"#N/A","#N/A",Medium,"#N/A",New,Subject_jcckj,"#N/A","#N/A","#N/A","#N/A","#N/A"
66a5bef4-3dd7-4501-bca7-f8173429cfcf,"#N/A","#N/A",false,Web,"#N/A","#N/A",Medium,"#N/A",New,Subject_awdle,"#N/A","#N/A","#N/A","#N/A","#N/A"
66a66181-683c-41fe-bd9c-afb528e4de01,"#N/A","#N/A",false,Web,"#N/A","#N/A",Medium,"#N/A",New,Subject_jeazb,"#N/A","#N/A","#N/A","#N/A","#N/A"
66a9d3cd-67df-4930-ae50-de028edb2841,"#N/A","#N/A",false,Web,"#N/A","#N/A",Medium,"#N/A",New,Subject_iwygr,"#N/A","#N/A","#N/A","#N/A","#N/A"
66aa6140-3b61-4319-85fe-3ab9b534b24c,"#N/A","#N/A",false,Web,"#N/A","#N/A",Medium,"#N/A",New,Subject_julfl,"#N/A","#N/A","#N/A","#N/A","#N/A"
66ae274c-06b6-49c6-9280-9e100203a422,"#N/A","#N/A",false,Web,"#N/A","#N/A",Medium,"#N/A",New,Subject_ccnkh,"#N/A","#N/A","#N/A","#N/A","#N/A"
66b02a3d-f59d-4ce3-ae4a-0545671510b9,"#N/A","#N/A",false,Web,"#N/A","#N/A",Medium,"#N/A",New,Subject_nlcfq,"#N/A","#N/A","#N/A","#N/A","#N/A"
66b19455-b0b1-4ae1-bd99-61f94ad33d1e,"#N/A","#N/A",false,Web,"#N/A","#N/A",Medium,"#N/A",New,Subject_xtybp,"#N/A","#N/A","#N/A","#N/A","#N/A"
66b3ed95-e514-413c-b235-47cdf9a38428,"#N/A","#N/A",false,Web,"#N/A","#N/A",Medium,"#N/A",New,Subject_didlc,"#N/A","#N/A","#N/A","#N/A","#N/A"
66b5efb4-f684-4f66-9405-f244c9978a6b,"#N/A","#N/A",false,Web,"#N/A","#N/A",Medium,"#N/A",New,Subject_jcycc,"#N/A","#N/A","#N/A","#N/A","#N/A"
66bc3500-e5e6-454a-a22a-5c401a67fef4,"#N/A","#N/A",false,Web,"#N/A","#N/A",Medium,"#N/A",New,Subject_madqx,"#N/A","#N/A","#N/A","#N/A","#N/A"
66bdf4e1-7c74-4333-a557-92dbc660ebd1,"#N/A","#N/A",false,Web,"#N/A","#N/A",Medium,"#N/A",New,Subject_bwvro,"#N/A","#N/A","#N/A","#N/A","#N/A"
66bf04e3-9627-46e7-a3ff-39356e0ab4da,"#N/A","#N/A",false,Web,"#N/A","#N/A",Medium,"#N/A",New,Subject_agude,"#N/A","#N/A","#N/A","#N/A","#N/A"
66c2431e-eb1a-4acf-9f7f-94f3a1247613,"#N/A","#N/A",false,Web,"#N/A","#N/A",Medium,"#N/A",New,Subject_ctvfm,"#N/A","#N/A","#N/A","#N/A","#N/A"
66c3ca05-14cb-44c1-b20c-2db8d7d686c0,"#N/A","#N/A",false,Web,"#N/A","#N/A",Medium,"#N/A",New,Subject_niedw,"#N/A","#N/A","#N/A","#N/A","#N/A"
66c41beb-a1f7-48dc-a070-b2c1686deeee,"#N/A","#N/A",false,Web,"#N/A","#N/A",Medium,"#N/A",New,Subject_gzqmt,"#N/A","#N/A","#N/A","#N/A","#N/A"
66c7737e-479e-45b4-80d6-5ced1a0468b9,"#N/A","#N/A",false,Web,"#N/A","#N/A",Medium,"#N/A",New,Subject_xtdwu,"#N/A","#N/A","#N/A","#N/A","#N/A"
66ca3f6e-95b7-4da5-ad96-235d7384b198,"#N/A","#N/A",false,Web,"#N/A","#N/A",Medium,"#N/A",New,Subject_pdtfx,"#N/A","#N/A","#N/A","#N/A","#N/A"
66ccf403-1c85-489c-84f4-c5c74c8c6f8a,"#N/A","#N/A",false,Web,"#N/A","#N/A",Medium,"#N/A",New,Subject_pxihe,"#N/A","#N/A","#N/A","#N/A","#N/A"
66d2561d-8c56-4844-922e-5d932eb74381,"#N/A","#N/A",false,Web,"#N/A","#N/A",Medium,"#N/A",New,Subject_qsqxq,"#N/A","#N/A","#N/A","#N/A","#N/A"
66d3034e-d39e-47c0-b6c9-63b250541eb7,"#N/A","#N/A",false,Web,"#N/A","#N/A",Medium,"#N/A",New,Subject_firox,"#N/A","#N/A","#N/A","#N/A","#N/A"
66d373df-ca66-4ae0-8e47-8c30fdddefe3,"#N/A","#N/A",false,Web,"#N/A","#N/A",Medium,"#N/A",New,Subject_mufms,"#N/A","#N/A","#N/A","#N/A","#N/A"
66d66e49-b8a5-43ed-bbbe-05a8a66c42fd,"#N/A","#N/A",false,Web,"#N/A","#N/A",Medium,"#N/A",New,Subject_jfqzx,"#N/A","#N/A","#N/A","#N/A","#N/A"
66d6ff64-283e-4483-a242-e395c6ada635,"#N/A","#N/A",false,Web,"#N/A","#N/A",Medium,"#N/A",New,Subject_kyfxr,"#N/A","#N/A","#N/A","#N/A","#N/A"
66ddaac9-a9d5-402b-9d0c-f76a1ff992ae,"#N/A","#N/A",false,Web,"#N/A","#N/A",Medium,"#N/A",New,Subject_wfmbk,"#N/A","#N/A","#N/A","#N/A","#N/A"
66df9155-587a-4f9f-a5f3-e863cf5573e4,"#N/A","#N/A",false,Web,"#N/A","#N/A",Medium,"#N/A",New,Subject_otbxx,"#N/A","#N/A","#N/A","#N/A","#N/A"
66e4b8d8-eb63-4395-9669-c9fb807c76b2,"#N/A","#N/A",false,Web,"#N/A","#N/A",Medium,"#N/A",New,Subject_thhll,"#N/A","#N/A","#N/A","#N/A","#N/A"
66e5d518-0440-49c4-818b-46aabd0610c7,"#N/A","#N/A",false,Web,"#N/A","#N/A",Medium,"#N/A",New,Subject_ycytl,"#N/A","#N/A","#N/A","#N/A","#N/A"
66e71f0c-d1fb-4f9a-8d5d-f3f568f82757,"#N/A","#N/A",false,Web,"#N/A","#N/A",Medium,"#N/A",New,Subject_uecgm,"#N/A","#N/A","#N/A","#N/A","#N/A"
66e748fc-4556-44be-8e3e-123abacb7639,"#N/A","#N/A",false,Web,"#N/A","#N/A",Medium,"#N/A",New,Subject_fkilg,"#N/A","#N/A","#N/A","#N/A","#N/A"
66e94e44-6969-4472-a18b-b428ed6b7f50,"#N/A","#N/A",false,Web,"#N/A","#N/A",Medium,"#N/A",New,Subject_lobbb,"#N/A","#N/A","#N/A","#N/A","#N/A"
66eb5314-2a13-4818-887b-79d233da0eaa,"#N/A","#N/A",false,Web,"#N/A","#N/A",Medium,"#N/A",New,Subject_xgoih,"#N/A","#N/A","#N/A","#N/A","#N/A"
66ebe781-1623-436c-aec7-e4c5af6c675a,"#N/A","#N/A",false,Web,"#N/A","#N/A",Medium,"#N/A",New,Subject_dgdgv,"#N/A","#N/A","#N/A","#N/A","#N/A"
66ee6c3e-6b38-4a2c-9060-281ebced50cd,"#N/A","#N/A",false,Web,"#N/A","#N/A",Medium,"#N/A",New,Subject_fcoyb,"#N/A","#N/A","#N/A","#N/A","#N/A"
66ee7f5e-7a97-4110-b2a8-58bc3eaeb90b,"#N/A","#N/A",false,Web,"#N/A","#N/A",Medium,"#N/A",New,Subject_dpgeh,"#N/A","#N/A","#N/A","#N/A","#N/A"
66f1659f-df7a-4c00-9e2d-f4b9f95d6b0b,"#N/A","#N/A",false,Web,"#N/A","#N/A",Medium,"#N/A",New,Subject_yhjcp,"#N/A","#N/A","#N/A","#N/A","#N/A"
66f477c7-fabd-4eb7-9faf-650b5efeaadf,"#N/A","#N/A",false,Web,"#N/A","#N/A",Medium,"#N/A",New,Subject_gkiyd,"#N/A","#N/A","#N/A","#N/A","#N/A"
66f4d4ff-854a-4fe4-8910-825155591dfd,"#N/A","#N/A",false,Web,"#N/A","#N/A",Medium,"#N/A",New,Subject_wnreh,"#N/A","#N/A","#N/A","#N/A","#N/A"
66fcaa71-dd15-429c-b850-0d448f9392d2,"#N/A","#N/A",false,Web,"#N/A","#N/A",Medium,"#N/A",New,Subject_vgpwp,"#N/A","#N/A","#N/A","#N/A","#N/A"
66fe73e4-1796-4393-a9e9-5b69d4a615d5,"#N/A","#N/A",false,Web,"#N/A","#N/A",Medium,"#N/A",New,Subject_ijcgl,"#N/A","#N/A","#N/A","#N/A","#N/A"
67043716-b0fe-4b1a-b7b5-2f8de67f4bdc,"#N/A","#N/A",false,Web,"#N/A","#N/A",Medium,"#N/A",New,Subject_yliyd,"#N/A","#N/A","#N/A","#N/A","#N/A"
67078754-f23f-49c0-9198-26ebb8ffda85,"#N/A","#N/A",false,Web,"#N/A","#N/A",Medium,"#N/A",New,Subject_zkdds,"#N/A","#N/A","#N/A","#N/A","#N/A"
6708a3ed-4e9e-49ad-8852-42186fc24ca8,"#N/A","#N/A",false,Web,"#N/A","#N/A",Medium,"#N/A",New,Subject_bjrxy,"#N/A","#N/A","#N/A","#N/A","#N/A"
670938bb-7901-4c8f-9f12-d910473bbd6d,"#N/A","#N/A",false,Web,"#N/A","#N/A",Medium,"#N/A",New,Subject_zxwek,"#N/A","#N/A","#N/A","#N/A","#N/A"
670a00be-4582-43c1-a721-a59e2ab3cfb8,"#N/A","#N/A",false,Web,"#N/A","#N/A",Medium,"#N/A",New,Subject_roaqr,"#N/A","#N/A","#N/A","#N/A","#N/A"
670bf9be-a3e8-4952-8b6a-11fc65f62165,"#N/A","#N/A",false,Web,"#N/A","#N/A",Medium,"#N/A",New,Subject_lxvnf,"#N/A","#N/A","#N/A","#N/A","#N/A"
670df071-2742-42c8-b6ae-6daffea42395,"#N/A","#N/A",false,Web,"#N/A","#N/A",Medium,"#N/A",New,Subject_vbdeo,"#N/A","#N/A","#N/A","#N/A","#N/A"
670f7f86-6521-46c8-bab0-5f79bd79ef8b,"#N/A","#N/A",false,Web,"#N/A","#N/A",Medium,"#N/A",New,Subject_dtbah,"#N/A","#N/A","#N/A","#N/A","#N/A"
6711f65d-b7d7-48e2-92b0-b013a059f3ab,"#N/A","#N/A",false,Web,"#N/A","#N/A",Medium,"#N/A",New,Subject_fpufb,"#N/A","#N/A","#N/A","#N/A","#N/A"
6712f523-4904-424b-860e-3de1e4a32853,"#N/A","#N/A",false,Web,"#N/A","#N/A",Medium,"#N/A",New,Subject_wimrr,"#N/A","#N/A","#N/A","#N/A","#N/A"
6718807e-8e1f-4927-aa5b-58e90b38e0d5,"#N/A","#N/A",false,Web,"#N/A","#N/A",Medium,"#N/A",New,Subject_wmftq,"#N/A","#N/A","#N/A","#N/A","#N/A"
671aad74-eab2-4ad2-a053-3e058ce367c7,"#N/A","#N/A",false,Web,"#N/A","#N/A",Medium,"#N/A",New,Subject_qvlgy,"#N/A","#N/A","#N/A","#N/A","#N/A"
672160f6-97a7-44be-a6ff-a516c5032efc,"#N/A","#N/A",false,Web,"#N/A","#N/A",Medium,"#N/A",New,Subject_xitpd,"#N/A","#N/A","#N/A","#N/A","#N/A"
6722a4eb-59d4-4399-8d48-99ec923da61b,"#N/A","#N/A",false,Web,"#N/A","#N/A",Medium,"#N/A",New,Subject_gzepq,"#N/A","#N/A","#N/A","#N/A","#N/A"
672a5971-37d6-4f45-82d1-2c3dfd6d3c45,"#N/A","#N/A",false,Web,"#N/A","#N/A",Medium,"#N/A",New,Subject_josiw,"#N/A","#N/A","#N/A","#N/A","#N/A"
672bed43-ae6e-43a8-bd7d-433a605f8d91,"#N/A","#N/A",false,Web,"#N/A","#N/A",Medium,"#N/A",New,Subject_evynr,"#N/A","#N/A","#N/A","#N/A","#N/A"
672caa59-486c-44ca-87b6-23bccae0b1f6,"#N/A","#N/A",false,Web,"#N/A","#N/A",Medium,"#N/A",New,Subject_lhnns,"#N/A","#N/A","#N/A","#N/A","#N/A"
672cfe37-19df-4a7f-8a35-93169fe47abc,"#N/A","#N/A",false,Web,"#N/A","#N/A",Medium,"#N/A",New,Subject_uurtk,"#N/A","#N/A","#N/A","#N/A","#N/A"
672d387d-cf50-4190-b755-9ff2e264c094,"#N/A","#N/A",false,Web,"#N/A","#N/A",Medium,"#N/A",New,Subject_kxdlo,"#N/A","#N/A","#N/A","#N/A","#N/A"
672e3493-e376-4f3e-9e5c-7b803c2c0c5a,"#N/A","#N/A",false,Web,"#N/A","#N/A",Medium,"#N/A",New,Subject_ugadd,"#N/A","#N/A","#N/A","#N/A","#N/A"
672e5c6f-5f24-40c2-8432-5c22dda3be27,"#N/A","#N/A",false,Web,"#N/A","#N/A",Medium,"#N/A",New,Subject_kfnlq,"#N/A","#N/A","#N/A","#N/A","#N/A"
67340b15-0014-425f-8284-dbc8eadd0fcc,"#N/A","#N/A",false,Web,"#N/A","#N/A",Medium,"#N/A",New,Subject_ldblb,"#N/A","#N/A","#N/A","#N/A","#N/A"
673d0787-a6c6-4370-b09d-263208e8dc87,"#N/A","#N/A",false,Web,"#N/A","#N/A",Medium,"#N/A",New,Subject_iswwh,"#N/A","#N/A","#N/A","#N/A","#N/A"
673e3e25-b146-4f77-9704-47a60a3ad1bf,"#N/A","#N/A",false,Web,"#N/A","#N/A",Medium,"#N/A",New,Subject_cscvo,"#N/A","#N/A","#N/A","#N/A","#N/A"
674abfdf-65b3-4d0a-9126-3b810eddf96e,"#N/A","#N/A",false,Web,"#N/A","#N/A",Medium,"#N/A",New,Subject_fxamu,"#N/A","#N/A","#N/A","#N/A","#N/A"
674ae2a2-960c-4c79-a60c-94bde26295bd,"#N/A","#N/A",false,Web,"#N/A","#N/A",Medium,"#N/A",New,Subject_sfgfh,"#N/A","#N/A","#N/A","#N/A","#N/A"
674f4459-4404-4d3a-8e75-7413262c3289,"#N/A","#N/A",false,Web,"#N/A","#N/A",Medium,"#N/A",New,Subject_guezs,"#N/A","#N/A","#N/A","#N/A","#N/A"
6750c939-b4ea-4c7f-85e5-21aaf2ba9813,"#N/A","#N/A",false,Web,"#N/A","#N/A",Medium,"#N/A",New,Subject_mjkcq,"#N/A","#N/A","#N/A","#N/A","#N/A"
675161b8-83da-448e-acc9-d3dd331e2623,"#N/A","#N/A",false,Web,"#N/A","#N/A",Medium,"#N/A",New,Subject_gffeg,"#N/A","#N/A","#N/A","#N/A","#N/A"
67519d24-96cc-4189-98a9-cf72e77012a0,"#N/A","#N/A",false,Web,"#N/A","#N/A",Medium,"#N/A",New,Subject_tnetv,"#N/A","#N/A","#N/A","#N/A","#N/A"
67557bf6-4cd1-4bce-8bef-0558eae040fc,"#N/A","#N/A",false,Web,"#N/A","#N/A",Medium,"#N/A",New,Subject_iwbxd,"#N/A","#N/A","#N/A","#N/A","#N/A"
67579bd7-af11-495f-ac39-9b38380c67ba,"#N/A","#N/A",false,Web,"#N/A","#N/A",Medium,"#N/A",New,Subject_iziqu,"#N/A","#N/A","#N/A","#N/A","#N/A"
675ba1d3-0b54-4df0-bd3d-454b709a4773,"#N/A","#N/A",false,Web,"#N/A","#N/A",Medium,"#N/A",New,Subject_jwjxz,"#N/A","#N/A","#N/A","#N/A","#N/A"
675e551f-3d14-4671-93ba-677027397cc5,"#N/A","#N/A",false,Web,"#N/A","#N/A",Medium,"#N/A",New,Subject_acamm,"#N/A","#N/A","#N/A","#N/A","#N/A"
67646b61-45fc-4014-9d7b-305644345922,"#N/A","#N/A",false,Web,"#N/A","#N/A",Medium,"#N/A",New,Subject_amevb,"#N/A","#N/A","#N/A","#N/A","#N/A"
67685f76-aff0-48fa-b917-9de4c895b77c,"#N/A","#N/A",false,Web,"#N/A","#N/A",Medium,"#N/A",New,Subject_mdatk,"#N/A","#N/A","#N/A","#N/A","#N/A"
6769ee09-eca9-4a3f-ae2b-c691a911ca10,"#N/A","#N/A",false,Web,"#N/A","#N/A",Medium,"#N/A",New,Subject_glhov,"#N/A","#N/A","#N/A","#N/A","#N/A"
676b4668-fbbf-46fa-98cb-5aca44dc3a7e,"#N/A","#N/A",false,Web,"#N/A","#N/A",Medium,"#N/A",New,Subject_gtyir,"#N/A","#N/A","#N/A","#N/A","#N/A"
676e4d8b-60b1-4057-b1cc-311672a3dd0a,"#N/A","#N/A",false,Web,"#N/A","#N/A",Medium,"#N/A",New,Subject_vcbpy,"#N/A","#N/A","#N/A","#N/A","#N/A"
676fdeb2-f985-4297-a2eb-813620d575f2,"#N/A","#N/A",false,Web,"#N/A","#N/A",Medium,"#N/A",New,Subject_bhodw,"#N/A","#N/A","#N/A","#N/A","#N/A"
6772079d-40bf-4e38-b5b0-97ba58a52e5c,"#N/A","#N/A",false,Web,"#N/A","#N/A",Medium,"#N/A",New,Subject_mynws,"#N/A","#N/A","#N/A","#N/A","#N/A"
6778645c-2ba2-4128-9f2d-b8760be8440a,"#N/A","#N/A",false,Web,"#N/A","#N/A",Medium,"#N/A",New,Subject_axewc,"#N/A","#N/A","#N/A","#N/A","#N/A"
677d2c86-7a6e-40ce-a55a-232b06048f30,"#N/A","#N/A",false,Web,"#N/A","#N/A",Medium,"#N/A",New,Subject_uzdgu,"#N/A","#N/A","#N/A","#N/A","#N/A"
677d6845-e758-4859-907d-3cbe4e5aaa07,"#N/A","#N/A",false,Web,"#N/A","#N/A",Medium,"#N/A",New,Subject_kaubv,"#N/A","#N/A","#N/A","#N/A","#N/A"
677df510-0ebf-4bb5-b89c-bd7e1829f91d,"#N/A","#N/A",false,Web,"#N/A","#N/A",Medium,"#N/A",New,Subject_hdffr,"#N/A","#N/A","#N/A","#N/A","#N/A"
677fe5f2-d7f4-4303-81b4-72981b4cd995,"#N/A","#N/A",false,Web,"#N/A","#N/A",Medium,"#N/A",New,Subject_quzoi,"#N/A","#N/A","#N/A","#N/A","#N/A"
6786e0a4-7eba-48ad-8a72-8c19b82044e4,"#N/A","#N/A",false,Web,"#N/A","#N/A",Medium,"#N/A",New,Subject_sqfeb,"#N/A","#N/A","#N/A","#N/A","#N/A"
67907000-5b2e-4872-9350-c90cfee36169,"#N/A","#N/A",false,Web,"#N/A","#N/A",Medium,"#N/A",New,Subject_hqxnp,"#N/A","#N/A","#N/A","#N/A","#N/A"
6791d4da-deb9-4030-9d7c-720d94b9643f,"#N/A","#N/A",false,Web,"#N/A","#N/A",Medium,"#N/A",New,Subject_vohas,"#N/A","#N/A","#N/A","#N/A","#N/A"
67937ce8-3e5c-4606-a382-7e7830c866f6,"#N/A","#N/A",false,Web,"#N/A","#N/A",Medium,"#N/A",New,Subject_wujwf,"#N/A","#N/A","#N/A","#N/A","#N/A"
6797b475-5c59-4a74-803c-29c2f424baea,"#N/A","#N/A",false,Web,"#N/A","#N/A",Medium,"#N/A",New,Subject_anumd,"#N/A","#N/A","#N/A","#N/A","#N/A"
6798604c-4aab-4a23-a30a-0b067d7ce763,"#N/A","#N/A",false,Web,"#N/A","#N/A",Medium,"#N/A",New,Subject_azaer,"#N/A","#N/A","#N/A","#N/A","#N/A"
679b280a-7052-4970-8392-d91665af15b1,"#N/A","#N/A",false,Web,"#N/A","#N/A",Medium,"#N/A",New,Subject_qjoyb,"#N/A","#N/A","#N/A","#N/A","#N/A"
679f5a8b-4cb7-49fb-bdf4-093cc2624aee,"#N/A","#N/A",false,Web,"#N/A","#N/A",Medium,"#N/A",New,Subject_xqecy,"#N/A","#N/A","#N/A","#N/A","#N/A"
679fb0ae-bcca-4af2-9820-7d6630632608,"#N/A","#N/A",false,Web,"#N/A","#N/A",Medium,"#N/A",New,Subject_velos,"#N/A","#N/A","#N/A","#N/A","#N/A"
679fb5b5-88ee-42dc-8dd8-455813ee18cb,"#N/A","#N/A",false,Web,"#N/A","#N/A",Medium,"#N/A",New,Subject_isyhb,"#N/A","#N/A","#N/A","#N/A","#N/A"
67a05f47-2cb0-45fe-8fa0-686504499e95,"#N/A","#N/A",false,Web,"#N/A","#N/A",Medium,"#N/A",New,Subject_wcirm,"#N/A","#N/A","#N/A","#N/A","#N/A"
67a80507-77b6-409a-b596-981a00d1d42a,"#N/A","#N/A",false,Web,"#N/A","#N/A",Medium,"#N/A",New,Subject_yqfqd,"#N/A","#N/A","#N/A","#N/A","#N/A"
67a8b4cf-afea-4d5f-bde0-4dcfd95ab1bb,"#N/A","#N/A",false,Web,"#N/A","#N/A",Medium,"#N/A",New,Subject_owtwj,"#N/A","#N/A","#N/A","#N/A","#N/A"
67b6bd0d-12a3-419b-afe8-32651318d28c,"#N/A","#N/A",false,Web,"#N/A","#N/A",Medium,"#N/A",New,Subject_nggzb,"#N/A","#N/A","#N/A","#N/A","#N/A"
67c1d1c7-af2f-4996-a12a-e64f0a88e00f,"#N/A","#N/A",false,Web,"#N/A","#N/A",Medium,"#N/A",New,Subject_urzpk,"#N/A","#N/A","#N/A","#N/A","#N/A"
67c47b41-c8d2-4404-b1cb-c20ba72a4b64,"#N/A","#N/A",false,Web,"#N/A","#N/A",Medium,"#N/A",New,Subject_hltlh,"#N/A","#N/A","#N/A","#N/A","#N/A"
67c81283-e041-4745-9ff4-22e6e3b1a117,"#N/A","#N/A",false,Web,"#N/A","#N/A",Medium,"#N/A",New,Subject_wxhmm,"#N/A","#N/A","#N/A","#N/A","#N/A"
67c965f1-d735-47fe-ad53-eb21666524bb,"#N/A","#N/A",false,Web,"#N/A","#N/A",Medium,"#N/A",New,Subject_dydkt,"#N/A","#N/A","#N/A","#N/A","#N/A"
67cbcc7f-ef05-4cef-85e3-5fe6714b8bee,"#N/A","#N/A",false,Web,"#N/A","#N/A",Medium,"#N/A",New,Subject_hykol,"#N/A","#N/A","#N/A","#N/A","#N/A"
67d083ac-6cb9-4d36-9970-e8c3fe1eee65,"#N/A","#N/A",false,Web,"#N/A","#N/A",Medium,"#N/A",New,Subject_czlri,"#N/A","#N/A","#N/A","#N/A","#N/A"
67d51868-63fc-4956-908d-86afe9ae5bd5,"#N/A","#N/A",false,Web,"#N/A","#N/A",Medium,"#N/A",New,Subject_bdnmi,"#N/A","#N/A","#N/A","#N/A","#N/A"
67dfe23c-2c9d-4b41-9ac7-16413050f359,"#N/A","#N/A",false,Web,"#N/A","#N/A",Medium,"#N/A",New,Subject_ljsor,"#N/A","#N/A","#N/A","#N/A","#N/A"
67e39d6a-32e9-46b8-a412-2df956d9827c,"#N/A","#N/A",false,Web,"#N/A","#N/A",Medium,"#N/A",New,Subject_pavsl,"#N/A","#N/A","#N/A","#N/A","#N/A"
67e412e9-a165-42bb-9729-0389c7bd693c,"#N/A","#N/A",false,Web,"#N/A","#N/A",Medium,"#N/A",New,Subject_ptjdf,"#N/A","#N/A","#N/A","#N/A","#N/A"
67e80d29-9f6f-4bbb-aeec-9a7db1bc7ef3,"#N/A","#N/A",false,Web,"#N/A","#N/A",Medium,"#N/A",New,Subject_uyzqk,"#N/A","#N/A","#N/A","#N/A","#N/A"
67e90ce6-933e-4ecd-b56c-7017461467bc,"#N/A","#N/A",false,Web,"#N/A","#N/A",Medium,"#N/A",New,Subject_fsomc,"#N/A","#N/A","#N/A","#N/A","#N/A"
67e95fe3-6e3f-4624-9dd9-7aa417249be5,"#N/A","#N/A",false,Web,"#N/A","#N/A",Medium,"#N/A",New,Subject_zqrot,"#N/A","#N/A","#N/A","#N/A","#N/A"
67ea3997-a630-4ff0-92e3-69a9223657ef,"#N/A","#N/A",false,Web,"#N/A","#N/A",Medium,"#N/A",New,Subject_nlrkg,"#N/A","#N/A","#N/A","#N/A","#N/A"
67eae557-a4a3-4dc9-be68-f6db12c719e3,"#N/A","#N/A",false,Web,"#N/A","#N/A",Medium,"#N/A",New,Subject_mqjnp,"#N/A","#N/A","#N/A","#N/A","#N/A"
67eddd0d-ae90-4b7c-9c52-d0e5f2ce6c75,"#N/A","#N/A",false,Web,"#N/A","#N/A",Medium,"#N/A",New,Subject_njwge,"#N/A","#N/A","#N/A","#N/A","#N/A"
67eeae4d-ef76-4d27-8be4-a5b957b2e7c9,"#N/A","#N/A",false,Web,"#N/A","#N/A",Medium,"#N/A",New,Subject_sdnfq,"#N/A","#N/A","#N/A","#N/A","#N/A"
67effb5f-f75f-4b21-886e-cde005c927e1,"#N/A","#N/A",false,Web,"#N/A","#N/A",Medium,"#N/A",New,Subject_qfqkc,"#N/A","#N/A","#N/A","#N/A","#N/A"
67f0c138-16d4-452d-87de-498dc876e91e,"#N/A","#N/A",false,Web,"#N/A","#N/A",Medium,"#N/A",New,Subject_awggc,"#N/A","#N/A","#N/A","#N/A","#N/A"
67f29d1d-fa69-4132-945d-cda03eaea7e3,"#N/A","#N/A",false,Web,"#N/A","#N/A",Medium,"#N/A",New,Subject_xwcjg,"#N/A","#N/A","#N/A","#N/A","#N/A"
67f5a7db-58ba-493d-a4cf-68d530b26358,"#N/A","#N/A",false,Web,"#N/A","#N/A",Medium,"#N/A",New,Subject_luram,"#N/A","#N/A","#N/A","#N/A","#N/A"
67f5f2f1-2f5f-4c79-a0a8-a2c1541653da,"#N/A","#N/A",false,Web,"#N/A","#N/A",Medium,"#N/A",New,Subject_jfsiu,"#N/A","#N/A","#N/A","#N/A","#N/A"
67f6d96f-5ba7-4b22-84ad-396bc1b01490,"#N/A","#N/A",false,Web,"#N/A","#N/A",Medium,"#N/A",New,Subject_bzlxy,"#N/A","#N/A","#N/A","#N/A","#N/A"
67f884c3-6236-4938-9ccb-282b42437fae,"#N/A","#N/A",false,Web,"#N/A","#N/A",Medium,"#N/A",New,Subject_xfnem,"#N/A","#N/A","#N/A","#N/A","#N/A"
67fb8429-e88d-454f-ab2a-27f2ad0a8454,"#N/A","#N/A",false,Web,"#N/A","#N/A",Medium,"#N/A",New,Subject_ikawi,"#N/A","#N/A","#N/A","#N/A","#N/A"
67fe014e-5d45-47a7-b54d-d76e51110624,"#N/A","#N/A",false,Web,"#N/A","#N/A",Medium,"#N/A",New,Subject_eetbs,"#N/A","#N/A","#N/A","#N/A","#N/A"
68002a2e-c171-449c-9db8-dfdfb6fe6d28,"#N/A","#N/A",false,Web,"#N/A","#N/A",Medium,"#N/A",New,Subject_mhfhn,"#N/A","#N/A","#N/A","#N/A","#N/A"
68098862-c0bf-4a16-8d88-8b686804bc78,"#N/A","#N/A",false,Web,"#N/A","#N/A",Medium,"#N/A",New,Subject_ycjjd,"#N/A","#N/A","#N/A","#N/A","#N/A"
680c0e6c-20aa-4deb-aac6-31f1ae41e597,"#N/A","#N/A",false,Web,"#N/A","#N/A",Medium,"#N/A",New,Subject_pfwkv,"#N/A","#N/A","#N/A","#N/A","#N/A"
68114f25-8640-4270-8395-c109c2b1f5c9,"#N/A","#N/A",false,Web,"#N/A","#N/A",Medium,"#N/A",New,Subject_qcetv,"#N/A","#N/A","#N/A","#N/A","#N/A"
6815dc9a-1bbc-41ea-ba03-2be7a4f634c3,"#N/A","#N/A",false,Web,"#N/A","#N/A",Medium,"#N/A",New,Subject_rborr,"#N/A","#N/A","#N/A","#N/A","#N/A"
681b4a08-4e69-4eeb-a3b4-7d585128a309,"#N/A","#N/A",false,Web,"#N/A","#N/A",Medium,"#N/A",New,Subject_hmzks,"#N/A","#N/A","#N/A","#N/A","#N/A"
681b5c01-a1cc-4f6a-a206-d97f709d60b8,"#N/A","#N/A",false,Web,"#N/A","#N/A",Medium,"#N/A",New,Subject_jirvk,"#N/A","#N/A","#N/A","#N/A","#N/A"
681ccfdf-4f2b-4b2b-bde3-464a369f2902,"#N/A","#N/A",false,Web,"#N/A","#N/A",Medium,"#N/A",New,Subject_uqhqg,"#N/A","#N/A","#N/A","#N/A","#N/A"
681fb44c-ef4f-4399-ba75-44c4d03d8865,"#N/A","#N/A",false,Web,"#N/A","#N/A",Medium,"#N/A",New,Subject_fdqbn,"#N/A","#N/A","#N/A","#N/A","#N/A"
68252b21-9182-4674-a724-b8bceaecac47,"#N/A","#N/A",false,Web,"#N/A","#N/A",Medium,"#N/A",New,Subject_izynf,"#N/A","#N/A","#N/A","#N/A","#N/A"
6825d317-16fe-4ac9-8408-a04f27f419cd,"#N/A","#N/A",false,Web,"#N/A","#N/A",Medium,"#N/A",New,Subject_lbekr,"#N/A","#N/A","#N/A","#N/A","#N/A"
682bf076-098c-455b-abc7-0b63b1072d9f,"#N/A","#N/A",false,Web,"#N/A","#N/A",Medium,"#N/A",New,Subject_qffee,"#N/A","#N/A","#N/A","#N/A","#N/A"
682bfa47-4824-4c28-85f1-77d7502ef2fd,"#N/A","#N/A",false,Web,"#N/A","#N/A",Medium,"#N/A",New,Subject_iojlz,"#N/A","#N/A","#N/A","#N/A","#N/A"
682c4c0a-c129-4c8d-b30c-d7896b5bf476,"#N/A","#N/A",false,Web,"#N/A","#N/A",Medium,"#N/A",New,Subject_lykdi,"#N/A","#N/A","#N/A","#N/A","#N/A"
682dd1be-93bc-446a-9b5d-e51d5e150d80,"#N/A","#N/A",false,Web,"#N/A","#N/A",Medium,"#N/A",New,Subject_ssuyn,"#N/A","#N/A","#N/A","#N/A","#N/A"
68324437-164b-4e3a-be16-b3d0429f1f61,"#N/A","#N/A",false,Web,"#N/A","#N/A",Medium,"#N/A",New,Subject_gprjc,"#N/A","#N/A","#N/A","#N/A","#N/A"
6832dc7c-5795-4ac7-885a-0e37b0ba821c,"#N/A","#N/A",false,Web,"#N/A","#N/A",Medium,"#N/A",New,Subject_ifkrh,"#N/A","#N/A","#N/A","#N/A","#N/A"
6837d4fb-8366-43de-b0a5-bff0d817fd09,"#N/A","#N/A",false,Web,"#N/A","#N/A",Medium,"#N/A",New,Subject_rdemk,"#N/A","#N/A","#N/A","#N/A","#N/A"
683b510b-5ed6-44da-b85f-da97a4bcdceb,"#N/A","#N/A",false,Web,"#N/A","#N/A",Medium,"#N/A",New,Subject_kqcmg,"#N/A","#N/A","#N/A","#N/A","#N/A"
683cac48-8e7c-49c7-ac4b-fe97aaccabe8,"#N/A","#N/A",false,Web,"#N/A","#N/A",Medium,"#N/A",New,Subject_glqcz,"#N/A","#N/A","#N/A","#N/A","#N/A"
683d053d-6304-4180-bfb8-c9e570be2433,"#N/A","#N/A",false,Web,"#N/A","#N/A",Medium,"#N/A",New,Subject_szlik,"#N/A","#N/A","#N/A","#N/A","#N/A"
683d38c7-b8ad-4c88-82bf-f643e812d532,"#N/A","#N/A",false,Web,"#N/A","#N/A",Medium,"#N/A",New,Subject_mvshj,"#N/A","#N/A","#N/A","#N/A","#N/A"
683e848e-fceb-4d8c-9851-a1e96115f85b,"#N/A","#N/A",false,Web,"#N/A","#N/A",Medium,"#N/A",New,Subject_toraw,"#N/A","#N/A","#N/A","#N/A","#N/A"
683e9eaa-3996-4436-b0a8-14756ada4c40,"#N/A","#N/A",false,Web,"#N/A","#N/A",Medium,"#N/A",New,Subject_iiieq,"#N/A","#N/A","#N/A","#N/A","#N/A"
683ed8a8-477b-4483-ab06-7c08e79410a7,"#N/A","#N/A",false,Web,"#N/A","#N/A",Medium,"#N/A",New,Subject_gdijc,"#N/A","#N/A","#N/A","#N/A","#N/A"
683fadf1-b65f-4bd0-978b-22a374bf271c,"#N/A","#N/A",false,Web,"#N/A","#N/A",Medium,"#N/A",New,Subject_bqlbr,"#N/A","#N/A","#N/A","#N/A","#N/A"
684b51fb-7887-4790-8490-966389c08dc9,"#N/A","#N/A",false,Web,"#N/A","#N/A",Medium,"#N/A",New,Subject_rhylh,"#N/A","#N/A","#N/A","#N/A","#N/A"
684d1ff6-6258-4e27-84c9-3619f64daa83,"#N/A","#N/A",false,Web,"#N/A","#N/A",Medium,"#N/A",New,Subject_xhysw,"#N/A","#N/A","#N/A","#N/A","#N/A"
684d721a-8baa-41f1-b876-c5b66516f7de,"#N/A","#N/A",false,Web,"#N/A","#N/A",Medium,"#N/A",New,Subject_xverq,"#N/A","#N/A","#N/A","#N/A","#N/A"
684eebef-1e47-4ea3-aed9-0cb220804c38,"#N/A","#N/A",false,Web,"#N/A","#N/A",Medium,"#N/A",New,Subject_hbxvn,"#N/A","#N/A","#N/A","#N/A","#N/A"
684ffb1b-e1dc-4920-b37f-851d75119ff6,"#N/A","#N/A",false,Web,"#N/A","#N/A",Medium,"#N/A",New,Subject_zamzl,"#N/A","#N/A","#N/A","#N/A","#N/A"
68520377-cc82-4b3e-aba2-cc0e8310907a,"#N/A","#N/A",false,Web,"#N/A","#N/A",Medium,"#N/A",New,Subject_hxkpr,"#N/A","#N/A","#N/A","#N/A","#N/A"
6854e5be-964c-474f-a7f3-af43402860ff,"#N/A","#N/A",false,Web,"#N/A","#N/A",Medium,"#N/A",New,Subject_xywwg,"#N/A","#N/A","#N/A","#N/A","#N/A"
68570824-8877-483b-bd3a-6e729ad8cd7e,"#N/A","#N/A",false,Web,"#N/A","#N/A",Medium,"#N/A",New,Subject_uxmct,"#N/A","#N/A","#N/A","#N/A","#N/A"
6859cfe3-7dad-44f2-9f83-f15d060274c0,"#N/A","#N/A",false,Web,"#N/A","#N/A",Medium,"#N/A",New,Subject_pajel,"#N/A","#N/A","#N/A","#N/A","#N/A"
685b7154-d7a4-4da8-837b-8f6c05b6d8a8,"#N/A","#N/A",false,Web,"#N/A","#N/A",Medium,"#N/A",New,Subject_lmyis,"#N/A","#N/A","#N/A","#N/A","#N/A"
685b9b5a-65cb-46c7-9b75-daa3f920f2e8,"#N/A","#N/A",false,Web,"#N/A","#N/A",Medium,"#N/A",New,Subject_wnppf,"#N/A","#N/A","#N/A","#N/A","#N/A"
685def45-32e8-4f29-9a74-d933b8e27e33,"#N/A","#N/A",false,Web,"#N/A","#N/A",Medium,"#N/A",New,Subject_fomnb,"#N/A","#N/A","#N/A","#N/A","#N/A"
685e6f61-84c1-4ac7-8b37-6898bfc630a7,"#N/A","#N/A",false,Web,"#N/A","#N/A",Medium,"#N/A",New,Subject_tkinf,"#N/A","#N/A","#N/A","#N/A","#N/A"
685fcf10-6e80-40d7-ad99-e5c7f4ba5a32,"#N/A","#N/A",false,Web,"#N/A","#N/A",Medium,"#N/A",New,Subject_wpbar,"#N/A","#N/A","#N/A","#N/A","#N/A"
6862470a-92f8-4263-9aaf-507ba80bc5a6,"#N/A","#N/A",false,Web,"#N/A","#N/A",Medium,"#N/A",New,Subject_rxoad,"#N/A","#N/A","#N/A","#N/A","#N/A"
68652336-a646-448f-ba30-4383e62a1028,"#N/A","#N/A",false,Web,"#N/A","#N/A",Medium,"#N/A",New,Subject_tuueq,"#N/A","#N/A","#N/A","#N/A","#N/A"
6865c08b-6cec-474d-8b33-20b932f4a059,"#N/A","#N/A",false,Web,"#N/A","#N/A",Medium,"#N/A",New,Subject_ghzcb,"#N/A","#N/A","#N/A","#N/A","#N/A"
68662dc4-4fc3-473c-a150-1e9f2f955247,"#N/A","#N/A",false,Web,"#N/A","#N/A",Medium,"#N/A",New,Subject_btzqz,"#N/A","#N/A","#N/A","#N/A","#N/A"
68663614-841c-4ff2-85aa-7454bb9b1388,"#N/A","#N/A",false,Web,"#N/A","#N/A",Medium,"#N/A",New,Subject_nitfp,"#N/A","#N/A","#N/A","#N/A","#N/A"
686d6014-a4c2-42df-b163-e00dac270911,"#N/A","#N/A",false,Web,"#N/A","#N/A",Medium,"#N/A",New,Subject_fnjyt,"#N/A","#N/A","#N/A","#N/A","#N/A"
68714d30-a11b-487f-b177-c9f948b09a73,"#N/A","#N/A",false,Web,"#N/A","#N/A",Medium,"#N/A",New,Subject_blwlj,"#N/A","#N/A","#N/A","#N/A","#N/A"
68719ec4-4306-4f74-9fff-e1bab0e16eef,"#N/A","#N/A",false,Web,"#N/A","#N/A",Medium,"#N/A",New,Subject_arzmg,"#N/A","#N/A","#N/A","#N/A","#N/A"
68757708-8f15-4eb2-8e43-a2703c0b6c5f,"#N/A","#N/A",false,Web,"#N/A","#N/A",Medium,"#N/A",New,Subject_aqfkd,"#N/A","#N/A","#N/A","#N/A","#N/A"
6877e33b-c6e5-41a1-aea1-08a1848a33e4,"#N/A","#N/A",false,Web,"#N/A","#N/A",Medium,"#N/A",New,Subject_jkdfi,"#N/A","#N/A","#N/A","#N/A","#N/A"
68809866-b83e-48c2-af58-e80b3fac1ff2,"#N/A","#N/A",false,Web,"#N/A","#N/A",Medium,"#N/A",New,Subject_hesmn,"#N/A","#N/A","#N/A","#N/A","#N/A"
6882c800-9c80-41f3-8973-3d554aab720f,"#N/A","#N/A",false,Web,"#N/A","#N/A",Medium,"#N/A",New,Subject_xkiga,"#N/A","#N/A","#N/A","#N/A","#N/A"
6882fe9e-e34c-49ff-b022-43e96df289ef,"#N/A","#N/A",false,Web,"#N/A","#N/A",Medium,"#N/A",New,Subject_beaqo,"#N/A","#N/A","#N/A","#N/A","#N/A"
688950fe-8851-4103-a9d4-b640969124d9,"#N/A","#N/A",false,Web,"#N/A","#N/A",Medium,"#N/A",New,Subject_mcjea,"#N/A","#N/A","#N/A","#N/A","#N/A"
688b946d-b138-49b2-8cad-d7d339312ea8,"#N/A","#N/A",false,Web,"#N/A","#N/A",Medium,"#N/A",New,Subject_itigo,"#N/A","#N/A","#N/A","#N/A","#N/A"
6893e0d5-d32c-49d3-820d-ff2dc1c3aa8b,"#N/A","#N/A",false,Web,"#N/A","#N/A",Medium,"#N/A",New,Subject_hvhus,"#N/A","#N/A","#N/A","#N/A","#N/A"
68950836-12f7-4110-879f-51e320f798cc,"#N/A","#N/A",false,Web,"#N/A","#N/A",Medium,"#N/A",New,Subject_lpbvi,"#N/A","#N/A","#N/A","#N/A","#N/A"
6897cdd6-8c32-453b-a7d7-d3b1c0cdcb13,"#N/A","#N/A",false,Web,"#N/A","#N/A",Medium,"#N/A",New,Subject_fgxkq,"#N/A","#N/A","#N/A","#N/A","#N/A"
689890ed-9ec2-4c5d-8461-4b8f808d5b05,"#N/A","#N/A",false,Web,"#N/A","#N/A",Medium,"#N/A",New,Subject_byaqg,"#N/A","#N/A","#N/A","#N/A","#N/A"
689a3c13-f693-4518-986a-c7f39aee66c3,"#N/A","#N/A",false,Web,"#N/A","#N/A",Medium,"#N/A",New,Subject_muini,"#N/A","#N/A","#N/A","#N/A","#N/A"
689aff61-7e3d-4b35-9c56-124e1efdbd13,"#N/A","#N/A",false,Web,"#N/A","#N/A",Medium,"#N/A",New,Subject_jdvas,"#N/A","#N/A","#N/A","#N/A","#N/A"
689ce8a5-df5e-44bb-a742-2ca1f119dc17,"#N/A","#N/A",false,Web,"#N/A","#N/A",Medium,"#N/A",New,Subject_gljry,"#N/A","#N/A","#N/A","#N/A","#N/A"
68a598c9-f33d-4474-893a-ffaf0b73b2c9,"#N/A","#N/A",false,Web,"#N/A","#N/A",Medium,"#N/A",New,Subject_ltvhn,"#N/A","#N/A","#N/A","#N/A","#N/A"
68a669d3-c993-4677-9e53-2bc8755cff08,"#N/A","#N/A",false,Web,"#N/A","#N/A",Medium,"#N/A",New,Subject_oirfp,"#N/A","#N/A","#N/A","#N/A","#N/A"
68a6aa6b-4911-4259-a55e-ca8b4a8adcef,"#N/A","#N/A",false,Web,"#N/A","#N/A",Medium,"#N/A",New,Subject_yzegt,"#N/A","#N/A","#N/A","#N/A","#N/A"
68a76d64-0bea-4e0f-b765-358f1a654c8f,"#N/A","#N/A",false,Web,"#N/A","#N/A",Medium,"#N/A",New,Subject_pubso,"#N/A","#N/A","#N/A","#N/A","#N/A"
68aac033-4f06-4313-8817-1f346693ea32,"#N/A","#N/A",false,Web,"#N/A","#N/A",Medium,"#N/A",New,Subject_ycfwd,"#N/A","#N/A","#N/A","#N/A","#N/A"
68ad6017-88be-4177-9244-58dfbd0c635f,"#N/A","#N/A",false,Web,"#N/A","#N/A",Medium,"#N/A",New,Subject_kawlm,"#N/A","#N/A","#N/A","#N/A","#N/A"
68b53632-1ccc-4a06-98c2-6575c4b15f21,"#N/A","#N/A",false,Web,"#N/A","#N/A",Medium,"#N/A",New,Subject_wbpyo,"#N/A","#N/A","#N/A","#N/A","#N/A"
68b828e4-c0e3-46bc-8b1e-8dabd2efd33d,"#N/A","#N/A",false,Web,"#N/A","#N/A",Medium,"#N/A",New,Subject_arawp,"#N/A","#N/A","#N/A","#N/A","#N/A"
68bc2590-1c9c-4723-bc29-b1fa7fcd2462,"#N/A","#N/A",false,Web,"#N/A","#N/A",Medium,"#N/A",New,Subject_jsndy,"#N/A","#N/A","#N/A","#N/A","#N/A"
68bc29b7-9d7a-4489-99dc-f65275ce9359,"#N/A","#N/A",false,Web,"#N/A","#N/A",Medium,"#N/A",New,Subject_dtxje,"#N/A","#N/A","#N/A","#N/A","#N/A"
68c0710b-4040-4a57-9104-c680eac7605f,"#N/A","#N/A",false,Web,"#N/A","#N/A",Medium,"#N/A",New,Subject_iwoxv,"#N/A","#N/A","#N/A","#N/A","#N/A"
68c172fd-bb6f-4eba-b1d2-a417c7fabb52,"#N/A","#N/A",false,Web,"#N/A","#N/A",Medium,"#N/A",New,Subject_qszzy,"#N/A","#N/A","#N/A","#N/A","#N/A"
68c2a45d-357e-4236-b45e-acc5512f88c7,"#N/A","#N/A",false,Web,"#N/A","#N/A",Medium,"#N/A",New,Subject_oqinz,"#N/A","#N/A","#N/A","#N/A","#N/A"
68c36398-716f-44ca-b66e-27bf77d9e0c6,"#N/A","#N/A",false,Web,"#N/A","#N/A",Medium,"#N/A",New,Subject_afbvw,"#N/A","#N/A","#N/A","#N/A","#N/A"
68c383b7-c9f0-419b-b686-8e217cfea984,"#N/A","#N/A",false,Web,"#N/A","#N/A",Medium,"#N/A",New,Subject_odxsl,"#N/A","#N/A","#N/A","#N/A","#N/A"
68c60b23-0531-47d6-9b5b-c6a809aa0a99,"#N/A","#N/A",false,Web,"#N/A","#N/A",Medium,"#N/A",New,Subject_ukvnq,"#N/A","#N/A","#N/A","#N/A","#N/A"
68c974aa-98aa-486d-9149-89cdad17f4d4,"#N/A","#N/A",false,Web,"#N/A","#N/A",Medium,"#N/A",New,Subject_njioi,"#N/A","#N/A","#N/A","#N/A","#N/A"
68c9f7a7-a493-4094-8262-73d726284b2d,"#N/A","#N/A",false,Web,"#N/A","#N/A",Medium,"#N/A",New,Subject_hdaku,"#N/A","#N/A","#N/A","#N/A","#N/A"
68cb2e4f-352a-4076-a25a-1d783dec270a,"#N/A","#N/A",false,Web,"#N/A","#N/A",Medium,"#N/A",New,Subject_ttgwq,"#N/A","#N/A","#N/A","#N/A","#N/A"
68cb39f5-2131-4de5-b7a2-cb38d1ce38c7,"#N/A","#N/A",false,Web,"#N/A","#N/A",Medium,"#N/A",New,Subject_vzrmq,"#N/A","#N/A","#N/A","#N/A","#N/A"
68d033e4-de50-4de6-ade0-24e8fc65113a,"#N/A","#N/A",false,Web,"#N/A","#N/A",Medium,"#N/A",New,Subject_bjblk,"#N/A","#N/A","#N/A","#N/A","#N/A"
68d2702d-0c18-40c6-b993-12e0678fda9a,"#N/A","#N/A",false,Web,"#N/A","#N/A",Medium,"#N/A",New,Subject_mbrzs,"#N/A","#N/A","#N/A","#N/A","#N/A"
68d38370-91e7-418f-a83f-7f13053a7b13,"#N/A","#N/A",false,Web,"#N/A","#N/A",Medium,"#N/A",New,Subject_csjmj,"#N/A","#N/A","#N/A","#N/A","#N/A"
68d497d1-dc95-4e74-b1d0-0f37c16c9270,"#N/A","#N/A",false,Web,"#N/A","#N/A",Medium,"#N/A",New,Subject_esvba,"#N/A","#N/A","#N/A","#N/A","#N/A"
68d88c74-39ca-4417-93e9-52ed77aa4728,"#N/A","#N/A",false,Web,"#N/A","#N/A",Medium,"#N/A",New,Subject_zmvmi,"#N/A","#N/A","#N/A","#N/A","#N/A"
68db2d1d-0bfc-42a4-a572-8c17fa4ee416,"#N/A","#N/A",false,Web,"#N/A","#N/A",Medium,"#N/A",New,Subject_osnwp,"#N/A","#N/A","#N/A","#N/A","#N/A"
68dd916e-54e1-4279-a184-e7bd9ad7d3b7,"#N/A","#N/A",false,Web,"#N/A","#N/A",Medium,"#N/A",New,Subject_fhknt,"#N/A","#N/A","#N/A","#N/A","#N/A"
68df1089-40f8-4224-88a4-d9f455307931,"#N/A","#N/A",false,Web,"#N/A","#N/A",Medium,"#N/A",New,Subject_fndya,"#N/A","#N/A","#N/A","#N/A","#N/A"
68e16328-311b-4f00-8407-136a501f68c2,"#N/A","#N/A",false,Web,"#N/A","#N/A",Medium,"#N/A",New,Subject_zqren,"#N/A","#N/A","#N/A","#N/A","#N/A"
68e28070-8c34-4f2e-bd6d-d4535d1c7a31,"#N/A","#N/A",false,Web,"#N/A","#N/A",Medium,"#N/A",New,Subject_ucmxw,"#N/A","#N/A","#N/A","#N/A","#N/A"
68e3c430-4edd-43ac-9f8a-eebef666521d,"#N/A","#N/A",false,Web,"#N/A","#N/A",Medium,"#N/A",New,Subject_zbbzm,"#N/A","#N/A","#N/A","#N/A","#N/A"
68e4cb23-1783-4453-aac5-481c996e5754,"#N/A","#N/A",false,Web,"#N/A","#N/A",Medium,"#N/A",New,Subject_bseqm,"#N/A","#N/A","#N/A","#N/A","#N/A"
68e9271c-0094-412a-9a8f-44b4bfe8372a,"#N/A","#N/A",false,Web,"#N/A","#N/A",Medium,"#N/A",New,Subject_dfkqs,"#N/A","#N/A","#N/A","#N/A","#N/A"
68eabdf6-a3b1-4bc7-a553-5fb0a373e8a4,"#N/A","#N/A",false,Web,"#N/A","#N/A",Medium,"#N/A",New,Subject_czsyt,"#N/A","#N/A","#N/A","#N/A","#N/A"
68f47562-00d8-4355-b695-c8d3dc31a83f,"#N/A","#N/A",false,Web,"#N/A","#N/A",Medium,"#N/A",New,Subject_idfnx,"#N/A","#N/A","#N/A","#N/A","#N/A"
68f58950-0f33-410a-8d40-42a350baa0e7,"#N/A","#N/A",false,Web,"#N/A","#N/A",Medium,"#N/A",New,Subject_nvqsy,"#N/A","#N/A","#N/A","#N/A","#N/A"
68f5e6de-20f8-466e-870f-3bd0663cfc90,"#N/A","#N/A",false,Web,"#N/A","#N/A",Medium,"#N/A",New,Subject_gjahg,"#N/A","#N/A","#N/A","#N/A","#N/A"
68fa7c79-9e99-49e9-9ffa-69efcf649830,"#N/A","#N/A",false,Web,"#N/A","#N/A",Medium,"#N/A",New,Subject_ncvbm,"#N/A","#N/A","#N/A","#N/A","#N/A"
68faafe4-e681-420f-af5c-7fc8963dd5c8,"#N/A","#N/A",false,Web,"#N/A","#N/A",Medium,"#N/A",New,Subject_jlrvo,"#N/A","#N/A","#N/A","#N/A","#N/A"
68ff78b3-1d95-49da-8d61-e07af2f45d0c,"#N/A","#N/A",false,Web,"#N/A","#N/A",Medium,"#N/A",New,Subject_nrbss,"#N/A","#N/A","#N/A","#N/A","#N/A"
69012774-0c60-45c9-ac23-60bc8e6e485d,"#N/A","#N/A",false,Web,"#N/A","#N/A",Medium,"#N/A",New,Subject_kwhsv,"#N/A","#N/A","#N/A","#N/A","#N/A"
69040243-4b3f-4730-b9b5-bb324d49e9e3,"#N/A","#N/A",false,Web,"#N/A","#N/A",Medium,"#N/A",New,Subject_awbfq,"#N/A","#N/A","#N/A","#N/A","#N/A"
6906a1b4-2a2f-43ce-9323-26ebeddcd68d,"#N/A","#N/A",false,Web,"#N/A","#N/A",Medium,"#N/A",New,Subject_mwzsk,"#N/A","#N/A","#N/A","#N/A","#N/A"
690b0ed4-e861-4eb0-8438-f0c426091a91,"#N/A","#N/A",false,Web,"#N/A","#N/A",Medium,"#N/A",New,Subject_mxvts,"#N/A","#N/A","#N/A","#N/A","#N/A"
690f4bf3-f769-4ce5-839f-3b38d4d6a8d3,"#N/A","#N/A",false,Web,"#N/A","#N/A",Medium,"#N/A",New,Subject_igwsm,"#N/A","#N/A","#N/A","#N/A","#N/A"
6913e1f4-3e1a-4f2d-bd4b-5999670dd84e,"#N/A","#N/A",false,Web,"#N/A","#N/A",Medium,"#N/A",New,Subject_idjeo,"#N/A","#N/A","#N/A","#N/A","#N/A"
6919fa99-e5b9-4673-a829-614ee2368d07,"#N/A","#N/A",false,Web,"#N/A","#N/A",Medium,"#N/A",New,Subject_uozjb,"#N/A","#N/A","#N/A","#N/A","#N/A"
691a9e9d-1c5b-4476-ae18-6ef77ad33f79,"#N/A","#N/A",false,Web,"#N/A","#N/A",Medium,"#N/A",New,Subject_eolvr,"#N/A","#N/A","#N/A","#N/A","#N/A"
691eaecc-2f27-4fe8-98cf-9d9c35eaced8,"#N/A","#N/A",false,Web,"#N/A","#N/A",Medium,"#N/A",New,Subject_gikxg,"#N/A","#N/A","#N/A","#N/A","#N/A"
691ebd12-9048-4b77-93f0-328d341584d1,"#N/A","#N/A",false,Web,"#N/A","#N/A",Medium,"#N/A",New,Subject_vclqu,"#N/A","#N/A","#N/A","#N/A","#N/A"
6926d585-ef8e-4904-ab08-8e3adc77fd3c,"#N/A","#N/A",false,Web,"#N/A","#N/A",Medium,"#N/A",New,Subject_glhlb,"#N/A","#N/A","#N/A","#N/A","#N/A"
6929e0e8-b275-4dde-a43d-9732bc895f4e,"#N/A","#N/A",false,Web,"#N/A","#N/A",Medium,"#N/A",New,Subject_wcgns,"#N/A","#N/A","#N/A","#N/A","#N/A"
692d8d5c-a6f3-4728-a83f-38e72ccab276,"#N/A","#N/A",false,Web,"#N/A","#N/A",Medium,"#N/A",New,Subject_anokv,"#N/A","#N/A","#N/A","#N/A","#N/A"
692dd94a-6298-4e94-b802-d9e3839a3888,"#N/A","#N/A",false,Web,"#N/A","#N/A",Medium,"#N/A",New,Subject_xrdjf,"#N/A","#N/A","#N/A","#N/A","#N/A"
692ebb6a-b8e9-434e-ab37-c7198554aca7,"#N/A","#N/A",false,Web,"#N/A","#N/A",Medium,"#N/A",New,Subject_ummck,"#N/A","#N/A","#N/A","#N/A","#N/A"
6930408d-1e23-4256-bcb9-18b1b4e7ed39,"#N/A","#N/A",false,Web,"#N/A","#N/A",Medium,"#N/A",New,Subject_fahna,"#N/A","#N/A","#N/A","#N/A","#N/A"
693201ac-ee68-4885-983f-7e8f6bfc07ed,"#N/A","#N/A",false,Web,"#N/A","#N/A",Medium,"#N/A",New,Subject_jweyw,"#N/A","#N/A","#N/A","#N/A","#N/A"
69324f89-1de6-4ecc-8a61-88f5947bdc7d,"#N/A","#N/A",false,Web,"#N/A","#N/A",Medium,"#N/A",New,Subject_mbjtz,"#N/A","#N/A","#N/A","#N/A","#N/A"
69329637-cf7a-4c0e-9bfd-e13ae9ce2fd1,"#N/A","#N/A",false,Web,"#N/A","#N/A",Medium,"#N/A",New,Subject_ichke,"#N/A","#N/A","#N/A","#N/A","#N/A"
6937bb42-898e-44a1-a494-49724b114e19,"#N/A","#N/A",false,Web,"#N/A","#N/A",Medium,"#N/A",New,Subject_pwuqk,"#N/A","#N/A","#N/A","#N/A","#N/A"
69389946-ba74-46ea-be09-7415a6684c51,"#N/A","#N/A",false,Web,"#N/A","#N/A",Medium,"#N/A",New,Subject_aitla,"#N/A","#N/A","#N/A","#N/A","#N/A"
694488ca-8a5e-4a59-b91a-eef933ab91d2,"#N/A","#N/A",false,Web,"#N/A","#N/A",Medium,"#N/A",New,Subject_zejro,"#N/A","#N/A","#N/A","#N/A","#N/A"
6945f17b-4fac-4ad5-bacb-cf71334d195f,"#N/A","#N/A",false,Web,"#N/A","#N/A",Medium,"#N/A",New,Subject_htspo,"#N/A","#N/A","#N/A","#N/A","#N/A"
694a2f49-ecf1-45f9-a21e-d8d41ed66032,"#N/A","#N/A",false,Web,"#N/A","#N/A",Medium,"#N/A",New,Subject_mjvkb,"#N/A","#N/A","#N/A","#N/A","#N/A"
694cc257-eb59-4ef2-87ba-8e5db44e476f,"#N/A","#N/A",false,Web,"#N/A","#N/A",Medium,"#N/A",New,Subject_aqrkj,"#N/A","#N/A","#N/A","#N/A","#N/A"
694d3427-fa78-473a-a1a7-ba25c9d72558,"#N/A","#N/A",false,Web,"#N/A","#N/A",Medium,"#N/A",New,Subject_stfgu,"#N/A","#N/A","#N/A","#N/A","#N/A"
694dccda-9e79-4eea-9a7a-198e4e092465,"#N/A","#N/A",false,Web,"#N/A","#N/A",Medium,"#N/A",New,Subject_hfoui,"#N/A","#N/A","#N/A","#N/A","#N/A"
6951f0a0-c77d-4f9a-8152-4a135215bf63,"#N/A","#N/A",false,Web,"#N/A","#N/A",Medium,"#N/A",New,Subject_rbbcn,"#N/A","#N/A","#N/A","#N/A","#N/A"
69578b2e-0d59-47f7-84fa-4f59e439c726,"#N/A","#N/A",false,Web,"#N/A","#N/A",Medium,"#N/A",New,Subject_rwuhc,"#N/A","#N/A","#N/A","#N/A","#N/A"
6959d03d-ac3a-4f0c-bf75-739174736787,"#N/A","#N/A",false,Web,"#N/A","#N/A",Medium,"#N/A",New,Subject_tnxtm,"#N/A","#N/A","#N/A","#N/A","#N/A"
695d3a10-5421-4e31-8942-59523f6813fd,"#N/A","#N/A",false,Web,"#N/A","#N/A",Medium,"#N/A",New,Subject_hhoke,"#N/A","#N/A","#N/A","#N/A","#N/A"
695da69d-ae72-42c8-bab7-200c6eefa83d,"#N/A","#N/A",false,Web,"#N/A","#N/A",Medium,"#N/A",New,Subject_sfphb,"#N/A","#N/A","#N/A","#N/A","#N/A"
69607091-ac64-489c-8888-03b3ea6460a3,"#N/A","#N/A",false,Web,"#N/A","#N/A",Medium,"#N/A",New,Subject_jetdt,"#N/A","#N/A","#N/A","#N/A","#N/A"
6964227f-9c8f-4200-95e3-d0d655a31989,"#N/A","#N/A",false,Web,"#N/A","#N/A",Medium,"#N/A",New,Subject_lbaqw,"#N/A","#N/A","#N/A","#N/A","#N/A"
696454a2-9291-49f9-b93c-6abf5944d0fa,"#N/A","#N/A",false,Web,"#N/A","#N/A",Medium,"#N/A",New,Subject_mcfzr,"#N/A","#N/A","#N/A","#N/A","#N/A"
6966e764-285b-4541-865f-d2728c91abf2,"#N/A","#N/A",false,Web,"#N/A","#N/A",Medium,"#N/A",New,Subject_uooel,"#N/A","#N/A","#N/A","#N/A","#N/A"
69673d88-0d83-40f6-96ee-35be17057b17,"#N/A","#N/A",false,Web,"#N/A","#N/A",Medium,"#N/A",New,Subject_hcybs,"#N/A","#N/A","#N/A","#N/A","#N/A"
696b4d70-3d76-4117-94bf-d054555ce543,"#N/A","#N/A",false,Web,"#N/A","#N/A",Medium,"#N/A",New,Subject_bwhqd,"#N/A","#N/A","#N/A","#N/A","#N/A"
696b6b1d-e8ac-4690-9f0c-ec256086a73b,"#N/A","#N/A",false,Web,"#N/A","#N/A",Medium,"#N/A",New,Subject_iqnyc,"#N/A","#N/A","#N/A","#N/A","#N/A"
696b83dc-dece-49bc-80dd-bb4a636be7fb,"#N/A","#N/A",false,Web,"#N/A","#N/A",Medium,"#N/A",New,Subject_poclz,"#N/A","#N/A","#N/A","#N/A","#N/A"
696c3faa-da0a-4a93-819f-5991cacb78ba,"#N/A","#N/A",false,Web,"#N/A","#N/A",Medium,"#N/A",New,Subject_qhdig,"#N/A","#N/A","#N/A","#N/A","#N/A"
696d3840-74d1-424e-902c-c62a480fbb13,"#N/A","#N/A",false,Web,"#N/A","#N/A",Medium,"#N/A",New,Subject_ihpjq,"#N/A","#N/A","#N/A","#N/A","#N/A"
69704b4b-b36b-4e74-b6f4-8f4f8f2a2edb,"#N/A","#N/A",false,Web,"#N/A","#N/A",Medium,"#N/A",New,Subject_uxaxw,"#N/A","#N/A","#N/A","#N/A","#N/A"
6971c5be-4cd1-4121-bc14-57d18b2299ca,"#N/A","#N/A",false,Web,"#N/A","#N/A",Medium,"#N/A",New,Subject_undfj,"#N/A","#N/A","#N/A","#N/A","#N/A"
69720830-f534-4a85-988a-5d1cbe6632af,"#N/A","#N/A",false,Web,"#N/A","#N/A",Medium,"#N/A",New,Subject_qvhjc,"#N/A","#N/A","#N/A","#N/A","#N/A"
697b39dc-eb2d-4730-9668-4ebe947061bf,"#N/A","#N/A",false,Web,"#N/A","#N/A",Medium,"#N/A",New,Subject_paxxs,"#N/A","#N/A","#N/A","#N/A","#N/A"
697b3e70-7922-4d07-be02-9792e4f3b00d,"#N/A","#N/A",false,Web,"#N/A","#N/A",Medium,"#N/A",New,Subject_fewai,"#N/A","#N/A","#N/A","#N/A","#N/A"
697c4182-7dda-40a7-abee-733c2b2a9732,"#N/A","#N/A",false,Web,"#N/A","#N/A",Medium,"#N/A",New,Subject_crjzj,"#N/A","#N/A","#N/A","#N/A","#N/A"
6983b342-cce1-4262-8a98-bf50c21c13ca,"#N/A","#N/A",false,Web,"#N/A","#N/A",Medium,"#N/A",New,Subject_dnzsh,"#N/A","#N/A","#N/A","#N/A","#N/A"
69844651-ad22-4808-ae24-1fe1e0c719e4,"#N/A","#N/A",false,Web,"#N/A","#N/A",Medium,"#N/A",New,Subject_fzlkf,"#N/A","#N/A","#N/A","#N/A","#N/A"
6984729d-3209-4201-b8f0-dc365cc625f4,"#N/A","#N/A",false,Web,"#N/A","#N/A",Medium,"#N/A",New,Subject_tepmw,"#N/A","#N/A","#N/A","#N/A","#N/A"
69863a90-9deb-450d-80bb-cf74543e0da0,"#N/A","#N/A",false,Web,"#N/A","#N/A",Medium,"#N/A",New,Subject_vprif,"#N/A","#N/A","#N/A","#N/A","#N/A"
69897806-5b72-4525-b2df-feb340c4cccd,"#N/A","#N/A",false,Web,"#N/A","#N/A",Medium,"#N/A",New,Subject_vkjed,"#N/A","#N/A","#N/A","#N/A","#N/A"
698b1a45-7e8e-4c9c-b2ae-ca86e4f38dc4,"#N/A","#N/A",false,Web,"#N/A","#N/A",Medium,"#N/A",New,Subject_iacgq,"#N/A","#N/A","#N/A","#N/A","#N/A"
6991b13f-715d-4273-9e34-388986437d95,"#N/A","#N/A",false,Web,"#N/A","#N/A",Medium,"#N/A",New,Subject_tuokz,"#N/A","#N/A","#N/A","#N/A","#N/A"
699cb7a4-d8dd-45b8-861c-a401ff1b81c0,"#N/A","#N/A",false,Web,"#N/A","#N/A",Medium,"#N/A",New,Subject_xgnlw,"#N/A","#N/A","#N/A","#N/A","#N/A"
69a32d4d-c1a9-4df6-b0e7-f627f747b84f,"#N/A","#N/A",false,Web,"#N/A","#N/A",Medium,"#N/A",New,Subject_kektp,"#N/A","#N/A","#N/A","#N/A","#N/A"
69a3bd1d-894d-4576-bdfc-94fab059df89,"#N/A","#N/A",false,Web,"#N/A","#N/A",Medium,"#N/A",New,Subject_nhlfq,"#N/A","#N/A","#N/A","#N/A","#N/A"
69a4962a-abde-40ba-a931-47527b6c5696,"#N/A","#N/A",false,Web,"#N/A","#N/A",Medium,"#N/A",New,Subject_pgcur,"#N/A","#N/A","#N/A","#N/A","#N/A"
69a666d9-89fd-4e26-804d-27a91b610781,"#N/A","#N/A",false,Web,"#N/A","#N/A",Medium,"#N/A",New,Subject_tutfp,"#N/A","#N/A","#N/A","#N/A","#N/A"
69a79bdd-fb05-462d-b3fe-d48a81044d67,"#N/A","#N/A",false,Web,"#N/A","#N/A",Medium,"#N/A",New,Subject_eeqam,"#N/A","#N/A","#N/A","#N/A","#N/A"
69b0c7a3-f7b8-405b-9076-0c495d457e45,"#N/A","#N/A",false,Web,"#N/A","#N/A",Medium,"#N/A",New,Subject_pwljp,"#N/A","#N/A","#N/A","#N/A","#N/A"
69b1b4aa-92a4-45aa-9709-a0709e960608,"#N/A","#N/A",false,Web,"#N/A","#N/A",Medium,"#N/A",New,Subject_itdhr,"#N/A","#N/A","#N/A","#N/A","#N/A"
69b29b74-6693-40b7-942c-b0379280056f,"#N/A","#N/A",false,Web,"#N/A","#N/A",Medium,"#N/A",New,Subject_myaky,"#N/A","#N/A","#N/A","#N/A","#N/A"
69b839a9-da41-4320-93a9-6221704c14a3,"#N/A","#N/A",false,Web,"#N/A","#N/A",Medium,"#N/A",New,Subject_nowjd,"#N/A","#N/A","#N/A","#N/A","#N/A"
69b87d31-f706-418d-aae8-3fca00090f9f,"#N/A","#N/A",false,Web,"#N/A","#N/A",Medium,"#N/A",New,Subject_uicpj,"#N/A","#N/A","#N/A","#N/A","#N/A"
69b991e2-f86a-49c2-a393-8f4e8b4e9898,"#N/A","#N/A",false,Web,"#N/A","#N/A",Medium,"#N/A",New,Subject_ibeci,"#N/A","#N/A","#N/A","#N/A","#N/A"
69b9f6e2-5ac0-4429-8b77-21809c26fb9d,"#N/A","#N/A",false,Web,"#N/A","#N/A",Medium,"#N/A",New,Subject_ssirx,"#N/A","#N/A","#N/A","#N/A","#N/A"
69ba7be7-fd7d-40be-ba68-2e74df9f0791,"#N/A","#N/A",false,Web,"#N/A","#N/A",Medium,"#N/A",New,Subject_ztuzl,"#N/A","#N/A","#N/A","#N/A","#N/A"
69bb5199-d4c1-4c54-a79c-f1eb871b2381,"#N/A","#N/A",false,Web,"#N/A","#N/A",Medium,"#N/A",New,Subject_qukwi,"#N/A","#N/A","#N/A","#N/A","#N/A"
69bb82f4-4dd0-48a1-884e-efeb3addb997,"#N/A","#N/A",false,Web,"#N/A","#N/A",Medium,"#N/A",New,Subject_odtro,"#N/A","#N/A","#N/A","#N/A","#N/A"
69c079a0-6599-4b94-8b66-9fbc007a6a8d,"#N/A","#N/A",false,Web,"#N/A","#N/A",Medium,"#N/A",New,Subject_juhzt,"#N/A","#N/A","#N/A","#N/A","#N/A"
69c64fb9-30b8-46db-8cc9-29309ce4e6a7,"#N/A","#N/A",false,Web,"#N/A","#N/A",Medium,"#N/A",New,Subject_uqbzg,"#N/A","#N/A","#N/A","#N/A","#N/A"
69c72caf-6bba-47fa-8341-7fb0cb79a8a4,"#N/A","#N/A",false,Web,"#N/A","#N/A",Medium,"#N/A",New,Subject_yryqd,"#N/A","#N/A","#N/A","#N/A","#N/A"
69d1e11c-3d26-4cf5-b370-0992c009d16c,"#N/A","#N/A",false,Web,"#N/A","#N/A",Medium,"#N/A",New,Subject_bkwhl,"#N/A","#N/A","#N/A","#N/A","#N/A"
69d8a8d2-09d2-490e-8364-2822551d13e0,"#N/A","#N/A",false,Web,"#N/A","#N/A",Medium,"#N/A",New,Subject_ruwqh,"#N/A","#N/A","#N/A","#N/A","#N/A"
69dce9fb-7022-4d2e-9305-fea0dc4b8577,"#N/A","#N/A",false,Web,"#N/A","#N/A",Medium,"#N/A",New,Subject_somme,"#N/A","#N/A","#N/A","#N/A","#N/A"
69de48fe-3381-4955-b71b-59f94d5dd23b,"#N/A","#N/A",false,Web,"#N/A","#N/A",Medium,"#N/A",New,Subject_nbxgk,"#N/A","#N/A","#N/A","#N/A","#N/A"
69debb04-c46a-4a37-8dd1-23a9a77750ff,"#N/A","#N/A",false,Web,"#N/A","#N/A",Medium,"#N/A",New,Subject_hdzph,"#N/A","#N/A","#N/A","#N/A","#N/A"
69e08f15-19e9-46a9-aef9-6a8b187923c3,"#N/A","#N/A",false,Web,"#N/A","#N/A",Medium,"#N/A",New,Subject_nyqmu,"#N/A","#N/A","#N/A","#N/A","#N/A"
69e0d801-7be1-4573-80af-20cb784d0018,"#N/A","#N/A",false,Web,"#N/A","#N/A",Medium,"#N/A",New,Subject_ktmlo,"#N/A","#N/A","#N/A","#N/A","#N/A"
69e25652-d657-4dc3-99e6-cc75d3a10dc5,"#N/A","#N/A",false,Web,"#N/A","#N/A",Medium,"#N/A",New,Subject_zziyq,"#N/A","#N/A","#N/A","#N/A","#N/A"
69e2a959-5b8a-42b9-86ba-c5f06573e802,"#N/A","#N/A",false,Web,"#N/A","#N/A",Medium,"#N/A",New,Subject_xrhwj,"#N/A","#N/A","#N/A","#N/A","#N/A"
69e48eb4-e898-4150-9717-d8665a572d85,"#N/A","#N/A",false,Web,"#N/A","#N/A",Medium,"#N/A",New,Subject_hmaml,"#N/A","#N/A","#N/A","#N/A","#N/A"
69e7a251-31ac-4bf9-93e4-8c5b518f5295,"#N/A","#N/A",false,Web,"#N/A","#N/A",Medium,"#N/A",New,Subject_fmrqk,"#N/A","#N/A","#N/A","#N/A","#N/A"
69e9dbab-1a19-4c08-b05a-36421104bb69,"#N/A","#N/A",false,Web,"#N/A","#N/A",Medium,"#N/A",New,Subject_pcqki,"#N/A","#N/A","#N/A","#N/A","#N/A"
69ebcf42-a653-4db9-b532-d4c1ef23fc48,"#N/A","#N/A",false,Web,"#N/A","#N/A",Medium,"#N/A",New,Subject_zayzv,"#N/A","#N/A","#N/A","#N/A","#N/A"
69ee1e19-2081-46e8-8475-3eb03cf3bf97,"#N/A","#N/A",false,Web,"#N/A","#N/A",Medium,"#N/A",New,Subject_xqqqg,"#N/A","#N/A","#N/A","#N/A","#N/A"
69f53e8a-4a07-4949-aa57-e4e4aef5e5a2,"#N/A","#N/A",false,Web,"#N/A","#N/A",Medium,"#N/A",New,Subject_lrltp,"#N/A","#N/A","#N/A","#N/A","#N/A"
69f559d2-67f1-491d-b853-65a38e3f4453,"#N/A","#N/A",false,Web,"#N/A","#N/A",Medium,"#N/A",New,Subject_snskj,"#N/A","#N/A","#N/A","#N/A","#N/A"
6a0178dd-7bab-42c5-94ad-51801e189738,"#N/A","#N/A",false,Web,"#N/A","#N/A",Medium,"#N/A",New,Subject_tbtbf,"#N/A","#N/A","#N/A","#N/A","#N/A"
6a025a08-9f89-4f7c-a62b-55270f39e234,"#N/A","#N/A",false,Web,"#N/A","#N/A",Medium,"#N/A",New,Subject_isyhb,"#N/A","#N/A","#N/A","#N/A","#N/A"
6a02d720-cc91-42c4-a7fa-6e289c44241e,"#N/A","#N/A",false,Web,"#N/A","#N/A",Medium,"#N/A",New,Subject_ohcuo,"#N/A","#N/A","#N/A","#N/A","#N/A"
6a03e24e-639e-4ac1-bee0-2256627e62f9,"#N/A","#N/A",false,Web,"#N/A","#N/A",Medium,"#N/A",New,Subject_qvhjc,"#N/A","#N/A","#N/A","#N/A","#N/A"
6a08d764-e0c1-41f3-942b-d7505c325961,"#N/A","#N/A",false,Web,"#N/A","#N/A",Medium,"#N/A",New,Subject_tvysu,"#N/A","#N/A","#N/A","#N/A","#N/A"
6a111b1d-5a4c-4ba3-bee2-c4b3b472690f,"#N/A","#N/A",false,Web,"#N/A","#N/A",Medium,"#N/A",New,Subject_olixi,"#N/A","#N/A","#N/A","#N/A","#N/A"
6a13c753-d717-4c6f-ba36-43ca99c7cea2,"#N/A","#N/A",false,Web,"#N/A","#N/A",Medium,"#N/A",New,Subject_lanhy,"#N/A","#N/A","#N/A","#N/A","#N/A"
6a142360-ec59-492c-b600-024159194353,"#N/A","#N/A",false,Web,"#N/A","#N/A",Medium,"#N/A",New,Subject_ntfxi,"#N/A","#N/A","#N/A","#N/A","#N/A"
6a156036-b325-438d-95dc-81763ebe4649,"#N/A","#N/A",false,Web,"#N/A","#N/A",Medium,"#N/A",New,Subject_yhlfy,"#N/A","#N/A","#N/A","#N/A","#N/A"
6a174e7b-87a3-4ef6-bbde-99d23df14db4,"#N/A","#N/A",false,Web,"#N/A","#N/A",Medium,"#N/A",New,Subject_ubdse,"#N/A","#N/A","#N/A","#N/A","#N/A"
6a1b104b-a62a-4197-948e-d1795084f37c,"#N/A","#N/A",false,Web,"#N/A","#N/A",Medium,"#N/A",New,Subject_gwpqo,"#N/A","#N/A","#N/A","#N/A","#N/A"
6a1ce365-f9a1-40fa-983b-74223d4805dc,"#N/A","#N/A",false,Web,"#N/A","#N/A",Medium,"#N/A",New,Subject_afkyl,"#N/A","#N/A","#N/A","#N/A","#N/A"
6a1d05b8-af11-4bb9-a77e-e80feeac63d3,"#N/A","#N/A",false,Web,"#N/A","#N/A",Medium,"#N/A",New,Subject_feagj,"#N/A","#N/A","#N/A","#N/A","#N/A"
6a1d6773-51fe-4b5f-83e6-c23c79f3e8d3,"#N/A","#N/A",false,Web,"#N/A","#N/A",Medium,"#N/A",New,Subject_uwipn,"#N/A","#N/A","#N/A","#N/A","#N/A"
6a1f271d-d159-4bda-af88-eabe715941e6,"#N/A","#N/A",false,Web,"#N/A","#N/A",Medium,"#N/A",New,Subject_czwhv,"#N/A","#N/A","#N/A","#N/A","#N/A"
6a21189b-0265-4fc1-9e14-ded9a5a1a99e,"#N/A","#N/A",false,Web,"#N/A","#N/A",Medium,"#N/A",New,Subject_rttrv,"#N/A","#N/A","#N/A","#N/A","#N/A"
6a22c505-15e0-4d40-9481-d83d113012f9,"#N/A","#N/A",false,Web,"#N/A","#N/A",Medium,"#N/A",New,Subject_kxlys,"#N/A","#N/A","#N/A","#N/A","#N/A"
6a25b492-07bb-4d66-bd11-a6e32ff6cf74,"#N/A","#N/A",false,Web,"#N/A","#N/A",Medium,"#N/A",New,Subject_ecdzd,"#N/A","#N/A","#N/A","#N/A","#N/A"
6a27bce1-e158-480d-a6de-45564280b6d5,"#N/A","#N/A",false,Web,"#N/A","#N/A",Medium,"#N/A",New,Subject_hnuud,"#N/A","#N/A","#N/A","#N/A","#N/A"
6a2854ab-89a2-42f8-9dce-8515dd22244a,"#N/A","#N/A",false,Web,"#N/A","#N/A",Medium,"#N/A",New,Subject_jexqy,"#N/A","#N/A","#N/A","#N/A","#N/A"
6a2a185c-10af-48db-9ca0-79aaba28f42e,"#N/A","#N/A",false,Web,"#N/A","#N/A",Medium,"#N/A",New,Subject_glzsg,"#N/A","#N/A","#N/A","#N/A","#N/A"
6a2af884-834e-4dba-92fd-dc5919470cde,"#N/A","#N/A",false,Web,"#N/A","#N/A",Medium,"#N/A",New,Subject_yhfac,"#N/A","#N/A","#N/A","#N/A","#N/A"
6a2c1e71-6cf0-456d-af36-300e06ab594d,"#N/A","#N/A",false,Web,"#N/A","#N/A",Medium,"#N/A",New,Subject_aqkbq,"#N/A","#N/A","#N/A","#N/A","#N/A"
6a2d45b0-1c69-4dd0-b39b-e04a0f5396af,"#N/A","#N/A",false,Web,"#N/A","#N/A",Medium,"#N/A",New,Subject_duxnr,"#N/A","#N/A","#N/A","#N/A","#N/A"
6a2f21db-27b9-412f-9fb6-246c4f9d9c5d,"#N/A","#N/A",false,Web,"#N/A","#N/A",Medium,"#N/A",New,Subject_jcslw,"#N/A","#N/A","#N/A","#N/A","#N/A"
6a31514f-ff6d-4db5-acc4-22856fe09527,"#N/A","#N/A",false,Web,"#N/A","#N/A",Medium,"#N/A",New,Subject_dqatl,"#N/A","#N/A","#N/A","#N/A","#N/A"
6a325e18-3865-4438-b0b6-8b2348f9f5be,"#N/A","#N/A",false,Web,"#N/A","#N/A",Medium,"#N/A",New,Subject_hhbnb,"#N/A","#N/A","#N/A","#N/A","#N/A"
6a344543-280e-4b29-8265-fa4399b662d6,"#N/A","#N/A",false,Web,"#N/A","#N/A",Medium,"#N/A",New,Subject_vvnce,"#N/A","#N/A","#N/A","#N/A","#N/A"
6a366f07-9c8e-4baa-903e-d684e8165779,"#N/A","#N/A",false,Web,"#N/A","#N/A",Medium,"#N/A",New,Subject_mvmbp,"#N/A","#N/A","#N/A","#N/A","#N/A"
6a388278-ce37-4a88-9ea4-4940466c5aac,"#N/A","#N/A",false,Web,"#N/A","#N/A",Medium,"#N/A",New,Subject_xcstv,"#N/A","#N/A","#N/A","#N/A","#N/A"
6a388a57-15d8-4c1d-ba02-d11c179be0d1,"#N/A","#N/A",false,Web,"#N/A","#N/A",Medium,"#N/A",New,Subject_krylf,"#N/A","#N/A","#N/A","#N/A","#N/A"
6a3906e2-ff3b-4aa6-9938-f814634c0535,"#N/A","#N/A",false,Web,"#N/A","#N/A",Medium,"#N/A",New,Subject_smfsn,"#N/A","#N/A","#N/A","#N/A","#N/A"
6a399063-82df-452b-991e-bc177312c84a,"#N/A","#N/A",false,Web,"#N/A","#N/A",Medium,"#N/A",New,Subject_jugst,"#N/A","#N/A","#N/A","#N/A","#N/A"
6a3a72bf-952b-4572-86bf-942de66679ff,"#N/A","#N/A",false,Web,"#N/A","#N/A",Medium,"#N/A",New,Subject_vxgzp,"#N/A","#N/A","#N/A","#N/A","#N/A"
6a401acd-4dfa-4e5e-a643-8d498cf88f0a,"#N/A","#N/A",false,Web,"#N/A","#N/A",Medium,"#N/A",New,Subject_lvgob,"#N/A","#N/A","#N/A","#N/A","#N/A"
6a40d184-6d11-4a3b-ae87-9985aa83f222,"#N/A","#N/A",false,Web,"#N/A","#N/A",Medium,"#N/A",New,Subject_hafzh,"#N/A","#N/A","#N/A","#N/A","#N/A"
6a486b69-732e-444c-9939-c1321a04cb15,"#N/A","#N/A",false,Web,"#N/A","#N/A",Medium,"#N/A",New,Subject_tqfmn,"#N/A","#N/A","#N/A","#N/A","#N/A"
6a4bde7e-29f3-463a-86ce-bd4180711862,"#N/A","#N/A",false,Web,"#N/A","#N/A",Medium,"#N/A",New,Subject_iihjb,"#N/A","#N/A","#N/A","#N/A","#N/A"
6a4d2bda-df50-480e-b539-4479eea5d5dc,"#N/A","#N/A",false,Web,"#N/A","#N/A",Medium,"#N/A",New,Subject_jlchl,"#N/A","#N/A","#N/A","#N/A","#N/A"
6a4dc4e0-7db2-4b2e-89ea-297df43f4785,"#N/A","#N/A",false,Web,"#N/A","#N/A",Medium,"#N/A",New,Subject_hepug,"#N/A","#N/A","#N/A","#N/A","#N/A"
6a4f4a4e-08e8-463f-b176-25ea0218f9f1,"#N/A","#N/A",false,Web,"#N/A","#N/A",Medium,"#N/A",New,Subject_sbmpz,"#N/A","#N/A","#N/A","#N/A","#N/A"
6a53aeeb-33a6-464c-808d-5cec4f728871,"#N/A","#N/A",false,Web,"#N/A","#N/A",Medium,"#N/A",New,Subject_wdfib,"#N/A","#N/A","#N/A","#N/A","#N/A"
6a557bb7-75d9-42b0-a760-f608ac844cee,"#N/A","#N/A",false,Web,"#N/A","#N/A",Medium,"#N/A",New,Subject_hgbjl,"#N/A","#N/A","#N/A","#N/A","#N/A"
6a5c0a0d-aed6-49df-905a-c3df792958ef,"#N/A","#N/A",false,Web,"#N/A","#N/A",Medium,"#N/A",New,Subject_nanai,"#N/A","#N/A","#N/A","#N/A","#N/A"
6a5c9fdc-e242-4fd7-9b6d-eaa2dbe7a213,"#N/A","#N/A",false,Web,"#N/A","#N/A",Medium,"#N/A",New,Subject_vlcan,"#N/A","#N/A","#N/A","#N/A","#N/A"
6a63f002-b258-4a66-bcb1-1c20bda08baf,"#N/A","#N/A",false,Web,"#N/A","#N/A",Medium,"#N/A",New,Subject_inkjq,"#N/A","#N/A","#N/A","#N/A","#N/A"
6a653df4-5e48-4323-9088-9e0897ae4106,"#N/A","#N/A",false,Web,"#N/A","#N/A",Medium,"#N/A",New,Subject_yycoe,"#N/A","#N/A","#N/A","#N/A","#N/A"
6a688a00-95d4-4604-915a-7e2cc89873a2,"#N/A","#N/A",false,Web,"#N/A","#N/A",Medium,"#N/A",New,Subject_naobz,"#N/A","#N/A","#N/A","#N/A","#N/A"
6a692006-3560-4ca2-aa67-de76a6c82a8e,"#N/A","#N/A",false,Web,"#N/A","#N/A",Medium,"#N/A",New,Subject_dyegd,"#N/A","#N/A","#N/A","#N/A","#N/A"
6a6a3a47-34c8-43af-a4ee-820cc26354b8,"#N/A","#N/A",false,Web,"#N/A","#N/A",Medium,"#N/A",New,Subject_kcgdq,"#N/A","#N/A","#N/A","#N/A","#N/A"
6a713b83-50bc-474d-b5aa-a204a9fd0d38,"#N/A","#N/A",false,Web,"#N/A","#N/A",Medium,"#N/A",New,Subject_gwpqo,"#N/A","#N/A","#N/A","#N/A","#N/A"
6a75d347-6130-4a7b-9ba8-b4c19122e390,"#N/A","#N/A",false,Web,"#N/A","#N/A",Medium,"#N/A",New,Subject_gswqw,"#N/A","#N/A","#N/A","#N/A","#N/A"
6a7c6b8c-b39b-46f4-bef5-745e1f63ed6e,"#N/A","#N/A",false,Web,"#N/A","#N/A",Medium,"#N/A",New,Subject_zofbh,"#N/A","#N/A","#N/A","#N/A","#N/A"
6a7e3830-fd1f-4c8c-b2b5-8b289f3642d1,"#N/A","#N/A",false,Web,"#N/A","#N/A",Medium,"#N/A",New,Subject_sxdet,"#N/A","#N/A","#N/A","#N/A","#N/A"
6a8253a4-1b83-4edd-acf1-697e54466bac,"#N/A","#N/A",false,Web,"#N/A","#N/A",Medium,"#N/A",New,Subject_ctboj,"#N/A","#N/A","#N/A","#N/A","#N/A"
6a8af973-9572-48c9-bd8b-17df8a81620e,"#N/A","#N/A",false,Web,"#N/A","#N/A",Medium,"#N/A",New,Subject_jqebh,"#N/A","#N/A","#N/A","#N/A","#N/A"
6a8f1bbf-c989-4007-a634-b823541cf517,"#N/A","#N/A",false,Web,"#N/A","#N/A",Medium,"#N/A",New,Subject_mzsrm,"#N/A","#N/A","#N/A","#N/A","#N/A"
6a91a836-6aff-47cb-bec7-43217a4b426b,"#N/A","#N/A",false,Web,"#N/A","#N/A",Medium,"#N/A",New,Subject_ucbzy,"#N/A","#N/A","#N/A","#N/A","#N/A"
6a9e9fa4-5e49-4675-bd61-19843da255a3,"#N/A","#N/A",false,Web,"#N/A","#N/A",Medium,"#N/A",New,Subject_fgosw,"#N/A","#N/A","#N/A","#N/A","#N/A"
6aa1cf22-4f33-4a7f-99a6-24646ba17d2b,"#N/A","#N/A",false,Web,"#N/A","#N/A",Medium,"#N/A",New,Subject_lrqxw,"#N/A","#N/A","#N/A","#N/A","#N/A"
6aa1d31f-ef66-43c6-ba7c-609cf0a17cce,"#N/A","#N/A",false,Web,"#N/A","#N/A",Medium,"#N/A",New,Subject_xrtnw,"#N/A","#N/A","#N/A","#N/A","#N/A"
6aa81a92-5e9b-4e86-89a7-e6a78a8a831a,"#N/A","#N/A",false,Web,"#N/A","#N/A",Medium,"#N/A",New,Subject_awidx,"#N/A","#N/A","#N/A","#N/A","#N/A"
6aa8d893-24b5-4826-8bde-31a647c3e1cf,"#N/A","#N/A",false,Web,"#N/A","#N/A",Medium,"#N/A",New,Subject_piiax,"#N/A","#N/A","#N/A","#N/A","#N/A"
6aa9e00a-82e9-4689-ba8e-810677f282d1,"#N/A","#N/A",false,Web,"#N/A","#N/A",Medium,"#N/A",New,Subject_nxyzu,"#N/A","#N/A","#N/A","#N/A","#N/A"
6ab22b95-0f43-45e5-b35f-143182156fe9,"#N/A","#N/A",false,Web,"#N/A","#N/A",Medium,"#N/A",New,Subject_usjtz,"#N/A","#N/A","#N/A","#N/A","#N/A"
6ab50996-7e08-4e3f-a2d6-b50eaead2161,"#N/A","#N/A",false,Web,"#N/A","#N/A",Medium,"#N/A",New,Subject_hgqbw,"#N/A","#N/A","#N/A","#N/A","#N/A"
6ab5c7e4-8ffa-433d-9610-f2b610903901,"#N/A","#N/A",false,Web,"#N/A","#N/A",Medium,"#N/A",New,Subject_ysyre,"#N/A","#N/A","#N/A","#N/A","#N/A"
6ab5f7fc-73cd-4e0c-b118-def022f62471,"#N/A","#N/A",false,Web,"#N/A","#N/A",Medium,"#N/A",New,Subject_tudsa,"#N/A","#N/A","#N/A","#N/A","#N/A"
6ab914c0-27a1-40a5-a901-c6fc1799c860,"#N/A","#N/A",false,Web,"#N/A","#N/A",Medium,"#N/A",New,Subject_tgxqs,"#N/A","#N/A","#N/A","#N/A","#N/A"
6abdca61-0e0e-44fe-bc52-3b234fc1d23a,"#N/A","#N/A",false,Web,"#N/A","#N/A",Medium,"#N/A",New,Subject_rlcvu,"#N/A","#N/A","#N/A","#N/A","#N/A"
6abdde03-5dc8-4d7b-9d76-3e57ddac688e,"#N/A","#N/A",false,Web,"#N/A","#N/A",Medium,"#N/A",New,Subject_xtckd,"#N/A","#N/A","#N/A","#N/A","#N/A"
6abfc563-1437-4845-9e4d-866f8c390165,"#N/A","#N/A",false,Web,"#N/A","#N/A",Medium,"#N/A",New,Subject_ozjwb,"#N/A","#N/A","#N/A","#N/A","#N/A"
6ac05ed4-7a9e-4be9-96d5-084618ecd54b,"#N/A","#N/A",false,Web,"#N/A","#N/A",Medium,"#N/A",New,Subject_mosdx,"#N/A","#N/A","#N/A","#N/A","#N/A"
6ac3283d-5a27-4300-afe6-32634ce302b6,"#N/A","#N/A",false,Web,"#N/A","#N/A",Medium,"#N/A",New,Subject_mtfaw,"#N/A","#N/A","#N/A","#N/A","#N/A"
6ac5e63a-3ab7-4d33-863c-5a4d2eada02d,"#N/A","#N/A",false,Web,"#N/A","#N/A",Medium,"#N/A",New,Subject_ieouo,"#N/A","#N/A","#N/A","#N/A","#N/A"
6ad0514c-4723-44fe-978f-96842a08c330,"#N/A","#N/A",false,Web,"#N/A","#N/A",Medium,"#N/A",New,Subject_kagax,"#N/A","#N/A","#N/A","#N/A","#N/A"
6ad490ef-1c52-43b7-ab81-0fa80ca5f58b,"#N/A","#N/A",false,Web,"#N/A","#N/A",Medium,"#N/A",New,Subject_katpk,"#N/A","#N/A","#N/A","#N/A","#N/A"
6ad73836-4baa-49d0-9883-5ea77d83a6cf,"#N/A","#N/A",false,Web,"#N/A","#N/A",Medium,"#N/A",New,Subject_edunp,"#N/A","#N/A","#N/A","#N/A","#N/A"
6addf8a8-f4ff-44d9-9ea0-4711006af754,"#N/A","#N/A",false,Web,"#N/A","#N/A",Medium,"#N/A",New,Subject_scmkg,"#N/A","#N/A","#N/A","#N/A","#N/A"
6adecb6f-8df7-48fd-a030-cd4c0fac8b16,"#N/A","#N/A",false,Web,"#N/A","#N/A",Medium,"#N/A",New,Subject_peswe,"#N/A","#N/A","#N/A","#N/A","#N/A"
6ae5ccd1-def4-40d8-ba83-9c7989d9d6f0,"#N/A","#N/A",false,Web,"#N/A","#N/A",Medium,"#N/A",New,Subject_oejcl,"#N/A","#N/A","#N/A","#N/A","#N/A"
6aeed589-57e7-459a-9beb-c4b78b1f1390,"#N/A","#N/A",false,Web,"#N/A","#N/A",Medium,"#N/A",New,Subject_fgmnl,"#N/A","#N/A","#N/A","#N/A","#N/A"
6af5a248-d35f-49a2-af0f-8c891d7ef469,"#N/A","#N/A",false,Web,"#N/A","#N/A",Medium,"#N/A",New,Subject_uppjf,"#N/A","#N/A","#N/A","#N/A","#N/A"
6afb83c5-5c93-442b-939c-320befaf96df,"#N/A","#N/A",false,Web,"#N/A","#N/A",Medium,"#N/A",New,Subject_wqgch,"#N/A","#N/A","#N/A","#N/A","#N/A"
6aff030c-1ec0-45ff-8cee-25e424b78601,"#N/A","#N/A",false,Web,"#N/A","#N/A",Medium,"#N/A",New,Subject_paaem,"#N/A","#N/A","#N/A","#N/A","#N/A"
6aff8c66-1caf-4ce9-a872-43ec2e8a9e13,"#N/A","#N/A",false,Web,"#N/A","#N/A",Medium,"#N/A",New,Subject_snrvk,"#N/A","#N/A","#N/A","#N/A","#N/A"
6affbe71-ce65-45c8-a654-d738cd7291f3,"#N/A","#N/A",false,Web,"#N/A","#N/A",Medium,"#N/A",New,Subject_zwehk,"#N/A","#N/A","#N/A","#N/A","#N/A"
6b05cb01-1430-4f43-aacd-217db4a46c9c,"#N/A","#N/A",false,Web,"#N/A","#N/A",Medium,"#N/A",New,Subject_ikafg,"#N/A","#N/A","#N/A","#N/A","#N/A"
6b07f8cf-704a-4b09-970b-988e8ad891f4,"#N/A","#N/A",false,Web,"#N/A","#N/A",Medium,"#N/A",New,Subject_qbzfy,"#N/A","#N/A","#N/A","#N/A","#N/A"
6b096154-6929-4787-a99e-2ba01a0e0202,"#N/A","#N/A",false,Web,"#N/A","#N/A",Medium,"#N/A",New,Subject_oxmip,"#N/A","#N/A","#N/A","#N/A","#N/A"
6b0dcd23-0961-42ed-b342-3315256c37ae,"#N/A","#N/A",false,Web,"#N/A","#N/A",Medium,"#N/A",New,Subject_jiydz,"#N/A","#N/A","#N/A","#N/A","#N/A"
6b13093b-58bd-440d-9953-e4128b9caff9,"#N/A","#N/A",false,Web,"#N/A","#N/A",Medium,"#N/A",New,Subject_lyiap,"#N/A","#N/A","#N/A","#N/A","#N/A"
6b1352f7-fb58-49cf-99e6-f80e91f3f90c,"#N/A","#N/A",false,Web,"#N/A","#N/A",Medium,"#N/A",New,Subject_bnkek,"#N/A","#N/A","#N/A","#N/A","#N/A"
6b13866f-baeb-4358-86d0-8eb39be6a5f2,"#N/A","#N/A",false,Web,"#N/A","#N/A",Medium,"#N/A",New,Subject_cdwcc,"#N/A","#N/A","#N/A","#N/A","#N/A"
6b14faa6-cd75-4011-9873-e6f179e1a0f3,"#N/A","#N/A",false,Web,"#N/A","#N/A",Medium,"#N/A",New,Subject_effoa,"#N/A","#N/A","#N/A","#N/A","#N/A"
6b16efb1-54aa-4983-9919-1f629341955b,"#N/A","#N/A",false,Web,"#N/A","#N/A",Medium,"#N/A",New,Subject_hemvy,"#N/A","#N/A","#N/A","#N/A","#N/A"
6b1ac863-f3a3-474a-bfa0-91e1856a44ff,"#N/A","#N/A",false,Web,"#N/A","#N/A",Medium,"#N/A",New,Subject_nuhlu,"#N/A","#N/A","#N/A","#N/A","#N/A"
6b1b9d98-c135-4a7c-aacc-cce99b2da31e,"#N/A","#N/A",false,Web,"#N/A","#N/A",Medium,"#N/A",New,Subject_jgnwq,"#N/A","#N/A","#N/A","#N/A","#N/A"
6b1bbcae-26d6-44f0-bd67-137efe1004aa,"#N/A","#N/A",false,Web,"#N/A","#N/A",Medium,"#N/A",New,Subject_qduso,"#N/A","#N/A","#N/A","#N/A","#N/A"
6b1e281e-5702-499a-adb4-1e75444f9057,"#N/A","#N/A",false,Web,"#N/A","#N/A",Medium,"#N/A",New,Subject_xzdwx,"#N/A","#N/A","#N/A","#N/A","#N/A"
6b1f07e6-86f2-444b-9dee-11f47cd9fef8,"#N/A","#N/A",false,Web,"#N/A","#N/A",Medium,"#N/A",New,Subject_znlta,"#N/A","#N/A","#N/A","#N/A","#N/A"
6b1f7242-4351-4e57-99dd-b326a100be5d,"#N/A","#N/A",false,Web,"#N/A","#N/A",Medium,"#N/A",New,Subject_amuke,"#N/A","#N/A","#N/A","#N/A","#N/A"
6b20f88c-a708-40a0-aed1-d2155cd2dca7,"#N/A","#N/A",false,Web,"#N/A","#N/A",Medium,"#N/A",New,Subject_gwxkz,"#N/A","#N/A","#N/A","#N/A","#N/A"
6b213377-c42e-458a-97cd-c4b6a3e9d428,"#N/A","#N/A",false,Web,"#N/A","#N/A",Medium,"#N/A",New,Subject_orefg,"#N/A","#N/A","#N/A","#N/A","#N/A"
6b269262-dbd9-4bdf-8b88-2401dde31222,"#N/A","#N/A",false,Web,"#N/A","#N/A",Medium,"#N/A",New,Subject_tnqmq,"#N/A","#N/A","#N/A","#N/A","#N/A"
6b291bd6-7e75-46da-9961-fc094bc63d67,"#N/A","#N/A",false,Web,"#N/A","#N/A",Medium,"#N/A",New,Subject_lvzyq,"#N/A","#N/A","#N/A","#N/A","#N/A"
6b2f9491-a133-4b50-ae43-02d14dc53552,"#N/A","#N/A",false,Web,"#N/A","#N/A",Medium,"#N/A",New,Subject_asjqi,"#N/A","#N/A","#N/A","#N/A","#N/A"
6b31785c-aea0-4593-8848-d1b1ebd36236,"#N/A","#N/A",false,Web,"#N/A","#N/A",Medium,"#N/A",New,Subject_zmtwr,"#N/A","#N/A","#N/A","#N/A","#N/A"
6b31a3b4-0928-42ec-8bf8-775216f8e8b4,"#N/A","#N/A",false,Web,"#N/A","#N/A",Medium,"#N/A",New,Subject_tkbbd,"#N/A","#N/A","#N/A","#N/A","#N/A"
6b38cb77-e13f-48f8-9fd6-62850758454a,"#N/A","#N/A",false,Web,"#N/A","#N/A",Medium,"#N/A",New,Subject_noteq,"#N/A","#N/A","#N/A","#N/A","#N/A"
6b39063a-64f1-40b0-bd81-26ffa437bd3c,"#N/A","#N/A",false,Web,"#N/A","#N/A",Medium,"#N/A",New,Subject_eiepe,"#N/A","#N/A","#N/A","#N/A","#N/A"
6b391aa1-2e21-4631-bd3f-e6bf9979b051,"#N/A","#N/A",false,Web,"#N/A","#N/A",Medium,"#N/A",New,Subject_yxmht,"#N/A","#N/A","#N/A","#N/A","#N/A"
6b39e589-8a5d-440d-8f87-275e350941f1,"#N/A","#N/A",false,Web,"#N/A","#N/A",Medium,"#N/A",New,Subject_kvzsc,"#N/A","#N/A","#N/A","#N/A","#N/A"
6b3b6e56-bada-4a9d-a10e-d6bd858bb421,"#N/A","#N/A",false,Web,"#N/A","#N/A",Medium,"#N/A",New,Subject_yozmv,"#N/A","#N/A","#N/A","#N/A","#N/A"
6b3bec34-0e4d-4c06-a2fb-c5298b9bbd8b,"#N/A","#N/A",false,Web,"#N/A","#N/A",Medium,"#N/A",New,Subject_ftsxl,"#N/A","#N/A","#N/A","#N/A","#N/A"
6b3e9dfc-2daa-4615-ad48-4aa42634a874,"#N/A","#N/A",false,Web,"#N/A","#N/A",Medium,"#N/A",New,Subject_ysfax,"#N/A","#N/A","#N/A","#N/A","#N/A"
6b3f1c8c-6c90-4f86-acce-811eeacb3511,"#N/A","#N/A",false,Web,"#N/A","#N/A",Medium,"#N/A",New,Subject_ygjle,"#N/A","#N/A","#N/A","#N/A","#N/A"
6b40bc0d-fc4c-4e4c-9e21-811f9488a636,"#N/A","#N/A",false,Web,"#N/A","#N/A",Medium,"#N/A",New,Subject_uyffs,"#N/A","#N/A","#N/A","#N/A","#N/A"
6b427921-bd2a-4a43-ad01-089f38d5e8c4,"#N/A","#N/A",false,Web,"#N/A","#N/A",Medium,"#N/A",New,Subject_uknzx,"#N/A","#N/A","#N/A","#N/A","#N/A"
6b4300e5-562a-4c5c-b8b0-b0a2d1ee2cd2,"#N/A","#N/A",false,Web,"#N/A","#N/A",Medium,"#N/A",New,Subject_zyzea,"#N/A","#N/A","#N/A","#N/A","#N/A"
6b43e45b-7a42-4664-ba02-86f6001db19f,"#N/A","#N/A",false,Web,"#N/A","#N/A",Medium,"#N/A",New,Subject_djawy,"#N/A","#N/A","#N/A","#N/A","#N/A"
6b451bd5-0556-4f26-937f-376e5b21506d,"#N/A","#N/A",false,Web,"#N/A","#N/A",Medium,"#N/A",New,Subject_rhnee,"#N/A","#N/A","#N/A","#N/A","#N/A"
6b4909b0-a787-4fd6-8295-cd1fc6fa217f,"#N/A","#N/A",false,Web,"#N/A","#N/A",Medium,"#N/A",New,Subject_jaarj,"#N/A","#N/A","#N/A","#N/A","#N/A"
6b4aa1b2-ec79-42ca-bf50-5aab66e36967,"#N/A","#N/A",false,Web,"#N/A","#N/A",Medium,"#N/A",New,Subject_mzigs,"#N/A","#N/A","#N/A","#N/A","#N/A"
6b4dba70-dc89-4ba1-84ca-98cbcde8ef95,"#N/A","#N/A",false,Web,"#N/A","#N/A",Medium,"#N/A",New,Subject_pggew,"#N/A","#N/A","#N/A","#N/A","#N/A"
6b4df0af-7611-4111-bda3-1db46c6a2000,"#N/A","#N/A",false,Web,"#N/A","#N/A",Medium,"#N/A",New,Subject_srtyf,"#N/A","#N/A","#N/A","#N/A","#N/A"
6b4f77f5-00f5-4c89-bfd8-53b2286e46bb,"#N/A","#N/A",false,Web,"#N/A","#N/A",Medium,"#N/A",New,Subject_rpvzm,"#N/A","#N/A","#N/A","#N/A","#N/A"
6b506d57-81ec-4034-9543-74e8f7fbee59,"#N/A","#N/A",false,Web,"#N/A","#N/A",Medium,"#N/A",New,Subject_qdpgq,"#N/A","#N/A","#N/A","#N/A","#N/A"
6b538ae5-2474-4601-909e-4379994d07f6,"#N/A","#N/A",false,Web,"#N/A","#N/A",Medium,"#N/A",New,Subject_vcsiz,"#N/A","#N/A","#N/A","#N/A","#N/A"
6b53dbbb-c0de-4706-8b62-11bf6a2c7303,"#N/A","#N/A",false,Web,"#N/A","#N/A",Medium,"#N/A",New,Subject_lmguw,"#N/A","#N/A","#N/A","#N/A","#N/A"
6b57c135-74c5-45d9-ba7c-8cc0648bb5f0,"#N/A","#N/A",false,Web,"#N/A","#N/A",Medium,"#N/A",New,Subject_ekcsm,"#N/A","#N/A","#N/A","#N/A","#N/A"
6b57d244-db48-4d70-944c-e3abf23017fb,"#N/A","#N/A",false,Web,"#N/A","#N/A",Medium,"#N/A",New,Subject_umsja,"#N/A","#N/A","#N/A","#N/A","#N/A"
6b5a0d49-a851-4152-8120-6ff9b3d09698,"#N/A","#N/A",false,Web,"#N/A","#N/A",Medium,"#N/A",New,Subject_bsjtt,"#N/A","#N/A","#N/A","#N/A","#N/A"
6b5a7eac-0f16-45b5-9cf0-22d77655d699,"#N/A","#N/A",false,Web,"#N/A","#N/A",Medium,"#N/A",New,Subject_nyxbt,"#N/A","#N/A","#N/A","#N/A","#N/A"
6b5cc69f-a5f3-4438-a721-187ad7ad5107,"#N/A","#N/A",false,Web,"#N/A","#N/A",Medium,"#N/A",New,Subject_oucih,"#N/A","#N/A","#N/A","#N/A","#N/A"
6b5de844-0d61-46c9-9def-336f59341bb6,"#N/A","#N/A",false,Web,"#N/A","#N/A",Medium,"#N/A",New,Subject_jazzj,"#N/A","#N/A","#N/A","#N/A","#N/A"
6b647bf4-e2a6-4561-a546-65ae5b5a1bb6,"#N/A","#N/A",false,Web,"#N/A","#N/A",Medium,"#N/A",New,Subject_bwfau,"#N/A","#N/A","#N/A","#N/A","#N/A"
6b6cef52-49e2-4237-bd7a-9020703b34c8,"#N/A","#N/A",false,Web,"#N/A","#N/A",Medium,"#N/A",New,Subject_nmzdq,"#N/A","#N/A","#N/A","#N/A","#N/A"
6b6edf57-906d-4ea0-8c6e-2b26bc7b6973,"#N/A","#N/A",false,Web,"#N/A","#N/A",Medium,"#N/A",New,Subject_qotov,"#N/A","#N/A","#N/A","#N/A","#N/A"
6b6f9f19-e352-459b-befe-f9159e106031,"#N/A","#N/A",false,Web,"#N/A","#N/A",Medium,"#N/A",New,Subject_ropkt,"#N/A","#N/A","#N/A","#N/A","#N/A"
6b74884f-f776-4147-a145-9f708ce2894d,"#N/A","#N/A",false,Web,"#N/A","#N/A",Medium,"#N/A",New,Subject_sbahh,"#N/A","#N/A","#N/A","#N/A","#N/A"
6b75a0c4-d641-423a-8c8f-13d8e21d689d,"#N/A","#N/A",false,Web,"#N/A","#N/A",Medium,"#N/A",New,Subject_kefvf,"#N/A","#N/A","#N/A","#N/A","#N/A"
6b79ee02-bcd7-4ebd-b317-ff54a456df56,"#N/A","#N/A",false,Web,"#N/A","#N/A",Medium,"#N/A",New,Subject_mmtfw,"#N/A","#N/A","#N/A","#N/A","#N/A"
6b7bdd3e-9898-4c90-b0b8-300f9664fa8d,"#N/A","#N/A",false,Web,"#N/A","#N/A",Medium,"#N/A",New,Subject_ccnkh,"#N/A","#N/A","#N/A","#N/A","#N/A"
6b81bf60-9c8c-4e25-acec-ccf3bee4114a,"#N/A","#N/A",false,Web,"#N/A","#N/A",Medium,"#N/A",New,Subject_yydnh,"#N/A","#N/A","#N/A","#N/A","#N/A"
6b85d457-6c81-47dd-beaa-f78512917d2a,"#N/A","#N/A",false,Web,"#N/A","#N/A",Medium,"#N/A",New,Subject_urkdb,"#N/A","#N/A","#N/A","#N/A","#N/A"
6b870e3d-067b-46df-b46c-a2fe6e334872,"#N/A","#N/A",false,Web,"#N/A","#N/A",Medium,"#N/A",New,Subject_iuwfq,"#N/A","#N/A","#N/A","#N/A","#N/A"
6b900cac-a623-4630-b56e-f1514283ca55,"#N/A","#N/A",false,Web,"#N/A","#N/A",Medium,"#N/A",New,Subject_wlwsx,"#N/A","#N/A","#N/A","#N/A","#N/A"
6b927195-5c88-4a41-9847-f6f13bf5b7b6,"#N/A","#N/A",false,Web,"#N/A","#N/A",Medium,"#N/A",New,Subject_susll,"#N/A","#N/A","#N/A","#N/A","#N/A"
6ba40a63-f8e3-4f65-adde-48e36007abe4,"#N/A","#N/A",false,Web,"#N/A","#N/A",Medium,"#N/A",New,Subject_kfnlq,"#N/A","#N/A","#N/A","#N/A","#N/A"
6ba5a34e-b6a7-4665-8328-9abbe89e4cd5,"#N/A","#N/A",false,Web,"#N/A","#N/A",Medium,"#N/A",New,Subject_zixkm,"#N/A","#N/A","#N/A","#N/A","#N/A"
6baa490f-470b-447f-965c-e445967104b6,"#N/A","#N/A",false,Web,"#N/A","#N/A",Medium,"#N/A",New,Subject_lwrwu,"#N/A","#N/A","#N/A","#N/A","#N/A"
6bac1d51-26f4-4ba8-870a-7a8a236f1334,"#N/A","#N/A",false,Web,"#N/A","#N/A",Medium,"#N/A",New,Subject_zlmpw,"#N/A","#N/A","#N/A","#N/A","#N/A"
6baebd39-47df-4a56-a197-bad265359bf4,"#N/A","#N/A",false,Web,"#N/A","#N/A",Medium,"#N/A",New,Subject_qiera,"#N/A","#N/A","#N/A","#N/A","#N/A"
6bafc1d4-b231-4bed-a31d-22640b970154,"#N/A","#N/A",false,Web,"#N/A","#N/A",Medium,"#N/A",New,Subject_eekkl,"#N/A","#N/A","#N/A","#N/A","#N/A"
6bb1286d-3658-4707-922c-de8866447915,"#N/A","#N/A",false,Web,"#N/A","#N/A",Medium,"#N/A",New,Subject_kjmea,"#N/A","#N/A","#N/A","#N/A","#N/A"
6bb177d0-11cc-4786-82e4-c12a255382aa,"#N/A","#N/A",false,Web,"#N/A","#N/A",Medium,"#N/A",New,Subject_vpedf,"#N/A","#N/A","#N/A","#N/A","#N/A"
6bb17ac0-7d02-4611-b4a2-7922a97028fc,"#N/A","#N/A",false,Web,"#N/A","#N/A",Medium,"#N/A",New,Subject_ntzin,"#N/A","#N/A","#N/A","#N/A","#N/A"
6bb18d64-0b1e-4638-8b01-d7fbecce9897,"#N/A","#N/A",false,Web,"#N/A","#N/A",Medium,"#N/A",New,Subject_wqvmw,"#N/A","#N/A","#N/A","#N/A","#N/A"
6bb25237-105a-4cb9-8810-30136b081bee,"#N/A","#N/A",false,Web,"#N/A","#N/A",Medium,"#N/A",New,Subject_bwswy,"#N/A","#N/A","#N/A","#N/A","#N/A"
6bb5276a-a0d9-4e22-a3b0-74e538bbae84,"#N/A","#N/A",false,Web,"#N/A","#N/A",Medium,"#N/A",New,Subject_bffvf,"#N/A","#N/A","#N/A","#N/A","#N/A"
6bb8f63f-6b08-4e3a-9e4b-d563d0a89e93,"#N/A","#N/A",false,Web,"#N/A","#N/A",Medium,"#N/A",New,Subject_ptpkc,"#N/A","#N/A","#N/A","#N/A","#N/A"
6bbd9545-92fc-4311-9d8e-e7ab3e627bcd,"#N/A","#N/A",false,Web,"#N/A","#N/A",Medium,"#N/A",New,Subject_nbcpv,"#N/A","#N/A","#N/A","#N/A","#N/A"
6bc05d71-091d-44c2-a6b1-0ae018b6c2d6,"#N/A","#N/A",false,Web,"#N/A","#N/A",Medium,"#N/A",New,Subject_wdhgf,"#N/A","#N/A","#N/A","#N/A","#N/A"
6bc1413e-5b36-4d6e-9a83-1dea1fdc5ae2,"#N/A","#N/A",false,Web,"#N/A","#N/A",Medium,"#N/A",New,Subject_lrgah,"#N/A","#N/A","#N/A","#N/A","#N/A"
6bc45e4b-e0bf-4422-b7cc-69b432411aca,"#N/A","#N/A",false,Web,"#N/A","#N/A",Medium,"#N/A",New,Subject_jbexc,"#N/A","#N/A","#N/A","#N/A","#N/A"
6bc994bf-92a0-4334-9e5c-d7325e882292,"#N/A","#N/A",false,Web,"#N/A","#N/A",Medium,"#N/A",New,Subject_scxms,"#N/A","#N/A","#N/A","#N/A","#N/A"
6bc9950c-83d4-426a-84af-68979642c75c,"#N/A","#N/A",false,Web,"#N/A","#N/A",Medium,"#N/A",New,Subject_ruwpz,"#N/A","#N/A","#N/A","#N/A","#N/A"
6bcb2ab9-7f67-4996-bcac-1e7c140893f5,"#N/A","#N/A",false,Web,"#N/A","#N/A",Medium,"#N/A",New,Subject_dpnsa,"#N/A","#N/A","#N/A","#N/A","#N/A"
6bcb34de-0049-4991-8b19-7be9ecf8c85f,"#N/A","#N/A",false,Web,"#N/A","#N/A",Medium,"#N/A",New,Subject_dvkkp,"#N/A","#N/A","#N/A","#N/A","#N/A"
6bcd98cf-eb08-4eaf-81c1-fed3b7265698,"#N/A","#N/A",false,Web,"#N/A","#N/A",Medium,"#N/A",New,Subject_dcmbe,"#N/A","#N/A","#N/A","#N/A","#N/A"
6bce7e41-8593-4fc5-a7d0-9c133b2c88f1,"#N/A","#N/A",false,Web,"#N/A","#N/A",Medium,"#N/A",New,Subject_mzbci,"#N/A","#N/A","#N/A","#N/A","#N/A"
6bd675ae-aa7f-4f95-b802-5977cd64faa4,"#N/A","#N/A",false,Web,"#N/A","#N/A",Medium,"#N/A",New,Subject_gptnz,"#N/A","#N/A","#N/A","#N/A","#N/A"
6bdda634-286e-4edf-8746-df62594a9865,"#N/A","#N/A",false,Web,"#N/A","#N/A",Medium,"#N/A",New,Subject_rpdoq,"#N/A","#N/A","#N/A","#N/A","#N/A"
6bdda9a7-d583-40c6-b206-e394e7822809,"#N/A","#N/A",false,Web,"#N/A","#N/A",Medium,"#N/A",New,Subject_nkxty,"#N/A","#N/A","#N/A","#N/A","#N/A"
6be4319e-7650-4f02-894f-8d9c9220f940,"#N/A","#N/A",false,Web,"#N/A","#N/A",Medium,"#N/A",New,Subject_gxuty,"#N/A","#N/A","#N/A","#N/A","#N/A"
6bea1257-b759-4124-b747-5af30a17e616,"#N/A","#N/A",false,Web,"#N/A","#N/A",Medium,"#N/A",New,Subject_esxcy,"#N/A","#N/A","#N/A","#N/A","#N/A"
6beb0342-5c50-4f3b-94e8-a8c097143074,"#N/A","#N/A",false,Web,"#N/A","#N/A",Medium,"#N/A",New,Subject_cagsr,"#N/A","#N/A","#N/A","#N/A","#N/A"
6bedc3cf-5189-40b2-ac0b-d0a82ced2052,"#N/A","#N/A",false,Web,"#N/A","#N/A",Medium,"#N/A",New,Subject_gbhux,"#N/A","#N/A","#N/A","#N/A","#N/A"
6bef097e-a79d-49b0-a996-c8197c07083b,"#N/A","#N/A",false,Web,"#N/A","#N/A",Medium,"#N/A",New,Subject_rzekl,"#N/A","#N/A","#N/A","#N/A","#N/A"
6bf09b1b-68a7-48e2-8b54-3b076ae1bb74,"#N/A","#N/A",false,Web,"#N/A","#N/A",Medium,"#N/A",New,Subject_vscwu,"#N/A","#N/A","#N/A","#N/A","#N/A"
6bf5a447-2b62-4616-849e-34a9abcee7ee,"#N/A","#N/A",false,Web,"#N/A","#N/A",Medium,"#N/A",New,Subject_ltidx,"#N/A","#N/A","#N/A","#N/A","#N/A"
6bf8a07a-12d7-4a15-95ae-65bda1926207,"#N/A","#N/A",false,Web,"#N/A","#N/A",Medium,"#N/A",New,Subject_eczrn,"#N/A","#N/A","#N/A","#N/A","#N/A"
6bf9739d-dc59-4a7a-bcf2-8a2eca9d7e8a,"#N/A","#N/A",false,Web,"#N/A","#N/A",Medium,"#N/A",New,Subject_rpuav,"#N/A","#N/A","#N/A","#N/A","#N/A"
6bfc6d6b-7e3b-489f-b583-573707d35b90,"#N/A","#N/A",false,Web,"#N/A","#N/A",Medium,"#N/A",New,Subject_gveny,"#N/A","#N/A","#N/A","#N/A","#N/A"
6bfd453e-53b9-4544-9132-3f3ff0c0ef7d,"#N/A","#N/A",false,Web,"#N/A","#N/A",Medium,"#N/A",New,Subject_poocj,"#N/A","#N/A","#N/A","#N/A","#N/A"
6bfde6fb-c396-40ab-9477-06ed899663f5,"#N/A","#N/A",false,Web,"#N/A","#N/A",Medium,"#N/A",New,Subject_ambms,"#N/A","#N/A","#N/A","#N/A","#N/A"
6c00b221-54b1-4b38-90b1-4b000deccc5a,"#N/A","#N/A",false,Web,"#N/A","#N/A",Medium,"#N/A",New,Subject_eqktw,"#N/A","#N/A","#N/A","#N/A","#N/A"
6c02d9c7-5cab-47fa-a189-88cde34ddc12,"#N/A","#N/A",false,Web,"#N/A","#N/A",Medium,"#N/A",New,Subject_jxops,"#N/A","#N/A","#N/A","#N/A","#N/A"
6c0505fb-9b9f-4ffc-b10d-8712761c07b1,"#N/A","#N/A",false,Web,"#N/A","#N/A",Medium,"#N/A",New,Subject_hqpys,"#N/A","#N/A","#N/A","#N/A","#N/A"
6c084e7b-ed2f-47de-af43-44e40f693116,"#N/A","#N/A",false,Web,"#N/A","#N/A",Medium,"#N/A",New,Subject_itufb,"#N/A","#N/A","#N/A","#N/A","#N/A"
6c0be2eb-2dc4-4be7-9185-a365f7780359,"#N/A","#N/A",false,Web,"#N/A","#N/A",Medium,"#N/A",New,Subject_szagz,"#N/A","#N/A","#N/A","#N/A","#N/A"
6c0f336e-b436-4d1c-b423-8fe16093c913,"#N/A","#N/A",false,Web,"#N/A","#N/A",Medium,"#N/A",New,Subject_hhijd,"#N/A","#N/A","#N/A","#N/A","#N/A"
6c10394b-fd29-4b49-affd-f44bbb8a9fde,"#N/A","#N/A",false,Web,"#N/A","#N/A",Medium,"#N/A",New,Subject_sbhrt,"#N/A","#N/A","#N/A","#N/A","#N/A"
6c10cbd8-7086-4c35-b42d-5eb037c76179,"#N/A","#N/A",false,Web,"#N/A","#N/A",Medium,"#N/A",New,Subject_bfqrj,"#N/A","#N/A","#N/A","#N/A","#N/A"
6c17470f-d072-4325-aa14-c4bb3a4ed651,"#N/A","#N/A",false,Web,"#N/A","#N/A",Medium,"#N/A",New,Subject_wdgqn,"#N/A","#N/A","#N/A","#N/A","#N/A"
6c1add62-2ed1-4f84-8ef6-e7bed76b70a5,"#N/A","#N/A",false,Web,"#N/A","#N/A",Medium,"#N/A",New,Subject_igqbk,"#N/A","#N/A","#N/A","#N/A","#N/A"
6c1e6e7d-9647-4b60-ab51-e4d881a9dd2e,"#N/A","#N/A",false,Web,"#N/A","#N/A",Medium,"#N/A",New,Subject_hushw,"#N/A","#N/A","#N/A","#N/A","#N/A"
6c21b2b7-9eb8-41b8-b140-32235409e07d,"#N/A","#N/A",false,Web,"#N/A","#N/A",Medium,"#N/A",New,Subject_vgrkw,"#N/A","#N/A","#N/A","#N/A","#N/A"
6c2465f6-8d19-4f26-9cd5-35d3f105b85d,"#N/A","#N/A",false,Web,"#N/A","#N/A",Medium,"#N/A",New,Subject_cdjjk,"#N/A","#N/A","#N/A","#N/A","#N/A"
6c24c543-9df5-462e-b66c-0c30c8161e14,"#N/A","#N/A",false,Web,"#N/A","#N/A",Medium,"#N/A",New,Subject_mmjrv,"#N/A","#N/A","#N/A","#N/A","#N/A"
6c25e1c3-7e72-41f9-aa7e-7be386c44ba5,"#N/A","#N/A",false,Web,"#N/A","#N/A",Medium,"#N/A",New,Subject_zippl,"#N/A","#N/A","#N/A","#N/A","#N/A"
6c264d8b-67f6-41c6-95ae-f1dc0f6adda4,"#N/A","#N/A",false,Web,"#N/A","#N/A",Medium,"#N/A",New,Subject_lxsmp,"#N/A","#N/A","#N/A","#N/A","#N/A"
6c27b728-0731-4fd4-83e0-4d7c76d521fc,"#N/A","#N/A",false,Web,"#N/A","#N/A",Medium,"#N/A",New,Subject_dcbci,"#N/A","#N/A","#N/A","#N/A","#N/A"
6c28d6db-89be-44a5-904f-77adb30c5cff,"#N/A","#N/A",false,Web,"#N/A","#N/A",Medium,"#N/A",New,Subject_bviey,"#N/A","#N/A","#N/A","#N/A","#N/A"
6c2e267e-605d-4ac9-b7dd-671b01200d97,"#N/A","#N/A",false,Web,"#N/A","#N/A",Medium,"#N/A",New,Subject_fjphp,"#N/A","#N/A","#N/A","#N/A","#N/A"
6c2e33d6-8783-4353-9aef-5a08e0218180,"#N/A","#N/A",false,Web,"#N/A","#N/A",Medium,"#N/A",New,Subject_bxggf,"#N/A","#N/A","#N/A","#N/A","#N/A"
6c2f1e5c-74b4-4665-8ba2-38ba1cf82d67,"#N/A","#N/A",false,Web,"#N/A","#N/A",Medium,"#N/A",New,Subject_srnjw,"#N/A","#N/A","#N/A","#N/A","#N/A"
6c329a34-806a-42e4-a8ac-87b9d93af70c,"#N/A","#N/A",false,Web,"#N/A","#N/A",Medium,"#N/A",New,Subject_ldooy,"#N/A","#N/A","#N/A","#N/A","#N/A"
6c3ade4d-7db8-43db-9797-d9fc45d5ea51,"#N/A","#N/A",false,Web,"#N/A","#N/A",Medium,"#N/A",New,Subject_pcqki,"#N/A","#N/A","#N/A","#N/A","#N/A"
6c3c7c90-fc40-4aee-91ed-3159859ac131,"#N/A","#N/A",false,Web,"#N/A","#N/A",Medium,"#N/A",New,Subject_jazaq,"#N/A","#N/A","#N/A","#N/A","#N/A"
6c3de43a-b404-4403-a56e-6f138bf655d7,"#N/A","#N/A",false,Web,"#N/A","#N/A",Medium,"#N/A",New,Subject_bkoxb,"#N/A","#N/A","#N/A","#N/A","#N/A"
6c3eb593-9457-4d86-8fcf-2485c61cc9c6,"#N/A","#N/A",false,Web,"#N/A","#N/A",Medium,"#N/A",New,Subject_sekfs,"#N/A","#N/A","#N/A","#N/A","#N/A"
6c40ab28-ddc1-4f80-9907-6f87b267b91c,"#N/A","#N/A",false,Web,"#N/A","#N/A",Medium,"#N/A",New,Subject_erpze,"#N/A","#N/A","#N/A","#N/A","#N/A"
6c44983a-f129-4d12-8454-ef2f300bafe0,"#N/A","#N/A",false,Web,"#N/A","#N/A",Medium,"#N/A",New,Subject_ztvya,"#N/A","#N/A","#N/A","#N/A","#N/A"
6c4a3cca-33e2-47f4-84a0-f33da90907d5,"#N/A","#N/A",false,Web,"#N/A","#N/A",Medium,"#N/A",New,Subject_kuoog,"#N/A","#N/A","#N/A","#N/A","#N/A"
6c4ec828-a81b-4e31-8688-2741a20f48cf,"#N/A","#N/A",false,Web,"#N/A","#N/A",Medium,"#N/A",New,Subject_pmtgd,"#N/A","#N/A","#N/A","#N/A","#N/A"
6c513fe4-152d-4351-9a0f-a82d3ba172a4,"#N/A","#N/A",false,Web,"#N/A","#N/A",Medium,"#N/A",New,Subject_eoesh,"#N/A","#N/A","#N/A","#N/A","#N/A"
6c51520d-a20d-4aa4-a40b-dcb7112318c7,"#N/A","#N/A",false,Web,"#N/A","#N/A",Medium,"#N/A",New,Subject_kvugt,"#N/A","#N/A","#N/A","#N/A","#N/A"
6c532e0b-18d9-4e8b-a376-30525abe53cb,"#N/A","#N/A",false,Web,"#N/A","#N/A",Medium,"#N/A",New,Subject_nwxzj,"#N/A","#N/A","#N/A","#N/A","#N/A"
6c5956a2-9e0c-482a-ae91-d967f4903dee,"#N/A","#N/A",false,Web,"#N/A","#N/A",Medium,"#N/A",New,Subject_ivwth,"#N/A","#N/A","#N/A","#N/A","#N/A"
6c5c7027-c097-4e31-b646-6a889523ee6c,"#N/A","#N/A",false,Web,"#N/A","#N/A",Medium,"#N/A",New,Subject_fcwkd,"#N/A","#N/A","#N/A","#N/A","#N/A"
6c5d631d-2126-4cd6-a70f-9ec5e03b2c85,"#N/A","#N/A",false,Web,"#N/A","#N/A",Medium,"#N/A",New,Subject_iazhu,"#N/A","#N/A","#N/A","#N/A","#N/A"
6c5ed7fd-6eb8-4eb7-99fb-2b45f59d70db,"#N/A","#N/A",false,Web,"#N/A","#N/A",Medium,"#N/A",New,Subject_jqhgc,"#N/A","#N/A","#N/A","#N/A","#N/A"
6c5f8a6a-59e2-46ee-8bc7-5dee3c57f42b,"#N/A","#N/A",false,Web,"#N/A","#N/A",Medium,"#N/A",New,Subject_phtle,"#N/A","#N/A","#N/A","#N/A","#N/A"
6c5fb409-7b12-4f22-82fb-ca980f6bca06,"#N/A","#N/A",false,Web,"#N/A","#N/A",Medium,"#N/A",New,Subject_pbxlg,"#N/A","#N/A","#N/A","#N/A","#N/A"
6c60aeeb-857a-43a6-bc77-7b937194a976,"#N/A","#N/A",false,Web,"#N/A","#N/A",Medium,"#N/A",New,Subject_loyyy,"#N/A","#N/A","#N/A","#N/A","#N/A"
6c671688-e891-4f19-9bf6-75126442d61c,"#N/A","#N/A",false,Web,"#N/A","#N/A",Medium,"#N/A",New,Subject_ichhp,"#N/A","#N/A","#N/A","#N/A","#N/A"
6c67c1d0-060e-4ab4-9cee-bc1ec729e352,"#N/A","#N/A",false,Web,"#N/A","#N/A",Medium,"#N/A",New,Subject_gjspc,"#N/A","#N/A","#N/A","#N/A","#N/A"
6c6820ba-e146-4dfa-9df9-f0d2ad624770,"#N/A","#N/A",false,Web,"#N/A","#N/A",Medium,"#N/A",New,Subject_qhziz,"#N/A","#N/A","#N/A","#N/A","#N/A"
6c6d546d-fd5b-4c78-a1e7-7e0130158dae,"#N/A","#N/A",false,Web,"#N/A","#N/A",Medium,"#N/A",New,Subject_gmvbr,"#N/A","#N/A","#N/A","#N/A","#N/A"
6c771487-98c3-4653-a9ea-0566585bc5c2,"#N/A","#N/A",false,Web,"#N/A","#N/A",Medium,"#N/A",New,Subject_ehhbt,"#N/A","#N/A","#N/A","#N/A","#N/A"
6c7cece8-f0eb-456f-ab17-fddcee95d141,"#N/A","#N/A",false,Web,"#N/A","#N/A",Medium,"#N/A",New,Subject_pxpou,"#N/A","#N/A","#N/A","#N/A","#N/A"
6c814f3d-a9c4-41e6-af03-a27059ae004e,"#N/A","#N/A",false,Web,"#N/A","#N/A",Medium,"#N/A",New,Subject_bjlsi,"#N/A","#N/A","#N/A","#N/A","#N/A"
6c84edc3-0caf-4059-939b-2f1462d0ae6b,"#N/A","#N/A",false,Web,"#N/A","#N/A",Medium,"#N/A",New,Subject_bgsru,"#N/A","#N/A","#N/A","#N/A","#N/A"
6c85e338-7d6c-4517-bb44-9b705738af13,"#N/A","#N/A",false,Web,"#N/A","#N/A",Medium,"#N/A",New,Subject_ujqkn,"#N/A","#N/A","#N/A","#N/A","#N/A"
6c86e111-656d-4f4f-b523-72a9a5b2e75b,"#N/A","#N/A",false,Web,"#N/A","#N/A",Medium,"#N/A",New,Subject_qsxfy,"#N/A","#N/A","#N/A","#N/A","#N/A"
6c88c041-0430-48ac-abbb-bebff9caa733,"#N/A","#N/A",false,Web,"#N/A","#N/A",Medium,"#N/A",New,Subject_likpq,"#N/A","#N/A","#N/A","#N/A","#N/A"
6c8d3d3e-bac2-4b8e-95e2-3e35312bf2d1,"#N/A","#N/A",false,Web,"#N/A","#N/A",Medium,"#N/A",New,Subject_zbmle,"#N/A","#N/A","#N/A","#N/A","#N/A"
6c951709-0f4b-4318-9b1c-afb86232abf1,"#N/A","#N/A",false,Web,"#N/A","#N/A",Medium,"#N/A",New,Subject_zknor,"#N/A","#N/A","#N/A","#N/A","#N/A"
6c96d36c-5e1e-4678-8f94-ce58c6070c4e,"#N/A","#N/A",false,Web,"#N/A","#N/A",Medium,"#N/A",New,Subject_yrizv,"#N/A","#N/A","#N/A","#N/A","#N/A"
6c9896a5-f81d-403c-99e5-13a2fd62e83a,"#N/A","#N/A",false,Web,"#N/A","#N/A",Medium,"#N/A",New,Subject_nwxln,"#N/A","#N/A","#N/A","#N/A","#N/A"
6c9faf9b-5874-4e3d-ad50-b00b469bba0e,"#N/A","#N/A",false,Web,"#N/A","#N/A",Medium,"#N/A",New,Subject_sebbq,"#N/A","#N/A","#N/A","#N/A","#N/A"
6ca47043-0c6d-48a9-971f-8e01109fabf5,"#N/A","#N/A",false,Web,"#N/A","#N/A",Medium,"#N/A",New,Subject_avwan,"#N/A","#N/A","#N/A","#N/A","#N/A"
6ca4cc2e-480b-4111-a278-9165ecb8d8e7,"#N/A","#N/A",false,Web,"#N/A","#N/A",Medium,"#N/A",New,Subject_rxyyl,"#N/A","#N/A","#N/A","#N/A","#N/A"
6caa512b-33d5-463a-a975-3110fe68b223,"#N/A","#N/A",false,Web,"#N/A","#N/A",Medium,"#N/A",New,Subject_bjytt,"#N/A","#N/A","#N/A","#N/A","#N/A"
6cafea5f-3964-47a5-bd26-4c65990038d4,"#N/A","#N/A",false,Web,"#N/A","#N/A",Medium,"#N/A",New,Subject_dygzg,"#N/A","#N/A","#N/A","#N/A","#N/A"
6cb119af-5abf-47a3-a777-48df3e919e84,"#N/A","#N/A",false,Web,"#N/A","#N/A",Medium,"#N/A",New,Subject_iviuz,"#N/A","#N/A","#N/A","#N/A","#N/A"
6cb322c4-c55b-4129-986c-c56fced0a907,"#N/A","#N/A",false,Web,"#N/A","#N/A",Medium,"#N/A",New,Subject_evrrv,"#N/A","#N/A","#N/A","#N/A","#N/A"
6cb517db-e644-4d2c-86b4-212442c41a35,"#N/A","#N/A",false,Web,"#N/A","#N/A",Medium,"#N/A",New,Subject_jauyy,"#N/A","#N/A","#N/A","#N/A","#N/A"
6cba30fc-f914-4f7d-9e13-c3e6b5dd8301,"#N/A","#N/A",false,Web,"#N/A","#N/A",Medium,"#N/A",New,Subject_nyyrh,"#N/A","#N/A","#N/A","#N/A","#N/A"
6cbea082-0c65-4ee7-a90c-12e9c8f4196a,"#N/A","#N/A",false,Web,"#N/A","#N/A",Medium,"#N/A",New,Subject_twczj,"#N/A","#N/A","#N/A","#N/A","#N/A"
6cbf77f8-f09f-4cd3-87dd-14b98afce889,"#N/A","#N/A",false,Web,"#N/A","#N/A",Medium,"#N/A",New,Subject_wsrjp,"#N/A","#N/A","#N/A","#N/A","#N/A"
6cc06e16-518b-423d-88cd-a71162834923,"#N/A","#N/A",false,Web,"#N/A","#N/A",Medium,"#N/A",New,Subject_xlzvz,"#N/A","#N/A","#N/A","#N/A","#N/A"
6cc0a41b-81a7-4e42-b681-b4b87a5e4cd4,"#N/A","#N/A",false,Web,"#N/A","#N/A",Medium,"#N/A",New,Subject_mjxlq,"#N/A","#N/A","#N/A","#N/A","#N/A"
6cc37e46-047d-47d2-a70c-f132116a5bbb,"#N/A","#N/A",false,Web,"#N/A","#N/A",Medium,"#N/A",New,Subject_nuwaz,"#N/A","#N/A","#N/A","#N/A","#N/A"
6cc7d1be-ad11-4c29-866c-3c553fb2b91c,"#N/A","#N/A",false,Web,"#N/A","#N/A",Medium,"#N/A",New,Subject_zyrbx,"#N/A","#N/A","#N/A","#N/A","#N/A"
6cca22c2-9dd3-444d-854e-4be71d1dbe75,"#N/A","#N/A",false,Web,"#N/A","#N/A",Medium,"#N/A",New,Subject_uozjd,"#N/A","#N/A","#N/A","#N/A","#N/A"
6ccc08ab-323b-4485-9d80-1c6bcab37dd7,"#N/A","#N/A",false,Web,"#N/A","#N/A",Medium,"#N/A",New,Subject_ocfft,"#N/A","#N/A","#N/A","#N/A","#N/A"
6cccfc1e-6f6f-4731-b5f6-ea4cd259b6b3,"#N/A","#N/A",false,Web,"#N/A","#N/A",Medium,"#N/A",New,Subject_tfegj,"#N/A","#N/A","#N/A","#N/A","#N/A"
6ccd540f-1833-4a57-b186-8fbb95860f30,"#N/A","#N/A",false,Web,"#N/A","#N/A",Medium,"#N/A",New,Subject_fuixi,"#N/A","#N/A","#N/A","#N/A","#N/A"
6cd030b8-fd3c-4bd5-9013-fd752ff29102,"#N/A","#N/A",false,Web,"#N/A","#N/A",Medium,"#N/A",New,Subject_wltew,"#N/A","#N/A","#N/A","#N/A","#N/A"
6cd4cc51-24fa-4605-a010-31b9ac443136,"#N/A","#N/A",false,Web,"#N/A","#N/A",Medium,"#N/A",New,Subject_vdmuu,"#N/A","#N/A","#N/A","#N/A","#N/A"
6cd82660-1ee0-4312-85cc-71fa693e4de4,"#N/A","#N/A",false,Web,"#N/A","#N/A",Medium,"#N/A",New,Subject_frmmp,"#N/A","#N/A","#N/A","#N/A","#N/A"
6cd9cfa3-7c14-4ecd-89eb-9aab35cdd54b,"#N/A","#N/A",false,Web,"#N/A","#N/A",Medium,"#N/A",New,Subject_qtnze,"#N/A","#N/A","#N/A","#N/A","#N/A"
6cdc1a5a-11b7-4e33-bf08-ffadcbdb5086,"#N/A","#N/A",false,Web,"#N/A","#N/A",Medium,"#N/A",New,Subject_kjmyh,"#N/A","#N/A","#N/A","#N/A","#N/A"
6cdc8047-0724-4239-bebc-076cd65fe0db,"#N/A","#N/A",false,Web,"#N/A","#N/A",Medium,"#N/A",New,Subject_cbbmq,"#N/A","#N/A","#N/A","#N/A","#N/A"
6cdddbc4-c954-4498-911a-a2b0dcf2b831,"#N/A","#N/A",false,Web,"#N/A","#N/A",Medium,"#N/A",New,Subject_dakec,"#N/A","#N/A","#N/A","#N/A","#N/A"
6cdebc1b-d87f-4882-8c4e-572975696aec,"#N/A","#N/A",false,Web,"#N/A","#N/A",Medium,"#N/A",New,Subject_llaif,"#N/A","#N/A","#N/A","#N/A","#N/A"
6ce40572-f68d-41a4-b4e0-3dfe1b6d5911,"#N/A","#N/A",false,Web,"#N/A","#N/A",Medium,"#N/A",New,Subject_pvoxe,"#N/A","#N/A","#N/A","#N/A","#N/A"
6ce497ee-04b8-45cb-bbbc-4c0ce46717f5,"#N/A","#N/A",false,Web,"#N/A","#N/A",Medium,"#N/A",New,Subject_zhowa,"#N/A","#N/A","#N/A","#N/A","#N/A"
6ce630cf-13d1-4dae-a8c3-234247c190df,"#N/A","#N/A",false,Web,"#N/A","#N/A",Medium,"#N/A",New,Subject_jhrsk,"#N/A","#N/A","#N/A","#N/A","#N/A"
6ce8eb5d-506a-4d93-829a-6ddf0717fe86,"#N/A","#N/A",false,Web,"#N/A","#N/A",Medium,"#N/A",New,Subject_ygsbg,"#N/A","#N/A","#N/A","#N/A","#N/A"
6ce93b49-fc10-471a-8eda-21851c7939d7,"#N/A","#N/A",false,Web,"#N/A","#N/A",Medium,"#N/A",New,Subject_rpiwz,"#N/A","#N/A","#N/A","#N/A","#N/A"
6cf026c3-2afc-4e46-bd63-c071b14a04c3,"#N/A","#N/A",false,Web,"#N/A","#N/A",Medium,"#N/A",New,Subject_socwf,"#N/A","#N/A","#N/A","#N/A","#N/A"
6cf07ac9-d21c-481d-a7e6-ad3e3751e9f5,"#N/A","#N/A",false,Web,"#N/A","#N/A",Medium,"#N/A",New,Subject_wyrdj,"#N/A","#N/A","#N/A","#N/A","#N/A"
6cf1a16d-9c78-4632-82c2-9f34685f8259,"#N/A","#N/A",false,Web,"#N/A","#N/A",Medium,"#N/A",New,Subject_bskdp,"#N/A","#N/A","#N/A","#N/A","#N/A"
6cf1ab84-cbd1-4058-bec3-25dda963f903,"#N/A","#N/A",false,Web,"#N/A","#N/A",Medium,"#N/A",New,Subject_mswoa,"#N/A","#N/A","#N/A","#N/A","#N/A"
6cf4e587-9a4a-4618-9c84-528abbe731a4,"#N/A","#N/A",false,Web,"#N/A","#N/A",Medium,"#N/A",New,Subject_jmkpz,"#N/A","#N/A","#N/A","#N/A","#N/A"
6cf9656a-a795-43bf-8eac-54bd7abf848d,"#N/A","#N/A",false,Web,"#N/A","#N/A",Medium,"#N/A",New,Subject_dngzg,"#N/A","#N/A","#N/A","#N/A","#N/A"
6cfb1d82-8719-42dc-b3d5-894d3c799495,"#N/A","#N/A",false,Web,"#N/A","#N/A",Medium,"#N/A",New,Subject_sknzw,"#N/A","#N/A","#N/A","#N/A","#N/A"
6d00ccad-2ac5-44e6-952e-7a4affeff382,"#N/A","#N/A",false,Web,"#N/A","#N/A",Medium,"#N/A",New,Subject_sygpc,"#N/A","#N/A","#N/A","#N/A","#N/A"
6d02c990-6f7e-4b31-a37c-4915bcd75ef6,"#N/A","#N/A",false,Web,"#N/A","#N/A",Medium,"#N/A",New,Subject_wgrff,"#N/A","#N/A","#N/A","#N/A","#N/A"
6d04be06-a32a-444b-8277-635cb60d2c09,"#N/A","#N/A",false,Web,"#N/A","#N/A",Medium,"#N/A",New,Subject_bvurh,"#N/A","#N/A","#N/A","#N/A","#N/A"
6d0b40fc-521c-46c9-8c92-74ef21e9d0d3,"#N/A","#N/A",false,Web,"#N/A","#N/A",Medium,"#N/A",New,Subject_wdphm,"#N/A","#N/A","#N/A","#N/A","#N/A"
6d10457d-f7e0-433e-81bb-ea48e8a11c5d,"#N/A","#N/A",false,Web,"#N/A","#N/A",Medium,"#N/A",New,Subject_jifev,"#N/A","#N/A","#N/A","#N/A","#N/A"
6d1350f3-15c2-47a1-8765-3bd5fc4c3d3c,"#N/A","#N/A",false,Web,"#N/A","#N/A",Medium,"#N/A",New,Subject_sqpat,"#N/A","#N/A","#N/A","#N/A","#N/A"
6d147701-bf31-414d-b7a5-f30f9a59de4a,"#N/A","#N/A",false,Web,"#N/A","#N/A",Medium,"#N/A",New,Subject_ebrrx,"#N/A","#N/A","#N/A","#N/A","#N/A"
6d1570c6-4e37-475a-9842-b88feaeca848,"#N/A","#N/A",false,Web,"#N/A","#N/A",Medium,"#N/A",New,Subject_bnryp,"#N/A","#N/A","#N/A","#N/A","#N/A"
6d1ed5ad-1f52-46d2-9644-d02f530db877,"#N/A","#N/A",false,Web,"#N/A","#N/A",Medium,"#N/A",New,Subject_zdwlx,"#N/A","#N/A","#N/A","#N/A","#N/A"
6d1f43e2-ea94-42f9-be75-6a7ffd6ef197,"#N/A","#N/A",false,Web,"#N/A","#N/A",Medium,"#N/A",New,Subject_mhvod,"#N/A","#N/A","#N/A","#N/A","#N/A"
6d2d4e6b-cc67-4bb5-b5b2-af488ea504a8,"#N/A","#N/A",false,Web,"#N/A","#N/A",Medium,"#N/A",New,Subject_tmqjj,"#N/A","#N/A","#N/A","#N/A","#N/A"
6d2fdde8-4794-43f7-beb8-bb7ec6774f72,"#N/A","#N/A",false,Web,"#N/A","#N/A",Medium,"#N/A",New,Subject_gcmuc,"#N/A","#N/A","#N/A","#N/A","#N/A"
6d3d3d3c-4056-4108-8350-ac57dd7abc7c,"#N/A","#N/A",false,Web,"#N/A","#N/A",Medium,"#N/A",New,Subject_akxoh,"#N/A","#N/A","#N/A","#N/A","#N/A"
6d3dc296-8b4a-4095-87b8-1b119a201a35,"#N/A","#N/A",false,Web,"#N/A","#N/A",Medium,"#N/A",New,Subject_ahcnx,"#N/A","#N/A","#N/A","#N/A","#N/A"
6d4124dd-5bb1-4736-8189-a9b4387b2201,"#N/A","#N/A",false,Web,"#N/A","#N/A",Medium,"#N/A",New,Subject_yoius,"#N/A","#N/A","#N/A","#N/A","#N/A"
6d4156d1-0f2a-433c-981f-1e7cf2209f29,"#N/A","#N/A",false,Web,"#N/A","#N/A",Medium,"#N/A",New,Subject_agwjp,"#N/A","#N/A","#N/A","#N/A","#N/A"
6d42838a-efe4-4867-ad39-fdcca75cfbb0,"#N/A","#N/A",false,Web,"#N/A","#N/A",Medium,"#N/A",New,Subject_zibhq,"#N/A","#N/A","#N/A","#N/A","#N/A"
6d42ecae-fa3e-4580-bb95-e00055a460f8,"#N/A","#N/A",false,Web,"#N/A","#N/A",Medium,"#N/A",New,Subject_vgore,"#N/A","#N/A","#N/A","#N/A","#N/A"
6d441e61-7d7e-452d-95ac-03944acbb230,"#N/A","#N/A",false,Web,"#N/A","#N/A",Medium,"#N/A",New,Subject_biwzl,"#N/A","#N/A","#N/A","#N/A","#N/A"
6d44981e-f8ff-4b45-a3aa-a3dd1fe10801,"#N/A","#N/A",false,Web,"#N/A","#N/A",Medium,"#N/A",New,Subject_namxc,"#N/A","#N/A","#N/A","#N/A","#N/A"
6d4708bf-cc16-41bc-baf0-da16dafda66a,"#N/A","#N/A",false,Web,"#N/A","#N/A",Medium,"#N/A",New,Subject_nqkha,"#N/A","#N/A","#N/A","#N/A","#N/A"
6d4d9211-efd5-4359-9a81-96fff049db53,"#N/A","#N/A",false,Web,"#N/A","#N/A",Medium,"#N/A",New,Subject_opgol,"#N/A","#N/A","#N/A","#N/A","#N/A"
6d4fe920-d933-4ea5-986d-a64196e854c8,"#N/A","#N/A",false,Web,"#N/A","#N/A",Medium,"#N/A",New,Subject_pqcnk,"#N/A","#N/A","#N/A","#N/A","#N/A"
6d52f596-bc1a-4f86-a06f-eb46a4b2cd0e,"#N/A","#N/A",false,Web,"#N/A","#N/A",Medium,"#N/A",New,Subject_csmaa,"#N/A","#N/A","#N/A","#N/A","#N/A"
6d530525-cc49-4b12-b6b0-29e513c4edef,"#N/A","#N/A",false,Web,"#N/A","#N/A",Medium,"#N/A",New,Subject_sxlpq,"#N/A","#N/A","#N/A","#N/A","#N/A"
6d5694a3-7d88-4349-81cc-1f913310c502,"#N/A","#N/A",false,Web,"#N/A","#N/A",Medium,"#N/A",New,Subject_wcsfn,"#N/A","#N/A","#N/A","#N/A","#N/A"
6d5ac21f-a24f-43f2-995e-9f8f9c10c267,"#N/A","#N/A",false,Web,"#N/A","#N/A",Medium,"#N/A",New,Subject_vnndj,"#N/A","#N/A","#N/A","#N/A","#N/A"
6d5c44e9-1a20-4847-a150-b205e6a58e11,"#N/A","#N/A",false,Web,"#N/A","#N/A",Medium,"#N/A",New,Subject_opqwh,"#N/A","#N/A","#N/A","#N/A","#N/A"
6d5e24f3-bdca-4f3c-a1a6-9864399bbac1,"#N/A","#N/A",false,Web,"#N/A","#N/A",Medium,"#N/A",New,Subject_ajaak,"#N/A","#N/A","#N/A","#N/A","#N/A"
6d5ece26-18bd-4997-8559-59efffcdcca3,"#N/A","#N/A",false,Web,"#N/A","#N/A",Medium,"#N/A",New,Subject_gpbjc,"#N/A","#N/A","#N/A","#N/A","#N/A"
6d614006-1286-4c62-8bea-06e9d31357e3,"#N/A","#N/A",false,Web,"#N/A","#N/A",Medium,"#N/A",New,Subject_wtrkp,"#N/A","#N/A","#N/A","#N/A","#N/A"
6d66053f-5e09-4d29-8bd5-cbf2503b5764,"#N/A","#N/A",false,Web,"#N/A","#N/A",Medium,"#N/A",New,Subject_rykuw,"#N/A","#N/A","#N/A","#N/A","#N/A"
6d6632d7-a728-48c1-ab34-00420f9f0979,"#N/A","#N/A",false,Web,"#N/A","#N/A",Medium,"#N/A",New,Subject_tpjvc,"#N/A","#N/A","#N/A","#N/A","#N/A"
6d673dd5-e789-420e-9894-c1ce57d31119,"#N/A","#N/A",false,Web,"#N/A","#N/A",Medium,"#N/A",New,Subject_smwva,"#N/A","#N/A","#N/A","#N/A","#N/A"
6d681523-213c-4bf4-8be5-1a078664f158,"#N/A","#N/A",false,Web,"#N/A","#N/A",Medium,"#N/A",New,Subject_oobob,"#N/A","#N/A","#N/A","#N/A","#N/A"
6d6a6a66-e98d-4bb2-8073-1253ff09b8a3,"#N/A","#N/A",false,Web,"#N/A","#N/A",Medium,"#N/A",New,Subject_larxc,"#N/A","#N/A","#N/A","#N/A","#N/A"
6d6d7ac5-023a-4e7a-8c4e-b6654d883455,"#N/A","#N/A",false,Web,"#N/A","#N/A",Medium,"#N/A",New,Subject_grewy,"#N/A","#N/A","#N/A","#N/A","#N/A"
6d6e25ab-7a8e-4522-8827-5220fb66b5a0,"#N/A","#N/A",false,Web,"#N/A","#N/A",Medium,"#N/A",New,Subject_stipn,"#N/A","#N/A","#N/A","#N/A","#N/A"
6d6e87b0-fe76-4fc8-90af-f6a788bd39be,"#N/A","#N/A",false,Web,"#N/A","#N/A",Medium,"#N/A",New,Subject_emvfp,"#N/A","#N/A","#N/A","#N/A","#N/A"
6d713d46-9eb9-4406-bf4c-50d3f26176c7,"#N/A","#N/A",false,Web,"#N/A","#N/A",Medium,"#N/A",New,Subject_zbmle,"#N/A","#N/A","#N/A","#N/A","#N/A"
6d744fef-a550-4e8c-be40-6c9dd3c009fa,"#N/A","#N/A",false,Web,"#N/A","#N/A",Medium,"#N/A",New,Subject_fubvi,"#N/A","#N/A","#N/A","#N/A","#N/A"
6d768afa-aaee-4b54-9576-b6540baff9d2,"#N/A","#N/A",false,Web,"#N/A","#N/A",Medium,"#N/A",New,Subject_ypaqr,"#N/A","#N/A","#N/A","#N/A","#N/A"
6d79209b-3e42-4fbd-83cf-581f96b8d7a3,"#N/A","#N/A",false,Web,"#N/A","#N/A",Medium,"#N/A",New,Subject_mdghk,"#N/A","#N/A","#N/A","#N/A","#N/A"
6d7e977d-5efb-45fc-8c65-2a120bcf0680,"#N/A","#N/A",false,Web,"#N/A","#N/A",Medium,"#N/A",New,Subject_dxdrl,"#N/A","#N/A","#N/A","#N/A","#N/A"
6d825179-53e4-449b-9244-591dda91ee05,"#N/A","#N/A",false,Web,"#N/A","#N/A",Medium,"#N/A",New,Subject_uxgdx,"#N/A","#N/A","#N/A","#N/A","#N/A"
6d83740b-3834-4933-905d-4802ea1faead,"#N/A","#N/A",false,Web,"#N/A","#N/A",Medium,"#N/A",New,Subject_rhtat,"#N/A","#N/A","#N/A","#N/A","#N/A"
6d85294d-7e0f-4198-a905-d3777940d629,"#N/A","#N/A",false,Web,"#N/A","#N/A",Medium,"#N/A",New,Subject_uakhy,"#N/A","#N/A","#N/A","#N/A","#N/A"
6d869d4c-de42-4ec1-aab3-f3dcf84ba960,"#N/A","#N/A",false,Web,"#N/A","#N/A",Medium,"#N/A",New,Subject_tnkbh,"#N/A","#N/A","#N/A","#N/A","#N/A"
6d893ef7-1668-44cd-98f3-46b0163a0448,"#N/A","#N/A",false,Web,"#N/A","#N/A",Medium,"#N/A",New,Subject_wbdcd,"#N/A","#N/A","#N/A","#N/A","#N/A"
6d8b6806-6b02-477d-80d6-6ee74605d6d4,"#N/A","#N/A",false,Web,"#N/A","#N/A",Medium,"#N/A",New,Subject_wzxsk,"#N/A","#N/A","#N/A","#N/A","#N/A"
6d909e46-9a78-4572-a11d-5904cd8367f9,"#N/A","#N/A",false,Web,"#N/A","#N/A",Medium,"#N/A",New,Subject_lgvqz,"#N/A","#N/A","#N/A","#N/A","#N/A"
6d9168e3-f423-4b40-b662-5d52d8135d04,"#N/A","#N/A",false,Web,"#N/A","#N/A",Medium,"#N/A",New,Subject_knnbb,"#N/A","#N/A","#N/A","#N/A","#N/A"
6d9569c4-5691-4d17-8382-22575ef3a5f9,"#N/A","#N/A",false,Web,"#N/A","#N/A",Medium,"#N/A",New,Subject_xmllo,"#N/A","#N/A","#N/A","#N/A","#N/A"
6d957000-1a19-49ae-a082-447f810a5b75,"#N/A","#N/A",false,Web,"#N/A","#N/A",Medium,"#N/A",New,Subject_wngva,"#N/A","#N/A","#N/A","#N/A","#N/A"
6d9634d8-29b0-4338-a833-8bf5e3aa839b,"#N/A","#N/A",false,Web,"#N/A","#N/A",Medium,"#N/A",New,Subject_wdjlx,"#N/A","#N/A","#N/A","#N/A","#N/A"
6d96c0f8-fe02-4ce3-9589-719f79c48e68,"#N/A","#N/A",false,Web,"#N/A","#N/A",Medium,"#N/A",New,Subject_bjimv,"#N/A","#N/A","#N/A","#N/A","#N/A"
6d96e5fe-871d-47ff-b5ca-22e1afc9d371,"#N/A","#N/A",false,Web,"#N/A","#N/A",Medium,"#N/A",New,Subject_ffgqo,"#N/A","#N/A","#N/A","#N/A","#N/A"
6d989aea-8a35-4d37-b15c-75dfe993ea68,"#N/A","#N/A",false,Web,"#N/A","#N/A",Medium,"#N/A",New,Subject_jdsjb,"#N/A","#N/A","#N/A","#N/A","#N/A"
6d9d9fbb-a8ec-4924-b626-3ccee53978ff,"#N/A","#N/A",false,Web,"#N/A","#N/A",Medium,"#N/A",New,Subject_duoil,"#N/A","#N/A","#N/A","#N/A","#N/A"
6d9e77b8-5efe-47f9-8a79-28aaddf76544,"#N/A","#N/A",false,Web,"#N/A","#N/A",Medium,"#N/A",New,Subject_lmsif,"#N/A","#N/A","#N/A","#N/A","#N/A"
6da1521c-dfb5-40d3-8eee-ab6db9134bbc,"#N/A","#N/A",false,Web,"#N/A","#N/A",Medium,"#N/A",New,Subject_uyjnn,"#N/A","#N/A","#N/A","#N/A","#N/A"
6da15c21-5ff3-40d2-94e3-6af4f5ada289,"#N/A","#N/A",false,Web,"#N/A","#N/A",Medium,"#N/A",New,Subject_hasbd,"#N/A","#N/A","#N/A","#N/A","#N/A"
6da6629c-3021-417b-865b-c9d27930527e,"#N/A","#N/A",false,Web,"#N/A","#N/A",Medium,"#N/A",New,Subject_sizqv,"#N/A","#N/A","#N/A","#N/A","#N/A"
6da6cb49-5914-4495-a292-f59da08fb3d5,"#N/A","#N/A",false,Web,"#N/A","#N/A",Medium,"#N/A",New,Subject_uqytc,"#N/A","#N/A","#N/A","#N/A","#N/A"
6da81c51-2ceb-4951-a525-9f3ab66679f4,"#N/A","#N/A",false,Web,"#N/A","#N/A",Medium,"#N/A",New,Subject_wognl,"#N/A","#N/A","#N/A","#N/A","#N/A"
6da8d2bb-802f-4486-901b-2f033c8661b4,"#N/A","#N/A",false,Web,"#N/A","#N/A",Medium,"#N/A",New,Subject_xkhrb,"#N/A","#N/A","#N/A","#N/A","#N/A"
6db0721b-b372-4599-afe9-8d6344db729d,"#N/A","#N/A",false,Web,"#N/A","#N/A",Medium,"#N/A",New,Subject_azwse,"#N/A","#N/A","#N/A","#N/A","#N/A"
6db9496d-f4e8-4e0c-881b-361cddbd5518,"#N/A","#N/A",false,Web,"#N/A","#N/A",Medium,"#N/A",New,Subject_swstq,"#N/A","#N/A","#N/A","#N/A","#N/A"
6dbb26f9-89cb-4622-99d5-33f3e462c03e,"#N/A","#N/A",false,Web,"#N/A","#N/A",Medium,"#N/A",New,Subject_hampb,"#N/A","#N/A","#N/A","#N/A","#N/A"
6dc067f6-5f1a-41df-a907-e8691d45e18e,"#N/A","#N/A",false,Web,"#N/A","#N/A",Medium,"#N/A",New,Subject_eucbl,"#N/A","#N/A","#N/A","#N/A","#N/A"
6dc13fc3-057a-48a6-8b8c-3afc87bc57f2,"#N/A","#N/A",false,Web,"#N/A","#N/A",Medium,"#N/A",New,Subject_qsbuv,"#N/A","#N/A","#N/A","#N/A","#N/A"
6dc2db63-4d65-426e-b1a7-71f3eff7a72a,"#N/A","#N/A",false,Web,"#N/A","#N/A",Medium,"#N/A",New,Subject_dyqhv,"#N/A","#N/A","#N/A","#N/A","#N/A"
6dc32c13-414d-401c-93d8-29d16cf58287,"#N/A","#N/A",false,Web,"#N/A","#N/A",Medium,"#N/A",New,Subject_kbnvp,"#N/A","#N/A","#N/A","#N/A","#N/A"
6dca5d89-57ea-4e00-8bf9-a192e0ac38f0,"#N/A","#N/A",false,Web,"#N/A","#N/A",Medium,"#N/A",New,Subject_itxey,"#N/A","#N/A","#N/A","#N/A","#N/A"
6dcdd0a8-ac27-4325-96f3-72c1965db350,"#N/A","#N/A",false,Web,"#N/A","#N/A",Medium,"#N/A",New,Subject_fwahl,"#N/A","#N/A","#N/A","#N/A","#N/A"
6dcf08aa-bb3f-4867-bc4e-85a2964e6ad6,"#N/A","#N/A",false,Web,"#N/A","#N/A",Medium,"#N/A",New,Subject_kmakh,"#N/A","#N/A","#N/A","#N/A","#N/A"
6dd027f6-44a7-40b8-a758-5bad287408c4,"#N/A","#N/A",false,Web,"#N/A","#N/A",Medium,"#N/A",New,Subject_aujgq,"#N/A","#N/A","#N/A","#N/A","#N/A"
6dd10f5c-05d4-4c35-957b-8721952f37c1,"#N/A","#N/A",false,Web,"#N/A","#N/A",Medium,"#N/A",New,Subject_yzvxi,"#N/A","#N/A","#N/A","#N/A","#N/A"
6dd1b813-f639-41e8-93c3-57f44dd77479,"#N/A","#N/A",false,Web,"#N/A","#N/A",Medium,"#N/A",New,Subject_raedu,"#N/A","#N/A","#N/A","#N/A","#N/A"
6dd53041-e39c-4771-9e19-eb54e6380219,"#N/A","#N/A",false,Web,"#N/A","#N/A",Medium,"#N/A",New,Subject_tcxro,"#N/A","#N/A","#N/A","#N/A","#N/A"
6dd57943-f6de-4b52-a1af-4691aa879273,"#N/A","#N/A",false,Web,"#N/A","#N/A",Medium,"#N/A",New,Subject_wvraj,"#N/A","#N/A","#N/A","#N/A","#N/A"
6dda6bea-97d1-40bb-8c9b-2ed5b043be36,"#N/A","#N/A",false,Web,"#N/A","#N/A",Medium,"#N/A",New,Subject_vhgbj,"#N/A","#N/A","#N/A","#N/A","#N/A"
6de2e9ed-30a1-470e-93d7-5124eb023934,"#N/A","#N/A",false,Web,"#N/A","#N/A",Medium,"#N/A",New,Subject_kfbse,"#N/A","#N/A","#N/A","#N/A","#N/A"
6de46ed8-38be-43e8-8a12-3aab1aef3355,"#N/A","#N/A",false,Web,"#N/A","#N/A",Medium,"#N/A",New,Subject_uftno,"#N/A","#N/A","#N/A","#N/A","#N/A"
6de82cf7-2235-4437-a5b8-74b09bdc557a,"#N/A","#N/A",false,Web,"#N/A","#N/A",Medium,"#N/A",New,Subject_kggms,"#N/A","#N/A","#N/A","#N/A","#N/A"
6de9bf0e-28e0-4368-96ad-909f94be72f5,"#N/A","#N/A",false,Web,"#N/A","#N/A",Medium,"#N/A",New,Subject_pqsmk,"#N/A","#N/A","#N/A","#N/A","#N/A"
6de9ebaf-b784-499d-a246-abbc2b71d73a,"#N/A","#N/A",false,Web,"#N/A","#N/A",Medium,"#N/A",New,Subject_symbn,"#N/A","#N/A","#N/A","#N/A","#N/A"
6dec2456-8d7c-4adc-a16c-d0600e5a282a,"#N/A","#N/A",false,Web,"#N/A","#N/A",Medium,"#N/A",New,Subject_rxnlw,"#N/A","#N/A","#N/A","#N/A","#N/A"
6dec6208-a851-4151-8af0-349069c840ac,"#N/A","#N/A",false,Web,"#N/A","#N/A",Medium,"#N/A",New,Subject_iimuo,"#N/A","#N/A","#N/A","#N/A","#N/A"
6def3bc7-85a1-4966-b8ae-219496830bea,"#N/A","#N/A",false,Web,"#N/A","#N/A",Medium,"#N/A",New,Subject_irsjv,"#N/A","#N/A","#N/A","#N/A","#N/A"
6df16077-114f-42a5-b21b-33ed7dc28b20,"#N/A","#N/A",false,Web,"#N/A","#N/A",Medium,"#N/A",New,Subject_pvvdu,"#N/A","#N/A","#N/A","#N/A","#N/A"
6df1b1c9-a2b0-42f5-9124-423fdee615d5,"#N/A","#N/A",false,Web,"#N/A","#N/A",Medium,"#N/A",New,Subject_tfgau,"#N/A","#N/A","#N/A","#N/A","#N/A"
6df30af9-3ec6-4177-8554-4a19cccfc97d,"#N/A","#N/A",false,Web,"#N/A","#N/A",Medium,"#N/A",New,Subject_wkaxa,"#N/A","#N/A","#N/A","#N/A","#N/A"
6df3106f-6b59-4b69-ae41-16a3e18cd735,"#N/A","#N/A",false,Web,"#N/A","#N/A",Medium,"#N/A",New,Subject_vgjlx,"#N/A","#N/A","#N/A","#N/A","#N/A"
6dfadcad-8b6d-4202-bce4-fb58f63d692c,"#N/A","#N/A",false,Web,"#N/A","#N/A",Medium,"#N/A",New,Subject_rucrd,"#N/A","#N/A","#N/A","#N/A","#N/A"
6dfc694e-96bf-472d-a7c7-0c0bf87e575d,"#N/A","#N/A",false,Web,"#N/A","#N/A",Medium,"#N/A",New,Subject_qjdhs,"#N/A","#N/A","#N/A","#N/A","#N/A"
6e00832a-d589-4319-9cd0-291493aee3c6,"#N/A","#N/A",false,Web,"#N/A","#N/A",Medium,"#N/A",New,Subject_pcbxm,"#N/A","#N/A","#N/A","#N/A","#N/A"
6e02843b-6d4a-41ce-8b59-1e402e00a2c6,"#N/A","#N/A",false,Web,"#N/A","#N/A",Medium,"#N/A",New,Subject_knbdl,"#N/A","#N/A","#N/A","#N/A","#N/A"
6e044922-6bdf-4b6d-bccc-cde84b91c0c1,"#N/A","#N/A",false,Web,"#N/A","#N/A",Medium,"#N/A",New,Subject_xjram,"#N/A","#N/A","#N/A","#N/A","#N/A"
6e07e7cc-1919-450c-8781-f8e5899308ce,"#N/A","#N/A",false,Web,"#N/A","#N/A",Medium,"#N/A",New,Subject_ywpcc,"#N/A","#N/A","#N/A","#N/A","#N/A"
6e086e41-2445-437b-ae64-f43127d1c7e0,"#N/A","#N/A",false,Web,"#N/A","#N/A",Medium,"#N/A",New,Subject_gfqyu,"#N/A","#N/A","#N/A","#N/A","#N/A"
6e0c2013-a78e-456e-96f0-400a3eaeb198,"#N/A","#N/A",false,Web,"#N/A","#N/A",Medium,"#N/A",New,Subject_lgwwg,"#N/A","#N/A","#N/A","#N/A","#N/A"
6e1286b1-d189-48dd-b508-5d36fb0bc035,"#N/A","#N/A",false,Web,"#N/A","#N/A",Medium,"#N/A",New,Subject_gxuqm,"#N/A","#N/A","#N/A","#N/A","#N/A"
6e14107c-26a1-4ddc-afb4-40ec9fd9b205,"#N/A","#N/A",false,Web,"#N/A","#N/A",Medium,"#N/A",New,Subject_joofl,"#N/A","#N/A","#N/A","#N/A","#N/A"
6e14148e-250c-486e-806a-aa992593cc17,"#N/A","#N/A",false,Web,"#N/A","#N/A",Medium,"#N/A",New,Subject_ihuvk,"#N/A","#N/A","#N/A","#N/A","#N/A"
6e1622d1-de48-4de7-aaee-becaf95d1e5b,"#N/A","#N/A",false,Web,"#N/A","#N/A",Medium,"#N/A",New,Subject_cbgoa,"#N/A","#N/A","#N/A","#N/A","#N/A"
6e1b78be-2c7c-49a3-9b51-830694af7f27,"#N/A","#N/A",false,Web,"#N/A","#N/A",Medium,"#N/A",New,Subject_ivhhp,"#N/A","#N/A","#N/A","#N/A","#N/A"
6e1b79e4-f763-4592-95c3-70af8bcbc626,"#N/A","#N/A",false,Web,"#N/A","#N/A",Medium,"#N/A",New,Subject_pkhdj,"#N/A","#N/A","#N/A","#N/A","#N/A"
6e1d1b3a-d23e-4da8-8217-014c3f762b94,"#N/A","#N/A",false,Web,"#N/A","#N/A",Medium,"#N/A",New,Subject_mqmkg,"#N/A","#N/A","#N/A","#N/A","#N/A"
6e1d2e52-9078-4b14-afaf-942bdcd526c0,"#N/A","#N/A",false,Web,"#N/A","#N/A",Medium,"#N/A",New,Subject_avjbe,"#N/A","#N/A","#N/A","#N/A","#N/A"
6e1e1634-0edc-48cb-8070-e6ca69f492ee,"#N/A","#N/A",false,Web,"#N/A","#N/A",Medium,"#N/A",New,Subject_ovhpn,"#N/A","#N/A","#N/A","#N/A","#N/A"
6e222cbd-d23e-455d-b1b6-d7b211f4c135,"#N/A","#N/A",false,Web,"#N/A","#N/A",Medium,"#N/A",New,Subject_syjop,"#N/A","#N/A","#N/A","#N/A","#N/A"
6e2545f6-1ce5-4ee1-b490-5827d24cd4fb,"#N/A","#N/A",false,Web,"#N/A","#N/A",Medium,"#N/A",New,Subject_eovds,"#N/A","#N/A","#N/A","#N/A","#N/A"
6e29e541-251f-4d3e-aba9-6be0bc168d06,"#N/A","#N/A",false,Web,"#N/A","#N/A",Medium,"#N/A",New,Subject_cokvo,"#N/A","#N/A","#N/A","#N/A","#N/A"
6e2b7aa7-600e-4e0f-aa38-69f40dcaccf3,"#N/A","#N/A",false,Web,"#N/A","#N/A",Medium,"#N/A",New,Subject_johyu,"#N/A","#N/A","#N/A","#N/A","#N/A"
6e2d3eae-f91a-423b-b21d-567b944d1d38,"#N/A","#N/A",false,Web,"#N/A","#N/A",Medium,"#N/A",New,Subject_lvlnd,"#N/A","#N/A","#N/A","#N/A","#N/A"
6e32a38c-2172-4fa5-adb7-f7f941e1de5b,"#N/A","#N/A",false,Web,"#N/A","#N/A",Medium,"#N/A",New,Subject_eghnu,"#N/A","#N/A","#N/A","#N/A","#N/A"
6e346dd8-3161-471f-b3d3-fc0c0c41f355,"#N/A","#N/A",false,Web,"#N/A","#N/A",Medium,"#N/A",New,Subject_sbjzj,"#N/A","#N/A","#N/A","#N/A","#N/A"
6e34a1c7-39fe-4823-86aa-e9f03cae9860,"#N/A","#N/A",false,Web,"#N/A","#N/A",Medium,"#N/A",New,Subject_xuwax,"#N/A","#N/A","#N/A","#N/A","#N/A"
6e3bae4d-f8d9-4aac-83f4-a295af4b0375,"#N/A","#N/A",false,Web,"#N/A","#N/A",Medium,"#N/A",New,Subject_scanf,"#N/A","#N/A","#N/A","#N/A","#N/A"
6e3cc925-fe26-4bd6-bc96-be35dd7b45ef,"#N/A","#N/A",false,Web,"#N/A","#N/A",Medium,"#N/A",New,Subject_hplxb,"#N/A","#N/A","#N/A","#N/A","#N/A"
6e4bc3fc-af45-4bea-8787-18cc8c02d86f,"#N/A","#N/A",false,Web,"#N/A","#N/A",Medium,"#N/A",New,Subject_lvqzg,"#N/A","#N/A","#N/A","#N/A","#N/A"
6e4cc6ea-f64c-4721-aee3-76d3fb0f5c5f,"#N/A","#N/A",false,Web,"#N/A","#N/A",Medium,"#N/A",New,Subject_xxlid,"#N/A","#N/A","#N/A","#N/A","#N/A"
6e4ef331-61db-4333-b69e-f4cd86364312,"#N/A","#N/A",false,Web,"#N/A","#N/A",Medium,"#N/A",New,Subject_hrnvb,"#N/A","#N/A","#N/A","#N/A","#N/A"
6e51a949-0d41-4896-9e8d-5da030bb2f17,"#N/A","#N/A",false,Web,"#N/A","#N/A",Medium,"#N/A",New,Subject_zabzk,"#N/A","#N/A","#N/A","#N/A","#N/A"
6e52f796-9512-407b-bf7a-a7ce34dd7370,"#N/A","#N/A",false,Web,"#N/A","#N/A",Medium,"#N/A",New,Subject_hsasu,"#N/A","#N/A","#N/A","#N/A","#N/A"
6e54479a-2c64-4ad5-a40f-2cd12e00fed0,"#N/A","#N/A",false,Web,"#N/A","#N/A",Medium,"#N/A",New,Subject_okkok,"#N/A","#N/A","#N/A","#N/A","#N/A"
6e5733b4-1b1f-4282-b8de-dc9ad9fc6b81,"#N/A","#N/A",false,Web,"#N/A","#N/A",Medium,"#N/A",New,Subject_noguw,"#N/A","#N/A","#N/A","#N/A","#N/A"
6e57e18e-3b24-4d17-bc91-efea12e165fb,"#N/A","#N/A",false,Web,"#N/A","#N/A",Medium,"#N/A",New,Subject_rsicn,"#N/A","#N/A","#N/A","#N/A","#N/A"
6e5a3b05-2a45-496b-9cae-272f9c121f12,"#N/A","#N/A",false,Web,"#N/A","#N/A",Medium,"#N/A",New,Subject_khfjx,"#N/A","#N/A","#N/A","#N/A","#N/A"
6e5f70a1-6794-4151-99d4-596677553a65,"#N/A","#N/A",false,Web,"#N/A","#N/A",Medium,"#N/A",New,Subject_geudy,"#N/A","#N/A","#N/A","#N/A","#N/A"
6e629e90-8c20-465a-95fa-15f241b4e961,"#N/A","#N/A",false,Web,"#N/A","#N/A",Medium,"#N/A",New,Subject_pvjcq,"#N/A","#N/A","#N/A","#N/A","#N/A"
6e63b6cb-de99-4676-ba95-795fbe0ffeef,"#N/A","#N/A",false,Web,"#N/A","#N/A",Medium,"#N/A",New,Subject_nyqiz,"#N/A","#N/A","#N/A","#N/A","#N/A"
6e641d31-2010-40b7-9764-a02c5fd2372f,"#N/A","#N/A",false,Web,"#N/A","#N/A",Medium,"#N/A",New,Subject_lsmle,"#N/A","#N/A","#N/A","#N/A","#N/A"
6e679feb-9276-4b40-961e-73faf2f005a4,"#N/A","#N/A",false,Web,"#N/A","#N/A",Medium,"#N/A",New,Subject_ndlfg,"#N/A","#N/A","#N/A","#N/A","#N/A"
6e6920e8-094d-4018-9800-5d6d3c282abe,"#N/A","#N/A",false,Web,"#N/A","#N/A",Medium,"#N/A",New,Subject_vkmuk,"#N/A","#N/A","#N/A","#N/A","#N/A"
6e6cb719-f5d7-47c4-b3a7-434636efeeee,"#N/A","#N/A",false,Web,"#N/A","#N/A",Medium,"#N/A",New,Subject_ephmb,"#N/A","#N/A","#N/A","#N/A","#N/A"
6e6fb017-f2d3-400d-b980-0cf97d3f6ab3,"#N/A","#N/A",false,Web,"#N/A","#N/A",Medium,"#N/A",New,Subject_ijago,"#N/A","#N/A","#N/A","#N/A","#N/A"
6e75201c-429d-404e-be91-585a0bbc922a,"#N/A","#N/A",false,Web,"#N/A","#N/A",Medium,"#N/A",New,Subject_zzmov,"#N/A","#N/A","#N/A","#N/A","#N/A"
6e75f799-65a0-4e17-b70f-bb57b7e78549,"#N/A","#N/A",false,Web,"#N/A","#N/A",Medium,"#N/A",New,Subject_apbbp,"#N/A","#N/A","#N/A","#N/A","#N/A"
6e761b63-dfd4-4e3e-bfe2-cbc5df6f7248,"#N/A","#N/A",false,Web,"#N/A","#N/A",Medium,"#N/A",New,Subject_xbrvb,"#N/A","#N/A","#N/A","#N/A","#N/A"
6e7b2194-d529-4132-a28d-87e2b9b681c6,"#N/A","#N/A",false,Web,"#N/A","#N/A",Medium,"#N/A",New,Subject_iednf,"#N/A","#N/A","#N/A","#N/A","#N/A"
6e7b3258-1c64-4887-b11a-e8042ec47bc9,"#N/A","#N/A",false,Web,"#N/A","#N/A",Medium,"#N/A",New,Subject_elmdk,"#N/A","#N/A","#N/A","#N/A","#N/A"
6e7bbcbe-ec53-47e3-a846-0c47a3bea7fd,"#N/A","#N/A",false,Web,"#N/A","#N/A",Medium,"#N/A",New,Subject_gxfdk,"#N/A","#N/A","#N/A","#N/A","#N/A"
6e7fa09d-9441-4ae9-aaab-ecc30ac7459b,"#N/A","#N/A",false,Web,"#N/A","#N/A",Medium,"#N/A",New,Subject_rhzyf,"#N/A","#N/A","#N/A","#N/A","#N/A"
6e80b1e3-8a11-4d0a-865b-4260b99e43b4,"#N/A","#N/A",false,Web,"#N/A","#N/A",Medium,"#N/A",New,Subject_zymor,"#N/A","#N/A","#N/A","#N/A","#N/A"
6e83d789-d645-4746-84b7-9c1121e0dee1,"#N/A","#N/A",false,Web,"#N/A","#N/A",Medium,"#N/A",New,Subject_wtsvv,"#N/A","#N/A","#N/A","#N/A","#N/A"
6e8659ff-c07d-490c-bab2-8e7b9f78c018,"#N/A","#N/A",false,Web,"#N/A","#N/A",Medium,"#N/A",New,Subject_pemub,"#N/A","#N/A","#N/A","#N/A","#N/A"
6e868485-deaf-4326-896b-089a34661b3d,"#N/A","#N/A",false,Web,"#N/A","#N/A",Medium,"#N/A",New,Subject_ysifh,"#N/A","#N/A","#N/A","#N/A","#N/A"
6e8850fd-2c89-47e9-89ac-460ebb7c9c3e,"#N/A","#N/A",false,Web,"#N/A","#N/A",Medium,"#N/A",New,Subject_jrcem,"#N/A","#N/A","#N/A","#N/A","#N/A"
6e8b0266-70f2-40ed-93e0-907034c43841,"#N/A","#N/A",false,Web,"#N/A","#N/A",Medium,"#N/A",New,Subject_whzqa,"#N/A","#N/A","#N/A","#N/A","#N/A"
6e8c5e33-a602-4540-ad1d-9498bbc3f0f7,"#N/A","#N/A",false,Web,"#N/A","#N/A",Medium,"#N/A",New,Subject_cnlwi,"#N/A","#N/A","#N/A","#N/A","#N/A"
6e8ca83a-2eb6-4c08-b3ad-b17349b530e8,"#N/A","#N/A",false,Web,"#N/A","#N/A",Medium,"#N/A",New,Subject_fpion,"#N/A","#N/A","#N/A","#N/A","#N/A"
6e8d730e-9c7a-4dc3-a8da-efc30f7b3272,"#N/A","#N/A",false,Web,"#N/A","#N/A",Medium,"#N/A",New,Subject_gnzyp,"#N/A","#N/A","#N/A","#N/A","#N/A"
6e902a1d-637f-48c5-ba71-b05638b43eda,"#N/A","#N/A",false,Web,"#N/A","#N/A",Medium,"#N/A",New,Subject_xtiet,"#N/A","#N/A","#N/A","#N/A","#N/A"
6e916a2d-57a8-4f64-be9d-2986a557092a,"#N/A","#N/A",false,Web,"#N/A","#N/A",Medium,"#N/A",New,Subject_tyclw,"#N/A","#N/A","#N/A","#N/A","#N/A"
6e93f08e-06f8-4f09-a535-de572afdaaa6,"#N/A","#N/A",false,Web,"#N/A","#N/A",Medium,"#N/A",New,Subject_gikfx,"#N/A","#N/A","#N/A","#N/A","#N/A"
6e984fff-196c-4f61-a2bc-1cdd56b26be9,"#N/A","#N/A",false,Web,"#N/A","#N/A",Medium,"#N/A",New,Subject_cgabj,"#N/A","#N/A","#N/A","#N/A","#N/A"
6e9862e1-39e9-466e-83c7-a3438324c98c,"#N/A","#N/A",false,Web,"#N/A","#N/A",Medium,"#N/A",New,Subject_gdqwy,"#N/A","#N/A","#N/A","#N/A","#N/A"
6e9e9937-b15e-4408-b17c-d849862d6d0f,"#N/A","#N/A",false,Web,"#N/A","#N/A",Medium,"#N/A",New,Subject_nnwvf,"#N/A","#N/A","#N/A","#N/A","#N/A"
6ea48267-7816-4ad0-8dfc-39596676662b,"#N/A","#N/A",false,Web,"#N/A","#N/A",Medium,"#N/A",New,Subject_glhov,"#N/A","#N/A","#N/A","#N/A","#N/A"
6ea94d45-905b-4855-bc7c-48a3f6fc62b7,"#N/A","#N/A",false,Web,"#N/A","#N/A",Medium,"#N/A",New,Subject_slphu,"#N/A","#N/A","#N/A","#N/A","#N/A"
6eab6405-6701-4994-8327-7fcd311ebe31,"#N/A","#N/A",false,Web,"#N/A","#N/A",Medium,"#N/A",New,Subject_jnbiv,"#N/A","#N/A","#N/A","#N/A","#N/A"
6eade66f-4d8a-4782-9e39-a6d864a192c3,"#N/A","#N/A",false,Web,"#N/A","#N/A",Medium,"#N/A",New,Subject_abcmx,"#N/A","#N/A","#N/A","#N/A","#N/A"
6eb082fc-e75b-462c-a0f6-6d0f585ee800,"#N/A","#N/A",false,Web,"#N/A","#N/A",Medium,"#N/A",New,Subject_bpjuk,"#N/A","#N/A","#N/A","#N/A","#N/A"
6eb15672-4a4f-4325-9274-77a25f9572b1,"#N/A","#N/A",false,Web,"#N/A","#N/A",Medium,"#N/A",New,Subject_vdlod,"#N/A","#N/A","#N/A","#N/A","#N/A"
6eba1f2c-310a-4673-a82d-132c24cb76a5,"#N/A","#N/A",false,Web,"#N/A","#N/A",Medium,"#N/A",New,Subject_fzqvs,"#N/A","#N/A","#N/A","#N/A","#N/A"
6ebf0cb0-46e3-4586-932e-002a398cb4d1,"#N/A","#N/A",false,Web,"#N/A","#N/A",Medium,"#N/A",New,Subject_dgdfb,"#N/A","#N/A","#N/A","#N/A","#N/A"
6ec593b6-4257-487f-ac36-8067e2066399,"#N/A","#N/A",false,Web,"#N/A","#N/A",Medium,"#N/A",New,Subject_tjenk,"#N/A","#N/A","#N/A","#N/A","#N/A"
6ec861da-a6ae-4e07-a9b6-040c8adad46e,"#N/A","#N/A",false,Web,"#N/A","#N/A",Medium,"#N/A",New,Subject_xpsuj,"#N/A","#N/A","#N/A","#N/A","#N/A"
6ec88c06-4c49-49a7-ad0c-afc5c5c6bc17,"#N/A","#N/A",false,Web,"#N/A","#N/A",Medium,"#N/A",New,Subject_zyycy,"#N/A","#N/A","#N/A","#N/A","#N/A"
6eca172b-d83f-4b38-bbc5-29c40deb1f57,"#N/A","#N/A",false,Web,"#N/A","#N/A",Medium,"#N/A",New,Subject_hayok,"#N/A","#N/A","#N/A","#N/A","#N/A"
6eca96ef-9a8d-42dd-a234-49595e2cc2e6,"#N/A","#N/A",false,Web,"#N/A","#N/A",Medium,"#N/A",New,Subject_jwfws,"#N/A","#N/A","#N/A","#N/A","#N/A"
6ecc151b-41dc-4ec8-8247-0f7c5c203189,"#N/A","#N/A",false,Web,"#N/A","#N/A",Medium,"#N/A",New,Subject_jczsv,"#N/A","#N/A","#N/A","#N/A","#N/A"
6ecc7c9b-0f49-46f7-adec-b7d5ca1ad229,"#N/A","#N/A",false,Web,"#N/A","#N/A",Medium,"#N/A",New,Subject_turen,"#N/A","#N/A","#N/A","#N/A","#N/A"
6ecd519e-1bfb-40df-b296-be64017d9b14,"#N/A","#N/A",false,Web,"#N/A","#N/A",Medium,"#N/A",New,Subject_lbfck,"#N/A","#N/A","#N/A","#N/A","#N/A"
6ecdeaff-21ba-41c1-8150-272a643f96d2,"#N/A","#N/A",false,Web,"#N/A","#N/A",Medium,"#N/A",New,Subject_xcutk,"#N/A","#N/A","#N/A","#N/A","#N/A"
6ecee9f3-bf87-44cb-8f95-fa8dd55d99b3,"#N/A","#N/A",false,Web,"#N/A","#N/A",Medium,"#N/A",New,Subject_vpsep,"#N/A","#N/A","#N/A","#N/A","#N/A"
6ed37e29-5700-4cba-89a3-b1641d9284a3,"#N/A","#N/A",false,Web,"#N/A","#N/A",Medium,"#N/A",New,Subject_uwlos,"#N/A","#N/A","#N/A","#N/A","#N/A"
6edba675-37fd-4ac8-a2a8-e144cf7bb4d3,"#N/A","#N/A",false,Web,"#N/A","#N/A",Medium,"#N/A",New,Subject_lihbu,"#N/A","#N/A","#N/A","#N/A","#N/A"
6edbe570-3c83-45ca-acd5-1c19b95769b9,"#N/A","#N/A",false,Web,"#N/A","#N/A",Medium,"#N/A",New,Subject_orptb,"#N/A","#N/A","#N/A","#N/A","#N/A"
6edcc6f8-5ed1-422d-a459-cd24e793b01d,"#N/A","#N/A",false,Web,"#N/A","#N/A",Medium,"#N/A",New,Subject_fuxjl,"#N/A","#N/A","#N/A","#N/A","#N/A"
6ee8f9cb-2256-4656-9b17-e060b3209323,"#N/A","#N/A",false,Web,"#N/A","#N/A",Medium,"#N/A",New,Subject_momef,"#N/A","#N/A","#N/A","#N/A","#N/A"
6ee9679e-cfde-4e9b-a65f-d17644e1261b,"#N/A","#N/A",false,Web,"#N/A","#N/A",Medium,"#N/A",New,Subject_txpls,"#N/A","#N/A","#N/A","#N/A","#N/A"
6ef0abb2-bf6c-43bd-8ff7-2f654077da24,"#N/A","#N/A",false,Web,"#N/A","#N/A",Medium,"#N/A",New,Subject_lwtqo,"#N/A","#N/A","#N/A","#N/A","#N/A"
6ef305c8-2a49-4f2a-92bd-4fcf4b61b5b5,"#N/A","#N/A",false,Web,"#N/A","#N/A",Medium,"#N/A",New,Subject_ilrxw,"#N/A","#N/A","#N/A","#N/A","#N/A"
6ef48367-9cf5-46c3-b589-1f54ce756be7,"#N/A","#N/A",false,Web,"#N/A","#N/A",Medium,"#N/A",New,Subject_nyscm,"#N/A","#N/A","#N/A","#N/A","#N/A"
6ef4f2a1-1d75-4d53-9772-3b8069a720a6,"#N/A","#N/A",false,Web,"#N/A","#N/A",Medium,"#N/A",New,Subject_fvkdq,"#N/A","#N/A","#N/A","#N/A","#N/A"
6efb7bc5-d4b8-4a9b-b785-c118d1404c94,"#N/A","#N/A",false,Web,"#N/A","#N/A",Medium,"#N/A",New,Subject_dshei,"#N/A","#N/A","#N/A","#N/A","#N/A"
6efcdaf4-e24d-40c0-889f-7a2cdd1d689c,"#N/A","#N/A",false,Web,"#N/A","#N/A",Medium,"#N/A",New,Subject_yotzc,"#N/A","#N/A","#N/A","#N/A","#N/A"
6efcfce5-8f29-45b1-9574-5e6a1c8c6b47,"#N/A","#N/A",false,Web,"#N/A","#N/A",Medium,"#N/A",New,Subject_bstkw,"#N/A","#N/A","#N/A","#N/A","#N/A"
6efeb365-9bd7-451a-9afe-e246a31d00df,"#N/A","#N/A",false,Web,"#N/A","#N/A",Medium,"#N/A",New,Subject_jqhgc,"#N/A","#N/A","#N/A","#N/A","#N/A"
6f09d2f4-9d45-4dde-ab0b-7a302a182a43,"#N/A","#N/A",false,Web,"#N/A","#N/A",Medium,"#N/A",New,Subject_bkspx,"#N/A","#N/A","#N/A","#N/A","#N/A"
6f0d04d1-806b-4143-bb90-09743c4426b6,"#N/A","#N/A",false,Web,"#N/A","#N/A",Medium,"#N/A",New,Subject_jnmgf,"#N/A","#N/A","#N/A","#N/A","#N/A"
6f0e8b89-e537-4be5-a79b-a6008d93182e,"#N/A","#N/A",false,Web,"#N/A","#N/A",Medium,"#N/A",New,Subject_zgiaw,"#N/A","#N/A","#N/A","#N/A","#N/A"
6f141fa0-d452-4f4b-b7fb-fcd83febd6b6,"#N/A","#N/A",false,Web,"#N/A","#N/A",Medium,"#N/A",New,Subject_znona,"#N/A","#N/A","#N/A","#N/A","#N/A"
6f14387f-e75c-470a-bc7a-8877e54f049d,"#N/A","#N/A",false,Web,"#N/A","#N/A",Medium,"#N/A",New,Subject_tfjgv,"#N/A","#N/A","#N/A","#N/A","#N/A"
6f147e8e-dac0-4815-b02d-3398f222257b,"#N/A","#N/A",false,Web,"#N/A","#N/A",Medium,"#N/A",New,Subject_qfaqe,"#N/A","#N/A","#N/A","#N/A","#N/A"
6f16131e-b980-435a-86be-cc20f4b2ddbb,"#N/A","#N/A",false,Web,"#N/A","#N/A",Medium,"#N/A",New,Subject_izffa,"#N/A","#N/A","#N/A","#N/A","#N/A"
6f16b718-4513-4779-8ffd-cdd3dc5851d7,"#N/A","#N/A",false,Web,"#N/A","#N/A",Medium,"#N/A",New,Subject_qlzyk,"#N/A","#N/A","#N/A","#N/A","#N/A"
6f180a66-dfb3-48a1-8999-bf48cde3b1cd,"#N/A","#N/A",false,Web,"#N/A","#N/A",Medium,"#N/A",New,Subject_nxmzk,"#N/A","#N/A","#N/A","#N/A","#N/A"
6f21f08a-3b0b-4060-9d97-b02cec6e70e4,"#N/A","#N/A",false,Web,"#N/A","#N/A",Medium,"#N/A",New,Subject_cfszi,"#N/A","#N/A","#N/A","#N/A","#N/A"
6f220f8a-9627-47b8-9e0d-5199b22e6ebe,"#N/A","#N/A",false,Web,"#N/A","#N/A",Medium,"#N/A",New,Subject_lvzmb,"#N/A","#N/A","#N/A","#N/A","#N/A"
6f227cf1-26f7-496a-8da8-c3ea6699a186,"#N/A","#N/A",false,Web,"#N/A","#N/A",Medium,"#N/A",New,Subject_sykzb,"#N/A","#N/A","#N/A","#N/A","#N/A"
6f2482c6-1a7d-4315-8635-74b0a87a58b0,"#N/A","#N/A",false,Web,"#N/A","#N/A",Medium,"#N/A",New,Subject_dzpbo,"#N/A","#N/A","#N/A","#N/A","#N/A"
6f2bff29-0d1f-49c9-8bb5-dc100f0681e1,"#N/A","#N/A",false,Web,"#N/A","#N/A",Medium,"#N/A",New,Subject_uihtq,"#N/A","#N/A","#N/A","#N/A","#N/A"
6f2d0021-487a-4bc1-a3a3-0084cabe5e94,"#N/A","#N/A",false,Web,"#N/A","#N/A",Medium,"#N/A",New,Subject_mbayx,"#N/A","#N/A","#N/A","#N/A","#N/A"
6f2e34ad-dc0d-4bef-9517-f3fcd94d10c1,"#N/A","#N/A",false,Web,"#N/A","#N/A",Medium,"#N/A",New,Subject_wnrod,"#N/A","#N/A","#N/A","#N/A","#N/A"
6f2e9af6-b083-4291-bad7-3e66f5561d68,"#N/A","#N/A",false,Web,"#N/A","#N/A",Medium,"#N/A",New,Subject_owywd,"#N/A","#N/A","#N/A","#N/A","#N/A"
6f351737-dfe4-40fc-b795-d122c586dc76,"#N/A","#N/A",false,Web,"#N/A","#N/A",Medium,"#N/A",New,Subject_jrufb,"#N/A","#N/A","#N/A","#N/A","#N/A"
6f366302-9c80-48d3-a4ad-a040a9ba8657,"#N/A","#N/A",false,Web,"#N/A","#N/A",Medium,"#N/A",New,Subject_cuxtc,"#N/A","#N/A","#N/A","#N/A","#N/A"
6f36b36c-38e4-4bc2-9ba3-9e7e9300846e,"#N/A","#N/A",false,Web,"#N/A","#N/A",Medium,"#N/A",New,Subject_lepuu,"#N/A","#N/A","#N/A","#N/A","#N/A"
6f36dee0-1ed7-446d-8b96-6cb60ab38c4e,"#N/A","#N/A",false,Web,"#N/A","#N/A",Medium,"#N/A",New,Subject_cqgaf,"#N/A","#N/A","#N/A","#N/A","#N/A"
6f3d0872-2f89-47df-852a-01d7c2935c30,"#N/A","#N/A",false,Web,"#N/A","#N/A",Medium,"#N/A",New,Subject_qomhc,"#N/A","#N/A","#N/A","#N/A","#N/A"
6f4435aa-3195-49fd-b87e-94ee04cbd9b1,"#N/A","#N/A",false,Web,"#N/A","#N/A",Medium,"#N/A",New,Subject_zyyoj,"#N/A","#N/A","#N/A","#N/A","#N/A"
6f45bc60-b807-457c-b3e6-de00cdee40b9,"#N/A","#N/A",false,Web,"#N/A","#N/A",Medium,"#N/A",New,Subject_mrkpf,"#N/A","#N/A","#N/A","#N/A","#N/A"
6f45f2e1-dafc-4e51-aa0c-986105de5019,"#N/A","#N/A",false,Web,"#N/A","#N/A",Medium,"#N/A",New,Subject_bsnxk,"#N/A","#N/A","#N/A","#N/A","#N/A"
6f45fd01-f722-4452-b837-fb12301b275b,"#N/A","#N/A",false,Web,"#N/A","#N/A",Medium,"#N/A",New,Subject_eoxga,"#N/A","#N/A","#N/A","#N/A","#N/A"
6f471e23-8089-4453-b8cc-f1c08849312b,"#N/A","#N/A",false,Web,"#N/A","#N/A",Medium,"#N/A",New,Subject_koxas,"#N/A","#N/A","#N/A","#N/A","#N/A"
6f4800b0-344c-4f8c-9dd5-af3b17c32559,"#N/A","#N/A",false,Web,"#N/A","#N/A",Medium,"#N/A",New,Subject_lekmj,"#N/A","#N/A","#N/A","#N/A","#N/A"
6f4e3469-a020-4def-885a-a00a55d67b5c,"#N/A","#N/A",false,Web,"#N/A","#N/A",Medium,"#N/A",New,Subject_wdlwk,"#N/A","#N/A","#N/A","#N/A","#N/A"
6f4ff571-a597-4e70-9828-7c7e1207e3cd,"#N/A","#N/A",false,Web,"#N/A","#N/A",Medium,"#N/A",New,Subject_mewex,"#N/A","#N/A","#N/A","#N/A","#N/A"
6f5202c6-19f6-406c-b1d2-ba381ab77e28,"#N/A","#N/A",false,Web,"#N/A","#N/A",Medium,"#N/A",New,Subject_nwesy,"#N/A","#N/A","#N/A","#N/A","#N/A"
6f53081e-6c7a-4e92-aa69-f91540bc3c28,"#N/A","#N/A",false,Web,"#N/A","#N/A",Medium,"#N/A",New,Subject_retsx,"#N/A","#N/A","#N/A","#N/A","#N/A"
6f56ef69-01ff-45fa-ac6c-7cf07c4cf19e,"#N/A","#N/A",false,Web,"#N/A","#N/A",Medium,"#N/A",New,Subject_fmzcz,"#N/A","#N/A","#N/A","#N/A","#N/A"
6f583667-4881-4561-9964-82eedcb44155,"#N/A","#N/A",false,Web,"#N/A","#N/A",Medium,"#N/A",New,Subject_uoxzp,"#N/A","#N/A","#N/A","#N/A","#N/A"
6f599939-9831-471e-a4e5-48ff3a87296f,"#N/A","#N/A",false,Web,"#N/A","#N/A",Medium,"#N/A",New,Subject_lhxmy,"#N/A","#N/A","#N/A","#N/A","#N/A"
6f5b77e8-2b70-43bd-845c-783d6d9f504a,"#N/A","#N/A",false,Web,"#N/A","#N/A",Medium,"#N/A",New,Subject_wywnl,"#N/A","#N/A","#N/A","#N/A","#N/A"
6f5fe98b-b881-4f2f-99f0-814a56c14d50,"#N/A","#N/A",false,Web,"#N/A","#N/A",Medium,"#N/A",New,Subject_ilyus,"#N/A","#N/A","#N/A","#N/A","#N/A"
6f605ca1-3a33-4da8-bbd5-13a9e2fb3981,"#N/A","#N/A",false,Web,"#N/A","#N/A",Medium,"#N/A",New,Subject_jhfur,"#N/A","#N/A","#N/A","#N/A","#N/A"
6f623f00-e9ab-4bba-90e0-e868e8a033f9,"#N/A","#N/A",false,Web,"#N/A","#N/A",Medium,"#N/A",New,Subject_vsrsg,"#N/A","#N/A","#N/A","#N/A","#N/A"
6f6291d8-7d1c-439f-b6b1-5ecff3cf3000,"#N/A","#N/A",false,Web,"#N/A","#N/A",Medium,"#N/A",New,Subject_sivtu,"#N/A","#N/A","#N/A","#N/A","#N/A"
6f69cd28-cfd4-49c3-9dcc-aef4d80250c3,"#N/A","#N/A",false,Web,"#N/A","#N/A",Medium,"#N/A",New,Subject_htnma,"#N/A","#N/A","#N/A","#N/A","#N/A"
6f6c6951-d858-452b-a8ae-23f8dd4d6d1b,"#N/A","#N/A",false,Web,"#N/A","#N/A",Medium,"#N/A",New,Subject_ivtbh,"#N/A","#N/A","#N/A","#N/A","#N/A"
6f6f5c1a-fc1c-46c0-927c-69a8ef93de09,"#N/A","#N/A",false,Web,"#N/A","#N/A",Medium,"#N/A",New,Subject_otkil,"#N/A","#N/A","#N/A","#N/A","#N/A"
6f73056a-bf74-41ae-bcf8-3cfde2d3f237,"#N/A","#N/A",false,Web,"#N/A","#N/A",Medium,"#N/A",New,Subject_hjhus,"#N/A","#N/A","#N/A","#N/A","#N/A"
6f740312-918d-4324-8ee5-07beb74c24a7,"#N/A","#N/A",false,Web,"#N/A","#N/A",Medium,"#N/A",New,Subject_rjjsj,"#N/A","#N/A","#N/A","#N/A","#N/A"
6f746152-dde4-45f9-92e8-b02088c1ada8,"#N/A","#N/A",false,Web,"#N/A","#N/A",Medium,"#N/A",New,Subject_phvhx,"#N/A","#N/A","#N/A","#N/A","#N/A"
6f751dc3-f3ad-485f-82dc-682f040c1846,"#N/A","#N/A",false,Web,"#N/A","#N/A",Medium,"#N/A",New,Subject_afwqf,"#N/A","#N/A","#N/A","#N/A","#N/A"
6f752590-0501-4479-9c91-fc6f803c0827,"#N/A","#N/A",false,Web,"#N/A","#N/A",Medium,"#N/A",New,Subject_moitm,"#N/A","#N/A","#N/A","#N/A","#N/A"
6f781817-7760-4e63-ae7a-903a9f96d9b7,"#N/A","#N/A",false,Web,"#N/A","#N/A",Medium,"#N/A",New,Subject_ygkql,"#N/A","#N/A","#N/A","#N/A","#N/A"
6f784d78-1bf6-461e-a007-5b0140f36ceb,"#N/A","#N/A",false,Web,"#N/A","#N/A",Medium,"#N/A",New,Subject_bhals,"#N/A","#N/A","#N/A","#N/A","#N/A"
6f7edc8e-aa9a-4ea5-88ae-cbc8a1d07cab,"#N/A","#N/A",false,Web,"#N/A","#N/A",Medium,"#N/A",New,Subject_mqpcz,"#N/A","#N/A","#N/A","#N/A","#N/A"
6f804470-f05f-479e-8e96-1052b1eaadd6,"#N/A","#N/A",false,Web,"#N/A","#N/A",Medium,"#N/A",New,Subject_iesxp,"#N/A","#N/A","#N/A","#N/A","#N/A"
6f8169b8-4a9b-4099-a636-f0648c5d5e55,"#N/A","#N/A",false,Web,"#N/A","#N/A",Medium,"#N/A",New,Subject_sokcn,"#N/A","#N/A","#N/A","#N/A","#N/A"
6f85c6dd-5655-4b86-ab60-dc06ebd9c32f,"#N/A","#N/A",false,Web,"#N/A","#N/A",Medium,"#N/A",New,Subject_vdjol,"#N/A","#N/A","#N/A","#N/A","#N/A"
6f88c39e-f41b-4800-a2b8-b6fb1eeaa433,"#N/A","#N/A",false,Web,"#N/A","#N/A",Medium,"#N/A",New,Subject_xtvip,"#N/A","#N/A","#N/A","#N/A","#N/A"
6f89ffde-a0a7-420c-b380-5e458ab7bd0b,"#N/A","#N/A",false,Web,"#N/A","#N/A",Medium,"#N/A",New,Subject_gnhrs,"#N/A","#N/A","#N/A","#N/A","#N/A"
6f8a421d-e6b9-4407-af8a-cd5c5b0f5dc1,"#N/A","#N/A",false,Web,"#N/A","#N/A",Medium,"#N/A",New,Subject_hyjyz,"#N/A","#N/A","#N/A","#N/A","#N/A"
6f8cce21-fed1-4f3b-8cae-328612c1317f,"#N/A","#N/A",false,Web,"#N/A","#N/A",Medium,"#N/A",New,Subject_ptjlm,"#N/A","#N/A","#N/A","#N/A","#N/A"
6f8ea83c-f523-45ea-95c7-64fb3325a076,"#N/A","#N/A",false,Web,"#N/A","#N/A",Medium,"#N/A",New,Subject_aljvv,"#N/A","#N/A","#N/A","#N/A","#N/A"
6f917403-1740-4ca0-84f2-81d9ed59df4c,"#N/A","#N/A",false,Web,"#N/A","#N/A",Medium,"#N/A",New,Subject_extmm,"#N/A","#N/A","#N/A","#N/A","#N/A"
6f9249a7-08b7-4338-89fa-56b061eccfa0,"#N/A","#N/A",false,Web,"#N/A","#N/A",Medium,"#N/A",New,Subject_rxofv,"#N/A","#N/A","#N/A","#N/A","#N/A"
6f9cd053-317e-45cc-9969-82f0e5beb5b0,"#N/A","#N/A",false,Web,"#N/A","#N/A",Medium,"#N/A",New,Subject_hpwoz,"#N/A","#N/A","#N/A","#N/A","#N/A"
6fa0e3a8-4f81-4921-847a-a6990c2b623e,"#N/A","#N/A",false,Web,"#N/A","#N/A",Medium,"#N/A",New,Subject_fzatu,"#N/A","#N/A","#N/A","#N/A","#N/A"
6fa16f87-01d4-4e1f-8607-979e09188a44,"#N/A","#N/A",false,Web,"#N/A","#N/A",Medium,"#N/A",New,Subject_uldwv,"#N/A","#N/A","#N/A","#N/A","#N/A"
6fa3b08b-29cd-41b0-8354-79c76455d840,"#N/A","#N/A",false,Web,"#N/A","#N/A",Medium,"#N/A",New,Subject_gzwfh,"#N/A","#N/A","#N/A","#N/A","#N/A"
6fa4d7a4-6de0-4f97-a5e7-57890dc6f2f0,"#N/A","#N/A",false,Web,"#N/A","#N/A",Medium,"#N/A",New,Subject_znydk,"#N/A","#N/A","#N/A","#N/A","#N/A"
6fab33e9-a3ee-4d53-81e7-e287e67138f3,"#N/A","#N/A",false,Web,"#N/A","#N/A",Medium,"#N/A",New,Subject_djquy,"#N/A","#N/A","#N/A","#N/A","#N/A"
6fae062c-8f14-4866-a48f-6c5e13d3caa3,"#N/A","#N/A",false,Web,"#N/A","#N/A",Medium,"#N/A",New,Subject_hcybs,"#N/A","#N/A","#N/A","#N/A","#N/A"
6fae435c-279e-4f2e-a676-58a8ca9e6383,"#N/A","#N/A",false,Web,"#N/A","#N/A",Medium,"#N/A",New,Subject_nevoe,"#N/A","#N/A","#N/A","#N/A","#N/A"
6faf9434-29be-4b87-8c3e-5f21b80d5266,"#N/A","#N/A",false,Web,"#N/A","#N/A",Medium,"#N/A",New,Subject_yhkhf,"#N/A","#N/A","#N/A","#N/A","#N/A"
6fb3bcf2-d41d-4ad8-869a-6e1be65b7e43,"#N/A","#N/A",false,Web,"#N/A","#N/A",Medium,"#N/A",New,Subject_hdgsi,"#N/A","#N/A","#N/A","#N/A","#N/A"
6fb92a1d-6091-4a28-8e23-79c352edd82b,"#N/A","#N/A",false,Web,"#N/A","#N/A",Medium,"#N/A",New,Subject_crbdq,"#N/A","#N/A","#N/A","#N/A","#N/A"
6fbaee2c-4eee-4015-97ca-4f5a31601cd7,"#N/A","#N/A",false,Web,"#N/A","#N/A",Medium,"#N/A",New,Subject_priyz,"#N/A","#N/A","#N/A","#N/A","#N/A"
6fbb32d0-e8a3-4911-856c-287c5b087b25,"#N/A","#N/A",false,Web,"#N/A","#N/A",Medium,"#N/A",New,Subject_qzxaa,"#N/A","#N/A","#N/A","#N/A","#N/A"
6fbcf7fb-f959-4608-9b8f-f2ba20f7bd49,"#N/A","#N/A",false,Web,"#N/A","#N/A",Medium,"#N/A",New,Subject_jkjvb,"#N/A","#N/A","#N/A","#N/A","#N/A"
6fbe9899-b188-4385-87fc-95e9f6114d50,"#N/A","#N/A",false,Web,"#N/A","#N/A",Medium,"#N/A",New,Subject_nrxsh,"#N/A","#N/A","#N/A","#N/A","#N/A"
6fbfc5bf-8b58-4834-80e3-c0fed98c6aab,"#N/A","#N/A",false,Web,"#N/A","#N/A",Medium,"#N/A",New,Subject_yovgt,"#N/A","#N/A","#N/A","#N/A","#N/A"
6fc28350-e1d4-43d8-9c48-cc6a11a4c8d3,"#N/A","#N/A",false,Web,"#N/A","#N/A",Medium,"#N/A",New,Subject_segdr,"#N/A","#N/A","#N/A","#N/A","#N/A"
6fc48fb0-6bb4-4d46-8193-a8d2410caea7,"#N/A","#N/A",false,Web,"#N/A","#N/A",Medium,"#N/A",New,Subject_lqdrc,"#N/A","#N/A","#N/A","#N/A","#N/A"
6fc4ec8e-66d1-438c-a87e-964f924a0b10,"#N/A","#N/A",false,Web,"#N/A","#N/A",Medium,"#N/A",New,Subject_esvzm,"#N/A","#N/A","#N/A","#N/A","#N/A"
6fc561b4-46d4-4786-ad03-eb3a1639b971,"#N/A","#N/A",false,Web,"#N/A","#N/A",Medium,"#N/A",New,Subject_cugwp,"#N/A","#N/A","#N/A","#N/A","#N/A"
6fca846a-b174-406f-afe3-347145fe6b43,"#N/A","#N/A",false,Web,"#N/A","#N/A",Medium,"#N/A",New,Subject_bbded,"#N/A","#N/A","#N/A","#N/A","#N/A"
6fcb45ca-37f7-4ac7-86a4-91a94a6e316e,"#N/A","#N/A",false,Web,"#N/A","#N/A",Medium,"#N/A",New,Subject_ajpoo,"#N/A","#N/A","#N/A","#N/A","#N/A"
6fcbd424-7132-46db-852c-4b513d05d767,"#N/A","#N/A",false,Web,"#N/A","#N/A",Medium,"#N/A",New,Subject_jvhwe,"#N/A","#N/A","#N/A","#N/A","#N/A"
6fcf8b41-9250-49b5-94f2-99616d443331,"#N/A","#N/A",false,Web,"#N/A","#N/A",Medium,"#N/A",New,Subject_zqxos,"#N/A","#N/A","#N/A","#N/A","#N/A"
6fd33690-5157-488e-9ffa-76274d70bd50,"#N/A","#N/A",false,Web,"#N/A","#N/A",Medium,"#N/A",New,Subject_ssmdg,"#N/A","#N/A","#N/A","#N/A","#N/A"
6fd512cd-4120-4d25-9dca-7a2009106f59,"#N/A","#N/A",false,Web,"#N/A","#N/A",Medium,"#N/A",New,Subject_yfezq,"#N/A","#N/A","#N/A","#N/A","#N/A"
6fd8828e-4d61-4715-9c32-b59deab22047,"#N/A","#N/A",false,Web,"#N/A","#N/A",Medium,"#N/A",New,Subject_maqij,"#N/A","#N/A","#N/A","#N/A","#N/A"
6fdba2a5-4086-4c4a-880f-4a275b726816,"#N/A","#N/A",false,Web,"#N/A","#N/A",Medium,"#N/A",New,Subject_omoib,"#N/A","#N/A","#N/A","#N/A","#N/A"
6fdf02e2-77f2-4d99-beb8-3184529a6d33,"#N/A","#N/A",false,Web,"#N/A","#N/A",Medium,"#N/A",New,Subject_ixgea,"#N/A","#N/A","#N/A","#N/A","#N/A"
6fdfad0c-a1f4-43ca-923d-e5b3a25b26db,"#N/A","#N/A",false,Web,"#N/A","#N/A",Medium,"#N/A",New,Subject_xayen,"#N/A","#N/A","#N/A","#N/A","#N/A"
6fe01600-3b42-4e4a-8710-56eb980c3a90,"#N/A","#N/A",false,Web,"#N/A","#N/A",Medium,"#N/A",New,Subject_ctsoa,"#N/A","#N/A","#N/A","#N/A","#N/A"
6fe1f33d-390f-4629-a596-27108d6ac13d,"#N/A","#N/A",false,Web,"#N/A","#N/A",Medium,"#N/A",New,Subject_cvzkm,"#N/A","#N/A","#N/A","#N/A","#N/A"
6fe34902-8094-47f6-a31e-29a55b6bc22b,"#N/A","#N/A",false,Web,"#N/A","#N/A",Medium,"#N/A",New,Subject_rgknt,"#N/A","#N/A","#N/A","#N/A","#N/A"
6fe423b5-1aff-4457-a211-f3bd38928660,"#N/A","#N/A",false,Web,"#N/A","#N/A",Medium,"#N/A",New,Subject_lvqrm,"#N/A","#N/A","#N/A","#N/A","#N/A"
6fe7d4be-457a-4d8f-b331-6b8d88b71226,"#N/A","#N/A",false,Web,"#N/A","#N/A",Medium,"#N/A",New,Subject_qdfqw,"#N/A","#N/A","#N/A","#N/A","#N/A"
6feeaec7-702b-468b-88e1-30c59ff422c3,"#N/A","#N/A",false,Web,"#N/A","#N/A",Medium,"#N/A",New,Subject_ldfsr,"#N/A","#N/A","#N/A","#N/A","#N/A"
6ff8818a-ba94-4dbb-ac0a-e101b6a0cea4,"#N/A","#N/A",false,Web,"#N/A","#N/A",Medium,"#N/A",New,Subject_xuwxd,"#N/A","#N/A","#N/A","#N/A","#N/A"
70020f1c-0ee1-4bcd-9b6e-abc53dd73459,"#N/A","#N/A",false,Web,"#N/A","#N/A",Medium,"#N/A",New,Subject_scadf,"#N/A","#N/A","#N/A","#N/A","#N/A"
70055f2a-215c-4093-8b9e-7ce9d8fd1d15,"#N/A","#N/A",false,Web,"#N/A","#N/A",Medium,"#N/A",New,Subject_hfhfz,"#N/A","#N/A","#N/A","#N/A","#N/A"
700678c6-4913-4cf9-8bb7-9820fdd637c6,"#N/A","#N/A",false,Web,"#N/A","#N/A",Medium,"#N/A",New,Subject_aehwg,"#N/A","#N/A","#N/A","#N/A","#N/A"
700d2c17-fc6e-4f0e-8a7d-7ce2a23d016d,"#N/A","#N/A",false,Web,"#N/A","#N/A",Medium,"#N/A",New,Subject_zzfmv,"#N/A","#N/A","#N/A","#N/A","#N/A"
70109e49-2d5b-43af-a157-d9ee0b8bc01b,"#N/A","#N/A",false,Web,"#N/A","#N/A",Medium,"#N/A",New,Subject_evwdm,"#N/A","#N/A","#N/A","#N/A","#N/A"
7010f422-872f-4645-ab6a-99803df25b2e,"#N/A","#N/A",false,Web,"#N/A","#N/A",Medium,"#N/A",New,Subject_sxghh,"#N/A","#N/A","#N/A","#N/A","#N/A"
70128d2a-c08f-4b2d-b5f8-24f7b486f467,"#N/A","#N/A",false,Web,"#N/A","#N/A",Medium,"#N/A",New,Subject_hekir,"#N/A","#N/A","#N/A","#N/A","#N/A"
7015643f-5320-4bb2-b383-1a2503296de3,"#N/A","#N/A",false,Web,"#N/A","#N/A",Medium,"#N/A",New,Subject_epxce,"#N/A","#N/A","#N/A","#N/A","#N/A"
70195c9b-c54a-4221-bdd6-b7d7ed89e8e2,"#N/A","#N/A",false,Web,"#N/A","#N/A",Medium,"#N/A",New,Subject_zbtqt,"#N/A","#N/A","#N/A","#N/A","#N/A"
701c6c2e-25f2-4e8c-af7d-67af85b4150d,"#N/A","#N/A",false,Web,"#N/A","#N/A",Medium,"#N/A",New,Subject_eqfex,"#N/A","#N/A","#N/A","#N/A","#N/A"
701e406b-773e-4b3e-86b2-5746b72ed620,"#N/A","#N/A",false,Web,"#N/A","#N/A",Medium,"#N/A",New,Subject_otdka,"#N/A","#N/A","#N/A","#N/A","#N/A"
702142e1-6268-404f-806a-103d3d67bd58,"#N/A","#N/A",false,Web,"#N/A","#N/A",Medium,"#N/A",New,Subject_paqsz,"#N/A","#N/A","#N/A","#N/A","#N/A"
70289070-3171-4fd9-a496-52494f536b87,"#N/A","#N/A",false,Web,"#N/A","#N/A",Medium,"#N/A",New,Subject_hywqh,"#N/A","#N/A","#N/A","#N/A","#N/A"
702b287c-a9b2-4423-9723-104ccb9d2b40,"#N/A","#N/A",false,Web,"#N/A","#N/A",Medium,"#N/A",New,Subject_yfupx,"#N/A","#N/A","#N/A","#N/A","#N/A"
702fce25-a37f-4326-9483-c81343355fbe,"#N/A","#N/A",false,Web,"#N/A","#N/A",Medium,"#N/A",New,Subject_nuiso,"#N/A","#N/A","#N/A","#N/A","#N/A"
70306f59-d1a7-42b9-8983-60897d64501f,"#N/A","#N/A",false,Web,"#N/A","#N/A",Medium,"#N/A",New,Subject_qvtyq,"#N/A","#N/A","#N/A","#N/A","#N/A"
70312404-5fac-425c-b995-e3f0c543288f,"#N/A","#N/A",false,Web,"#N/A","#N/A",Medium,"#N/A",New,Subject_bangg,"#N/A","#N/A","#N/A","#N/A","#N/A"
7032c236-cade-437b-8c3a-c469e982125c,"#N/A","#N/A",false,Web,"#N/A","#N/A",Medium,"#N/A",New,Subject_jugst,"#N/A","#N/A","#N/A","#N/A","#N/A"
70339b29-e59d-440d-bfb9-1206bab9f418,"#N/A","#N/A",false,Web,"#N/A","#N/A",Medium,"#N/A",New,Subject_cmqlj,"#N/A","#N/A","#N/A","#N/A","#N/A"
70350d96-14ed-40cc-a991-630b7d909e02,"#N/A","#N/A",false,Web,"#N/A","#N/A",Medium,"#N/A",New,Subject_ycwlo,"#N/A","#N/A","#N/A","#N/A","#N/A"
70353247-6185-4b11-b03d-103d535bda9a,"#N/A","#N/A",false,Web,"#N/A","#N/A",Medium,"#N/A",New,Subject_owyjp,"#N/A","#N/A","#N/A","#N/A","#N/A"
70383551-a825-4539-a372-4374540acdeb,"#N/A","#N/A",false,Web,"#N/A","#N/A",Medium,"#N/A",New,Subject_eodqc,"#N/A","#N/A","#N/A","#N/A","#N/A"
703b04a6-4c7f-4909-9389-aee4ffd189f9,"#N/A","#N/A",false,Web,"#N/A","#N/A",Medium,"#N/A",New,Subject_neyoj,"#N/A","#N/A","#N/A","#N/A","#N/A"
703b5f5e-8603-4535-baf6-d97371010315,"#N/A","#N/A",false,Web,"#N/A","#N/A",Medium,"#N/A",New,Subject_klxuu,"#N/A","#N/A","#N/A","#N/A","#N/A"
703fc7ac-377d-433f-81a7-34c2120ce369,"#N/A","#N/A",false,Web,"#N/A","#N/A",Medium,"#N/A",New,Subject_ujnuy,"#N/A","#N/A","#N/A","#N/A","#N/A"
704674e2-03a7-4c25-91f7-03faa0389bef,"#N/A","#N/A",false,Web,"#N/A","#N/A",Medium,"#N/A",New,Subject_erzxa,"#N/A","#N/A","#N/A","#N/A","#N/A"
704b6452-f390-4950-ae42-e1119c11aa78,"#N/A","#N/A",false,Web,"#N/A","#N/A",Medium,"#N/A",New,Subject_cexmo,"#N/A","#N/A","#N/A","#N/A","#N/A"
705260b6-9864-43a7-99b5-f73f2acdedc1,"#N/A","#N/A",false,Web,"#N/A","#N/A",Medium,"#N/A",New,Subject_obxqg,"#N/A","#N/A","#N/A","#N/A","#N/A"
7052dba3-11cb-498e-b9af-4213540503e0,"#N/A","#N/A",false,Web,"#N/A","#N/A",Medium,"#N/A",New,Subject_bvmfo,"#N/A","#N/A","#N/A","#N/A","#N/A"
7053ea9d-f833-4d21-a635-f797003d8e13,"#N/A","#N/A",false,Web,"#N/A","#N/A",Medium,"#N/A",New,Subject_tcgtw,"#N/A","#N/A","#N/A","#N/A","#N/A"
7056de79-7d94-4acb-a834-d4889f148387,"#N/A","#N/A",false,Web,"#N/A","#N/A",Medium,"#N/A",New,Subject_jbxpv,"#N/A","#N/A","#N/A","#N/A","#N/A"
705751d8-f69a-4e52-8206-c019450102d5,"#N/A","#N/A",false,Web,"#N/A","#N/A",Medium,"#N/A",New,Subject_gpfak,"#N/A","#N/A","#N/A","#N/A","#N/A"
70582f15-53b9-4df6-be03-2e0d8a54b687,"#N/A","#N/A",false,Web,"#N/A","#N/A",Medium,"#N/A",New,Subject_uqwwn,"#N/A","#N/A","#N/A","#N/A","#N/A"
705a9f10-cedb-4dbe-93f7-40252d56a452,"#N/A","#N/A",false,Web,"#N/A","#N/A",Medium,"#N/A",New,Subject_trtrv,"#N/A","#N/A","#N/A","#N/A","#N/A"
705cee55-8044-4870-8640-c1c75191eeee,"#N/A","#N/A",false,Web,"#N/A","#N/A",Medium,"#N/A",New,Subject_wvzgd,"#N/A","#N/A","#N/A","#N/A","#N/A"
705db70a-b56a-4cf9-b4e9-99c7ac5ce256,"#N/A","#N/A",false,Web,"#N/A","#N/A",Medium,"#N/A",New,Subject_hsjka,"#N/A","#N/A","#N/A","#N/A","#N/A"
705ef1be-fa09-497a-ae4a-417bb537e113,"#N/A","#N/A",false,Web,"#N/A","#N/A",Medium,"#N/A",New,Subject_npfnc,"#N/A","#N/A","#N/A","#N/A","#N/A"
7060b2cf-b00c-4221-b508-1abd3e4260ba,"#N/A","#N/A",false,Web,"#N/A","#N/A",Medium,"#N/A",New,Subject_eqxjc,"#N/A","#N/A","#N/A","#N/A","#N/A"
706162ec-9ff9-49c1-9ff0-51295cf9c08c,"#N/A","#N/A",false,Web,"#N/A","#N/A",Medium,"#N/A",New,Subject_zyxak,"#N/A","#N/A","#N/A","#N/A","#N/A"
70629bfe-8dd7-451e-b26d-48f711448aab,"#N/A","#N/A",false,Web,"#N/A","#N/A",Medium,"#N/A",New,Subject_aebre,"#N/A","#N/A","#N/A","#N/A","#N/A"
7062bafb-71b2-4e85-8047-6f0a1f5c8066,"#N/A","#N/A",false,Web,"#N/A","#N/A",Medium,"#N/A",New,Subject_hdxat,"#N/A","#N/A","#N/A","#N/A","#N/A"
706cdd43-ceef-4c6c-91da-a9a7bbef5576,"#N/A","#N/A",false,Web,"#N/A","#N/A",Medium,"#N/A",New,Subject_diwdf,"#N/A","#N/A","#N/A","#N/A","#N/A"
706d2227-bb50-4983-80bc-e4cd59008cb2,"#N/A","#N/A",false,Web,"#N/A","#N/A",Medium,"#N/A",New,Subject_sadwh,"#N/A","#N/A","#N/A","#N/A","#N/A"
706e5eda-3b5e-460d-b487-7ddebe964555,"#N/A","#N/A",false,Web,"#N/A","#N/A",Medium,"#N/A",New,Subject_wefpi,"#N/A","#N/A","#N/A","#N/A","#N/A"
70724ab9-a9d5-4d1b-a0c9-5c150650b0c7,"#N/A","#N/A",false,Web,"#N/A","#N/A",Medium,"#N/A",New,Subject_qwctp,"#N/A","#N/A","#N/A","#N/A","#N/A"
70733b59-372b-49ae-aa3e-eaf4c3475e62,"#N/A","#N/A",false,Web,"#N/A","#N/A",Medium,"#N/A",New,Subject_qorpt,"#N/A","#N/A","#N/A","#N/A","#N/A"
707344e6-7c90-4b6d-ad42-e61c0a24101c,"#N/A","#N/A",false,Web,"#N/A","#N/A",Medium,"#N/A",New,Subject_fwxbf,"#N/A","#N/A","#N/A","#N/A","#N/A"
7073d812-9f3f-48ed-b090-cba95229f215,"#N/A","#N/A",false,Web,"#N/A","#N/A",Medium,"#N/A",New,Subject_imxbc,"#N/A","#N/A","#N/A","#N/A","#N/A"
70803eb9-6d87-4e6d-a416-d4a2c35d6b22,"#N/A","#N/A",false,Web,"#N/A","#N/A",Medium,"#N/A",New,Subject_msfdu,"#N/A","#N/A","#N/A","#N/A","#N/A"
70818bf1-ed3b-48d2-8897-a4607eaf4119,"#N/A","#N/A",false,Web,"#N/A","#N/A",Medium,"#N/A",New,Subject_cavke,"#N/A","#N/A","#N/A","#N/A","#N/A"
7085d640-39e3-423e-96ce-638b86a70168,"#N/A","#N/A",false,Web,"#N/A","#N/A",Medium,"#N/A",New,Subject_jnodt,"#N/A","#N/A","#N/A","#N/A","#N/A"
708607c6-57f7-44bf-99db-b9597571ac70,"#N/A","#N/A",false,Web,"#N/A","#N/A",Medium,"#N/A",New,Subject_gnixy,"#N/A","#N/A","#N/A","#N/A","#N/A"
7087ebca-53ee-45fe-9f06-e43242197e14,"#N/A","#N/A",false,Web,"#N/A","#N/A",Medium,"#N/A",New,Subject_otupc,"#N/A","#N/A","#N/A","#N/A","#N/A"
708889e6-de9b-489a-9ef3-6cb53b585acb,"#N/A","#N/A",false,Web,"#N/A","#N/A",Medium,"#N/A",New,Subject_mhkjo,"#N/A","#N/A","#N/A","#N/A","#N/A"
708bc4dc-befb-4fb0-8082-2128506673b6,"#N/A","#N/A",false,Web,"#N/A","#N/A",Medium,"#N/A",New,Subject_hprsw,"#N/A","#N/A","#N/A","#N/A","#N/A"
708c8166-62e4-41f6-b98e-e2c86bd16718,"#N/A","#N/A",false,Web,"#N/A","#N/A",Medium,"#N/A",New,Subject_tsjom,"#N/A","#N/A","#N/A","#N/A","#N/A"
7091cc7c-92a5-4f04-8a50-1a652803d19e,"#N/A","#N/A",false,Web,"#N/A","#N/A",Medium,"#N/A",New,Subject_nlcfq,"#N/A","#N/A","#N/A","#N/A","#N/A"
709e2753-c578-457c-bff0-24c51aeafc37,"#N/A","#N/A",false,Web,"#N/A","#N/A",Medium,"#N/A",New,Subject_pvpbg,"#N/A","#N/A","#N/A","#N/A","#N/A"
709ef40c-1504-417f-b02f-e2970065e3dc,"#N/A","#N/A",false,Web,"#N/A","#N/A",Medium,"#N/A",New,Subject_zrklm,"#N/A","#N/A","#N/A","#N/A","#N/A"
70abb68f-a247-4451-b5fe-ee137ef351b7,"#N/A","#N/A",false,Web,"#N/A","#N/A",Medium,"#N/A",New,Subject_uxbmd,"#N/A","#N/A","#N/A","#N/A","#N/A"
70aedc95-12f8-4e13-be64-e7122671ecf7,"#N/A","#N/A",false,Web,"#N/A","#N/A",Medium,"#N/A",New,Subject_bjaad,"#N/A","#N/A","#N/A","#N/A","#N/A"
70b2e8ab-8ea2-4408-809c-39ac843a37ef,"#N/A","#N/A",false,Web,"#N/A","#N/A",Medium,"#N/A",New,Subject_aasqs,"#N/A","#N/A","#N/A","#N/A","#N/A"
70b7624a-5a46-4fd5-b341-f41315b39209,"#N/A","#N/A",false,Web,"#N/A","#N/A",Medium,"#N/A",New,Subject_qbkig,"#N/A","#N/A","#N/A","#N/A","#N/A"
70b88fc2-9726-403e-9802-e6be3eef1854,"#N/A","#N/A",false,Web,"#N/A","#N/A",Medium,"#N/A",New,Subject_xnwsi,"#N/A","#N/A","#N/A","#N/A","#N/A"
70bac0ef-84fa-4dd2-a19d-fbe3e6fdbcf8,"#N/A","#N/A",false,Web,"#N/A","#N/A",Medium,"#N/A",New,Subject_iawcw,"#N/A","#N/A","#N/A","#N/A","#N/A"
70c201f8-95a6-4027-83c1-cce6bd2ea6a1,"#N/A","#N/A",false,Web,"#N/A","#N/A",Medium,"#N/A",New,Subject_okgqa,"#N/A","#N/A","#N/A","#N/A","#N/A"
70c2a543-1ecf-4f3f-9a3b-960032ca9e79,"#N/A","#N/A",false,Web,"#N/A","#N/A",Medium,"#N/A",New,Subject_ncgoc,"#N/A","#N/A","#N/A","#N/A","#N/A"
70c6e978-963c-4f3c-a18e-e4c5cecc1506,"#N/A","#N/A",false,Web,"#N/A","#N/A",Medium,"#N/A",New,Subject_omkgc,"#N/A","#N/A","#N/A","#N/A","#N/A"
70c82312-ff5e-439b-9ce4-5590c3e0825f,"#N/A","#N/A",false,Web,"#N/A","#N/A",Medium,"#N/A",New,Subject_zekok,"#N/A","#N/A","#N/A","#N/A","#N/A"
70cbe3e9-23e8-4f16-bfb5-6f1c31264e00,"#N/A","#N/A",false,Web,"#N/A","#N/A",Medium,"#N/A",New,Subject_tjenk,"#N/A","#N/A","#N/A","#N/A","#N/A"
70cc7216-4c2b-401d-a864-fbe8bc6fe026,"#N/A","#N/A",false,Web,"#N/A","#N/A",Medium,"#N/A",New,Subject_ftfrt,"#N/A","#N/A","#N/A","#N/A","#N/A"
70ce4133-0280-4920-a421-37814a1cddc7,"#N/A","#N/A",false,Web,"#N/A","#N/A",Medium,"#N/A",New,Subject_irqju,"#N/A","#N/A","#N/A","#N/A","#N/A"
70d08729-839b-4b8b-b39a-b9c52e2e6d8c,"#N/A","#N/A",false,Web,"#N/A","#N/A",Medium,"#N/A",New,Subject_wlvlo,"#N/A","#N/A","#N/A","#N/A","#N/A"
70d9bc23-8053-4776-98ee-c2a87934c472,"#N/A","#N/A",false,Web,"#N/A","#N/A",Medium,"#N/A",New,Subject_eprdo,"#N/A","#N/A","#N/A","#N/A","#N/A"
70d9f44e-7a24-4b64-b264-715c579ec457,"#N/A","#N/A",false,Web,"#N/A","#N/A",Medium,"#N/A",New,Subject_gxwca,"#N/A","#N/A","#N/A","#N/A","#N/A"
70da569d-dde4-4fc5-9de1-758ff7a53067,"#N/A","#N/A",false,Web,"#N/A","#N/A",Medium,"#N/A",New,Subject_iwrra,"#N/A","#N/A","#N/A","#N/A","#N/A"
70daefb2-6237-42dd-8e3f-4e805cbef33a,"#N/A","#N/A",false,Web,"#N/A","#N/A",Medium,"#N/A",New,Subject_pprmq,"#N/A","#N/A","#N/A","#N/A","#N/A"
70db6a8e-ebfd-41ce-9490-9642767c557b,"#N/A","#N/A",false,Web,"#N/A","#N/A",Medium,"#N/A",New,Subject_zbwue,"#N/A","#N/A","#N/A","#N/A","#N/A"
70e1fdff-4e12-4dd5-aee5-daa1e1b4d9ba,"#N/A","#N/A",false,Web,"#N/A","#N/A",Medium,"#N/A",New,Subject_bsknr,"#N/A","#N/A","#N/A","#N/A","#N/A"
70e512c8-a281-4285-a2eb-e24db4252f7e,"#N/A","#N/A",false,Web,"#N/A","#N/A",Medium,"#N/A",New,Subject_motze,"#N/A","#N/A","#N/A","#N/A","#N/A"
70e574f0-70be-48d9-b884-33588b413991,"#N/A","#N/A",false,Web,"#N/A","#N/A",Medium,"#N/A",New,Subject_swdoe,"#N/A","#N/A","#N/A","#N/A","#N/A"
70e9874c-685a-4ab1-936f-268a84177aad,"#N/A","#N/A",false,Web,"#N/A","#N/A",Medium,"#N/A",New,Subject_pqrgs,"#N/A","#N/A","#N/A","#N/A","#N/A"
70ebf7ef-1009-433b-b835-14423805c72b,"#N/A","#N/A",false,Web,"#N/A","#N/A",Medium,"#N/A",New,Subject_kfehf,"#N/A","#N/A","#N/A","#N/A","#N/A"
70f23163-1e8f-4c25-a614-9d96893d12b5,"#N/A","#N/A",false,Web,"#N/A","#N/A",Medium,"#N/A",New,Subject_cnodz,"#N/A","#N/A","#N/A","#N/A","#N/A"
70f6bad6-5af2-4e8a-8da8-5606752b25ab,"#N/A","#N/A",false,Web,"#N/A","#N/A",Medium,"#N/A",New,Subject_yqfjr,"#N/A","#N/A","#N/A","#N/A","#N/A"
70f81708-a27d-4110-a541-8443d766d8b7,"#N/A","#N/A",false,Web,"#N/A","#N/A",Medium,"#N/A",New,Subject_zqgsq,"#N/A","#N/A","#N/A","#N/A","#N/A"
70fae591-cb76-4d27-ba5b-c80d4aa58435,"#N/A","#N/A",false,Web,"#N/A","#N/A",Medium,"#N/A",New,Subject_qtsgk,"#N/A","#N/A","#N/A","#N/A","#N/A"
70fc2f68-a73d-4aff-a6e7-baa836931a1d,"#N/A","#N/A",false,Web,"#N/A","#N/A",Medium,"#N/A",New,Subject_ybrre,"#N/A","#N/A","#N/A","#N/A","#N/A"
70fc3b9e-5124-4f71-be85-8aa4345df689,"#N/A","#N/A",false,Web,"#N/A","#N/A",Medium,"#N/A",New,Subject_bdwaw,"#N/A","#N/A","#N/A","#N/A","#N/A"
7100cf70-c4d8-4f1d-97d5-d4336fc05c0b,"#N/A","#N/A",false,Web,"#N/A","#N/A",Medium,"#N/A",New,Subject_glsje,"#N/A","#N/A","#N/A","#N/A","#N/A"
7100e3f4-05fb-49c7-8985-29db9fe67d06,"#N/A","#N/A",false,Web,"#N/A","#N/A",Medium,"#N/A",New,Subject_rstgo,"#N/A","#N/A","#N/A","#N/A","#N/A"
7102dd57-6662-4f2f-afa4-a5c2bc7b03b0,"#N/A","#N/A",false,Web,"#N/A","#N/A",Medium,"#N/A",New,Subject_ehtfb,"#N/A","#N/A","#N/A","#N/A","#N/A"
710384da-21d7-4e41-9862-3523bb42bac2,"#N/A","#N/A",false,Web,"#N/A","#N/A",Medium,"#N/A",New,Subject_pkmtj,"#N/A","#N/A","#N/A","#N/A","#N/A"
7106dc2b-8a59-40ce-b1d1-c4e91655bff9,"#N/A","#N/A",false,Web,"#N/A","#N/A",Medium,"#N/A",New,Subject_arkyc,"#N/A","#N/A","#N/A","#N/A","#N/A"
71087dfd-8b63-4849-a29a-61bcfd6bbaff,"#N/A","#N/A",false,Web,"#N/A","#N/A",Medium,"#N/A",New,Subject_richd,"#N/A","#N/A","#N/A","#N/A","#N/A"
7109a79e-f308-44c7-887a-39c116998b3c,"#N/A","#N/A",false,Web,"#N/A","#N/A",Medium,"#N/A",New,Subject_rgdcx,"#N/A","#N/A","#N/A","#N/A","#N/A"
710df23c-279a-4317-8758-58adc4a2b8cc,"#N/A","#N/A",false,Web,"#N/A","#N/A",Medium,"#N/A",New,Subject_ukoxc,"#N/A","#N/A","#N/A","#N/A","#N/A"
7114093c-4805-42a3-ad9c-7a2365f11ad3,"#N/A","#N/A",false,Web,"#N/A","#N/A",Medium,"#N/A",New,Subject_lkdur,"#N/A","#N/A","#N/A","#N/A","#N/A"
7115803b-e0bd-4974-8d65-39c8172596bf,"#N/A","#N/A",false,Web,"#N/A","#N/A",Medium,"#N/A",New,Subject_goudd,"#N/A","#N/A","#N/A","#N/A","#N/A"
7116a30d-0ffe-4462-bd14-c9461d24e165,"#N/A","#N/A",false,Web,"#N/A","#N/A",Medium,"#N/A",New,Subject_boffs,"#N/A","#N/A","#N/A","#N/A","#N/A"
7116d863-0d57-4e86-a21d-c884f5b24fa7,"#N/A","#N/A",false,Web,"#N/A","#N/A",Medium,"#N/A",New,Subject_pxyfa,"#N/A","#N/A","#N/A","#N/A","#N/A"
711766e4-e014-4ffa-8ca0-26c844cde224,"#N/A","#N/A",false,Web,"#N/A","#N/A",Medium,"#N/A",New,Subject_yvupu,"#N/A","#N/A","#N/A","#N/A","#N/A"
7119fb65-4d7c-40de-bc2a-d02901907114,"#N/A","#N/A",false,Web,"#N/A","#N/A",Medium,"#N/A",New,Subject_fbygx,"#N/A","#N/A","#N/A","#N/A","#N/A"
711b03f9-5825-4907-bdd9-973e60bfaeab,"#N/A","#N/A",false,Web,"#N/A","#N/A",Medium,"#N/A",New,Subject_sejcv,"#N/A","#N/A","#N/A","#N/A","#N/A"
711e4a7b-fcd2-4d97-8414-eb3c3f8a0e74,"#N/A","#N/A",false,Web,"#N/A","#N/A",Medium,"#N/A",New,Subject_pilwz,"#N/A","#N/A","#N/A","#N/A","#N/A"
711ff820-3441-47fd-97b8-90d761ea2feb,"#N/A","#N/A",false,Web,"#N/A","#N/A",Medium,"#N/A",New,Subject_heril,"#N/A","#N/A","#N/A","#N/A","#N/A"
712116ae-4cfb-49f7-80a5-6c4d576b774d,"#N/A","#N/A",false,Web,"#N/A","#N/A",Medium,"#N/A",New,Subject_tgumx,"#N/A","#N/A","#N/A","#N/A","#N/A"
712c1e13-55e2-4f93-a845-c07169c184e1,"#N/A","#N/A",false,Web,"#N/A","#N/A",Medium,"#N/A",New,Subject_elkkw,"#N/A","#N/A","#N/A","#N/A","#N/A"
714d0a97-5862-4205-97a8-f6e44f2f9441,"#N/A","#N/A",false,Web,"#N/A","#N/A",Medium,"#N/A",New,Subject_lvvvf,"#N/A","#N/A","#N/A","#N/A","#N/A"
714e99b7-21f2-4680-aa27-6c3496606f88,"#N/A","#N/A",false,Web,"#N/A","#N/A",Medium,"#N/A",New,Subject_rfhfk,"#N/A","#N/A","#N/A","#N/A","#N/A"
715027b8-332c-4c42-aa1a-575144405cb1,"#N/A","#N/A",false,Web,"#N/A","#N/A",Medium,"#N/A",New,Subject_gheth,"#N/A","#N/A","#N/A","#N/A","#N/A"
7150880a-fabc-47ee-a974-5293b16134d3,"#N/A","#N/A",false,Web,"#N/A","#N/A",Medium,"#N/A",New,Subject_wydgj,"#N/A","#N/A","#N/A","#N/A","#N/A"
715495d6-5fc7-4be1-ada1-5bf92d89cba8,"#N/A","#N/A",false,Web,"#N/A","#N/A",Medium,"#N/A",New,Subject_ivksf,"#N/A","#N/A","#N/A","#N/A","#N/A"
7155f706-8628-4ca5-ad95-d7499fc2aa26,"#N/A","#N/A",false,Web,"#N/A","#N/A",Medium,"#N/A",New,Subject_gtmyn,"#N/A","#N/A","#N/A","#N/A","#N/A"
7156aadb-db86-434c-b02f-171a5ad6f3e1,"#N/A","#N/A",false,Web,"#N/A","#N/A",Medium,"#N/A",New,Subject_kykar,"#N/A","#N/A","#N/A","#N/A","#N/A"
7159fd77-5cc6-4d04-b24a-ee4fb547b0f6,"#N/A","#N/A",false,Web,"#N/A","#N/A",Medium,"#N/A",New,Subject_jmagu,"#N/A","#N/A","#N/A","#N/A","#N/A"
715c40c8-01c6-4b22-a0ab-a35d2b69f59c,"#N/A","#N/A",false,Web,"#N/A","#N/A",Medium,"#N/A",New,Subject_rxhfo,"#N/A","#N/A","#N/A","#N/A","#N/A"
715e6049-87dc-480d-ab22-70021a68745f,"#N/A","#N/A",false,Web,"#N/A","#N/A",Medium,"#N/A",New,Subject_kcjpg,"#N/A","#N/A","#N/A","#N/A","#N/A"
716124db-0a2d-4cb3-b5dd-df0d03958e32,"#N/A","#N/A",false,Web,"#N/A","#N/A",Medium,"#N/A",New,Subject_aaxbk,"#N/A","#N/A","#N/A","#N/A","#N/A"
7162ba08-4ecb-4bc6-96e9-6d9068ff78ea,"#N/A","#N/A",false,Web,"#N/A","#N/A",Medium,"#N/A",New,Subject_jeaab,"#N/A","#N/A","#N/A","#N/A","#N/A"
716f36e7-eb1c-424d-b0d3-da33fb6b5153,"#N/A","#N/A",false,Web,"#N/A","#N/A",Medium,"#N/A",New,Subject_xapsa,"#N/A","#N/A","#N/A","#N/A","#N/A"
71736bc4-ce21-4737-aa28-47318e2e083f,"#N/A","#N/A",false,Web,"#N/A","#N/A",Medium,"#N/A",New,Subject_mcvxv,"#N/A","#N/A","#N/A","#N/A","#N/A"
71753d6a-3c8d-486a-9b13-926507a213a0,"#N/A","#N/A",false,Web,"#N/A","#N/A",Medium,"#N/A",New,Subject_wafmh,"#N/A","#N/A","#N/A","#N/A","#N/A"
717832db-a973-42b1-b2db-3b4b25fee3b6,"#N/A","#N/A",false,Web,"#N/A","#N/A",Medium,"#N/A",New,Subject_pgeht,"#N/A","#N/A","#N/A","#N/A","#N/A"
7178c8ab-b405-4fc0-9e38-323e727a731e,"#N/A","#N/A",false,Web,"#N/A","#N/A",Medium,"#N/A",New,Subject_hdgsi,"#N/A","#N/A","#N/A","#N/A","#N/A"
717b65f4-6edd-4718-9c4e-2e45b4abaeb0,"#N/A","#N/A",false,Web,"#N/A","#N/A",Medium,"#N/A",New,Subject_eyuqb,"#N/A","#N/A","#N/A","#N/A","#N/A"
717c829c-6b49-4679-818d-309132f9760c,"#N/A","#N/A",false,Web,"#N/A","#N/A",Medium,"#N/A",New,Subject_nishs,"#N/A","#N/A","#N/A","#N/A","#N/A"
718127b3-ffe9-4eac-93e2-ab577f9c6c51,"#N/A","#N/A",false,Web,"#N/A","#N/A",Medium,"#N/A",New,Subject_gzddd,"#N/A","#N/A","#N/A","#N/A","#N/A"
71837d43-f3cc-4a2f-af23-f9bb50655e36,"#N/A","#N/A",false,Web,"#N/A","#N/A",Medium,"#N/A",New,Subject_dcfhp,"#N/A","#N/A","#N/A","#N/A","#N/A"
71846e08-11a9-4488-b22e-a490e44eea2b,"#N/A","#N/A",false,Web,"#N/A","#N/A",Medium,"#N/A",New,Subject_sjmfw,"#N/A","#N/A","#N/A","#N/A","#N/A"
718514cd-5da6-4032-98be-6d36f4f9f083,"#N/A","#N/A",false,Web,"#N/A","#N/A",Medium,"#N/A",New,Subject_rapdi,"#N/A","#N/A","#N/A","#N/A","#N/A"
718521e5-cee7-419d-9800-5b2f1054d307,"#N/A","#N/A",false,Web,"#N/A","#N/A",Medium,"#N/A",New,Subject_vmsbd,"#N/A","#N/A","#N/A","#N/A","#N/A"
7185532e-1048-48b9-9eee-b67e04ca68a9,"#N/A","#N/A",false,Web,"#N/A","#N/A",Medium,"#N/A",New,Subject_mxrqs,"#N/A","#N/A","#N/A","#N/A","#N/A"
7188527c-c38e-4e4d-a7f0-9fd7a9d7fc49,"#N/A","#N/A",false,Web,"#N/A","#N/A",Medium,"#N/A",New,Subject_rssca,"#N/A","#N/A","#N/A","#N/A","#N/A"
71892734-5a64-4658-a309-a398a48a3500,"#N/A","#N/A",false,Web,"#N/A","#N/A",Medium,"#N/A",New,Subject_vpqtr,"#N/A","#N/A","#N/A","#N/A","#N/A"
718bb393-2e89-4caa-80d0-d264d7b5b2d8,"#N/A","#N/A",false,Web,"#N/A","#N/A",Medium,"#N/A",New,Subject_vofwl,"#N/A","#N/A","#N/A","#N/A","#N/A"
7190b681-6798-44fa-995e-714aac642039,"#N/A","#N/A",false,Web,"#N/A","#N/A",Medium,"#N/A",New,Subject_stsyx,"#N/A","#N/A","#N/A","#N/A","#N/A"
719162ac-96d8-466f-ba8e-911cafe7d3a4,"#N/A","#N/A",false,Web,"#N/A","#N/A",Medium,"#N/A",New,Subject_gailu,"#N/A","#N/A","#N/A","#N/A","#N/A"
7193459b-3e8b-45e4-9a11-31e2b1abe0ad,"#N/A","#N/A",false,Web,"#N/A","#N/A",Medium,"#N/A",New,Subject_gixjh,"#N/A","#N/A","#N/A","#N/A","#N/A"
7197592e-2537-4b90-9603-e14fd2adc465,"#N/A","#N/A",false,Web,"#N/A","#N/A",Medium,"#N/A",New,Subject_tfmuu,"#N/A","#N/A","#N/A","#N/A","#N/A"
71975be1-8f9e-47e9-bf06-bf356ff7639a,"#N/A","#N/A",false,Web,"#N/A","#N/A",Medium,"#N/A",New,Subject_jfsiu,"#N/A","#N/A","#N/A","#N/A","#N/A"
719d1e1e-196c-4eb4-ada8-69da66231a30,"#N/A","#N/A",false,Web,"#N/A","#N/A",Medium,"#N/A",New,Subject_mtjem,"#N/A","#N/A","#N/A","#N/A","#N/A"
719db07f-f277-4c0d-bcf9-0ea51cefc194,"#N/A","#N/A",false,Web,"#N/A","#N/A",Medium,"#N/A",New,Subject_uzwhv,"#N/A","#N/A","#N/A","#N/A","#N/A"
719ea7d5-5b81-47b4-a1fc-64fb0a847644,"#N/A","#N/A",false,Web,"#N/A","#N/A",Medium,"#N/A",New,Subject_uxytl,"#N/A","#N/A","#N/A","#N/A","#N/A"
719fb51b-38ee-4b8a-8cc6-d76354faf63f,"#N/A","#N/A",false,Web,"#N/A","#N/A",Medium,"#N/A",New,Subject_uamlu,"#N/A","#N/A","#N/A","#N/A","#N/A"
71a1f24a-ab65-46c0-af4b-701d64bd5440,"#N/A","#N/A",false,Web,"#N/A","#N/A",Medium,"#N/A",New,Subject_pomit,"#N/A","#N/A","#N/A","#N/A","#N/A"
71a2b9b2-7fdb-4fe1-90ac-eb56a5eeb484,"#N/A","#N/A",false,Web,"#N/A","#N/A",Medium,"#N/A",New,Subject_rfntc,"#N/A","#N/A","#N/A","#N/A","#N/A"
71a31363-3448-4b84-8e11-b4856b866e4f,"#N/A","#N/A",false,Web,"#N/A","#N/A",Medium,"#N/A",New,Subject_gzait,"#N/A","#N/A","#N/A","#N/A","#N/A"
71a3ae0b-340d-4fa1-8a5f-0590c16e7a6a,"#N/A","#N/A",false,Web,"#N/A","#N/A",Medium,"#N/A",New,Subject_uycjd,"#N/A","#N/A","#N/A","#N/A","#N/A"
71a767a2-50ff-4b1d-9192-7354eb043ddf,"#N/A","#N/A",false,Web,"#N/A","#N/A",Medium,"#N/A",New,Subject_ftofa,"#N/A","#N/A","#N/A","#N/A","#N/A"
71a8e841-dd1d-4a9e-917b-01e95351a86b,"#N/A","#N/A",false,Web,"#N/A","#N/A",Medium,"#N/A",New,Subject_sqdbf,"#N/A","#N/A","#N/A","#N/A","#N/A"
71a8ec0b-010e-417d-b403-df254b261d46,"#N/A","#N/A",false,Web,"#N/A","#N/A",Medium,"#N/A",New,Subject_yhfmv,"#N/A","#N/A","#N/A","#N/A","#N/A"
71ace5c9-7d1b-4b07-ac6d-7f8fcbabeea5,"#N/A","#N/A",false,Web,"#N/A","#N/A",Medium,"#N/A",New,Subject_ysufn,"#N/A","#N/A","#N/A","#N/A","#N/A"
71af9003-c6f8-479a-bed0-1c6d72d5dc1c,"#N/A","#N/A",false,Web,"#N/A","#N/A",Medium,"#N/A",New,Subject_xnixn,"#N/A","#N/A","#N/A","#N/A","#N/A"
71b469a2-9faa-4371-abb2-10edc1e9fb71,"#N/A","#N/A",false,Web,"#N/A","#N/A",Medium,"#N/A",New,Subject_yusoa,"#N/A","#N/A","#N/A","#N/A","#N/A"
71b73e85-1c24-450a-97c2-4137629aaa6d,"#N/A","#N/A",false,Web,"#N/A","#N/A",Medium,"#N/A",New,Subject_uulnk,"#N/A","#N/A","#N/A","#N/A","#N/A"
71bf799a-60d1-411a-a7fb-e32f01883035,"#N/A","#N/A",false,Web,"#N/A","#N/A",Medium,"#N/A",New,Subject_ekxne,"#N/A","#N/A","#N/A","#N/A","#N/A"
71c206e5-cb91-41f3-813b-afd3fea6f6a1,"#N/A","#N/A",false,Web,"#N/A","#N/A",Medium,"#N/A",New,Subject_hdcby,"#N/A","#N/A","#N/A","#N/A","#N/A"
71c59111-1cf7-44ce-8ca8-42be06af902e,"#N/A","#N/A",false,Web,"#N/A","#N/A",Medium,"#N/A",New,Subject_zbycm,"#N/A","#N/A","#N/A","#N/A","#N/A"
71d069af-5923-4ba1-b439-0029915122c7,"#N/A","#N/A",false,Web,"#N/A","#N/A",Medium,"#N/A",New,Subject_yqdtu,"#N/A","#N/A","#N/A","#N/A","#N/A"
71d35580-f67b-4874-8b41-41223a2a1351,"#N/A","#N/A",false,Web,"#N/A","#N/A",Medium,"#N/A",New,Subject_scyla,"#N/A","#N/A","#N/A","#N/A","#N/A"
71d909ce-50a7-4ee9-9ee5-a347117929ca,"#N/A","#N/A",false,Web,"#N/A","#N/A",Medium,"#N/A",New,Subject_fqucp,"#N/A","#N/A","#N/A","#N/A","#N/A"
71d92495-d4a2-4181-a2ce-4ea690c5f8da,"#N/A","#N/A",false,Web,"#N/A","#N/A",Medium,"#N/A",New,Subject_vmrmu,"#N/A","#N/A","#N/A","#N/A","#N/A"
71e12c0b-5ba1-4863-8e5b-6bc44de853c6,"#N/A","#N/A",false,Web,"#N/A","#N/A",Medium,"#N/A",New,Subject_qxhzs,"#N/A","#N/A","#N/A","#N/A","#N/A"
71e1d3a6-4629-4580-ad7b-29f142813306,"#N/A","#N/A",false,Web,"#N/A","#N/A",Medium,"#N/A",New,Subject_likhh,"#N/A","#N/A","#N/A","#N/A","#N/A"
71e21ff8-47da-4b74-8413-5248da106a4a,"#N/A","#N/A",false,Web,"#N/A","#N/A",Medium,"#N/A",New,Subject_qpidj,"#N/A","#N/A","#N/A","#N/A","#N/A"
71e4aa24-14d6-4833-83e8-f266f9dfd309,"#N/A","#N/A",false,Web,"#N/A","#N/A",Medium,"#N/A",New,Subject_uxhfo,"#N/A","#N/A","#N/A","#N/A","#N/A"
71e67b1a-cc2f-4347-95c3-b2dd457d09c4,"#N/A","#N/A",false,Web,"#N/A","#N/A",Medium,"#N/A",New,Subject_gbhde,"#N/A","#N/A","#N/A","#N/A","#N/A"
71ec304a-0fef-4eba-8a55-dc373ebb0150,"#N/A","#N/A",false,Web,"#N/A","#N/A",Medium,"#N/A",New,Subject_nuiml,"#N/A","#N/A","#N/A","#N/A","#N/A"
71ed9e44-85ed-402d-a7e5-d09612d6455a,"#N/A","#N/A",false,Web,"#N/A","#N/A",Medium,"#N/A",New,Subject_apvhs,"#N/A","#N/A","#N/A","#N/A","#N/A"
71f1143c-127f-421d-8cdd-6b749e677f41,"#N/A","#N/A",false,Web,"#N/A","#N/A",Medium,"#N/A",New,Subject_gvoax,"#N/A","#N/A","#N/A","#N/A","#N/A"
71f38644-55bc-48d5-b472-f65648f2ff44,"#N/A","#N/A",false,Web,"#N/A","#N/A",Medium,"#N/A",New,Subject_hfvmh,"#N/A","#N/A","#N/A","#N/A","#N/A"
71f5746b-f82c-4561-9323-ac9559db877d,"#N/A","#N/A",false,Web,"#N/A","#N/A",Medium,"#N/A",New,Subject_heuil,"#N/A","#N/A","#N/A","#N/A","#N/A"
71f5e271-3398-4953-adfa-ca342117db63,"#N/A","#N/A",false,Web,"#N/A","#N/A",Medium,"#N/A",New,Subject_hfgrs,"#N/A","#N/A","#N/A","#N/A","#N/A"
71f641d2-fa24-4fa5-9be2-6c05a4f7affe,"#N/A","#N/A",false,Web,"#N/A","#N/A",Medium,"#N/A",New,Subject_ugfkk,"#N/A","#N/A","#N/A","#N/A","#N/A"
71f9de5e-ec48-485f-ab63-1d52ad4ce2bf,"#N/A","#N/A",false,Web,"#N/A","#N/A",Medium,"#N/A",New,Subject_pwmkd,"#N/A","#N/A","#N/A","#N/A","#N/A"
71fd9351-338c-4663-bf8c-2bc9320da466,"#N/A","#N/A",false,Web,"#N/A","#N/A",Medium,"#N/A",New,Subject_utfnd,"#N/A","#N/A","#N/A","#N/A","#N/A"
71ff7162-274e-40ed-bced-1cc131dd9396,"#N/A","#N/A",false,Web,"#N/A","#N/A",Medium,"#N/A",New,Subject_hrtzv,"#N/A","#N/A","#N/A","#N/A","#N/A"
7203130d-a966-4460-bf13-bc56b66eec7f,"#N/A","#N/A",false,Web,"#N/A","#N/A",Medium,"#N/A",New,Subject_vwrkb,"#N/A","#N/A","#N/A","#N/A","#N/A"
720354ce-427e-4b06-a5c1-e83b66f6828d,"#N/A","#N/A",false,Web,"#N/A","#N/A",Medium,"#N/A",New,Subject_moowf,"#N/A","#N/A","#N/A","#N/A","#N/A"
7206d523-066b-4a87-9967-9a11dcc9fff1,"#N/A","#N/A",false,Web,"#N/A","#N/A",Medium,"#N/A",New,Subject_aqhqm,"#N/A","#N/A","#N/A","#N/A","#N/A"
72089338-4081-4574-af27-a2ad4f6fa5ab,"#N/A","#N/A",false,Web,"#N/A","#N/A",Medium,"#N/A",New,Subject_cqoam,"#N/A","#N/A","#N/A","#N/A","#N/A"
720902cf-6e50-41d4-a7d5-f69cccc8b9f9,"#N/A","#N/A",false,Web,"#N/A","#N/A",Medium,"#N/A",New,Subject_smxau,"#N/A","#N/A","#N/A","#N/A","#N/A"
720ba7c0-76f4-4b63-b5f9-bd1b1c3d21c6,"#N/A","#N/A",false,Web,"#N/A","#N/A",Medium,"#N/A",New,Subject_qkxnu,"#N/A","#N/A","#N/A","#N/A","#N/A"
720bee7b-ed58-4ba7-b0b0-45a32cc0e465,"#N/A","#N/A",false,Web,"#N/A","#N/A",Medium,"#N/A",New,Subject_zwtos,"#N/A","#N/A","#N/A","#N/A","#N/A"
720f963d-a69b-4943-96b0-e51e10b09b89,"#N/A","#N/A",false,Web,"#N/A","#N/A",Medium,"#N/A",New,Subject_qomhc,"#N/A","#N/A","#N/A","#N/A","#N/A"
72132d6d-b909-4293-9839-8e7045bf3d03,"#N/A","#N/A",false,Web,"#N/A","#N/A",Medium,"#N/A",New,Subject_lvdhj,"#N/A","#N/A","#N/A","#N/A","#N/A"
721481cb-507a-406e-b581-0fd8950374fc,"#N/A","#N/A",false,Web,"#N/A","#N/A",Medium,"#N/A",New,Subject_loctx,"#N/A","#N/A","#N/A","#N/A","#N/A"
721531f2-fabe-4e7b-86cd-377acb03b915,"#N/A","#N/A",false,Web,"#N/A","#N/A",Medium,"#N/A",New,Subject_ndzxy,"#N/A","#N/A","#N/A","#N/A","#N/A"
72169662-d85e-4e72-9d65-17c5047293d1,"#N/A","#N/A",false,Web,"#N/A","#N/A",Medium,"#N/A",New,Subject_scmnv,"#N/A","#N/A","#N/A","#N/A","#N/A"
7219d12b-e4db-4e80-b6f0-395f47dd67de,"#N/A","#N/A",false,Web,"#N/A","#N/A",Medium,"#N/A",New,Subject_pujfi,"#N/A","#N/A","#N/A","#N/A","#N/A"
721b6e60-7733-4b6b-811f-b1f78f4d399e,"#N/A","#N/A",false,Web,"#N/A","#N/A",Medium,"#N/A",New,Subject_jfeim,"#N/A","#N/A","#N/A","#N/A","#N/A"
7225ddfb-a117-47f8-b5c2-440c79b19803,"#N/A","#N/A",false,Web,"#N/A","#N/A",Medium,"#N/A",New,Subject_yxalw,"#N/A","#N/A","#N/A","#N/A","#N/A"
722ae253-0830-4813-b4ba-acf60dcbcacc,"#N/A","#N/A",false,Web,"#N/A","#N/A",Medium,"#N/A",New,Subject_xvshg,"#N/A","#N/A","#N/A","#N/A","#N/A"
722d01a3-e155-4658-8491-2f226ea67a03,"#N/A","#N/A",false,Web,"#N/A","#N/A",Medium,"#N/A",New,Subject_drttp,"#N/A","#N/A","#N/A","#N/A","#N/A"
722d82bb-c628-4bfa-a177-27e51029cdb7,"#N/A","#N/A",false,Web,"#N/A","#N/A",Medium,"#N/A",New,Subject_pukgm,"#N/A","#N/A","#N/A","#N/A","#N/A"
7232ba3a-a500-4e5b-a44b-b649eb3c6be5,"#N/A","#N/A",false,Web,"#N/A","#N/A",Medium,"#N/A",New,Subject_nhwab,"#N/A","#N/A","#N/A","#N/A","#N/A"
7233993e-0ffc-4fce-99d3-e52b7fb4bdad,"#N/A","#N/A",false,Web,"#N/A","#N/A",Medium,"#N/A",New,Subject_azinz,"#N/A","#N/A","#N/A","#N/A","#N/A"
72374583-fe1c-472a-9904-8707da70711c,"#N/A","#N/A",false,Web,"#N/A","#N/A",Medium,"#N/A",New,Subject_klnju,"#N/A","#N/A","#N/A","#N/A","#N/A"
723b3e16-e8ea-4aec-8649-ecaa8944d13f,"#N/A","#N/A",false,Web,"#N/A","#N/A",Medium,"#N/A",New,Subject_wlilz,"#N/A","#N/A","#N/A","#N/A","#N/A"
723bed6c-86ff-4472-8652-2c24767fd5cb,"#N/A","#N/A",false,Web,"#N/A","#N/A",Medium,"#N/A",New,Subject_kwaai,"#N/A","#N/A","#N/A","#N/A","#N/A"
7240518e-721b-4037-9981-f3fb529ccc1a,"#N/A","#N/A",false,Web,"#N/A","#N/A",Medium,"#N/A",New,Subject_nhnxv,"#N/A","#N/A","#N/A","#N/A","#N/A"
72445273-a95e-4cd1-975f-12057280c520,"#N/A","#N/A",false,Web,"#N/A","#N/A",Medium,"#N/A",New,Subject_reaql,"#N/A","#N/A","#N/A","#N/A","#N/A"
7245e36f-1ac8-473a-b211-06276e0f8954,"#N/A","#N/A",false,Web,"#N/A","#N/A",Medium,"#N/A",New,Subject_xnrcc,"#N/A","#N/A","#N/A","#N/A","#N/A"
72480b73-8609-4e09-b002-997a2d320764,"#N/A","#N/A",false,Web,"#N/A","#N/A",Medium,"#N/A",New,Subject_ixlta,"#N/A","#N/A","#N/A","#N/A","#N/A"
72562424-71df-4681-992b-1d2d6912967d,"#N/A","#N/A",false,Web,"#N/A","#N/A",Medium,"#N/A",New,Subject_kfyjw,"#N/A","#N/A","#N/A","#N/A","#N/A"
7258545c-37c3-4354-86f2-d6d367e13a04,"#N/A","#N/A",false,Web,"#N/A","#N/A",Medium,"#N/A",New,Subject_kjtwn,"#N/A","#N/A","#N/A","#N/A","#N/A"
7258972f-c8b6-477f-985a-4c7ab3ce8174,"#N/A","#N/A",false,Web,"#N/A","#N/A",Medium,"#N/A",New,Subject_rfusx,"#N/A","#N/A","#N/A","#N/A","#N/A"
725976cd-4a8d-48c5-9648-98de1f8ee2d9,"#N/A","#N/A",false,Web,"#N/A","#N/A",Medium,"#N/A",New,Subject_fydbi,"#N/A","#N/A","#N/A","#N/A","#N/A"
725ad165-dedf-417b-acbe-d1be3bf63a17,"#N/A","#N/A",false,Web,"#N/A","#N/A",Medium,"#N/A",New,Subject_abgix,"#N/A","#N/A","#N/A","#N/A","#N/A"
72613146-24ff-4190-b227-5dd7dbff2141,"#N/A","#N/A",false,Web,"#N/A","#N/A",Medium,"#N/A",New,Subject_xegtq,"#N/A","#N/A","#N/A","#N/A","#N/A"
72632d3b-7e6f-4e6f-9870-ab82d8b33e82,"#N/A","#N/A",false,Web,"#N/A","#N/A",Medium,"#N/A",New,Subject_lmozv,"#N/A","#N/A","#N/A","#N/A","#N/A"
72694ee8-86e1-4a29-91d3-9235edde70a8,"#N/A","#N/A",false,Web,"#N/A","#N/A",Medium,"#N/A",New,Subject_hchln,"#N/A","#N/A","#N/A","#N/A","#N/A"
726a099f-a08e-450b-8df6-5664ff7df3f2,"#N/A","#N/A",false,Web,"#N/A","#N/A",Medium,"#N/A",New,Subject_yobxa,"#N/A","#N/A","#N/A","#N/A","#N/A"
726d030e-6015-48b7-a733-7f63f91b0db2,"#N/A","#N/A",false,Web,"#N/A","#N/A",Medium,"#N/A",New,Subject_xnixn,"#N/A","#N/A","#N/A","#N/A","#N/A"
726e3db5-b12d-4d5d-91b3-bede2f757d2f,"#N/A","#N/A",false,Web,"#N/A","#N/A",Medium,"#N/A",New,Subject_zuiog,"#N/A","#N/A","#N/A","#N/A","#N/A"
72741b77-0185-470c-92dc-29fe5c32e9bd,"#N/A","#N/A",false,Web,"#N/A","#N/A",Medium,"#N/A",New,Subject_catfd,"#N/A","#N/A","#N/A","#N/A","#N/A"
727c1204-bbf1-4083-b70f-f68caff2696b,"#N/A","#N/A",false,Web,"#N/A","#N/A",Medium,"#N/A",New,Subject_warzz,"#N/A","#N/A","#N/A","#N/A","#N/A"
727d7582-7da2-40e2-b701-b74a526c0f05,"#N/A","#N/A",false,Web,"#N/A","#N/A",Medium,"#N/A",New,Subject_fpezq,"#N/A","#N/A","#N/A","#N/A","#N/A"
727df7a2-2235-4b82-a606-e8696489d8af,"#N/A","#N/A",false,Web,"#N/A","#N/A",Medium,"#N/A",New,Subject_yvgzx,"#N/A","#N/A","#N/A","#N/A","#N/A"
727fa848-cbd0-430b-b443-47f99d805a91,"#N/A","#N/A",false,Web,"#N/A","#N/A",Medium,"#N/A",New,Subject_nsbvs,"#N/A","#N/A","#N/A","#N/A","#N/A"
728454f5-4875-4be4-b615-f49261fa1e05,"#N/A","#N/A",false,Web,"#N/A","#N/A",Medium,"#N/A",New,Subject_ihcyb,"#N/A","#N/A","#N/A","#N/A","#N/A"
728564f6-81ca-47c1-a5bd-f866531e122a,"#N/A","#N/A",false,Web,"#N/A","#N/A",Medium,"#N/A",New,Subject_fabbd,"#N/A","#N/A","#N/A","#N/A","#N/A"
728569cd-439e-4237-9305-eef01bf3a78b,"#N/A","#N/A",false,Web,"#N/A","#N/A",Medium,"#N/A",New,Subject_jzvmk,"#N/A","#N/A","#N/A","#N/A","#N/A"
72872213-4dc0-48ee-b7aa-2bd9fe60190c,"#N/A","#N/A",false,Web,"#N/A","#N/A",Medium,"#N/A",New,Subject_xpkix,"#N/A","#N/A","#N/A","#N/A","#N/A"
72888937-92c2-4c82-976e-a665a3ba9075,"#N/A","#N/A",false,Web,"#N/A","#N/A",Medium,"#N/A",New,Subject_jumhv,"#N/A","#N/A","#N/A","#N/A","#N/A"
72890cd3-a23e-419f-b9ba-10e4868375ee,"#N/A","#N/A",false,Web,"#N/A","#N/A",Medium,"#N/A",New,Subject_sgsbv,"#N/A","#N/A","#N/A","#N/A","#N/A"
728b9b92-38a5-4573-a63d-18c1e416546a,"#N/A","#N/A",false,Web,"#N/A","#N/A",Medium,"#N/A",New,Subject_vscja,"#N/A","#N/A","#N/A","#N/A","#N/A"
728f96e4-f053-455e-98f3-db27d0323512,"#N/A","#N/A",false,Web,"#N/A","#N/A",Medium,"#N/A",New,Subject_lvlfa,"#N/A","#N/A","#N/A","#N/A","#N/A"
72908ecd-6442-4667-b8fe-3250c70faeda,"#N/A","#N/A",false,Web,"#N/A","#N/A",Medium,"#N/A",New,Subject_ptuks,"#N/A","#N/A","#N/A","#N/A","#N/A"
7290da19-f368-4c3f-876a-ab868df6e388,"#N/A","#N/A",false,Web,"#N/A","#N/A",Medium,"#N/A",New,Subject_cmsaz,"#N/A","#N/A","#N/A","#N/A","#N/A"
7292f3da-6929-4954-acca-e07ef71da997,"#N/A","#N/A",false,Web,"#N/A","#N/A",Medium,"#N/A",New,Subject_iuqsy,"#N/A","#N/A","#N/A","#N/A","#N/A"
7293fcfe-fae6-4dd8-8583-5ce4b62c7996,"#N/A","#N/A",false,Web,"#N/A","#N/A",Medium,"#N/A",New,Subject_hpwxy,"#N/A","#N/A","#N/A","#N/A","#N/A"
72942cd6-8c55-4e70-a590-a3cc59803460,"#N/A","#N/A",false,Web,"#N/A","#N/A",Medium,"#N/A",New,Subject_qkskm,"#N/A","#N/A","#N/A","#N/A","#N/A"
7297700b-2c24-4a63-b0b8-0753e811671e,"#N/A","#N/A",false,Web,"#N/A","#N/A",Medium,"#N/A",New,Subject_zzilk,"#N/A","#N/A","#N/A","#N/A","#N/A"
7298d475-9fbc-486f-8067-8310f1875922,"#N/A","#N/A",false,Web,"#N/A","#N/A",Medium,"#N/A",New,Subject_amdnj,"#N/A","#N/A","#N/A","#N/A","#N/A"
729a45c3-893b-4db9-a0cf-c76e9c490e83,"#N/A","#N/A",false,Web,"#N/A","#N/A",Medium,"#N/A",New,Subject_gckwq,"#N/A","#N/A","#N/A","#N/A","#N/A"
729a9fee-e3e9-4b0b-9122-6d61518fbaf2,"#N/A","#N/A",false,Web,"#N/A","#N/A",Medium,"#N/A",New,Subject_xrobq,"#N/A","#N/A","#N/A","#N/A","#N/A"
72a07c50-9c8a-443b-8d38-68cb70386c6b,"#N/A","#N/A",false,Web,"#N/A","#N/A",Medium,"#N/A",New,Subject_sgchd,"#N/A","#N/A","#N/A","#N/A","#N/A"
72a09d0c-7c91-4f2a-adf4-29c8225eaa53,"#N/A","#N/A",false,Web,"#N/A","#N/A",Medium,"#N/A",New,Subject_ihxzx,"#N/A","#N/A","#N/A","#N/A","#N/A"
72a0b2e1-94a7-48fa-b794-ef3b99566391,"#N/A","#N/A",false,Web,"#N/A","#N/A",Medium,"#N/A",New,Subject_mpxnt,"#N/A","#N/A","#N/A","#N/A","#N/A"
72a181e0-922d-4013-83cf-296417522c46,"#N/A","#N/A",false,Web,"#N/A","#N/A",Medium,"#N/A",New,Subject_tisdl,"#N/A","#N/A","#N/A","#N/A","#N/A"
72a1f7e1-f15f-4607-8639-f94dcdd9ce15,"#N/A","#N/A",false,Web,"#N/A","#N/A",Medium,"#N/A",New,Subject_gfqbr,"#N/A","#N/A","#N/A","#N/A","#N/A"
72a6d4af-f49c-468f-a001-4e6fc224305f,"#N/A","#N/A",false,Web,"#N/A","#N/A",Medium,"#N/A",New,Subject_ggwkl,"#N/A","#N/A","#N/A","#N/A","#N/A"
72a8a8ab-58b4-4715-90e4-dc7f1f05a328,"#N/A","#N/A",false,Web,"#N/A","#N/A",Medium,"#N/A",New,Subject_xokec,"#N/A","#N/A","#N/A","#N/A","#N/A"
72acb8d9-a725-4db0-86a2-1f0ada677fec,"#N/A","#N/A",false,Web,"#N/A","#N/A",Medium,"#N/A",New,Subject_szjut,"#N/A","#N/A","#N/A","#N/A","#N/A"
72ae1512-b5af-4082-8d65-f7736e21ad28,"#N/A","#N/A",false,Web,"#N/A","#N/A",Medium,"#N/A",New,Subject_cgnis,"#N/A","#N/A","#N/A","#N/A","#N/A"
72aee8d8-5beb-4e8d-ba41-f8bd1af330c7,"#N/A","#N/A",false,Web,"#N/A","#N/A",Medium,"#N/A",New,Subject_ebbge,"#N/A","#N/A","#N/A","#N/A","#N/A"
72afbc9a-b5d7-4c1d-8979-a567ae160079,"#N/A","#N/A",false,Web,"#N/A","#N/A",Medium,"#N/A",New,Subject_cflht,"#N/A","#N/A","#N/A","#N/A","#N/A"
72b46802-3c04-426c-bd23-f00ddab94b4c,"#N/A","#N/A",false,Web,"#N/A","#N/A",Medium,"#N/A",New,Subject_lskki,"#N/A","#N/A","#N/A","#N/A","#N/A"
72b5e2fd-d401-4d25-b97e-11469fdb55b0,"#N/A","#N/A",false,Web,"#N/A","#N/A",Medium,"#N/A",New,Subject_rrkaw,"#N/A","#N/A","#N/A","#N/A","#N/A"
72b6962d-8943-4eca-9ab5-594899b9d46a,"#N/A","#N/A",false,Web,"#N/A","#N/A",Medium,"#N/A",New,Subject_pjzcc,"#N/A","#N/A","#N/A","#N/A","#N/A"
72ba444a-6423-4028-acfe-dcede311af65,"#N/A","#N/A",false,Web,"#N/A","#N/A",Medium,"#N/A",New,Subject_ifesr,"#N/A","#N/A","#N/A","#N/A","#N/A"
72bed1a5-13b3-46b0-86ca-1ba375c32899,"#N/A","#N/A",false,Web,"#N/A","#N/A",Medium,"#N/A",New,Subject_bncit,"#N/A","#N/A","#N/A","#N/A","#N/A"
72c03698-ec56-429e-bab7-60829663d23e,"#N/A","#N/A",false,Web,"#N/A","#N/A",Medium,"#N/A",New,Subject_zgyfw,"#N/A","#N/A","#N/A","#N/A","#N/A"
72c47ef0-f5f5-4cdc-ab61-8e972f4d6226,"#N/A","#N/A",false,Web,"#N/A","#N/A",Medium,"#N/A",New,Subject_lndak,"#N/A","#N/A","#N/A","#N/A","#N/A"
72cbdb86-5646-4b87-a9c9-2a2bfa11040c,"#N/A","#N/A",false,Web,"#N/A","#N/A",Medium,"#N/A",New,Subject_smhom,"#N/A","#N/A","#N/A","#N/A","#N/A"
72d01ffe-760e-425a-b36f-caf8e8f5743a,"#N/A","#N/A",false,Web,"#N/A","#N/A",Medium,"#N/A",New,Subject_nmxlq,"#N/A","#N/A","#N/A","#N/A","#N/A"
72d5303e-888a-4b67-9b96-ba0dd29ab8f0,"#N/A","#N/A",false,Web,"#N/A","#N/A",Medium,"#N/A",New,Subject_pdgou,"#N/A","#N/A","#N/A","#N/A","#N/A"
72d791fc-bbc5-4b38-8b1b-355a1758e3a5,"#N/A","#N/A",false,Web,"#N/A","#N/A",Medium,"#N/A",New,Subject_hwlel,"#N/A","#N/A","#N/A","#N/A","#N/A"
72da2c00-f430-4f5a-a906-393de874c950,"#N/A","#N/A",false,Web,"#N/A","#N/A",Medium,"#N/A",New,Subject_ksksc,"#N/A","#N/A","#N/A","#N/A","#N/A"
72dcd51b-3da0-4f33-832c-aef4dc60c92a,"#N/A","#N/A",false,Web,"#N/A","#N/A",Medium,"#N/A",New,Subject_yoent,"#N/A","#N/A","#N/A","#N/A","#N/A"
72df9044-02d5-4aaf-a9f9-f6e817e04a29,"#N/A","#N/A",false,Web,"#N/A","#N/A",Medium,"#N/A",New,Subject_yfhnl,"#N/A","#N/A","#N/A","#N/A","#N/A"
72e0f441-807b-41e8-a760-33b0b60d1f6a,"#N/A","#N/A",false,Web,"#N/A","#N/A",Medium,"#N/A",New,Subject_dtvfn,"#N/A","#N/A","#N/A","#N/A","#N/A"
72e331bf-0d60-4e2d-a723-6b9b79439dc3,"#N/A","#N/A",false,Web,"#N/A","#N/A",Medium,"#N/A",New,Subject_zaxhb,"#N/A","#N/A","#N/A","#N/A","#N/A"
72e3b0ca-a74f-41f7-8760-f74363fc8de4,"#N/A","#N/A",false,Web,"#N/A","#N/A",Medium,"#N/A",New,Subject_wkieg,"#N/A","#N/A","#N/A","#N/A","#N/A"
72e4d762-9acd-4fa2-b817-abe3a962f3c3,"#N/A","#N/A",false,Web,"#N/A","#N/A",Medium,"#N/A",New,Subject_ddoll,"#N/A","#N/A","#N/A","#N/A","#N/A"
72e51de4-9670-49bb-b53e-9b172ed629ad,"#N/A","#N/A",false,Web,"#N/A","#N/A",Medium,"#N/A",New,Subject_mvcvy,"#N/A","#N/A","#N/A","#N/A","#N/A"
72e79532-9dc6-492c-81f0-93be80ca033d,"#N/A","#N/A",false,Web,"#N/A","#N/A",Medium,"#N/A",New,Subject_kxctf,"#N/A","#N/A","#N/A","#N/A","#N/A"
72efff8c-25cf-4d91-aabf-38a1ce366d0c,"#N/A","#N/A",false,Web,"#N/A","#N/A",Medium,"#N/A",New,Subject_eijah,"#N/A","#N/A","#N/A","#N/A","#N/A"
72f42ff7-674c-4258-971b-5bfc48ebb365,"#N/A","#N/A",false,Web,"#N/A","#N/A",Medium,"#N/A",New,Subject_omxnn,"#N/A","#N/A","#N/A","#N/A","#N/A"
72f8401c-db79-4e9f-8b3d-3cc033ed3579,"#N/A","#N/A",false,Web,"#N/A","#N/A",Medium,"#N/A",New,Subject_eleeb,"#N/A","#N/A","#N/A","#N/A","#N/A"
72faeba2-9118-41cc-a17e-a21a661a683b,"#N/A","#N/A",false,Web,"#N/A","#N/A",Medium,"#N/A",New,Subject_ueqlj,"#N/A","#N/A","#N/A","#N/A","#N/A"
730c2efa-abcd-44d9-b41a-87bced2b3df8,"#N/A","#N/A",false,Web,"#N/A","#N/A",Medium,"#N/A",New,Subject_ogicg,"#N/A","#N/A","#N/A","#N/A","#N/A"
730dac9a-614b-4792-b3d7-d11866f2e35b,"#N/A","#N/A",false,Web,"#N/A","#N/A",Medium,"#N/A",New,Subject_mvaem,"#N/A","#N/A","#N/A","#N/A","#N/A"
730fd288-9c3c-478d-aa88-a34b9918cc9d,"#N/A","#N/A",false,Web,"#N/A","#N/A",Medium,"#N/A",New,Subject_nyxbt,"#N/A","#N/A","#N/A","#N/A","#N/A"
73116b1e-d76d-45e1-9c11-236833a2ec98,"#N/A","#N/A",false,Web,"#N/A","#N/A",Medium,"#N/A",New,Subject_dynfn,"#N/A","#N/A","#N/A","#N/A","#N/A"
7312f110-6516-4161-8037-71f5dbb886cd,"#N/A","#N/A",false,Web,"#N/A","#N/A",Medium,"#N/A",New,Subject_jcoov,"#N/A","#N/A","#N/A","#N/A","#N/A"
73150a1e-a7b0-4ed6-a2d1-186a92197c90,"#N/A","#N/A",false,Web,"#N/A","#N/A",Medium,"#N/A",New,Subject_gkyxr,"#N/A","#N/A","#N/A","#N/A","#N/A"
7316bc2b-03b5-4757-937f-c8dda531375e,"#N/A","#N/A",false,Web,"#N/A","#N/A",Medium,"#N/A",New,Subject_enwla,"#N/A","#N/A","#N/A","#N/A","#N/A"
73187ffd-1041-4008-a9a7-22e03f0c05f5,"#N/A","#N/A",false,Web,"#N/A","#N/A",Medium,"#N/A",New,Subject_vbstu,"#N/A","#N/A","#N/A","#N/A","#N/A"
73253e7d-b78d-4425-bc7b-a2a6321b394e,"#N/A","#N/A",false,Web,"#N/A","#N/A",Medium,"#N/A",New,Subject_bplvx,"#N/A","#N/A","#N/A","#N/A","#N/A"
7326533d-c59c-4c4d-a78f-c69a5ea42143,"#N/A","#N/A",false,Web,"#N/A","#N/A",Medium,"#N/A",New,Subject_birok,"#N/A","#N/A","#N/A","#N/A","#N/A"
73272d4d-5268-4f1c-aeda-af22fffa9747,"#N/A","#N/A",false,Web,"#N/A","#N/A",Medium,"#N/A",New,Subject_poyuf,"#N/A","#N/A","#N/A","#N/A","#N/A"
73285005-de2d-45b6-a25f-d9b9ff415328,"#N/A","#N/A",false,Web,"#N/A","#N/A",Medium,"#N/A",New,Subject_zqwsi,"#N/A","#N/A","#N/A","#N/A","#N/A"
732909da-5acf-43a8-9249-57e17ee51167,"#N/A","#N/A",false,Web,"#N/A","#N/A",Medium,"#N/A",New,Subject_nfyni,"#N/A","#N/A","#N/A","#N/A","#N/A"
7330ae64-63e0-4580-b545-f15ac7668ec2,"#N/A","#N/A",false,Web,"#N/A","#N/A",Medium,"#N/A",New,Subject_otylc,"#N/A","#N/A","#N/A","#N/A","#N/A"
7334a11c-c8b0-4730-8e15-fd7960d2d29c,"#N/A","#N/A",false,Web,"#N/A","#N/A",Medium,"#N/A",New,Subject_yucmy,"#N/A","#N/A","#N/A","#N/A","#N/A"
733534d5-850a-4ba1-8a77-584f228652d4,"#N/A","#N/A",false,Web,"#N/A","#N/A",Medium,"#N/A",New,Subject_mdwtm,"#N/A","#N/A","#N/A","#N/A","#N/A"
7336e30c-ffef-4d36-964f-1f4f0bc42965,"#N/A","#N/A",false,Web,"#N/A","#N/A",Medium,"#N/A",New,Subject_slvme,"#N/A","#N/A","#N/A","#N/A","#N/A"
73372725-a09d-45f3-abff-823eb9f7811c,"#N/A","#N/A",false,Web,"#N/A","#N/A",Medium,"#N/A",New,Subject_btipd,"#N/A","#N/A","#N/A","#N/A","#N/A"
733940e1-dfea-45b1-95d4-902d38901d45,"#N/A","#N/A",false,Web,"#N/A","#N/A",Medium,"#N/A",New,Subject_yusuq,"#N/A","#N/A","#N/A","#N/A","#N/A"
733b0b06-1581-4374-894d-8f161b8c1ff3,"#N/A","#N/A",false,Web,"#N/A","#N/A",Medium,"#N/A",New,Subject_idzqc,"#N/A","#N/A","#N/A","#N/A","#N/A"
733d34f4-3665-46bd-9d14-9265807a7f21,"#N/A","#N/A",false,Web,"#N/A","#N/A",Medium,"#N/A",New,Subject_ebsds,"#N/A","#N/A","#N/A","#N/A","#N/A"
733e2bc7-1e7e-490f-a8e0-c393299056e7,"#N/A","#N/A",false,Web,"#N/A","#N/A",Medium,"#N/A",New,Subject_vvxle,"#N/A","#N/A","#N/A","#N/A","#N/A"
7341bd58-bc4f-4f6b-85b6-14612b3bd05d,"#N/A","#N/A",false,Web,"#N/A","#N/A",Medium,"#N/A",New,Subject_cdlel,"#N/A","#N/A","#N/A","#N/A","#N/A"
7341dd16-3646-4860-bc35-7f0efa543e61,"#N/A","#N/A",false,Web,"#N/A","#N/A",Medium,"#N/A",New,Subject_ecdcu,"#N/A","#N/A","#N/A","#N/A","#N/A"
73428919-38e0-43ad-859e-e6955bb58df4,"#N/A","#N/A",false,Web,"#N/A","#N/A",Medium,"#N/A",New,Subject_hmzks,"#N/A","#N/A","#N/A","#N/A","#N/A"
7343e6b2-57f3-44cb-bc56-b7e2071b14a9,"#N/A","#N/A",false,Web,"#N/A","#N/A",Medium,"#N/A",New,Subject_ecnhj,"#N/A","#N/A","#N/A","#N/A","#N/A"
734694e7-a24e-4dd3-9fe1-f847954ac4fd,"#N/A","#N/A",false,Web,"#N/A","#N/A",Medium,"#N/A",New,Subject_hushw,"#N/A","#N/A","#N/A","#N/A","#N/A"
734a816b-59f4-4674-93d3-9f32722a7031,"#N/A","#N/A",false,Web,"#N/A","#N/A",Medium,"#N/A",New,Subject_fkfbt,"#N/A","#N/A","#N/A","#N/A","#N/A"
734e2e11-66ec-43dc-933f-671ab9f5bf89,"#N/A","#N/A",false,Web,"#N/A","#N/A",Medium,"#N/A",New,Subject_vkjed,"#N/A","#N/A","#N/A","#N/A","#N/A"
734ed730-ec6b-44c7-8749-742fb376c9c5,"#N/A","#N/A",false,Web,"#N/A","#N/A",Medium,"#N/A",New,Subject_gaxam,"#N/A","#N/A","#N/A","#N/A","#N/A"
734f9b80-9c3f-4d18-b646-c5041d9219f2,"#N/A","#N/A",false,Web,"#N/A","#N/A",Medium,"#N/A",New,Subject_txjmw,"#N/A","#N/A","#N/A","#N/A","#N/A"
735488be-6f6b-430a-b4fe-3a71cedb2d7e,"#N/A","#N/A",false,Web,"#N/A","#N/A",Medium,"#N/A",New,Subject_pzsda,"#N/A","#N/A","#N/A","#N/A","#N/A"
73561d09-295c-42e4-bebd-bf0155b65aef,"#N/A","#N/A",false,Web,"#N/A","#N/A",Medium,"#N/A",New,Subject_ctvro,"#N/A","#N/A","#N/A","#N/A","#N/A"
735e78d2-3c57-45b3-942c-ddd4e8e371ea,"#N/A","#N/A",false,Web,"#N/A","#N/A",Medium,"#N/A",New,Subject_yxozy,"#N/A","#N/A","#N/A","#N/A","#N/A"
735e9d4a-98e7-4816-964a-4bc238fd7280,"#N/A","#N/A",false,Web,"#N/A","#N/A",Medium,"#N/A",New,Subject_vvbii,"#N/A","#N/A","#N/A","#N/A","#N/A"
735fe4e9-b5d3-4a5d-8e32-fb375e319cc4,"#N/A","#N/A",false,Web,"#N/A","#N/A",Medium,"#N/A",New,Subject_ugvol,"#N/A","#N/A","#N/A","#N/A","#N/A"
73608fbd-2a30-4802-8162-16fa54c4f9ca,"#N/A","#N/A",false,Web,"#N/A","#N/A",Medium,"#N/A",New,Subject_sevno,"#N/A","#N/A","#N/A","#N/A","#N/A"
7362ad9d-72a3-4df5-a7e8-d05cbe4cb0a8,"#N/A","#N/A",false,Web,"#N/A","#N/A",Medium,"#N/A",New,Subject_cbwyb,"#N/A","#N/A","#N/A","#N/A","#N/A"
7367ef66-59b7-4589-a2d6-a01510cf4bf3,"#N/A","#N/A",false,Web,"#N/A","#N/A",Medium,"#N/A",New,Subject_qjtxt,"#N/A","#N/A","#N/A","#N/A","#N/A"
736d95a4-7851-4a96-a533-a42d678c249b,"#N/A","#N/A",false,Web,"#N/A","#N/A",Medium,"#N/A",New,Subject_wmdjv,"#N/A","#N/A","#N/A","#N/A","#N/A"
737159c0-50f6-4465-a75b-c6ee6e9e9a2d,"#N/A","#N/A",false,Web,"#N/A","#N/A",Medium,"#N/A",New,Subject_oikmu,"#N/A","#N/A","#N/A","#N/A","#N/A"
73763023-e672-4a4f-9d8d-811d4111636a,"#N/A","#N/A",false,Web,"#N/A","#N/A",Medium,"#N/A",New,Subject_iaulj,"#N/A","#N/A","#N/A","#N/A","#N/A"
737edeaf-d5fc-4577-8d64-429b33c9b068,"#N/A","#N/A",false,Web,"#N/A","#N/A",Medium,"#N/A",New,Subject_dkirg,"#N/A","#N/A","#N/A","#N/A","#N/A"
737f1c69-152b-442b-94fa-09d91dbc0bf0,"#N/A","#N/A",false,Web,"#N/A","#N/A",Medium,"#N/A",New,Subject_pwljp,"#N/A","#N/A","#N/A","#N/A","#N/A"
7380ede9-9a0e-4e74-84ec-ec8b70ffbaf7,"#N/A","#N/A",false,Web,"#N/A","#N/A",Medium,"#N/A",New,Subject_ckape,"#N/A","#N/A","#N/A","#N/A","#N/A"
738245cc-a96a-4fa8-96d0-37a96343131b,"#N/A","#N/A",false,Web,"#N/A","#N/A",Medium,"#N/A",New,Subject_tcjvo,"#N/A","#N/A","#N/A","#N/A","#N/A"
7382842f-c814-4657-9142-5cb5dbaabcfc,"#N/A","#N/A",false,Web,"#N/A","#N/A",Medium,"#N/A",New,Subject_jwvol,"#N/A","#N/A","#N/A","#N/A","#N/A"
73842550-4fc4-486a-b500-cec9570ee78b,"#N/A","#N/A",false,Web,"#N/A","#N/A",Medium,"#N/A",New,Subject_ryhep,"#N/A","#N/A","#N/A","#N/A","#N/A"
738800c8-c54e-46d2-b25f-c2b55c4f4d4c,"#N/A","#N/A",false,Web,"#N/A","#N/A",Medium,"#N/A",New,Subject_ggscw,"#N/A","#N/A","#N/A","#N/A","#N/A"
73886627-1ad0-4fa1-8b5c-23ff7b2dbb87,"#N/A","#N/A",false,Web,"#N/A","#N/A",Medium,"#N/A",New,Subject_ssadq,"#N/A","#N/A","#N/A","#N/A","#N/A"
73898eb4-49bd-4b36-a3fe-dbf29c0b44ea,"#N/A","#N/A",false,Web,"#N/A","#N/A",Medium,"#N/A",New,Subject_bhbrb,"#N/A","#N/A","#N/A","#N/A","#N/A"
73899ba1-a492-4e3a-845e-32c5a712dc53,"#N/A","#N/A",false,Web,"#N/A","#N/A",Medium,"#N/A",New,Subject_mzpuz,"#N/A","#N/A","#N/A","#N/A","#N/A"
738a901c-f230-4a96-8b8a-c32ab3ef2acd,"#N/A","#N/A",false,Web,"#N/A","#N/A",Medium,"#N/A",New,Subject_nscql,"#N/A","#N/A","#N/A","#N/A","#N/A"
738d7d0f-966c-4c66-8499-001fb4e68f7a,"#N/A","#N/A",false,Web,"#N/A","#N/A",Medium,"#N/A",New,Subject_nyzvi,"#N/A","#N/A","#N/A","#N/A","#N/A"
738e06ea-5344-4d92-9fc9-38a25c7cd812,"#N/A","#N/A",false,Web,"#N/A","#N/A",Medium,"#N/A",New,Subject_dibka,"#N/A","#N/A","#N/A","#N/A","#N/A"
738ec588-b373-4b83-88a1-2e6e37be591b,"#N/A","#N/A",false,Web,"#N/A","#N/A",Medium,"#N/A",New,Subject_cctlf,"#N/A","#N/A","#N/A","#N/A","#N/A"
739053e6-7f0e-435e-a2c6-73fd2fa5b458,"#N/A","#N/A",false,Web,"#N/A","#N/A",Medium,"#N/A",New,Subject_xghdz,"#N/A","#N/A","#N/A","#N/A","#N/A"
7390768e-d5d0-4457-a189-9b8b59c61eed,"#N/A","#N/A",false,Web,"#N/A","#N/A",Medium,"#N/A",New,Subject_jsvvw,"#N/A","#N/A","#N/A","#N/A","#N/A"
73944888-628e-4425-88b5-4161f976a8f0,"#N/A","#N/A",false,Web,"#N/A","#N/A",Medium,"#N/A",New,Subject_exjrc,"#N/A","#N/A","#N/A","#N/A","#N/A"
73945f35-5abe-41c8-a2dd-bd9c2ae6e609,"#N/A","#N/A",false,Web,"#N/A","#N/A",Medium,"#N/A",New,Subject_yekmp,"#N/A","#N/A","#N/A","#N/A","#N/A"
739a09bb-862f-4dfd-a414-3783a6efdf51,"#N/A","#N/A",false,Web,"#N/A","#N/A",Medium,"#N/A",New,Subject_omvjk,"#N/A","#N/A","#N/A","#N/A","#N/A"
739eecae-ce15-4a06-a68f-e745f4f507f3,"#N/A","#N/A",false,Web,"#N/A","#N/A",Medium,"#N/A",New,Subject_bwhmi,"#N/A","#N/A","#N/A","#N/A","#N/A"
73a245c8-d1eb-44d7-8c70-de7fd179385e,"#N/A","#N/A",false,Web,"#N/A","#N/A",Medium,"#N/A",New,Subject_phxlt,"#N/A","#N/A","#N/A","#N/A","#N/A"
73a5d592-b1db-4dd7-a552-9e8bfb1fa19e,"#N/A","#N/A",false,Web,"#N/A","#N/A",Medium,"#N/A",New,Subject_sxzbf,"#N/A","#N/A","#N/A","#N/A","#N/A"
73a6d1ec-224c-4ac2-b989-bc54ffe8dfa1,"#N/A","#N/A",false,Web,"#N/A","#N/A",Medium,"#N/A",New,Subject_swwqc,"#N/A","#N/A","#N/A","#N/A","#N/A"
73a75b97-2177-4378-a38c-e6eb5542d1a5,"#N/A","#N/A",false,Web,"#N/A","#N/A",Medium,"#N/A",New,Subject_jbswc,"#N/A","#N/A","#N/A","#N/A","#N/A"
73a81fb9-6e50-4d6e-899c-ab32b50c7f36,"#N/A","#N/A",false,Web,"#N/A","#N/A",Medium,"#N/A",New,Subject_nrhoz,"#N/A","#N/A","#N/A","#N/A","#N/A"
73a82caa-43ae-4f36-8a94-0640fad886cd,"#N/A","#N/A",false,Web,"#N/A","#N/A",Medium,"#N/A",New,Subject_ondho,"#N/A","#N/A","#N/A","#N/A","#N/A"
73abc591-2cab-4c32-aad3-079fb177deb0,"#N/A","#N/A",false,Web,"#N/A","#N/A",Medium,"#N/A",New,Subject_pcbne,"#N/A","#N/A","#N/A","#N/A","#N/A"
73af641e-8b41-4553-b056-aae771e907a9,"#N/A","#N/A",false,Web,"#N/A","#N/A",Medium,"#N/A",New,Subject_jeyrt,"#N/A","#N/A","#N/A","#N/A","#N/A"
73b90fb9-89e4-400a-a8b1-2e060e6862a7,"#N/A","#N/A",false,Web,"#N/A","#N/A",Medium,"#N/A",New,Subject_vprwi,"#N/A","#N/A","#N/A","#N/A","#N/A"
73bbefca-7b07-4fcc-b38c-f3bd2316e183,"#N/A","#N/A",false,Web,"#N/A","#N/A",Medium,"#N/A",New,Subject_sayof,"#N/A","#N/A","#N/A","#N/A","#N/A"
73c06421-a22c-4de1-be57-f26920af94b9,"#N/A","#N/A",false,Web,"#N/A","#N/A",Medium,"#N/A",New,Subject_rlsif,"#N/A","#N/A","#N/A","#N/A","#N/A"
73c46271-37f7-4b3e-84cc-62eddc01b8ba,"#N/A","#N/A",false,Web,"#N/A","#N/A",Medium,"#N/A",New,Subject_mqszi,"#N/A","#N/A","#N/A","#N/A","#N/A"
73c4f1e7-9d62-4875-b80a-4c8a6dabf83a,"#N/A","#N/A",false,Web,"#N/A","#N/A",Medium,"#N/A",New,Subject_uahkt,"#N/A","#N/A","#N/A","#N/A","#N/A"
73c57fba-4af5-4c40-b748-9717b0259ee6,"#N/A","#N/A",false,Web,"#N/A","#N/A",Medium,"#N/A",New,Subject_wzfyp,"#N/A","#N/A","#N/A","#N/A","#N/A"
73c9821d-822b-45b5-8d87-fca05ec89d9d,"#N/A","#N/A",false,Web,"#N/A","#N/A",Medium,"#N/A",New,Subject_gjahg,"#N/A","#N/A","#N/A","#N/A","#N/A"
73cc7f93-0bc7-4bde-aaf8-8d52de940877,"#N/A","#N/A",false,Web,"#N/A","#N/A",Medium,"#N/A",New,Subject_grlvo,"#N/A","#N/A","#N/A","#N/A","#N/A"
73cd82ff-c620-477d-8f95-75c389ea01c5,"#N/A","#N/A",false,Web,"#N/A","#N/A",Medium,"#N/A",New,Subject_aetgs,"#N/A","#N/A","#N/A","#N/A","#N/A"
73d876c5-fb18-47fa-bcea-56f089e965fd,"#N/A","#N/A",false,Web,"#N/A","#N/A",Medium,"#N/A",New,Subject_keqsj,"#N/A","#N/A","#N/A","#N/A","#N/A"
73da2d57-971d-462e-bc04-46dc755c369f,"#N/A","#N/A",false,Web,"#N/A","#N/A",Medium,"#N/A",New,Subject_rxgkc,"#N/A","#N/A","#N/A","#N/A","#N/A"
73deab63-677f-4ab7-85c6-8ee2b6a789f6,"#N/A","#N/A",false,Web,"#N/A","#N/A",Medium,"#N/A",New,Subject_bgtyw,"#N/A","#N/A","#N/A","#N/A","#N/A"
73e50993-05c8-4323-ace7-3d420e9375c8,"#N/A","#N/A",false,Web,"#N/A","#N/A",Medium,"#N/A",New,Subject_ligna,"#N/A","#N/A","#N/A","#N/A","#N/A"
73e55cba-f1d3-4cc5-9df9-61135b1fbdc7,"#N/A","#N/A",false,Web,"#N/A","#N/A",Medium,"#N/A",New,Subject_gkyxr,"#N/A","#N/A","#N/A","#N/A","#N/A"
73e6a16a-9de0-4760-a3a0-106b805c76a1,"#N/A","#N/A",false,Web,"#N/A","#N/A",Medium,"#N/A",New,Subject_cbivx,"#N/A","#N/A","#N/A","#N/A","#N/A"
73e73ea0-be5d-4f49-9284-9862e1421636,"#N/A","#N/A",false,Web,"#N/A","#N/A",Medium,"#N/A",New,Subject_etbyu,"#N/A","#N/A","#N/A","#N/A","#N/A"
73ebbf1c-c0ee-432a-9d96-cb7acc14d06d,"#N/A","#N/A",false,Web,"#N/A","#N/A",Medium,"#N/A",New,Subject_mezcu,"#N/A","#N/A","#N/A","#N/A","#N/A"
73eca1d5-849d-424a-8cc4-35596e309db1,"#N/A","#N/A",false,Web,"#N/A","#N/A",Medium,"#N/A",New,Subject_ywlgl,"#N/A","#N/A","#N/A","#N/A","#N/A"
73f0954c-f011-4d50-aa3c-3edc1ba16504,"#N/A","#N/A",false,Web,"#N/A","#N/A",Medium,"#N/A",New,Subject_jpgft,"#N/A","#N/A","#N/A","#N/A","#N/A"
73f10c73-a6ee-494b-8887-11e9548967fa,"#N/A","#N/A",false,Web,"#N/A","#N/A",Medium,"#N/A",New,Subject_uxytl,"#N/A","#N/A","#N/A","#N/A","#N/A"
73f2ac16-47a1-4f41-b6ec-ba149b3aa2c3,"#N/A","#N/A",false,Web,"#N/A","#N/A",Medium,"#N/A",New,Subject_fkjtb,"#N/A","#N/A","#N/A","#N/A","#N/A"
7405521a-7b54-4a03-bccb-23f483265e3c,"#N/A","#N/A",false,Web,"#N/A","#N/A",Medium,"#N/A",New,Subject_wkziw,"#N/A","#N/A","#N/A","#N/A","#N/A"
7406ec72-fae3-4bd8-a03a-3078982194d3,"#N/A","#N/A",false,Web,"#N/A","#N/A",Medium,"#N/A",New,Subject_udakp,"#N/A","#N/A","#N/A","#N/A","#N/A"
740898d7-4f92-4fb5-ba85-6dd2c6a1a428,"#N/A","#N/A",false,Web,"#N/A","#N/A",Medium,"#N/A",New,Subject_wjopy,"#N/A","#N/A","#N/A","#N/A","#N/A"
74099946-95b3-4c59-b60c-6e8eb6e930ff,"#N/A","#N/A",false,Web,"#N/A","#N/A",Medium,"#N/A",New,Subject_jryba,"#N/A","#N/A","#N/A","#N/A","#N/A"
740a5a8f-f628-4b58-914e-2b5967f3f680,"#N/A","#N/A",false,Web,"#N/A","#N/A",Medium,"#N/A",New,Subject_zysnd,"#N/A","#N/A","#N/A","#N/A","#N/A"
74179771-75b4-4d8f-9280-7561d4de87d0,"#N/A","#N/A",false,Web,"#N/A","#N/A",Medium,"#N/A",New,Subject_wmixt,"#N/A","#N/A","#N/A","#N/A","#N/A"
7417b6e0-11d0-47b0-86c5-d554f99d4e08,"#N/A","#N/A",false,Web,"#N/A","#N/A",Medium,"#N/A",New,Subject_eytoh,"#N/A","#N/A","#N/A","#N/A","#N/A"
741abb47-64d8-46fc-a492-73b59e030153,"#N/A","#N/A",false,Web,"#N/A","#N/A",Medium,"#N/A",New,Subject_wzrfn,"#N/A","#N/A","#N/A","#N/A","#N/A"
741caf01-8159-45fb-afb9-d6c65f182471,"#N/A","#N/A",false,Web,"#N/A","#N/A",Medium,"#N/A",New,Subject_vdeto,"#N/A","#N/A","#N/A","#N/A","#N/A"
742111cf-83c3-4dfd-a3eb-078199fb0049,"#N/A","#N/A",false,Web,"#N/A","#N/A",Medium,"#N/A",New,Subject_qjtir,"#N/A","#N/A","#N/A","#N/A","#N/A"
74235b02-23a6-4abf-a426-543a34607eb2,"#N/A","#N/A",false,Web,"#N/A","#N/A",Medium,"#N/A",New,Subject_sjmfw,"#N/A","#N/A","#N/A","#N/A","#N/A"
7427ef8e-a926-40a4-b895-75af9e029904,"#N/A","#N/A",false,Web,"#N/A","#N/A",Medium,"#N/A",New,Subject_fpmlj,"#N/A","#N/A","#N/A","#N/A","#N/A"
74299f15-d17d-4d5c-aad0-9a48a76ec849,"#N/A","#N/A",false,Web,"#N/A","#N/A",Medium,"#N/A",New,Subject_vfxxc,"#N/A","#N/A","#N/A","#N/A","#N/A"
742bc689-671a-46f2-8c35-ccf5cf2f7a27,"#N/A","#N/A",false,Web,"#N/A","#N/A",Medium,"#N/A",New,Subject_wqzuf,"#N/A","#N/A","#N/A","#N/A","#N/A"
742bcaa8-ba1c-4899-a38e-084a27a1d886,"#N/A","#N/A",false,Web,"#N/A","#N/A",Medium,"#N/A",New,Subject_nyksb,"#N/A","#N/A","#N/A","#N/A","#N/A"
74338b0c-1272-45ca-84fd-9915f5c5f4d3,"#N/A","#N/A",false,Web,"#N/A","#N/A",Medium,"#N/A",New,Subject_rhelp,"#N/A","#N/A","#N/A","#N/A","#N/A"
743714ad-f2b7-4a3c-9815-f3e3707c607f,"#N/A","#N/A",false,Web,"#N/A","#N/A",Medium,"#N/A",New,Subject_vgjlx,"#N/A","#N/A","#N/A","#N/A","#N/A"
743cd612-df81-4739-a125-686d632436a8,"#N/A","#N/A",false,Web,"#N/A","#N/A",Medium,"#N/A",New,Subject_wbshl,"#N/A","#N/A","#N/A","#N/A","#N/A"
7440b5cb-2728-49c8-bd85-9939fddbb430,"#N/A","#N/A",false,Web,"#N/A","#N/A",Medium,"#N/A",New,Subject_uzdxy,"#N/A","#N/A","#N/A","#N/A","#N/A"
744159bb-c692-4249-ab7e-bd8c0aa597d2,"#N/A","#N/A",false,Web,"#N/A","#N/A",Medium,"#N/A",New,Subject_pluor,"#N/A","#N/A","#N/A","#N/A","#N/A"
7448e2d6-b5d1-41cf-abc5-894082061a28,"#N/A","#N/A",false,Web,"#N/A","#N/A",Medium,"#N/A",New,Subject_mhfhn,"#N/A","#N/A","#N/A","#N/A","#N/A"
74493fdf-09c2-4025-bf60-545e4cb0dc66,"#N/A","#N/A",false,Web,"#N/A","#N/A",Medium,"#N/A",New,Subject_dnsli,"#N/A","#N/A","#N/A","#N/A","#N/A"
7449798d-9e18-4066-b7d5-0e968a9d4e7a,"#N/A","#N/A",false,Web,"#N/A","#N/A",Medium,"#N/A",New,Subject_nyyoj,"#N/A","#N/A","#N/A","#N/A","#N/A"
744a283c-d48c-4abd-9146-bb7d1a68f35c,"#N/A","#N/A",false,Web,"#N/A","#N/A",Medium,"#N/A",New,Subject_dsnmt,"#N/A","#N/A","#N/A","#N/A","#N/A"
744a2959-aa0d-4b3d-9724-459ce3c346a4,"#N/A","#N/A",false,Web,"#N/A","#N/A",Medium,"#N/A",New,Subject_cxcir,"#N/A","#N/A","#N/A","#N/A","#N/A"
744e016c-fb45-4f08-9ca0-225758dd35ba,"#N/A","#N/A",false,Web,"#N/A","#N/A",Medium,"#N/A",New,Subject_aztfv,"#N/A","#N/A","#N/A","#N/A","#N/A"
744ebbb7-c0bd-4a15-a82d-81ffc6e2140d,"#N/A","#N/A",false,Web,"#N/A","#N/A",Medium,"#N/A",New,Subject_xvcmr,"#N/A","#N/A","#N/A","#N/A","#N/A"
744fdcdd-b073-48e9-8266-1e02d74a0715,"#N/A","#N/A",false,Web,"#N/A","#N/A",Medium,"#N/A",New,Subject_fchln,"#N/A","#N/A","#N/A","#N/A","#N/A"
74508a2b-5778-4aba-a5c2-e6a932ecd228,"#N/A","#N/A",false,Web,"#N/A","#N/A",Medium,"#N/A",New,Subject_gmhid,"#N/A","#N/A","#N/A","#N/A","#N/A"
745289c9-3f1f-412b-b0c0-5ceb75c7b76c,"#N/A","#N/A",false,Web,"#N/A","#N/A",Medium,"#N/A",New,Subject_gcyub,"#N/A","#N/A","#N/A","#N/A","#N/A"
7453fa6b-ef6d-49e6-b23c-f0da1abc5cf8,"#N/A","#N/A",false,Web,"#N/A","#N/A",Medium,"#N/A",New,Subject_uxhfo,"#N/A","#N/A","#N/A","#N/A","#N/A"
7456935f-4dc5-4f75-b076-b5c708f84d63,"#N/A","#N/A",false,Web,"#N/A","#N/A",Medium,"#N/A",New,Subject_uqwjo,"#N/A","#N/A","#N/A","#N/A","#N/A"
745ebbb1-2fd5-41b0-8b5c-20409f854cce,"#N/A","#N/A",false,Web,"#N/A","#N/A",Medium,"#N/A",New,Subject_rbnrh,"#N/A","#N/A","#N/A","#N/A","#N/A"
7460aada-650c-4ce2-886c-91e2143eef19,"#N/A","#N/A",false,Web,"#N/A","#N/A",Medium,"#N/A",New,Subject_dvnbm,"#N/A","#N/A","#N/A","#N/A","#N/A"
7463890c-19d9-4f86-92e9-e39815744db2,"#N/A","#N/A",false,Web,"#N/A","#N/A",Medium,"#N/A",New,Subject_xenee,"#N/A","#N/A","#N/A","#N/A","#N/A"
74646ebe-1bc3-4752-bc0d-6ad50ef255fb,"#N/A","#N/A",false,Web,"#N/A","#N/A",Medium,"#N/A",New,Subject_rhmex,"#N/A","#N/A","#N/A","#N/A","#N/A"
7464f2df-34cb-4d28-8936-1294739e9db8,"#N/A","#N/A",false,Web,"#N/A","#N/A",Medium,"#N/A",New,Subject_fesej,"#N/A","#N/A","#N/A","#N/A","#N/A"
74674214-a76e-4448-a439-f3bd8aa2b7df,"#N/A","#N/A",false,Web,"#N/A","#N/A",Medium,"#N/A",New,Subject_idzam,"#N/A","#N/A","#N/A","#N/A","#N/A"
7468bd3d-dc8a-47af-9b86-24bf1f609dee,"#N/A","#N/A",false,Web,"#N/A","#N/A",Medium,"#N/A",New,Subject_sfjmo,"#N/A","#N/A","#N/A","#N/A","#N/A"
7475ea10-6071-47d0-a8ad-094bd8b83189,"#N/A","#N/A",false,Web,"#N/A","#N/A",Medium,"#N/A",New,Subject_mxsgx,"#N/A","#N/A","#N/A","#N/A","#N/A"
74779080-388d-4f6a-a24f-a7cfd799b206,"#N/A","#N/A",false,Web,"#N/A","#N/A",Medium,"#N/A",New,Subject_tfwek,"#N/A","#N/A","#N/A","#N/A","#N/A"
74794728-5ff2-4659-9c86-8814045730fb,"#N/A","#N/A",false,Web,"#N/A","#N/A",Medium,"#N/A",New,Subject_cinbf,"#N/A","#N/A","#N/A","#N/A","#N/A"
747f8d16-0030-418c-ad9f-f682b7f666bf,"#N/A","#N/A",false,Web,"#N/A","#N/A",Medium,"#N/A",New,Subject_hxviu,"#N/A","#N/A","#N/A","#N/A","#N/A"
747fad27-e2cc-4ef6-bfc4-1b29973a9cf9,"#N/A","#N/A",false,Web,"#N/A","#N/A",Medium,"#N/A",New,Subject_fkwxn,"#N/A","#N/A","#N/A","#N/A","#N/A"
748c8b0b-9e13-4269-9e08-4f3b91be13f1,"#N/A","#N/A",false,Web,"#N/A","#N/A",Medium,"#N/A",New,Subject_mlnfx,"#N/A","#N/A","#N/A","#N/A","#N/A"
748c95cc-3aba-437e-8915-e27ffc93d56e,"#N/A","#N/A",false,Web,"#N/A","#N/A",Medium,"#N/A",New,Subject_xfsfb,"#N/A","#N/A","#N/A","#N/A","#N/A"
748cfd53-f2b8-4696-a9c9-6506c05bc916,"#N/A","#N/A",false,Web,"#N/A","#N/A",Medium,"#N/A",New,Subject_dcbci,"#N/A","#N/A","#N/A","#N/A","#N/A"
748eefec-c7ca-45e2-8b07-71c027aedab2,"#N/A","#N/A",false,Web,"#N/A","#N/A",Medium,"#N/A",New,Subject_whdqb,"#N/A","#N/A","#N/A","#N/A","#N/A"
7494f0ea-424f-4775-8b12-f990ae6e9a3b,"#N/A","#N/A",false,Web,"#N/A","#N/A",Medium,"#N/A",New,Subject_nitfp,"#N/A","#N/A","#N/A","#N/A","#N/A"
749e3e49-836a-4f0a-9c96-d628a6df409f,"#N/A","#N/A",false,Web,"#N/A","#N/A",Medium,"#N/A",New,Subject_ydmyl,"#N/A","#N/A","#N/A","#N/A","#N/A"
749f2a68-6981-4185-b62f-cc2b06a0942c,"#N/A","#N/A",false,Web,"#N/A","#N/A",Medium,"#N/A",New,Subject_ukqvi,"#N/A","#N/A","#N/A","#N/A","#N/A"
74a09f45-fcf3-4671-9064-18d173e93d96,"#N/A","#N/A",false,Web,"#N/A","#N/A",Medium,"#N/A",New,Subject_ftfrt,"#N/A","#N/A","#N/A","#N/A","#N/A"
74a14a6c-44de-4152-b04f-ddf9043b2f0e,"#N/A","#N/A",false,Web,"#N/A","#N/A",Medium,"#N/A",New,Subject_sxshj,"#N/A","#N/A","#N/A","#N/A","#N/A"
74a23c67-60ab-4190-a0c9-6d544a645e46,"#N/A","#N/A",false,Web,"#N/A","#N/A",Medium,"#N/A",New,Subject_vuuxl,"#N/A","#N/A","#N/A","#N/A","#N/A"
74a78260-7ffd-40a0-a967-7d9d07c1d888,"#N/A","#N/A",false,Web,"#N/A","#N/A",Medium,"#N/A",New,Subject_gyzaf,"#N/A","#N/A","#N/A","#N/A","#N/A"
74a7dd3b-079b-41d4-844e-a9206c5012ca,"#N/A","#N/A",false,Web,"#N/A","#N/A",Medium,"#N/A",New,Subject_ryujr,"#N/A","#N/A","#N/A","#N/A","#N/A"
74a826ba-68d2-44a0-9b1e-0e48446f9c6c,"#N/A","#N/A",false,Web,"#N/A","#N/A",Medium,"#N/A",New,Subject_iihjb,"#N/A","#N/A","#N/A","#N/A","#N/A"
74a87c59-dd9b-448e-bae2-e411de572b36,"#N/A","#N/A",false,Web,"#N/A","#N/A",Medium,"#N/A",New,Subject_gmdyn,"#N/A","#N/A","#N/A","#N/A","#N/A"
74abfb96-fa6e-42ea-87d8-777a3ccee374,"#N/A","#N/A",false,Web,"#N/A","#N/A",Medium,"#N/A",New,Subject_wpdfe,"#N/A","#N/A","#N/A","#N/A","#N/A"
74ac6622-4cf1-4f9e-9227-c904e9737927,"#N/A","#N/A",false,Web,"#N/A","#N/A",Medium,"#N/A",New,Subject_zehnk,"#N/A","#N/A","#N/A","#N/A","#N/A"
74ad14de-d893-485c-8e75-0f30231c5595,"#N/A","#N/A",false,Web,"#N/A","#N/A",Medium,"#N/A",New,Subject_erxxd,"#N/A","#N/A","#N/A","#N/A","#N/A"
74b22186-4a2c-43a9-9eda-9598f59f5691,"#N/A","#N/A",false,Web,"#N/A","#N/A",Medium,"#N/A",New,Subject_dfeby,"#N/A","#N/A","#N/A","#N/A","#N/A"
74b2a1cf-8353-492f-9506-1a57f6f39281,"#N/A","#N/A",false,Web,"#N/A","#N/A",Medium,"#N/A",New,Subject_twjdw,"#N/A","#N/A","#N/A","#N/A","#N/A"
74b4c81a-71b4-4d63-9068-f4e290100ed8,"#N/A","#N/A",false,Web,"#N/A","#N/A",Medium,"#N/A",New,Subject_zogtt,"#N/A","#N/A","#N/A","#N/A","#N/A"
74b5e84a-513d-4043-ba74-c506bcdd98c9,"#N/A","#N/A",false,Web,"#N/A","#N/A",Medium,"#N/A",New,Subject_ixnad,"#N/A","#N/A","#N/A","#N/A","#N/A"
74bb64a3-3138-49d2-98ed-b792e2275662,"#N/A","#N/A",false,Web,"#N/A","#N/A",Medium,"#N/A",New,Subject_bbwxv,"#N/A","#N/A","#N/A","#N/A","#N/A"
74bfdd04-692f-4ac1-b6eb-d78c73fceec8,"#N/A","#N/A",false,Web,"#N/A","#N/A",Medium,"#N/A",New,Subject_fimhi,"#N/A","#N/A","#N/A","#N/A","#N/A"
74c1c11f-5c08-4ce3-910c-714ff2b4913c,"#N/A","#N/A",false,Web,"#N/A","#N/A",Medium,"#N/A",New,Subject_mxjye,"#N/A","#N/A","#N/A","#N/A","#N/A"
74c2b1e1-b9c2-4304-b98a-4df4eca1492a,"#N/A","#N/A",false,Web,"#N/A","#N/A",Medium,"#N/A",New,Subject_vglbs,"#N/A","#N/A","#N/A","#N/A","#N/A"
74c9cf56-6709-469c-921c-84f289354b88,"#N/A","#N/A",false,Web,"#N/A","#N/A",Medium,"#N/A",New,Subject_oqeiu,"#N/A","#N/A","#N/A","#N/A","#N/A"
74cd3d47-191b-459a-9db3-6ff6ee06bf0d,"#N/A","#N/A",false,Web,"#N/A","#N/A",Medium,"#N/A",New,Subject_dsoaa,"#N/A","#N/A","#N/A","#N/A","#N/A"
74cfd343-614d-4461-a124-9379c34c189a,"#N/A","#N/A",false,Web,"#N/A","#N/A",Medium,"#N/A",New,Subject_mhijn,"#N/A","#N/A","#N/A","#N/A","#N/A"
74d563a3-6469-4ac7-a971-674b49757c82,"#N/A","#N/A",false,Web,"#N/A","#N/A",Medium,"#N/A",New,Subject_ufprt,"#N/A","#N/A","#N/A","#N/A","#N/A"
74d5d77b-32b7-40d8-ab25-44c445674e96,"#N/A","#N/A",false,Web,"#N/A","#N/A",Medium,"#N/A",New,Subject_iljuy,"#N/A","#N/A","#N/A","#N/A","#N/A"
74dab5b2-998a-4575-9d06-efbd206f1601,"#N/A","#N/A",false,Web,"#N/A","#N/A",Medium,"#N/A",New,Subject_qihwt,"#N/A","#N/A","#N/A","#N/A","#N/A"
74dca936-416f-4065-b8df-d31b9614b1ee,"#N/A","#N/A",false,Web,"#N/A","#N/A",Medium,"#N/A",New,Subject_pfdhd,"#N/A","#N/A","#N/A","#N/A","#N/A"
74ddfe7a-388d-4aa9-83c4-9f2540f6ce76,"#N/A","#N/A",false,Web,"#N/A","#N/A",Medium,"#N/A",New,Subject_mkwui,"#N/A","#N/A","#N/A","#N/A","#N/A"
74df3316-e7d8-496d-bdad-2bcda10f890f,"#N/A","#N/A",false,Web,"#N/A","#N/A",Medium,"#N/A",New,Subject_pklpk,"#N/A","#N/A","#N/A","#N/A","#N/A"
74dfa7f2-ca3d-49b9-a1c5-50f1ad6599eb,"#N/A","#N/A",false,Web,"#N/A","#N/A",Medium,"#N/A",New,Subject_rejln,"#N/A","#N/A","#N/A","#N/A","#N/A"
74e3e09a-8e1b-4810-9e53-e3e24a04b289,"#N/A","#N/A",false,Web,"#N/A","#N/A",Medium,"#N/A",New,Subject_cmczi,"#N/A","#N/A","#N/A","#N/A","#N/A"
74e79a6b-df8f-4e2f-b5e1-1dde6d3efd23,"#N/A","#N/A",false,Web,"#N/A","#N/A",Medium,"#N/A",New,Subject_jeazb,"#N/A","#N/A","#N/A","#N/A","#N/A"
74e7ae3d-423a-4038-83e9-4902180ee3a0,"#N/A","#N/A",false,Web,"#N/A","#N/A",Medium,"#N/A",New,Subject_ztgfs,"#N/A","#N/A","#N/A","#N/A","#N/A"
74ea52f4-8b74-4b53-adc7-a35fbefb0640,"#N/A","#N/A",false,Web,"#N/A","#N/A",Medium,"#N/A",New,Subject_qioma,"#N/A","#N/A","#N/A","#N/A","#N/A"
74ec08f0-6b82-4ca7-ab7e-fd2f5686d88d,"#N/A","#N/A",false,Web,"#N/A","#N/A",Medium,"#N/A",New,Subject_hxwmh,"#N/A","#N/A","#N/A","#N/A","#N/A"
74ec9f35-91a4-496c-870b-743e04df19d4,"#N/A","#N/A",false,Web,"#N/A","#N/A",Medium,"#N/A",New,Subject_daxsc,"#N/A","#N/A","#N/A","#N/A","#N/A"
74eef821-d5f9-4ddc-8f95-8664ab679cd4,"#N/A","#N/A",false,Web,"#N/A","#N/A",Medium,"#N/A",New,Subject_pyvsm,"#N/A","#N/A","#N/A","#N/A","#N/A"
74f05e01-5a92-49bc-a86c-f84e6039f9c8,"#N/A","#N/A",false,Web,"#N/A","#N/A",Medium,"#N/A",New,Subject_yphuu,"#N/A","#N/A","#N/A","#N/A","#N/A"
74f353a2-0593-4b1c-a981-57c373987892,"#N/A","#N/A",false,Web,"#N/A","#N/A",Medium,"#N/A",New,Subject_pbgup,"#N/A","#N/A","#N/A","#N/A","#N/A"
74f41479-29bc-41cc-922b-092ac3d0f9da,"#N/A","#N/A",false,Web,"#N/A","#N/A",Medium,"#N/A",New,Subject_eetbs,"#N/A","#N/A","#N/A","#N/A","#N/A"
74f43b9a-aea0-4268-967d-b5317552edcc,"#N/A","#N/A",false,Web,"#N/A","#N/A",Medium,"#N/A",New,Subject_twmwb,"#N/A","#N/A","#N/A","#N/A","#N/A"
74f5e727-47fb-4795-ab81-20910b6db922,"#N/A","#N/A",false,Web,"#N/A","#N/A",Medium,"#N/A",New,Subject_dilpp,"#N/A","#N/A","#N/A","#N/A","#N/A"
74f98dbd-c0d5-4b15-81ba-33340ee5d74d,"#N/A","#N/A",false,Web,"#N/A","#N/A",Medium,"#N/A",New,Subject_hcbfp,"#N/A","#N/A","#N/A","#N/A","#N/A"
74fa0fd8-5ccf-4e34-907b-c98e95c40cc3,"#N/A","#N/A",false,Web,"#N/A","#N/A",Medium,"#N/A",New,Subject_yfbhc,"#N/A","#N/A","#N/A","#N/A","#N/A"
75000b72-7334-464a-b5f4-51032c742228,"#N/A","#N/A",false,Web,"#N/A","#N/A",Medium,"#N/A",New,Subject_pcyhx,"#N/A","#N/A","#N/A","#N/A","#N/A"
750945e4-2bb2-4815-bd46-7095cc19e219,"#N/A","#N/A",false,Web,"#N/A","#N/A",Medium,"#N/A",New,Subject_nvgzh,"#N/A","#N/A","#N/A","#N/A","#N/A"
750b1e85-d43f-4ad9-8ba9-58e01b1f3330,"#N/A","#N/A",false,Web,"#N/A","#N/A",Medium,"#N/A",New,Subject_ezdig,"#N/A","#N/A","#N/A","#N/A","#N/A"
750c65f5-3376-4df6-80db-6e9e626250aa,"#N/A","#N/A",false,Web,"#N/A","#N/A",Medium,"#N/A",New,Subject_pprhj,"#N/A","#N/A","#N/A","#N/A","#N/A"
750cc5cc-c5df-4358-95b7-2f26c0b229b8,"#N/A","#N/A",false,Web,"#N/A","#N/A",Medium,"#N/A",New,Subject_pmiah,"#N/A","#N/A","#N/A","#N/A","#N/A"
75108b5b-b68a-411f-9729-5c4deb393bb8,"#N/A","#N/A",false,Web,"#N/A","#N/A",Medium,"#N/A",New,Subject_cknqe,"#N/A","#N/A","#N/A","#N/A","#N/A"
7514554f-e40a-4229-8f10-5ee041039f42,"#N/A","#N/A",false,Web,"#N/A","#N/A",Medium,"#N/A",New,Subject_nkhoe,"#N/A","#N/A","#N/A","#N/A","#N/A"
7515bd65-830b-4104-ae60-151251853d6a,"#N/A","#N/A",false,Web,"#N/A","#N/A",Medium,"#N/A",New,Subject_pclfk,"#N/A","#N/A","#N/A","#N/A","#N/A"
751778b2-c0e0-400a-a89f-23541b368535,"#N/A","#N/A",false,Web,"#N/A","#N/A",Medium,"#N/A",New,Subject_pxdsf,"#N/A","#N/A","#N/A","#N/A","#N/A"
751a6b7e-8c87-4fc1-81d5-a90ab47e5c9f,"#N/A","#N/A",false,Web,"#N/A","#N/A",Medium,"#N/A",New,Subject_kskxs,"#N/A","#N/A","#N/A","#N/A","#N/A"
751fd310-a122-4114-a0f4-62ddc75075a0,"#N/A","#N/A",false,Web,"#N/A","#N/A",Medium,"#N/A",New,Subject_wjazb,"#N/A","#N/A","#N/A","#N/A","#N/A"
752226da-0c9f-484c-8ca4-81fbbfc5c626,"#N/A","#N/A",false,Web,"#N/A","#N/A",Medium,"#N/A",New,Subject_zklhd,"#N/A","#N/A","#N/A","#N/A","#N/A"
7522e06c-9f72-4268-bc68-8aca13d01bde,"#N/A","#N/A",false,Web,"#N/A","#N/A",Medium,"#N/A",New,Subject_anfpr,"#N/A","#N/A","#N/A","#N/A","#N/A"
75240b47-df4c-4fce-a1b2-5d452c1fa445,"#N/A","#N/A",false,Web,"#N/A","#N/A",Medium,"#N/A",New,Subject_wqgch,"#N/A","#N/A","#N/A","#N/A","#N/A"
7524e6a9-b833-4bdf-b251-516225022cd9,"#N/A","#N/A",false,Web,"#N/A","#N/A",Medium,"#N/A",New,Subject_phglf,"#N/A","#N/A","#N/A","#N/A","#N/A"
7525a05f-6692-409a-8b47-e7da9c5e5928,"#N/A","#N/A",false,Web,"#N/A","#N/A",Medium,"#N/A",New,Subject_udwmd,"#N/A","#N/A","#N/A","#N/A","#N/A"
752a6bcb-285b-49a5-a4f6-b9eea5a42d80,"#N/A","#N/A",false,Web,"#N/A","#N/A",Medium,"#N/A",New,Subject_dupme,"#N/A","#N/A","#N/A","#N/A","#N/A"
75306bb0-d804-4e79-b025-734858a85c51,"#N/A","#N/A",false,Web,"#N/A","#N/A",Medium,"#N/A",New,Subject_cdrbn,"#N/A","#N/A","#N/A","#N/A","#N/A"
75323b59-266a-40ac-ab20-8155b7d845cc,"#N/A","#N/A",false,Web,"#N/A","#N/A",Medium,"#N/A",New,Subject_atdsf,"#N/A","#N/A","#N/A","#N/A","#N/A"
753501ee-ece4-467a-9529-debf64052918,"#N/A","#N/A",false,Web,"#N/A","#N/A",Medium,"#N/A",New,Subject_ysfbz,"#N/A","#N/A","#N/A","#N/A","#N/A"
753725ce-713a-4fe7-a0e1-cf8a3d78998c,"#N/A","#N/A",false,Web,"#N/A","#N/A",Medium,"#N/A",New,Subject_djiwv,"#N/A","#N/A","#N/A","#N/A","#N/A"
75385799-78e1-4784-b744-5657e380ee85,"#N/A","#N/A",false,Web,"#N/A","#N/A",Medium,"#N/A",New,Subject_usmce,"#N/A","#N/A","#N/A","#N/A","#N/A"
753fc94e-9877-469d-9021-bbb5280d3410,"#N/A","#N/A",false,Web,"#N/A","#N/A",Medium,"#N/A",New,Subject_rijpv,"#N/A","#N/A","#N/A","#N/A","#N/A"
754ada8a-e8d8-456d-a965-686a3846bd6b,"#N/A","#N/A",false,Web,"#N/A","#N/A",Medium,"#N/A",New,Subject_zlwiu,"#N/A","#N/A","#N/A","#N/A","#N/A"
7551996a-24b1-4937-aec5-7a41de8f89de,"#N/A","#N/A",false,Web,"#N/A","#N/A",Medium,"#N/A",New,Subject_wqeif,"#N/A","#N/A","#N/A","#N/A","#N/A"
7551aa73-a12f-4713-bbb9-32ddcb1ff916,"#N/A","#N/A",false,Web,"#N/A","#N/A",Medium,"#N/A",New,Subject_odkgo,"#N/A","#N/A","#N/A","#N/A","#N/A"
755aa3bf-3ff9-44f7-9ca7-48ba2123684e,"#N/A","#N/A",false,Web,"#N/A","#N/A",Medium,"#N/A",New,Subject_qzjbe,"#N/A","#N/A","#N/A","#N/A","#N/A"
755ae752-0ed9-4f42-95cc-93dff6d0645f,"#N/A","#N/A",false,Web,"#N/A","#N/A",Medium,"#N/A",New,Subject_ubsgz,"#N/A","#N/A","#N/A","#N/A","#N/A"
755be1c1-9f8d-4aee-81e1-146fcc37004f,"#N/A","#N/A",false,Web,"#N/A","#N/A",Medium,"#N/A",New,Subject_dgmob,"#N/A","#N/A","#N/A","#N/A","#N/A"
755cf1af-319d-490a-b148-f1f95ad005be,"#N/A","#N/A",false,Web,"#N/A","#N/A",Medium,"#N/A",New,Subject_xvxhu,"#N/A","#N/A","#N/A","#N/A","#N/A"
755f7e76-b19a-47b7-ad6e-91e2be6ad1a9,"#N/A","#N/A",false,Web,"#N/A","#N/A",Medium,"#N/A",New,Subject_olran,"#N/A","#N/A","#N/A","#N/A","#N/A"
7560c4fa-57ba-45c0-b876-bc612c6b9045,"#N/A","#N/A",false,Web,"#N/A","#N/A",Medium,"#N/A",New,Subject_fbjfx,"#N/A","#N/A","#N/A","#N/A","#N/A"
75648eed-65b1-43a7-b845-922bf03d6b4e,"#N/A","#N/A",false,Web,"#N/A","#N/A",Medium,"#N/A",New,Subject_xnwsi,"#N/A","#N/A","#N/A","#N/A","#N/A"
7564beac-31d3-4479-b067-d007325d077c,"#N/A","#N/A",false,Web,"#N/A","#N/A",Medium,"#N/A",New,Subject_bzcsx,"#N/A","#N/A","#N/A","#N/A","#N/A"
756b8cb9-811e-49ed-8ded-dadf468dec69,"#N/A","#N/A",false,Web,"#N/A","#N/A",Medium,"#N/A",New,Subject_luvre,"#N/A","#N/A","#N/A","#N/A","#N/A"
75737146-e488-4603-80e0-74118e6c8cd4,"#N/A","#N/A",false,Web,"#N/A","#N/A",Medium,"#N/A",New,Subject_fheqw,"#N/A","#N/A","#N/A","#N/A","#N/A"
7574b852-09d5-461c-83e2-e0d89046b237,"#N/A","#N/A",false,Web,"#N/A","#N/A",Medium,"#N/A",New,Subject_cnocr,"#N/A","#N/A","#N/A","#N/A","#N/A"
75757313-6d3f-419c-be7b-507773043bc0,"#N/A","#N/A",false,Web,"#N/A","#N/A",Medium,"#N/A",New,Subject_wwrlh,"#N/A","#N/A","#N/A","#N/A","#N/A"
75764a98-d7c6-4a96-bc71-3e52ddf22016,"#N/A","#N/A",false,Web,"#N/A","#N/A",Medium,"#N/A",New,Subject_rzecw,"#N/A","#N/A","#N/A","#N/A","#N/A"
75790eb9-a60c-4eaf-9a75-a164bb44f401,"#N/A","#N/A",false,Web,"#N/A","#N/A",Medium,"#N/A",New,Subject_qvjoz,"#N/A","#N/A","#N/A","#N/A","#N/A"
7579200b-2558-4401-aa62-818d7ddd8679,"#N/A","#N/A",false,Web,"#N/A","#N/A",Medium,"#N/A",New,Subject_vscja,"#N/A","#N/A","#N/A","#N/A","#N/A"
7579a627-1af6-4d4b-82d7-2cc1d53e364d,"#N/A","#N/A",false,Web,"#N/A","#N/A",Medium,"#N/A",New,Subject_kijsi,"#N/A","#N/A","#N/A","#N/A","#N/A"
757ab94e-fef9-4ecb-9351-ce95e65a217c,"#N/A","#N/A",false,Web,"#N/A","#N/A",Medium,"#N/A",New,Subject_lqacx,"#N/A","#N/A","#N/A","#N/A","#N/A"
7580d188-4e68-4f85-8bdd-219380921e37,"#N/A","#N/A",false,Web,"#N/A","#N/A",Medium,"#N/A",New,Subject_jvzav,"#N/A","#N/A","#N/A","#N/A","#N/A"
75814078-96eb-40e3-a62a-2b5cce6b885d,"#N/A","#N/A",false,Web,"#N/A","#N/A",Medium,"#N/A",New,Subject_skyoe,"#N/A","#N/A","#N/A","#N/A","#N/A"
7582b2af-6583-46da-9def-9213d0128d8d,"#N/A","#N/A",false,Web,"#N/A","#N/A",Medium,"#N/A",New,Subject_sgsbv,"#N/A","#N/A","#N/A","#N/A","#N/A"
7588f612-0834-43f5-8b60-0ca58b660223,"#N/A","#N/A",false,Web,"#N/A","#N/A",Medium,"#N/A",New,Subject_jmxkk,"#N/A","#N/A","#N/A","#N/A","#N/A"
758bbfb2-4aa8-436e-baff-83dc02580ba2,"#N/A","#N/A",false,Web,"#N/A","#N/A",Medium,"#N/A",New,Subject_oqbtq,"#N/A","#N/A","#N/A","#N/A","#N/A"
75918f72-ffdc-4852-8474-3724f8f64dd4,"#N/A","#N/A",false,Web,"#N/A","#N/A",Medium,"#N/A",New,Subject_vqlyp,"#N/A","#N/A","#N/A","#N/A","#N/A"
759a2652-f363-4277-b495-b7618af0ccaa,"#N/A","#N/A",false,Web,"#N/A","#N/A",Medium,"#N/A",New,Subject_lxsmp,"#N/A","#N/A","#N/A","#N/A","#N/A"
759bec5c-a766-4433-b024-d77eb3516232,"#N/A","#N/A",false,Web,"#N/A","#N/A",Medium,"#N/A",New,Subject_hzwfu,"#N/A","#N/A","#N/A","#N/A","#N/A"
759cf6e4-9738-46d1-9eef-5c6919ba8d15,"#N/A","#N/A",false,Web,"#N/A","#N/A",Medium,"#N/A",New,Subject_fwffs,"#N/A","#N/A","#N/A","#N/A","#N/A"
75a123ed-b175-4b4c-a1b0-98de8a99d7bc,"#N/A","#N/A",false,Web,"#N/A","#N/A",Medium,"#N/A",New,Subject_ixkwe,"#N/A","#N/A","#N/A","#N/A","#N/A"
75a168c1-b5f9-4d32-afba-50bd4f613278,"#N/A","#N/A",false,Web,"#N/A","#N/A",Medium,"#N/A",New,Subject_jgsyu,"#N/A","#N/A","#N/A","#N/A","#N/A"
75a8fa1b-6c0f-41eb-be0f-fe711c580fb9,"#N/A","#N/A",false,Web,"#N/A","#N/A",Medium,"#N/A",New,Subject_mrqdn,"#N/A","#N/A","#N/A","#N/A","#N/A"
75aa358b-c6cc-4313-aa1d-980d047ad8ad,"#N/A","#N/A",false,Web,"#N/A","#N/A",Medium,"#N/A",New,Subject_egxve,"#N/A","#N/A","#N/A","#N/A","#N/A"
75afa12d-adca-4e74-9c77-f64e5e32b6bc,"#N/A","#N/A",false,Web,"#N/A","#N/A",Medium,"#N/A",New,Subject_bpiif,"#N/A","#N/A","#N/A","#N/A","#N/A"
75b5d5c7-9c92-44a6-a6a8-eac8196e58f5,"#N/A","#N/A",false,Web,"#N/A","#N/A",Medium,"#N/A",New,Subject_chexb,"#N/A","#N/A","#N/A","#N/A","#N/A"
75b5fd9c-dd88-48f2-b07b-89316293e84a,"#N/A","#N/A",false,Web,"#N/A","#N/A",Medium,"#N/A",New,Subject_txpbu,"#N/A","#N/A","#N/A","#N/A","#N/A"
75b895b3-31c3-4f54-94da-7a7c2b15dfc0,"#N/A","#N/A",false,Web,"#N/A","#N/A",Medium,"#N/A",New,Subject_wgaew,"#N/A","#N/A","#N/A","#N/A","#N/A"
75bbb1d9-e681-4d37-9189-eb967205ac39,"#N/A","#N/A",false,Web,"#N/A","#N/A",Medium,"#N/A",New,Subject_invcl,"#N/A","#N/A","#N/A","#N/A","#N/A"
75bc681d-139e-4de8-95ff-e208f581e9b8,"#N/A","#N/A",false,Web,"#N/A","#N/A",Medium,"#N/A",New,Subject_jowjr,"#N/A","#N/A","#N/A","#N/A","#N/A"
75be929e-3ae2-4213-87fd-8e8c6ffd7e22,"#N/A","#N/A",false,Web,"#N/A","#N/A",Medium,"#N/A",New,Subject_ngqth,"#N/A","#N/A","#N/A","#N/A","#N/A"
75c33888-9f8c-4f7b-827b-32a28c3b2b29,"#N/A","#N/A",false,Web,"#N/A","#N/A",Medium,"#N/A",New,Subject_njkde,"#N/A","#N/A","#N/A","#N/A","#N/A"
75c534c1-3496-4a24-bf5a-3f5163f651a2,"#N/A","#N/A",false,Web,"#N/A","#N/A",Medium,"#N/A",New,Subject_ikawi,"#N/A","#N/A","#N/A","#N/A","#N/A"
75c61fd7-db0d-4ac3-9380-83a9a017cb99,"#N/A","#N/A",false,Web,"#N/A","#N/A",Medium,"#N/A",New,Subject_cmmok,"#N/A","#N/A","#N/A","#N/A","#N/A"
75c904d1-f254-4374-890b-373f91484236,"#N/A","#N/A",false,Web,"#N/A","#N/A",Medium,"#N/A",New,Subject_nzyae,"#N/A","#N/A","#N/A","#N/A","#N/A"
75c9ab7b-bc21-4be9-9475-89b9d10361ed,"#N/A","#N/A",false,Web,"#N/A","#N/A",Medium,"#N/A",New,Subject_fwnmz,"#N/A","#N/A","#N/A","#N/A","#N/A"
75cab4e0-92f6-40fe-958b-2b837757c4e4,"#N/A","#N/A",false,Web,"#N/A","#N/A",Medium,"#N/A",New,Subject_xbhfs,"#N/A","#N/A","#N/A","#N/A","#N/A"
75cc8c64-9c7c-4c9c-846b-8ffe923ba7ab,"#N/A","#N/A",false,Web,"#N/A","#N/A",Medium,"#N/A",New,Subject_igsoq,"#N/A","#N/A","#N/A","#N/A","#N/A"
75ce48e6-7e72-4554-ab32-86b76f3c49ad,"#N/A","#N/A",false,Web,"#N/A","#N/A",Medium,"#N/A",New,Subject_hwmpy,"#N/A","#N/A","#N/A","#N/A","#N/A"
75d79d31-d532-4933-9d7e-237b21552734,"#N/A","#N/A",false,Web,"#N/A","#N/A",Medium,"#N/A",New,Subject_glatp,"#N/A","#N/A","#N/A","#N/A","#N/A"
75d85ea5-ec7f-4e28-b236-f64ccf288888,"#N/A","#N/A",false,Web,"#N/A","#N/A",Medium,"#N/A",New,Subject_newki,"#N/A","#N/A","#N/A","#N/A","#N/A"
75d99638-a2c1-4b8a-ad02-391ffbf73655,"#N/A","#N/A",false,Web,"#N/A","#N/A",Medium,"#N/A",New,Subject_jrcem,"#N/A","#N/A","#N/A","#N/A","#N/A"
75ddb673-f969-4fcd-ac3c-ed7d5e8ed13f,"#N/A","#N/A",false,Web,"#N/A","#N/A",Medium,"#N/A",New,Subject_uyqqp,"#N/A","#N/A","#N/A","#N/A","#N/A"
75de2d14-405f-4ec7-9aa8-85fa77f63d42,"#N/A","#N/A",false,Web,"#N/A","#N/A",Medium,"#N/A",New,Subject_gmavt,"#N/A","#N/A","#N/A","#N/A","#N/A"
75de830b-65c8-4c63-8940-b8aba32edb61,"#N/A","#N/A",false,Web,"#N/A","#N/A",Medium,"#N/A",New,Subject_zpbrm,"#N/A","#N/A","#N/A","#N/A","#N/A"
75dfea1d-4ab6-4c25-89b2-172a23bb7007,"#N/A","#N/A",false,Web,"#N/A","#N/A",Medium,"#N/A",New,Subject_matsv,"#N/A","#N/A","#N/A","#N/A","#N/A"
75e6eca4-6efe-484d-bf9f-25c7c22f9593,"#N/A","#N/A",false,Web,"#N/A","#N/A",Medium,"#N/A",New,Subject_iagna,"#N/A","#N/A","#N/A","#N/A","#N/A"
75e81ae6-0d4c-4cf4-a45e-ee05c06bfccf,"#N/A","#N/A",false,Web,"#N/A","#N/A",Medium,"#N/A",New,Subject_lsagj,"#N/A","#N/A","#N/A","#N/A","#N/A"
75ec5f4b-c4f0-4f70-8796-1bea65e4d62f,"#N/A","#N/A",false,Web,"#N/A","#N/A",Medium,"#N/A",New,Subject_zsuja,"#N/A","#N/A","#N/A","#N/A","#N/A"
75f2709a-c743-456f-a674-89ce0b7a2a8b,"#N/A","#N/A",false,Web,"#N/A","#N/A",Medium,"#N/A",New,Subject_svwrv,"#N/A","#N/A","#N/A","#N/A","#N/A"
75f46017-6e41-4f90-816b-91ddea05334a,"#N/A","#N/A",false,Web,"#N/A","#N/A",Medium,"#N/A",New,Subject_vvobk,"#N/A","#N/A","#N/A","#N/A","#N/A"
75f69912-f614-4d89-8557-edc7b30b8fdc,"#N/A","#N/A",false,Web,"#N/A","#N/A",Medium,"#N/A",New,Subject_gikdz,"#N/A","#N/A","#N/A","#N/A","#N/A"
75f8bbad-e050-4d4a-b639-d9ca36fb7742,"#N/A","#N/A",false,Web,"#N/A","#N/A",Medium,"#N/A",New,Subject_gdizm,"#N/A","#N/A","#N/A","#N/A","#N/A"
75f94b37-6f34-4f0a-807a-fc05136328df,"#N/A","#N/A",false,Web,"#N/A","#N/A",Medium,"#N/A",New,Subject_jyhtc,"#N/A","#N/A","#N/A","#N/A","#N/A"
75faad89-b05e-4d05-8b7b-6fad116dc1a7,"#N/A","#N/A",false,Web,"#N/A","#N/A",Medium,"#N/A",New,Subject_fteqd,"#N/A","#N/A","#N/A","#N/A","#N/A"
75fd173f-c6e9-4642-b043-0f2be3a25d4f,"#N/A","#N/A",false,Web,"#N/A","#N/A",Medium,"#N/A",New,Subject_wwkpi,"#N/A","#N/A","#N/A","#N/A","#N/A"
75fef278-5689-4529-ae00-48277d85ce0c,"#N/A","#N/A",false,Web,"#N/A","#N/A",Medium,"#N/A",New,Subject_pgubn,"#N/A","#N/A","#N/A","#N/A","#N/A"
75ff550c-dab7-431d-8163-5757f29e9011,"#N/A","#N/A",false,Web,"#N/A","#N/A",Medium,"#N/A",New,Subject_amjia,"#N/A","#N/A","#N/A","#N/A","#N/A"
76010f89-4816-4aef-b7dd-3f6d82cc1387,"#N/A","#N/A",false,Web,"#N/A","#N/A",Medium,"#N/A",New,Subject_lvzdn,"#N/A","#N/A","#N/A","#N/A","#N/A"
76011b9d-51fb-4680-a46f-705536b07c21,"#N/A","#N/A",false,Web,"#N/A","#N/A",Medium,"#N/A",New,Subject_wreuw,"#N/A","#N/A","#N/A","#N/A","#N/A"
76058828-5c25-455d-9a50-8243e3122a1e,"#N/A","#N/A",false,Web,"#N/A","#N/A",Medium,"#N/A",New,Subject_eoujt,"#N/A","#N/A","#N/A","#N/A","#N/A"
7605cc9c-a9b0-4b76-9ec2-581342e8fc00,"#N/A","#N/A",false,Web,"#N/A","#N/A",Medium,"#N/A",New,Subject_ozhep,"#N/A","#N/A","#N/A","#N/A","#N/A"
760c3463-e063-49e0-957d-c6ce3d360ad8,"#N/A","#N/A",false,Web,"#N/A","#N/A",Medium,"#N/A",New,Subject_pnrhn,"#N/A","#N/A","#N/A","#N/A","#N/A"
760daf7f-3a3a-4126-b525-299f3a12caa4,"#N/A","#N/A",false,Web,"#N/A","#N/A",Medium,"#N/A",New,Subject_abrue,"#N/A","#N/A","#N/A","#N/A","#N/A"
760eb699-861a-46d5-b2a0-dc871c83f5f8,"#N/A","#N/A",false,Web,"#N/A","#N/A",Medium,"#N/A",New,Subject_aatke,"#N/A","#N/A","#N/A","#N/A","#N/A"
761047b5-398a-442d-8d85-2108fc3932ea,"#N/A","#N/A",false,Web,"#N/A","#N/A",Medium,"#N/A",New,Subject_coyqh,"#N/A","#N/A","#N/A","#N/A","#N/A"
76152163-857f-4ce0-9cb6-f7144ee5d4a3,"#N/A","#N/A",false,Web,"#N/A","#N/A",Medium,"#N/A",New,Subject_uuesw,"#N/A","#N/A","#N/A","#N/A","#N/A"
761969d5-2743-4ffc-b8cc-2ed73588e353,"#N/A","#N/A",false,Web,"#N/A","#N/A",Medium,"#N/A",New,Subject_jyxno,"#N/A","#N/A","#N/A","#N/A","#N/A"
761a44a8-bd57-4c08-ba74-ab5604e97888,"#N/A","#N/A",false,Web,"#N/A","#N/A",Medium,"#N/A",New,Subject_hvhxu,"#N/A","#N/A","#N/A","#N/A","#N/A"
761cb158-8180-48c7-9398-0c26a5a87f89,"#N/A","#N/A",false,Web,"#N/A","#N/A",Medium,"#N/A",New,Subject_yjibb,"#N/A","#N/A","#N/A","#N/A","#N/A"
761cff57-e246-4f5d-955e-578112cc6feb,"#N/A","#N/A",false,Web,"#N/A","#N/A",Medium,"#N/A",New,Subject_gtuzo,"#N/A","#N/A","#N/A","#N/A","#N/A"
7624f6aa-427e-407c-bcd4-5d9654ea838a,"#N/A","#N/A",false,Web,"#N/A","#N/A",Medium,"#N/A",New,Subject_bpjki,"#N/A","#N/A","#N/A","#N/A","#N/A"
7625c589-6142-4f7c-a516-baaa0dfa02c6,"#N/A","#N/A",false,Web,"#N/A","#N/A",Medium,"#N/A",New,Subject_uncyk,"#N/A","#N/A","#N/A","#N/A","#N/A"
7627e500-c903-421e-98d1-79389c6d48c5,"#N/A","#N/A",false,Web,"#N/A","#N/A",Medium,"#N/A",New,Subject_cmmok,"#N/A","#N/A","#N/A","#N/A","#N/A"
762b00ff-244f-4b89-ae9a-00e334652dd4,"#N/A","#N/A",false,Web,"#N/A","#N/A",Medium,"#N/A",New,Subject_poocj,"#N/A","#N/A","#N/A","#N/A","#N/A"
762cd362-1f09-43d2-b400-e3fb143ce906,"#N/A","#N/A",false,Web,"#N/A","#N/A",Medium,"#N/A",New,Subject_ifiqn,"#N/A","#N/A","#N/A","#N/A","#N/A"
762d7690-a78d-44fc-82fa-4874ef736a3c,"#N/A","#N/A",false,Web,"#N/A","#N/A",Medium,"#N/A",New,Subject_wdnbx,"#N/A","#N/A","#N/A","#N/A","#N/A"
762dcc18-1a2c-43a5-973b-193e80a6fd41,"#N/A","#N/A",false,Web,"#N/A","#N/A",Medium,"#N/A",New,Subject_gdzuw,"#N/A","#N/A","#N/A","#N/A","#N/A"
762ded5c-f58a-44ed-be41-8359e9615f2f,"#N/A","#N/A",false,Web,"#N/A","#N/A",Medium,"#N/A",New,Subject_amxky,"#N/A","#N/A","#N/A","#N/A","#N/A"
7631744a-2bb7-4282-8bdb-1712b72cac6f,"#N/A","#N/A",false,Web,"#N/A","#N/A",Medium,"#N/A",New,Subject_yjtkd,"#N/A","#N/A","#N/A","#N/A","#N/A"
7632e814-d9b6-47e6-8b18-0e2ed26d4896,"#N/A","#N/A",false,Web,"#N/A","#N/A",Medium,"#N/A",New,Subject_jqoqx,"#N/A","#N/A","#N/A","#N/A","#N/A"
76335cdd-7e01-4fce-85d1-8156a6bce3d3,"#N/A","#N/A",false,Web,"#N/A","#N/A",Medium,"#N/A",New,Subject_ivlck,"#N/A","#N/A","#N/A","#N/A","#N/A"
7636d0bd-e457-4c00-8718-318dbbc9cd0e,"#N/A","#N/A",false,Web,"#N/A","#N/A",Medium,"#N/A",New,Subject_zqtet,"#N/A","#N/A","#N/A","#N/A","#N/A"
763a3efe-dd1a-4768-a879-36de98a9d18e,"#N/A","#N/A",false,Web,"#N/A","#N/A",Medium,"#N/A",New,Subject_lrvdp,"#N/A","#N/A","#N/A","#N/A","#N/A"
763e7780-3e84-4292-995f-e6ab70c46ae4,"#N/A","#N/A",false,Web,"#N/A","#N/A",Medium,"#N/A",New,Subject_tecey,"#N/A","#N/A","#N/A","#N/A","#N/A"
763e7ff0-e0ef-4234-8c92-342ac6782e59,"#N/A","#N/A",false,Web,"#N/A","#N/A",Medium,"#N/A",New,Subject_xkajh,"#N/A","#N/A","#N/A","#N/A","#N/A"
763fcea5-de88-42e9-be54-ef95f4e8538c,"#N/A","#N/A",false,Web,"#N/A","#N/A",Medium,"#N/A",New,Subject_ysexl,"#N/A","#N/A","#N/A","#N/A","#N/A"
76407dba-4f51-4451-8880-c51fb634c318,"#N/A","#N/A",false,Web,"#N/A","#N/A",Medium,"#N/A",New,Subject_wzhoh,"#N/A","#N/A","#N/A","#N/A","#N/A"
7640a597-97d2-4638-ac80-bcc022728228,"#N/A","#N/A",false,Web,"#N/A","#N/A",Medium,"#N/A",New,Subject_osvye,"#N/A","#N/A","#N/A","#N/A","#N/A"
76499a04-ed99-4750-a463-6f5c869146d0,"#N/A","#N/A",false,Web,"#N/A","#N/A",Medium,"#N/A",New,Subject_inomn,"#N/A","#N/A","#N/A","#N/A","#N/A"
764b78f7-c4fe-4910-9ac5-16f58cb0e851,"#N/A","#N/A",false,Web,"#N/A","#N/A",Medium,"#N/A",New,Subject_fjrvp,"#N/A","#N/A","#N/A","#N/A","#N/A"
7650aa25-1883-49f4-a41f-80279659ba43,"#N/A","#N/A",false,Web,"#N/A","#N/A",Medium,"#N/A",New,Subject_bajwx,"#N/A","#N/A","#N/A","#N/A","#N/A"
7652730c-cf97-48e8-8bf5-c7d44ace5138,"#N/A","#N/A",false,Web,"#N/A","#N/A",Medium,"#N/A",New,Subject_xbuay,"#N/A","#N/A","#N/A","#N/A","#N/A"
7655ebba-e972-4582-a1e3-0577b1434e81,"#N/A","#N/A",false,Web,"#N/A","#N/A",Medium,"#N/A",New,Subject_jqwoz,"#N/A","#N/A","#N/A","#N/A","#N/A"
7658e55b-b062-49a0-822a-373b14e12083,"#N/A","#N/A",false,Web,"#N/A","#N/A",Medium,"#N/A",New,Subject_erpze,"#N/A","#N/A","#N/A","#N/A","#N/A"
7659ad21-75b0-46c2-81d4-96d7346ede04,"#N/A","#N/A",false,Web,"#N/A","#N/A",Medium,"#N/A",New,Subject_ccxpe,"#N/A","#N/A","#N/A","#N/A","#N/A"
765b585b-fcb6-4aa5-a4c3-55e8d702d3be,"#N/A","#N/A",false,Web,"#N/A","#N/A",Medium,"#N/A",New,Subject_gvqgx,"#N/A","#N/A","#N/A","#N/A","#N/A"
765c4621-15a6-4c26-8755-544fdc3b6297,"#N/A","#N/A",false,Web,"#N/A","#N/A",Medium,"#N/A",New,Subject_lyqux,"#N/A","#N/A","#N/A","#N/A","#N/A"
76654951-4274-46c9-9374-54338636cc36,"#N/A","#N/A",false,Web,"#N/A","#N/A",Medium,"#N/A",New,Subject_enlji,"#N/A","#N/A","#N/A","#N/A","#N/A"
7671efde-6e52-4049-80b8-dbc0cda5fff0,"#N/A","#N/A",false,Web,"#N/A","#N/A",Medium,"#N/A",New,Subject_vqvzh,"#N/A","#N/A","#N/A","#N/A","#N/A"
76726460-2b05-48af-8409-ae92c8447449,"#N/A","#N/A",false,Web,"#N/A","#N/A",Medium,"#N/A",New,Subject_wobui,"#N/A","#N/A","#N/A","#N/A","#N/A"
7675b6cc-e477-41ca-b69a-099e310711fb,"#N/A","#N/A",false,Web,"#N/A","#N/A",Medium,"#N/A",New,Subject_wdnuy,"#N/A","#N/A","#N/A","#N/A","#N/A"
7678c00e-2a46-4175-816d-746bce3004c8,"#N/A","#N/A",false,Web,"#N/A","#N/A",Medium,"#N/A",New,Subject_flohw,"#N/A","#N/A","#N/A","#N/A","#N/A"
767b63a3-7d43-4909-977f-d00d50096442,"#N/A","#N/A",false,Web,"#N/A","#N/A",Medium,"#N/A",New,Subject_ddnrq,"#N/A","#N/A","#N/A","#N/A","#N/A"
767da779-adca-4f21-849d-d03a61c9face,"#N/A","#N/A",false,Web,"#N/A","#N/A",Medium,"#N/A",New,Subject_zymnu,"#N/A","#N/A","#N/A","#N/A","#N/A"
76800cd3-e7b0-4af6-96a1-4719147d4202,"#N/A","#N/A",false,Web,"#N/A","#N/A",Medium,"#N/A",New,Subject_nexex,"#N/A","#N/A","#N/A","#N/A","#N/A"
768c1eb9-7027-464e-b98a-ebfec4b8fade,"#N/A","#N/A",false,Web,"#N/A","#N/A",Medium,"#N/A",New,Subject_rvifu,"#N/A","#N/A","#N/A","#N/A","#N/A"
768cb07e-fd82-4640-b7b1-e80e0cf44ae1,"#N/A","#N/A",false,Web,"#N/A","#N/A",Medium,"#N/A",New,Subject_yjwzt,"#N/A","#N/A","#N/A","#N/A","#N/A"
768f5aea-4f0f-4ad0-aaf0-0fc43b42bc2e,"#N/A","#N/A",false,Web,"#N/A","#N/A",Medium,"#N/A",New,Subject_luxzh,"#N/A","#N/A","#N/A","#N/A","#N/A"
769571b2-db80-4d75-b6df-4a56fadf6a17,"#N/A","#N/A",false,Web,"#N/A","#N/A",Medium,"#N/A",New,Subject_ovhcs,"#N/A","#N/A","#N/A","#N/A","#N/A"
7695c749-c2d4-47c1-8b70-af32d045661c,"#N/A","#N/A",false,Web,"#N/A","#N/A",Medium,"#N/A",New,Subject_dudrx,"#N/A","#N/A","#N/A","#N/A","#N/A"
7698ae33-69ea-4d9e-9a96-678193e0ea29,"#N/A","#N/A",false,Web,"#N/A","#N/A",Medium,"#N/A",New,Subject_pjdha,"#N/A","#N/A","#N/A","#N/A","#N/A"
769aea94-d4d1-4cdc-9864-d8868b689c83,"#N/A","#N/A",false,Web,"#N/A","#N/A",Medium,"#N/A",New,Subject_uwcme,"#N/A","#N/A","#N/A","#N/A","#N/A"
769bd138-79a2-46fa-a466-af3f63800ea5,"#N/A","#N/A",false,Web,"#N/A","#N/A",Medium,"#N/A",New,Subject_qxgyb,"#N/A","#N/A","#N/A","#N/A","#N/A"
769d3719-f56c-4ffd-a030-81d29183f1bb,"#N/A","#N/A",false,Web,"#N/A","#N/A",Medium,"#N/A",New,Subject_uerfe,"#N/A","#N/A","#N/A","#N/A","#N/A"
769efc4b-8304-4171-984e-618925150b71,"#N/A","#N/A",false,Web,"#N/A","#N/A",Medium,"#N/A",New,Subject_qymqk,"#N/A","#N/A","#N/A","#N/A","#N/A"
769fa9b8-07f6-4c1e-8a1c-8b0c0c4c4631,"#N/A","#N/A",false,Web,"#N/A","#N/A",Medium,"#N/A",New,Subject_brmqp,"#N/A","#N/A","#N/A","#N/A","#N/A"
76a09ffb-67d3-4539-9130-e4c9396792e3,"#N/A","#N/A",false,Web,"#N/A","#N/A",Medium,"#N/A",New,Subject_tnnek,"#N/A","#N/A","#N/A","#N/A","#N/A"
76a95b28-c79d-478e-b30d-3155eeabf9f3,"#N/A","#N/A",false,Web,"#N/A","#N/A",Medium,"#N/A",New,Subject_kvhlf,"#N/A","#N/A","#N/A","#N/A","#N/A"
76aad762-f801-4b84-a735-31590d585db7,"#N/A","#N/A",false,Web,"#N/A","#N/A",Medium,"#N/A",New,Subject_nmgfw,"#N/A","#N/A","#N/A","#N/A","#N/A"
76af3b1e-df21-411c-ac11-4c1146a935a6,"#N/A","#N/A",false,Web,"#N/A","#N/A",Medium,"#N/A",New,Subject_hiyzi,"#N/A","#N/A","#N/A","#N/A","#N/A"
76b0677d-887e-4048-b3fa-71d4f036b581,"#N/A","#N/A",false,Web,"#N/A","#N/A",Medium,"#N/A",New,Subject_wmdpf,"#N/A","#N/A","#N/A","#N/A","#N/A"
76b1a81b-176d-450f-a3d7-b6a8d851b686,"#N/A","#N/A",false,Web,"#N/A","#N/A",Medium,"#N/A",New,Subject_xonyp,"#N/A","#N/A","#N/A","#N/A","#N/A"
76b3fa45-d03e-4570-8c5a-5825c2ed25c9,"#N/A","#N/A",false,Web,"#N/A","#N/A",Medium,"#N/A",New,Subject_moaya,"#N/A","#N/A","#N/A","#N/A","#N/A"
76b4ba88-08ad-4361-a907-e33628c2d69f,"#N/A","#N/A",false,Web,"#N/A","#N/A",Medium,"#N/A",New,Subject_crizd,"#N/A","#N/A","#N/A","#N/A","#N/A"
76b91408-031f-4806-8307-54ab9d81d239,"#N/A","#N/A",false,Web,"#N/A","#N/A",Medium,"#N/A",New,Subject_lanhy,"#N/A","#N/A","#N/A","#N/A","#N/A"
76c0ccc2-010b-4d8b-a7d0-d15d1e1c1077,"#N/A","#N/A",false,Web,"#N/A","#N/A",Medium,"#N/A",New,Subject_xqwvq,"#N/A","#N/A","#N/A","#N/A","#N/A"
76c0e53c-4988-4fa8-a808-9ce0f7447030,"#N/A","#N/A",false,Web,"#N/A","#N/A",Medium,"#N/A",New,Subject_wtuik,"#N/A","#N/A","#N/A","#N/A","#N/A"
76c42106-10e3-4905-a29c-34a474796e8d,"#N/A","#N/A",false,Web,"#N/A","#N/A",Medium,"#N/A",New,Subject_sevsm,"#N/A","#N/A","#N/A","#N/A","#N/A"
76c69b58-3a7c-4e97-a907-10f63b8a0181,"#N/A","#N/A",false,Web,"#N/A","#N/A",Medium,"#N/A",New,Subject_xzkxv,"#N/A","#N/A","#N/A","#N/A","#N/A"
76caa84a-6f71-4b3e-8c24-01096f79e4cd,"#N/A","#N/A",false,Web,"#N/A","#N/A",Medium,"#N/A",New,Subject_mmjzv,"#N/A","#N/A","#N/A","#N/A","#N/A"
76cbe88b-baba-4d74-a040-6f741a046594,"#N/A","#N/A",false,Web,"#N/A","#N/A",Medium,"#N/A",New,Subject_ncijj,"#N/A","#N/A","#N/A","#N/A","#N/A"
76cdb68c-9473-4b21-b36a-31d6d24bb514,"#N/A","#N/A",false,Web,"#N/A","#N/A",Medium,"#N/A",New,Subject_adnkl,"#N/A","#N/A","#N/A","#N/A","#N/A"
76d112ed-dd61-415e-825e-a838b8594a9c,"#N/A","#N/A",false,Web,"#N/A","#N/A",Medium,"#N/A",New,Subject_xarel,"#N/A","#N/A","#N/A","#N/A","#N/A"
76d4803c-a182-45d7-90be-cf55d92b2a8f,"#N/A","#N/A",false,Web,"#N/A","#N/A",Medium,"#N/A",New,Subject_gyton,"#N/A","#N/A","#N/A","#N/A","#N/A"
76e9b0ca-c41f-4c95-bf1e-3292b19cd8f7,"#N/A","#N/A",false,Web,"#N/A","#N/A",Medium,"#N/A",New,Subject_wkesx,"#N/A","#N/A","#N/A","#N/A","#N/A"
76ea1b86-4a59-4d69-b75c-cba38de87904,"#N/A","#N/A",false,Web,"#N/A","#N/A",Medium,"#N/A",New,Subject_ohukj,"#N/A","#N/A","#N/A","#N/A","#N/A"
76eac54c-37cb-4221-9a3b-8d26d90ad320,"#N/A","#N/A",false,Web,"#N/A","#N/A",Medium,"#N/A",New,Subject_ufxin,"#N/A","#N/A","#N/A","#N/A","#N/A"
76eb2076-0e30-42d5-b5b5-0df3664a76f3,"#N/A","#N/A",false,Web,"#N/A","#N/A",Medium,"#N/A",New,Subject_xshct,"#N/A","#N/A","#N/A","#N/A","#N/A"
76f10daf-c2a8-44ad-b5cf-00cd0f8809f1,"#N/A","#N/A",false,Web,"#N/A","#N/A",Medium,"#N/A",New,Subject_ekssr,"#N/A","#N/A","#N/A","#N/A","#N/A"
76f2d250-d1e2-4305-8803-192d8167cdc5,"#N/A","#N/A",false,Web,"#N/A","#N/A",Medium,"#N/A",New,Subject_lbbaj,"#N/A","#N/A","#N/A","#N/A","#N/A"
76f47c0e-9224-432f-96a8-acc41895120f,"#N/A","#N/A",false,Web,"#N/A","#N/A",Medium,"#N/A",New,Subject_kuwrc,"#N/A","#N/A","#N/A","#N/A","#N/A"
76f6c3ab-e1aa-406f-97a2-75a8e58d3d15,"#N/A","#N/A",false,Web,"#N/A","#N/A",Medium,"#N/A",New,Subject_dgzdw,"#N/A","#N/A","#N/A","#N/A","#N/A"
76fb186d-9559-410d-841e-7d88c3a2d9e6,"#N/A","#N/A",false,Web,"#N/A","#N/A",Medium,"#N/A",New,Subject_fncgh,"#N/A","#N/A","#N/A","#N/A","#N/A"
76ffefe8-e048-4f50-aabe-e217ff7a1a1c,"#N/A","#N/A",false,Web,"#N/A","#N/A",Medium,"#N/A",New,Subject_iwoxv,"#N/A","#N/A","#N/A","#N/A","#N/A"
77063d14-c351-4f72-8c7b-c5a51dbe6c8c,"#N/A","#N/A",false,Web,"#N/A","#N/A",Medium,"#N/A",New,Subject_bxshf,"#N/A","#N/A","#N/A","#N/A","#N/A"
7707c266-30dc-408e-bf80-6d825cbe7f85,"#N/A","#N/A",false,Web,"#N/A","#N/A",Medium,"#N/A",New,Subject_uvlpt,"#N/A","#N/A","#N/A","#N/A","#N/A"
7708d91b-ee91-4e63-bad2-ab2c664ac35b,"#N/A","#N/A",false,Web,"#N/A","#N/A",Medium,"#N/A",New,Subject_tgpai,"#N/A","#N/A","#N/A","#N/A","#N/A"
77095049-d284-43c0-bfe9-8e9baedff306,"#N/A","#N/A",false,Web,"#N/A","#N/A",Medium,"#N/A",New,Subject_uxwsj,"#N/A","#N/A","#N/A","#N/A","#N/A"
7709783e-a4bc-4709-ab58-016cdd7cc7d9,"#N/A","#N/A",false,Web,"#N/A","#N/A",Medium,"#N/A",New,Subject_dzerm,"#N/A","#N/A","#N/A","#N/A","#N/A"
770c7e41-3af3-4163-a547-2394660f3f1b,"#N/A","#N/A",false,Web,"#N/A","#N/A",Medium,"#N/A",New,Subject_uyuxt,"#N/A","#N/A","#N/A","#N/A","#N/A"
770da183-9f81-4918-86a4-1758cd7d10dc,"#N/A","#N/A",false,Web,"#N/A","#N/A",Medium,"#N/A",New,Subject_flcfn,"#N/A","#N/A","#N/A","#N/A","#N/A"
770e9814-f12e-47de-9440-a75eb3660d20,"#N/A","#N/A",false,Web,"#N/A","#N/A",Medium,"#N/A",New,Subject_xaqwm,"#N/A","#N/A","#N/A","#N/A","#N/A"
7710d2d4-9d78-495a-9b35-1ddd2ef5b447,"#N/A","#N/A",false,Web,"#N/A","#N/A",Medium,"#N/A",New,Subject_uobjb,"#N/A","#N/A","#N/A","#N/A","#N/A"
77114832-419d-4e06-bf21-d9c33d19d5ad,"#N/A","#N/A",false,Web,"#N/A","#N/A",Medium,"#N/A",New,Subject_riilh,"#N/A","#N/A","#N/A","#N/A","#N/A"
7712c903-69a2-4837-ae73-067369907b50,"#N/A","#N/A",false,Web,"#N/A","#N/A",Medium,"#N/A",New,Subject_ottfd,"#N/A","#N/A","#N/A","#N/A","#N/A"
771ab698-706c-471c-86f8-59a6cc036b8e,"#N/A","#N/A",false,Web,"#N/A","#N/A",Medium,"#N/A",New,Subject_rhxny,"#N/A","#N/A","#N/A","#N/A","#N/A"
771b4d66-d9ac-4923-9ef6-5a162bcb9c3c,"#N/A","#N/A",false,Web,"#N/A","#N/A",Medium,"#N/A",New,Subject_nxldi,"#N/A","#N/A","#N/A","#N/A","#N/A"
77240592-80aa-465b-8aea-ddfae5bb0c60,"#N/A","#N/A",false,Web,"#N/A","#N/A",Medium,"#N/A",New,Subject_nlfai,"#N/A","#N/A","#N/A","#N/A","#N/A"
772702c9-e221-45f0-9fcf-da139ac8cc1b,"#N/A","#N/A",false,Web,"#N/A","#N/A",Medium,"#N/A",New,Subject_zbhpp,"#N/A","#N/A","#N/A","#N/A","#N/A"
77283a06-92a8-4448-aebe-4619f0545459,"#N/A","#N/A",false,Web,"#N/A","#N/A",Medium,"#N/A",New,Subject_oriqg,"#N/A","#N/A","#N/A","#N/A","#N/A"
772c735e-419e-4d21-bf59-43334146b3ca,"#N/A","#N/A",false,Web,"#N/A","#N/A",Medium,"#N/A",New,Subject_ysniv,"#N/A","#N/A","#N/A","#N/A","#N/A"
772cfe58-454e-493a-b1f7-557a512b74c8,"#N/A","#N/A",false,Web,"#N/A","#N/A",Medium,"#N/A",New,Subject_bihgn,"#N/A","#N/A","#N/A","#N/A","#N/A"
772dedd1-e84d-4452-8a9c-8009abc14043,"#N/A","#N/A",false,Web,"#N/A","#N/A",Medium,"#N/A",New,Subject_ircmr,"#N/A","#N/A","#N/A","#N/A","#N/A"
7735b7f8-4b11-49d5-863a-8ad541646a59,"#N/A","#N/A",false,Web,"#N/A","#N/A",Medium,"#N/A",New,Subject_dtrvg,"#N/A","#N/A","#N/A","#N/A","#N/A"
773ade5a-7df0-436d-8305-6436ec8c26ed,"#N/A","#N/A",false,Web,"#N/A","#N/A",Medium,"#N/A",New,Subject_bided,"#N/A","#N/A","#N/A","#N/A","#N/A"
773fcf29-0437-415a-aad2-8fa3ccee8cf6,"#N/A","#N/A",false,Web,"#N/A","#N/A",Medium,"#N/A",New,Subject_sfdhp,"#N/A","#N/A","#N/A","#N/A","#N/A"
774166f0-e0d5-42d0-a851-e61b90b060c9,"#N/A","#N/A",false,Web,"#N/A","#N/A",Medium,"#N/A",New,Subject_mjeuh,"#N/A","#N/A","#N/A","#N/A","#N/A"
7741ccf3-7f1e-418a-b2ac-9450f6c06256,"#N/A","#N/A",false,Web,"#N/A","#N/A",Medium,"#N/A",New,Subject_qqrlr,"#N/A","#N/A","#N/A","#N/A","#N/A"
77423762-4a34-424e-a1b4-374a752953b7,"#N/A","#N/A",false,Web,"#N/A","#N/A",Medium,"#N/A",New,Subject_zpdle,"#N/A","#N/A","#N/A","#N/A","#N/A"
7743ddfa-476b-4453-bc2c-e24512393b1f,"#N/A","#N/A",false,Web,"#N/A","#N/A",Medium,"#N/A",New,Subject_hutgr,"#N/A","#N/A","#N/A","#N/A","#N/A"
7744f576-de49-4a0a-a516-11dafca8a08a,"#N/A","#N/A",false,Web,"#N/A","#N/A",Medium,"#N/A",New,Subject_nvtwl,"#N/A","#N/A","#N/A","#N/A","#N/A"
77453535-17a3-4305-a4ed-f32b4a2236aa,"#N/A","#N/A",false,Web,"#N/A","#N/A",Medium,"#N/A",New,Subject_mncmk,"#N/A","#N/A","#N/A","#N/A","#N/A"
7746cb7e-a6c5-43f8-8852-1c45bd6efa83,"#N/A","#N/A",false,Web,"#N/A","#N/A",Medium,"#N/A",New,Subject_esjlv,"#N/A","#N/A","#N/A","#N/A","#N/A"
774d9e57-f10b-4e29-830c-9cdc34763002,"#N/A","#N/A",false,Web,"#N/A","#N/A",Medium,"#N/A",New,Subject_ekskx,"#N/A","#N/A","#N/A","#N/A","#N/A"
774dc01f-f8da-4ee3-86d3-d8e26e0ac987,"#N/A","#N/A",false,Web,"#N/A","#N/A",Medium,"#N/A",New,Subject_rrusl,"#N/A","#N/A","#N/A","#N/A","#N/A"
77505b53-c663-431b-8a63-41049649a233,"#N/A","#N/A",false,Web,"#N/A","#N/A",Medium,"#N/A",New,Subject_rxfwm,"#N/A","#N/A","#N/A","#N/A","#N/A"
77523483-111f-4ac7-8ddd-3c7d1fb3ea36,"#N/A","#N/A",false,Web,"#N/A","#N/A",Medium,"#N/A",New,Subject_foqkw,"#N/A","#N/A","#N/A","#N/A","#N/A"
775931ad-a1ce-40c0-85b5-28df8d1c8dc9,"#N/A","#N/A",false,Web,"#N/A","#N/A",Medium,"#N/A",New,Subject_uvuhc,"#N/A","#N/A","#N/A","#N/A","#N/A"
7759dea0-cc4b-4f11-ac80-b8bee358dad2,"#N/A","#N/A",false,Web,"#N/A","#N/A",Medium,"#N/A",New,Subject_umvib,"#N/A","#N/A","#N/A","#N/A","#N/A"
7761c0bb-ce32-4055-af3a-b101c7564a53,"#N/A","#N/A",false,Web,"#N/A","#N/A",Medium,"#N/A",New,Subject_jeaza,"#N/A","#N/A","#N/A","#N/A","#N/A"
7761c51e-2682-4b83-932d-cf522676b88b,"#N/A","#N/A",false,Web,"#N/A","#N/A",Medium,"#N/A",New,Subject_fltkl,"#N/A","#N/A","#N/A","#N/A","#N/A"
77650f5a-ab96-4fe2-b858-947eafe94f17,"#N/A","#N/A",false,Web,"#N/A","#N/A",Medium,"#N/A",New,Subject_hoyqr,"#N/A","#N/A","#N/A","#N/A","#N/A"
7766e7d8-e4dc-431c-bd77-7559a80d669c,"#N/A","#N/A",false,Web,"#N/A","#N/A",Medium,"#N/A",New,Subject_nawjy,"#N/A","#N/A","#N/A","#N/A","#N/A"
77674cc7-54fe-431d-89ea-8cad3c8eef96,"#N/A","#N/A",false,Web,"#N/A","#N/A",Medium,"#N/A",New,Subject_bnppx,"#N/A","#N/A","#N/A","#N/A","#N/A"
77681b07-c484-40ff-98f9-e15a3f80c8f1,"#N/A","#N/A",false,Web,"#N/A","#N/A",Medium,"#N/A",New,Subject_hrhjh,"#N/A","#N/A","#N/A","#N/A","#N/A"
7768bc9d-30b3-444b-845c-11450118963d,"#N/A","#N/A",false,Web,"#N/A","#N/A",Medium,"#N/A",New,Subject_xwwuh,"#N/A","#N/A","#N/A","#N/A","#N/A"
7768fefa-296a-4f34-a7b9-93456f46ccbf,"#N/A","#N/A",false,Web,"#N/A","#N/A",Medium,"#N/A",New,Subject_gmslk,"#N/A","#N/A","#N/A","#N/A","#N/A"
7769e28a-0ef0-4c4a-8d67-8606145d60ab,"#N/A","#N/A",false,Web,"#N/A","#N/A",Medium,"#N/A",New,Subject_tdvui,"#N/A","#N/A","#N/A","#N/A","#N/A"
776fa27a-fb53-481b-9805-06e346730d91,"#N/A","#N/A",false,Web,"#N/A","#N/A",Medium,"#N/A",New,Subject_bgzkr,"#N/A","#N/A","#N/A","#N/A","#N/A"
777358a9-8908-4dd3-953e-df1327990357,"#N/A","#N/A",false,Web,"#N/A","#N/A",Medium,"#N/A",New,Subject_nknwl,"#N/A","#N/A","#N/A","#N/A","#N/A"
7775192b-1635-4f96-b73c-ee0d36cd0679,"#N/A","#N/A",false,Web,"#N/A","#N/A",Medium,"#N/A",New,Subject_eltyw,"#N/A","#N/A","#N/A","#N/A","#N/A"
777d3774-a41f-4313-acd7-8b1ef37fec09,"#N/A","#N/A",false,Web,"#N/A","#N/A",Medium,"#N/A",New,Subject_ypaqr,"#N/A","#N/A","#N/A","#N/A","#N/A"
777f28b8-6f2a-4876-b2e3-ea1797a475e1,"#N/A","#N/A",false,Web,"#N/A","#N/A",Medium,"#N/A",New,Subject_hirdb,"#N/A","#N/A","#N/A","#N/A","#N/A"
77804180-51e9-4330-82e6-42030445a22e,"#N/A","#N/A",false,Web,"#N/A","#N/A",Medium,"#N/A",New,Subject_zgolc,"#N/A","#N/A","#N/A","#N/A","#N/A"
77805de0-e2dd-4a4f-87e3-cc40b6bbd308,"#N/A","#N/A",false,Web,"#N/A","#N/A",Medium,"#N/A",New,Subject_liguz,"#N/A","#N/A","#N/A","#N/A","#N/A"
77815185-4a30-43bb-be93-f8174d6bb4ec,"#N/A","#N/A",false,Web,"#N/A","#N/A",Medium,"#N/A",New,Subject_ddjnq,"#N/A","#N/A","#N/A","#N/A","#N/A"
778738ea-587d-4a65-96a7-3bc8090a94d3,"#N/A","#N/A",false,Web,"#N/A","#N/A",Medium,"#N/A",New,Subject_ivbad,"#N/A","#N/A","#N/A","#N/A","#N/A"
7789177b-8203-48f8-8d65-f498491ada22,"#N/A","#N/A",false,Web,"#N/A","#N/A",Medium,"#N/A",New,Subject_ncijj,"#N/A","#N/A","#N/A","#N/A","#N/A"
7789d1e0-35e7-474b-a7f1-2bb738a5e4e4,"#N/A","#N/A",false,Web,"#N/A","#N/A",Medium,"#N/A",New,Subject_gliww,"#N/A","#N/A","#N/A","#N/A","#N/A"
778a8733-56ca-4ba6-92e0-6d9f64d70d80,"#N/A","#N/A",false,Web,"#N/A","#N/A",Medium,"#N/A",New,Subject_cvtue,"#N/A","#N/A","#N/A","#N/A","#N/A"
778c0a13-67d7-4afc-8bd7-f9226c8471d7,"#N/A","#N/A",false,Web,"#N/A","#N/A",Medium,"#N/A",New,Subject_shevi,"#N/A","#N/A","#N/A","#N/A","#N/A"
778d49fd-c120-45f0-8240-ab79225a18f7,"#N/A","#N/A",false,Web,"#N/A","#N/A",Medium,"#N/A",New,Subject_thmrf,"#N/A","#N/A","#N/A","#N/A","#N/A"
7792df03-1cd6-4b2a-b14b-73303c3681b1,"#N/A","#N/A",false,Web,"#N/A","#N/A",Medium,"#N/A",New,Subject_gmzqd,"#N/A","#N/A","#N/A","#N/A","#N/A"
7792fb5f-d007-4b3f-b075-f862794dfc5a,"#N/A","#N/A",false,Web,"#N/A","#N/A",Medium,"#N/A",New,Subject_ekthi,"#N/A","#N/A","#N/A","#N/A","#N/A"
77959fa9-a61b-47ec-883f-ed2273061ced,"#N/A","#N/A",false,Web,"#N/A","#N/A",Medium,"#N/A",New,Subject_sswie,"#N/A","#N/A","#N/A","#N/A","#N/A"
7797c4e7-d339-47d5-8736-9afffe037e02,"#N/A","#N/A",false,Web,"#N/A","#N/A",Medium,"#N/A",New,Subject_pxatd,"#N/A","#N/A","#N/A","#N/A","#N/A"
779f34ca-a868-42e1-a07e-87222fa65a2e,"#N/A","#N/A",false,Web,"#N/A","#N/A",Medium,"#N/A",New,Subject_ciqdo,"#N/A","#N/A","#N/A","#N/A","#N/A"
77a37984-79a4-4613-b92f-936d3aa9d51e,"#N/A","#N/A",false,Web,"#N/A","#N/A",Medium,"#N/A",New,Subject_iaxbl,"#N/A","#N/A","#N/A","#N/A","#N/A"
77a392fa-9f2b-4614-a8d6-5d2e5d91e369,"#N/A","#N/A",false,Web,"#N/A","#N/A",Medium,"#N/A",New,Subject_zqjoy,"#N/A","#N/A","#N/A","#N/A","#N/A"
77a6ac77-d74f-42a7-a424-611006be55ad,"#N/A","#N/A",false,Web,"#N/A","#N/A",Medium,"#N/A",New,Subject_olxdv,"#N/A","#N/A","#N/A","#N/A","#N/A"
77a9d8c7-e40d-46f1-9989-297c107cdc2c,"#N/A","#N/A",false,Web,"#N/A","#N/A",Medium,"#N/A",New,Subject_ufjjh,"#N/A","#N/A","#N/A","#N/A","#N/A"
77aa12e6-4194-4d6e-ad92-51c61b227fe2,"#N/A","#N/A",false,Web,"#N/A","#N/A",Medium,"#N/A",New,Subject_prcvh,"#N/A","#N/A","#N/A","#N/A","#N/A"
77ae47ba-8fa4-4acd-97d3-2a0227c596dc,"#N/A","#N/A",false,Web,"#N/A","#N/A",Medium,"#N/A",New,Subject_bmsrd,"#N/A","#N/A","#N/A","#N/A","#N/A"
77b0f2b7-ff53-40b2-a4dc-7bb4ccbdd0df,"#N/A","#N/A",false,Web,"#N/A","#N/A",Medium,"#N/A",New,Subject_nstrm,"#N/A","#N/A","#N/A","#N/A","#N/A"
77b17050-15e8-4e72-85a6-a97ab976245f,"#N/A","#N/A",false,Web,"#N/A","#N/A",Medium,"#N/A",New,Subject_seynv,"#N/A","#N/A","#N/A","#N/A","#N/A"
77b56b0f-5fb2-4ecf-b4b2-a30314cc1846,"#N/A","#N/A",false,Web,"#N/A","#N/A",Medium,"#N/A",New,Subject_sqvzc,"#N/A","#N/A","#N/A","#N/A","#N/A"
77b68391-6e7c-44b7-9f94-e2f6c4060307,"#N/A","#N/A",false,Web,"#N/A","#N/A",Medium,"#N/A",New,Subject_nkoem,"#N/A","#N/A","#N/A","#N/A","#N/A"
77b8b217-0c2b-47a0-a118-25a2d83d2dc3,"#N/A","#N/A",false,Web,"#N/A","#N/A",Medium,"#N/A",New,Subject_uozjd,"#N/A","#N/A","#N/A","#N/A","#N/A"
77b942dc-7704-4a7f-9658-e5b516137469,"#N/A","#N/A",false,Web,"#N/A","#N/A",Medium,"#N/A",New,Subject_frkqz,"#N/A","#N/A","#N/A","#N/A","#N/A"
77ca3279-3cb9-4dae-8a79-52302cf6e08b,"#N/A","#N/A",false,Web,"#N/A","#N/A",Medium,"#N/A",New,Subject_crixz,"#N/A","#N/A","#N/A","#N/A","#N/A"
77cada0e-68c5-4efe-b50b-caed121a6b8f,"#N/A","#N/A",false,Web,"#N/A","#N/A",Medium,"#N/A",New,Subject_rjxen,"#N/A","#N/A","#N/A","#N/A","#N/A"
77cc5512-89ed-4c78-a9bc-303cfa736e73,"#N/A","#N/A",false,Web,"#N/A","#N/A",Medium,"#N/A",New,Subject_zxamy,"#N/A","#N/A","#N/A","#N/A","#N/A"
77cf25ef-d998-4c75-bdb4-6b830b2caaf8,"#N/A","#N/A",false,Web,"#N/A","#N/A",Medium,"#N/A",New,Subject_qzbld,"#N/A","#N/A","#N/A","#N/A","#N/A"
77d49c1d-a31b-4c16-9a29-429b8251ccbc,"#N/A","#N/A",false,Web,"#N/A","#N/A",Medium,"#N/A",New,Subject_uvzqk,"#N/A","#N/A","#N/A","#N/A","#N/A"
77d4a417-6674-4f62-bdeb-aa66ba6bbeb8,"#N/A","#N/A",false,Web,"#N/A","#N/A",Medium,"#N/A",New,Subject_mmzlq,"#N/A","#N/A","#N/A","#N/A","#N/A"
77d63d72-fda8-4835-bd48-fb0ca434c1b3,"#N/A","#N/A",false,Web,"#N/A","#N/A",Medium,"#N/A",New,Subject_vpryg,"#N/A","#N/A","#N/A","#N/A","#N/A"
77db7069-5b44-46c4-b336-4e3756a64caa,"#N/A","#N/A",false,Web,"#N/A","#N/A",Medium,"#N/A",New,Subject_dfayz,"#N/A","#N/A","#N/A","#N/A","#N/A"
77ddc1e9-743a-4a0a-9dc4-e2757e2b01ac,"#N/A","#N/A",false,Web,"#N/A","#N/A",Medium,"#N/A",New,Subject_rslbo,"#N/A","#N/A","#N/A","#N/A","#N/A"
77e10bf9-3ef7-4499-b107-0ff35f8696f8,"#N/A","#N/A",false,Web,"#N/A","#N/A",Medium,"#N/A",New,Subject_dwqax,"#N/A","#N/A","#N/A","#N/A","#N/A"
77e26f09-9804-4ea7-8f05-9c46ec31354f,"#N/A","#N/A",false,Web,"#N/A","#N/A",Medium,"#N/A",New,Subject_zjgns,"#N/A","#N/A","#N/A","#N/A","#N/A"
77e69667-57a1-4874-aebf-decb562affd9,"#N/A","#N/A",false,Web,"#N/A","#N/A",Medium,"#N/A",New,Subject_vkwvh,"#N/A","#N/A","#N/A","#N/A","#N/A"
77e805bd-0d55-4149-9d22-99a1c5b121e9,"#N/A","#N/A",false,Web,"#N/A","#N/A",Medium,"#N/A",New,Subject_somuh,"#N/A","#N/A","#N/A","#N/A","#N/A"
77e8360c-feb9-4c54-af5c-2ea7526d701e,"#N/A","#N/A",false,Web,"#N/A","#N/A",Medium,"#N/A",New,Subject_zasve,"#N/A","#N/A","#N/A","#N/A","#N/A"
77ede15d-896d-4a01-adc8-b939dcd0536d,"#N/A","#N/A",false,Web,"#N/A","#N/A",Medium,"#N/A",New,Subject_nriyq,"#N/A","#N/A","#N/A","#N/A","#N/A"
77f001d4-c2da-426d-974c-dcaedef19424,"#N/A","#N/A",false,Web,"#N/A","#N/A",Medium,"#N/A",New,Subject_jtmem,"#N/A","#N/A","#N/A","#N/A","#N/A"
77f697fb-7019-4d9c-8efd-11eec0b05bae,"#N/A","#N/A",false,Web,"#N/A","#N/A",Medium,"#N/A",New,Subject_iloyb,"#N/A","#N/A","#N/A","#N/A","#N/A"
77f9e3f2-4784-4e32-a2f3-718a172b3bff,"#N/A","#N/A",false,Web,"#N/A","#N/A",Medium,"#N/A",New,Subject_uezbv,"#N/A","#N/A","#N/A","#N/A","#N/A"
77fed647-992d-4186-8757-77834074961e,"#N/A","#N/A",false,Web,"#N/A","#N/A",Medium,"#N/A",New,Subject_lkwxb,"#N/A","#N/A","#N/A","#N/A","#N/A"
77ff28d1-433c-4a69-97a7-78fa0d36e12c,"#N/A","#N/A",false,Web,"#N/A","#N/A",Medium,"#N/A",New,Subject_boahp,"#N/A","#N/A","#N/A","#N/A","#N/A"
7803d12e-ac7f-479e-adc2-2dd8257e66b1,"#N/A","#N/A",false,Web,"#N/A","#N/A",Medium,"#N/A",New,Subject_zsvne,"#N/A","#N/A","#N/A","#N/A","#N/A"
7803f60a-577c-4aef-9d5b-bd7ad4e734c4,"#N/A","#N/A",false,Web,"#N/A","#N/A",Medium,"#N/A",New,Subject_pciuo,"#N/A","#N/A","#N/A","#N/A","#N/A"
780689ff-1db6-4ca6-a81e-bdf149bfb11a,"#N/A","#N/A",false,Web,"#N/A","#N/A",Medium,"#N/A",New,Subject_qjlku,"#N/A","#N/A","#N/A","#N/A","#N/A"
78084c53-4e9b-40ed-b1b6-f305bf3726ad,"#N/A","#N/A",false,Web,"#N/A","#N/A",Medium,"#N/A",New,Subject_ojray,"#N/A","#N/A","#N/A","#N/A","#N/A"
780cf701-87e2-4cfd-9e2f-ce6d8939012a,"#N/A","#N/A",false,Web,"#N/A","#N/A",Medium,"#N/A",New,Subject_xlgot,"#N/A","#N/A","#N/A","#N/A","#N/A"
7811c20d-c327-4a88-bf3e-c8d528b45aa8,"#N/A","#N/A",false,Web,"#N/A","#N/A",Medium,"#N/A",New,Subject_qrvwr,"#N/A","#N/A","#N/A","#N/A","#N/A"
7816097e-e6a6-4d8a-9e0f-55a1d83510b1,"#N/A","#N/A",false,Web,"#N/A","#N/A",Medium,"#N/A",New,Subject_tnujg,"#N/A","#N/A","#N/A","#N/A","#N/A"
781ce5cf-cd40-4a6b-ab3a-eaf322f4b83b,"#N/A","#N/A",false,Web,"#N/A","#N/A",Medium,"#N/A",New,Subject_agxff,"#N/A","#N/A","#N/A","#N/A","#N/A"
78223ee9-ccdd-4e04-b490-05e69f2931f3,"#N/A","#N/A",false,Web,"#N/A","#N/A",Medium,"#N/A",New,Subject_taqxf,"#N/A","#N/A","#N/A","#N/A","#N/A"
7822af76-aabf-47b2-a1e3-09ef4fce5cf8,"#N/A","#N/A",false,Web,"#N/A","#N/A",Medium,"#N/A",New,Subject_otnmc,"#N/A","#N/A","#N/A","#N/A","#N/A"
78254fc5-9caa-453d-a647-d958fd1f4d50,"#N/A","#N/A",false,Web,"#N/A","#N/A",Medium,"#N/A",New,Subject_hkmwd,"#N/A","#N/A","#N/A","#N/A","#N/A"
78255427-dd4c-4484-9a7f-69e4a811d4a0,"#N/A","#N/A",false,Web,"#N/A","#N/A",Medium,"#N/A",New,Subject_ycdmy,"#N/A","#N/A","#N/A","#N/A","#N/A"
7829ca75-a906-4620-9336-aa1069d042a6,"#N/A","#N/A",false,Web,"#N/A","#N/A",Medium,"#N/A",New,Subject_ybtey,"#N/A","#N/A","#N/A","#N/A","#N/A"
782b2297-e311-4d18-94b2-b82730c6ae83,"#N/A","#N/A",false,Web,"#N/A","#N/A",Medium,"#N/A",New,Subject_vilsn,"#N/A","#N/A","#N/A","#N/A","#N/A"
782dba6b-099d-46b3-9ee3-93cbce8c30a6,"#N/A","#N/A",false,Web,"#N/A","#N/A",Medium,"#N/A",New,Subject_mhtyk,"#N/A","#N/A","#N/A","#N/A","#N/A"
782f79af-b738-4cd6-bb77-ea142e7b08e0,"#N/A","#N/A",false,Web,"#N/A","#N/A",Medium,"#N/A",New,Subject_cgcdk,"#N/A","#N/A","#N/A","#N/A","#N/A"
7832111c-1335-4ae3-b935-9faf70865dc7,"#N/A","#N/A",false,Web,"#N/A","#N/A",Medium,"#N/A",New,Subject_jhaik,"#N/A","#N/A","#N/A","#N/A","#N/A"
78327882-0705-4237-8afa-e35a4e302788,"#N/A","#N/A",false,Web,"#N/A","#N/A",Medium,"#N/A",New,Subject_eixct,"#N/A","#N/A","#N/A","#N/A","#N/A"
78335cfc-5581-429e-954e-1f5fa9519dd0,"#N/A","#N/A",false,Web,"#N/A","#N/A",Medium,"#N/A",New,Subject_gthgi,"#N/A","#N/A","#N/A","#N/A","#N/A"
783754cf-0ac6-4d26-87c0-64c1aa59f1ee,"#N/A","#N/A",false,Web,"#N/A","#N/A",Medium,"#N/A",New,Subject_csnez,"#N/A","#N/A","#N/A","#N/A","#N/A"
784652d4-a6c7-4d3b-9715-ca4e5c5a52ea,"#N/A","#N/A",false,Web,"#N/A","#N/A",Medium,"#N/A",New,Subject_cepvi,"#N/A","#N/A","#N/A","#N/A","#N/A"
784cdbcc-11c9-452e-a7b6-eed759cf6f0c,"#N/A","#N/A",false,Web,"#N/A","#N/A",Medium,"#N/A",New,Subject_dfhob,"#N/A","#N/A","#N/A","#N/A","#N/A"
784e2334-3097-4f64-837d-ce9695cf3883,"#N/A","#N/A",false,Web,"#N/A","#N/A",Medium,"#N/A",New,Subject_vdkth,"#N/A","#N/A","#N/A","#N/A","#N/A"
784e6f4a-b1e0-41b2-b7f7-b168dca375bc,"#N/A","#N/A",false,Web,"#N/A","#N/A",Medium,"#N/A",New,Subject_miqvb,"#N/A","#N/A","#N/A","#N/A","#N/A"
7850f46b-3455-42a4-af70-609764ef0b9b,"#N/A","#N/A",false,Web,"#N/A","#N/A",Medium,"#N/A",New,Subject_krxzq,"#N/A","#N/A","#N/A","#N/A","#N/A"
785723b6-2e34-4151-9637-40fc17f7bcdd,"#N/A","#N/A",false,Web,"#N/A","#N/A",Medium,"#N/A",New,Subject_qvdfr,"#N/A","#N/A","#N/A","#N/A","#N/A"
785a079f-2d31-42c5-8be4-d9a79b1cb51d,"#N/A","#N/A",false,Web,"#N/A","#N/A",Medium,"#N/A",New,Subject_xffgx,"#N/A","#N/A","#N/A","#N/A","#N/A"
785cab9b-ca37-4025-8f93-9c67e034ffd8,"#N/A","#N/A",false,Web,"#N/A","#N/A",Medium,"#N/A",New,Subject_rxvko,"#N/A","#N/A","#N/A","#N/A","#N/A"
7861f1b6-49ab-4f7d-b8d5-925ed99fd887,"#N/A","#N/A",false,Web,"#N/A","#N/A",Medium,"#N/A",New,Subject_ckrny,"#N/A","#N/A","#N/A","#N/A","#N/A"
78629574-8429-463b-b572-4501fe8de28c,"#N/A","#N/A",false,Web,"#N/A","#N/A",Medium,"#N/A",New,Subject_nhhqm,"#N/A","#N/A","#N/A","#N/A","#N/A"
786a1823-83cb-4d4e-b027-f464937ad062,"#N/A","#N/A",false,Web,"#N/A","#N/A",Medium,"#N/A",New,Subject_zhozc,"#N/A","#N/A","#N/A","#N/A","#N/A"
786a6d19-6570-4b24-8af8-55aaa264fe8e,"#N/A","#N/A",false,Web,"#N/A","#N/A",Medium,"#N/A",New,Subject_lsunk,"#N/A","#N/A","#N/A","#N/A","#N/A"
786b835b-21e3-4cb2-b38d-3fe9717b7001,"#N/A","#N/A",false,Web,"#N/A","#N/A",Medium,"#N/A",New,Subject_wnnnn,"#N/A","#N/A","#N/A","#N/A","#N/A"
786bd1e6-550c-46b5-a497-2074280c833d,"#N/A","#N/A",false,Web,"#N/A","#N/A",Medium,"#N/A",New,Subject_lxrcm,"#N/A","#N/A","#N/A","#N/A","#N/A"
786c1647-eb48-4b32-85f5-62f4170d1577,"#N/A","#N/A",false,Web,"#N/A","#N/A",Medium,"#N/A",New,Subject_atxib,"#N/A","#N/A","#N/A","#N/A","#N/A"
786da83f-e0cd-4093-8060-0dcd04c9279a,"#N/A","#N/A",false,Web,"#N/A","#N/A",Medium,"#N/A",New,Subject_ltdmr,"#N/A","#N/A","#N/A","#N/A","#N/A"
786de0c3-cc28-49c3-87e4-687605d854bf,"#N/A","#N/A",false,Web,"#N/A","#N/A",Medium,"#N/A",New,Subject_qvrut,"#N/A","#N/A","#N/A","#N/A","#N/A"
78715e22-88d1-4824-b907-0c625ba3f1d8,"#N/A","#N/A",false,Web,"#N/A","#N/A",Medium,"#N/A",New,Subject_wouhs,"#N/A","#N/A","#N/A","#N/A","#N/A"
78751313-32de-4cad-9364-7490fd6156b3,"#N/A","#N/A",false,Web,"#N/A","#N/A",Medium,"#N/A",New,Subject_vtsxk,"#N/A","#N/A","#N/A","#N/A","#N/A"
787c3142-1a1c-4934-adeb-e1482962958c,"#N/A","#N/A",false,Web,"#N/A","#N/A",Medium,"#N/A",New,Subject_kqsug,"#N/A","#N/A","#N/A","#N/A","#N/A"
787d84b0-7b55-4527-b387-7ab8fad8b294,"#N/A","#N/A",false,Web,"#N/A","#N/A",Medium,"#N/A",New,Subject_hkssm,"#N/A","#N/A","#N/A","#N/A","#N/A"
787eedbd-5500-4704-91b9-c498fabffa72,"#N/A","#N/A",false,Web,"#N/A","#N/A",Medium,"#N/A",New,Subject_htspo,"#N/A","#N/A","#N/A","#N/A","#N/A"
78854839-0760-4d99-b20a-a4297f6d9fb0,"#N/A","#N/A",false,Web,"#N/A","#N/A",Medium,"#N/A",New,Subject_zvpon,"#N/A","#N/A","#N/A","#N/A","#N/A"
788558e4-7861-4234-b70f-e748c22cde43,"#N/A","#N/A",false,Web,"#N/A","#N/A",Medium,"#N/A",New,Subject_dibpq,"#N/A","#N/A","#N/A","#N/A","#N/A"
7888c267-c2db-4766-b138-686291df317c,"#N/A","#N/A",false,Web,"#N/A","#N/A",Medium,"#N/A",New,Subject_huind,"#N/A","#N/A","#N/A","#N/A","#N/A"
78891c1a-da4b-4a32-a0a3-6de98ad860a1,"#N/A","#N/A",false,Web,"#N/A","#N/A",Medium,"#N/A",New,Subject_ogbls,"#N/A","#N/A","#N/A","#N/A","#N/A"
788b670e-cd42-483a-bfe1-3c6695f8451b,"#N/A","#N/A",false,Web,"#N/A","#N/A",Medium,"#N/A",New,Subject_zgder,"#N/A","#N/A","#N/A","#N/A","#N/A"
788eda42-9ddc-41d2-a27e-4d777e63f001,"#N/A","#N/A",false,Web,"#N/A","#N/A",Medium,"#N/A",New,Subject_rrkaw,"#N/A","#N/A","#N/A","#N/A","#N/A"
78914200-193b-4ff5-9256-b2e29f5d3689,"#N/A","#N/A",false,Web,"#N/A","#N/A",Medium,"#N/A",New,Subject_hbcme,"#N/A","#N/A","#N/A","#N/A","#N/A"
7895e7f2-56b9-4cbe-8fb8-3c9e21eaed99,"#N/A","#N/A",false,Web,"#N/A","#N/A",Medium,"#N/A",New,Subject_wtqmj,"#N/A","#N/A","#N/A","#N/A","#N/A"
789748bd-dc07-44b6-8c4c-7894ce7f81e4,"#N/A","#N/A",false,Web,"#N/A","#N/A",Medium,"#N/A",New,Subject_wcgns,"#N/A","#N/A","#N/A","#N/A","#N/A"
7897685f-ab65-4ebe-8d84-d65b68fa368d,"#N/A","#N/A",false,Web,"#N/A","#N/A",Medium,"#N/A",New,Subject_wpdfe,"#N/A","#N/A","#N/A","#N/A","#N/A"
78999b1a-c4d9-43b3-8574-40bc4c64a905,"#N/A","#N/A",false,Web,"#N/A","#N/A",Medium,"#N/A",New,Subject_txzeq,"#N/A","#N/A","#N/A","#N/A","#N/A"
789cfb6a-19e8-4526-b80b-44e7b7d83c1a,"#N/A","#N/A",false,Web,"#N/A","#N/A",Medium,"#N/A",New,Subject_ouwrh,"#N/A","#N/A","#N/A","#N/A","#N/A"
789db363-8c5f-47d5-bac4-bbca69b11be9,"#N/A","#N/A",false,Web,"#N/A","#N/A",Medium,"#N/A",New,Subject_rlvkz,"#N/A","#N/A","#N/A","#N/A","#N/A"
789f1a89-c266-49a4-82e0-f48e64459df1,"#N/A","#N/A",false,Web,"#N/A","#N/A",Medium,"#N/A",New,Subject_kcnpr,"#N/A","#N/A","#N/A","#N/A","#N/A"
78a76ddd-e4fd-4ece-9be4-19fe1e53e6b2,"#N/A","#N/A",false,Web,"#N/A","#N/A",Medium,"#N/A",New,Subject_hgqbw,"#N/A","#N/A","#N/A","#N/A","#N/A"
78a7cc79-b99a-49bc-aaad-4fe33f64e76e,"#N/A","#N/A",false,Web,"#N/A","#N/A",Medium,"#N/A",New,Subject_kbsiu,"#N/A","#N/A","#N/A","#N/A","#N/A"
78a94fce-5e8a-4666-ae03-0f515c0f18fb,"#N/A","#N/A",false,Web,"#N/A","#N/A",Medium,"#N/A",New,Subject_bdjpr,"#N/A","#N/A","#N/A","#N/A","#N/A"
78ae54c5-e8d9-47c2-aecb-d97e082b825e,"#N/A","#N/A",false,Web,"#N/A","#N/A",Medium,"#N/A",New,Subject_fltzw,"#N/A","#N/A","#N/A","#N/A","#N/A"
78af0b5f-70c2-4204-b5d0-ca137b73407f,"#N/A","#N/A",false,Web,"#N/A","#N/A",Medium,"#N/A",New,Subject_vtdkf,"#N/A","#N/A","#N/A","#N/A","#N/A"
78b2507b-fd43-45b7-bd0b-62d6cabb6213,"#N/A","#N/A",false,Web,"#N/A","#N/A",Medium,"#N/A",New,Subject_ykfdl,"#N/A","#N/A","#N/A","#N/A","#N/A"
78b6630e-ae2a-4e5e-8708-f103c4bb6530,"#N/A","#N/A",false,Web,"#N/A","#N/A",Medium,"#N/A",New,Subject_uvvcq,"#N/A","#N/A","#N/A","#N/A","#N/A"
78b6e383-3355-4d1b-9c91-23a403c31361,"#N/A","#N/A",false,Web,"#N/A","#N/A",Medium,"#N/A",New,Subject_qqelx,"#N/A","#N/A","#N/A","#N/A","#N/A"
78b77dba-6a4c-410f-b3f4-013b1ece149a,"#N/A","#N/A",false,Web,"#N/A","#N/A",Medium,"#N/A",New,Subject_cclwa,"#N/A","#N/A","#N/A","#N/A","#N/A"
78b94d7e-0475-4cfb-9a61-2a5963c65f42,"#N/A","#N/A",false,Web,"#N/A","#N/A",Medium,"#N/A",New,Subject_iprrf,"#N/A","#N/A","#N/A","#N/A","#N/A"
78bb89e1-6277-4240-b7fb-f77cb4b51aae,"#N/A","#N/A",false,Web,"#N/A","#N/A",Medium,"#N/A",New,Subject_pwsve,"#N/A","#N/A","#N/A","#N/A","#N/A"
78bfb960-499a-4bb7-8738-65b71a2ab14a,"#N/A","#N/A",false,Web,"#N/A","#N/A",Medium,"#N/A",New,Subject_irdax,"#N/A","#N/A","#N/A","#N/A","#N/A"
78c3520e-d18f-444b-ba1b-7aca2c9b4dd7,"#N/A","#N/A",false,Web,"#N/A","#N/A",Medium,"#N/A",New,Subject_fwxqh,"#N/A","#N/A","#N/A","#N/A","#N/A"
78c3fda2-44cd-4b54-9b71-ab5cfaea8df3,"#N/A","#N/A",false,Web,"#N/A","#N/A",Medium,"#N/A",New,Subject_weicl,"#N/A","#N/A","#N/A","#N/A","#N/A"
78caae05-b020-479e-aeb8-64e2910aaf05,"#N/A","#N/A",false,Web,"#N/A","#N/A",Medium,"#N/A",New,Subject_mxvts,"#N/A","#N/A","#N/A","#N/A","#N/A"
78cb9bee-dbc5-4fb0-9167-a609c7244ace,"#N/A","#N/A",false,Web,"#N/A","#N/A",Medium,"#N/A",New,Subject_lcbve,"#N/A","#N/A","#N/A","#N/A","#N/A"
78d6fb38-910f-46d2-930e-2b98d68b0682,"#N/A","#N/A",false,Web,"#N/A","#N/A",Medium,"#N/A",New,Subject_rdwik,"#N/A","#N/A","#N/A","#N/A","#N/A"
78d95c7a-eab8-4841-8c3d-7eaa9fb4e88e,"#N/A","#N/A",false,Web,"#N/A","#N/A",Medium,"#N/A",New,Subject_xzxpf,"#N/A","#N/A","#N/A","#N/A","#N/A"
78e64d36-901d-4596-9b59-2bebd461f024,"#N/A","#N/A",false,Web,"#N/A","#N/A",Medium,"#N/A",New,Subject_cehmd,"#N/A","#N/A","#N/A","#N/A","#N/A"
78ef720e-ffb4-40fc-a1f0-df0234d299ae,"#N/A","#N/A",false,Web,"#N/A","#N/A",Medium,"#N/A",New,Subject_yncbx,"#N/A","#N/A","#N/A","#N/A","#N/A"
78f50369-025b-499e-90e7-711d34d6d1a3,"#N/A","#N/A",false,Web,"#N/A","#N/A",Medium,"#N/A",New,Subject_nrhus,"#N/A","#N/A","#N/A","#N/A","#N/A"
78f69631-648f-482a-8089-9ab571edfdf3,"#N/A","#N/A",false,Web,"#N/A","#N/A",Medium,"#N/A",New,Subject_dxlpd,"#N/A","#N/A","#N/A","#N/A","#N/A"
78f9e94c-632e-4cbf-acbe-a87f4280c9d1,"#N/A","#N/A",false,Web,"#N/A","#N/A",Medium,"#N/A",New,Subject_annmv,"#N/A","#N/A","#N/A","#N/A","#N/A"
7901ce46-ef44-4799-8890-a7d11f5be33d,"#N/A","#N/A",false,Web,"#N/A","#N/A",Medium,"#N/A",New,Subject_ratrd,"#N/A","#N/A","#N/A","#N/A","#N/A"
7902cbef-a83e-4eae-9ec4-3e15c040f86f,"#N/A","#N/A",false,Web,"#N/A","#N/A",Medium,"#N/A",New,Subject_rvthe,"#N/A","#N/A","#N/A","#N/A","#N/A"
79047aa3-0036-47f1-a322-0cfba6cd6b95,"#N/A","#N/A",false,Web,"#N/A","#N/A",Medium,"#N/A",New,Subject_dmzki,"#N/A","#N/A","#N/A","#N/A","#N/A"
7905a4f4-469c-441f-b698-0c68c8eee86a,"#N/A","#N/A",false,Web,"#N/A","#N/A",Medium,"#N/A",New,Subject_icmhb,"#N/A","#N/A","#N/A","#N/A","#N/A"
79060fe1-f853-4362-b092-9a233bc94216,"#N/A","#N/A",false,Web,"#N/A","#N/A",Medium,"#N/A",New,Subject_wgsry,"#N/A","#N/A","#N/A","#N/A","#N/A"
79074815-1ef1-4a7b-9f1f-89a4ad8daf59,"#N/A","#N/A",false,Web,"#N/A","#N/A",Medium,"#N/A",New,Subject_fxypq,"#N/A","#N/A","#N/A","#N/A","#N/A"
79079f17-a193-4673-bc6b-038d2527d279,"#N/A","#N/A",false,Web,"#N/A","#N/A",Medium,"#N/A",New,Subject_aluhv,"#N/A","#N/A","#N/A","#N/A","#N/A"
7908c91b-e3b9-48f7-a9f8-cd662660fc74,"#N/A","#N/A",false,Web,"#N/A","#N/A",Medium,"#N/A",New,Subject_rtszq,"#N/A","#N/A","#N/A","#N/A","#N/A"
7908f859-05c7-4aed-9f23-c284e32ec55b,"#N/A","#N/A",false,Web,"#N/A","#N/A",Medium,"#N/A",New,Subject_oplqw,"#N/A","#N/A","#N/A","#N/A","#N/A"
790be7e9-ad27-47ad-98c8-dcf524601d4f,"#N/A","#N/A",false,Web,"#N/A","#N/A",Medium,"#N/A",New,Subject_bhams,"#N/A","#N/A","#N/A","#N/A","#N/A"
790dc42a-bf73-4856-ab6a-b06e38dcabec,"#N/A","#N/A",false,Web,"#N/A","#N/A",Medium,"#N/A",New,Subject_hordc,"#N/A","#N/A","#N/A","#N/A","#N/A"
790e296c-b547-42d3-9823-c259d46efa6e,"#N/A","#N/A",false,Web,"#N/A","#N/A",Medium,"#N/A",New,Subject_ciyww,"#N/A","#N/A","#N/A","#N/A","#N/A"
790e855a-a3a5-4464-82f3-3c0fbaf274f7,"#N/A","#N/A",false,Web,"#N/A","#N/A",Medium,"#N/A",New,Subject_juctz,"#N/A","#N/A","#N/A","#N/A","#N/A"
790ee284-3667-4b3e-b3c1-e32842b98ef1,"#N/A","#N/A",false,Web,"#N/A","#N/A",Medium,"#N/A",New,Subject_zrcab,"#N/A","#N/A","#N/A","#N/A","#N/A"
7910991e-8948-42de-b58c-dbc385a50395,"#N/A","#N/A",false,Web,"#N/A","#N/A",Medium,"#N/A",New,Subject_dxkrx,"#N/A","#N/A","#N/A","#N/A","#N/A"
7912301d-108d-4532-93b1-be1b3172305f,"#N/A","#N/A",false,Web,"#N/A","#N/A",Medium,"#N/A",New,Subject_gtgkt,"#N/A","#N/A","#N/A","#N/A","#N/A"
7917ca3f-ca98-4e13-b75e-2bae19a23dc3,"#N/A","#N/A",false,Web,"#N/A","#N/A",Medium,"#N/A",New,Subject_icnfp,"#N/A","#N/A","#N/A","#N/A","#N/A"
791b5b80-e15b-4b0e-9e8a-0fcbfd9fa609,"#N/A","#N/A",false,Web,"#N/A","#N/A",Medium,"#N/A",New,Subject_nvoco,"#N/A","#N/A","#N/A","#N/A","#N/A"
791f2c30-6866-41a3-aeb8-4faa0c7f0a0e,"#N/A","#N/A",false,Web,"#N/A","#N/A",Medium,"#N/A",New,Subject_pkago,"#N/A","#N/A","#N/A","#N/A","#N/A"
791fdaf5-36bc-466a-b79b-684d689de1bf,"#N/A","#N/A",false,Web,"#N/A","#N/A",Medium,"#N/A",New,Subject_pcvgd,"#N/A","#N/A","#N/A","#N/A","#N/A"
79231b29-39d8-4938-ba48-cd3304acc847,"#N/A","#N/A",false,Web,"#N/A","#N/A",Medium,"#N/A",New,Subject_xzgan,"#N/A","#N/A","#N/A","#N/A","#N/A"
79263e7f-94f3-4129-bc2c-9d0f8351254e,"#N/A","#N/A",false,Web,"#N/A","#N/A",Medium,"#N/A",New,Subject_uphjm,"#N/A","#N/A","#N/A","#N/A","#N/A"
792aba39-0a3d-4284-812f-b708223d14e3,"#N/A","#N/A",false,Web,"#N/A","#N/A",Medium,"#N/A",New,Subject_ifbsm,"#N/A","#N/A","#N/A","#N/A","#N/A"
792b9441-e2c4-4f91-bb93-4f1aa931bbc7,"#N/A","#N/A",false,Web,"#N/A","#N/A",Medium,"#N/A",New,Subject_mjxtb,"#N/A","#N/A","#N/A","#N/A","#N/A"
7930569c-b7be-4f53-8f4f-da11baa3f975,"#N/A","#N/A",false,Web,"#N/A","#N/A",Medium,"#N/A",New,Subject_mkikl,"#N/A","#N/A","#N/A","#N/A","#N/A"
7936af85-109f-4ab9-bad4-a9a0c0db582c,"#N/A","#N/A",false,Web,"#N/A","#N/A",Medium,"#N/A",New,Subject_rhzyf,"#N/A","#N/A","#N/A","#N/A","#N/A"
79380e99-6541-4129-9136-86f91f784d04,"#N/A","#N/A",false,Web,"#N/A","#N/A",Medium,"#N/A",New,Subject_aqtus,"#N/A","#N/A","#N/A","#N/A","#N/A"
7939f920-603e-42f2-afa3-cbaa60f2d5fb,"#N/A","#N/A",false,Web,"#N/A","#N/A",Medium,"#N/A",New,Subject_mvjbx,"#N/A","#N/A","#N/A","#N/A","#N/A"
793eeb1b-0254-41f1-aa3e-dbda54a12eeb,"#N/A","#N/A",false,Web,"#N/A","#N/A",Medium,"#N/A",New,Subject_mbyog,"#N/A","#N/A","#N/A","#N/A","#N/A"
7940ef70-02c6-4fad-98b4-124b88c68703,"#N/A","#N/A",false,Web,"#N/A","#N/A",Medium,"#N/A",New,Subject_epwyt,"#N/A","#N/A","#N/A","#N/A","#N/A"
7941ed9e-e448-4302-ab09-1b1ca84d9c05,"#N/A","#N/A",false,Web,"#N/A","#N/A",Medium,"#N/A",New,Subject_cbrqt,"#N/A","#N/A","#N/A","#N/A","#N/A"
7943e3fa-3833-4ed4-8380-743207da251a,"#N/A","#N/A",false,Web,"#N/A","#N/A",Medium,"#N/A",New,Subject_fprgr,"#N/A","#N/A","#N/A","#N/A","#N/A"
7944334e-bf43-430a-9735-32270d02abaa,"#N/A","#N/A",false,Web,"#N/A","#N/A",Medium,"#N/A",New,Subject_iyrhw,"#N/A","#N/A","#N/A","#N/A","#N/A"
79449868-3ca7-4cc4-a23c-f1a9e4501bcb,"#N/A","#N/A",false,Web,"#N/A","#N/A",Medium,"#N/A",New,Subject_ifwqz,"#N/A","#N/A","#N/A","#N/A","#N/A"
7947352d-8fc1-437f-b9e9-0641fa88eedc,"#N/A","#N/A",false,Web,"#N/A","#N/A",Medium,"#N/A",New,Subject_smhpw,"#N/A","#N/A","#N/A","#N/A","#N/A"
79492c07-4e91-4000-b403-7cb2f5ec40e9,"#N/A","#N/A",false,Web,"#N/A","#N/A",Medium,"#N/A",New,Subject_bvgix,"#N/A","#N/A","#N/A","#N/A","#N/A"
794984b1-fd20-440e-ba67-08693e0f6e79,"#N/A","#N/A",false,Web,"#N/A","#N/A",Medium,"#N/A",New,Subject_romxt,"#N/A","#N/A","#N/A","#N/A","#N/A"
794b007b-7dad-4fbc-84c5-a27a006e2d5c,"#N/A","#N/A",false,Web,"#N/A","#N/A",Medium,"#N/A",New,Subject_kersb,"#N/A","#N/A","#N/A","#N/A","#N/A"
7954c0e7-cf80-4b2e-a8b5-572f7226d533,"#N/A","#N/A",false,Web,"#N/A","#N/A",Medium,"#N/A",New,Subject_qgjuj,"#N/A","#N/A","#N/A","#N/A","#N/A"
79563848-be5c-4ca1-979d-275c8bd51779,"#N/A","#N/A",false,Web,"#N/A","#N/A",Medium,"#N/A",New,Subject_uxnvb,"#N/A","#N/A","#N/A","#N/A","#N/A"
795688a5-f95b-498c-8203-a488acead6ca,"#N/A","#N/A",false,Web,"#N/A","#N/A",Medium,"#N/A",New,Subject_vckay,"#N/A","#N/A","#N/A","#N/A","#N/A"
79578ae6-f5b5-400e-9d17-eedb101dc639,"#N/A","#N/A",false,Web,"#N/A","#N/A",Medium,"#N/A",New,Subject_xzlzv,"#N/A","#N/A","#N/A","#N/A","#N/A"
795cebe6-3c8e-4abb-9dfd-11102e09a724,"#N/A","#N/A",false,Web,"#N/A","#N/A",Medium,"#N/A",New,Subject_paklj,"#N/A","#N/A","#N/A","#N/A","#N/A"
795f2a0d-0f57-4e90-baca-516834f9f066,"#N/A","#N/A",false,Web,"#N/A","#N/A",Medium,"#N/A",New,Subject_ypwcy,"#N/A","#N/A","#N/A","#N/A","#N/A"
795fefed-05bb-48c2-b448-a4812cf39d8b,"#N/A","#N/A",false,Web,"#N/A","#N/A",Medium,"#N/A",New,Subject_gfath,"#N/A","#N/A","#N/A","#N/A","#N/A"
79660cae-1fc9-453d-907f-fdceff4f8bfc,"#N/A","#N/A",false,Web,"#N/A","#N/A",Medium,"#N/A",New,Subject_xqlxh,"#N/A","#N/A","#N/A","#N/A","#N/A"
79661da2-43a8-43b4-8d0d-78b9ff967162,"#N/A","#N/A",false,Web,"#N/A","#N/A",Medium,"#N/A",New,Subject_nrhoz,"#N/A","#N/A","#N/A","#N/A","#N/A"
796a33d9-672c-48d2-8e6d-a5bc5f5c7423,"#N/A","#N/A",false,Web,"#N/A","#N/A",Medium,"#N/A",New,Subject_voixo,"#N/A","#N/A","#N/A","#N/A","#N/A"
796ca403-2ef1-4206-9e84-087e66ea8d66,"#N/A","#N/A",false,Web,"#N/A","#N/A",Medium,"#N/A",New,Subject_qkatk,"#N/A","#N/A","#N/A","#N/A","#N/A"
796ea71f-e643-4e50-a3fd-2b627d842321,"#N/A","#N/A",false,Web,"#N/A","#N/A",Medium,"#N/A",New,Subject_yojgo,"#N/A","#N/A","#N/A","#N/A","#N/A"
79723083-79ba-4826-b0ac-2f5127243c23,"#N/A","#N/A",false,Web,"#N/A","#N/A",Medium,"#N/A",New,Subject_ptjnt,"#N/A","#N/A","#N/A","#N/A","#N/A"
797576a8-4c7a-41c7-b280-9068ff455af8,"#N/A","#N/A",false,Web,"#N/A","#N/A",Medium,"#N/A",New,Subject_emeki,"#N/A","#N/A","#N/A","#N/A","#N/A"
79779b0c-8609-49ce-8859-9a44b59fac3d,"#N/A","#N/A",false,Web,"#N/A","#N/A",Medium,"#N/A",New,Subject_lhxmy,"#N/A","#N/A","#N/A","#N/A","#N/A"
79799725-d57c-4138-8271-a5d6c6808ee6,"#N/A","#N/A",false,Web,"#N/A","#N/A",Medium,"#N/A",New,Subject_mnjxg,"#N/A","#N/A","#N/A","#N/A","#N/A"
797ca123-37cd-4c23-ad33-efad4ef4baea,"#N/A","#N/A",false,Web,"#N/A","#N/A",Medium,"#N/A",New,Subject_yaiqo,"#N/A","#N/A","#N/A","#N/A","#N/A"
797f3040-0456-4333-a914-e4deaeaddcc8,"#N/A","#N/A",false,Web,"#N/A","#N/A",Medium,"#N/A",New,Subject_xerjv,"#N/A","#N/A","#N/A","#N/A","#N/A"
79806157-bc1c-4eba-a13f-80e07cbd3ce8,"#N/A","#N/A",false,Web,"#N/A","#N/A",Medium,"#N/A",New,Subject_vuncu,"#N/A","#N/A","#N/A","#N/A","#N/A"
798867f8-e080-4d3e-b49c-b0504fb81eb0,"#N/A","#N/A",false,Web,"#N/A","#N/A",Medium,"#N/A",New,Subject_rfxyl,"#N/A","#N/A","#N/A","#N/A","#N/A"
798bf48d-11ca-4171-9bfb-9efe3d8b7a8f,"#N/A","#N/A",false,Web,"#N/A","#N/A",Medium,"#N/A",New,Subject_xhaze,"#N/A","#N/A","#N/A","#N/A","#N/A"
798fa0e3-8809-4d7f-98e5-de7ab8e3c3a0,"#N/A","#N/A",false,Web,"#N/A","#N/A",Medium,"#N/A",New,Subject_gxlzm,"#N/A","#N/A","#N/A","#N/A","#N/A"
79911e2a-1da5-40ac-9da6-4178a4d50dd7,"#N/A","#N/A",false,Web,"#N/A","#N/A",Medium,"#N/A",New,Subject_wixpk,"#N/A","#N/A","#N/A","#N/A","#N/A"
7994d606-5026-4cae-a872-2c79f94c6060,"#N/A","#N/A",false,Web,"#N/A","#N/A",Medium,"#N/A",New,Subject_cscdk,"#N/A","#N/A","#N/A","#N/A","#N/A"
7994decf-181a-49a8-8caa-2b66357c36bf,"#N/A","#N/A",false,Web,"#N/A","#N/A",Medium,"#N/A",New,Subject_worak,"#N/A","#N/A","#N/A","#N/A","#N/A"
7995c36e-ce19-4a4c-ac75-6d122cc6614c,"#N/A","#N/A",false,Web,"#N/A","#N/A",Medium,"#N/A",New,Subject_hvakj,"#N/A","#N/A","#N/A","#N/A","#N/A"
79964e20-2838-4470-9c57-c28bcd35c222,"#N/A","#N/A",false,Web,"#N/A","#N/A",Medium,"#N/A",New,Subject_oslam,"#N/A","#N/A","#N/A","#N/A","#N/A"
7999a211-1386-49e2-84dc-a016d0d1b993,"#N/A","#N/A",false,Web,"#N/A","#N/A",Medium,"#N/A",New,Subject_ukvnq,"#N/A","#N/A","#N/A","#N/A","#N/A"
79a05dff-402b-40dc-bf74-7fa7d3ae43b1,"#N/A","#N/A",false,Web,"#N/A","#N/A",Medium,"#N/A",New,Subject_hujtp,"#N/A","#N/A","#N/A","#N/A","#N/A"
79a0780e-4bfd-4d2f-a5e4-0793645c995e,"#N/A","#N/A",false,Web,"#N/A","#N/A",Medium,"#N/A",New,Subject_bcwdh,"#N/A","#N/A","#N/A","#N/A","#N/A"
79a5228f-3123-4522-b731-564362ae4bb1,"#N/A","#N/A",false,Web,"#N/A","#N/A",Medium,"#N/A",New,Subject_fdtpj,"#N/A","#N/A","#N/A","#N/A","#N/A"
79b140a5-d2be-481b-a819-1580f633662a,"#N/A","#N/A",false,Web,"#N/A","#N/A",Medium,"#N/A",New,Subject_iikjw,"#N/A","#N/A","#N/A","#N/A","#N/A"
79b43ec5-0e62-4a1a-9bd0-6030fbb2c627,"#N/A","#N/A",false,Web,"#N/A","#N/A",Medium,"#N/A",New,Subject_heril,"#N/A","#N/A","#N/A","#N/A","#N/A"
79b44491-ec7d-4716-9a0f-8fad3cb93316,"#N/A","#N/A",false,Web,"#N/A","#N/A",Medium,"#N/A",New,Subject_uyekj,"#N/A","#N/A","#N/A","#N/A","#N/A"
79b74f7d-11b2-448b-812c-28483a1c3c8c,"#N/A","#N/A",false,Web,"#N/A","#N/A",Medium,"#N/A",New,Subject_hzlax,"#N/A","#N/A","#N/A","#N/A","#N/A"
79bb6a24-a2cb-4dc7-8eeb-0551cd49ca22,"#N/A","#N/A",false,Web,"#N/A","#N/A",Medium,"#N/A",New,Subject_goaer,"#N/A","#N/A","#N/A","#N/A","#N/A"
79bbbc67-0906-4b76-a4ef-2a604523088a,"#N/A","#N/A",false,Web,"#N/A","#N/A",Medium,"#N/A",New,Subject_bytek,"#N/A","#N/A","#N/A","#N/A","#N/A"
79bcd0df-2bff-46f5-bbf0-0cd4b10a70c6,"#N/A","#N/A",false,Web,"#N/A","#N/A",Medium,"#N/A",New,Subject_mtygq,"#N/A","#N/A","#N/A","#N/A","#N/A"
79c02598-6b14-4f23-8f34-11e3f2e417e6,"#N/A","#N/A",false,Web,"#N/A","#N/A",Medium,"#N/A",New,Subject_eyyud,"#N/A","#N/A","#N/A","#N/A","#N/A"
79c05bb4-80e9-442a-a056-ac045b5ce49f,"#N/A","#N/A",false,Web,"#N/A","#N/A",Medium,"#N/A",New,Subject_ldzyp,"#N/A","#N/A","#N/A","#N/A","#N/A"
79c10a7e-2901-4731-b941-ad552159e4c8,"#N/A","#N/A",false,Web,"#N/A","#N/A",Medium,"#N/A",New,Subject_esvxe,"#N/A","#N/A","#N/A","#N/A","#N/A"
79c2f1ba-9891-4351-a058-a089db294143,"#N/A","#N/A",false,Web,"#N/A","#N/A",Medium,"#N/A",New,Subject_wgbox,"#N/A","#N/A","#N/A","#N/A","#N/A"
79c47ac4-a91e-4ff7-bc24-5e9fd4e7bac5,"#N/A","#N/A",false,Web,"#N/A","#N/A",Medium,"#N/A",New,Subject_xyzsr,"#N/A","#N/A","#N/A","#N/A","#N/A"
79c7d050-fedb-4020-98fc-c30fa2b4e4f3,"#N/A","#N/A",false,Web,"#N/A","#N/A",Medium,"#N/A",New,Subject_mwkon,"#N/A","#N/A","#N/A","#N/A","#N/A"
79ca0390-dd88-40d5-b50e-7dff4d69d931,"#N/A","#N/A",false,Web,"#N/A","#N/A",Medium,"#N/A",New,Subject_iemtt,"#N/A","#N/A","#N/A","#N/A","#N/A"
79cac259-37c1-416e-8705-2f555dbc3929,"#N/A","#N/A",false,Web,"#N/A","#N/A",Medium,"#N/A",New,Subject_apuoo,"#N/A","#N/A","#N/A","#N/A","#N/A"
79cb0c25-b69c-40c7-bd0d-99a532bf23c6,"#N/A","#N/A",false,Web,"#N/A","#N/A",Medium,"#N/A",New,Subject_pznnh,"#N/A","#N/A","#N/A","#N/A","#N/A"
79cb3c2b-0268-4f4a-8089-14cf19e49ac9,"#N/A","#N/A",false,Web,"#N/A","#N/A",Medium,"#N/A",New,Subject_zyyoj,"#N/A","#N/A","#N/A","#N/A","#N/A"
79ced23d-dcbd-4b2d-9729-8c7e05a3290f,"#N/A","#N/A",false,Web,"#N/A","#N/A",Medium,"#N/A",New,Subject_ghyhh,"#N/A","#N/A","#N/A","#N/A","#N/A"
79d1d5fe-ee52-4923-b607-e6393174d863,"#N/A","#N/A",false,Web,"#N/A","#N/A",Medium,"#N/A",New,Subject_gfmvp,"#N/A","#N/A","#N/A","#N/A","#N/A"
79d4e5c3-a175-4804-883e-c6c7c8ec177b,"#N/A","#N/A",false,Web,"#N/A","#N/A",Medium,"#N/A",New,Subject_zrsup,"#N/A","#N/A","#N/A","#N/A","#N/A"
79d4f072-a0f8-488f-ab5a-34c323da38f3,"#N/A","#N/A",false,Web,"#N/A","#N/A",Medium,"#N/A",New,Subject_tabof,"#N/A","#N/A","#N/A","#N/A","#N/A"
79d80754-bfc2-4cff-8eac-746107f98dbd,"#N/A","#N/A",false,Web,"#N/A","#N/A",Medium,"#N/A",New,Subject_qwhkv,"#N/A","#N/A","#N/A","#N/A","#N/A"
79db9ce9-4510-426e-a1ea-e0ddea3f1188,"#N/A","#N/A",false,Web,"#N/A","#N/A",Medium,"#N/A",New,Subject_wztdl,"#N/A","#N/A","#N/A","#N/A","#N/A"
79e1dc92-62c9-4b7f-b622-010c19f9a1db,"#N/A","#N/A",false,Web,"#N/A","#N/A",Medium,"#N/A",New,Subject_ivsbd,"#N/A","#N/A","#N/A","#N/A","#N/A"
79e29f6e-7669-4bbf-a5df-19e2e03bf3fd,"#N/A","#N/A",false,Web,"#N/A","#N/A",Medium,"#N/A",New,Subject_rpuyd,"#N/A","#N/A","#N/A","#N/A","#N/A"
79e3eaed-ea7c-40fd-aef8-9896453b84e2,"#N/A","#N/A",false,Web,"#N/A","#N/A",Medium,"#N/A",New,Subject_libjr,"#N/A","#N/A","#N/A","#N/A","#N/A"
79e5c660-93b5-404a-b5d9-2a9bdfdb6b4a,"#N/A","#N/A",false,Web,"#N/A","#N/A",Medium,"#N/A",New,Subject_ocsji,"#N/A","#N/A","#N/A","#N/A","#N/A"
79ea2308-6aae-42cc-902e-d34ceeba0411,"#N/A","#N/A",false,Web,"#N/A","#N/A",Medium,"#N/A",New,Subject_qqmoj,"#N/A","#N/A","#N/A","#N/A","#N/A"
79eba90d-becf-46a6-aba9-69b56e28d672,"#N/A","#N/A",false,Web,"#N/A","#N/A",Medium,"#N/A",New,Subject_wsqxs,"#N/A","#N/A","#N/A","#N/A","#N/A"
79efc26c-1564-405f-bc6b-3d30430ef17c,"#N/A","#N/A",false,Web,"#N/A","#N/A",Medium,"#N/A",New,Subject_prjrz,"#N/A","#N/A","#N/A","#N/A","#N/A"
79eff41b-312e-4914-a6b4-b46df3d066c3,"#N/A","#N/A",false,Web,"#N/A","#N/A",Medium,"#N/A",New,Subject_tidyv,"#N/A","#N/A","#N/A","#N/A","#N/A"
79f21a9e-ee67-47aa-864a-6da929e0ea17,"#N/A","#N/A",false,Web,"#N/A","#N/A",Medium,"#N/A",New,Subject_iunut,"#N/A","#N/A","#N/A","#N/A","#N/A"
79f32fe2-fed9-48f7-9c21-b59bbce52bca,"#N/A","#N/A",false,Web,"#N/A","#N/A",Medium,"#N/A",New,Subject_ektzu,"#N/A","#N/A","#N/A","#N/A","#N/A"
79f48b78-610a-400c-b6f4-df11f0458ae8,"#N/A","#N/A",false,Web,"#N/A","#N/A",Medium,"#N/A",New,Subject_mxguf,"#N/A","#N/A","#N/A","#N/A","#N/A"
79f7f35e-a6f4-45be-9e28-e1f1140980a7,"#N/A","#N/A",false,Web,"#N/A","#N/A",Medium,"#N/A",New,Subject_blwlj,"#N/A","#N/A","#N/A","#N/A","#N/A"
79f8466b-3d89-425b-b536-32a365d74fa4,"#N/A","#N/A",false,Web,"#N/A","#N/A",Medium,"#N/A",New,Subject_wwjmr,"#N/A","#N/A","#N/A","#N/A","#N/A"
79f9fefe-1016-4542-887f-e2366a47870f,"#N/A","#N/A",false,Web,"#N/A","#N/A",Medium,"#N/A",New,Subject_eleul,"#N/A","#N/A","#N/A","#N/A","#N/A"
79fabeaf-9ba1-46f3-b7e0-798f85e60d71,"#N/A","#N/A",false,Web,"#N/A","#N/A",Medium,"#N/A",New,Subject_ffgmh,"#N/A","#N/A","#N/A","#N/A","#N/A"
7a010bcc-5aae-4ecb-a0be-dcbc4a137f0a,"#N/A","#N/A",false,Web,"#N/A","#N/A",Medium,"#N/A",New,Subject_fhpsu,"#N/A","#N/A","#N/A","#N/A","#N/A"
7a0961ec-332c-43d1-b9ce-e7b2e821b7af,"#N/A","#N/A",false,Web,"#N/A","#N/A",Medium,"#N/A",New,Subject_rdivg,"#N/A","#N/A","#N/A","#N/A","#N/A"
7a097f39-bd33-46f0-a47f-52fcd9eadb5b,"#N/A","#N/A",false,Web,"#N/A","#N/A",Medium,"#N/A",New,Subject_yprah,"#N/A","#N/A","#N/A","#N/A","#N/A"
7a10e7e9-fb32-40d3-9072-bb365ec93969,"#N/A","#N/A",false,Web,"#N/A","#N/A",Medium,"#N/A",New,Subject_cnaap,"#N/A","#N/A","#N/A","#N/A","#N/A"
7a11ec01-061f-437d-8345-2b484dbc9154,"#N/A","#N/A",false,Web,"#N/A","#N/A",Medium,"#N/A",New,Subject_jatxi,"#N/A","#N/A","#N/A","#N/A","#N/A"
7a135f15-79ca-4528-a673-ddf6d32a6633,"#N/A","#N/A",false,Web,"#N/A","#N/A",Medium,"#N/A",New,Subject_xkdft,"#N/A","#N/A","#N/A","#N/A","#N/A"
7a1424e9-7781-49b2-bfaa-bdebbd527910,"#N/A","#N/A",false,Web,"#N/A","#N/A",Medium,"#N/A",New,Subject_cjjiz,"#N/A","#N/A","#N/A","#N/A","#N/A"
7a16d3da-9c37-43f7-999e-767d797ee8b6,"#N/A","#N/A",false,Web,"#N/A","#N/A",Medium,"#N/A",New,Subject_gogwb,"#N/A","#N/A","#N/A","#N/A","#N/A"
7a175967-9f29-406e-988b-c9b382a1bc9a,"#N/A","#N/A",false,Web,"#N/A","#N/A",Medium,"#N/A",New,Subject_ltdon,"#N/A","#N/A","#N/A","#N/A","#N/A"
7a1b0ad4-e7c4-4059-b7e9-95acd5e3e22f,"#N/A","#N/A",false,Web,"#N/A","#N/A",Medium,"#N/A",New,Subject_ozalu,"#N/A","#N/A","#N/A","#N/A","#N/A"
7a1bc61a-e220-475f-a623-1f1ade99c555,"#N/A","#N/A",false,Web,"#N/A","#N/A",Medium,"#N/A",New,Subject_abljn,"#N/A","#N/A","#N/A","#N/A","#N/A"
7a1d170b-2b6b-4744-9840-0678fc096ce2,"#N/A","#N/A",false,Web,"#N/A","#N/A",Medium,"#N/A",New,Subject_puxmi,"#N/A","#N/A","#N/A","#N/A","#N/A"
7a1ecad1-4526-434a-be51-321e30c51154,"#N/A","#N/A",false,Web,"#N/A","#N/A",Medium,"#N/A",New,Subject_cnurc,"#N/A","#N/A","#N/A","#N/A","#N/A"
7a28564b-7c02-4d58-8f21-eea288995955,"#N/A","#N/A",false,Web,"#N/A","#N/A",Medium,"#N/A",New,Subject_wwsbs,"#N/A","#N/A","#N/A","#N/A","#N/A"
7a2c474d-a0ef-4c9b-b8dd-5ac279ff56ef,"#N/A","#N/A",false,Web,"#N/A","#N/A",Medium,"#N/A",New,Subject_sjdgq,"#N/A","#N/A","#N/A","#N/A","#N/A"
7a2c4923-8633-4bed-af60-1fbb8f0d6c3f,"#N/A","#N/A",false,Web,"#N/A","#N/A",Medium,"#N/A",New,Subject_bwtkk,"#N/A","#N/A","#N/A","#N/A","#N/A"
7a315890-64cf-4478-aaf7-048551695fca,"#N/A","#N/A",false,Web,"#N/A","#N/A",Medium,"#N/A",New,Subject_odtzd,"#N/A","#N/A","#N/A","#N/A","#N/A"
7a33b269-bcdd-4d5b-9b41-0a01395bdd87,"#N/A","#N/A",false,Web,"#N/A","#N/A",Medium,"#N/A",New,Subject_pqjun,"#N/A","#N/A","#N/A","#N/A","#N/A"
7a396e97-378f-4f6b-8e36-002e2449516a,"#N/A","#N/A",false,Web,"#N/A","#N/A",Medium,"#N/A",New,Subject_pmmhq,"#N/A","#N/A","#N/A","#N/A","#N/A"
7a4191a8-f70a-4812-a4c2-8298784a829a,"#N/A","#N/A",false,Web,"#N/A","#N/A",Medium,"#N/A",New,Subject_pjdyx,"#N/A","#N/A","#N/A","#N/A","#N/A"
7a44edc8-9bb8-4107-b52f-b4cd22373f08,"#N/A","#N/A",false,Web,"#N/A","#N/A",Medium,"#N/A",New,Subject_ukyxg,"#N/A","#N/A","#N/A","#N/A","#N/A"
7a452136-d093-411a-8e16-c548dffbc40c,"#N/A","#N/A",false,Web,"#N/A","#N/A",Medium,"#N/A",New,Subject_wjwdp,"#N/A","#N/A","#N/A","#N/A","#N/A"
7a4bd8e6-15e2-4c98-aaff-ccfe837fef7a,"#N/A","#N/A",false,Web,"#N/A","#N/A",Medium,"#N/A",New,Subject_tnyag,"#N/A","#N/A","#N/A","#N/A","#N/A"
7a4d07b8-edb0-4e7b-887e-79643e26082d,"#N/A","#N/A",false,Web,"#N/A","#N/A",Medium,"#N/A",New,Subject_jnstd,"#N/A","#N/A","#N/A","#N/A","#N/A"
7a4d0dea-eb96-4008-af9f-972a956192d3,"#N/A","#N/A",false,Web,"#N/A","#N/A",Medium,"#N/A",New,Subject_olzco,"#N/A","#N/A","#N/A","#N/A","#N/A"
7a51610b-d63f-4aa1-a37d-5ae52d5e9468,"#N/A","#N/A",false,Web,"#N/A","#N/A",Medium,"#N/A",New,Subject_hqteu,"#N/A","#N/A","#N/A","#N/A","#N/A"
7a56b84d-bf7a-43fc-9a98-794439140e4a,"#N/A","#N/A",false,Web,"#N/A","#N/A",Medium,"#N/A",New,Subject_gvpyy,"#N/A","#N/A","#N/A","#N/A","#N/A"
7a5caae2-7189-41e5-b6ed-4e3f87ccf65e,"#N/A","#N/A",false,Web,"#N/A","#N/A",Medium,"#N/A",New,Subject_divdm,"#N/A","#N/A","#N/A","#N/A","#N/A"
7a608f6e-173f-4cdb-ae27-6076dad30997,"#N/A","#N/A",false,Web,"#N/A","#N/A",Medium,"#N/A",New,Subject_ltons,"#N/A","#N/A","#N/A","#N/A","#N/A"
7a61e04a-81cd-4384-b3f2-291fe8c67bc8,"#N/A","#N/A",false,Web,"#N/A","#N/A",Medium,"#N/A",New,Subject_gxuqm,"#N/A","#N/A","#N/A","#N/A","#N/A"
7a6341bb-b73f-4354-8851-45184731de5f,"#N/A","#N/A",false,Web,"#N/A","#N/A",Medium,"#N/A",New,Subject_dkfcf,"#N/A","#N/A","#N/A","#N/A","#N/A"
7a64b083-c818-47d4-ba5e-4f190b795490,"#N/A","#N/A",false,Web,"#N/A","#N/A",Medium,"#N/A",New,Subject_cqkat,"#N/A","#N/A","#N/A","#N/A","#N/A"
7a65e245-656d-40a3-bcc3-1ab13f33bb3f,"#N/A","#N/A",false,Web,"#N/A","#N/A",Medium,"#N/A",New,Subject_prjva,"#N/A","#N/A","#N/A","#N/A","#N/A"
7a67187f-c4dd-41b0-bae2-26a1a8f035d5,"#N/A","#N/A",false,Web,"#N/A","#N/A",Medium,"#N/A",New,Subject_jvgcg,"#N/A","#N/A","#N/A","#N/A","#N/A"
7a68ccee-0883-4584-b13e-144a72c7ccf1,"#N/A","#N/A",false,Web,"#N/A","#N/A",Medium,"#N/A",New,Subject_kvuhz,"#N/A","#N/A","#N/A","#N/A","#N/A"
7a72a8ac-1564-4ffc-87d4-feae0c31e4f7,"#N/A","#N/A",false,Web,"#N/A","#N/A",Medium,"#N/A",New,Subject_jzjet,"#N/A","#N/A","#N/A","#N/A","#N/A"
7a7a019e-242d-4d23-a619-7998d74f10f3,"#N/A","#N/A",false,Web,"#N/A","#N/A",Medium,"#N/A",New,Subject_khumx,"#N/A","#N/A","#N/A","#N/A","#N/A"
7a7c3a2b-44e5-4b85-8cee-eec4a911559e,"#N/A","#N/A",false,Web,"#N/A","#N/A",Medium,"#N/A",New,Subject_nkshr,"#N/A","#N/A","#N/A","#N/A","#N/A"
7a7d10ed-5092-4129-9fd6-d2a4b9760ac7,"#N/A","#N/A",false,Web,"#N/A","#N/A",Medium,"#N/A",New,Subject_phdve,"#N/A","#N/A","#N/A","#N/A","#N/A"
7a7d506c-cc10-4ee9-b845-bef242657951,"#N/A","#N/A",false,Web,"#N/A","#N/A",Medium,"#N/A",New,Subject_dyawa,"#N/A","#N/A","#N/A","#N/A","#N/A"
7a7fc515-32bc-4a7e-a97d-90856c39d92c,"#N/A","#N/A",false,Web,"#N/A","#N/A",Medium,"#N/A",New,Subject_dlhhq,"#N/A","#N/A","#N/A","#N/A","#N/A"
7a88f6a9-39fd-41ef-9ac0-e3e428348dae,"#N/A","#N/A",false,Web,"#N/A","#N/A",Medium,"#N/A",New,Subject_ygkor,"#N/A","#N/A","#N/A","#N/A","#N/A"
7a8aa7cd-475f-4b6d-8f6a-4987976499ef,"#N/A","#N/A",false,Web,"#N/A","#N/A",Medium,"#N/A",New,Subject_xjozy,"#N/A","#N/A","#N/A","#N/A","#N/A"
7a8cc1a3-cf95-4c31-9a6d-ad99c2747963,"#N/A","#N/A",false,Web,"#N/A","#N/A",Medium,"#N/A",New,Subject_rdfkg,"#N/A","#N/A","#N/A","#N/A","#N/A"
7a8cd1d2-3d1f-419a-a4ce-b28f59f2ea8d,"#N/A","#N/A",false,Web,"#N/A","#N/A",Medium,"#N/A",New,Subject_aafrp,"#N/A","#N/A","#N/A","#N/A","#N/A"
7a8f0b0b-6a84-49f6-91de-025e3e5cc43f,"#N/A","#N/A",false,Web,"#N/A","#N/A",Medium,"#N/A",New,Subject_gjcqs,"#N/A","#N/A","#N/A","#N/A","#N/A"
7a8f47b5-e284-477d-8122-6321f272e26e,"#N/A","#N/A",false,Web,"#N/A","#N/A",Medium,"#N/A",New,Subject_gdcng,"#N/A","#N/A","#N/A","#N/A","#N/A"
7a8f75a0-af2a-4ffd-bde4-c6fbcb41e780,"#N/A","#N/A",false,Web,"#N/A","#N/A",Medium,"#N/A",New,Subject_kbonq,"#N/A","#N/A","#N/A","#N/A","#N/A"
7a90826a-d65e-47ff-92fd-572d4ba50ad2,"#N/A","#N/A",false,Web,"#N/A","#N/A",Medium,"#N/A",New,Subject_itlbb,"#N/A","#N/A","#N/A","#N/A","#N/A"
7a917e6c-10af-4119-9e1d-bef7ad1cab4d,"#N/A","#N/A",false,Web,"#N/A","#N/A",Medium,"#N/A",New,Subject_vrexb,"#N/A","#N/A","#N/A","#N/A","#N/A"
7a936608-36e3-4c6a-9bde-29585b4ec1d1,"#N/A","#N/A",false,Web,"#N/A","#N/A",Medium,"#N/A",New,Subject_zubhb,"#N/A","#N/A","#N/A","#N/A","#N/A"
7a94b632-f91a-412a-a6e4-3d9313a2017e,"#N/A","#N/A",false,Web,"#N/A","#N/A",Medium,"#N/A",New,Subject_wmkdu,"#N/A","#N/A","#N/A","#N/A","#N/A"
7a986cd4-60e3-433b-bfa7-a05f33ea373f,"#N/A","#N/A",false,Web,"#N/A","#N/A",Medium,"#N/A",New,Subject_uhvrt,"#N/A","#N/A","#N/A","#N/A","#N/A"
7a9bbc01-7c5d-4d70-babe-fa7835662238,"#N/A","#N/A",false,Web,"#N/A","#N/A",Medium,"#N/A",New,Subject_trltp,"#N/A","#N/A","#N/A","#N/A","#N/A"
7a9c97f2-280c-45f7-aad2-d00c3b084a60,"#N/A","#N/A",false,Web,"#N/A","#N/A",Medium,"#N/A",New,Subject_hkbvg,"#N/A","#N/A","#N/A","#N/A","#N/A"
7a9d64a7-84fd-41ed-b08f-7b3f9b83b176,"#N/A","#N/A",false,Web,"#N/A","#N/A",Medium,"#N/A",New,Subject_ejgmg,"#N/A","#N/A","#N/A","#N/A","#N/A"
7aa0127f-7742-477c-97b0-e13b55a7951c,"#N/A","#N/A",false,Web,"#N/A","#N/A",Medium,"#N/A",New,Subject_bmgpi,"#N/A","#N/A","#N/A","#N/A","#N/A"
7aa47076-e1b4-40cc-93a1-cf5488623ef6,"#N/A","#N/A",false,Web,"#N/A","#N/A",Medium,"#N/A",New,Subject_xyikh,"#N/A","#N/A","#N/A","#N/A","#N/A"
7aa6d0cc-0da9-4ee0-bd8b-cde1854feb16,"#N/A","#N/A",false,Web,"#N/A","#N/A",Medium,"#N/A",New,Subject_xbqfc,"#N/A","#N/A","#N/A","#N/A","#N/A"
7aa99ae7-741a-4a4e-8775-815e7428b9e2,"#N/A","#N/A",false,Web,"#N/A","#N/A",Medium,"#N/A",New,Subject_broly,"#N/A","#N/A","#N/A","#N/A","#N/A"
7aa9a70b-9280-43ec-94a7-6d63138d5035,"#N/A","#N/A",false,Web,"#N/A","#N/A",Medium,"#N/A",New,Subject_tpodb,"#N/A","#N/A","#N/A","#N/A","#N/A"
7aab10fc-226a-4c3c-b14e-5f4d655027b3,"#N/A","#N/A",false,Web,"#N/A","#N/A",Medium,"#N/A",New,Subject_ltckw,"#N/A","#N/A","#N/A","#N/A","#N/A"
7ab255ad-a88e-4dfc-ab3c-81404f94e1f7,"#N/A","#N/A",false,Web,"#N/A","#N/A",Medium,"#N/A",New,Subject_qbnvu,"#N/A","#N/A","#N/A","#N/A","#N/A"
7abd78ca-b911-4b1b-8cd3-20aedc6cb8d4,"#N/A","#N/A",false,Web,"#N/A","#N/A",Medium,"#N/A",New,Subject_qfhio,"#N/A","#N/A","#N/A","#N/A","#N/A"
7abf42e8-66b4-484e-845b-182e98bf77e0,"#N/A","#N/A",false,Web,"#N/A","#N/A",Medium,"#N/A",New,Subject_oxonu,"#N/A","#N/A","#N/A","#N/A","#N/A"
7ac07929-8647-49e0-86dd-8116eb697c33,"#N/A","#N/A",false,Web,"#N/A","#N/A",Medium,"#N/A",New,Subject_rhdlb,"#N/A","#N/A","#N/A","#N/A","#N/A"
7acc0eac-a187-4a9a-95ea-1e9ee4f46cb9,"#N/A","#N/A",false,Web,"#N/A","#N/A",Medium,"#N/A",New,Subject_osqkq,"#N/A","#N/A","#N/A","#N/A","#N/A"
7ad40fe6-083b-4a31-8794-b6f7f5e2f5ec,"#N/A","#N/A",false,Web,"#N/A","#N/A",Medium,"#N/A",New,Subject_majac,"#N/A","#N/A","#N/A","#N/A","#N/A"
7ad64627-4131-478a-939b-222982ae95b5,"#N/A","#N/A",false,Web,"#N/A","#N/A",Medium,"#N/A",New,Subject_icogb,"#N/A","#N/A","#N/A","#N/A","#N/A"
7add6feb-0f6c-4aa5-9477-5e62a093f5b1,"#N/A","#N/A",false,Web,"#N/A","#N/A",Medium,"#N/A",New,Subject_jtlsj,"#N/A","#N/A","#N/A","#N/A","#N/A"
7add9e9a-c2e5-41fa-9a11-758dbb583a5e,"#N/A","#N/A",false,Web,"#N/A","#N/A",Medium,"#N/A",New,Subject_ujcvf,"#N/A","#N/A","#N/A","#N/A","#N/A"
7ae61437-2e3b-44b9-acea-f95f400b1e7a,"#N/A","#N/A",false,Web,"#N/A","#N/A",Medium,"#N/A",New,Subject_krkxu,"#N/A","#N/A","#N/A","#N/A","#N/A"
7aea9347-c52a-4297-8642-a7f4b210d365,"#N/A","#N/A",false,Web,"#N/A","#N/A",Medium,"#N/A",New,Subject_ztuhc,"#N/A","#N/A","#N/A","#N/A","#N/A"
7aea9862-568a-454d-a74a-29204eb73818,"#N/A","#N/A",false,Web,"#N/A","#N/A",Medium,"#N/A",New,Subject_pseqw,"#N/A","#N/A","#N/A","#N/A","#N/A"
7aeaaae9-f452-469b-9f6a-64b83a98b2da,"#N/A","#N/A",false,Web,"#N/A","#N/A",Medium,"#N/A",New,Subject_adqpo,"#N/A","#N/A","#N/A","#N/A","#N/A"
7aed24c6-d67c-4172-bfc8-b18eeb551c29,"#N/A","#N/A",false,Web,"#N/A","#N/A",Medium,"#N/A",New,Subject_ucdrn,"#N/A","#N/A","#N/A","#N/A","#N/A"
7aee2010-b9f4-4b57-9d36-ada06acf5b54,"#N/A","#N/A",false,Web,"#N/A","#N/A",Medium,"#N/A",New,Subject_aicxk,"#N/A","#N/A","#N/A","#N/A","#N/A"
7aefa2e5-fa55-4acd-8425-b0ba5079681a,"#N/A","#N/A",false,Web,"#N/A","#N/A",Medium,"#N/A",New,Subject_davin,"#N/A","#N/A","#N/A","#N/A","#N/A"
7af44d10-2e81-495e-b74b-62ae3cb3aa0a,"#N/A","#N/A",false,Web,"#N/A","#N/A",Medium,"#N/A",New,Subject_takap,"#N/A","#N/A","#N/A","#N/A","#N/A"
7af45cd5-b6b2-4721-9a4a-0c5f3e863178,"#N/A","#N/A",false,Web,"#N/A","#N/A",Medium,"#N/A",New,Subject_jlrvo,"#N/A","#N/A","#N/A","#N/A","#N/A"
7af503ca-19e8-487a-807b-c945179b72b6,"#N/A","#N/A",false,Web,"#N/A","#N/A",Medium,"#N/A",New,Subject_dflgo,"#N/A","#N/A","#N/A","#N/A","#N/A"
7af587a6-b5f7-429f-ae2d-ea133e9fb401,"#N/A","#N/A",false,Web,"#N/A","#N/A",Medium,"#N/A",New,Subject_rayyr,"#N/A","#N/A","#N/A","#N/A","#N/A"
7af81eb1-3057-42e4-944e-939ddb45753b,"#N/A","#N/A",false,Web,"#N/A","#N/A",Medium,"#N/A",New,Subject_fdvim,"#N/A","#N/A","#N/A","#N/A","#N/A"
7afce86a-9fef-49e3-ab81-fb6cd86ad82f,"#N/A","#N/A",false,Web,"#N/A","#N/A",Medium,"#N/A",New,Subject_zksfo,"#N/A","#N/A","#N/A","#N/A","#N/A"
7afd861d-798c-401a-9f83-806571f89a24,"#N/A","#N/A",false,Web,"#N/A","#N/A",Medium,"#N/A",New,Subject_mdwtm,"#N/A","#N/A","#N/A","#N/A","#N/A"
7aff4e25-8a92-4634-a554-9ad16f89879a,"#N/A","#N/A",false,Web,"#N/A","#N/A",Medium,"#N/A",New,Subject_lydwf,"#N/A","#N/A","#N/A","#N/A","#N/A"
7b03cb26-f44e-49ec-803d-86d15b089013,"#N/A","#N/A",false,Web,"#N/A","#N/A",Medium,"#N/A",New,Subject_qdjyv,"#N/A","#N/A","#N/A","#N/A","#N/A"
7b091852-dbf2-4a60-a045-1e24c19733d3,"#N/A","#N/A",false,Web,"#N/A","#N/A",Medium,"#N/A",New,Subject_stfgu,"#N/A","#N/A","#N/A","#N/A","#N/A"
7b09ca72-f940-4506-a771-7af7538614f6,"#N/A","#N/A",false,Web,"#N/A","#N/A",Medium,"#N/A",New,Subject_mkkbx,"#N/A","#N/A","#N/A","#N/A","#N/A"
7b0df7c5-f907-4285-aebc-5c029e50519d,"#N/A","#N/A",false,Web,"#N/A","#N/A",Medium,"#N/A",New,Subject_vuuxl,"#N/A","#N/A","#N/A","#N/A","#N/A"
7b0f1c54-27d1-4e5b-94e3-24e87c86972e,"#N/A","#N/A",false,Web,"#N/A","#N/A",Medium,"#N/A",New,Subject_gtqhg,"#N/A","#N/A","#N/A","#N/A","#N/A"
7b0f537e-39c3-49b4-9916-912a45532b3d,"#N/A","#N/A",false,Web,"#N/A","#N/A",Medium,"#N/A",New,Subject_depxt,"#N/A","#N/A","#N/A","#N/A","#N/A"
7b1aea83-c7c1-49e9-9778-352f61641d03,"#N/A","#N/A",false,Web,"#N/A","#N/A",Medium,"#N/A",New,Subject_sswwa,"#N/A","#N/A","#N/A","#N/A","#N/A"
7b1db4a2-7fd9-4e18-bd32-4960bed1bdd4,"#N/A","#N/A",false,Web,"#N/A","#N/A",Medium,"#N/A",New,Subject_tgoal,"#N/A","#N/A","#N/A","#N/A","#N/A"
7b248f63-b2b0-4eaa-a7f0-361198621d57,"#N/A","#N/A",false,Web,"#N/A","#N/A",Medium,"#N/A",New,Subject_ujxuv,"#N/A","#N/A","#N/A","#N/A","#N/A"
7b248fd5-08d3-443c-bc92-4bbf3cf6d4ca,"#N/A","#N/A",false,Web,"#N/A","#N/A",Medium,"#N/A",New,Subject_hhcvv,"#N/A","#N/A","#N/A","#N/A","#N/A"
7b25d54c-df53-4bc0-8a95-ed3a3d90adef,"#N/A","#N/A",false,Web,"#N/A","#N/A",Medium,"#N/A",New,Subject_wfmbk,"#N/A","#N/A","#N/A","#N/A","#N/A"
7b265ee7-ad3f-4533-8a3a-19e82836360e,"#N/A","#N/A",false,Web,"#N/A","#N/A",Medium,"#N/A",New,Subject_htzwc,"#N/A","#N/A","#N/A","#N/A","#N/A"
7b276982-08e8-4f7f-b3f4-d293d5a204c2,"#N/A","#N/A",false,Web,"#N/A","#N/A",Medium,"#N/A",New,Subject_ulntr,"#N/A","#N/A","#N/A","#N/A","#N/A"
7b2c1290-3d2c-42a3-a3e2-74ae914e7b9b,"#N/A","#N/A",false,Web,"#N/A","#N/A",Medium,"#N/A",New,Subject_llaif,"#N/A","#N/A","#N/A","#N/A","#N/A"
7b2d2cce-a8a2-4ed3-b888-6bedabd7900a,"#N/A","#N/A",false,Web,"#N/A","#N/A",Medium,"#N/A",New,Subject_nyrvh,"#N/A","#N/A","#N/A","#N/A","#N/A"
7b3024cb-bcac-4eef-8206-aa6527f956f0,"#N/A","#N/A",false,Web,"#N/A","#N/A",Medium,"#N/A",New,Subject_unren,"#N/A","#N/A","#N/A","#N/A","#N/A"
7b3164ef-b95d-4d73-9e55-c0c2e2accffa,"#N/A","#N/A",false,Web,"#N/A","#N/A",Medium,"#N/A",New,Subject_gqedh,"#N/A","#N/A","#N/A","#N/A","#N/A"
7b375b06-3c74-43fc-a3b0-a929e4ead2e9,"#N/A","#N/A",false,Web,"#N/A","#N/A",Medium,"#N/A",New,Subject_vwbbb,"#N/A","#N/A","#N/A","#N/A","#N/A"
7b38580b-813a-42d7-a0fa-f03d920cdc3c,"#N/A","#N/A",false,Web,"#N/A","#N/A",Medium,"#N/A",New,Subject_gdrtd,"#N/A","#N/A","#N/A","#N/A","#N/A"
7b392082-4251-4e0d-88b7-2484ea38e560,"#N/A","#N/A",false,Web,"#N/A","#N/A",Medium,"#N/A",New,Subject_lwknf,"#N/A","#N/A","#N/A","#N/A","#N/A"
7b39cf1e-25bf-4170-bbc1-d7b3a83e7db8,"#N/A","#N/A",false,Web,"#N/A","#N/A",Medium,"#N/A",New,Subject_ozwjq,"#N/A","#N/A","#N/A","#N/A","#N/A"
7b426348-45ba-41c7-8cb7-148c516e79c6,"#N/A","#N/A",false,Web,"#N/A","#N/A",Medium,"#N/A",New,Subject_fpfjv,"#N/A","#N/A","#N/A","#N/A","#N/A"
7b446f2f-2129-430e-aad9-b145d1c9120b,"#N/A","#N/A",false,Web,"#N/A","#N/A",Medium,"#N/A",New,Subject_hehdp,"#N/A","#N/A","#N/A","#N/A","#N/A"
7b44b7af-89f8-49fb-8e07-b8ea4250232b,"#N/A","#N/A",false,Web,"#N/A","#N/A",Medium,"#N/A",New,Subject_gvxrr,"#N/A","#N/A","#N/A","#N/A","#N/A"
7b44f25d-bf71-487e-aba2-cbb683fbda06,"#N/A","#N/A",false,Web,"#N/A","#N/A",Medium,"#N/A",New,Subject_rtrhk,"#N/A","#N/A","#N/A","#N/A","#N/A"
7b4828a6-94d7-4385-ae2d-900689121917,"#N/A","#N/A",false,Web,"#N/A","#N/A",Medium,"#N/A",New,Subject_sbwjn,"#N/A","#N/A","#N/A","#N/A","#N/A"
7b482a7b-143a-4740-8225-a87f8064ba5e,"#N/A","#N/A",false,Web,"#N/A","#N/A",Medium,"#N/A",New,Subject_pwprd,"#N/A","#N/A","#N/A","#N/A","#N/A"
7b48eb5d-75ba-4817-a273-0c7ad6fa8307,"#N/A","#N/A",false,Web,"#N/A","#N/A",Medium,"#N/A",New,Subject_nqnlr,"#N/A","#N/A","#N/A","#N/A","#N/A"
7b4b9ca4-6f37-4970-be9f-024ffb2582c3,"#N/A","#N/A",false,Web,"#N/A","#N/A",Medium,"#N/A",New,Subject_wkcvo,"#N/A","#N/A","#N/A","#N/A","#N/A"
7b53db1e-4a23-4de4-a444-7b84fd351122,"#N/A","#N/A",false,Web,"#N/A","#N/A",Medium,"#N/A",New,Subject_gyfyy,"#N/A","#N/A","#N/A","#N/A","#N/A"
7b5cf6c2-91a1-4ecd-a4be-8111f1f8ada7,"#N/A","#N/A",false,Web,"#N/A","#N/A",Medium,"#N/A",New,Subject_zgzvq,"#N/A","#N/A","#N/A","#N/A","#N/A"
7b5d4677-4b51-4cbb-a266-0b0ca8f28918,"#N/A","#N/A",false,Web,"#N/A","#N/A",Medium,"#N/A",New,Subject_vhdsy,"#N/A","#N/A","#N/A","#N/A","#N/A"
7b5e23ed-fb44-4226-9750-357017cadc07,"#N/A","#N/A",false,Web,"#N/A","#N/A",Medium,"#N/A",New,Subject_gadfc,"#N/A","#N/A","#N/A","#N/A","#N/A"
7b5e338c-3368-4b84-b19c-66e6cc6f557f,"#N/A","#N/A",false,Web,"#N/A","#N/A",Medium,"#N/A",New,Subject_bipjy,"#N/A","#N/A","#N/A","#N/A","#N/A"
7b62adb6-bd98-4bdf-8434-cf359516b37f,"#N/A","#N/A",false,Web,"#N/A","#N/A",Medium,"#N/A",New,Subject_rarga,"#N/A","#N/A","#N/A","#N/A","#N/A"
7b64dd7d-0123-4481-9c9f-cadff97ee940,"#N/A","#N/A",false,Web,"#N/A","#N/A",Medium,"#N/A",New,Subject_xctmk,"#N/A","#N/A","#N/A","#N/A","#N/A"
7b684e48-90c6-444a-88f3-3e979e93dbcf,"#N/A","#N/A",false,Web,"#N/A","#N/A",Medium,"#N/A",New,Subject_dojza,"#N/A","#N/A","#N/A","#N/A","#N/A"
7b68c04b-4bb8-414d-9530-faa688ecce32,"#N/A","#N/A",false,Web,"#N/A","#N/A",Medium,"#N/A",New,Subject_trcox,"#N/A","#N/A","#N/A","#N/A","#N/A"
7b699d7b-640a-4508-b750-69ed7189876c,"#N/A","#N/A",false,Web,"#N/A","#N/A",Medium,"#N/A",New,Subject_vqwaf,"#N/A","#N/A","#N/A","#N/A","#N/A"
7b6acfb4-486d-43cf-86f5-d18a033310f3,"#N/A","#N/A",false,Web,"#N/A","#N/A",Medium,"#N/A",New,Subject_isygk,"#N/A","#N/A","#N/A","#N/A","#N/A"
7b6d916f-6f16-48a7-8683-ddce584371f6,"#N/A","#N/A",false,Web,"#N/A","#N/A",Medium,"#N/A",New,Subject_cfszi,"#N/A","#N/A","#N/A","#N/A","#N/A"
7b6eaa0f-f639-4ee3-b697-2a81aa71a617,"#N/A","#N/A",false,Web,"#N/A","#N/A",Medium,"#N/A",New,Subject_nwthg,"#N/A","#N/A","#N/A","#N/A","#N/A"
7b7271e0-723e-4746-8bba-6dcfdb67e79c,"#N/A","#N/A",false,Web,"#N/A","#N/A",Medium,"#N/A",New,Subject_uqrue,"#N/A","#N/A","#N/A","#N/A","#N/A"
7b73920b-a9c3-4d3e-8381-65cd2060a56d,"#N/A","#N/A",false,Web,"#N/A","#N/A",Medium,"#N/A",New,Subject_nxxuv,"#N/A","#N/A","#N/A","#N/A","#N/A"
7b789053-56fc-497d-8054-97d30e1f19bb,"#N/A","#N/A",false,Web,"#N/A","#N/A",Medium,"#N/A",New,Subject_jioir,"#N/A","#N/A","#N/A","#N/A","#N/A"
7b791338-5532-4036-be4d-cce93fe9b04e,"#N/A","#N/A",false,Web,"#N/A","#N/A",Medium,"#N/A",New,Subject_zrgyo,"#N/A","#N/A","#N/A","#N/A","#N/A"
7b7d3ee5-ad1b-4c71-8075-d1881fe7c04f,"#N/A","#N/A",false,Web,"#N/A","#N/A",Medium,"#N/A",New,Subject_przbl,"#N/A","#N/A","#N/A","#N/A","#N/A"
7b81c9d2-787e-4f51-818e-018cb1c20a3f,"#N/A","#N/A",false,Web,"#N/A","#N/A",Medium,"#N/A",New,Subject_kngmx,"#N/A","#N/A","#N/A","#N/A","#N/A"
7b834808-14f2-4902-9501-4ff917b2b271,"#N/A","#N/A",false,Web,"#N/A","#N/A",Medium,"#N/A",New,Subject_bcrbd,"#N/A","#N/A","#N/A","#N/A","#N/A"
7b83eaf2-6f5b-451c-a4b0-d7387bcb86f0,"#N/A","#N/A",false,Web,"#N/A","#N/A",Medium,"#N/A",New,Subject_dfpfs,"#N/A","#N/A","#N/A","#N/A","#N/A"
7b86d9c5-d048-410b-9613-2e99cec39596,"#N/A","#N/A",false,Web,"#N/A","#N/A",Medium,"#N/A",New,Subject_huzlp,"#N/A","#N/A","#N/A","#N/A","#N/A"
7b877292-6c33-45a1-b027-1908fa6f531f,"#N/A","#N/A",false,Web,"#N/A","#N/A",Medium,"#N/A",New,Subject_iaxhl,"#N/A","#N/A","#N/A","#N/A","#N/A"
7b881dad-9cdc-4ba4-afbf-6f1ad2ebf1fa,"#N/A","#N/A",false,Web,"#N/A","#N/A",Medium,"#N/A",New,Subject_ahyji,"#N/A","#N/A","#N/A","#N/A","#N/A"
7b8b982e-d4c3-4ee1-b2b2-cd59d06372e0,"#N/A","#N/A",false,Web,"#N/A","#N/A",Medium,"#N/A",New,Subject_cspqo,"#N/A","#N/A","#N/A","#N/A","#N/A"
7b8e69c3-feb3-45c9-aca4-19408366cdad,"#N/A","#N/A",false,Web,"#N/A","#N/A",Medium,"#N/A",New,Subject_xajze,"#N/A","#N/A","#N/A","#N/A","#N/A"
7b922fb4-de8e-437c-804a-2705c6089e69,"#N/A","#N/A",false,Web,"#N/A","#N/A",Medium,"#N/A",New,Subject_sylte,"#N/A","#N/A","#N/A","#N/A","#N/A"
7b9416ce-61b2-4dda-b8e4-023e6295ce64,"#N/A","#N/A",false,Web,"#N/A","#N/A",Medium,"#N/A",New,Subject_vzjrw,"#N/A","#N/A","#N/A","#N/A","#N/A"
7b95dfe2-cbce-427a-9020-64de7225c817,"#N/A","#N/A",false,Web,"#N/A","#N/A",Medium,"#N/A",New,Subject_ozesm,"#N/A","#N/A","#N/A","#N/A","#N/A"
7b97cb8e-ddcd-4d17-bcd9-7f7dece18682,"#N/A","#N/A",false,Web,"#N/A","#N/A",Medium,"#N/A",New,Subject_uydve,"#N/A","#N/A","#N/A","#N/A","#N/A"
7b9bbc04-a00f-453b-b55f-d285eefc64cf,"#N/A","#N/A",false,Web,"#N/A","#N/A",Medium,"#N/A",New,Subject_ifkuq,"#N/A","#N/A","#N/A","#N/A","#N/A"
7b9c46df-08a3-4519-a1a9-8114cef9b0e3,"#N/A","#N/A",false,Web,"#N/A","#N/A",Medium,"#N/A",New,Subject_pusvb,"#N/A","#N/A","#N/A","#N/A","#N/A"
7b9c8098-aad9-4917-865c-f75914e13f78,"#N/A","#N/A",false,Web,"#N/A","#N/A",Medium,"#N/A",New,Subject_xvfax,"#N/A","#N/A","#N/A","#N/A","#N/A"
7ba04be4-67c7-4709-9a3b-6b52b36f8e16,"#N/A","#N/A",false,Web,"#N/A","#N/A",Medium,"#N/A",New,Subject_rsicn,"#N/A","#N/A","#N/A","#N/A","#N/A"
7ba34a5c-0f9f-4439-853a-dc22b1d0b487,"#N/A","#N/A",false,Web,"#N/A","#N/A",Medium,"#N/A",New,Subject_nyyoj,"#N/A","#N/A","#N/A","#N/A","#N/A"
7ba6b36b-cd91-4fad-86b9-eaedc5e65951,"#N/A","#N/A",false,Web,"#N/A","#N/A",Medium,"#N/A",New,Subject_psbjz,"#N/A","#N/A","#N/A","#N/A","#N/A"
7ba79706-e578-4813-b1b3-8728b9c42af6,"#N/A","#N/A",false,Web,"#N/A","#N/A",Medium,"#N/A",New,Subject_mqlia,"#N/A","#N/A","#N/A","#N/A","#N/A"
7bb16952-9aea-4643-9e34-1eea21af1a78,"#N/A","#N/A",false,Web,"#N/A","#N/A",Medium,"#N/A",New,Subject_nhent,"#N/A","#N/A","#N/A","#N/A","#N/A"
7bb4c9c4-a903-410b-913e-67d9404e2d04,"#N/A","#N/A",false,Web,"#N/A","#N/A",Medium,"#N/A",New,Subject_pruef,"#N/A","#N/A","#N/A","#N/A","#N/A"
7bb4ca1b-983f-419a-949d-dc21fe1e7065,"#N/A","#N/A",false,Web,"#N/A","#N/A",Medium,"#N/A",New,Subject_dsdka,"#N/A","#N/A","#N/A","#N/A","#N/A"
7bb84bea-0706-42f0-8258-f397519b915a,"#N/A","#N/A",false,Web,"#N/A","#N/A",Medium,"#N/A",New,Subject_mncmk,"#N/A","#N/A","#N/A","#N/A","#N/A"
7bba74da-5a6e-4c11-9c9a-ca8d4554fa1b,"#N/A","#N/A",false,Web,"#N/A","#N/A",Medium,"#N/A",New,Subject_tqkda,"#N/A","#N/A","#N/A","#N/A","#N/A"
7bbab15d-b97a-4e52-9a9b-eb3642a9413d,"#N/A","#N/A",false,Web,"#N/A","#N/A",Medium,"#N/A",New,Subject_jkqmm,"#N/A","#N/A","#N/A","#N/A","#N/A"
7bbafb57-ec21-46da-9b57-faa5abd0a94b,"#N/A","#N/A",false,Web,"#N/A","#N/A",Medium,"#N/A",New,Subject_aqpzt,"#N/A","#N/A","#N/A","#N/A","#N/A"
7bbbb218-4f5c-48dc-ac6d-a0b45b81c23e,"#N/A","#N/A",false,Web,"#N/A","#N/A",Medium,"#N/A",New,Subject_jzygj,"#N/A","#N/A","#N/A","#N/A","#N/A"
7bbcba52-026f-458e-9e5c-375accf56caa,"#N/A","#N/A",false,Web,"#N/A","#N/A",Medium,"#N/A",New,Subject_anfpr,"#N/A","#N/A","#N/A","#N/A","#N/A"
7bbffff4-1e85-49b5-8e9a-ddec879e8c6c,"#N/A","#N/A",false,Web,"#N/A","#N/A",Medium,"#N/A",New,Subject_siusz,"#N/A","#N/A","#N/A","#N/A","#N/A"
7bc2078f-dbd2-4c58-88a1-0d98def8c060,"#N/A","#N/A",false,Web,"#N/A","#N/A",Medium,"#N/A",New,Subject_natxh,"#N/A","#N/A","#N/A","#N/A","#N/A"
7bc7cdf4-d9e0-4897-bbc2-e749bc4d5592,"#N/A","#N/A",false,Web,"#N/A","#N/A",Medium,"#N/A",New,Subject_htipe,"#N/A","#N/A","#N/A","#N/A","#N/A"
7bc92f07-6a01-4eba-8ec3-f5fbbf3a1ec2,"#N/A","#N/A",false,Web,"#N/A","#N/A",Medium,"#N/A",New,Subject_elvaj,"#N/A","#N/A","#N/A","#N/A","#N/A"
7bc96caa-7405-4f2d-9aa7-d4e848c19e65,"#N/A","#N/A",false,Web,"#N/A","#N/A",Medium,"#N/A",New,Subject_dnome,"#N/A","#N/A","#N/A","#N/A","#N/A"
7bc9fb93-27f0-48b5-88d2-b48a5df79cf0,"#N/A","#N/A",false,Web,"#N/A","#N/A",Medium,"#N/A",New,Subject_xwhkd,"#N/A","#N/A","#N/A","#N/A","#N/A"
7bcfd76f-f495-4882-9378-e15c4d630e51,"#N/A","#N/A",false,Web,"#N/A","#N/A",Medium,"#N/A",New,Subject_fhhvt,"#N/A","#N/A","#N/A","#N/A","#N/A"
7bd02187-565f-43f5-9869-02b94b4998d2,"#N/A","#N/A",false,Web,"#N/A","#N/A",Medium,"#N/A",New,Subject_nfyna,"#N/A","#N/A","#N/A","#N/A","#N/A"
7bd0fd52-be49-4af0-9101-574319aa46f5,"#N/A","#N/A",false,Web,"#N/A","#N/A",Medium,"#N/A",New,Subject_fhdku,"#N/A","#N/A","#N/A","#N/A","#N/A"
7bd431d3-2c52-491e-960a-83c55ec82a09,"#N/A","#N/A",false,Web,"#N/A","#N/A",Medium,"#N/A",New,Subject_ryxnr,"#N/A","#N/A","#N/A","#N/A","#N/A"
7bd804e1-1041-4f45-a176-a787b3ea8216,"#N/A","#N/A",false,Web,"#N/A","#N/A",Medium,"#N/A",New,Subject_liopc,"#N/A","#N/A","#N/A","#N/A","#N/A"
7bdcc876-8aef-4436-8c6e-9cee1d28fd0c,"#N/A","#N/A",false,Web,"#N/A","#N/A",Medium,"#N/A",New,Subject_vqrij,"#N/A","#N/A","#N/A","#N/A","#N/A"
7bdcd8a8-1bd2-4303-af0c-4daf488f144b,"#N/A","#N/A",false,Web,"#N/A","#N/A",Medium,"#N/A",New,Subject_izpqn,"#N/A","#N/A","#N/A","#N/A","#N/A"
7bea1793-3fb7-4993-838e-334a0dd2f15e,"#N/A","#N/A",false,Web,"#N/A","#N/A",Medium,"#N/A",New,Subject_uclcc,"#N/A","#N/A","#N/A","#N/A","#N/A"
7bf152e9-185c-4eb5-b9a9-8b9c2a4756b1,"#N/A","#N/A",false,Web,"#N/A","#N/A",Medium,"#N/A",New,Subject_rdlco,"#N/A","#N/A","#N/A","#N/A","#N/A"
7bf4f736-7cf0-446a-af4e-f9b1e5372ba0,"#N/A","#N/A",false,Web,"#N/A","#N/A",Medium,"#N/A",New,Subject_aayfq,"#N/A","#N/A","#N/A","#N/A","#N/A"
7bf87940-2b81-4636-b1fe-a52606d94f86,"#N/A","#N/A",false,Web,"#N/A","#N/A",Medium,"#N/A",New,Subject_kfymf,"#N/A","#N/A","#N/A","#N/A","#N/A"
7bf91fd6-2d9b-49c6-b613-c6030609d9b9,"#N/A","#N/A",false,Web,"#N/A","#N/A",Medium,"#N/A",New,Subject_txkze,"#N/A","#N/A","#N/A","#N/A","#N/A"
7bf98f1c-8747-43d1-ae23-363ba100232d,"#N/A","#N/A",false,Web,"#N/A","#N/A",Medium,"#N/A",New,Subject_fckjv,"#N/A","#N/A","#N/A","#N/A","#N/A"
7bfbad3f-a830-499f-ae72-32a914ebb62b,"#N/A","#N/A",false,Web,"#N/A","#N/A",Medium,"#N/A",New,Subject_bnglb,"#N/A","#N/A","#N/A","#N/A","#N/A"
7bfc761e-2bb6-48d8-9aea-c6b37a61c124,"#N/A","#N/A",false,Web,"#N/A","#N/A",Medium,"#N/A",New,Subject_jifgp,"#N/A","#N/A","#N/A","#N/A","#N/A"
7bfe4666-b2e2-42e1-b839-9fe2cd2f5457,"#N/A","#N/A",false,Web,"#N/A","#N/A",Medium,"#N/A",New,Subject_dxcov,"#N/A","#N/A","#N/A","#N/A","#N/A"
7bfe84ca-815a-459f-a3d8-b4006f8f4134,"#N/A","#N/A",false,Web,"#N/A","#N/A",Medium,"#N/A",New,Subject_wxktc,"#N/A","#N/A","#N/A","#N/A","#N/A"
7c025bb7-266d-4c75-912d-08bb1dd9df2a,"#N/A","#N/A",false,Web,"#N/A","#N/A",Medium,"#N/A",New,Subject_fbito,"#N/A","#N/A","#N/A","#N/A","#N/A"
7c02b3f0-0fac-49b3-b2e3-a4346dc283f6,"#N/A","#N/A",false,Web,"#N/A","#N/A",Medium,"#N/A",New,Subject_kfbhg,"#N/A","#N/A","#N/A","#N/A","#N/A"
7c082653-d5cc-42fe-9014-4179295f8376,"#N/A","#N/A",false,Web,"#N/A","#N/A",Medium,"#N/A",New,Subject_donow,"#N/A","#N/A","#N/A","#N/A","#N/A"
7c094f25-aad5-417a-8f41-c63d56f73453,"#N/A","#N/A",false,Web,"#N/A","#N/A",Medium,"#N/A",New,Subject_vnjep,"#N/A","#N/A","#N/A","#N/A","#N/A"
7c0a74b6-12d7-477a-942c-44f73d001799,"#N/A","#N/A",false,Web,"#N/A","#N/A",Medium,"#N/A",New,Subject_cbjgo,"#N/A","#N/A","#N/A","#N/A","#N/A"
7c0ca417-bc3a-40f4-9d96-85f6c2705252,"#N/A","#N/A",false,Web,"#N/A","#N/A",Medium,"#N/A",New,Subject_jlvaa,"#N/A","#N/A","#N/A","#N/A","#N/A"
7c0fb5c2-4934-46ee-b54e-28420f7da13a,"#N/A","#N/A",false,Web,"#N/A","#N/A",Medium,"#N/A",New,Subject_ojkmo,"#N/A","#N/A","#N/A","#N/A","#N/A"
7c0ff6d9-5d15-4e01-bd11-57883f2c55e9,"#N/A","#N/A",false,Web,"#N/A","#N/A",Medium,"#N/A",New,Subject_krdnv,"#N/A","#N/A","#N/A","#N/A","#N/A"
7c1404b1-0002-4f8f-a1ff-a0f6e4298b21,"#N/A","#N/A",false,Web,"#N/A","#N/A",Medium,"#N/A",New,Subject_mhomd,"#N/A","#N/A","#N/A","#N/A","#N/A"
7c14772d-5dba-42f7-8256-190aed1856b3,"#N/A","#N/A",false,Web,"#N/A","#N/A",Medium,"#N/A",New,Subject_nykkv,"#N/A","#N/A","#N/A","#N/A","#N/A"
7c16b781-8738-42dd-81cf-261def141a1a,"#N/A","#N/A",false,Web,"#N/A","#N/A",Medium,"#N/A",New,Subject_jibis,"#N/A","#N/A","#N/A","#N/A","#N/A"
7c17c60a-2e7a-41f7-9c36-d58be092bf17,"#N/A","#N/A",false,Web,"#N/A","#N/A",Medium,"#N/A",New,Subject_zuukp,"#N/A","#N/A","#N/A","#N/A","#N/A"
7c18dd52-3914-4130-8bf2-38fca593a7df,"#N/A","#N/A",false,Web,"#N/A","#N/A",Medium,"#N/A",New,Subject_dtdqk,"#N/A","#N/A","#N/A","#N/A","#N/A"
7c1b64ed-f383-4844-9e2e-a868934f409b,"#N/A","#N/A",false,Web,"#N/A","#N/A",Medium,"#N/A",New,Subject_hasbd,"#N/A","#N/A","#N/A","#N/A","#N/A"
7c1c433c-3e30-40da-a440-c88c03bd0334,"#N/A","#N/A",false,Web,"#N/A","#N/A",Medium,"#N/A",New,Subject_mfges,"#N/A","#N/A","#N/A","#N/A","#N/A"
7c1c5b8e-2086-4108-813f-1818a2cbb135,"#N/A","#N/A",false,Web,"#N/A","#N/A",Medium,"#N/A",New,Subject_hxkpr,"#N/A","#N/A","#N/A","#N/A","#N/A"
7c20023b-8174-47df-93c1-ec616c5dbd52,"#N/A","#N/A",false,Web,"#N/A","#N/A",Medium,"#N/A",New,Subject_dnlqu,"#N/A","#N/A","#N/A","#N/A","#N/A"
7c2237e5-0164-4d1a-beec-ec5701886c24,"#N/A","#N/A",false,Web,"#N/A","#N/A",Medium,"#N/A",New,Subject_dyqhk,"#N/A","#N/A","#N/A","#N/A","#N/A"
7c22f6ba-b2bc-4b23-88b8-2ffdaa9f4200,"#N/A","#N/A",false,Web,"#N/A","#N/A",Medium,"#N/A",New,Subject_aooxj,"#N/A","#N/A","#N/A","#N/A","#N/A"
7c27e3a2-04c2-4aa4-9782-b41da82a10e2,"#N/A","#N/A",false,Web,"#N/A","#N/A",Medium,"#N/A",New,Subject_delgu,"#N/A","#N/A","#N/A","#N/A","#N/A"
7c29a269-b098-4a49-b893-b39da58e15dc,"#N/A","#N/A",false,Web,"#N/A","#N/A",Medium,"#N/A",New,Subject_gwhqf,"#N/A","#N/A","#N/A","#N/A","#N/A"
7c2c5808-655b-4079-aadc-e16c3e0262ee,"#N/A","#N/A",false,Web,"#N/A","#N/A",Medium,"#N/A",New,Subject_xkqdw,"#N/A","#N/A","#N/A","#N/A","#N/A"
7c2e4d8c-54f9-45c5-9cfb-a5f51367c111,"#N/A","#N/A",false,Web,"#N/A","#N/A",Medium,"#N/A",New,Subject_dcfeg,"#N/A","#N/A","#N/A","#N/A","#N/A"
7c306f4b-7d46-4bd5-9e67-54fd18ea2ed5,"#N/A","#N/A",false,Web,"#N/A","#N/A",Medium,"#N/A",New,Subject_bfqix,"#N/A","#N/A","#N/A","#N/A","#N/A"
7c32b286-0856-429a-b7d5-22908531fd18,"#N/A","#N/A",false,Web,"#N/A","#N/A",Medium,"#N/A",New,Subject_qvtpt,"#N/A","#N/A","#N/A","#N/A","#N/A"
7c354734-5616-45fe-a12f-266c4a17450e,"#N/A","#N/A",false,Web,"#N/A","#N/A",Medium,"#N/A",New,Subject_jqwta,"#N/A","#N/A","#N/A","#N/A","#N/A"
7c36a56b-14d2-4ce2-9e08-9452097c3111,"#N/A","#N/A",false,Web,"#N/A","#N/A",Medium,"#N/A",New,Subject_gbgky,"#N/A","#N/A","#N/A","#N/A","#N/A"
7c37031c-45ed-43fc-b755-10f55a768edf,"#N/A","#N/A",false,Web,"#N/A","#N/A",Medium,"#N/A",New,Subject_ngoib,"#N/A","#N/A","#N/A","#N/A","#N/A"
7c38e9ae-76c2-47af-adbc-e1cf15ee00b8,"#N/A","#N/A",false,Web,"#N/A","#N/A",Medium,"#N/A",New,Subject_nswnw,"#N/A","#N/A","#N/A","#N/A","#N/A"
7c3c172c-a3cf-48e3-a873-4dc61497cd59,"#N/A","#N/A",false,Web,"#N/A","#N/A",Medium,"#N/A",New,Subject_ciatq,"#N/A","#N/A","#N/A","#N/A","#N/A"
7c432585-087a-490a-81e9-820e99c4f2c9,"#N/A","#N/A",false,Web,"#N/A","#N/A",Medium,"#N/A",New,Subject_nwesy,"#N/A","#N/A","#N/A","#N/A","#N/A"
7c477f24-85cb-4191-a154-5f17938a2ec7,"#N/A","#N/A",false,Web,"#N/A","#N/A",Medium,"#N/A",New,Subject_okgaj,"#N/A","#N/A","#N/A","#N/A","#N/A"
7c4df56d-3aa1-4069-a3b8-2a8b6c197fcb,"#N/A","#N/A",false,Web,"#N/A","#N/A",Medium,"#N/A",New,Subject_wbbpv,"#N/A","#N/A","#N/A","#N/A","#N/A"
7c4eb414-5671-4b52-baf9-eb7d4be7943c,"#N/A","#N/A",false,Web,"#N/A","#N/A",Medium,"#N/A",New,Subject_pskku,"#N/A","#N/A","#N/A","#N/A","#N/A"
7c4f7743-ed8e-4c8e-bef7-5dd67d95c7cd,"#N/A","#N/A",false,Web,"#N/A","#N/A",Medium,"#N/A",New,Subject_mosyg,"#N/A","#N/A","#N/A","#N/A","#N/A"
7c4fbf3f-7262-4774-99f6-76ec078a5cdf,"#N/A","#N/A",false,Web,"#N/A","#N/A",Medium,"#N/A",New,Subject_jfgxg,"#N/A","#N/A","#N/A","#N/A","#N/A"
7c50161e-7b00-4222-8c74-adec6504406b,"#N/A","#N/A",false,Web,"#N/A","#N/A",Medium,"#N/A",New,Subject_mzmsd,"#N/A","#N/A","#N/A","#N/A","#N/A"
7c51e25e-c6a2-4373-ad5f-2fa34defa0bf,"#N/A","#N/A",false,Web,"#N/A","#N/A",Medium,"#N/A",New,Subject_qihgs,"#N/A","#N/A","#N/A","#N/A","#N/A"
7c51e605-e014-4782-b771-9028313f22b4,"#N/A","#N/A",false,Web,"#N/A","#N/A",Medium,"#N/A",New,Subject_iqyls,"#N/A","#N/A","#N/A","#N/A","#N/A"
7c53044d-419d-4b0d-86af-e5a59d2d4cf9,"#N/A","#N/A",false,Web,"#N/A","#N/A",Medium,"#N/A",New,Subject_tqlpe,"#N/A","#N/A","#N/A","#N/A","#N/A"
7c559f02-20be-4324-9c8b-8094ac68a1f5,"#N/A","#N/A",false,Web,"#N/A","#N/A",Medium,"#N/A",New,Subject_lnbsw,"#N/A","#N/A","#N/A","#N/A","#N/A"
7c59b792-669c-43cc-a859-696b9b6267cb,"#N/A","#N/A",false,Web,"#N/A","#N/A",Medium,"#N/A",New,Subject_laabp,"#N/A","#N/A","#N/A","#N/A","#N/A"
7c5b1e1f-0680-4869-a243-c3e02802c4d8,"#N/A","#N/A",false,Web,"#N/A","#N/A",Medium,"#N/A",New,Subject_ekjyd,"#N/A","#N/A","#N/A","#N/A","#N/A"
7c60b8f8-a167-43fd-87a1-e996db0435f8,"#N/A","#N/A",false,Web,"#N/A","#N/A",Medium,"#N/A",New,Subject_lwyrn,"#N/A","#N/A","#N/A","#N/A","#N/A"
7c6270e1-844b-471d-8560-1063ad0bb031,"#N/A","#N/A",false,Web,"#N/A","#N/A",Medium,"#N/A",New,Subject_uuqvz,"#N/A","#N/A","#N/A","#N/A","#N/A"
7c64d48e-ce16-43ae-a2cb-a04986195a5d,"#N/A","#N/A",false,Web,"#N/A","#N/A",Medium,"#N/A",New,Subject_ydmyl,"#N/A","#N/A","#N/A","#N/A","#N/A"
7c651e4e-add6-45fa-a887-5e4459927123,"#N/A","#N/A",false,Web,"#N/A","#N/A",Medium,"#N/A",New,Subject_kmvtx,"#N/A","#N/A","#N/A","#N/A","#N/A"
7c660678-4663-4b4d-8da3-b64993f86c9e,"#N/A","#N/A",false,Web,"#N/A","#N/A",Medium,"#N/A",New,Subject_srnjn,"#N/A","#N/A","#N/A","#N/A","#N/A"
7c69dd68-297d-471d-bc20-205938bdd558,"#N/A","#N/A",false,Web,"#N/A","#N/A",Medium,"#N/A",New,Subject_qahpo,"#N/A","#N/A","#N/A","#N/A","#N/A"
7c6c6dbc-99a7-4e38-b38a-f1e5f1f4258c,"#N/A","#N/A",false,Web,"#N/A","#N/A",Medium,"#N/A",New,Subject_astdg,"#N/A","#N/A","#N/A","#N/A","#N/A"
7c6c9bc9-55e5-411a-b86a-c4ed94521e8a,"#N/A","#N/A",false,Web,"#N/A","#N/A",Medium,"#N/A",New,Subject_fxbnh,"#N/A","#N/A","#N/A","#N/A","#N/A"
7c713604-1093-473d-a42d-1b794df8ade4,"#N/A","#N/A",false,Web,"#N/A","#N/A",Medium,"#N/A",New,Subject_lvecj,"#N/A","#N/A","#N/A","#N/A","#N/A"
7c734097-fdf6-4df6-9b79-7518a9560df9,"#N/A","#N/A",false,Web,"#N/A","#N/A",Medium,"#N/A",New,Subject_npovm,"#N/A","#N/A","#N/A","#N/A","#N/A"
7c7523fb-bc89-4069-bfca-08036e9b44b9,"#N/A","#N/A",false,Web,"#N/A","#N/A",Medium,"#N/A",New,Subject_bkulf,"#N/A","#N/A","#N/A","#N/A","#N/A"
7c755693-1b59-42f9-8f47-5f7afdabedd9,"#N/A","#N/A",false,Web,"#N/A","#N/A",Medium,"#N/A",New,Subject_ekgvf,"#N/A","#N/A","#N/A","#N/A","#N/A"
7c776a24-69fd-412d-b2f3-df20455a3ba7,"#N/A","#N/A",false,Web,"#N/A","#N/A",Medium,"#N/A",New,Subject_sxutm,"#N/A","#N/A","#N/A","#N/A","#N/A"
7c783b43-45fd-46f4-9ece-dc65b2bfdf6c,"#N/A","#N/A",false,Web,"#N/A","#N/A",Medium,"#N/A",New,Subject_qlzkr,"#N/A","#N/A","#N/A","#N/A","#N/A"
7c7a855c-80b2-4c7f-8643-15b113494435,"#N/A","#N/A",false,Web,"#N/A","#N/A",Medium,"#N/A",New,Subject_znona,"#N/A","#N/A","#N/A","#N/A","#N/A"
7c7c31fd-f9a1-4134-b6c4-011de5f1a81b,"#N/A","#N/A",false,Web,"#N/A","#N/A",Medium,"#N/A",New,Subject_hxive,"#N/A","#N/A","#N/A","#N/A","#N/A"
7c86c84c-d0f6-4100-a9c9-b4d3b7a53dbc,"#N/A","#N/A",false,Web,"#N/A","#N/A",Medium,"#N/A",New,Subject_houbo,"#N/A","#N/A","#N/A","#N/A","#N/A"
7c88d9d7-9af4-4c69-ab84-bea7f3e45d4b,"#N/A","#N/A",false,Web,"#N/A","#N/A",Medium,"#N/A",New,Subject_nbnfv,"#N/A","#N/A","#N/A","#N/A","#N/A"
7c8bb276-67c0-4ac5-8ca6-fcd5201ddf41,"#N/A","#N/A",false,Web,"#N/A","#N/A",Medium,"#N/A",New,Subject_oehto,"#N/A","#N/A","#N/A","#N/A","#N/A"
7c8d7eaa-d176-44a5-bc36-43dd52903176,"#N/A","#N/A",false,Web,"#N/A","#N/A",Medium,"#N/A",New,Subject_zxecp,"#N/A","#N/A","#N/A","#N/A","#N/A"
7c8e897c-b5f0-4e54-a5b6-ef8514a6b4d9,"#N/A","#N/A",false,Web,"#N/A","#N/A",Medium,"#N/A",New,Subject_bfknb,"#N/A","#N/A","#N/A","#N/A","#N/A"
7c9593aa-38f2-4972-aa01-8dd1f93012a3,"#N/A","#N/A",false,Web,"#N/A","#N/A",Medium,"#N/A",New,Subject_nsxoy,"#N/A","#N/A","#N/A","#N/A","#N/A"
7c95cb6e-fe93-441a-9bae-7de10ee8b067,"#N/A","#N/A",false,Web,"#N/A","#N/A",Medium,"#N/A",New,Subject_eylbk,"#N/A","#N/A","#N/A","#N/A","#N/A"
7c95ea6f-2fca-4430-9bf6-86d42f38856a,"#N/A","#N/A",false,Web,"#N/A","#N/A",Medium,"#N/A",New,Subject_svhnu,"#N/A","#N/A","#N/A","#N/A","#N/A"
7c98063f-c89f-443f-a8e3-bb91c4f73e0e,"#N/A","#N/A",false,Web,"#N/A","#N/A",Medium,"#N/A",New,Subject_ifybz,"#N/A","#N/A","#N/A","#N/A","#N/A"
7c9c717e-55ca-477a-96d5-54c5832d23e2,"#N/A","#N/A",false,Web,"#N/A","#N/A",Medium,"#N/A",New,Subject_uxgdx,"#N/A","#N/A","#N/A","#N/A","#N/A"
7c9dccab-ea19-4546-aa51-031dc3eee5d7,"#N/A","#N/A",false,Web,"#N/A","#N/A",Medium,"#N/A",New,Subject_xxbqg,"#N/A","#N/A","#N/A","#N/A","#N/A"
7ca0ce2b-d1a7-4a37-8064-ca71bf15ad89,"#N/A","#N/A",false,Web,"#N/A","#N/A",Medium,"#N/A",New,Subject_qhfkc,"#N/A","#N/A","#N/A","#N/A","#N/A"
7ca16de8-d6e0-4426-9a17-96a1e4be8b2b,"#N/A","#N/A",false,Web,"#N/A","#N/A",Medium,"#N/A",New,Subject_oncvl,"#N/A","#N/A","#N/A","#N/A","#N/A"
7ca30236-c738-4f18-a912-f5468b4d35a0,"#N/A","#N/A",false,Web,"#N/A","#N/A",Medium,"#N/A",New,Subject_lygky,"#N/A","#N/A","#N/A","#N/A","#N/A"
7ca3eea6-2c65-4b66-bbb1-f945c73a2966,"#N/A","#N/A",false,Web,"#N/A","#N/A",Medium,"#N/A",New,Subject_xrcds,"#N/A","#N/A","#N/A","#N/A","#N/A"
7ca4c38f-9c1f-4484-ad90-5f4ac90c3b86,"#N/A","#N/A",false,Web,"#N/A","#N/A",Medium,"#N/A",New,Subject_cgpzx,"#N/A","#N/A","#N/A","#N/A","#N/A"
7ca53090-64d0-4e62-9ef1-facd52d2cb2a,"#N/A","#N/A",false,Web,"#N/A","#N/A",Medium,"#N/A",New,Subject_xrryo,"#N/A","#N/A","#N/A","#N/A","#N/A"
7ca5466d-fda6-451c-8048-521413412bb9,"#N/A","#N/A",false,Web,"#N/A","#N/A",Medium,"#N/A",New,Subject_fdeow,"#N/A","#N/A","#N/A","#N/A","#N/A"
7cab2546-7475-4956-99bb-fb1eebbf555a,"#N/A","#N/A",false,Web,"#N/A","#N/A",Medium,"#N/A",New,Subject_mtuhw,"#N/A","#N/A","#N/A","#N/A","#N/A"
7cad9b0c-b570-45ab-8cb5-96b6ed57d932,"#N/A","#N/A",false,Web,"#N/A","#N/A",Medium,"#N/A",New,Subject_laqxk,"#N/A","#N/A","#N/A","#N/A","#N/A"
7cafe4bc-23e0-440e-b45a-5b20899c9ae4,"#N/A","#N/A",false,Web,"#N/A","#N/A",Medium,"#N/A",New,Subject_lyots,"#N/A","#N/A","#N/A","#N/A","#N/A"
7cb12afa-097c-4781-987a-bae2253d2afc,"#N/A","#N/A",false,Web,"#N/A","#N/A",Medium,"#N/A",New,Subject_etutc,"#N/A","#N/A","#N/A","#N/A","#N/A"
7cb51e06-4852-4846-badf-cf660e4f17ec,"#N/A","#N/A",false,Web,"#N/A","#N/A",Medium,"#N/A",New,Subject_xmwkd,"#N/A","#N/A","#N/A","#N/A","#N/A"
7cb7c2d9-1625-4cb4-a432-6f2ccc69e44f,"#N/A","#N/A",false,Web,"#N/A","#N/A",Medium,"#N/A",New,Subject_zarkq,"#N/A","#N/A","#N/A","#N/A","#N/A"
7cb86948-00de-4048-9a56-80e949758776,"#N/A","#N/A",false,Web,"#N/A","#N/A",Medium,"#N/A",New,Subject_dqvgg,"#N/A","#N/A","#N/A","#N/A","#N/A"
7cba393b-ee3a-4e1d-9f11-6dd22aa450d2,"#N/A","#N/A",false,Web,"#N/A","#N/A",Medium,"#N/A",New,Subject_knyqv,"#N/A","#N/A","#N/A","#N/A","#N/A"
7cba8e4a-9c00-4abb-992e-e935e96178b5,"#N/A","#N/A",false,Web,"#N/A","#N/A",Medium,"#N/A",New,Subject_wozxx,"#N/A","#N/A","#N/A","#N/A","#N/A"
7cba9cc5-dcd3-483b-a9b4-1b24ca5018a3,"#N/A","#N/A",false,Web,"#N/A","#N/A",Medium,"#N/A",New,Subject_vymtz,"#N/A","#N/A","#N/A","#N/A","#N/A"
7cc625b8-e7e0-4c08-ac1b-b962bf6ccb70,"#N/A","#N/A",false,Web,"#N/A","#N/A",Medium,"#N/A",New,Subject_lhpfz,"#N/A","#N/A","#N/A","#N/A","#N/A"
7cc89454-5cb2-4129-b8e2-01baea813cf1,"#N/A","#N/A",false,Web,"#N/A","#N/A",Medium,"#N/A",New,Subject_xmyay,"#N/A","#N/A","#N/A","#N/A","#N/A"
7cd07d85-ca16-4481-b3bd-b6372aa513e3,"#N/A","#N/A",false,Web,"#N/A","#N/A",Medium,"#N/A",New,Subject_mcoem,"#N/A","#N/A","#N/A","#N/A","#N/A"
7cd5046d-ca40-4643-bdfe-9bfd0ddada75,"#N/A","#N/A",false,Web,"#N/A","#N/A",Medium,"#N/A",New,Subject_hlvdj,"#N/A","#N/A","#N/A","#N/A","#N/A"
7cd5a99a-7f9d-4685-a4ab-4bf7847af8b1,"#N/A","#N/A",false,Web,"#N/A","#N/A",Medium,"#N/A",New,Subject_cqgaf,"#N/A","#N/A","#N/A","#N/A","#N/A"
7cd6302a-18d7-4712-b257-794521b68c6f,"#N/A","#N/A",false,Web,"#N/A","#N/A",Medium,"#N/A",New,Subject_fsomc,"#N/A","#N/A","#N/A","#N/A","#N/A"
7cd64877-f211-4c98-8481-7ae0ded0d568,"#N/A","#N/A",false,Web,"#N/A","#N/A",Medium,"#N/A",New,Subject_funlr,"#N/A","#N/A","#N/A","#N/A","#N/A"
7cd923b5-28c7-48ea-9251-04ffc960917f,"#N/A","#N/A",false,Web,"#N/A","#N/A",Medium,"#N/A",New,Subject_keasc,"#N/A","#N/A","#N/A","#N/A","#N/A"
7cdff674-e855-44bf-97a3-72ac3c5d1d40,"#N/A","#N/A",false,Web,"#N/A","#N/A",Medium,"#N/A",New,Subject_ympzj,"#N/A","#N/A","#N/A","#N/A","#N/A"
7ce56f80-941c-4f1d-838e-d38793be3f28,"#N/A","#N/A",false,Web,"#N/A","#N/A",Medium,"#N/A",New,Subject_jzjvt,"#N/A","#N/A","#N/A","#N/A","#N/A"
7cea3ba7-b775-4803-a328-3d938905eb6e,"#N/A","#N/A",false,Web,"#N/A","#N/A",Medium,"#N/A",New,Subject_ibuwc,"#N/A","#N/A","#N/A","#N/A","#N/A"
7cea6f5c-ae5e-4a6f-94df-a6dfbd5d04e0,"#N/A","#N/A",false,Web,"#N/A","#N/A",Medium,"#N/A",New,Subject_ojiql,"#N/A","#N/A","#N/A","#N/A","#N/A"
7cf0aa4e-9ccc-4b86-a1f4-3f127d61a6e8,"#N/A","#N/A",false,Web,"#N/A","#N/A",Medium,"#N/A",New,Subject_edunp,"#N/A","#N/A","#N/A","#N/A","#N/A"
7cfe017a-ade7-4b11-967c-6d685cb326ba,"#N/A","#N/A",false,Web,"#N/A","#N/A",Medium,"#N/A",New,Subject_mfhis,"#N/A","#N/A","#N/A","#N/A","#N/A"
7cfef446-f17c-4460-9e9f-468acd0f46c5,"#N/A","#N/A",false,Web,"#N/A","#N/A",Medium,"#N/A",New,Subject_njcxa,"#N/A","#N/A","#N/A","#N/A","#N/A"
7d00808a-e228-4fbc-807e-087381b7ea29,"#N/A","#N/A",false,Web,"#N/A","#N/A",Medium,"#N/A",New,Subject_zkdds,"#N/A","#N/A","#N/A","#N/A","#N/A"
7d033482-d73e-4787-ac6d-c3a504df9e56,"#N/A","#N/A",false,Web,"#N/A","#N/A",Medium,"#N/A",New,Subject_cphis,"#N/A","#N/A","#N/A","#N/A","#N/A"
7d054b84-d9c9-40ae-9b36-22dfff0ca282,"#N/A","#N/A",false,Web,"#N/A","#N/A",Medium,"#N/A",New,Subject_jrlvm,"#N/A","#N/A","#N/A","#N/A","#N/A"
7d05ee63-3305-407e-8825-d134fd7c391a,"#N/A","#N/A",false,Web,"#N/A","#N/A",Medium,"#N/A",New,Subject_jwpfr,"#N/A","#N/A","#N/A","#N/A","#N/A"
7d076b8f-57fb-4228-9adf-977abe4779ca,"#N/A","#N/A",false,Web,"#N/A","#N/A",Medium,"#N/A",New,Subject_dltrs,"#N/A","#N/A","#N/A","#N/A","#N/A"
7d08fe4f-042c-49d3-b5be-384fa26188b7,"#N/A","#N/A",false,Web,"#N/A","#N/A",Medium,"#N/A",New,Subject_asghs,"#N/A","#N/A","#N/A","#N/A","#N/A"
7d090c48-e796-40d8-ba34-71b9073dba5d,"#N/A","#N/A",false,Web,"#N/A","#N/A",Medium,"#N/A",New,Subject_bksly,"#N/A","#N/A","#N/A","#N/A","#N/A"
7d0f6ab7-e8d5-4e9f-a04e-195417260a18,"#N/A","#N/A",false,Web,"#N/A","#N/A",Medium,"#N/A",New,Subject_fryeb,"#N/A","#N/A","#N/A","#N/A","#N/A"
7d15a0ff-1186-4415-8076-6a9ecac80f57,"#N/A","#N/A",false,Web,"#N/A","#N/A",Medium,"#N/A",New,Subject_nbdeg,"#N/A","#N/A","#N/A","#N/A","#N/A"
7d15b435-6903-429c-bcb8-dbda397daf2d,"#N/A","#N/A",false,Web,"#N/A","#N/A",Medium,"#N/A",New,Subject_qewnd,"#N/A","#N/A","#N/A","#N/A","#N/A"
7d1c2547-ed67-47fd-aba2-da7585a0cc2b,"#N/A","#N/A",false,Web,"#N/A","#N/A",Medium,"#N/A",New,Subject_bpqmh,"#N/A","#N/A","#N/A","#N/A","#N/A"
7d1dbe5c-d6e7-443a-97f0-f77865b300b1,"#N/A","#N/A",false,Web,"#N/A","#N/A",Medium,"#N/A",New,Subject_zvjrr,"#N/A","#N/A","#N/A","#N/A","#N/A"
7d22eb03-b3ad-4d22-91b2-9ca3de589403,"#N/A","#N/A",false,Web,"#N/A","#N/A",Medium,"#N/A",New,Subject_ndory,"#N/A","#N/A","#N/A","#N/A","#N/A"
7d238113-94c4-4713-805e-aa136266f16b,"#N/A","#N/A",false,Web,"#N/A","#N/A",Medium,"#N/A",New,Subject_qbkao,"#N/A","#N/A","#N/A","#N/A","#N/A"
7d23b06b-8693-4642-acfb-4fb83478ca3c,"#N/A","#N/A",false,Web,"#N/A","#N/A",Medium,"#N/A",New,Subject_wqloz,"#N/A","#N/A","#N/A","#N/A","#N/A"
7d251b77-b4ff-4834-b2b9-8d744c7cb3ba,"#N/A","#N/A",false,Web,"#N/A","#N/A",Medium,"#N/A",New,Subject_przbl,"#N/A","#N/A","#N/A","#N/A","#N/A"
7d27c208-9fcb-4bd3-b184-afc68067074b,"#N/A","#N/A",false,Web,"#N/A","#N/A",Medium,"#N/A",New,Subject_uwwia,"#N/A","#N/A","#N/A","#N/A","#N/A"
7d284ce3-4d4a-43c3-8922-0f3b1a2b4ed5,"#N/A","#N/A",false,Web,"#N/A","#N/A",Medium,"#N/A",New,Subject_mifwx,"#N/A","#N/A","#N/A","#N/A","#N/A"
7d29fe88-a75a-4ac1-ab9b-89ccb16f3a0f,"#N/A","#N/A",false,Web,"#N/A","#N/A",Medium,"#N/A",New,Subject_lmzms,"#N/A","#N/A","#N/A","#N/A","#N/A"
7d2db11b-9db8-4288-9d27-ffc837c01b5a,"#N/A","#N/A",false,Web,"#N/A","#N/A",Medium,"#N/A",New,Subject_fsjzc,"#N/A","#N/A","#N/A","#N/A","#N/A"
7d3562f5-f3a6-4eee-a69d-daf68c783097,"#N/A","#N/A",false,Web,"#N/A","#N/A",Medium,"#N/A",New,Subject_mzadv,"#N/A","#N/A","#N/A","#N/A","#N/A"
7d36166f-8490-412e-8f97-dc74382931ed,"#N/A","#N/A",false,Web,"#N/A","#N/A",Medium,"#N/A",New,Subject_upxrb,"#N/A","#N/A","#N/A","#N/A","#N/A"
7d383e1b-6ef6-4df7-a91d-5ce2cd262338,"#N/A","#N/A",false,Web,"#N/A","#N/A",Medium,"#N/A",New,Subject_oemol,"#N/A","#N/A","#N/A","#N/A","#N/A"
7d38c75a-3fb8-43f2-9538-3ee138a8a6ce,"#N/A","#N/A",false,Web,"#N/A","#N/A",Medium,"#N/A",New,Subject_svmfr,"#N/A","#N/A","#N/A","#N/A","#N/A"
7d3c1675-9e69-42c7-93d4-338bd06363f3,"#N/A","#N/A",false,Web,"#N/A","#N/A",Medium,"#N/A",New,Subject_yqzny,"#N/A","#N/A","#N/A","#N/A","#N/A"
7d3d5993-e8ae-44ad-b0ce-7f368539cc61,"#N/A","#N/A",false,Web,"#N/A","#N/A",Medium,"#N/A",New,Subject_ybbyl,"#N/A","#N/A","#N/A","#N/A","#N/A"
7d3d77a3-d0e1-432a-a9e5-8a53790f11b7,"#N/A","#N/A",false,Web,"#N/A","#N/A",Medium,"#N/A",New,Subject_pxcbi,"#N/A","#N/A","#N/A","#N/A","#N/A"
7d40abee-c7f3-405a-b28d-45f0f9a4402e,"#N/A","#N/A",false,Web,"#N/A","#N/A",Medium,"#N/A",New,Subject_pxcbi,"#N/A","#N/A","#N/A","#N/A","#N/A"
7d4d9994-cd87-4b05-aa58-e9365adf8eb4,"#N/A","#N/A",false,Web,"#N/A","#N/A",Medium,"#N/A",New,Subject_dhorx,"#N/A","#N/A","#N/A","#N/A","#N/A"
7d4e4319-e540-4a89-8a61-f7bbc861c9ad,"#N/A","#N/A",false,Web,"#N/A","#N/A",Medium,"#N/A",New,Subject_dnlqu,"#N/A","#N/A","#N/A","#N/A","#N/A"
7d51afeb-23fc-4f99-a75a-8481dea7ecf4,"#N/A","#N/A",false,Web,"#N/A","#N/A",Medium,"#N/A",New,Subject_fcgcz,"#N/A","#N/A","#N/A","#N/A","#N/A"
7d530535-a9ae-4f1c-a52a-a110ba44a08d,"#N/A","#N/A",false,Web,"#N/A","#N/A",Medium,"#N/A",New,Subject_ntagt,"#N/A","#N/A","#N/A","#N/A","#N/A"
7d54d9c4-8d8b-4e50-a274-ffd68b3d4f0c,"#N/A","#N/A",false,Web,"#N/A","#N/A",Medium,"#N/A",New,Subject_xsdzc,"#N/A","#N/A","#N/A","#N/A","#N/A"
7d5539ae-1e6c-4be0-abae-6f7f95b82949,"#N/A","#N/A",false,Web,"#N/A","#N/A",Medium,"#N/A",New,Subject_berbl,"#N/A","#N/A","#N/A","#N/A","#N/A"
7d565ad7-fb8f-4673-8aa8-62a86531e564,"#N/A","#N/A",false,Web,"#N/A","#N/A",Medium,"#N/A",New,Subject_jjgvx,"#N/A","#N/A","#N/A","#N/A","#N/A"
7d5b94c1-956d-4610-9d92-89d3c97fab56,"#N/A","#N/A",false,Web,"#N/A","#N/A",Medium,"#N/A",New,Subject_bqwcm,"#N/A","#N/A","#N/A","#N/A","#N/A"
7d5ce594-3951-45f8-b8b8-5ce03547b106,"#N/A","#N/A",false,Web,"#N/A","#N/A",Medium,"#N/A",New,Subject_xbuay,"#N/A","#N/A","#N/A","#N/A","#N/A"
7d619d06-e46b-457c-a8a6-705a96e5fc27,"#N/A","#N/A",false,Web,"#N/A","#N/A",Medium,"#N/A",New,Subject_gvszg,"#N/A","#N/A","#N/A","#N/A","#N/A"
7d62e0fe-0e54-4767-a5b0-8d3678fb67b4,"#N/A","#N/A",false,Web,"#N/A","#N/A",Medium,"#N/A",New,Subject_oidif,"#N/A","#N/A","#N/A","#N/A","#N/A"
7d648feb-05e9-4830-ad7e-f99bf0dd367c,"#N/A","#N/A",false,Web,"#N/A","#N/A",Medium,"#N/A",New,Subject_wtrlt,"#N/A","#N/A","#N/A","#N/A","#N/A"
7d68703d-d37e-41b4-b6b1-4599af4a3fa7,"#N/A","#N/A",false,Web,"#N/A","#N/A",Medium,"#N/A",New,Subject_zrjsn,"#N/A","#N/A","#N/A","#N/A","#N/A"
7d68827e-d86a-47eb-893d-b5243a71504d,"#N/A","#N/A",false,Web,"#N/A","#N/A",Medium,"#N/A",New,Subject_opboq,"#N/A","#N/A","#N/A","#N/A","#N/A"
7d68af9a-4e4b-43a6-9222-d203e297c0e4,"#N/A","#N/A",false,Web,"#N/A","#N/A",Medium,"#N/A",New,Subject_bvrep,"#N/A","#N/A","#N/A","#N/A","#N/A"
7d69e65b-0aff-465b-a44a-4de754968dc4,"#N/A","#N/A",false,Web,"#N/A","#N/A",Medium,"#N/A",New,Subject_wkxfy,"#N/A","#N/A","#N/A","#N/A","#N/A"
7d6afa77-1a9a-411d-8a04-6c68e118e122,"#N/A","#N/A",false,Web,"#N/A","#N/A",Medium,"#N/A",New,Subject_aqnkv,"#N/A","#N/A","#N/A","#N/A","#N/A"
7d72dd29-35ab-401c-ac34-3eb3a60fc669,"#N/A","#N/A",false,Web,"#N/A","#N/A",Medium,"#N/A",New,Subject_piaxz,"#N/A","#N/A","#N/A","#N/A","#N/A"
7d7611b5-0b5d-4d73-ab5c-fe619da50351,"#N/A","#N/A",false,Web,"#N/A","#N/A",Medium,"#N/A",New,Subject_crnku,"#N/A","#N/A","#N/A","#N/A","#N/A"
7d7a16f6-373e-44a5-81b9-e145ce6541bd,"#N/A","#N/A",false,Web,"#N/A","#N/A",Medium,"#N/A",New,Subject_rqtds,"#N/A","#N/A","#N/A","#N/A","#N/A"
7d7e5647-9db0-4b04-b353-8430e8a59daf,"#N/A","#N/A",false,Web,"#N/A","#N/A",Medium,"#N/A",New,Subject_mrnzh,"#N/A","#N/A","#N/A","#N/A","#N/A"
7d7e68df-ee95-428b-b8e8-1809ec315e7b,"#N/A","#N/A",false,Web,"#N/A","#N/A",Medium,"#N/A",New,Subject_srdbm,"#N/A","#N/A","#N/A","#N/A","#N/A"
7d81843d-dc11-4bdd-92ec-9d77d008698b,"#N/A","#N/A",false,Web,"#N/A","#N/A",Medium,"#N/A",New,Subject_peioy,"#N/A","#N/A","#N/A","#N/A","#N/A"
7d879630-d5cf-48c9-9f76-211d2ee1b916,"#N/A","#N/A",false,Web,"#N/A","#N/A",Medium,"#N/A",New,Subject_zgxcz,"#N/A","#N/A","#N/A","#N/A","#N/A"
7d87fc62-2e6e-4664-97c2-ad3f2998c959,"#N/A","#N/A",false,Web,"#N/A","#N/A",Medium,"#N/A",New,Subject_lgyzx,"#N/A","#N/A","#N/A","#N/A","#N/A"
7d881aed-9e30-42f7-ae6a-ce5cedd876bd,"#N/A","#N/A",false,Web,"#N/A","#N/A",Medium,"#N/A",New,Subject_rrbql,"#N/A","#N/A","#N/A","#N/A","#N/A"
7d8bcbba-3053-4901-8339-af7b1ff561b0,"#N/A","#N/A",false,Web,"#N/A","#N/A",Medium,"#N/A",New,Subject_sjznz,"#N/A","#N/A","#N/A","#N/A","#N/A"
7d8d061e-2c7a-4e06-9b50-1b6b81f72592,"#N/A","#N/A",false,Web,"#N/A","#N/A",Medium,"#N/A",New,Subject_uimni,"#N/A","#N/A","#N/A","#N/A","#N/A"
7d8d965f-4bdc-44c2-b4a8-649ad018e849,"#N/A","#N/A",false,Web,"#N/A","#N/A",Medium,"#N/A",New,Subject_lajuf,"#N/A","#N/A","#N/A","#N/A","#N/A"
7d8dfe9c-9f6b-43a0-b91e-2ab21d6a0d65,"#N/A","#N/A",false,Web,"#N/A","#N/A",Medium,"#N/A",New,Subject_rlvkz,"#N/A","#N/A","#N/A","#N/A","#N/A"
7d8ff99b-26cf-4910-afba-2f389f1bc79d,"#N/A","#N/A",false,Web,"#N/A","#N/A",Medium,"#N/A",New,Subject_remoy,"#N/A","#N/A","#N/A","#N/A","#N/A"
7d94f126-6855-4e05-9f35-c39d36c152fe,"#N/A","#N/A",false,Web,"#N/A","#N/A",Medium,"#N/A",New,Subject_xrqcr,"#N/A","#N/A","#N/A","#N/A","#N/A"
7d9c09d0-3e1d-43b7-9d98-8c5cd44bf61b,"#N/A","#N/A",false,Web,"#N/A","#N/A",Medium,"#N/A",New,Subject_huepo,"#N/A","#N/A","#N/A","#N/A","#N/A"
7d9e332e-c995-4bcf-a747-b72eac34e72c,"#N/A","#N/A",false,Web,"#N/A","#N/A",Medium,"#N/A",New,Subject_ofbqk,"#N/A","#N/A","#N/A","#N/A","#N/A"
7d9ea83a-4efb-4ec3-9e0a-cfdb338d6199,"#N/A","#N/A",false,Web,"#N/A","#N/A",Medium,"#N/A",New,Subject_qrfgm,"#N/A","#N/A","#N/A","#N/A","#N/A"
7da0a030-2647-44bd-9374-deace1b0afff,"#N/A","#N/A",false,Web,"#N/A","#N/A",Medium,"#N/A",New,Subject_skyoe,"#N/A","#N/A","#N/A","#N/A","#N/A"
7da2b0d7-7c91-4339-8670-1f16b465d67a,"#N/A","#N/A",false,Web,"#N/A","#N/A",Medium,"#N/A",New,Subject_lvimv,"#N/A","#N/A","#N/A","#N/A","#N/A"
7da70264-bd6d-4eac-8c73-4da0530777cd,"#N/A","#N/A",false,Web,"#N/A","#N/A",Medium,"#N/A",New,Subject_msmbr,"#N/A","#N/A","#N/A","#N/A","#N/A"
7da91247-cd85-457e-88e2-deae1cadabc3,"#N/A","#N/A",false,Web,"#N/A","#N/A",Medium,"#N/A",New,Subject_chvqr,"#N/A","#N/A","#N/A","#N/A","#N/A"
7dab1bcb-db26-4b68-b500-e9fe47725b70,"#N/A","#N/A",false,Web,"#N/A","#N/A",Medium,"#N/A",New,Subject_sngfr,"#N/A","#N/A","#N/A","#N/A","#N/A"
7dae4f9b-9267-44c7-af03-eac218897325,"#N/A","#N/A",false,Web,"#N/A","#N/A",Medium,"#N/A",New,Subject_yhlfy,"#N/A","#N/A","#N/A","#N/A","#N/A"
7dafecba-7e92-4e96-a4c9-268d3cada1a2,"#N/A","#N/A",false,Web,"#N/A","#N/A",Medium,"#N/A",New,Subject_wwrns,"#N/A","#N/A","#N/A","#N/A","#N/A"
7db08c2f-4cf7-4d58-9217-69a29ba1a7a8,"#N/A","#N/A",false,Web,"#N/A","#N/A",Medium,"#N/A",New,Subject_ctboj,"#N/A","#N/A","#N/A","#N/A","#N/A"
7db83df4-640b-469c-802f-b8581c08a508,"#N/A","#N/A",false,Web,"#N/A","#N/A",Medium,"#N/A",New,Subject_wnbcg,"#N/A","#N/A","#N/A","#N/A","#N/A"
7dc16b66-2402-4eb8-8983-7088f5ce0ff4,"#N/A","#N/A",false,Web,"#N/A","#N/A",Medium,"#N/A",New,Subject_hyadr,"#N/A","#N/A","#N/A","#N/A","#N/A"
7dc1b0f8-28b9-4e8d-8f48-7dd24166229d,"#N/A","#N/A",false,Web,"#N/A","#N/A",Medium,"#N/A",New,Subject_jusiy,"#N/A","#N/A","#N/A","#N/A","#N/A"
7dc1d604-2057-46c4-ad1b-b5003b3a3b1f,"#N/A","#N/A",false,Web,"#N/A","#N/A",Medium,"#N/A",New,Subject_lhpyn,"#N/A","#N/A","#N/A","#N/A","#N/A"
7dc5d072-9ff6-4e19-b340-dd2202b046f5,"#N/A","#N/A",false,Web,"#N/A","#N/A",Medium,"#N/A",New,Subject_xzsun,"#N/A","#N/A","#N/A","#N/A","#N/A"
7dc9012e-63e0-47f8-ba3b-d73c8982e748,"#N/A","#N/A",false,Web,"#N/A","#N/A",Medium,"#N/A",New,Subject_ibkfo,"#N/A","#N/A","#N/A","#N/A","#N/A"
7dcb3df8-1e8b-44e9-8a9b-4bd99cb13c13,"#N/A","#N/A",false,Web,"#N/A","#N/A",Medium,"#N/A",New,Subject_ihmei,"#N/A","#N/A","#N/A","#N/A","#N/A"
7dcc6286-3370-4520-bf42-8e649fb82c30,"#N/A","#N/A",false,Web,"#N/A","#N/A",Medium,"#N/A",New,Subject_odxsl,"#N/A","#N/A","#N/A","#N/A","#N/A"
7dcebba2-6758-45f3-9c84-5937b094af86,"#N/A","#N/A",false,Web,"#N/A","#N/A",Medium,"#N/A",New,Subject_jseis,"#N/A","#N/A","#N/A","#N/A","#N/A"
7dcf10d9-6228-4571-98cd-e2050e551dfe,"#N/A","#N/A",false,Web,"#N/A","#N/A",Medium,"#N/A",New,Subject_ufchh,"#N/A","#N/A","#N/A","#N/A","#N/A"
7dd26920-6b8d-4eee-8e7b-3d2d85cafd9a,"#N/A","#N/A",false,Web,"#N/A","#N/A",Medium,"#N/A",New,Subject_jqmud,"#N/A","#N/A","#N/A","#N/A","#N/A"
7dd4fc95-ed70-4919-bb1b-2a18f23fe567,"#N/A","#N/A",false,Web,"#N/A","#N/A",Medium,"#N/A",New,Subject_ebhfu,"#N/A","#N/A","#N/A","#N/A","#N/A"
7dd9f7d1-0bd1-485d-b1ee-fd15388472d8,"#N/A","#N/A",false,Web,"#N/A","#N/A",Medium,"#N/A",New,Subject_spito,"#N/A","#N/A","#N/A","#N/A","#N/A"
7ddc9f41-791d-48a8-ac46-2ad5e3a441f1,"#N/A","#N/A",false,Web,"#N/A","#N/A",Medium,"#N/A",New,Subject_fglhr,"#N/A","#N/A","#N/A","#N/A","#N/A"
7ddcce8d-3dd0-4324-9a4e-3396acbee06c,"#N/A","#N/A",false,Web,"#N/A","#N/A",Medium,"#N/A",New,Subject_aywse,"#N/A","#N/A","#N/A","#N/A","#N/A"
7ddebd7c-fa8a-4351-98e3-cd7d4150b75f,"#N/A","#N/A",false,Web,"#N/A","#N/A",Medium,"#N/A",New,Subject_uyszw,"#N/A","#N/A","#N/A","#N/A","#N/A"
7ddf2a29-ac61-4afc-981d-2baafdf4523f,"#N/A","#N/A",false,Web,"#N/A","#N/A",Medium,"#N/A",New,Subject_zpvvd,"#N/A","#N/A","#N/A","#N/A","#N/A"
7de61393-42b5-4190-80bd-c802e0b9ec3f,"#N/A","#N/A",false,Web,"#N/A","#N/A",Medium,"#N/A",New,Subject_uamsa,"#N/A","#N/A","#N/A","#N/A","#N/A"
7de6ae7f-8665-41ed-ba23-a7f00d93cba3,"#N/A","#N/A",false,Web,"#N/A","#N/A",Medium,"#N/A",New,Subject_kiuoa,"#N/A","#N/A","#N/A","#N/A","#N/A"
7deb3d2c-af0c-47a2-be27-5fa49fdfcb19,"#N/A","#N/A",false,Web,"#N/A","#N/A",Medium,"#N/A",New,Subject_ylrdn,"#N/A","#N/A","#N/A","#N/A","#N/A"
7debf282-4950-4393-b961-47efb55cee78,"#N/A","#N/A",false,Web,"#N/A","#N/A",Medium,"#N/A",New,Subject_iafls,"#N/A","#N/A","#N/A","#N/A","#N/A"
7dec2503-7bc6-4e2a-8780-c648ee0b4174,"#N/A","#N/A",false,Web,"#N/A","#N/A",Medium,"#N/A",New,Subject_upchb,"#N/A","#N/A","#N/A","#N/A","#N/A"
7ded4e66-9b32-40b2-8af5-11922988a589,"#N/A","#N/A",false,Web,"#N/A","#N/A",Medium,"#N/A",New,Subject_fqdmo,"#N/A","#N/A","#N/A","#N/A","#N/A"
7df1552e-546e-4073-9e9e-225a3eec7271,"#N/A","#N/A",false,Web,"#N/A","#N/A",Medium,"#N/A",New,Subject_jaglo,"#N/A","#N/A","#N/A","#N/A","#N/A"
7df3bea5-f5c9-40dc-98ee-6f889df982cf,"#N/A","#N/A",false,Web,"#N/A","#N/A",Medium,"#N/A",New,Subject_fipkx,"#N/A","#N/A","#N/A","#N/A","#N/A"
7df57529-949e-453d-9298-852857024f39,"#N/A","#N/A",false,Web,"#N/A","#N/A",Medium,"#N/A",New,Subject_ncmis,"#N/A","#N/A","#N/A","#N/A","#N/A"
7df5e3de-d29c-4673-b1fb-283c3b14b3ae,"#N/A","#N/A",false,Web,"#N/A","#N/A",Medium,"#N/A",New,Subject_qrpki,"#N/A","#N/A","#N/A","#N/A","#N/A"
7df76be1-db01-4250-9dfd-f1f8d60ec527,"#N/A","#N/A",false,Web,"#N/A","#N/A",Medium,"#N/A",New,Subject_otacy,"#N/A","#N/A","#N/A","#N/A","#N/A"
7df796d5-0819-4121-970e-bcd7271f81aa,"#N/A","#N/A",false,Web,"#N/A","#N/A",Medium,"#N/A",New,Subject_byfvs,"#N/A","#N/A","#N/A","#N/A","#N/A"
7dfb12ed-a043-4e94-b7b6-648e5f3d0cff,"#N/A","#N/A",false,Web,"#N/A","#N/A",Medium,"#N/A",New,Subject_jyqdo,"#N/A","#N/A","#N/A","#N/A","#N/A"
7e007e72-b4fb-4d4c-a0ef-783dace8c390,"#N/A","#N/A",false,Web,"#N/A","#N/A",Medium,"#N/A",New,Subject_lekfj,"#N/A","#N/A","#N/A","#N/A","#N/A"
7e040243-b880-452d-b39e-b786b7273150,"#N/A","#N/A",false,Web,"#N/A","#N/A",Medium,"#N/A",New,Subject_nqyhi,"#N/A","#N/A","#N/A","#N/A","#N/A"
7e0612b7-caf1-486d-a4bd-5b0a56680a8d,"#N/A","#N/A",false,Web,"#N/A","#N/A",Medium,"#N/A",New,Subject_pplsw,"#N/A","#N/A","#N/A","#N/A","#N/A"
7e088a08-f2d0-4d99-90cb-02554ac7350f,"#N/A","#N/A",false,Web,"#N/A","#N/A",Medium,"#N/A",New,Subject_tkrxm,"#N/A","#N/A","#N/A","#N/A","#N/A"
7e092abb-8d69-42d2-9522-bc950cb75ed5,"#N/A","#N/A",false,Web,"#N/A","#N/A",Medium,"#N/A",New,Subject_ejnpz,"#N/A","#N/A","#N/A","#N/A","#N/A"
7e0b9493-af29-42f0-aa98-54484bb486b8,"#N/A","#N/A",false,Web,"#N/A","#N/A",Medium,"#N/A",New,Subject_lttik,"#N/A","#N/A","#N/A","#N/A","#N/A"
7e1be513-539e-4439-a166-f089a4a62f78,"#N/A","#N/A",false,Web,"#N/A","#N/A",Medium,"#N/A",New,Subject_hpfwa,"#N/A","#N/A","#N/A","#N/A","#N/A"
7e1dddab-05e2-4d2c-8e4b-ecc6a7760dbe,"#N/A","#N/A",false,Web,"#N/A","#N/A",Medium,"#N/A",New,Subject_bjtye,"#N/A","#N/A","#N/A","#N/A","#N/A"
7e228b22-ba94-436f-9146-1f4f4a796e95,"#N/A","#N/A",false,Web,"#N/A","#N/A",Medium,"#N/A",New,Subject_fsjop,"#N/A","#N/A","#N/A","#N/A","#N/A"
7e231d89-58fb-4b02-b591-2dc66473f6db,"#N/A","#N/A",false,Web,"#N/A","#N/A",Medium,"#N/A",New,Subject_znhfa,"#N/A","#N/A","#N/A","#N/A","#N/A"
7e23441c-8262-44a6-8973-1a05019af026,"#N/A","#N/A",false,Web,"#N/A","#N/A",Medium,"#N/A",New,Subject_pdbbz,"#N/A","#N/A","#N/A","#N/A","#N/A"
7e24bfc9-a548-43bd-94f2-6e05b3eb9f80,"#N/A","#N/A",false,Web,"#N/A","#N/A",Medium,"#N/A",New,Subject_zziyq,"#N/A","#N/A","#N/A","#N/A","#N/A"
7e27f6e6-20ca-4291-bb52-b9af910ac7a7,"#N/A","#N/A",false,Web,"#N/A","#N/A",Medium,"#N/A",New,Subject_uagwe,"#N/A","#N/A","#N/A","#N/A","#N/A"
7e2b8cf0-8fb5-4396-ab8e-6f616a22f2c8,"#N/A","#N/A",false,Web,"#N/A","#N/A",Medium,"#N/A",New,Subject_duywx,"#N/A","#N/A","#N/A","#N/A","#N/A"
7e2f039f-9690-4893-ac4e-4cf5ef28698b,"#N/A","#N/A",false,Web,"#N/A","#N/A",Medium,"#N/A",New,Subject_hcnlj,"#N/A","#N/A","#N/A","#N/A","#N/A"
7e32c210-3a15-48b1-955c-159982a28feb,"#N/A","#N/A",false,Web,"#N/A","#N/A",Medium,"#N/A",New,Subject_pwdve,"#N/A","#N/A","#N/A","#N/A","#N/A"
7e33452e-8a4a-4b3f-8bfb-5a7dceac1107,"#N/A","#N/A",false,Web,"#N/A","#N/A",Medium,"#N/A",New,Subject_oqoft,"#N/A","#N/A","#N/A","#N/A","#N/A"
7e345521-643e-4e7b-aacc-174860df5980,"#N/A","#N/A",false,Web,"#N/A","#N/A",Medium,"#N/A",New,Subject_mlpei,"#N/A","#N/A","#N/A","#N/A","#N/A"
7e360fdd-82d6-4dfb-b965-69d961209a5d,"#N/A","#N/A",false,Web,"#N/A","#N/A",Medium,"#N/A",New,Subject_lyuua,"#N/A","#N/A","#N/A","#N/A","#N/A"
7e37c601-6134-4f55-842e-f9c04fd19db7,"#N/A","#N/A",false,Web,"#N/A","#N/A",Medium,"#N/A",New,Subject_tmnfy,"#N/A","#N/A","#N/A","#N/A","#N/A"
7e393276-cb2a-4f3c-aaa2-4c594574256f,"#N/A","#N/A",false,Web,"#N/A","#N/A",Medium,"#N/A",New,Subject_jaqjj,"#N/A","#N/A","#N/A","#N/A","#N/A"
7e3d78ce-157e-4c06-8a7e-f2f98c66d96c,"#N/A","#N/A",false,Web,"#N/A","#N/A",Medium,"#N/A",New,Subject_rmfpp,"#N/A","#N/A","#N/A","#N/A","#N/A"
7e3e159b-915e-4b18-9260-514b48b51954,"#N/A","#N/A",false,Web,"#N/A","#N/A",Medium,"#N/A",New,Subject_ejuqg,"#N/A","#N/A","#N/A","#N/A","#N/A"
7e40f4ed-2207-4512-92c9-734bc5e50f50,"#N/A","#N/A",false,Web,"#N/A","#N/A",Medium,"#N/A",New,Subject_rktrf,"#N/A","#N/A","#N/A","#N/A","#N/A"
7e417f43-0d6b-4eaf-b3b0-9879e5a66e84,"#N/A","#N/A",false,Web,"#N/A","#N/A",Medium,"#N/A",New,Subject_dtaos,"#N/A","#N/A","#N/A","#N/A","#N/A"
7e4603ab-b970-4057-8722-d4842baec217,"#N/A","#N/A",false,Web,"#N/A","#N/A",Medium,"#N/A",New,Subject_atfqh,"#N/A","#N/A","#N/A","#N/A","#N/A"
7e484640-2d93-4c43-8a02-da8841334d99,"#N/A","#N/A",false,Web,"#N/A","#N/A",Medium,"#N/A",New,Subject_darnv,"#N/A","#N/A","#N/A","#N/A","#N/A"
7e4bcfa7-bb77-432f-8c3a-670aee710fc9,"#N/A","#N/A",false,Web,"#N/A","#N/A",Medium,"#N/A",New,Subject_yulgc,"#N/A","#N/A","#N/A","#N/A","#N/A"
7e53e448-79da-4571-9cb7-d8b21fab4ac3,"#N/A","#N/A",false,Web,"#N/A","#N/A",Medium,"#N/A",New,Subject_xqqub,"#N/A","#N/A","#N/A","#N/A","#N/A"
7e5af3c0-1c65-4cc5-a57c-359cf531ba09,"#N/A","#N/A",false,Web,"#N/A","#N/A",Medium,"#N/A",New,Subject_rpzta,"#N/A","#N/A","#N/A","#N/A","#N/A"
7e5d7285-4ed7-461f-a4b1-c0e1995f3644,"#N/A","#N/A",false,Web,"#N/A","#N/A",Medium,"#N/A",New,Subject_bwhqd,"#N/A","#N/A","#N/A","#N/A","#N/A"
7e5e2c57-4bfa-440f-b880-59d5b511ecc6,"#N/A","#N/A",false,Web,"#N/A","#N/A",Medium,"#N/A",New,Subject_mzqdt,"#N/A","#N/A","#N/A","#N/A","#N/A"
7e5fee48-aead-4c73-8b01-86c10e35b982,"#N/A","#N/A",false,Web,"#N/A","#N/A",Medium,"#N/A",New,Subject_wpugf,"#N/A","#N/A","#N/A","#N/A","#N/A"
7e65fca6-0861-4e32-b442-4851eeb79d68,"#N/A","#N/A",false,Web,"#N/A","#N/A",Medium,"#N/A",New,Subject_qvdjy,"#N/A","#N/A","#N/A","#N/A","#N/A"
7e68bca4-1c04-4299-8fd2-fe7f39f906c7,"#N/A","#N/A",false,Web,"#N/A","#N/A",Medium,"#N/A",New,Subject_udckp,"#N/A","#N/A","#N/A","#N/A","#N/A"
7e6c4425-b2ae-4d8a-8281-ba2cb6f02257,"#N/A","#N/A",false,Web,"#N/A","#N/A",Medium,"#N/A",New,Subject_ukypi,"#N/A","#N/A","#N/A","#N/A","#N/A"
7e6fc107-64e6-45ca-b178-cfe92eb48688,"#N/A","#N/A",false,Web,"#N/A","#N/A",Medium,"#N/A",New,Subject_snspx,"#N/A","#N/A","#N/A","#N/A","#N/A"
7e72a5a9-e634-4b7c-aa7e-ea033f3cde76,"#N/A","#N/A",false,Web,"#N/A","#N/A",Medium,"#N/A",New,Subject_zsbml,"#N/A","#N/A","#N/A","#N/A","#N/A"
7e7428d8-be4a-46d5-bcbf-1c4f9c9ab941,"#N/A","#N/A",false,Web,"#N/A","#N/A",Medium,"#N/A",New,Subject_trczk,"#N/A","#N/A","#N/A","#N/A","#N/A"
7e75b441-7981-4a0b-86cc-29691e65d82b,"#N/A","#N/A",false,Web,"#N/A","#N/A",Medium,"#N/A",New,Subject_abrue,"#N/A","#N/A","#N/A","#N/A","#N/A"
7e76e079-2c10-4058-a1cd-f420eb60a893,"#N/A","#N/A",false,Web,"#N/A","#N/A",Medium,"#N/A",New,Subject_scxms,"#N/A","#N/A","#N/A","#N/A","#N/A"
7e76ec4a-508e-4237-89bd-914bc66b6938,"#N/A","#N/A",false,Web,"#N/A","#N/A",Medium,"#N/A",New,Subject_tgvio,"#N/A","#N/A","#N/A","#N/A","#N/A"
7e774a88-f5c0-4262-af6d-8223cad1df8c,"#N/A","#N/A",false,Web,"#N/A","#N/A",Medium,"#N/A",New,Subject_nbaut,"#N/A","#N/A","#N/A","#N/A","#N/A"
7e7878d1-85c5-4e55-a7ad-6f1ef86a4912,"#N/A","#N/A",false,Web,"#N/A","#N/A",Medium,"#N/A",New,Subject_ffwlv,"#N/A","#N/A","#N/A","#N/A","#N/A"
7e7951ed-86e3-4beb-9b2e-e3bef588eefc,"#N/A","#N/A",false,Web,"#N/A","#N/A",Medium,"#N/A",New,Subject_grfvv,"#N/A","#N/A","#N/A","#N/A","#N/A"
7e7b217c-965a-4305-89d8-37b2813502f3,"#N/A","#N/A",false,Web,"#N/A","#N/A",Medium,"#N/A",New,Subject_qkjkk,"#N/A","#N/A","#N/A","#N/A","#N/A"
7e7c192f-dd6e-4328-a238-9e6b12242426,"#N/A","#N/A",false,Web,"#N/A","#N/A",Medium,"#N/A",New,Subject_vrdzn,"#N/A","#N/A","#N/A","#N/A","#N/A"
7e7d653f-8c9e-4497-a59b-bdd4fff92da2,"#N/A","#N/A",false,Web,"#N/A","#N/A",Medium,"#N/A",New,Subject_qoynr,"#N/A","#N/A","#N/A","#N/A","#N/A"
7e7ea78e-6e21-40a8-ba44-73da1ea900bf,"#N/A","#N/A",false,Web,"#N/A","#N/A",Medium,"#N/A",New,Subject_dgonn,"#N/A","#N/A","#N/A","#N/A","#N/A"
7e80ee5c-28ae-4ecc-8d56-e0b34baa2d05,"#N/A","#N/A",false,Web,"#N/A","#N/A",Medium,"#N/A",New,Subject_utumg,"#N/A","#N/A","#N/A","#N/A","#N/A"
7e81919f-e122-4dc2-9a48-fd2b4ba9106a,"#N/A","#N/A",false,Web,"#N/A","#N/A",Medium,"#N/A",New,Subject_uwalj,"#N/A","#N/A","#N/A","#N/A","#N/A"
7e879f25-65cf-4468-a9fd-320cad5b74df,"#N/A","#N/A",false,Web,"#N/A","#N/A",Medium,"#N/A",New,Subject_wpell,"#N/A","#N/A","#N/A","#N/A","#N/A"
7e899499-77ea-48c6-9a45-0823d0cad281,"#N/A","#N/A",false,Web,"#N/A","#N/A",Medium,"#N/A",New,Subject_fzvuo,"#N/A","#N/A","#N/A","#N/A","#N/A"
7e8ab1ea-f44e-4e7f-9c1f-4a4706cdce23,"#N/A","#N/A",false,Web,"#N/A","#N/A",Medium,"#N/A",New,Subject_dgxxx,"#N/A","#N/A","#N/A","#N/A","#N/A"
7e8e5fd7-ceca-40e8-b200-1ec015905d49,"#N/A","#N/A",false,Web,"#N/A","#N/A",Medium,"#N/A",New,Subject_bqfuo,"#N/A","#N/A","#N/A","#N/A","#N/A"
7e8e780c-32e1-4552-85b4-24a0443d9a29,"#N/A","#N/A",false,Web,"#N/A","#N/A",Medium,"#N/A",New,Subject_jkqif,"#N/A","#N/A","#N/A","#N/A","#N/A"
7e935bb7-83ae-48b1-8fe1-94f3f6408703,"#N/A","#N/A",false,Web,"#N/A","#N/A",Medium,"#N/A",New,Subject_kwrjg,"#N/A","#N/A","#N/A","#N/A","#N/A"
7e9ad82a-91e7-462b-9711-e29f39c640f6,"#N/A","#N/A",false,Web,"#N/A","#N/A",Medium,"#N/A",New,Subject_jqoqx,"#N/A","#N/A","#N/A","#N/A","#N/A"
7e9af6b9-ef3f-4108-9eb6-1e115a121d68,"#N/A","#N/A",false,Web,"#N/A","#N/A",Medium,"#N/A",New,Subject_dkceu,"#N/A","#N/A","#N/A","#N/A","#N/A"
7ea2a2de-fcba-4036-830c-fe0ab88ef51e,"#N/A","#N/A",false,Web,"#N/A","#N/A",Medium,"#N/A",New,Subject_dastq,"#N/A","#N/A","#N/A","#N/A","#N/A"
7ea47b8a-fcc1-4b6a-a9e0-07a7e8f8a679,"#N/A","#N/A",false,Web,"#N/A","#N/A",Medium,"#N/A",New,Subject_okgfc,"#N/A","#N/A","#N/A","#N/A","#N/A"
7ea77461-7289-40fb-bc12-d83643f3ca74,"#N/A","#N/A",false,Web,"#N/A","#N/A",Medium,"#N/A",New,Subject_loner,"#N/A","#N/A","#N/A","#N/A","#N/A"
7ea7e2c8-b8e8-4062-9602-4625153bc01f,"#N/A","#N/A",false,Web,"#N/A","#N/A",Medium,"#N/A",New,Subject_ddnrq,"#N/A","#N/A","#N/A","#N/A","#N/A"
7ea9ed0e-be9e-4ade-aeb7-6dcde7f624db,"#N/A","#N/A",false,Web,"#N/A","#N/A",Medium,"#N/A",New,Subject_vgxlv,"#N/A","#N/A","#N/A","#N/A","#N/A"
7eb26c49-41a0-4e3e-a273-c95fbb06790e,"#N/A","#N/A",false,Web,"#N/A","#N/A",Medium,"#N/A",New,Subject_sorwr,"#N/A","#N/A","#N/A","#N/A","#N/A"
7eb4abb8-b617-4e68-875f-675f0eaccc4d,"#N/A","#N/A",false,Web,"#N/A","#N/A",Medium,"#N/A",New,Subject_paami,"#N/A","#N/A","#N/A","#N/A","#N/A"
7eb58bbe-92a8-43b7-9267-767b20b70bba,"#N/A","#N/A",false,Web,"#N/A","#N/A",Medium,"#N/A",New,Subject_bzzzk,"#N/A","#N/A","#N/A","#N/A","#N/A"
7eb5e0d5-28d2-4b45-8221-2aeff547f9fc,"#N/A","#N/A",false,Web,"#N/A","#N/A",Medium,"#N/A",New,Subject_xxuso,"#N/A","#N/A","#N/A","#N/A","#N/A"
7ebf5c52-a7a5-43d6-8f03-203aa73ab6ee,"#N/A","#N/A",false,Web,"#N/A","#N/A",Medium,"#N/A",New,Subject_nichl,"#N/A","#N/A","#N/A","#N/A","#N/A"
7ec3ad8d-309f-4d4f-a07e-b9b6f9b70ccd,"#N/A","#N/A",false,Web,"#N/A","#N/A",Medium,"#N/A",New,Subject_feaeg,"#N/A","#N/A","#N/A","#N/A","#N/A"
7ec45cc8-bdf2-481e-b1e2-9047216c2f7b,"#N/A","#N/A",false,Web,"#N/A","#N/A",Medium,"#N/A",New,Subject_mosms,"#N/A","#N/A","#N/A","#N/A","#N/A"
7ec6a7b2-c113-4d89-91bd-087ee17d2847,"#N/A","#N/A",false,Web,"#N/A","#N/A",Medium,"#N/A",New,Subject_rldny,"#N/A","#N/A","#N/A","#N/A","#N/A"
7ecd05c2-1322-4961-aa9a-476d16f242fd,"#N/A","#N/A",false,Web,"#N/A","#N/A",Medium,"#N/A",New,Subject_orvip,"#N/A","#N/A","#N/A","#N/A","#N/A"
7ecfb730-750b-4cd7-9f53-4b7165ed4d0a,"#N/A","#N/A",false,Web,"#N/A","#N/A",Medium,"#N/A",New,Subject_johht,"#N/A","#N/A","#N/A","#N/A","#N/A"
7ed052c8-5475-48ba-81e3-ff2ebb758e78,"#N/A","#N/A",false,Web,"#N/A","#N/A",Medium,"#N/A",New,Subject_exzqa,"#N/A","#N/A","#N/A","#N/A","#N/A"
7ed0ddb4-5c00-4e39-8014-812a8a436ab0,"#N/A","#N/A",false,Web,"#N/A","#N/A",Medium,"#N/A",New,Subject_fdatq,"#N/A","#N/A","#N/A","#N/A","#N/A"
7ed2118f-67cf-4bdb-ac14-2218321c2bdd,"#N/A","#N/A",false,Web,"#N/A","#N/A",Medium,"#N/A",New,Subject_dmxxj,"#N/A","#N/A","#N/A","#N/A","#N/A"
7ed2c4b7-928d-454e-8ef9-d3f260f1e2bb,"#N/A","#N/A",false,Web,"#N/A","#N/A",Medium,"#N/A",New,Subject_ojdnk,"#N/A","#N/A","#N/A","#N/A","#N/A"
7ed60e3c-066f-4980-bc5b-4ac173fa499e,"#N/A","#N/A",false,Web,"#N/A","#N/A",Medium,"#N/A",New,Subject_zxczs,"#N/A","#N/A","#N/A","#N/A","#N/A"
7ed6f25c-09f4-44c1-94c1-6a4259f7ac7b,"#N/A","#N/A",false,Web,"#N/A","#N/A",Medium,"#N/A",New,Subject_tolbi,"#N/A","#N/A","#N/A","#N/A","#N/A"
7ed77c7b-06dc-42c7-9502-3d81ef9924ae,"#N/A","#N/A",false,Web,"#N/A","#N/A",Medium,"#N/A",New,Subject_obzys,"#N/A","#N/A","#N/A","#N/A","#N/A"
7edca592-f865-4c1f-ae3e-d2a0b2cecefb,"#N/A","#N/A",false,Web,"#N/A","#N/A",Medium,"#N/A",New,Subject_ahmxa,"#N/A","#N/A","#N/A","#N/A","#N/A"
7edf08d5-f04a-41f4-84a7-f618f5671715,"#N/A","#N/A",false,Web,"#N/A","#N/A",Medium,"#N/A",New,Subject_wjqsd,"#N/A","#N/A","#N/A","#N/A","#N/A"
7ee047e9-8598-4200-b135-35d21525d4aa,"#N/A","#N/A",false,Web,"#N/A","#N/A",Medium,"#N/A",New,Subject_takcw,"#N/A","#N/A","#N/A","#N/A","#N/A"
7ee07c92-1cb0-41c3-a609-5e7fb2bd8ca5,"#N/A","#N/A",false,Web,"#N/A","#N/A",Medium,"#N/A",New,Subject_vsrsg,"#N/A","#N/A","#N/A","#N/A","#N/A"
7ee41869-f150-4964-bdda-551d42c622e3,"#N/A","#N/A",false,Web,"#N/A","#N/A",Medium,"#N/A",New,Subject_lfxdf,"#N/A","#N/A","#N/A","#N/A","#N/A"
7ee5865c-3b8d-4aee-a7ab-3746c572ad86,"#N/A","#N/A",false,Web,"#N/A","#N/A",Medium,"#N/A",New,Subject_aqklj,"#N/A","#N/A","#N/A","#N/A","#N/A"
7ee62e41-3af8-40d4-b656-aad7a0d43254,"#N/A","#N/A",false,Web,"#N/A","#N/A",Medium,"#N/A",New,Subject_jjeub,"#N/A","#N/A","#N/A","#N/A","#N/A"
7ee9266d-39c7-4c5d-af97-d177d77a0949,"#N/A","#N/A",false,Web,"#N/A","#N/A",Medium,"#N/A",New,Subject_uiroj,"#N/A","#N/A","#N/A","#N/A","#N/A"
7ee9b8d9-c7ec-4a60-a1e1-0450491a3b8c,"#N/A","#N/A",false,Web,"#N/A","#N/A",Medium,"#N/A",New,Subject_lzscn,"#N/A","#N/A","#N/A","#N/A","#N/A"
7eed4567-feaf-4b33-a896-36104e8d9fbe,"#N/A","#N/A",false,Web,"#N/A","#N/A",Medium,"#N/A",New,Subject_ikhhy,"#N/A","#N/A","#N/A","#N/A","#N/A"
7eefaaff-81bd-442a-ac1d-cb2b6acd38f1,"#N/A","#N/A",false,Web,"#N/A","#N/A",Medium,"#N/A",New,Subject_ebqeq,"#N/A","#N/A","#N/A","#N/A","#N/A"
7ef024df-d263-45db-91e2-cae613a79422,"#N/A","#N/A",false,Web,"#N/A","#N/A",Medium,"#N/A",New,Subject_dbsik,"#N/A","#N/A","#N/A","#N/A","#N/A"
7ef4c9d0-bdd9-4186-819e-83b93614323e,"#N/A","#N/A",false,Web,"#N/A","#N/A",Medium,"#N/A",New,Subject_xxayh,"#N/A","#N/A","#N/A","#N/A","#N/A"
7ef5bdf7-309d-4660-9829-71c865a39d70,"#N/A","#N/A",false,Web,"#N/A","#N/A",Medium,"#N/A",New,Subject_lapla,"#N/A","#N/A","#N/A","#N/A","#N/A"
7ef76c9c-40bc-4517-980a-f002d973d267,"#N/A","#N/A",false,Web,"#N/A","#N/A",Medium,"#N/A",New,Subject_cgkex,"#N/A","#N/A","#N/A","#N/A","#N/A"
7ef9474c-9e6f-46af-bd5e-c7234b14660a,"#N/A","#N/A",false,Web,"#N/A","#N/A",Medium,"#N/A",New,Subject_wlwsx,"#N/A","#N/A","#N/A","#N/A","#N/A"
7efac8eb-8e32-4d04-89c2-abf6b909b10d,"#N/A","#N/A",false,Web,"#N/A","#N/A",Medium,"#N/A",New,Subject_hkzjd,"#N/A","#N/A","#N/A","#N/A","#N/A"
7f02a02b-a6ac-43b1-852f-609293b3ca3f,"#N/A","#N/A",false,Web,"#N/A","#N/A",Medium,"#N/A",New,Subject_bepua,"#N/A","#N/A","#N/A","#N/A","#N/A"
7f02c40e-de67-4764-96d4-aae82d4e85ea,"#N/A","#N/A",false,Web,"#N/A","#N/A",Medium,"#N/A",New,Subject_zksfo,"#N/A","#N/A","#N/A","#N/A","#N/A"
7f039fa1-3871-4c04-a379-d12e392557dd,"#N/A","#N/A",false,Web,"#N/A","#N/A",Medium,"#N/A",New,Subject_hvpja,"#N/A","#N/A","#N/A","#N/A","#N/A"
7f060ac4-f13e-4ead-bbfe-34fb9dac3414,"#N/A","#N/A",false,Web,"#N/A","#N/A",Medium,"#N/A",New,Subject_pffes,"#N/A","#N/A","#N/A","#N/A","#N/A"
7f0646aa-539a-4262-9387-5d648737b5f9,"#N/A","#N/A",false,Web,"#N/A","#N/A",Medium,"#N/A",New,Subject_egdyh,"#N/A","#N/A","#N/A","#N/A","#N/A"
7f070ea0-5ed4-441f-ae49-45cbee1aff5a,"#N/A","#N/A",false,Web,"#N/A","#N/A",Medium,"#N/A",New,Subject_xydru,"#N/A","#N/A","#N/A","#N/A","#N/A"
7f0bd08b-382b-4eec-b217-ebb6520f3f10,"#N/A","#N/A",false,Web,"#N/A","#N/A",Medium,"#N/A",New,Subject_gemah,"#N/A","#N/A","#N/A","#N/A","#N/A"
7f169237-6166-4fba-84f9-126847041b89,"#N/A","#N/A",false,Web,"#N/A","#N/A",Medium,"#N/A",New,Subject_dvuzt,"#N/A","#N/A","#N/A","#N/A","#N/A"
7f18ab8d-1ed6-4df2-b016-efe9775049c4,"#N/A","#N/A",false,Web,"#N/A","#N/A",Medium,"#N/A",New,Subject_cdgig,"#N/A","#N/A","#N/A","#N/A","#N/A"
7f1c1014-61ef-48ae-aad4-8527d789416d,"#N/A","#N/A",false,Web,"#N/A","#N/A",Medium,"#N/A",New,Subject_agonj,"#N/A","#N/A","#N/A","#N/A","#N/A"
7f233422-2743-43fb-82ee-0dbf07788f6b,"#N/A","#N/A",false,Web,"#N/A","#N/A",Medium,"#N/A",New,Subject_riear,"#N/A","#N/A","#N/A","#N/A","#N/A"
7f253d4a-ed59-4eea-9db9-9f83a5b46374,"#N/A","#N/A",false,Web,"#N/A","#N/A",Medium,"#N/A",New,Subject_hwnxs,"#N/A","#N/A","#N/A","#N/A","#N/A"
7f25e018-a08f-41f8-996c-a18a413330f4,"#N/A","#N/A",false,Web,"#N/A","#N/A",Medium,"#N/A",New,Subject_dbtpn,"#N/A","#N/A","#N/A","#N/A","#N/A"
7f2822e7-51a6-4db9-97c7-87ecc6dc9b7b,"#N/A","#N/A",false,Web,"#N/A","#N/A",Medium,"#N/A",New,Subject_pmdln,"#N/A","#N/A","#N/A","#N/A","#N/A"
7f2d92a3-b9aa-48aa-9059-0fe7dae3d8e4,"#N/A","#N/A",false,Web,"#N/A","#N/A",Medium,"#N/A",New,Subject_jnvur,"#N/A","#N/A","#N/A","#N/A","#N/A"
7f2d93be-c424-48bb-a64f-d75dcf2e3ec1,"#N/A","#N/A",false,Web,"#N/A","#N/A",Medium,"#N/A",New,Subject_nvhdu,"#N/A","#N/A","#N/A","#N/A","#N/A"
7f32b1a7-621e-4a40-8e67-0ea427f03b50,"#N/A","#N/A",false,Web,"#N/A","#N/A",Medium,"#N/A",New,Subject_gauge,"#N/A","#N/A","#N/A","#N/A","#N/A"
7f373665-4325-4f55-811d-7824e4947332,"#N/A","#N/A",false,Web,"#N/A","#N/A",Medium,"#N/A",New,Subject_atizb,"#N/A","#N/A","#N/A","#N/A","#N/A"
7f38fb78-26f8-4702-9ed5-e13f9efaf395,"#N/A","#N/A",false,Web,"#N/A","#N/A",Medium,"#N/A",New,Subject_rmwkp,"#N/A","#N/A","#N/A","#N/A","#N/A"
7f3b4850-a6aa-4b83-8025-8a9359a7c0c4,"#N/A","#N/A",false,Web,"#N/A","#N/A",Medium,"#N/A",New,Subject_xrwea,"#N/A","#N/A","#N/A","#N/A","#N/A"
7f3f314c-7f67-45e5-befe-0078f89dffe7,"#N/A","#N/A",false,Web,"#N/A","#N/A",Medium,"#N/A",New,Subject_gynfh,"#N/A","#N/A","#N/A","#N/A","#N/A"
7f4455e9-7e61-4ddc-b988-4e9cf8ff86fa,"#N/A","#N/A",false,Web,"#N/A","#N/A",Medium,"#N/A",New,Subject_xzwwx,"#N/A","#N/A","#N/A","#N/A","#N/A"
7f453a2b-14cc-49cd-907d-2db75ad95a9e,"#N/A","#N/A",false,Web,"#N/A","#N/A",Medium,"#N/A",New,Subject_etuty,"#N/A","#N/A","#N/A","#N/A","#N/A"
7f493d06-f4fe-4205-ba54-844c8cdf1162,"#N/A","#N/A",false,Web,"#N/A","#N/A",Medium,"#N/A",New,Subject_repmc,"#N/A","#N/A","#N/A","#N/A","#N/A"
7f496d02-a60b-4823-8e20-eae8a44843a9,"#N/A","#N/A",false,Web,"#N/A","#N/A",Medium,"#N/A",New,Subject_uujfg,"#N/A","#N/A","#N/A","#N/A","#N/A"
7f498d28-a50b-4e01-8d8c-b66c6e4b2f4f,"#N/A","#N/A",false,Web,"#N/A","#N/A",Medium,"#N/A",New,Subject_kvpdz,"#N/A","#N/A","#N/A","#N/A","#N/A"
7f4a2430-3567-44e5-a171-87476d1468ea,"#N/A","#N/A",false,Web,"#N/A","#N/A",Medium,"#N/A",New,Subject_pajel,"#N/A","#N/A","#N/A","#N/A","#N/A"
7f4a9d3c-1e0f-41fd-9a46-dc67d6fff9b6,"#N/A","#N/A",false,Web,"#N/A","#N/A",Medium,"#N/A",New,Subject_fxoao,"#N/A","#N/A","#N/A","#N/A","#N/A"
7f4ec484-90ba-40be-aab9-e49425a371cf,"#N/A","#N/A",false,Web,"#N/A","#N/A",Medium,"#N/A",New,Subject_oxngr,"#N/A","#N/A","#N/A","#N/A","#N/A"
7f57137f-b923-4f9e-a73c-538c4a048b74,"#N/A","#N/A",false,Web,"#N/A","#N/A",Medium,"#N/A",New,Subject_fwthd,"#N/A","#N/A","#N/A","#N/A","#N/A"
7f58f9c5-efcb-4d32-8ba0-4cad22808130,"#N/A","#N/A",false,Web,"#N/A","#N/A",Medium,"#N/A",New,Subject_uslhs,"#N/A","#N/A","#N/A","#N/A","#N/A"
7f5a5939-73f6-4031-9408-31f964a2942e,"#N/A","#N/A",false,Web,"#N/A","#N/A",Medium,"#N/A",New,Subject_pnnqe,"#N/A","#N/A","#N/A","#N/A","#N/A"
7f5b8586-a248-498a-b77e-1330076834d8,"#N/A","#N/A",false,Web,"#N/A","#N/A",Medium,"#N/A",New,Subject_rlbst,"#N/A","#N/A","#N/A","#N/A","#N/A"
7f60ecd0-32f6-437c-a78f-65803db61ade,"#N/A","#N/A",false,Web,"#N/A","#N/A",Medium,"#N/A",New,Subject_tcbiw,"#N/A","#N/A","#N/A","#N/A","#N/A"
7f622c12-4bb8-4f2a-95e0-4c2ef3e66e78,"#N/A","#N/A",false,Web,"#N/A","#N/A",Medium,"#N/A",New,Subject_wfunu,"#N/A","#N/A","#N/A","#N/A","#N/A"
7f67b49f-5a2a-4530-b6cd-f959c2340f89,"#N/A","#N/A",false,Web,"#N/A","#N/A",Medium,"#N/A",New,Subject_qnnif,"#N/A","#N/A","#N/A","#N/A","#N/A"
7f6b8df3-a868-4ab7-bdec-a9ef99089d9e,"#N/A","#N/A",false,Web,"#N/A","#N/A",Medium,"#N/A",New,Subject_taudf,"#N/A","#N/A","#N/A","#N/A","#N/A"
7f727946-3789-4102-a344-b38447fb29f3,"#N/A","#N/A",false,Web,"#N/A","#N/A",Medium,"#N/A",New,Subject_glvnb,"#N/A","#N/A","#N/A","#N/A","#N/A"
7f76310c-236a-4be3-b5a3-3bc9eb6c655a,"#N/A","#N/A",false,Web,"#N/A","#N/A",Medium,"#N/A",New,Subject_cvtep,"#N/A","#N/A","#N/A","#N/A","#N/A"
7f7b2efb-2334-47e4-9f3d-e73c8c0cc572,"#N/A","#N/A",false,Web,"#N/A","#N/A",Medium,"#N/A",New,Subject_bsnrr,"#N/A","#N/A","#N/A","#N/A","#N/A"
7f7cc1be-17ca-413c-81f1-39ac7b512e2d,"#N/A","#N/A",false,Web,"#N/A","#N/A",Medium,"#N/A",New,Subject_wvoio,"#N/A","#N/A","#N/A","#N/A","#N/A"
7f848f07-244e-4cbf-9eec-549d3c9ed632,"#N/A","#N/A",false,Web,"#N/A","#N/A",Medium,"#N/A",New,Subject_blixs,"#N/A","#N/A","#N/A","#N/A","#N/A"
7f86be5a-02ce-4280-8d31-18c4db1731be,"#N/A","#N/A",false,Web,"#N/A","#N/A",Medium,"#N/A",New,Subject_zuiks,"#N/A","#N/A","#N/A","#N/A","#N/A"
7f86e8da-6296-4cc1-9605-abcc98a3fe13,"#N/A","#N/A",false,Web,"#N/A","#N/A",Medium,"#N/A",New,Subject_mzcdo,"#N/A","#N/A","#N/A","#N/A","#N/A"
7f89e9ab-1a94-4888-89c9-49931c4d860d,"#N/A","#N/A",false,Web,"#N/A","#N/A",Medium,"#N/A",New,Subject_mdenv,"#N/A","#N/A","#N/A","#N/A","#N/A"
7f8c3736-10fe-4ecb-a0d3-7d54863880a5,"#N/A","#N/A",false,Web,"#N/A","#N/A",Medium,"#N/A",New,Subject_uthpf,"#N/A","#N/A","#N/A","#N/A","#N/A"
7f8e866b-812a-4072-9be3-f2efc12b5ffe,"#N/A","#N/A",false,Web,"#N/A","#N/A",Medium,"#N/A",New,Subject_djaqh,"#N/A","#N/A","#N/A","#N/A","#N/A"
7f8e9e58-5fd8-471a-8034-dfacc85a3fac,"#N/A","#N/A",false,Web,"#N/A","#N/A",Medium,"#N/A",New,Subject_flaef,"#N/A","#N/A","#N/A","#N/A","#N/A"
7f8ef0df-ad05-4d2f-8bec-7bba8c845fdd,"#N/A","#N/A",false,Web,"#N/A","#N/A",Medium,"#N/A",New,Subject_ewcsk,"#N/A","#N/A","#N/A","#N/A","#N/A"
7f92595f-fb7d-4484-b45c-9b5b1e61a663,"#N/A","#N/A",false,Web,"#N/A","#N/A",Medium,"#N/A",New,Subject_eccks,"#N/A","#N/A","#N/A","#N/A","#N/A"
7f934a1c-149e-4ecd-a342-8cfdb7e37480,"#N/A","#N/A",false,Web,"#N/A","#N/A",Medium,"#N/A",New,Subject_fmvzo,"#N/A","#N/A","#N/A","#N/A","#N/A"
7f93a67b-4c6e-44ba-91cf-ec61fe1e8ebb,"#N/A","#N/A",false,Web,"#N/A","#N/A",Medium,"#N/A",New,Subject_bpjax,"#N/A","#N/A","#N/A","#N/A","#N/A"
7f985bbc-a1b9-4c37-bce3-6070059f474a,"#N/A","#N/A",false,Web,"#N/A","#N/A",Medium,"#N/A",New,Subject_mfxxa,"#N/A","#N/A","#N/A","#N/A","#N/A"
7f99bda9-3ac7-4740-8a70-d5a5a794bd76,"#N/A","#N/A",false,Web,"#N/A","#N/A",Medium,"#N/A",New,Subject_ksvkn,"#N/A","#N/A","#N/A","#N/A","#N/A"
7f9b7112-39b5-4fee-a1d7-252418fe5930,"#N/A","#N/A",false,Web,"#N/A","#N/A",Medium,"#N/A",New,Subject_rceez,"#N/A","#N/A","#N/A","#N/A","#N/A"
7f9ce901-6280-4eba-ac26-19e817430e24,"#N/A","#N/A",false,Web,"#N/A","#N/A",Medium,"#N/A",New,Subject_kvcei,"#N/A","#N/A","#N/A","#N/A","#N/A"
7f9e0317-6f9d-4b1f-a07b-7873ecd97e1b,"#N/A","#N/A",false,Web,"#N/A","#N/A",Medium,"#N/A",New,Subject_qnrlp,"#N/A","#N/A","#N/A","#N/A","#N/A"
7fa1dc0b-5727-49c5-9b40-50b398aa23c9,"#N/A","#N/A",false,Web,"#N/A","#N/A",Medium,"#N/A",New,Subject_ywkns,"#N/A","#N/A","#N/A","#N/A","#N/A"
7fa1f77e-dfee-445f-a419-3d36c6a4a240,"#N/A","#N/A",false,Web,"#N/A","#N/A",Medium,"#N/A",New,Subject_rievo,"#N/A","#N/A","#N/A","#N/A","#N/A"
7fab7d20-4ca1-41b6-9c11-1488d1658439,"#N/A","#N/A",false,Web,"#N/A","#N/A",Medium,"#N/A",New,Subject_pmpyg,"#N/A","#N/A","#N/A","#N/A","#N/A"
7fabace5-d035-4ddb-a7fe-be4626a3a6f0,"#N/A","#N/A",false,Web,"#N/A","#N/A",Medium,"#N/A",New,Subject_harct,"#N/A","#N/A","#N/A","#N/A","#N/A"
7fad3270-9375-48eb-8a52-38144f5b4994,"#N/A","#N/A",false,Web,"#N/A","#N/A",Medium,"#N/A",New,Subject_fjjzi,"#N/A","#N/A","#N/A","#N/A","#N/A"
7fb0ac9f-4eca-45e8-9fb0-406b959cae45,"#N/A","#N/A",false,Web,"#N/A","#N/A",Medium,"#N/A",New,Subject_alkgp,"#N/A","#N/A","#N/A","#N/A","#N/A"
7fb16892-4e30-4cb1-8611-c738dfd708bc,"#N/A","#N/A",false,Web,"#N/A","#N/A",Medium,"#N/A",New,Subject_zvfsa,"#N/A","#N/A","#N/A","#N/A","#N/A"
7fb3e664-e43a-499e-b9c8-d6c2b5a9bb0f,"#N/A","#N/A",false,Web,"#N/A","#N/A",Medium,"#N/A",New,Subject_otfvr,"#N/A","#N/A","#N/A","#N/A","#N/A"
7fb4a3c1-287e-4e34-8ca7-4b1be6f38f3e,"#N/A","#N/A",false,Web,"#N/A","#N/A",Medium,"#N/A",New,Subject_cturf,"#N/A","#N/A","#N/A","#N/A","#N/A"
7fb52b5f-642f-4f0f-82fa-3a44d2ebc336,"#N/A","#N/A",false,Web,"#N/A","#N/A",Medium,"#N/A",New,Subject_joyrj,"#N/A","#N/A","#N/A","#N/A","#N/A"
7fb9c22c-68cc-401d-bd57-8e37012b6723,"#N/A","#N/A",false,Web,"#N/A","#N/A",Medium,"#N/A",New,Subject_uidxq,"#N/A","#N/A","#N/A","#N/A","#N/A"
7fbe412a-6840-4416-b3f7-bb88a343993f,"#N/A","#N/A",false,Web,"#N/A","#N/A",Medium,"#N/A",New,Subject_djeew,"#N/A","#N/A","#N/A","#N/A","#N/A"
7fbfab54-62ce-4fa8-a6a3-fb97db4b6cbc,"#N/A","#N/A",false,Web,"#N/A","#N/A",Medium,"#N/A",New,Subject_apbak,"#N/A","#N/A","#N/A","#N/A","#N/A"
7fc2a8d1-3ed1-4aaf-89c7-395dd989ab79,"#N/A","#N/A",false,Web,"#N/A","#N/A",Medium,"#N/A",New,Subject_ypglx,"#N/A","#N/A","#N/A","#N/A","#N/A"
7fc4d82c-c0f9-42ea-aaf2-0717f10c732e,"#N/A","#N/A",false,Web,"#N/A","#N/A",Medium,"#N/A",New,Subject_cnlwi,"#N/A","#N/A","#N/A","#N/A","#N/A"
7fc9e361-8fbe-4e79-a52a-6f735728c116,"#N/A","#N/A",false,Web,"#N/A","#N/A",Medium,"#N/A",New,Subject_klxuu,"#N/A","#N/A","#N/A","#N/A","#N/A"
7fcb772c-65dd-4199-bfe2-6e4b1e75a031,"#N/A","#N/A",false,Web,"#N/A","#N/A",Medium,"#N/A",New,Subject_aytiu,"#N/A","#N/A","#N/A","#N/A","#N/A"
7fcdb362-73e0-43a3-b578-d816461c0cff,"#N/A","#N/A",false,Web,"#N/A","#N/A",Medium,"#N/A",New,Subject_mimxg,"#N/A","#N/A","#N/A","#N/A","#N/A"
7fcf6920-df04-4570-a307-29cf6838587f,"#N/A","#N/A",false,Web,"#N/A","#N/A",Medium,"#N/A",New,Subject_rjkll,"#N/A","#N/A","#N/A","#N/A","#N/A"
7fd22f67-6bab-4def-b6db-452487c8cc98,"#N/A","#N/A",false,Web,"#N/A","#N/A",Medium,"#N/A",New,Subject_yfnal,"#N/A","#N/A","#N/A","#N/A","#N/A"
7fd49a23-57d2-41c5-bf71-6153e59be2c5,"#N/A","#N/A",false,Web,"#N/A","#N/A",Medium,"#N/A",New,Subject_pqpnf,"#N/A","#N/A","#N/A","#N/A","#N/A"
7fd7d216-fcb1-4f9c-af76-b6a2934da175,"#N/A","#N/A",false,Web,"#N/A","#N/A",Medium,"#N/A",New,Subject_miqtc,"#N/A","#N/A","#N/A","#N/A","#N/A"
7fd84fea-da0a-4262-b147-07140126063f,"#N/A","#N/A",false,Web,"#N/A","#N/A",Medium,"#N/A",New,Subject_mnaat,"#N/A","#N/A","#N/A","#N/A","#N/A"
7fd95433-df47-4c86-8d8b-770a5d3adeec,"#N/A","#N/A",false,Web,"#N/A","#N/A",Medium,"#N/A",New,Subject_piqvq,"#N/A","#N/A","#N/A","#N/A","#N/A"
7fdc122a-f86b-4fcd-9961-d07bd0703df1,"#N/A","#N/A",false,Web,"#N/A","#N/A",Medium,"#N/A",New,Subject_tepye,"#N/A","#N/A","#N/A","#N/A","#N/A"
7fe054c1-b5d2-44fd-be83-b6f1e17cd531,"#N/A","#N/A",false,Web,"#N/A","#N/A",Medium,"#N/A",New,Subject_wvzgd,"#N/A","#N/A","#N/A","#N/A","#N/A"
7fe1e002-6fd8-4e59-b9e2-ddd14363b191,"#N/A","#N/A",false,Web,"#N/A","#N/A",Medium,"#N/A",New,Subject_mnali,"#N/A","#N/A","#N/A","#N/A","#N/A"
7fea59d4-7b63-467f-bdf4-98560cba61fd,"#N/A","#N/A",false,Web,"#N/A","#N/A",Medium,"#N/A",New,Subject_lmymn,"#N/A","#N/A","#N/A","#N/A","#N/A"
7fea8294-65e2-4059-94c8-6a6c2a79acdb,"#N/A","#N/A",false,Web,"#N/A","#N/A",Medium,"#N/A",New,Subject_kowpd,"#N/A","#N/A","#N/A","#N/A","#N/A"
7feb5562-0f37-4c76-b783-24e1732df89c,"#N/A","#N/A",false,Web,"#N/A","#N/A",Medium,"#N/A",New,Subject_gtiks,"#N/A","#N/A","#N/A","#N/A","#N/A"
7feba552-df6d-465a-a0e6-7e18b6bfbb20,"#N/A","#N/A",false,Web,"#N/A","#N/A",Medium,"#N/A",New,Subject_qsqyr,"#N/A","#N/A","#N/A","#N/A","#N/A"
7fefc970-08d2-4760-9abd-0003fc17f2d3,"#N/A","#N/A",false,Web,"#N/A","#N/A",Medium,"#N/A",New,Subject_ehryc,"#N/A","#N/A","#N/A","#N/A","#N/A"
7ff80eab-a6cb-45e3-8848-5dde5efb7761,"#N/A","#N/A",false,Web,"#N/A","#N/A",Medium,"#N/A",New,Subject_ganma,"#N/A","#N/A","#N/A","#N/A","#N/A"
7ffd67dd-15bf-40e8-808d-a639c67b459e,"#N/A","#N/A",false,Web,"#N/A","#N/A",Medium,"#N/A",New,Subject_tfgau,"#N/A","#N/A","#N/A","#N/A","#N/A"
7ffe9bd0-a349-409d-861d-2d566d5f17fd,"#N/A","#N/A",false,Web,"#N/A","#N/A",Medium,"#N/A",New,Subject_lksft,"#N/A","#N/A","#N/A","#N/A","#N/A"
80004ec5-0e28-4a26-8766-ff9fecc0ff13,"#N/A","#N/A",false,Web,"#N/A","#N/A",Medium,"#N/A",New,Subject_nqsuk,"#N/A","#N/A","#N/A","#N/A","#N/A"
8000d28e-71dd-4da8-8d03-a43f801a472e,"#N/A","#N/A",false,Web,"#N/A","#N/A",Medium,"#N/A",New,Subject_ivshl,"#N/A","#N/A","#N/A","#N/A","#N/A"
80024d6f-1b22-411b-9262-b7bc84b3945a,"#N/A","#N/A",false,Web,"#N/A","#N/A",Medium,"#N/A",New,Subject_ezbey,"#N/A","#N/A","#N/A","#N/A","#N/A"
800657d8-a140-40b9-a4b0-9d93f5f3171e,"#N/A","#N/A",false,Web,"#N/A","#N/A",Medium,"#N/A",New,Subject_yftum,"#N/A","#N/A","#N/A","#N/A","#N/A"
8006d2d9-e358-4c8e-b403-ea49b0d69e18,"#N/A","#N/A",false,Web,"#N/A","#N/A",Medium,"#N/A",New,Subject_ikfss,"#N/A","#N/A","#N/A","#N/A","#N/A"
8008fe60-5544-4e10-9846-779272b496e9,"#N/A","#N/A",false,Web,"#N/A","#N/A",Medium,"#N/A",New,Subject_nclyx,"#N/A","#N/A","#N/A","#N/A","#N/A"
8009ed5e-adea-4ee4-b1b2-1c1fb34e30bd,"#N/A","#N/A",false,Web,"#N/A","#N/A",Medium,"#N/A",New,Subject_xonyp,"#N/A","#N/A","#N/A","#N/A","#N/A"
80101a65-fa7f-4706-bf97-8f0db176a54e,"#N/A","#N/A",false,Web,"#N/A","#N/A",Medium,"#N/A",New,Subject_vznfj,"#N/A","#N/A","#N/A","#N/A","#N/A"
8011b662-43f4-41c0-995a-2d02ce144f8d,"#N/A","#N/A",false,Web,"#N/A","#N/A",Medium,"#N/A",New,Subject_edzha,"#N/A","#N/A","#N/A","#N/A","#N/A"
8013548b-7f40-4484-a04e-257054dea570,"#N/A","#N/A",false,Web,"#N/A","#N/A",Medium,"#N/A",New,Subject_grsfg,"#N/A","#N/A","#N/A","#N/A","#N/A"
801450ee-ee78-4ee8-9a8e-8a2f491ba23e,"#N/A","#N/A",false,Web,"#N/A","#N/A",Medium,"#N/A",New,Subject_mmhxr,"#N/A","#N/A","#N/A","#N/A","#N/A"
801542f9-c9c9-4639-b529-5f7924b09f72,"#N/A","#N/A",false,Web,"#N/A","#N/A",Medium,"#N/A",New,Subject_izpsr,"#N/A","#N/A","#N/A","#N/A","#N/A"
8016a00e-5630-418a-a216-bc4a2cd519ec,"#N/A","#N/A",false,Web,"#N/A","#N/A",Medium,"#N/A",New,Subject_itohh,"#N/A","#N/A","#N/A","#N/A","#N/A"
8016eaae-9e66-4aef-bada-5acbefc44d6c,"#N/A","#N/A",false,Web,"#N/A","#N/A",Medium,"#N/A",New,Subject_kiudj,"#N/A","#N/A","#N/A","#N/A","#N/A"
801f578c-24db-4498-9ae2-fbdde75ce5b3,"#N/A","#N/A",false,Web,"#N/A","#N/A",Medium,"#N/A",New,Subject_wmrug,"#N/A","#N/A","#N/A","#N/A","#N/A"
801fb642-3a55-4e71-ae88-ea997a25844b,"#N/A","#N/A",false,Web,"#N/A","#N/A",Medium,"#N/A",New,Subject_hdjdx,"#N/A","#N/A","#N/A","#N/A","#N/A"
8020f906-f8ab-46f8-b432-0f72f21aee98,"#N/A","#N/A",false,Web,"#N/A","#N/A",Medium,"#N/A",New,Subject_gikdz,"#N/A","#N/A","#N/A","#N/A","#N/A"
8021c087-243a-43d5-afd8-f3e8a88ffcd0,"#N/A","#N/A",false,Web,"#N/A","#N/A",Medium,"#N/A",New,Subject_bpxmv,"#N/A","#N/A","#N/A","#N/A","#N/A"
8026a115-b189-46b0-8565-426c5bc19cfe,"#N/A","#N/A",false,Web,"#N/A","#N/A",Medium,"#N/A",New,Subject_qiraa,"#N/A","#N/A","#N/A","#N/A","#N/A"
8027093d-6489-4492-bcce-ba50e8902e82,"#N/A","#N/A",false,Web,"#N/A","#N/A",Medium,"#N/A",New,Subject_hztuu,"#N/A","#N/A","#N/A","#N/A","#N/A"
802958a3-974a-453b-83da-31827f9823f1,"#N/A","#N/A",false,Web,"#N/A","#N/A",Medium,"#N/A",New,Subject_jophn,"#N/A","#N/A","#N/A","#N/A","#N/A"
802ac781-ea87-4be6-bf60-62694366cdfd,"#N/A","#N/A",false,Web,"#N/A","#N/A",Medium,"#N/A",New,Subject_jhryo,"#N/A","#N/A","#N/A","#N/A","#N/A"
8031d038-6f41-407a-8fe9-3546a6201a74,"#N/A","#N/A",false,Web,"#N/A","#N/A",Medium,"#N/A",New,Subject_lxkel,"#N/A","#N/A","#N/A","#N/A","#N/A"
80320ad4-3255-4b72-baee-73fc714a4ada,"#N/A","#N/A",false,Web,"#N/A","#N/A",Medium,"#N/A",New,Subject_easzy,"#N/A","#N/A","#N/A","#N/A","#N/A"
803299d8-e695-4639-91a0-cf9b96be18e1,"#N/A","#N/A",false,Web,"#N/A","#N/A",Medium,"#N/A",New,Subject_krzhf,"#N/A","#N/A","#N/A","#N/A","#N/A"
8036c207-426d-4896-a0a6-c4cd1a72f874,"#N/A","#N/A",false,Web,"#N/A","#N/A",Medium,"#N/A",New,Subject_oblmt,"#N/A","#N/A","#N/A","#N/A","#N/A"
8038f301-9d23-4b0d-a428-a4e1a811de29,"#N/A","#N/A",false,Web,"#N/A","#N/A",Medium,"#N/A",New,Subject_hwblv,"#N/A","#N/A","#N/A","#N/A","#N/A"
8039fd17-4716-4cce-9163-95d3f17dbfbf,"#N/A","#N/A",false,Web,"#N/A","#N/A",Medium,"#N/A",New,Subject_snqgn,"#N/A","#N/A","#N/A","#N/A","#N/A"
803d1ea2-dbfe-4991-bcd5-053ce9e060d3,"#N/A","#N/A",false,Web,"#N/A","#N/A",Medium,"#N/A",New,Subject_obzys,"#N/A","#N/A","#N/A","#N/A","#N/A"
80409cc1-1fee-4fa2-83dc-66312041bf2d,"#N/A","#N/A",false,Web,"#N/A","#N/A",Medium,"#N/A",New,Subject_zeonk,"#N/A","#N/A","#N/A","#N/A","#N/A"
8047d2bd-20df-4cd0-9da5-b244f3939b82,"#N/A","#N/A",false,Web,"#N/A","#N/A",Medium,"#N/A",New,Subject_scmkg,"#N/A","#N/A","#N/A","#N/A","#N/A"
80490791-0640-42f4-b14f-c9587df7b003,"#N/A","#N/A",false,Web,"#N/A","#N/A",Medium,"#N/A",New,Subject_muucv,"#N/A","#N/A","#N/A","#N/A","#N/A"
804afdf9-23f8-4cd7-b84f-04345f8e81fa,"#N/A","#N/A",false,Web,"#N/A","#N/A",Medium,"#N/A",New,Subject_ceqyf,"#N/A","#N/A","#N/A","#N/A","#N/A"
804d76cf-3a42-490a-937d-d13a8377c9ba,"#N/A","#N/A",false,Web,"#N/A","#N/A",Medium,"#N/A",New,Subject_ietnd,"#N/A","#N/A","#N/A","#N/A","#N/A"
804fb608-346f-415f-858b-22bbb29aa328,"#N/A","#N/A",false,Web,"#N/A","#N/A",Medium,"#N/A",New,Subject_ffwue,"#N/A","#N/A","#N/A","#N/A","#N/A"
8050b171-8d18-4be1-af1a-57f79eed2530,"#N/A","#N/A",false,Web,"#N/A","#N/A",Medium,"#N/A",New,Subject_ivwiw,"#N/A","#N/A","#N/A","#N/A","#N/A"
8050f6dd-3df8-4197-826a-8673f049de1f,"#N/A","#N/A",false,Web,"#N/A","#N/A",Medium,"#N/A",New,Subject_mxome,"#N/A","#N/A","#N/A","#N/A","#N/A"
80515188-074b-4799-89a5-500d9319e5a6,"#N/A","#N/A",false,Web,"#N/A","#N/A",Medium,"#N/A",New,Subject_epnns,"#N/A","#N/A","#N/A","#N/A","#N/A"
8055cca5-d015-452f-8a8e-c52fc2d2b397,"#N/A","#N/A",false,Web,"#N/A","#N/A",Medium,"#N/A",New,Subject_wztav,"#N/A","#N/A","#N/A","#N/A","#N/A"
80568c8c-14ae-4d7b-9c15-af532701111f,"#N/A","#N/A",false,Web,"#N/A","#N/A",Medium,"#N/A",New,Subject_hnowu,"#N/A","#N/A","#N/A","#N/A","#N/A"
80571a9b-9967-4101-ab14-70854e353ee1,"#N/A","#N/A",false,Web,"#N/A","#N/A",Medium,"#N/A",New,Subject_iuqzp,"#N/A","#N/A","#N/A","#N/A","#N/A"
805db906-ecf2-4ea2-87f2-55785477f757,"#N/A","#N/A",false,Web,"#N/A","#N/A",Medium,"#N/A",New,Subject_nltfm,"#N/A","#N/A","#N/A","#N/A","#N/A"
805ec783-1534-4913-8c57-26f1ddba71d7,"#N/A","#N/A",false,Web,"#N/A","#N/A",Medium,"#N/A",New,Subject_cnlbr,"#N/A","#N/A","#N/A","#N/A","#N/A"
805f6610-92c5-43d6-9c02-9d4a3fc81b65,"#N/A","#N/A",false,Web,"#N/A","#N/A",Medium,"#N/A",New,Subject_lvizt,"#N/A","#N/A","#N/A","#N/A","#N/A"
80636e4c-3a9b-4487-aef6-7d919ed748cd,"#N/A","#N/A",false,Web,"#N/A","#N/A",Medium,"#N/A",New,Subject_fwtwk,"#N/A","#N/A","#N/A","#N/A","#N/A"
8064b713-c9d5-4107-92d8-050dca67a40f,"#N/A","#N/A",false,Web,"#N/A","#N/A",Medium,"#N/A",New,Subject_vfavd,"#N/A","#N/A","#N/A","#N/A","#N/A"
806559de-cde5-4092-a58f-963fe4b6f0ba,"#N/A","#N/A",false,Web,"#N/A","#N/A",Medium,"#N/A",New,Subject_nhhgc,"#N/A","#N/A","#N/A","#N/A","#N/A"
806ef7c8-8042-47ad-9556-db68598884f0,"#N/A","#N/A",false,Web,"#N/A","#N/A",Medium,"#N/A",New,Subject_cflht,"#N/A","#N/A","#N/A","#N/A","#N/A"
8071c6ed-66e3-4283-b77e-94f5c64ee5b3,"#N/A","#N/A",false,Web,"#N/A","#N/A",Medium,"#N/A",New,Subject_hoebb,"#N/A","#N/A","#N/A","#N/A","#N/A"
8072ee20-8e9a-4622-9079-d2be199e49b5,"#N/A","#N/A",false,Web,"#N/A","#N/A",Medium,"#N/A",New,Subject_ddzww,"#N/A","#N/A","#N/A","#N/A","#N/A"
80743a21-bc56-49c0-864d-dec8a5c74a73,"#N/A","#N/A",false,Web,"#N/A","#N/A",Medium,"#N/A",New,Subject_jkddu,"#N/A","#N/A","#N/A","#N/A","#N/A"
8075424e-4ac9-4648-9ef8-ebe2d4c14b37,"#N/A","#N/A",false,Web,"#N/A","#N/A",Medium,"#N/A",New,Subject_xbsci,"#N/A","#N/A","#N/A","#N/A","#N/A"
807b91e3-f585-4731-beac-32a302363a39,"#N/A","#N/A",false,Web,"#N/A","#N/A",Medium,"#N/A",New,Subject_snacw,"#N/A","#N/A","#N/A","#N/A","#N/A"
8083429f-04aa-490b-bccf-56ce9cf06498,"#N/A","#N/A",false,Web,"#N/A","#N/A",Medium,"#N/A",New,Subject_xczkf,"#N/A","#N/A","#N/A","#N/A","#N/A"
80858653-166f-4fc9-99bd-3111e5696d91,"#N/A","#N/A",false,Web,"#N/A","#N/A",Medium,"#N/A",New,Subject_stnqf,"#N/A","#N/A","#N/A","#N/A","#N/A"
8087139d-7a6c-481e-ab8e-3712a6ab694b,"#N/A","#N/A",false,Web,"#N/A","#N/A",Medium,"#N/A",New,Subject_qxhzs,"#N/A","#N/A","#N/A","#N/A","#N/A"
808ecf94-d57e-4e51-8295-12934384dbf4,"#N/A","#N/A",false,Web,"#N/A","#N/A",Medium,"#N/A",New,Subject_qpnbn,"#N/A","#N/A","#N/A","#N/A","#N/A"
80952cdc-b5b9-4bc6-8188-222227c3fd4e,"#N/A","#N/A",false,Web,"#N/A","#N/A",Medium,"#N/A",New,Subject_ujfmi,"#N/A","#N/A","#N/A","#N/A","#N/A"
809595c7-d5ec-43f0-8681-64e3ca492ccb,"#N/A","#N/A",false,Web,"#N/A","#N/A",Medium,"#N/A",New,Subject_kymqf,"#N/A","#N/A","#N/A","#N/A","#N/A"
809893a5-ce53-4050-99e5-1ce981924f23,"#N/A","#N/A",false,Web,"#N/A","#N/A",Medium,"#N/A",New,Subject_mpugi,"#N/A","#N/A","#N/A","#N/A","#N/A"
809b3ba0-e6d2-4376-baa4-ff7e38d32ef2,"#N/A","#N/A",false,Web,"#N/A","#N/A",Medium,"#N/A",New,Subject_vbqze,"#N/A","#N/A","#N/A","#N/A","#N/A"
809b8c96-4e8b-433b-a82b-64030c5b1638,"#N/A","#N/A",false,Web,"#N/A","#N/A",Medium,"#N/A",New,Subject_vifyr,"#N/A","#N/A","#N/A","#N/A","#N/A"
809ca50d-3ff6-4c1f-a242-326cf5ce3161,"#N/A","#N/A",false,Web,"#N/A","#N/A",Medium,"#N/A",New,Subject_hqmyc,"#N/A","#N/A","#N/A","#N/A","#N/A"
809f415d-793b-4283-9f26-6aa6530a5570,"#N/A","#N/A",false,Web,"#N/A","#N/A",Medium,"#N/A",New,Subject_rkani,"#N/A","#N/A","#N/A","#N/A","#N/A"
809f9e87-63bd-41ec-ac8d-481fbb183873,"#N/A","#N/A",false,Web,"#N/A","#N/A",Medium,"#N/A",New,Subject_nogqa,"#N/A","#N/A","#N/A","#N/A","#N/A"
80a1446e-1725-4bf8-9be5-fd7af91f9f17,"#N/A","#N/A",false,Web,"#N/A","#N/A",Medium,"#N/A",New,Subject_zmngj,"#N/A","#N/A","#N/A","#N/A","#N/A"
80a22b57-c61b-43ed-af59-29e1e951ca53,"#N/A","#N/A",false,Web,"#N/A","#N/A",Medium,"#N/A",New,Subject_ffgmh,"#N/A","#N/A","#N/A","#N/A","#N/A"
80a357c0-bed3-413c-82d2-c92763ba5ea5,"#N/A","#N/A",false,Web,"#N/A","#N/A",Medium,"#N/A",New,Subject_vbokw,"#N/A","#N/A","#N/A","#N/A","#N/A"
80a6dc48-fc27-48e3-abe5-5c281e056226,"#N/A","#N/A",false,Web,"#N/A","#N/A",Medium,"#N/A",New,Subject_anuni,"#N/A","#N/A","#N/A","#N/A","#N/A"
80a8ce81-aabd-4d60-a973-95e3e64cb75e,"#N/A","#N/A",false,Web,"#N/A","#N/A",Medium,"#N/A",New,Subject_apsaa,"#N/A","#N/A","#N/A","#N/A","#N/A"
80aa88cd-5229-43d2-aef8-9a9cd883f48e,"#N/A","#N/A",false,Web,"#N/A","#N/A",Medium,"#N/A",New,Subject_andru,"#N/A","#N/A","#N/A","#N/A","#N/A"
80b16309-ba33-407f-aea2-6695c3aeea5b,"#N/A","#N/A",false,Web,"#N/A","#N/A",Medium,"#N/A",New,Subject_tqyiq,"#N/A","#N/A","#N/A","#N/A","#N/A"
80b600c6-973e-4b75-82e2-348c29f3310a,"#N/A","#N/A",false,Web,"#N/A","#N/A",Medium,"#N/A",New,Subject_pkara,"#N/A","#N/A","#N/A","#N/A","#N/A"
80b641a6-be2d-4db8-b28a-18fc82e7c3d7,"#N/A","#N/A",false,Web,"#N/A","#N/A",Medium,"#N/A",New,Subject_ucgkm,"#N/A","#N/A","#N/A","#N/A","#N/A"
80b652ed-3951-4860-9f0b-1ecdca455fda,"#N/A","#N/A",false,Web,"#N/A","#N/A",Medium,"#N/A",New,Subject_tlzhx,"#N/A","#N/A","#N/A","#N/A","#N/A"
80b9b87d-7803-4d5c-816e-2e93df4be38d,"#N/A","#N/A",false,Web,"#N/A","#N/A",Medium,"#N/A",New,Subject_izumd,"#N/A","#N/A","#N/A","#N/A","#N/A"
80bae3c5-c59e-49f4-924d-145086359130,"#N/A","#N/A",false,Web,"#N/A","#N/A",Medium,"#N/A",New,Subject_agust,"#N/A","#N/A","#N/A","#N/A","#N/A"
80bb6a24-9224-4c52-9e7b-e682a811f47e,"#N/A","#N/A",false,Web,"#N/A","#N/A",Medium,"#N/A",New,Subject_lekmj,"#N/A","#N/A","#N/A","#N/A","#N/A"
80bce460-6dc3-41fd-9ceb-26089c0e818b,"#N/A","#N/A",false,Web,"#N/A","#N/A",Medium,"#N/A",New,Subject_skgdg,"#N/A","#N/A","#N/A","#N/A","#N/A"
80c65277-04ae-4f36-bd12-6ed3a1185124,"#N/A","#N/A",false,Web,"#N/A","#N/A",Medium,"#N/A",New,Subject_iakda,"#N/A","#N/A","#N/A","#N/A","#N/A"
80c7f014-203f-4240-90ff-1fe5d2d16a70,"#N/A","#N/A",false,Web,"#N/A","#N/A",Medium,"#N/A",New,Subject_beocg,"#N/A","#N/A","#N/A","#N/A","#N/A"
80c8c1dc-df4d-44e2-a80e-218eca6d4017,"#N/A","#N/A",false,Web,"#N/A","#N/A",Medium,"#N/A",New,Subject_paflv,"#N/A","#N/A","#N/A","#N/A","#N/A"
80c94de2-781e-4fd6-b0df-a70a12f13f4d,"#N/A","#N/A",false,Web,"#N/A","#N/A",Medium,"#N/A",New,Subject_cfnbw,"#N/A","#N/A","#N/A","#N/A","#N/A"
80cadc3a-d321-449b-b13b-03e40a12b3c2,"#N/A","#N/A",false,Web,"#N/A","#N/A",Medium,"#N/A",New,Subject_wdotf,"#N/A","#N/A","#N/A","#N/A","#N/A"
80cfb974-9099-4b52-9c41-2158c762bb37,"#N/A","#N/A",false,Web,"#N/A","#N/A",Medium,"#N/A",New,Subject_bpfal,"#N/A","#N/A","#N/A","#N/A","#N/A"
80d15d41-c479-427f-976c-74e19440cb95,"#N/A","#N/A",false,Web,"#N/A","#N/A",Medium,"#N/A",New,Subject_uatlr,"#N/A","#N/A","#N/A","#N/A","#N/A"
80d52823-8cfa-4707-b541-b1f1082bd9be,"#N/A","#N/A",false,Web,"#N/A","#N/A",Medium,"#N/A",New,Subject_apsaa,"#N/A","#N/A","#N/A","#N/A","#N/A"
80d693f2-a9ea-4de0-a260-056dba3d290e,"#N/A","#N/A",false,Web,"#N/A","#N/A",Medium,"#N/A",New,Subject_jdtxw,"#N/A","#N/A","#N/A","#N/A","#N/A"
80d986fa-cb97-426d-98d8-f671548c8c3e,"#N/A","#N/A",false,Web,"#N/A","#N/A",Medium,"#N/A",New,Subject_wpugf,"#N/A","#N/A","#N/A","#N/A","#N/A"
80daea94-e192-42c6-ad79-f0d19519982a,"#N/A","#N/A",false,Web,"#N/A","#N/A",Medium,"#N/A",New,Subject_jbexc,"#N/A","#N/A","#N/A","#N/A","#N/A"
80dc66bc-9f78-468b-8b7f-14d59cfa97a3,"#N/A","#N/A",false,Web,"#N/A","#N/A",Medium,"#N/A",New,Subject_qwrme,"#N/A","#N/A","#N/A","#N/A","#N/A"
80e1551c-a929-4257-b21f-02f3c0ad07d0,"#N/A","#N/A",false,Web,"#N/A","#N/A",Medium,"#N/A",New,Subject_lhchf,"#N/A","#N/A","#N/A","#N/A","#N/A"
80e2cecd-2559-4ad3-9992-e386047a4e3f,"#N/A","#N/A",false,Web,"#N/A","#N/A",Medium,"#N/A",New,Subject_yxogm,"#N/A","#N/A","#N/A","#N/A","#N/A"
80e36d1f-6c14-4380-b725-54f82931991f,"#N/A","#N/A",false,Web,"#N/A","#N/A",Medium,"#N/A",New,Subject_uqrcv,"#N/A","#N/A","#N/A","#N/A","#N/A"
80e7d3d3-0eba-4f6a-a30f-84e97e0ae73d,"#N/A","#N/A",false,Web,"#N/A","#N/A",Medium,"#N/A",New,Subject_dunzc,"#N/A","#N/A","#N/A","#N/A","#N/A"
80ecee17-5fd1-45c4-9e02-46a66a80d4c2,"#N/A","#N/A",false,Web,"#N/A","#N/A",Medium,"#N/A",New,Subject_oetlp,"#N/A","#N/A","#N/A","#N/A","#N/A"
80ee00d2-b6df-43d0-99e1-d56495fc9664,"#N/A","#N/A",false,Web,"#N/A","#N/A",Medium,"#N/A",New,Subject_rooby,"#N/A","#N/A","#N/A","#N/A","#N/A"
80f44592-b0c3-44f6-b455-28ce53586345,"#N/A","#N/A",false,Web,"#N/A","#N/A",Medium,"#N/A",New,Subject_hapgz,"#N/A","#N/A","#N/A","#N/A","#N/A"
80f560db-d3b6-442a-bef0-ae909b78a18e,"#N/A","#N/A",false,Web,"#N/A","#N/A",Medium,"#N/A",New,Subject_kyucb,"#N/A","#N/A","#N/A","#N/A","#N/A"
80f6328a-dc84-419f-9de7-2f350ba63a50,"#N/A","#N/A",false,Web,"#N/A","#N/A",Medium,"#N/A",New,Subject_cpfkd,"#N/A","#N/A","#N/A","#N/A","#N/A"
80fa3129-cadb-4c37-a905-a43c35819225,"#N/A","#N/A",false,Web,"#N/A","#N/A",Medium,"#N/A",New,Subject_fpifd,"#N/A","#N/A","#N/A","#N/A","#N/A"
81018e95-fa5b-4270-b78a-918f6f814905,"#N/A","#N/A",false,Web,"#N/A","#N/A",Medium,"#N/A",New,Subject_foamg,"#N/A","#N/A","#N/A","#N/A","#N/A"
8102ac08-c7ff-4fbf-b0dd-f21e33bca010,"#N/A","#N/A",false,Web,"#N/A","#N/A",Medium,"#N/A",New,Subject_wamsl,"#N/A","#N/A","#N/A","#N/A","#N/A"
81089427-c026-4e6a-ba34-5de3063a205f,"#N/A","#N/A",false,Web,"#N/A","#N/A",Medium,"#N/A",New,Subject_zsuja,"#N/A","#N/A","#N/A","#N/A","#N/A"
810b2240-6e4c-4e09-96e7-3e4d9f074ae7,"#N/A","#N/A",false,Web,"#N/A","#N/A",Medium,"#N/A",New,Subject_iehsd,"#N/A","#N/A","#N/A","#N/A","#N/A"
810b8476-c9a1-4b50-9786-f234b66f235c,"#N/A","#N/A",false,Web,"#N/A","#N/A",Medium,"#N/A",New,Subject_dzlad,"#N/A","#N/A","#N/A","#N/A","#N/A"
81147f9a-33a8-4f95-ba4f-a77f9e17cd2c,"#N/A","#N/A",false,Web,"#N/A","#N/A",Medium,"#N/A",New,Subject_yqkgw,"#N/A","#N/A","#N/A","#N/A","#N/A"
8114f75c-bb35-44fe-aa65-ed13b003adbe,"#N/A","#N/A",false,Web,"#N/A","#N/A",Medium,"#N/A",New,Subject_cqcel,"#N/A","#N/A","#N/A","#N/A","#N/A"
81167bb7-34cf-4fb6-bf1f-243d76125f2a,"#N/A","#N/A",false,Web,"#N/A","#N/A",Medium,"#N/A",New,Subject_jcchv,"#N/A","#N/A","#N/A","#N/A","#N/A"
8119b7e9-ca25-4060-8c43-b1e77331f768,"#N/A","#N/A",false,Web,"#N/A","#N/A",Medium,"#N/A",New,Subject_ofkze,"#N/A","#N/A","#N/A","#N/A","#N/A"
8122295b-5c9f-4949-ba03-fd859f48346a,"#N/A","#N/A",false,Web,"#N/A","#N/A",Medium,"#N/A",New,Subject_uwcme,"#N/A","#N/A","#N/A","#N/A","#N/A"
81247a9d-0aaa-4f27-9f5b-446cbd2f9071,"#N/A","#N/A",false,Web,"#N/A","#N/A",Medium,"#N/A",New,Subject_hxguk,"#N/A","#N/A","#N/A","#N/A","#N/A"
81247ff3-0e02-4348-bac8-cfa881055867,"#N/A","#N/A",false,Web,"#N/A","#N/A",Medium,"#N/A",New,Subject_pyezz,"#N/A","#N/A","#N/A","#N/A","#N/A"
8127397b-68e5-41fc-ad0a-0210d6ce53ee,"#N/A","#N/A",false,Web,"#N/A","#N/A",Medium,"#N/A",New,Subject_etesn,"#N/A","#N/A","#N/A","#N/A","#N/A"
81286b1e-2e93-4fea-92b3-baf87f026d64,"#N/A","#N/A",false,Web,"#N/A","#N/A",Medium,"#N/A",New,Subject_bkqat,"#N/A","#N/A","#N/A","#N/A","#N/A"
812fee6a-d23b-4c5d-82cd-416742aaaa47,"#N/A","#N/A",false,Web,"#N/A","#N/A",Medium,"#N/A",New,Subject_cpaey,"#N/A","#N/A","#N/A","#N/A","#N/A"
81303800-7249-45e9-a48c-9199a9ff1273,"#N/A","#N/A",false,Web,"#N/A","#N/A",Medium,"#N/A",New,Subject_uwrsp,"#N/A","#N/A","#N/A","#N/A","#N/A"
8132e91e-8123-4917-940c-623cd09b750d,"#N/A","#N/A",false,Web,"#N/A","#N/A",Medium,"#N/A",New,Subject_ogjbf,"#N/A","#N/A","#N/A","#N/A","#N/A"
81330fc6-98ec-4c08-bc1e-14c703f57584,"#N/A","#N/A",false,Web,"#N/A","#N/A",Medium,"#N/A",New,Subject_lnzbh,"#N/A","#N/A","#N/A","#N/A","#N/A"
81348ced-29bf-4b6f-a9ec-474eba60a0ac,"#N/A","#N/A",false,Web,"#N/A","#N/A",Medium,"#N/A",New,Subject_tvuna,"#N/A","#N/A","#N/A","#N/A","#N/A"
8139842e-feaf-4050-a119-2189e62f641c,"#N/A","#N/A",false,Web,"#N/A","#N/A",Medium,"#N/A",New,Subject_dtdwc,"#N/A","#N/A","#N/A","#N/A","#N/A"
813ac972-7934-4040-8506-81aeabfec3a5,"#N/A","#N/A",false,Web,"#N/A","#N/A",Medium,"#N/A",New,Subject_qfysw,"#N/A","#N/A","#N/A","#N/A","#N/A"
813b1d46-21fe-4880-ba89-b34df08a74c9,"#N/A","#N/A",false,Web,"#N/A","#N/A",Medium,"#N/A",New,Subject_gadfc,"#N/A","#N/A","#N/A","#N/A","#N/A"
813c647b-a0e3-44d1-8c8b-d20d73568191,"#N/A","#N/A",false,Web,"#N/A","#N/A",Medium,"#N/A",New,Subject_apuoo,"#N/A","#N/A","#N/A","#N/A","#N/A"
813c8231-a553-4ef5-a33b-d3827c020930,"#N/A","#N/A",false,Web,"#N/A","#N/A",Medium,"#N/A",New,Subject_pdbbz,"#N/A","#N/A","#N/A","#N/A","#N/A"
813e67a1-32e0-45df-8a52-82d109dadc14,"#N/A","#N/A",false,Web,"#N/A","#N/A",Medium,"#N/A",New,Subject_mvfee,"#N/A","#N/A","#N/A","#N/A","#N/A"
813e93f5-9d55-4c99-9f94-3893aa1f3c17,"#N/A","#N/A",false,Web,"#N/A","#N/A",Medium,"#N/A",New,Subject_gfeza,"#N/A","#N/A","#N/A","#N/A","#N/A"
813e9b3f-0427-49f9-baff-b25360b831dd,"#N/A","#N/A",false,Web,"#N/A","#N/A",Medium,"#N/A",New,Subject_eqxjc,"#N/A","#N/A","#N/A","#N/A","#N/A"
813f01e1-43be-44bd-ace9-b597293557eb,"#N/A","#N/A",false,Web,"#N/A","#N/A",Medium,"#N/A",New,Subject_sqons,"#N/A","#N/A","#N/A","#N/A","#N/A"
814064dc-2f21-4c7d-a804-1b0113e9810e,"#N/A","#N/A",false,Web,"#N/A","#N/A",Medium,"#N/A",New,Subject_cggac,"#N/A","#N/A","#N/A","#N/A","#N/A"
8140c02a-1816-490b-a906-201e9e8458d8,"#N/A","#N/A",false,Web,"#N/A","#N/A",Medium,"#N/A",New,Subject_cjuxk,"#N/A","#N/A","#N/A","#N/A","#N/A"
8149161b-f079-49ba-85ba-77ce74548ed8,"#N/A","#N/A",false,Web,"#N/A","#N/A",Medium,"#N/A",New,Subject_yguga,"#N/A","#N/A","#N/A","#N/A","#N/A"
814e0968-b462-4012-ac26-dd32d23b67ef,"#N/A","#N/A",false,Web,"#N/A","#N/A",Medium,"#N/A",New,Subject_aziyw,"#N/A","#N/A","#N/A","#N/A","#N/A"
8152839f-f3f5-45f5-9028-f42c5b538d0f,"#N/A","#N/A",false,Web,"#N/A","#N/A",Medium,"#N/A",New,Subject_nyljp,"#N/A","#N/A","#N/A","#N/A","#N/A"
8152b798-7722-4c7f-b8c5-bf6877ed0f8a,"#N/A","#N/A",false,Web,"#N/A","#N/A",Medium,"#N/A",New,Subject_aowsm,"#N/A","#N/A","#N/A","#N/A","#N/A"
8152dee9-2d6f-4b09-b7f9-ebf448d9b121,"#N/A","#N/A",false,Web,"#N/A","#N/A",Medium,"#N/A",New,Subject_cbkff,"#N/A","#N/A","#N/A","#N/A","#N/A"
81540adc-3914-4d45-9c80-3e856a6435e4,"#N/A","#N/A",false,Web,"#N/A","#N/A",Medium,"#N/A",New,Subject_limia,"#N/A","#N/A","#N/A","#N/A","#N/A"
8159def5-8e36-45d6-bd08-fa90ed492ca7,"#N/A","#N/A",false,Web,"#N/A","#N/A",Medium,"#N/A",New,Subject_ozpms,"#N/A","#N/A","#N/A","#N/A","#N/A"
815a665f-b1ff-477b-9fe5-7f1acb892ed5,"#N/A","#N/A",false,Web,"#N/A","#N/A",Medium,"#N/A",New,Subject_xbsci,"#N/A","#N/A","#N/A","#N/A","#N/A"
81639dad-7e7d-40e1-afe0-c549c64bff6e,"#N/A","#N/A",false,Web,"#N/A","#N/A",Medium,"#N/A",New,Subject_xvnow,"#N/A","#N/A","#N/A","#N/A","#N/A"
816494a5-ccf3-49b5-a054-bc25d674319d,"#N/A","#N/A",false,Web,"#N/A","#N/A",Medium,"#N/A",New,Subject_fdyrb,"#N/A","#N/A","#N/A","#N/A","#N/A"
81693679-3864-4ab9-a351-78525b56afcf,"#N/A","#N/A",false,Web,"#N/A","#N/A",Medium,"#N/A",New,Subject_urkfm,"#N/A","#N/A","#N/A","#N/A","#N/A"
816a7a7a-1b8f-4550-afc3-c33613bc3c50,"#N/A","#N/A",false,Web,"#N/A","#N/A",Medium,"#N/A",New,Subject_wzerc,"#N/A","#N/A","#N/A","#N/A","#N/A"
816aaf85-33ac-4f42-965f-ff4d81ee2e34,"#N/A","#N/A",false,Web,"#N/A","#N/A",Medium,"#N/A",New,Subject_snqgn,"#N/A","#N/A","#N/A","#N/A","#N/A"
816f76ac-1aa9-4592-a5cb-5a45b2f09d42,"#N/A","#N/A",false,Web,"#N/A","#N/A",Medium,"#N/A",New,Subject_fslhk,"#N/A","#N/A","#N/A","#N/A","#N/A"
81703ebd-df57-412f-b30e-4de1e3dc163c,"#N/A","#N/A",false,Web,"#N/A","#N/A",Medium,"#N/A",New,Subject_hfxdf,"#N/A","#N/A","#N/A","#N/A","#N/A"
8170562f-2771-40b9-8432-7271e126b170,"#N/A","#N/A",false,Web,"#N/A","#N/A",Medium,"#N/A",New,Subject_fjphp,"#N/A","#N/A","#N/A","#N/A","#N/A"
8173a1f7-6899-413f-a955-8f87a5c5d668,"#N/A","#N/A",false,Web,"#N/A","#N/A",Medium,"#N/A",New,Subject_emigz,"#N/A","#N/A","#N/A","#N/A","#N/A"
81748f36-87cc-45f4-a3c2-e429ea60895b,"#N/A","#N/A",false,Web,"#N/A","#N/A",Medium,"#N/A",New,Subject_splco,"#N/A","#N/A","#N/A","#N/A","#N/A"
817a5ac5-abc7-4723-b501-97918925788c,"#N/A","#N/A",false,Web,"#N/A","#N/A",Medium,"#N/A",New,Subject_eprxr,"#N/A","#N/A","#N/A","#N/A","#N/A"
817be3bb-5851-48fc-b16d-cecf5871b6bd,"#N/A","#N/A",false,Web,"#N/A","#N/A",Medium,"#N/A",New,Subject_rftvd,"#N/A","#N/A","#N/A","#N/A","#N/A"
817cc2ad-ef2c-43c4-93f3-368aa41d1e7c,"#N/A","#N/A",false,Web,"#N/A","#N/A",Medium,"#N/A",New,Subject_qofrv,"#N/A","#N/A","#N/A","#N/A","#N/A"
817d3bbb-87a4-4c42-8c60-b067c0188414,"#N/A","#N/A",false,Web,"#N/A","#N/A",Medium,"#N/A",New,Subject_kkvzn,"#N/A","#N/A","#N/A","#N/A","#N/A"
8180ebc3-ab56-4c45-925e-c0548276828d,"#N/A","#N/A",false,Web,"#N/A","#N/A",Medium,"#N/A",New,Subject_ogepp,"#N/A","#N/A","#N/A","#N/A","#N/A"
8185366a-5960-4373-ba16-51385dd84c26,"#N/A","#N/A",false,Web,"#N/A","#N/A",Medium,"#N/A",New,Subject_ieqab,"#N/A","#N/A","#N/A","#N/A","#N/A"
818c7088-616b-432a-9999-62583f257362,"#N/A","#N/A",false,Web,"#N/A","#N/A",Medium,"#N/A",New,Subject_utnos,"#N/A","#N/A","#N/A","#N/A","#N/A"
8195564c-afd3-4cf6-8e4d-b46432b283e7,"#N/A","#N/A",false,Web,"#N/A","#N/A",Medium,"#N/A",New,Subject_bmcxb,"#N/A","#N/A","#N/A","#N/A","#N/A"
81977e81-7d2b-46d0-ab65-68fcebaa7227,"#N/A","#N/A",false,Web,"#N/A","#N/A",Medium,"#N/A",New,Subject_hhhwi,"#N/A","#N/A","#N/A","#N/A","#N/A"
819a00ee-94d0-40d1-909e-9dce5d55615d,"#N/A","#N/A",false,Web,"#N/A","#N/A",Medium,"#N/A",New,Subject_hpuwa,"#N/A","#N/A","#N/A","#N/A","#N/A"
819cbd48-72c7-44cd-8cbe-fedc3b0c6c5a,"#N/A","#N/A",false,Web,"#N/A","#N/A",Medium,"#N/A",New,Subject_gxnal,"#N/A","#N/A","#N/A","#N/A","#N/A"
819dfba6-6899-41b0-9666-e287dc24d919,"#N/A","#N/A",false,Web,"#N/A","#N/A",Medium,"#N/A",New,Subject_psmww,"#N/A","#N/A","#N/A","#N/A","#N/A"
819ec868-0cfb-4f4c-bc1b-c40950f41329,"#N/A","#N/A",false,Web,"#N/A","#N/A",Medium,"#N/A",New,Subject_bleye,"#N/A","#N/A","#N/A","#N/A","#N/A"
81a12c6c-7a9a-49b9-9749-56dc8eb25ef1,"#N/A","#N/A",false,Web,"#N/A","#N/A",Medium,"#N/A",New,Subject_cesvc,"#N/A","#N/A","#N/A","#N/A","#N/A"
81a45ab9-2d24-438f-b876-15ff62e28a52,"#N/A","#N/A",false,Web,"#N/A","#N/A",Medium,"#N/A",New,Subject_lyult,"#N/A","#N/A","#N/A","#N/A","#N/A"
81a7d564-504a-4010-9c79-a2e5cfd93088,"#N/A","#N/A",false,Web,"#N/A","#N/A",Medium,"#N/A",New,Subject_wmevv,"#N/A","#N/A","#N/A","#N/A","#N/A"
81a9b4cf-a283-46ca-acb2-aff6876efa28,"#N/A","#N/A",false,Web,"#N/A","#N/A",Medium,"#N/A",New,Subject_xyzcq,"#N/A","#N/A","#N/A","#N/A","#N/A"
81acd18e-83ef-40ea-8a03-79a471d2cb54,"#N/A","#N/A",false,Web,"#N/A","#N/A",Medium,"#N/A",New,Subject_hfeeg,"#N/A","#N/A","#N/A","#N/A","#N/A"
81b3e85c-eeb0-4b5a-8367-60d11bf6cb81,"#N/A","#N/A",false,Web,"#N/A","#N/A",Medium,"#N/A",New,Subject_ezllx,"#N/A","#N/A","#N/A","#N/A","#N/A"
81b46f71-0cd3-4590-ae5d-4661e388b422,"#N/A","#N/A",false,Web,"#N/A","#N/A",Medium,"#N/A",New,Subject_lpexj,"#N/A","#N/A","#N/A","#N/A","#N/A"
81b553b2-cbf1-4c2d-aa01-126e2fb2ecf8,"#N/A","#N/A",false,Web,"#N/A","#N/A",Medium,"#N/A",New,Subject_idqim,"#N/A","#N/A","#N/A","#N/A","#N/A"
81b69d89-bf3a-46f1-8fbf-3d0845b34373,"#N/A","#N/A",false,Web,"#N/A","#N/A",Medium,"#N/A",New,Subject_qkqjs,"#N/A","#N/A","#N/A","#N/A","#N/A"
81b92bcb-7c86-4355-b0f0-90243b3c1c36,"#N/A","#N/A",false,Web,"#N/A","#N/A",Medium,"#N/A",New,Subject_fdeow,"#N/A","#N/A","#N/A","#N/A","#N/A"
81bccb5d-9373-42ba-a0f8-f037de1a2c0c,"#N/A","#N/A",false,Web,"#N/A","#N/A",Medium,"#N/A",New,Subject_dtjlk,"#N/A","#N/A","#N/A","#N/A","#N/A"
81bcffdd-309a-4d90-a9c5-eb373302ea20,"#N/A","#N/A",false,Web,"#N/A","#N/A",Medium,"#N/A",New,Subject_uycjd,"#N/A","#N/A","#N/A","#N/A","#N/A"
81c0e589-3a56-492b-b0d1-fe3976bbbe6e,"#N/A","#N/A",false,Web,"#N/A","#N/A",Medium,"#N/A",New,Subject_hnowu,"#N/A","#N/A","#N/A","#N/A","#N/A"
81c1c5c2-5b94-4fd4-8c48-9cbf08701d94,"#N/A","#N/A",false,Web,"#N/A","#N/A",Medium,"#N/A",New,Subject_vsium,"#N/A","#N/A","#N/A","#N/A","#N/A"
81c2face-7702-4334-8364-1d1f141d5387,"#N/A","#N/A",false,Web,"#N/A","#N/A",Medium,"#N/A",New,Subject_hbpqv,"#N/A","#N/A","#N/A","#N/A","#N/A"
81c467e9-11a9-4db4-9ca1-c03ff5f490ce,"#N/A","#N/A",false,Web,"#N/A","#N/A",Medium,"#N/A",New,Subject_tcato,"#N/A","#N/A","#N/A","#N/A","#N/A"
81c74eca-d03e-429d-9275-293932d66c2f,"#N/A","#N/A",false,Web,"#N/A","#N/A",Medium,"#N/A",New,Subject_dxikg,"#N/A","#N/A","#N/A","#N/A","#N/A"
81c90305-5abf-41a1-a176-7c14009e970b,"#N/A","#N/A",false,Web,"#N/A","#N/A",Medium,"#N/A",New,Subject_eecmd,"#N/A","#N/A","#N/A","#N/A","#N/A"
81cbc716-1980-465a-83c0-42fe0207c115,"#N/A","#N/A",false,Web,"#N/A","#N/A",Medium,"#N/A",New,Subject_hibyb,"#N/A","#N/A","#N/A","#N/A","#N/A"
81d56031-7a68-4db0-8c1d-733dbf8e9c33,"#N/A","#N/A",false,Web,"#N/A","#N/A",Medium,"#N/A",New,Subject_jhryo,"#N/A","#N/A","#N/A","#N/A","#N/A"
81d6ff03-cd8d-4c21-912f-e9a599738790,"#N/A","#N/A",false,Web,"#N/A","#N/A",Medium,"#N/A",New,Subject_kiuih,"#N/A","#N/A","#N/A","#N/A","#N/A"
81d79852-a02e-4c24-8b56-3867ae1927e7,"#N/A","#N/A",false,Web,"#N/A","#N/A",Medium,"#N/A",New,Subject_nsjnx,"#N/A","#N/A","#N/A","#N/A","#N/A"
81dea0f3-faa3-4116-8a36-7c47d0945435,"#N/A","#N/A",false,Web,"#N/A","#N/A",Medium,"#N/A",New,Subject_azzaj,"#N/A","#N/A","#N/A","#N/A","#N/A"
81dff028-c7a2-4d3c-9094-8f62c6b68f96,"#N/A","#N/A",false,Web,"#N/A","#N/A",Medium,"#N/A",New,Subject_yqoti,"#N/A","#N/A","#N/A","#N/A","#N/A"
81e12899-c2d5-4816-8966-532fe7dd4cbc,"#N/A","#N/A",false,Web,"#N/A","#N/A",Medium,"#N/A",New,Subject_aibgo,"#N/A","#N/A","#N/A","#N/A","#N/A"
81e3b907-4183-4bea-aa76-19c1e2dd493d,"#N/A","#N/A",false,Web,"#N/A","#N/A",Medium,"#N/A",New,Subject_nepjx,"#N/A","#N/A","#N/A","#N/A","#N/A"
81e68748-d03b-4c48-aa19-5ac1b5497f55,"#N/A","#N/A",false,Web,"#N/A","#N/A",Medium,"#N/A",New,Subject_jkvgt,"#N/A","#N/A","#N/A","#N/A","#N/A"
81eb712c-0d55-4d36-b629-38b70397508d,"#N/A","#N/A",false,Web,"#N/A","#N/A",Medium,"#N/A",New,Subject_pwlsc,"#N/A","#N/A","#N/A","#N/A","#N/A"
81efc1c7-c9bd-4c76-b867-c232ef3f0c5b,"#N/A","#N/A",false,Web,"#N/A","#N/A",Medium,"#N/A",New,Subject_cwdwo,"#N/A","#N/A","#N/A","#N/A","#N/A"
81f07938-72c5-4b10-bfa8-5186a0ae5553,"#N/A","#N/A",false,Web,"#N/A","#N/A",Medium,"#N/A",New,Subject_hqvyp,"#N/A","#N/A","#N/A","#N/A","#N/A"
81f4624d-f9b7-47b3-a070-94efef5d6156,"#N/A","#N/A",false,Web,"#N/A","#N/A",Medium,"#N/A",New,Subject_ypawk,"#N/A","#N/A","#N/A","#N/A","#N/A"
81f74d1e-5c09-4f6c-b618-04ca11cc2518,"#N/A","#N/A",false,Web,"#N/A","#N/A",Medium,"#N/A",New,Subject_mzqio,"#N/A","#N/A","#N/A","#N/A","#N/A"
81f8615e-16ef-4699-bc21-ab895c16f007,"#N/A","#N/A",false,Web,"#N/A","#N/A",Medium,"#N/A",New,Subject_rdnof,"#N/A","#N/A","#N/A","#N/A","#N/A"
81fdc88b-1d86-495a-a992-1216526e51d5,"#N/A","#N/A",false,Web,"#N/A","#N/A",Medium,"#N/A",New,Subject_clebg,"#N/A","#N/A","#N/A","#N/A","#N/A"
81fe9eca-2613-4da3-bce2-986fa3148389,"#N/A","#N/A",false,Web,"#N/A","#N/A",Medium,"#N/A",New,Subject_zgiuz,"#N/A","#N/A","#N/A","#N/A","#N/A"
82010f0e-0a1c-43d3-9d64-b18ea1d843fd,"#N/A","#N/A",false,Web,"#N/A","#N/A",Medium,"#N/A",New,Subject_scscq,"#N/A","#N/A","#N/A","#N/A","#N/A"
82011d6c-84d5-44ac-a8fc-784fbd595099,"#N/A","#N/A",false,Web,"#N/A","#N/A",Medium,"#N/A",New,Subject_fhvfk,"#N/A","#N/A","#N/A","#N/A","#N/A"
820251c1-8cf8-4dac-bf9a-582a82fc87c5,"#N/A","#N/A",false,Web,"#N/A","#N/A",Medium,"#N/A",New,Subject_lgsyw,"#N/A","#N/A","#N/A","#N/A","#N/A"
8203c173-251b-4520-92c4-f8f77596ad19,"#N/A","#N/A",false,Web,"#N/A","#N/A",Medium,"#N/A",New,Subject_doyzi,"#N/A","#N/A","#N/A","#N/A","#N/A"
8206165a-dcdd-4b44-b026-1a745c4417be,"#N/A","#N/A",false,Web,"#N/A","#N/A",Medium,"#N/A",New,Subject_ovyvk,"#N/A","#N/A","#N/A","#N/A","#N/A"
82064045-4ddf-4108-85f1-8164387f5378,"#N/A","#N/A",false,Web,"#N/A","#N/A",Medium,"#N/A",New,Subject_xtybp,"#N/A","#N/A","#N/A","#N/A","#N/A"
8207d542-0da1-4c4b-93d7-39f092ba91b1,"#N/A","#N/A",false,Web,"#N/A","#N/A",Medium,"#N/A",New,Subject_ypmrw,"#N/A","#N/A","#N/A","#N/A","#N/A"
8207e571-367b-428d-be9a-510cd827c796,"#N/A","#N/A",false,Web,"#N/A","#N/A",Medium,"#N/A",New,Subject_dxxnx,"#N/A","#N/A","#N/A","#N/A","#N/A"
820bb405-0fa6-4341-a9f1-fbace835bff9,"#N/A","#N/A",false,Web,"#N/A","#N/A",Medium,"#N/A",New,Subject_wtlkz,"#N/A","#N/A","#N/A","#N/A","#N/A"
820be702-3651-4f06-8382-90f27b7ccfb5,"#N/A","#N/A",false,Web,"#N/A","#N/A",Medium,"#N/A",New,Subject_esvig,"#N/A","#N/A","#N/A","#N/A","#N/A"
820be848-e864-4ad8-ad12-b14c4046fa08,"#N/A","#N/A",false,Web,"#N/A","#N/A",Medium,"#N/A",New,Subject_rzekl,"#N/A","#N/A","#N/A","#N/A","#N/A"
820c599c-8b2e-42e6-9612-f6b459b02eed,"#N/A","#N/A",false,Web,"#N/A","#N/A",Medium,"#N/A",New,Subject_xqbwm,"#N/A","#N/A","#N/A","#N/A","#N/A"
820d0c3f-c48f-45c1-a954-ac5b7c9757d6,"#N/A","#N/A",false,Web,"#N/A","#N/A",Medium,"#N/A",New,Subject_sfrul,"#N/A","#N/A","#N/A","#N/A","#N/A"
82112ccc-bc07-497d-9ffe-d6ed1b935c87,"#N/A","#N/A",false,Web,"#N/A","#N/A",Medium,"#N/A",New,Subject_cdxxk,"#N/A","#N/A","#N/A","#N/A","#N/A"
8212afe1-b052-411b-bb76-127d58bf338f,"#N/A","#N/A",false,Web,"#N/A","#N/A",Medium,"#N/A",New,Subject_vahap,"#N/A","#N/A","#N/A","#N/A","#N/A"
8215ffde-caa5-4832-976b-2210b541a27c,"#N/A","#N/A",false,Web,"#N/A","#N/A",Medium,"#N/A",New,Subject_yppxl,"#N/A","#N/A","#N/A","#N/A","#N/A"
82184255-5e8b-4f54-9b32-c1b123e7087c,"#N/A","#N/A",false,Web,"#N/A","#N/A",Medium,"#N/A",New,Subject_ensqt,"#N/A","#N/A","#N/A","#N/A","#N/A"
8218800c-0bd8-49ec-beb8-ed0f93049771,"#N/A","#N/A",false,Web,"#N/A","#N/A",Medium,"#N/A",New,Subject_cbcjn,"#N/A","#N/A","#N/A","#N/A","#N/A"
821ce842-603e-4c97-9f0b-c8f9c97ff699,"#N/A","#N/A",false,Web,"#N/A","#N/A",Medium,"#N/A",New,Subject_wwxmx,"#N/A","#N/A","#N/A","#N/A","#N/A"
821d32cc-0889-4035-af75-b8500e1e1d71,"#N/A","#N/A",false,Web,"#N/A","#N/A",Medium,"#N/A",New,Subject_rozux,"#N/A","#N/A","#N/A","#N/A","#N/A"
821d955b-d490-410e-8e07-a968dfdadaef,"#N/A","#N/A",false,Web,"#N/A","#N/A",Medium,"#N/A",New,Subject_rtart,"#N/A","#N/A","#N/A","#N/A","#N/A"
821df715-80f7-44aa-8498-b013ec1767f7,"#N/A","#N/A",false,Web,"#N/A","#N/A",Medium,"#N/A",New,Subject_vffci,"#N/A","#N/A","#N/A","#N/A","#N/A"
821e197f-8154-42a1-97f4-9e54bfd015b5,"#N/A","#N/A",false,Web,"#N/A","#N/A",Medium,"#N/A",New,Subject_zweke,"#N/A","#N/A","#N/A","#N/A","#N/A"
821ec434-1975-495c-9d8e-60a8e32bda5b,"#N/A","#N/A",false,Web,"#N/A","#N/A",Medium,"#N/A",New,Subject_jhdem,"#N/A","#N/A","#N/A","#N/A","#N/A"
8220a308-59ef-4b1b-a83d-832598471bdd,"#N/A","#N/A",false,Web,"#N/A","#N/A",Medium,"#N/A",New,Subject_hyewt,"#N/A","#N/A","#N/A","#N/A","#N/A"
8223b0bf-cf2f-4f3d-a6db-8cf10edbb940,"#N/A","#N/A",false,Web,"#N/A","#N/A",Medium,"#N/A",New,Subject_bsnxk,"#N/A","#N/A","#N/A","#N/A","#N/A"
8223cb59-ede1-4f94-a556-d9214f6fdcc7,"#N/A","#N/A",false,Web,"#N/A","#N/A",Medium,"#N/A",New,Subject_pqiky,"#N/A","#N/A","#N/A","#N/A","#N/A"
8228e878-7ca7-40d0-9396-aa34df9749eb,"#N/A","#N/A",false,Web,"#N/A","#N/A",Medium,"#N/A",New,Subject_oskag,"#N/A","#N/A","#N/A","#N/A","#N/A"
8229bd39-9d25-4cea-a946-95d745e39951,"#N/A","#N/A",false,Web,"#N/A","#N/A",Medium,"#N/A",New,Subject_wmsoq,"#N/A","#N/A","#N/A","#N/A","#N/A"
822c2a4b-3e72-48cd-be3e-4742f9e56547,"#N/A","#N/A",false,Web,"#N/A","#N/A",Medium,"#N/A",New,Subject_rdigc,"#N/A","#N/A","#N/A","#N/A","#N/A"
822cb3c7-dfbe-4139-808d-236e53db434f,"#N/A","#N/A",false,Web,"#N/A","#N/A",Medium,"#N/A",New,Subject_gueyn,"#N/A","#N/A","#N/A","#N/A","#N/A"
82341412-be0c-4abc-b553-90a5fdacdb82,"#N/A","#N/A",false,Web,"#N/A","#N/A",Medium,"#N/A",New,Subject_sizwl,"#N/A","#N/A","#N/A","#N/A","#N/A"
823586fd-b216-4c46-bfc5-d0ccbc6fd881,"#N/A","#N/A",false,Web,"#N/A","#N/A",Medium,"#N/A",New,Subject_buliv,"#N/A","#N/A","#N/A","#N/A","#N/A"
8236fc14-8d75-4575-aa63-39c93bc6030f,"#N/A","#N/A",false,Web,"#N/A","#N/A",Medium,"#N/A",New,Subject_izmfx,"#N/A","#N/A","#N/A","#N/A","#N/A"
82399de4-9bbd-4fd6-8d14-64cd0edb5725,"#N/A","#N/A",false,Web,"#N/A","#N/A",Medium,"#N/A",New,Subject_desqa,"#N/A","#N/A","#N/A","#N/A","#N/A"
823ad0f1-d540-44c0-88a3-7c4f7783af7e,"#N/A","#N/A",false,Web,"#N/A","#N/A",Medium,"#N/A",New,Subject_zpdyl,"#N/A","#N/A","#N/A","#N/A","#N/A"
823c363c-4a9c-481a-a143-914cf092362b,"#N/A","#N/A",false,Web,"#N/A","#N/A",Medium,"#N/A",New,Subject_livym,"#N/A","#N/A","#N/A","#N/A","#N/A"
823f91e1-7b00-4c34-a1d6-b011f4bc670a,"#N/A","#N/A",false,Web,"#N/A","#N/A",Medium,"#N/A",New,Subject_ukwuz,"#N/A","#N/A","#N/A","#N/A","#N/A"
824e7b87-312f-448f-b134-a6624c15f856,"#N/A","#N/A",false,Web,"#N/A","#N/A",Medium,"#N/A",New,Subject_telco,"#N/A","#N/A","#N/A","#N/A","#N/A"
824ff5c4-1339-42b3-9fe8-ee04cc631767,"#N/A","#N/A",false,Web,"#N/A","#N/A",Medium,"#N/A",New,Subject_wnxne,"#N/A","#N/A","#N/A","#N/A","#N/A"
82503624-ff93-4c75-94aa-0f9ec2b09075,"#N/A","#N/A",false,Web,"#N/A","#N/A",Medium,"#N/A",New,Subject_kcmfy,"#N/A","#N/A","#N/A","#N/A","#N/A"
82508fb7-1b20-4e91-8b13-99f3e13127b3,"#N/A","#N/A",false,Web,"#N/A","#N/A",Medium,"#N/A",New,Subject_uscub,"#N/A","#N/A","#N/A","#N/A","#N/A"
82549035-6119-49d4-9f32-b4799c22ebe1,"#N/A","#N/A",false,Web,"#N/A","#N/A",Medium,"#N/A",New,Subject_drmrr,"#N/A","#N/A","#N/A","#N/A","#N/A"
82579a09-2edb-446d-b57d-11b68d6ce21e,"#N/A","#N/A",false,Web,"#N/A","#N/A",Medium,"#N/A",New,Subject_pwyvn,"#N/A","#N/A","#N/A","#N/A","#N/A"
8257be9a-8e7a-4bde-9960-49a6aa439269,"#N/A","#N/A",false,Web,"#N/A","#N/A",Medium,"#N/A",New,Subject_olnkn,"#N/A","#N/A","#N/A","#N/A","#N/A"
8258e7bd-a205-4bd5-a39f-9c5d0e80db02,"#N/A","#N/A",false,Web,"#N/A","#N/A",Medium,"#N/A",New,Subject_lekhi,"#N/A","#N/A","#N/A","#N/A","#N/A"
825b2931-bfa0-47ba-bc74-8f7770329ed0,"#N/A","#N/A",false,Web,"#N/A","#N/A",Medium,"#N/A",New,Subject_tdoap,"#N/A","#N/A","#N/A","#N/A","#N/A"
825e4f9a-15f6-43f4-80fe-94f3ce679905,"#N/A","#N/A",false,Web,"#N/A","#N/A",Medium,"#N/A",New,Subject_fydrx,"#N/A","#N/A","#N/A","#N/A","#N/A"
82617ad7-b745-4309-a647-47aa07febdca,"#N/A","#N/A",false,Web,"#N/A","#N/A",Medium,"#N/A",New,Subject_whxfr,"#N/A","#N/A","#N/A","#N/A","#N/A"
82666bab-44a2-4894-9451-837c62b98cb9,"#N/A","#N/A",false,Web,"#N/A","#N/A",Medium,"#N/A",New,Subject_oaftz,"#N/A","#N/A","#N/A","#N/A","#N/A"
826916b1-ad73-4102-b137-be2713c311fa,"#N/A","#N/A",false,Web,"#N/A","#N/A",Medium,"#N/A",New,Subject_pjxro,"#N/A","#N/A","#N/A","#N/A","#N/A"
826b8230-47e5-4a0d-a1b8-23734cadaf24,"#N/A","#N/A",false,Web,"#N/A","#N/A",Medium,"#N/A",New,Subject_zzmnb,"#N/A","#N/A","#N/A","#N/A","#N/A"
826ff7bd-cffb-4ed1-bc01-cf8de9c7c294,"#N/A","#N/A",false,Web,"#N/A","#N/A",Medium,"#N/A",New,Subject_muvei,"#N/A","#N/A","#N/A","#N/A","#N/A"
8270bebd-7841-4a3e-a374-a6476fb3483a,"#N/A","#N/A",false,Web,"#N/A","#N/A",Medium,"#N/A",New,Subject_azobj,"#N/A","#N/A","#N/A","#N/A","#N/A"
82726e9b-927c-441b-9e99-5443570a4f01,"#N/A","#N/A",false,Web,"#N/A","#N/A",Medium,"#N/A",New,Subject_rolub,"#N/A","#N/A","#N/A","#N/A","#N/A"
827a2aa1-faa1-4bbc-af03-f4987525bc37,"#N/A","#N/A",false,Web,"#N/A","#N/A",Medium,"#N/A",New,Subject_pdjft,"#N/A","#N/A","#N/A","#N/A","#N/A"
827aa7ba-366b-4b95-b401-787eff816f38,"#N/A","#N/A",false,Web,"#N/A","#N/A",Medium,"#N/A",New,Subject_hkwyv,"#N/A","#N/A","#N/A","#N/A","#N/A"
827c027d-5805-4c9a-9ab6-a2f2daedb1bd,"#N/A","#N/A",false,Web,"#N/A","#N/A",Medium,"#N/A",New,Subject_ytvhb,"#N/A","#N/A","#N/A","#N/A","#N/A"
82820c46-31a5-4dde-b9bf-529ffa3452c2,"#N/A","#N/A",false,Web,"#N/A","#N/A",Medium,"#N/A",New,Subject_nqzwe,"#N/A","#N/A","#N/A","#N/A","#N/A"
82830612-0bf7-499b-9f59-1e3baabdb200,"#N/A","#N/A",false,Web,"#N/A","#N/A",Medium,"#N/A",New,Subject_ggkrc,"#N/A","#N/A","#N/A","#N/A","#N/A"
828482d4-f19b-4479-94bf-1f82ffa3b394,"#N/A","#N/A",false,Web,"#N/A","#N/A",Medium,"#N/A",New,Subject_hrpqc,"#N/A","#N/A","#N/A","#N/A","#N/A"
8286854d-82f7-42a9-ad14-f48b6c1df8eb,"#N/A","#N/A",false,Web,"#N/A","#N/A",Medium,"#N/A",New,Subject_aibgo,"#N/A","#N/A","#N/A","#N/A","#N/A"
8287cb35-8889-4510-9750-ab7ec245563e,"#N/A","#N/A",false,Web,"#N/A","#N/A",Medium,"#N/A",New,Subject_osnpw,"#N/A","#N/A","#N/A","#N/A","#N/A"
828876ca-eef7-47d4-9d12-653aa5955b18,"#N/A","#N/A",false,Web,"#N/A","#N/A",Medium,"#N/A",New,Subject_taabe,"#N/A","#N/A","#N/A","#N/A","#N/A"
82887813-7c17-4947-8869-05f797fdbabd,"#N/A","#N/A",false,Web,"#N/A","#N/A",Medium,"#N/A",New,Subject_lvrrp,"#N/A","#N/A","#N/A","#N/A","#N/A"
82898957-e761-43b7-b70c-25738c2ec0d7,"#N/A","#N/A",false,Web,"#N/A","#N/A",Medium,"#N/A",New,Subject_ziyqm,"#N/A","#N/A","#N/A","#N/A","#N/A"
828adadc-5bdb-4e0b-a389-dd13ce48441c,"#N/A","#N/A",false,Web,"#N/A","#N/A",Medium,"#N/A",New,Subject_tsprw,"#N/A","#N/A","#N/A","#N/A","#N/A"
828d7907-216f-4f92-9fe4-e84ef3b04bbe,"#N/A","#N/A",false,Web,"#N/A","#N/A",Medium,"#N/A",New,Subject_ramqz,"#N/A","#N/A","#N/A","#N/A","#N/A"
828db93a-13bd-4f4c-9fef-be9ac0fca051,"#N/A","#N/A",false,Web,"#N/A","#N/A",Medium,"#N/A",New,Subject_bbpmw,"#N/A","#N/A","#N/A","#N/A","#N/A"
829057d4-edf6-440c-9cc0-c5f740ac9802,"#N/A","#N/A",false,Web,"#N/A","#N/A",Medium,"#N/A",New,Subject_kmdqj,"#N/A","#N/A","#N/A","#N/A","#N/A"
82906c57-ee1e-4a7d-a865-0f14e349ffb8,"#N/A","#N/A",false,Web,"#N/A","#N/A",Medium,"#N/A",New,Subject_ilyus,"#N/A","#N/A","#N/A","#N/A","#N/A"
8290a395-d2ac-413c-a26c-7f1570eaa7e4,"#N/A","#N/A",false,Web,"#N/A","#N/A",Medium,"#N/A",New,Subject_lzqtr,"#N/A","#N/A","#N/A","#N/A","#N/A"
8292681b-1af8-4b67-9de2-c33b34b7b644,"#N/A","#N/A",false,Web,"#N/A","#N/A",Medium,"#N/A",New,Subject_uqbzg,"#N/A","#N/A","#N/A","#N/A","#N/A"
82973993-1f0f-45b9-8cf0-746ec60506a7,"#N/A","#N/A",false,Web,"#N/A","#N/A",Medium,"#N/A",New,Subject_mpkcw,"#N/A","#N/A","#N/A","#N/A","#N/A"
829c97d8-aa61-4765-98a8-2b03ef729dad,"#N/A","#N/A",false,Web,"#N/A","#N/A",Medium,"#N/A",New,Subject_kfvtq,"#N/A","#N/A","#N/A","#N/A","#N/A"
829cc528-a5f7-4c77-ba41-c787baf41359,"#N/A","#N/A",false,Web,"#N/A","#N/A",Medium,"#N/A",New,Subject_sbypq,"#N/A","#N/A","#N/A","#N/A","#N/A"
829ff527-62f3-436c-89de-3b7dc9bb7319,"#N/A","#N/A",false,Web,"#N/A","#N/A",Medium,"#N/A",New,Subject_lohbq,"#N/A","#N/A","#N/A","#N/A","#N/A"
82a3262d-e890-4309-a7f3-47b9c43ef645,"#N/A","#N/A",false,Web,"#N/A","#N/A",Medium,"#N/A",New,Subject_ftlzr,"#N/A","#N/A","#N/A","#N/A","#N/A"
82a46e14-5250-4c07-b6e9-08adc7cdbbf7,"#N/A","#N/A",false,Web,"#N/A","#N/A",Medium,"#N/A",New,Subject_tagwp,"#N/A","#N/A","#N/A","#N/A","#N/A"
82a49a6a-2528-4368-91f2-4c5d9ec21c37,"#N/A","#N/A",false,Web,"#N/A","#N/A",Medium,"#N/A",New,Subject_puwqg,"#N/A","#N/A","#N/A","#N/A","#N/A"
82a6779e-306f-45f0-a66f-39f37d79dfef,"#N/A","#N/A",false,Web,"#N/A","#N/A",Medium,"#N/A",New,Subject_rcqtw,"#N/A","#N/A","#N/A","#N/A","#N/A"
82a8a252-85e2-4ef1-adad-e84c9aa1857c,"#N/A","#N/A",false,Web,"#N/A","#N/A",Medium,"#N/A",New,Subject_ojxdd,"#N/A","#N/A","#N/A","#N/A","#N/A"
82b0563c-8788-4ae6-88a6-705c23143e6d,"#N/A","#N/A",false,Web,"#N/A","#N/A",Medium,"#N/A",New,Subject_xwhkd,"#N/A","#N/A","#N/A","#N/A","#N/A"
82b52034-9d73-46ea-8e18-6a8769687bd0,"#N/A","#N/A",false,Web,"#N/A","#N/A",Medium,"#N/A",New,Subject_wlaph,"#N/A","#N/A","#N/A","#N/A","#N/A"
82b70a09-aa43-4df8-be6a-bda1c013f776,"#N/A","#N/A",false,Web,"#N/A","#N/A",Medium,"#N/A",New,Subject_jlhhg,"#N/A","#N/A","#N/A","#N/A","#N/A"
82b76192-b101-429b-9b1f-02a276a88eb8,"#N/A","#N/A",false,Web,"#N/A","#N/A",Medium,"#N/A",New,Subject_ltuku,"#N/A","#N/A","#N/A","#N/A","#N/A"
82bc1c9e-348b-4b54-8abf-23fe5571918d,"#N/A","#N/A",false,Web,"#N/A","#N/A",Medium,"#N/A",New,Subject_remgf,"#N/A","#N/A","#N/A","#N/A","#N/A"
82c0072e-4dd2-49a4-82bf-adc3de86728c,"#N/A","#N/A",false,Web,"#N/A","#N/A",Medium,"#N/A",New,Subject_ylkjs,"#N/A","#N/A","#N/A","#N/A","#N/A"
82c25f74-c07b-4a8f-9ccd-a046e3de97e0,"#N/A","#N/A",false,Web,"#N/A","#N/A",Medium,"#N/A",New,Subject_sqxlq,"#N/A","#N/A","#N/A","#N/A","#N/A"
82c321cf-a71d-4ec8-8151-bfcc04a3acbc,"#N/A","#N/A",false,Web,"#N/A","#N/A",Medium,"#N/A",New,Subject_zyhtz,"#N/A","#N/A","#N/A","#N/A","#N/A"
82c39556-cc31-460a-adaf-23eebb49767c,"#N/A","#N/A",false,Web,"#N/A","#N/A",Medium,"#N/A",New,Subject_lfoak,"#N/A","#N/A","#N/A","#N/A","#N/A"
82c5a3fb-7279-4efa-b9d4-2afda3dfe84f,"#N/A","#N/A",false,Web,"#N/A","#N/A",Medium,"#N/A",New,Subject_objpv,"#N/A","#N/A","#N/A","#N/A","#N/A"
82c94196-6337-494f-811b-fa4f8471059c,"#N/A","#N/A",false,Web,"#N/A","#N/A",Medium,"#N/A",New,Subject_rlvqy,"#N/A","#N/A","#N/A","#N/A","#N/A"
82cb633f-219c-456f-ade0-fd3e20d8012e,"#N/A","#N/A",false,Web,"#N/A","#N/A",Medium,"#N/A",New,Subject_wlzjl,"#N/A","#N/A","#N/A","#N/A","#N/A"
82cbbfcd-861a-43b5-a4fe-f53685e85c9a,"#N/A","#N/A",false,Web,"#N/A","#N/A",Medium,"#N/A",New,Subject_gfaxd,"#N/A","#N/A","#N/A","#N/A","#N/A"
82ccf339-cff2-4e10-841c-d22ff0532fec,"#N/A","#N/A",false,Web,"#N/A","#N/A",Medium,"#N/A",New,Subject_kvosc,"#N/A","#N/A","#N/A","#N/A","#N/A"
82d13af7-d94e-4b52-9a01-b9c120b7c246,"#N/A","#N/A",false,Web,"#N/A","#N/A",Medium,"#N/A",New,Subject_qqhhn,"#N/A","#N/A","#N/A","#N/A","#N/A"
82d25a2b-ec3e-44f3-8b9f-0f1d77d2aadf,"#N/A","#N/A",false,Web,"#N/A","#N/A",Medium,"#N/A",New,Subject_ilypk,"#N/A","#N/A","#N/A","#N/A","#N/A"
82dd8dc1-7b9b-49eb-b336-c24c84305912,"#N/A","#N/A",false,Web,"#N/A","#N/A",Medium,"#N/A",New,Subject_dfssq,"#N/A","#N/A","#N/A","#N/A","#N/A"
82de16b5-ade6-447d-bf27-986a41347030,"#N/A","#N/A",false,Web,"#N/A","#N/A",Medium,"#N/A",New,Subject_ucbks,"#N/A","#N/A","#N/A","#N/A","#N/A"
82dea490-80b0-41c2-a0f6-7cd62f29a6a2,"#N/A","#N/A",false,Web,"#N/A","#N/A",Medium,"#N/A",New,Subject_uqljm,"#N/A","#N/A","#N/A","#N/A","#N/A"
82e19409-0c3a-4318-a490-59debef730c1,"#N/A","#N/A",false,Web,"#N/A","#N/A",Medium,"#N/A",New,Subject_ojmmy,"#N/A","#N/A","#N/A","#N/A","#N/A"
82ee0e2f-9c97-4436-b88b-a908dddd6900,"#N/A","#N/A",false,Web,"#N/A","#N/A",Medium,"#N/A",New,Subject_iwynw,"#N/A","#N/A","#N/A","#N/A","#N/A"
82ee466a-3d02-427f-b8ad-62c2c23fff99,"#N/A","#N/A",false,Web,"#N/A","#N/A",Medium,"#N/A",New,Subject_uavyk,"#N/A","#N/A","#N/A","#N/A","#N/A"
82ef58f9-4efd-42fe-88bf-c8b317db4de9,"#N/A","#N/A",false,Web,"#N/A","#N/A",Medium,"#N/A",New,Subject_kgodr,"#N/A","#N/A","#N/A","#N/A","#N/A"
82f00299-cfd3-4849-921b-37476f5691d5,"#N/A","#N/A",false,Web,"#N/A","#N/A",Medium,"#N/A",New,Subject_lwlzu,"#N/A","#N/A","#N/A","#N/A","#N/A"
82f114a5-2024-47e4-9017-9e2bf71a6b64,"#N/A","#N/A",false,Web,"#N/A","#N/A",Medium,"#N/A",New,Subject_lmyqa,"#N/A","#N/A","#N/A","#N/A","#N/A"
82f168c0-da6e-40e1-b612-b3c245543285,"#N/A","#N/A",false,Web,"#N/A","#N/A",Medium,"#N/A",New,Subject_dnmlt,"#N/A","#N/A","#N/A","#N/A","#N/A"
82f19bbe-a892-4cc9-a3e1-fc06ea0f6584,"#N/A","#N/A",false,Web,"#N/A","#N/A",Medium,"#N/A",New,Subject_zqqqe,"#N/A","#N/A","#N/A","#N/A","#N/A"
82f41127-b11f-4d9e-b5fe-4f9c2ee8c029,"#N/A","#N/A",false,Web,"#N/A","#N/A",Medium,"#N/A",New,Subject_qlojy,"#N/A","#N/A","#N/A","#N/A","#N/A"
82f47efe-72f2-4e3b-bf31-ecac725db149,"#N/A","#N/A",false,Web,"#N/A","#N/A",Medium,"#N/A",New,Subject_rlbfs,"#N/A","#N/A","#N/A","#N/A","#N/A"
82f72506-d305-44fc-aa4c-8c592d86ceb0,"#N/A","#N/A",false,Web,"#N/A","#N/A",Medium,"#N/A",New,Subject_jsgdz,"#N/A","#N/A","#N/A","#N/A","#N/A"
82f74490-ab88-4515-bbbb-ba97fd9b1d7c,"#N/A","#N/A",false,Web,"#N/A","#N/A",Medium,"#N/A",New,Subject_ecqpi,"#N/A","#N/A","#N/A","#N/A","#N/A"
82f74d8c-dcc0-4337-a32a-96c045cf186d,"#N/A","#N/A",false,Web,"#N/A","#N/A",Medium,"#N/A",New,Subject_uecgm,"#N/A","#N/A","#N/A","#N/A","#N/A"
82fb7852-8501-4979-bd05-9546cf1d9969,"#N/A","#N/A",false,Web,"#N/A","#N/A",Medium,"#N/A",New,Subject_wwzvg,"#N/A","#N/A","#N/A","#N/A","#N/A"
82fb9c64-92b8-47b1-8ea6-a3dc6c059cd1,"#N/A","#N/A",false,Web,"#N/A","#N/A",Medium,"#N/A",New,Subject_luihh,"#N/A","#N/A","#N/A","#N/A","#N/A"
82fcbab9-b89e-48f4-8df3-b7eea4dcbfef,"#N/A","#N/A",false,Web,"#N/A","#N/A",Medium,"#N/A",New,Subject_qlcwj,"#N/A","#N/A","#N/A","#N/A","#N/A"
82fe132d-9593-4de2-852a-1b6c9387eb67,"#N/A","#N/A",false,Web,"#N/A","#N/A",Medium,"#N/A",New,Subject_vfzpq,"#N/A","#N/A","#N/A","#N/A","#N/A"
83086d1e-6958-452d-b4ef-cbf4cd058a89,"#N/A","#N/A",false,Web,"#N/A","#N/A",Medium,"#N/A",New,Subject_nkyqo,"#N/A","#N/A","#N/A","#N/A","#N/A"
8309d4f2-957b-46fe-a455-491aabb7b9d2,"#N/A","#N/A",false,Web,"#N/A","#N/A",Medium,"#N/A",New,Subject_rvthe,"#N/A","#N/A","#N/A","#N/A","#N/A"
830b06d4-214e-4db6-89a5-2f01c78868a2,"#N/A","#N/A",false,Web,"#N/A","#N/A",Medium,"#N/A",New,Subject_enncy,"#N/A","#N/A","#N/A","#N/A","#N/A"
830c10d9-52f4-45f5-b569-4e691989f144,"#N/A","#N/A",false,Web,"#N/A","#N/A",Medium,"#N/A",New,Subject_imdqc,"#N/A","#N/A","#N/A","#N/A","#N/A"
830d7efc-9f62-4da5-abaf-79521cd40c3d,"#N/A","#N/A",false,Web,"#N/A","#N/A",Medium,"#N/A",New,Subject_wafbs,"#N/A","#N/A","#N/A","#N/A","#N/A"
830f647e-9968-457f-a65d-1f036225674d,"#N/A","#N/A",false,Web,"#N/A","#N/A",Medium,"#N/A",New,Subject_lkqry,"#N/A","#N/A","#N/A","#N/A","#N/A"
83101b46-fe3b-48ba-99bb-0095b48e869b,"#N/A","#N/A",false,Web,"#N/A","#N/A",Medium,"#N/A",New,Subject_xvvjr,"#N/A","#N/A","#N/A","#N/A","#N/A"
8311d2ad-a896-4540-a180-d629d31f9093,"#N/A","#N/A",false,Web,"#N/A","#N/A",Medium,"#N/A",New,Subject_xgwcj,"#N/A","#N/A","#N/A","#N/A","#N/A"
8314e3dd-20de-48bd-80aa-887dffff07b5,"#N/A","#N/A",false,Web,"#N/A","#N/A",Medium,"#N/A",New,Subject_kiopj,"#N/A","#N/A","#N/A","#N/A","#N/A"
83157cb6-6741-451f-934f-bff0f161a317,"#N/A","#N/A",false,Web,"#N/A","#N/A",Medium,"#N/A",New,Subject_clovc,"#N/A","#N/A","#N/A","#N/A","#N/A"
831de30c-cfc4-4233-98a8-23c22875a8fc,"#N/A","#N/A",false,Web,"#N/A","#N/A",Medium,"#N/A",New,Subject_ulbcd,"#N/A","#N/A","#N/A","#N/A","#N/A"
8322e167-74f7-40b5-8553-833e8da9730c,"#N/A","#N/A",false,Web,"#N/A","#N/A",Medium,"#N/A",New,Subject_wmsdl,"#N/A","#N/A","#N/A","#N/A","#N/A"
8323d1fa-bd43-4c0c-a72d-60340318edf1,"#N/A","#N/A",false,Web,"#N/A","#N/A",Medium,"#N/A",New,Subject_iurkz,"#N/A","#N/A","#N/A","#N/A","#N/A"
8326524f-6a8e-441b-8e05-2d1c6925c70d,"#N/A","#N/A",false,Web,"#N/A","#N/A",Medium,"#N/A",New,Subject_zxkid,"#N/A","#N/A","#N/A","#N/A","#N/A"
832a4486-3fc8-4bc7-97bf-bb7df6f2955d,"#N/A","#N/A",false,Web,"#N/A","#N/A",Medium,"#N/A",New,Subject_pmiah,"#N/A","#N/A","#N/A","#N/A","#N/A"
832ba914-2c07-4861-9980-18fb66e36bb1,"#N/A","#N/A",false,Web,"#N/A","#N/A",Medium,"#N/A",New,Subject_qcpmy,"#N/A","#N/A","#N/A","#N/A","#N/A"
8330b70f-91a1-4a91-8e08-cff49d63197c,"#N/A","#N/A",false,Web,"#N/A","#N/A",Medium,"#N/A",New,Subject_oratb,"#N/A","#N/A","#N/A","#N/A","#N/A"
8334c121-449f-4d99-89d1-0028528ddd03,"#N/A","#N/A",false,Web,"#N/A","#N/A",Medium,"#N/A",New,Subject_ardwy,"#N/A","#N/A","#N/A","#N/A","#N/A"
83354933-a57b-49a7-8d7f-029d3c58a876,"#N/A","#N/A",false,Web,"#N/A","#N/A",Medium,"#N/A",New,Subject_zaxrt,"#N/A","#N/A","#N/A","#N/A","#N/A"
83369c44-fee8-485f-88a0-95bc507c2a8b,"#N/A","#N/A",false,Web,"#N/A","#N/A",Medium,"#N/A",New,Subject_xfbdw,"#N/A","#N/A","#N/A","#N/A","#N/A"
83383bab-a628-4e22-8f55-cc595d1b1c39,"#N/A","#N/A",false,Web,"#N/A","#N/A",Medium,"#N/A",New,Subject_ecyxl,"#N/A","#N/A","#N/A","#N/A","#N/A"
833bb366-eb77-4920-b30f-25b8c9ecf0fe,"#N/A","#N/A",false,Web,"#N/A","#N/A",Medium,"#N/A",New,Subject_mlzmm,"#N/A","#N/A","#N/A","#N/A","#N/A"
83402559-2fc8-4a37-9016-2211d27b7dc3,"#N/A","#N/A",false,Web,"#N/A","#N/A",Medium,"#N/A",New,Subject_qkcfe,"#N/A","#N/A","#N/A","#N/A","#N/A"
83409a4c-3415-4bb2-ba42-5a12ad21fe47,"#N/A","#N/A",false,Web,"#N/A","#N/A",Medium,"#N/A",New,Subject_zgnom,"#N/A","#N/A","#N/A","#N/A","#N/A"
83420aa1-bc3a-4cbb-843e-c3ff5fb9002b,"#N/A","#N/A",false,Web,"#N/A","#N/A",Medium,"#N/A",New,Subject_kclfh,"#N/A","#N/A","#N/A","#N/A","#N/A"
834335ac-5a58-4320-a04e-d11c1359355a,"#N/A","#N/A",false,Web,"#N/A","#N/A",Medium,"#N/A",New,Subject_vknau,"#N/A","#N/A","#N/A","#N/A","#N/A"
834390e7-d64d-4c60-a19d-151f28cc0da8,"#N/A","#N/A",false,Web,"#N/A","#N/A",Medium,"#N/A",New,Subject_pclfk,"#N/A","#N/A","#N/A","#N/A","#N/A"
83474cc2-258e-4362-b1f0-3dfc313c0256,"#N/A","#N/A",false,Web,"#N/A","#N/A",Medium,"#N/A",New,Subject_hmbpm,"#N/A","#N/A","#N/A","#N/A","#N/A"
834a642e-f1cd-41b2-94a8-df18b9830e49,"#N/A","#N/A",false,Web,"#N/A","#N/A",Medium,"#N/A",New,Subject_cmygz,"#N/A","#N/A","#N/A","#N/A","#N/A"
834c16d4-25f8-4b3a-920c-9bda98d1e11b,"#N/A","#N/A",false,Web,"#N/A","#N/A",Medium,"#N/A",New,Subject_fgtfb,"#N/A","#N/A","#N/A","#N/A","#N/A"
834fb96f-ccb0-4f69-b24c-cfb22d8ff9b0,"#N/A","#N/A",false,Web,"#N/A","#N/A",Medium,"#N/A",New,Subject_afkno,"#N/A","#N/A","#N/A","#N/A","#N/A"
83507c01-64b6-4589-bfee-f585b3350533,"#N/A","#N/A",false,Web,"#N/A","#N/A",Medium,"#N/A",New,Subject_zvfaj,"#N/A","#N/A","#N/A","#N/A","#N/A"
83542a7c-7c43-4dfd-a07d-cc3845b92b70,"#N/A","#N/A",false,Web,"#N/A","#N/A",Medium,"#N/A",New,Subject_ddzww,"#N/A","#N/A","#N/A","#N/A","#N/A"
83543c21-5050-41f5-b66b-ba28878c2b7e,"#N/A","#N/A",false,Web,"#N/A","#N/A",Medium,"#N/A",New,Subject_mxvib,"#N/A","#N/A","#N/A","#N/A","#N/A"
835464af-1ea2-47d0-b015-7224578268d9,"#N/A","#N/A",false,Web,"#N/A","#N/A",Medium,"#N/A",New,Subject_slwzv,"#N/A","#N/A","#N/A","#N/A","#N/A"
8354fda4-5ace-4f1a-88c8-b8b13cd56ed8,"#N/A","#N/A",false,Web,"#N/A","#N/A",Medium,"#N/A",New,Subject_xojfy,"#N/A","#N/A","#N/A","#N/A","#N/A"
83551f98-590d-4fe6-9bc0-b698d991780b,"#N/A","#N/A",false,Web,"#N/A","#N/A",Medium,"#N/A",New,Subject_atizb,"#N/A","#N/A","#N/A","#N/A","#N/A"
835a77f0-020b-4457-8291-4c83e3d837bb,"#N/A","#N/A",false,Web,"#N/A","#N/A",Medium,"#N/A",New,Subject_ixaly,"#N/A","#N/A","#N/A","#N/A","#N/A"
835ad998-0b47-4138-85d3-0a3bf9aa0cea,"#N/A","#N/A",false,Web,"#N/A","#N/A",Medium,"#N/A",New,Subject_bdjhv,"#N/A","#N/A","#N/A","#N/A","#N/A"
835d38ad-e8e8-4d18-8d68-baaabfb9eb89,"#N/A","#N/A",false,Web,"#N/A","#N/A",Medium,"#N/A",New,Subject_vkcsi,"#N/A","#N/A","#N/A","#N/A","#N/A"
835f6c1e-aca3-4b19-8e5c-fc1d6a07ef8f,"#N/A","#N/A",false,Web,"#N/A","#N/A",Medium,"#N/A",New,Subject_wmbbg,"#N/A","#N/A","#N/A","#N/A","#N/A"
83612a49-966b-4bd9-9e34-0e86c4da3178,"#N/A","#N/A",false,Web,"#N/A","#N/A",Medium,"#N/A",New,Subject_monmx,"#N/A","#N/A","#N/A","#N/A","#N/A"
8363d2ff-b7e5-4850-b1b5-f971c39138ba,"#N/A","#N/A",false,Web,"#N/A","#N/A",Medium,"#N/A",New,Subject_fyqiz,"#N/A","#N/A","#N/A","#N/A","#N/A"
83651059-3b11-4795-a1a7-5e6bc6727bcc,"#N/A","#N/A",false,Web,"#N/A","#N/A",Medium,"#N/A",New,Subject_tqbuz,"#N/A","#N/A","#N/A","#N/A","#N/A"
836579f5-fb16-4ef4-a6c3-bf9046930999,"#N/A","#N/A",false,Web,"#N/A","#N/A",Medium,"#N/A",New,Subject_vpsep,"#N/A","#N/A","#N/A","#N/A","#N/A"
83695c72-5678-4e59-9a89-093feebbf1ed,"#N/A","#N/A",false,Web,"#N/A","#N/A",Medium,"#N/A",New,Subject_easzw,"#N/A","#N/A","#N/A","#N/A","#N/A"
836a9515-c99d-4d40-ac21-70f450e4fef4,"#N/A","#N/A",false,Web,"#N/A","#N/A",Medium,"#N/A",New,Subject_cvwpu,"#N/A","#N/A","#N/A","#N/A","#N/A"
8370cf85-5c0f-43a6-b09c-c52b72b63316,"#N/A","#N/A",false,Web,"#N/A","#N/A",Medium,"#N/A",New,Subject_pebto,"#N/A","#N/A","#N/A","#N/A","#N/A"
837247a3-36af-49ca-8a1b-33dab6631a75,"#N/A","#N/A",false,Web,"#N/A","#N/A",Medium,"#N/A",New,Subject_efprg,"#N/A","#N/A","#N/A","#N/A","#N/A"
83734748-383c-45cf-a825-47b38556ee54,"#N/A","#N/A",false,Web,"#N/A","#N/A",Medium,"#N/A",New,Subject_qscwn,"#N/A","#N/A","#N/A","#N/A","#N/A"
8373479b-320c-43ec-9f7b-df445ba9a63f,"#N/A","#N/A",false,Web,"#N/A","#N/A",Medium,"#N/A",New,Subject_dxytr,"#N/A","#N/A","#N/A","#N/A","#N/A"
8373cb5f-fb6d-4b10-b135-2bf9d20f3beb,"#N/A","#N/A",false,Web,"#N/A","#N/A",Medium,"#N/A",New,Subject_zsxzx,"#N/A","#N/A","#N/A","#N/A","#N/A"
8376b768-e320-40c8-8d66-b3f0ebc03808,"#N/A","#N/A",false,Web,"#N/A","#N/A",Medium,"#N/A",New,Subject_blkvy,"#N/A","#N/A","#N/A","#N/A","#N/A"
8377a0ae-4360-4704-9052-282d889fa909,"#N/A","#N/A",false,Web,"#N/A","#N/A",Medium,"#N/A",New,Subject_zhvpg,"#N/A","#N/A","#N/A","#N/A","#N/A"
8378cdbb-fcfe-4215-a4d6-d23d9000dcd2,"#N/A","#N/A",false,Web,"#N/A","#N/A",Medium,"#N/A",New,Subject_pjpve,"#N/A","#N/A","#N/A","#N/A","#N/A"
8378e9e7-62f5-4f90-9799-ef8c124afab2,"#N/A","#N/A",false,Web,"#N/A","#N/A",Medium,"#N/A",New,Subject_vzais,"#N/A","#N/A","#N/A","#N/A","#N/A"
8378fcee-4327-4d54-b627-055cede55458,"#N/A","#N/A",false,Web,"#N/A","#N/A",Medium,"#N/A",New,Subject_fobbo,"#N/A","#N/A","#N/A","#N/A","#N/A"
83795a9b-25b4-4c97-be25-82b5f6ecb5ad,"#N/A","#N/A",false,Web,"#N/A","#N/A",Medium,"#N/A",New,Subject_syawl,"#N/A","#N/A","#N/A","#N/A","#N/A"
837aa400-236c-4fad-98d3-39a7f022f185,"#N/A","#N/A",false,Web,"#N/A","#N/A",Medium,"#N/A",New,Subject_vpemc,"#N/A","#N/A","#N/A","#N/A","#N/A"
837b15ae-11cb-4b3b-8ae9-c78a1c2eb475,"#N/A","#N/A",false,Web,"#N/A","#N/A",Medium,"#N/A",New,Subject_wfded,"#N/A","#N/A","#N/A","#N/A","#N/A"
837e6bc8-0091-4d87-9486-db6333a260b4,"#N/A","#N/A",false,Web,"#N/A","#N/A",Medium,"#N/A",New,Subject_ccidv,"#N/A","#N/A","#N/A","#N/A","#N/A"
837ec4da-5ae4-4698-9204-7862d63b3e2e,"#N/A","#N/A",false,Web,"#N/A","#N/A",Medium,"#N/A",New,Subject_fjrvp,"#N/A","#N/A","#N/A","#N/A","#N/A"
83837087-58c1-480f-ab01-4a9789a96458,"#N/A","#N/A",false,Web,"#N/A","#N/A",Medium,"#N/A",New,Subject_vfnek,"#N/A","#N/A","#N/A","#N/A","#N/A"
8384f730-68a2-47c6-ba3a-4e2e7f3067f9,"#N/A","#N/A",false,Web,"#N/A","#N/A",Medium,"#N/A",New,Subject_faorm,"#N/A","#N/A","#N/A","#N/A","#N/A"
838743e3-c7fc-40bc-a046-584549a158df,"#N/A","#N/A",false,Web,"#N/A","#N/A",Medium,"#N/A",New,Subject_gaobn,"#N/A","#N/A","#N/A","#N/A","#N/A"
83882851-df18-4e8f-bbd3-2d5df66bb7c3,"#N/A","#N/A",false,Web,"#N/A","#N/A",Medium,"#N/A",New,Subject_fzsxk,"#N/A","#N/A","#N/A","#N/A","#N/A"
83891ed9-ce53-4182-871d-dae416766350,"#N/A","#N/A",false,Web,"#N/A","#N/A",Medium,"#N/A",New,Subject_ziuem,"#N/A","#N/A","#N/A","#N/A","#N/A"
8389df72-aa9c-4930-a935-0664bee766da,"#N/A","#N/A",false,Web,"#N/A","#N/A",Medium,"#N/A",New,Subject_oxzoh,"#N/A","#N/A","#N/A","#N/A","#N/A"
838f2dde-94fe-47aa-a6e7-e586a5757874,"#N/A","#N/A",false,Web,"#N/A","#N/A",Medium,"#N/A",New,Subject_rjvqr,"#N/A","#N/A","#N/A","#N/A","#N/A"
838f36a5-4ed7-4bb6-92e5-3b7a5368acd5,"#N/A","#N/A",false,Web,"#N/A","#N/A",Medium,"#N/A",New,Subject_voixo,"#N/A","#N/A","#N/A","#N/A","#N/A"
8391e5d0-fa04-48db-8130-5cbdfd467d7a,"#N/A","#N/A",false,Web,"#N/A","#N/A",Medium,"#N/A",New,Subject_jmwfc,"#N/A","#N/A","#N/A","#N/A","#N/A"
839aff8c-271b-490a-9839-f9603e923f55,"#N/A","#N/A",false,Web,"#N/A","#N/A",Medium,"#N/A",New,Subject_cvzkm,"#N/A","#N/A","#N/A","#N/A","#N/A"
839e0388-aba1-4a1e-8cec-48f783eaeb52,"#N/A","#N/A",false,Web,"#N/A","#N/A",Medium,"#N/A",New,Subject_qrrvg,"#N/A","#N/A","#N/A","#N/A","#N/A"
83a07f72-8a28-4506-b555-e92b6ce76bb9,"#N/A","#N/A",false,Web,"#N/A","#N/A",Medium,"#N/A",New,Subject_mfzgl,"#N/A","#N/A","#N/A","#N/A","#N/A"
83a66086-fdc6-4daf-9258-6059998eb78e,"#N/A","#N/A",false,Web,"#N/A","#N/A",Medium,"#N/A",New,Subject_kbcdz,"#N/A","#N/A","#N/A","#N/A","#N/A"
83a99452-430e-4fd3-afc1-17e0feb7b431,"#N/A","#N/A",false,Web,"#N/A","#N/A",Medium,"#N/A",New,Subject_djgcw,"#N/A","#N/A","#N/A","#N/A","#N/A"
83ad1bb3-5215-4dd3-8f28-d7832517a92e,"#N/A","#N/A",false,Web,"#N/A","#N/A",Medium,"#N/A",New,Subject_tgcgj,"#N/A","#N/A","#N/A","#N/A","#N/A"
83b2a5e0-f894-4418-bfd9-aa79a786dd0d,"#N/A","#N/A",false,Web,"#N/A","#N/A",Medium,"#N/A",New,Subject_bwlpv,"#N/A","#N/A","#N/A","#N/A","#N/A"
83b53553-d52f-4355-b293-f6843ef2fa6c,"#N/A","#N/A",false,Web,"#N/A","#N/A",Medium,"#N/A",New,Subject_oaftz,"#N/A","#N/A","#N/A","#N/A","#N/A"
83b6aeb6-b4de-4108-8c1f-46d94988b0cd,"#N/A","#N/A",false,Web,"#N/A","#N/A",Medium,"#N/A",New,Subject_lyiap,"#N/A","#N/A","#N/A","#N/A","#N/A"
83b6ba0e-781c-4fec-a3ae-6a6ac6bbd86d,"#N/A","#N/A",false,Web,"#N/A","#N/A",Medium,"#N/A",New,Subject_ctvro,"#N/A","#N/A","#N/A","#N/A","#N/A"
83b9eb98-13a2-4ad1-980f-482f11a2badf,"#N/A","#N/A",false,Web,"#N/A","#N/A",Medium,"#N/A",New,Subject_rwcps,"#N/A","#N/A","#N/A","#N/A","#N/A"
83ba7be6-53d3-47f2-9006-76fa7bbc583b,"#N/A","#N/A",false,Web,"#N/A","#N/A",Medium,"#N/A",New,Subject_enusq,"#N/A","#N/A","#N/A","#N/A","#N/A"
83c8d481-af0b-407d-bf92-ebda2a567d51,"#N/A","#N/A",false,Web,"#N/A","#N/A",Medium,"#N/A",New,Subject_xnzrh,"#N/A","#N/A","#N/A","#N/A","#N/A"
83c95ad2-8a2c-44a2-bfde-25e3db2db42a,"#N/A","#N/A",false,Web,"#N/A","#N/A",Medium,"#N/A",New,Subject_dchnq,"#N/A","#N/A","#N/A","#N/A","#N/A"
83cbcbbf-67c6-4261-9828-151176c40858,"#N/A","#N/A",false,Web,"#N/A","#N/A",Medium,"#N/A",New,Subject_nzqzj,"#N/A","#N/A","#N/A","#N/A","#N/A"
83cc20eb-02f8-4f8a-b57e-b4fe31bda7d1,"#N/A","#N/A",false,Web,"#N/A","#N/A",Medium,"#N/A",New,Subject_uuwga,"#N/A","#N/A","#N/A","#N/A","#N/A"
83cd211d-132d-4046-a179-7422200d9f09,"#N/A","#N/A",false,Web,"#N/A","#N/A",Medium,"#N/A",New,Subject_glsje,"#N/A","#N/A","#N/A","#N/A","#N/A"
83ce40ec-2d9b-4ce3-a3cb-e6a73d11b1e4,"#N/A","#N/A",false,Web,"#N/A","#N/A",Medium,"#N/A",New,Subject_mvknp,"#N/A","#N/A","#N/A","#N/A","#N/A"
83d28956-b96f-487f-b2eb-b7027c0ae4d4,"#N/A","#N/A",false,Web,"#N/A","#N/A",Medium,"#N/A",New,Subject_xihan,"#N/A","#N/A","#N/A","#N/A","#N/A"
83d63a89-a6df-4977-8fe6-2c7ffbd46066,"#N/A","#N/A",false,Web,"#N/A","#N/A",Medium,"#N/A",New,Subject_cpjlc,"#N/A","#N/A","#N/A","#N/A","#N/A"
83d6fc3e-c66e-4164-a3b3-b020f3262319,"#N/A","#N/A",false,Web,"#N/A","#N/A",Medium,"#N/A",New,Subject_grmqz,"#N/A","#N/A","#N/A","#N/A","#N/A"
83d7b27f-8f9a-4aba-9e0c-b6c6b870bf68,"#N/A","#N/A",false,Web,"#N/A","#N/A",Medium,"#N/A",New,Subject_jxndh,"#N/A","#N/A","#N/A","#N/A","#N/A"
83d910f8-908c-4e6a-94f5-25a65ebbaccb,"#N/A","#N/A",false,Web,"#N/A","#N/A",Medium,"#N/A",New,Subject_iuxxq,"#N/A","#N/A","#N/A","#N/A","#N/A"
83e1785b-58e7-4688-933a-58210310c433,"#N/A","#N/A",false,Web,"#N/A","#N/A",Medium,"#N/A",New,Subject_woqgv,"#N/A","#N/A","#N/A","#N/A","#N/A"
83e1c11e-fd86-4aa0-9509-37ce0a70f147,"#N/A","#N/A",false,Web,"#N/A","#N/A",Medium,"#N/A",New,Subject_tzrmc,"#N/A","#N/A","#N/A","#N/A","#N/A"
83e88f57-904a-45c1-ae2d-acfa33673897,"#N/A","#N/A",false,Web,"#N/A","#N/A",Medium,"#N/A",New,Subject_lrsed,"#N/A","#N/A","#N/A","#N/A","#N/A"
83e9b1e7-884a-4712-ab84-bd37b9435500,"#N/A","#N/A",false,Web,"#N/A","#N/A",Medium,"#N/A",New,Subject_mjxtb,"#N/A","#N/A","#N/A","#N/A","#N/A"
83ea86ab-3a75-4a30-a64e-150d65627f86,"#N/A","#N/A",false,Web,"#N/A","#N/A",Medium,"#N/A",New,Subject_entog,"#N/A","#N/A","#N/A","#N/A","#N/A"
83efbb9e-1473-4771-b873-1f08d1db1359,"#N/A","#N/A",false,Web,"#N/A","#N/A",Medium,"#N/A",New,Subject_uwgyj,"#N/A","#N/A","#N/A","#N/A","#N/A"
83f1e550-9347-4877-ab92-9736101eb9d4,"#N/A","#N/A",false,Web,"#N/A","#N/A",Medium,"#N/A",New,Subject_zbjyw,"#N/A","#N/A","#N/A","#N/A","#N/A"
83f1fa04-d259-405f-8b76-e8972add2a54,"#N/A","#N/A",false,Web,"#N/A","#N/A",Medium,"#N/A",New,Subject_datnu,"#N/A","#N/A","#N/A","#N/A","#N/A"
83f3fa91-2935-4f9f-9fd1-6a33afbef366,"#N/A","#N/A",false,Web,"#N/A","#N/A",Medium,"#N/A",New,Subject_eorxp,"#N/A","#N/A","#N/A","#N/A","#N/A"
83f4734b-d4a1-434b-b118-a334721ed4d9,"#N/A","#N/A",false,Web,"#N/A","#N/A",Medium,"#N/A",New,Subject_wafmh,"#N/A","#N/A","#N/A","#N/A","#N/A"
83f49672-2d8c-4a6b-b0fe-71a36fa22558,"#N/A","#N/A",false,Web,"#N/A","#N/A",Medium,"#N/A",New,Subject_zvnax,"#N/A","#N/A","#N/A","#N/A","#N/A"
83f80aff-241b-4c6e-a38d-8c4bcf8cfba5,"#N/A","#N/A",false,Web,"#N/A","#N/A",Medium,"#N/A",New,Subject_isbln,"#N/A","#N/A","#N/A","#N/A","#N/A"
83ff1047-6206-44ae-a58e-4bb077bba806,"#N/A","#N/A",false,Web,"#N/A","#N/A",Medium,"#N/A",New,Subject_klhyn,"#N/A","#N/A","#N/A","#N/A","#N/A"
8402eaac-08ec-4530-bd44-ee5bbb699adc,"#N/A","#N/A",false,Web,"#N/A","#N/A",Medium,"#N/A",New,Subject_uftno,"#N/A","#N/A","#N/A","#N/A","#N/A"
8404eb63-0052-4af0-a307-090cd4308ba0,"#N/A","#N/A",false,Web,"#N/A","#N/A",Medium,"#N/A",New,Subject_txyed,"#N/A","#N/A","#N/A","#N/A","#N/A"
8405e1b4-7f27-4080-b8b9-db0bd04ae9aa,"#N/A","#N/A",false,Web,"#N/A","#N/A",Medium,"#N/A",New,Subject_xqpqj,"#N/A","#N/A","#N/A","#N/A","#N/A"
8407933a-6b94-4abc-87c3-8a492e1a6e28,"#N/A","#N/A",false,Web,"#N/A","#N/A",Medium,"#N/A",New,Subject_bkmld,"#N/A","#N/A","#N/A","#N/A","#N/A"
840bec05-c835-47c3-9a9d-eb161c628cf7,"#N/A","#N/A",false,Web,"#N/A","#N/A",Medium,"#N/A",New,Subject_bnmrz,"#N/A","#N/A","#N/A","#N/A","#N/A"
840c1b0a-c07e-4320-8629-d6d50777b9c6,"#N/A","#N/A",false,Web,"#N/A","#N/A",Medium,"#N/A",New,Subject_vqiso,"#N/A","#N/A","#N/A","#N/A","#N/A"
840c3e9b-1d87-4668-b06b-e851e437bd31,"#N/A","#N/A",false,Web,"#N/A","#N/A",Medium,"#N/A",New,Subject_uthpf,"#N/A","#N/A","#N/A","#N/A","#N/A"
840c6901-4479-4ed9-84c2-4788d46a33ba,"#N/A","#N/A",false,Web,"#N/A","#N/A",Medium,"#N/A",New,Subject_lunvc,"#N/A","#N/A","#N/A","#N/A","#N/A"
840cec2b-9925-4cee-88fe-2f0945453593,"#N/A","#N/A",false,Web,"#N/A","#N/A",Medium,"#N/A",New,Subject_cwhwx,"#N/A","#N/A","#N/A","#N/A","#N/A"
84155d99-173b-43b5-8ac3-b83e17b7c224,"#N/A","#N/A",false,Web,"#N/A","#N/A",Medium,"#N/A",New,Subject_oosou,"#N/A","#N/A","#N/A","#N/A","#N/A"
841bfb1e-da71-4e99-a5a1-057f34eb2df8,"#N/A","#N/A",false,Web,"#N/A","#N/A",Medium,"#N/A",New,Subject_jgfkw,"#N/A","#N/A","#N/A","#N/A","#N/A"
841c4bde-880d-4a41-8bbe-fdef7073db22,"#N/A","#N/A",false,Web,"#N/A","#N/A",Medium,"#N/A",New,Subject_atxei,"#N/A","#N/A","#N/A","#N/A","#N/A"
841cf0f9-c541-4b64-a36f-18e185fbfc25,"#N/A","#N/A",false,Web,"#N/A","#N/A",Medium,"#N/A",New,Subject_wdhgf,"#N/A","#N/A","#N/A","#N/A","#N/A"
841d077a-0b94-45d1-85e8-3ad36da9d0b3,"#N/A","#N/A",false,Web,"#N/A","#N/A",Medium,"#N/A",New,Subject_nsvdh,"#N/A","#N/A","#N/A","#N/A","#N/A"
841d69de-663d-4764-9404-8ef949b9a99f,"#N/A","#N/A",false,Web,"#N/A","#N/A",Medium,"#N/A",New,Subject_zrowm,"#N/A","#N/A","#N/A","#N/A","#N/A"
841f793f-4f21-4b9f-80f5-39f90b0dc4f6,"#N/A","#N/A",false,Web,"#N/A","#N/A",Medium,"#N/A",New,Subject_wxjvq,"#N/A","#N/A","#N/A","#N/A","#N/A"
842149e7-a2a4-4751-b791-c10a6ff4def9,"#N/A","#N/A",false,Web,"#N/A","#N/A",Medium,"#N/A",New,Subject_senry,"#N/A","#N/A","#N/A","#N/A","#N/A"
84240771-d972-4363-b150-c4c1d463119a,"#N/A","#N/A",false,Web,"#N/A","#N/A",Medium,"#N/A",New,Subject_tkpkj,"#N/A","#N/A","#N/A","#N/A","#N/A"
84270318-f717-4688-a54b-cb089ae64062,"#N/A","#N/A",false,Web,"#N/A","#N/A",Medium,"#N/A",New,Subject_zjakd,"#N/A","#N/A","#N/A","#N/A","#N/A"
842b9f5e-0df0-464f-9189-c9f351eeb1f1,"#N/A","#N/A",false,Web,"#N/A","#N/A",Medium,"#N/A",New,Subject_noitc,"#N/A","#N/A","#N/A","#N/A","#N/A"
842dd932-a2fd-4f8c-9d9c-2e93f3b550b1,"#N/A","#N/A",false,Web,"#N/A","#N/A",Medium,"#N/A",New,Subject_wsfmg,"#N/A","#N/A","#N/A","#N/A","#N/A"
842ed20d-53e1-419c-8176-3120431a0bbc,"#N/A","#N/A",false,Web,"#N/A","#N/A",Medium,"#N/A",New,Subject_vljcp,"#N/A","#N/A","#N/A","#N/A","#N/A"
8436769f-1568-4539-993c-337e6c910c82,"#N/A","#N/A",false,Web,"#N/A","#N/A",Medium,"#N/A",New,Subject_sarii,"#N/A","#N/A","#N/A","#N/A","#N/A"
843e4204-9bcb-4c2c-a9a4-d01e297fef75,"#N/A","#N/A",false,Web,"#N/A","#N/A",Medium,"#N/A",New,Subject_utkpr,"#N/A","#N/A","#N/A","#N/A","#N/A"
8440feb5-8b71-4202-95c2-88e8fa8c2a7c,"#N/A","#N/A",false,Web,"#N/A","#N/A",Medium,"#N/A",New,Subject_jijgd,"#N/A","#N/A","#N/A","#N/A","#N/A"
84449e8a-436b-47c7-8552-3cc04453cb78,"#N/A","#N/A",false,Web,"#N/A","#N/A",Medium,"#N/A",New,Subject_byqdr,"#N/A","#N/A","#N/A","#N/A","#N/A"
8449fe9b-577a-49a7-8950-ff3917d58c4d,"#N/A","#N/A",false,Web,"#N/A","#N/A",Medium,"#N/A",New,Subject_nvgva,"#N/A","#N/A","#N/A","#N/A","#N/A"
844f4203-259f-4c87-b449-6455d962bc8c,"#N/A","#N/A",false,Web,"#N/A","#N/A",Medium,"#N/A",New,Subject_ilrxw,"#N/A","#N/A","#N/A","#N/A","#N/A"
844f70c9-3889-4e7e-8dad-3596e2a533c9,"#N/A","#N/A",false,Web,"#N/A","#N/A",Medium,"#N/A",New,Subject_qzspn,"#N/A","#N/A","#N/A","#N/A","#N/A"
844fa3c3-d005-4add-bd9b-1fbdc29c7e3a,"#N/A","#N/A",false,Web,"#N/A","#N/A",Medium,"#N/A",New,Subject_msbgj,"#N/A","#N/A","#N/A","#N/A","#N/A"
84506c6b-ffa3-477c-9240-daf7e6c155eb,"#N/A","#N/A",false,Web,"#N/A","#N/A",Medium,"#N/A",New,Subject_mbifb,"#N/A","#N/A","#N/A","#N/A","#N/A"
845246da-e1da-4708-adeb-bbe890ecce6c,"#N/A","#N/A",false,Web,"#N/A","#N/A",Medium,"#N/A",New,Subject_ilynk,"#N/A","#N/A","#N/A","#N/A","#N/A"
8459b7cc-2039-4f02-be01-d977b10336f0,"#N/A","#N/A",false,Web,"#N/A","#N/A",Medium,"#N/A",New,Subject_ytpoc,"#N/A","#N/A","#N/A","#N/A","#N/A"
845d877e-4c29-414c-859b-3d16e9b26eeb,"#N/A","#N/A",false,Web,"#N/A","#N/A",Medium,"#N/A",New,Subject_xpftp,"#N/A","#N/A","#N/A","#N/A","#N/A"
845f3056-896f-4fa6-b03d-c9b7220e9bc8,"#N/A","#N/A",false,Web,"#N/A","#N/A",Medium,"#N/A",New,Subject_iyqzb,"#N/A","#N/A","#N/A","#N/A","#N/A"
845f318d-6d81-4d28-97ee-791bd95348de,"#N/A","#N/A",false,Web,"#N/A","#N/A",Medium,"#N/A",New,Subject_iwrqr,"#N/A","#N/A","#N/A","#N/A","#N/A"
845fe0b2-ba47-4430-8374-59a2da4ef7ac,"#N/A","#N/A",false,Web,"#N/A","#N/A",Medium,"#N/A",New,Subject_odgjh,"#N/A","#N/A","#N/A","#N/A","#N/A"
8461a612-53b0-4068-a6db-3e69a4e4a7d9,"#N/A","#N/A",false,Web,"#N/A","#N/A",Medium,"#N/A",New,Subject_iojlz,"#N/A","#N/A","#N/A","#N/A","#N/A"
8461f371-6d1a-4a9a-8724-08e758ee6a8f,"#N/A","#N/A",false,Web,"#N/A","#N/A",Medium,"#N/A",New,Subject_gaebx,"#N/A","#N/A","#N/A","#N/A","#N/A"
8463f6a1-9c0d-4087-9fed-4dc591a79237,"#N/A","#N/A",false,Web,"#N/A","#N/A",Medium,"#N/A",New,Subject_mjhls,"#N/A","#N/A","#N/A","#N/A","#N/A"
8465b608-624d-4287-a15b-761c06fa4397,"#N/A","#N/A",false,Web,"#N/A","#N/A",Medium,"#N/A",New,Subject_uuixx,"#N/A","#N/A","#N/A","#N/A","#N/A"
8467f33a-ca68-4a45-a42f-27c11700f4de,"#N/A","#N/A",false,Web,"#N/A","#N/A",Medium,"#N/A",New,Subject_ijcjs,"#N/A","#N/A","#N/A","#N/A","#N/A"
84691a14-289f-4127-b0b3-eb05ec43b48f,"#N/A","#N/A",false,Web,"#N/A","#N/A",Medium,"#N/A",New,Subject_emzbi,"#N/A","#N/A","#N/A","#N/A","#N/A"
846c6891-63c6-4534-9ee6-10ef6bf60979,"#N/A","#N/A",false,Web,"#N/A","#N/A",Medium,"#N/A",New,Subject_kjhko,"#N/A","#N/A","#N/A","#N/A","#N/A"
847118f8-96f7-47ed-b2ac-6068728e6587,"#N/A","#N/A",false,Web,"#N/A","#N/A",Medium,"#N/A",New,Subject_wppuc,"#N/A","#N/A","#N/A","#N/A","#N/A"
84731f49-3567-4209-a30d-f0ea81eeffc9,"#N/A","#N/A",false,Web,"#N/A","#N/A",Medium,"#N/A",New,Subject_qldop,"#N/A","#N/A","#N/A","#N/A","#N/A"
847325d9-b5c8-476e-83a7-18ec702db8bf,"#N/A","#N/A",false,Web,"#N/A","#N/A",Medium,"#N/A",New,Subject_jxlxu,"#N/A","#N/A","#N/A","#N/A","#N/A"
84754ac6-8d6c-4b2b-8d6c-3ff3098104da,"#N/A","#N/A",false,Web,"#N/A","#N/A",Medium,"#N/A",New,Subject_skdza,"#N/A","#N/A","#N/A","#N/A","#N/A"
84768bff-76fe-4f7d-bce0-736002693ff6,"#N/A","#N/A",false,Web,"#N/A","#N/A",Medium,"#N/A",New,Subject_nuein,"#N/A","#N/A","#N/A","#N/A","#N/A"
8479428c-25d6-4da2-aecc-a7d359aeabaf,"#N/A","#N/A",false,Web,"#N/A","#N/A",Medium,"#N/A",New,Subject_onyiv,"#N/A","#N/A","#N/A","#N/A","#N/A"
8479c33d-4c33-4bfb-83cf-63ec03466187,"#N/A","#N/A",false,Web,"#N/A","#N/A",Medium,"#N/A",New,Subject_rrilm,"#N/A","#N/A","#N/A","#N/A","#N/A"
8480a276-48e0-4434-b28c-fbe8095b2efe,"#N/A","#N/A",false,Web,"#N/A","#N/A",Medium,"#N/A",New,Subject_quktg,"#N/A","#N/A","#N/A","#N/A","#N/A"
84814564-cda9-425b-8dbe-81e8e7c8cef1,"#N/A","#N/A",false,Web,"#N/A","#N/A",Medium,"#N/A",New,Subject_lauzp,"#N/A","#N/A","#N/A","#N/A","#N/A"
8485a65e-9dc8-4339-8d8c-7bf78a6c0305,"#N/A","#N/A",false,Web,"#N/A","#N/A",Medium,"#N/A",New,Subject_hadpr,"#N/A","#N/A","#N/A","#N/A","#N/A"
8489875c-bf68-4746-94a2-1b4b9828056c,"#N/A","#N/A",false,Web,"#N/A","#N/A",Medium,"#N/A",New,Subject_ldjpb,"#N/A","#N/A","#N/A","#N/A","#N/A"
848d8f46-6840-46d0-99b9-596261864de5,"#N/A","#N/A",false,Web,"#N/A","#N/A",Medium,"#N/A",New,Subject_wbehe,"#N/A","#N/A","#N/A","#N/A","#N/A"
848f8fee-0b38-4a7c-ac16-70fa4e7a362a,"#N/A","#N/A",false,Web,"#N/A","#N/A",Medium,"#N/A",New,Subject_ltvnw,"#N/A","#N/A","#N/A","#N/A","#N/A"
849003b5-1e7b-42c5-85e9-32e951b38b33,"#N/A","#N/A",false,Web,"#N/A","#N/A",Medium,"#N/A",New,Subject_mbmst,"#N/A","#N/A","#N/A","#N/A","#N/A"
849135d3-2586-4054-a0e2-addff5316afa,"#N/A","#N/A",false,Web,"#N/A","#N/A",Medium,"#N/A",New,Subject_xcutk,"#N/A","#N/A","#N/A","#N/A","#N/A"
8494328f-576c-496b-8735-122d28f48c35,"#N/A","#N/A",false,Web,"#N/A","#N/A",Medium,"#N/A",New,Subject_jqltm,"#N/A","#N/A","#N/A","#N/A","#N/A"
8495b167-4179-43d2-b858-6441999260fd,"#N/A","#N/A",false,Web,"#N/A","#N/A",Medium,"#N/A",New,Subject_immsc,"#N/A","#N/A","#N/A","#N/A","#N/A"
849690b7-2a9c-4fad-ac09-37b3bb157ddc,"#N/A","#N/A",false,Web,"#N/A","#N/A",Medium,"#N/A",New,Subject_ivfyx,"#N/A","#N/A","#N/A","#N/A","#N/A"
84992546-3717-40e7-b891-63a9144c625d,"#N/A","#N/A",false,Web,"#N/A","#N/A",Medium,"#N/A",New,Subject_cgult,"#N/A","#N/A","#N/A","#N/A","#N/A"
8499744c-0b75-4afe-a712-c85aed967045,"#N/A","#N/A",false,Web,"#N/A","#N/A",Medium,"#N/A",New,Subject_pcbne,"#N/A","#N/A","#N/A","#N/A","#N/A"
849f8ffa-2a23-4ba5-b7ad-c184ce3d69cd,"#N/A","#N/A",false,Web,"#N/A","#N/A",Medium,"#N/A",New,Subject_nnxqi,"#N/A","#N/A","#N/A","#N/A","#N/A"
84a2523f-38df-4119-9627-312c75f1901c,"#N/A","#N/A",false,Web,"#N/A","#N/A",Medium,"#N/A",New,Subject_qvqno,"#N/A","#N/A","#N/A","#N/A","#N/A"
84a2a872-1bf7-42df-a667-4ab2ac99b0a2,"#N/A","#N/A",false,Web,"#N/A","#N/A",Medium,"#N/A",New,Subject_nnuzv,"#N/A","#N/A","#N/A","#N/A","#N/A"
84a3fb92-b1aa-45d0-ad49-c2c555c9c946,"#N/A","#N/A",false,Web,"#N/A","#N/A",Medium,"#N/A",New,Subject_dlngu,"#N/A","#N/A","#N/A","#N/A","#N/A"
84a493e2-276c-416a-97b8-7a3625e643b9,"#N/A","#N/A",false,Web,"#N/A","#N/A",Medium,"#N/A",New,Subject_sgaib,"#N/A","#N/A","#N/A","#N/A","#N/A"
84aac383-a77d-4ac9-b67e-913d503b0269,"#N/A","#N/A",false,Web,"#N/A","#N/A",Medium,"#N/A",New,Subject_zsobq,"#N/A","#N/A","#N/A","#N/A","#N/A"
84afa85b-eb84-42a9-bb34-7075959a4548,"#N/A","#N/A",false,Web,"#N/A","#N/A",Medium,"#N/A",New,Subject_eumki,"#N/A","#N/A","#N/A","#N/A","#N/A"
84b085d5-5a5f-4659-b107-7052221e6c43,"#N/A","#N/A",false,Web,"#N/A","#N/A",Medium,"#N/A",New,Subject_wmbwg,"#N/A","#N/A","#N/A","#N/A","#N/A"
84b110a6-2a87-4315-87de-04e44017bfe6,"#N/A","#N/A",false,Web,"#N/A","#N/A",Medium,"#N/A",New,Subject_ovbig,"#N/A","#N/A","#N/A","#N/A","#N/A"
84bc57a2-1738-43a3-a650-86728dbf50d6,"#N/A","#N/A",false,Web,"#N/A","#N/A",Medium,"#N/A",New,Subject_hfkgz,"#N/A","#N/A","#N/A","#N/A","#N/A"
84bdc9c8-69e0-4956-b932-6a5f4cbd74b5,"#N/A","#N/A",false,Web,"#N/A","#N/A",Medium,"#N/A",New,Subject_ryjdc,"#N/A","#N/A","#N/A","#N/A","#N/A"
84bdeda4-1a2b-442a-b0c9-7d4787814b0e,"#N/A","#N/A",false,Web,"#N/A","#N/A",Medium,"#N/A",New,Subject_jghdc,"#N/A","#N/A","#N/A","#N/A","#N/A"
84be1d93-d067-442a-9da5-4c8a55f7079a,"#N/A","#N/A",false,Web,"#N/A","#N/A",Medium,"#N/A",New,Subject_anvlo,"#N/A","#N/A","#N/A","#N/A","#N/A"
84c25e50-b4a1-42e0-ae7a-e9469dc94879,"#N/A","#N/A",false,Web,"#N/A","#N/A",Medium,"#N/A",New,Subject_wxufe,"#N/A","#N/A","#N/A","#N/A","#N/A"
84c4314f-20ca-4508-8a22-d9a0934ffc21,"#N/A","#N/A",false,Web,"#N/A","#N/A",Medium,"#N/A",New,Subject_caveo,"#N/A","#N/A","#N/A","#N/A","#N/A"
84c45806-75c0-4d15-b225-0d3beb367c92,"#N/A","#N/A",false,Web,"#N/A","#N/A",Medium,"#N/A",New,Subject_qbjyl,"#N/A","#N/A","#N/A","#N/A","#N/A"
84c65a7d-1ec8-4516-8db8-01eef0518a76,"#N/A","#N/A",false,Web,"#N/A","#N/A",Medium,"#N/A",New,Subject_dgron,"#N/A","#N/A","#N/A","#N/A","#N/A"
84c8de09-75fa-49a2-aa61-233ef25c864b,"#N/A","#N/A",false,Web,"#N/A","#N/A",Medium,"#N/A",New,Subject_hsprb,"#N/A","#N/A","#N/A","#N/A","#N/A"
84cb1043-3af9-4f02-a0bf-fee0a6dde203,"#N/A","#N/A",false,Web,"#N/A","#N/A",Medium,"#N/A",New,Subject_qrwgy,"#N/A","#N/A","#N/A","#N/A","#N/A"
84cc2de0-2a6e-4ab6-8ec4-8b97cb3bef78,"#N/A","#N/A",false,Web,"#N/A","#N/A",Medium,"#N/A",New,Subject_wnreh,"#N/A","#N/A","#N/A","#N/A","#N/A"
84ce9ebd-b058-4865-9cf7-79af646b5e2f,"#N/A","#N/A",false,Web,"#N/A","#N/A",Medium,"#N/A",New,Subject_axewc,"#N/A","#N/A","#N/A","#N/A","#N/A"
84d97599-7793-4407-bd7b-c89dd4bb4441,"#N/A","#N/A",false,Web,"#N/A","#N/A",Medium,"#N/A",New,Subject_sxghh,"#N/A","#N/A","#N/A","#N/A","#N/A"
84df9d25-64f8-4015-a38c-5f9860434684,"#N/A","#N/A",false,Web,"#N/A","#N/A",Medium,"#N/A",New,Subject_xvcmr,"#N/A","#N/A","#N/A","#N/A","#N/A"
84e929a7-da04-404c-ba74-b55fa3cbaa98,"#N/A","#N/A",false,Web,"#N/A","#N/A",Medium,"#N/A",New,Subject_ljmsm,"#N/A","#N/A","#N/A","#N/A","#N/A"
84eb1e57-41de-4251-840d-4cb83cd2b600,"#N/A","#N/A",false,Web,"#N/A","#N/A",Medium,"#N/A",New,Subject_wynsc,"#N/A","#N/A","#N/A","#N/A","#N/A"
84ebc12f-d2c6-4d62-9198-a9f01d89836d,"#N/A","#N/A",false,Web,"#N/A","#N/A",Medium,"#N/A",New,Subject_bwhtm,"#N/A","#N/A","#N/A","#N/A","#N/A"
84edcd2d-e3c5-4494-be26-3635e2730109,"#N/A","#N/A",false,Web,"#N/A","#N/A",Medium,"#N/A",New,Subject_byyue,"#N/A","#N/A","#N/A","#N/A","#N/A"
84f0da8b-734c-4b74-9b9d-8bd8d84dfb09,"#N/A","#N/A",false,Web,"#N/A","#N/A",Medium,"#N/A",New,Subject_yhxos,"#N/A","#N/A","#N/A","#N/A","#N/A"
84f6e319-0f50-4669-a194-519266abd72f,"#N/A","#N/A",false,Web,"#N/A","#N/A",Medium,"#N/A",New,Subject_vwhca,"#N/A","#N/A","#N/A","#N/A","#N/A"
84f947d2-57ad-43de-adc7-21d48ce65624,"#N/A","#N/A",false,Web,"#N/A","#N/A",Medium,"#N/A",New,Subject_gxawr,"#N/A","#N/A","#N/A","#N/A","#N/A"
84fbf1b8-ceed-40fa-99ff-ee4e1b8b8429,"#N/A","#N/A",false,Web,"#N/A","#N/A",Medium,"#N/A",New,Subject_apans,"#N/A","#N/A","#N/A","#N/A","#N/A"
84ffba97-daf8-4408-b60d-c745971cb848,"#N/A","#N/A",false,Web,"#N/A","#N/A",Medium,"#N/A",New,Subject_ppnok,"#N/A","#N/A","#N/A","#N/A","#N/A"
85012bc2-97d5-4df6-8788-98684d8301f0,"#N/A","#N/A",false,Web,"#N/A","#N/A",Medium,"#N/A",New,Subject_rxnco,"#N/A","#N/A","#N/A","#N/A","#N/A"
8503b5c5-c939-4c59-bd84-1004504621ca,"#N/A","#N/A",false,Web,"#N/A","#N/A",Medium,"#N/A",New,Subject_dlwuv,"#N/A","#N/A","#N/A","#N/A","#N/A"
8507df77-afba-4b29-ace1-0bc37d41dc03,"#N/A","#N/A",false,Web,"#N/A","#N/A",Medium,"#N/A",New,Subject_dxgmj,"#N/A","#N/A","#N/A","#N/A","#N/A"
8508114c-7eba-471d-a808-90ff322fcc9c,"#N/A","#N/A",false,Web,"#N/A","#N/A",Medium,"#N/A",New,Subject_gauus,"#N/A","#N/A","#N/A","#N/A","#N/A"
85097f0a-c6cd-4c69-a049-7e9b296ca8a3,"#N/A","#N/A",false,Web,"#N/A","#N/A",Medium,"#N/A",New,Subject_uvdzr,"#N/A","#N/A","#N/A","#N/A","#N/A"
850a1ccd-f6e4-4459-8033-009d843d183c,"#N/A","#N/A",false,Web,"#N/A","#N/A",Medium,"#N/A",New,Subject_bblmr,"#N/A","#N/A","#N/A","#N/A","#N/A"
850a8e19-7e0f-4b4e-89a1-a41b315c447b,"#N/A","#N/A",false,Web,"#N/A","#N/A",Medium,"#N/A",New,Subject_uzbkm,"#N/A","#N/A","#N/A","#N/A","#N/A"
850bd57e-0bda-4129-87a5-a30c063fd262,"#N/A","#N/A",false,Web,"#N/A","#N/A",Medium,"#N/A",New,Subject_denvs,"#N/A","#N/A","#N/A","#N/A","#N/A"
850d6233-6778-4bfd-97af-1631f06ac557,"#N/A","#N/A",false,Web,"#N/A","#N/A",Medium,"#N/A",New,Subject_nijmj,"#N/A","#N/A","#N/A","#N/A","#N/A"
850e9463-b456-4ebd-bde0-d729cdcd4f41,"#N/A","#N/A",false,Web,"#N/A","#N/A",Medium,"#N/A",New,Subject_umuit,"#N/A","#N/A","#N/A","#N/A","#N/A"
8511a77b-ef36-4629-b0c0-c71cb19f4082,"#N/A","#N/A",false,Web,"#N/A","#N/A",Medium,"#N/A",New,Subject_tddix,"#N/A","#N/A","#N/A","#N/A","#N/A"
851522a0-4c72-42fd-bad1-6156cbe03e84,"#N/A","#N/A",false,Web,"#N/A","#N/A",Medium,"#N/A",New,Subject_zwilw,"#N/A","#N/A","#N/A","#N/A","#N/A"
8516dea8-9638-49c8-a863-57708c5a966f,"#N/A","#N/A",false,Web,"#N/A","#N/A",Medium,"#N/A",New,Subject_zkmld,"#N/A","#N/A","#N/A","#N/A","#N/A"
851a9adc-5f4a-4c9a-8fee-59868a5c598d,"#N/A","#N/A",false,Web,"#N/A","#N/A",Medium,"#N/A",New,Subject_urgbt,"#N/A","#N/A","#N/A","#N/A","#N/A"
851df887-36a0-4e48-85de-13cc45eebd97,"#N/A","#N/A",false,Web,"#N/A","#N/A",Medium,"#N/A",New,Subject_hofka,"#N/A","#N/A","#N/A","#N/A","#N/A"
852513ae-43aa-40b9-9d30-b69368564f5f,"#N/A","#N/A",false,Web,"#N/A","#N/A",Medium,"#N/A",New,Subject_byugk,"#N/A","#N/A","#N/A","#N/A","#N/A"
852ccbaf-3a8d-4f57-8423-38e4bfc3c7b3,"#N/A","#N/A",false,Web,"#N/A","#N/A",Medium,"#N/A",New,Subject_jvmdj,"#N/A","#N/A","#N/A","#N/A","#N/A"
85300bc8-6a05-4f49-863c-4e18d3b56d0a,"#N/A","#N/A",false,Web,"#N/A","#N/A",Medium,"#N/A",New,Subject_ojxer,"#N/A","#N/A","#N/A","#N/A","#N/A"
85340956-143c-47f9-a3e8-3f177f20a76f,"#N/A","#N/A",false,Web,"#N/A","#N/A",Medium,"#N/A",New,Subject_ealkb,"#N/A","#N/A","#N/A","#N/A","#N/A"
8536c07d-6d2f-40b2-8f28-f0c338d59c5e,"#N/A","#N/A",false,Web,"#N/A","#N/A",Medium,"#N/A",New,Subject_mhomd,"#N/A","#N/A","#N/A","#N/A","#N/A"
853738b7-4c95-4106-b475-ccf296f613a9,"#N/A","#N/A",false,Web,"#N/A","#N/A",Medium,"#N/A",New,Subject_mveii,"#N/A","#N/A","#N/A","#N/A","#N/A"
8538e31c-1f52-4829-b649-737d3bee8b5a,"#N/A","#N/A",false,Web,"#N/A","#N/A",Medium,"#N/A",New,Subject_ozcxp,"#N/A","#N/A","#N/A","#N/A","#N/A"
853a7029-f94c-461d-8110-6c822e52cd77,"#N/A","#N/A",false,Web,"#N/A","#N/A",Medium,"#N/A",New,Subject_aekzx,"#N/A","#N/A","#N/A","#N/A","#N/A"
853a9dd1-f1a6-413f-bd55-64005d914a88,"#N/A","#N/A",false,Web,"#N/A","#N/A",Medium,"#N/A",New,Subject_sxsom,"#N/A","#N/A","#N/A","#N/A","#N/A"
853d1209-3e18-401f-b973-26701491d2e8,"#N/A","#N/A",false,Web,"#N/A","#N/A",Medium,"#N/A",New,Subject_hfkls,"#N/A","#N/A","#N/A","#N/A","#N/A"
853f136b-b2d0-4502-bed0-e509d757a63a,"#N/A","#N/A",false,Web,"#N/A","#N/A",Medium,"#N/A",New,Subject_vgrkw,"#N/A","#N/A","#N/A","#N/A","#N/A"
853f63d5-c87e-4802-acbf-bdf99b62e156,"#N/A","#N/A",false,Web,"#N/A","#N/A",Medium,"#N/A",New,Subject_vyufj,"#N/A","#N/A","#N/A","#N/A","#N/A"
85420306-9376-44ab-8906-cf732298029c,"#N/A","#N/A",false,Web,"#N/A","#N/A",Medium,"#N/A",New,Subject_bjqgl,"#N/A","#N/A","#N/A","#N/A","#N/A"
854384dc-f357-4e20-8696-c914a75b8207,"#N/A","#N/A",false,Web,"#N/A","#N/A",Medium,"#N/A",New,Subject_kyucb,"#N/A","#N/A","#N/A","#N/A","#N/A"
8543cbdd-d415-4d00-8836-f7f21f8bfa14,"#N/A","#N/A",false,Web,"#N/A","#N/A",Medium,"#N/A",New,Subject_ghcix,"#N/A","#N/A","#N/A","#N/A","#N/A"
8543dbc6-d20d-4578-977c-f972123f26bc,"#N/A","#N/A",false,Web,"#N/A","#N/A",Medium,"#N/A",New,Subject_aotcy,"#N/A","#N/A","#N/A","#N/A","#N/A"
854d3c50-89b7-4afe-8137-44c46734bb3c,"#N/A","#N/A",false,Web,"#N/A","#N/A",Medium,"#N/A",New,Subject_hjxbj,"#N/A","#N/A","#N/A","#N/A","#N/A"
854f6f06-a817-41ae-b171-cee3982af99f,"#N/A","#N/A",false,Web,"#N/A","#N/A",Medium,"#N/A",New,Subject_ybdlk,"#N/A","#N/A","#N/A","#N/A","#N/A"
85505bd8-3333-4903-b682-87d66256af3b,"#N/A","#N/A",false,Web,"#N/A","#N/A",Medium,"#N/A",New,Subject_fetfl,"#N/A","#N/A","#N/A","#N/A","#N/A"
8550d095-bf06-4eb8-bbd6-bbbd9cb103fc,"#N/A","#N/A",false,Web,"#N/A","#N/A",Medium,"#N/A",New,Subject_jvkaq,"#N/A","#N/A","#N/A","#N/A","#N/A"
85516f60-7129-4204-85a1-f593b3e56401,"#N/A","#N/A",false,Web,"#N/A","#N/A",Medium,"#N/A",New,Subject_nivxy,"#N/A","#N/A","#N/A","#N/A","#N/A"
8551fb6e-0fe4-4b67-943f-842118b16b15,"#N/A","#N/A",false,Web,"#N/A","#N/A",Medium,"#N/A",New,Subject_pbhux,"#N/A","#N/A","#N/A","#N/A","#N/A"
85544c11-fe0e-4fcc-ae5c-29c55dd7ad92,"#N/A","#N/A",false,Web,"#N/A","#N/A",Medium,"#N/A",New,Subject_vgbww,"#N/A","#N/A","#N/A","#N/A","#N/A"
856030fd-c9ee-48d1-9a49-dae1f8bf6e4e,"#N/A","#N/A",false,Web,"#N/A","#N/A",Medium,"#N/A",New,Subject_vlcan,"#N/A","#N/A","#N/A","#N/A","#N/A"
85606dc8-46f5-46cb-b3cd-d4b08fa84a73,"#N/A","#N/A",false,Web,"#N/A","#N/A",Medium,"#N/A",New,Subject_vlcve,"#N/A","#N/A","#N/A","#N/A","#N/A"
856288b9-2fa5-4459-9973-a604d785bc8b,"#N/A","#N/A",false,Web,"#N/A","#N/A",Medium,"#N/A",New,Subject_lzeor,"#N/A","#N/A","#N/A","#N/A","#N/A"
856969b9-d2c3-410a-9f9d-5e785e717236,"#N/A","#N/A",false,Web,"#N/A","#N/A",Medium,"#N/A",New,Subject_mteep,"#N/A","#N/A","#N/A","#N/A","#N/A"
856a080c-ea3c-45d9-bfda-ef0ed27dcc6c,"#N/A","#N/A",false,Web,"#N/A","#N/A",Medium,"#N/A",New,Subject_blhrq,"#N/A","#N/A","#N/A","#N/A","#N/A"
856a398a-03f7-40e5-b950-3ede4e8b4396,"#N/A","#N/A",false,Web,"#N/A","#N/A",Medium,"#N/A",New,Subject_bochf,"#N/A","#N/A","#N/A","#N/A","#N/A"
856dad07-35e5-48b6-a10e-121b2ede875a,"#N/A","#N/A",false,Web,"#N/A","#N/A",Medium,"#N/A",New,Subject_fxadp,"#N/A","#N/A","#N/A","#N/A","#N/A"
856e6e33-ed72-4f2c-9a92-08fe2392c6c4,"#N/A","#N/A",false,Web,"#N/A","#N/A",Medium,"#N/A",New,Subject_vqhth,"#N/A","#N/A","#N/A","#N/A","#N/A"
856ff646-9a4a-4439-bf50-bf75e0480675,"#N/A","#N/A",false,Web,"#N/A","#N/A",Medium,"#N/A",New,Subject_emvbk,"#N/A","#N/A","#N/A","#N/A","#N/A"
8577c92f-4767-4424-91cf-2fdbf1b6d861,"#N/A","#N/A",false,Web,"#N/A","#N/A",Medium,"#N/A",New,Subject_foqml,"#N/A","#N/A","#N/A","#N/A","#N/A"
8578850c-08c4-4eb9-81af-a213863ef555,"#N/A","#N/A",false,Web,"#N/A","#N/A",Medium,"#N/A",New,Subject_bsrdw,"#N/A","#N/A","#N/A","#N/A","#N/A"
857a553b-0fa9-430d-8d82-ca997114322a,"#N/A","#N/A",false,Web,"#N/A","#N/A",Medium,"#N/A",New,Subject_zqqio,"#N/A","#N/A","#N/A","#N/A","#N/A"
857c96e5-bc89-4b40-a9c5-b3d3e66deddb,"#N/A","#N/A",false,Web,"#N/A","#N/A",Medium,"#N/A",New,Subject_pqpnf,"#N/A","#N/A","#N/A","#N/A","#N/A"
85810c0e-8ada-412a-902d-59f568daf7ae,"#N/A","#N/A",false,Web,"#N/A","#N/A",Medium,"#N/A",New,Subject_kpgdz,"#N/A","#N/A","#N/A","#N/A","#N/A"
85837952-c228-4aff-baae-33a993388468,"#N/A","#N/A",false,Web,"#N/A","#N/A",Medium,"#N/A",New,Subject_ivudf,"#N/A","#N/A","#N/A","#N/A","#N/A"
8584f27a-1e1e-49a6-8ebd-99196cee5ead,"#N/A","#N/A",false,Web,"#N/A","#N/A",Medium,"#N/A",New,Subject_xousi,"#N/A","#N/A","#N/A","#N/A","#N/A"
858555ac-9604-4f60-adae-da54232dbc4c,"#N/A","#N/A",false,Web,"#N/A","#N/A",Medium,"#N/A",New,Subject_xxmxa,"#N/A","#N/A","#N/A","#N/A","#N/A"
8588bdf6-5dfb-4495-b490-42e358008e9a,"#N/A","#N/A",false,Web,"#N/A","#N/A",Medium,"#N/A",New,Subject_qngdw,"#N/A","#N/A","#N/A","#N/A","#N/A"
85895695-1fed-48d8-bbaa-9dc07d1c5df6,"#N/A","#N/A",false,Web,"#N/A","#N/A",Medium,"#N/A",New,Subject_mepej,"#N/A","#N/A","#N/A","#N/A","#N/A"
858ad2c7-2c14-4d96-958f-059ec9e87c5c,"#N/A","#N/A",false,Web,"#N/A","#N/A",Medium,"#N/A",New,Subject_vklwr,"#N/A","#N/A","#N/A","#N/A","#N/A"
858b462c-42d1-4c67-a17c-43126efde39a,"#N/A","#N/A",false,Web,"#N/A","#N/A",Medium,"#N/A",New,Subject_licdp,"#N/A","#N/A","#N/A","#N/A","#N/A"
858b68c8-9c45-4fe4-bcdb-b10854f95239,"#N/A","#N/A",false,Web,"#N/A","#N/A",Medium,"#N/A",New,Subject_pqvln,"#N/A","#N/A","#N/A","#N/A","#N/A"
85925e3c-304e-4b3a-be4e-ffd9ad419c68,"#N/A","#N/A",false,Web,"#N/A","#N/A",Medium,"#N/A",New,Subject_hnxhb,"#N/A","#N/A","#N/A","#N/A","#N/A"
85968f60-5324-4e41-a082-5cf63516b6cc,"#N/A","#N/A",false,Web,"#N/A","#N/A",Medium,"#N/A",New,Subject_qdejc,"#N/A","#N/A","#N/A","#N/A","#N/A"
85997a84-b501-485c-9b16-1b2ad6749e89,"#N/A","#N/A",false,Web,"#N/A","#N/A",Medium,"#N/A",New,Subject_derzo,"#N/A","#N/A","#N/A","#N/A","#N/A"
859ae884-e6d6-4a2a-b4b5-503a2b699667,"#N/A","#N/A",false,Web,"#N/A","#N/A",Medium,"#N/A",New,Subject_isnpy,"#N/A","#N/A","#N/A","#N/A","#N/A"
859d8d73-4d70-4192-b668-08d23d999101,"#N/A","#N/A",false,Web,"#N/A","#N/A",Medium,"#N/A",New,Subject_deluh,"#N/A","#N/A","#N/A","#N/A","#N/A"
85a4c3bb-2270-4b4d-8803-b8869a8e280e,"#N/A","#N/A",false,Web,"#N/A","#N/A",Medium,"#N/A",New,Subject_wcmdi,"#N/A","#N/A","#N/A","#N/A","#N/A"
85a604a8-9487-4e64-b012-35ce6c9c27de,"#N/A","#N/A",false,Web,"#N/A","#N/A",Medium,"#N/A",New,Subject_aafzw,"#N/A","#N/A","#N/A","#N/A","#N/A"
85a8e62c-fa3f-4b87-92bf-cbd26df96e2b,"#N/A","#N/A",false,Web,"#N/A","#N/A",Medium,"#N/A",New,Subject_crjzj,"#N/A","#N/A","#N/A","#N/A","#N/A"
85a9421d-f998-498c-9ebf-bc7de51e9536,"#N/A","#N/A",false,Web,"#N/A","#N/A",Medium,"#N/A",New,Subject_uixbm,"#N/A","#N/A","#N/A","#N/A","#N/A"
85a9675b-3dd4-45d6-9c4c-4715c96f8137,"#N/A","#N/A",false,Web,"#N/A","#N/A",Medium,"#N/A",New,Subject_kethe,"#N/A","#N/A","#N/A","#N/A","#N/A"
85ac3940-7cf2-40e2-9651-a85c98af2c97,"#N/A","#N/A",false,Web,"#N/A","#N/A",Medium,"#N/A",New,Subject_cbkbj,"#N/A","#N/A","#N/A","#N/A","#N/A"
85ae5490-58ed-489a-b31f-ee8d08a6ceb6,"#N/A","#N/A",false,Web,"#N/A","#N/A",Medium,"#N/A",New,Subject_nmude,"#N/A","#N/A","#N/A","#N/A","#N/A"
85af49bd-3cf0-44dd-ac9a-bda8f4f5057d,"#N/A","#N/A",false,Web,"#N/A","#N/A",Medium,"#N/A",New,Subject_uzgru,"#N/A","#N/A","#N/A","#N/A","#N/A"
85b14d3f-815f-4162-b37c-2274e7cdbb6e,"#N/A","#N/A",false,Web,"#N/A","#N/A",Medium,"#N/A",New,Subject_zufny,"#N/A","#N/A","#N/A","#N/A","#N/A"
85b3c4d7-848b-471d-84cb-1dde20d2f19d,"#N/A","#N/A",false,Web,"#N/A","#N/A",Medium,"#N/A",New,Subject_rlmie,"#N/A","#N/A","#N/A","#N/A","#N/A"
85b7ab7b-89b2-4af9-b240-f0722e8c4256,"#N/A","#N/A",false,Web,"#N/A","#N/A",Medium,"#N/A",New,Subject_iwggf,"#N/A","#N/A","#N/A","#N/A","#N/A"
85ba8285-5343-4022-a9a8-4a003400d6e4,"#N/A","#N/A",false,Web,"#N/A","#N/A",Medium,"#N/A",New,Subject_yamni,"#N/A","#N/A","#N/A","#N/A","#N/A"
85bbc8a8-8996-4a16-bec3-c6610c01ddda,"#N/A","#N/A",false,Web,"#N/A","#N/A",Medium,"#N/A",New,Subject_doars,"#N/A","#N/A","#N/A","#N/A","#N/A"
85bd89df-070b-46d4-a147-bbe78cf9ad73,"#N/A","#N/A",false,Web,"#N/A","#N/A",Medium,"#N/A",New,Subject_vtlyk,"#N/A","#N/A","#N/A","#N/A","#N/A"
85c0f0ae-3000-4340-b79e-cb9715359009,"#N/A","#N/A",false,Web,"#N/A","#N/A",Medium,"#N/A",New,Subject_lhzgp,"#N/A","#N/A","#N/A","#N/A","#N/A"
85c85154-3281-4955-bfd0-49639fb0432c,"#N/A","#N/A",false,Web,"#N/A","#N/A",Medium,"#N/A",New,Subject_kydlv,"#N/A","#N/A","#N/A","#N/A","#N/A"
85c8d1c0-0a5e-4c2f-ba6c-f5e04ef49b5d,"#N/A","#N/A",false,Web,"#N/A","#N/A",Medium,"#N/A",New,Subject_lwinr,"#N/A","#N/A","#N/A","#N/A","#N/A"
85ca72f9-c86b-4ebd-b3b2-077f6e68aebc,"#N/A","#N/A",false,Web,"#N/A","#N/A",Medium,"#N/A",New,Subject_bwozk,"#N/A","#N/A","#N/A","#N/A","#N/A"
85cb5cff-9326-4d95-aaca-562ec9087c4a,"#N/A","#N/A",false,Web,"#N/A","#N/A",Medium,"#N/A",New,Subject_upvfb,"#N/A","#N/A","#N/A","#N/A","#N/A"
85cc11c1-b4fb-4a0d-8e29-eee85992bc6d,"#N/A","#N/A",false,Web,"#N/A","#N/A",Medium,"#N/A",New,Subject_vdjxu,"#N/A","#N/A","#N/A","#N/A","#N/A"
85cca8e4-1e00-4fb0-8652-54a6c16d3238,"#N/A","#N/A",false,Web,"#N/A","#N/A",Medium,"#N/A",New,Subject_fuerh,"#N/A","#N/A","#N/A","#N/A","#N/A"
85cdc52f-48ab-4fd1-af66-a0ef61e68676,"#N/A","#N/A",false,Web,"#N/A","#N/A",Medium,"#N/A",New,Subject_iamso,"#N/A","#N/A","#N/A","#N/A","#N/A"
85cfaacd-d45c-4c09-800b-b14e96a444da,"#N/A","#N/A",false,Web,"#N/A","#N/A",Medium,"#N/A",New,Subject_frvov,"#N/A","#N/A","#N/A","#N/A","#N/A"
85d43599-3aa2-4b0a-8e24-92b2b469bc6f,"#N/A","#N/A",false,Web,"#N/A","#N/A",Medium,"#N/A",New,Subject_cqwak,"#N/A","#N/A","#N/A","#N/A","#N/A"
85d55c76-2a0b-4f2f-8593-7219e2bf9683,"#N/A","#N/A",false,Web,"#N/A","#N/A",Medium,"#N/A",New,Subject_nbbgs,"#N/A","#N/A","#N/A","#N/A","#N/A"
85d57d5b-5b86-4fc7-87b1-0ea5dcf8a03e,"#N/A","#N/A",false,Web,"#N/A","#N/A",Medium,"#N/A",New,Subject_gedzt,"#N/A","#N/A","#N/A","#N/A","#N/A"
85d854a2-6dc4-4df6-97c2-c7474a747593,"#N/A","#N/A",false,Web,"#N/A","#N/A",Medium,"#N/A",New,Subject_maqij,"#N/A","#N/A","#N/A","#N/A","#N/A"
85d8a5cb-b47c-45cb-9279-af8e468c4401,"#N/A","#N/A",false,Web,"#N/A","#N/A",Medium,"#N/A",New,Subject_dwxhq,"#N/A","#N/A","#N/A","#N/A","#N/A"
85de4fbf-663a-4236-bf1d-4293270e00de,"#N/A","#N/A",false,Web,"#N/A","#N/A",Medium,"#N/A",New,Subject_suvth,"#N/A","#N/A","#N/A","#N/A","#N/A"
85e277ee-19c6-4fc5-927a-9053fc28953c,"#N/A","#N/A",false,Web,"#N/A","#N/A",Medium,"#N/A",New,Subject_ksomy,"#N/A","#N/A","#N/A","#N/A","#N/A"
85e5d729-ab02-4ea6-9acf-1e15fa238123,"#N/A","#N/A",false,Web,"#N/A","#N/A",Medium,"#N/A",New,Subject_vrsln,"#N/A","#N/A","#N/A","#N/A","#N/A"
85ead606-6983-4dab-85ae-b782b8d425a0,"#N/A","#N/A",false,Web,"#N/A","#N/A",Medium,"#N/A",New,Subject_rzecw,"#N/A","#N/A","#N/A","#N/A","#N/A"
85f07eb5-cc1f-4cb4-a4f1-f41a13b6f17d,"#N/A","#N/A",false,Web,"#N/A","#N/A",Medium,"#N/A",New,Subject_unxyj,"#N/A","#N/A","#N/A","#N/A","#N/A"
85f1baf4-0f8c-4e43-b1a4-a08d52c5bcb7,"#N/A","#N/A",false,Web,"#N/A","#N/A",Medium,"#N/A",New,Subject_piylb,"#N/A","#N/A","#N/A","#N/A","#N/A"
85f3001b-19af-4913-aad1-2c72a7358715,"#N/A","#N/A",false,Web,"#N/A","#N/A",Medium,"#N/A",New,Subject_vwgrn,"#N/A","#N/A","#N/A","#N/A","#N/A"
85f7c552-c8d2-434c-aa1f-c4ff99cb7b09,"#N/A","#N/A",false,Web,"#N/A","#N/A",Medium,"#N/A",New,Subject_veuig,"#N/A","#N/A","#N/A","#N/A","#N/A"
85f7fe76-c21f-45c8-9899-5eed6cbbbbe0,"#N/A","#N/A",false,Web,"#N/A","#N/A",Medium,"#N/A",New,Subject_rwdmi,"#N/A","#N/A","#N/A","#N/A","#N/A"
85fa5019-af1d-4c87-9207-9ab40c744836,"#N/A","#N/A",false,Web,"#N/A","#N/A",Medium,"#N/A",New,Subject_ysqfu,"#N/A","#N/A","#N/A","#N/A","#N/A"
85fb78c3-b3c1-4ab5-a20d-a6d0bccc9b76,"#N/A","#N/A",false,Web,"#N/A","#N/A",Medium,"#N/A",New,Subject_ehxuc,"#N/A","#N/A","#N/A","#N/A","#N/A"
85fbcccb-f7e4-4626-9ff7-48fd8885e3fd,"#N/A","#N/A",false,Web,"#N/A","#N/A",Medium,"#N/A",New,Subject_paeyt,"#N/A","#N/A","#N/A","#N/A","#N/A"
85fefbb4-9830-4bdc-a3e1-3bad7174395a,"#N/A","#N/A",false,Web,"#N/A","#N/A",Medium,"#N/A",New,Subject_lbkmj,"#N/A","#N/A","#N/A","#N/A","#N/A"
86038706-5eaa-4188-9dc8-937aa34465c0,"#N/A","#N/A",false,Web,"#N/A","#N/A",Medium,"#N/A",New,Subject_xyqyn,"#N/A","#N/A","#N/A","#N/A","#N/A"
860b2e90-fb71-4862-9eb9-42c3866bff58,"#N/A","#N/A",false,Web,"#N/A","#N/A",Medium,"#N/A",New,Subject_ilbsk,"#N/A","#N/A","#N/A","#N/A","#N/A"
860f5d7b-45b9-4550-a471-40352fd1ab6e,"#N/A","#N/A",false,Web,"#N/A","#N/A",Medium,"#N/A",New,Subject_ieyni,"#N/A","#N/A","#N/A","#N/A","#N/A"
8610268e-1ce2-45ea-8602-08d997c174d2,"#N/A","#N/A",false,Web,"#N/A","#N/A",Medium,"#N/A",New,Subject_lvqlq,"#N/A","#N/A","#N/A","#N/A","#N/A"
8612734e-8d95-4c53-a977-775f681da16e,"#N/A","#N/A",false,Web,"#N/A","#N/A",Medium,"#N/A",New,Subject_tiads,"#N/A","#N/A","#N/A","#N/A","#N/A"
86144ad1-aaf3-4c11-a88f-29fa1eb24ce9,"#N/A","#N/A",false,Web,"#N/A","#N/A",Medium,"#N/A",New,Subject_qgejj,"#N/A","#N/A","#N/A","#N/A","#N/A"
86171a11-0785-4771-a4e0-4f1da02c6e9e,"#N/A","#N/A",false,Web,"#N/A","#N/A",Medium,"#N/A",New,Subject_idpxp,"#N/A","#N/A","#N/A","#N/A","#N/A"
861c26d9-e557-42a3-b1d7-8d365f093a59,"#N/A","#N/A",false,Web,"#N/A","#N/A",Medium,"#N/A",New,Subject_iwrld,"#N/A","#N/A","#N/A","#N/A","#N/A"
861e82ff-4111-4cff-ae3e-ba8e6470f0e3,"#N/A","#N/A",false,Web,"#N/A","#N/A",Medium,"#N/A",New,Subject_aznlr,"#N/A","#N/A","#N/A","#N/A","#N/A"
861f7f0e-92d1-49fb-84f9-194ce2374ba5,"#N/A","#N/A",false,Web,"#N/A","#N/A",Medium,"#N/A",New,Subject_iamso,"#N/A","#N/A","#N/A","#N/A","#N/A"
86238d4b-6ef3-4e5f-a66e-f73e445a99e2,"#N/A","#N/A",false,Web,"#N/A","#N/A",Medium,"#N/A",New,Subject_poesr,"#N/A","#N/A","#N/A","#N/A","#N/A"
862509ad-4016-40bb-8b3e-e30c92b0dd09,"#N/A","#N/A",false,Web,"#N/A","#N/A",Medium,"#N/A",New,Subject_kiohc,"#N/A","#N/A","#N/A","#N/A","#N/A"
862a66c6-f576-49d7-8335-f13928b0e578,"#N/A","#N/A",false,Web,"#N/A","#N/A",Medium,"#N/A",New,Subject_aoqiq,"#N/A","#N/A","#N/A","#N/A","#N/A"
862d2343-7727-42ad-b35b-23c3a9d45909,"#N/A","#N/A",false,Web,"#N/A","#N/A",Medium,"#N/A",New,Subject_hsprb,"#N/A","#N/A","#N/A","#N/A","#N/A"
862dd0af-4cb5-4fe4-90f1-49367d522a71,"#N/A","#N/A",false,Web,"#N/A","#N/A",Medium,"#N/A",New,Subject_pjvrt,"#N/A","#N/A","#N/A","#N/A","#N/A"
863245c9-8541-482c-a433-bbb3e5a829ed,"#N/A","#N/A",false,Web,"#N/A","#N/A",Medium,"#N/A",New,Subject_mpgkx,"#N/A","#N/A","#N/A","#N/A","#N/A"
86352574-1ada-46ae-8174-0871715d6b22,"#N/A","#N/A",false,Web,"#N/A","#N/A",Medium,"#N/A",New,Subject_deagh,"#N/A","#N/A","#N/A","#N/A","#N/A"
86353543-f0de-40c8-8780-854a297a94f8,"#N/A","#N/A",false,Web,"#N/A","#N/A",Medium,"#N/A",New,Subject_raaik,"#N/A","#N/A","#N/A","#N/A","#N/A"
863759d2-2b6f-412b-b885-dcdb1cc0341d,"#N/A","#N/A",false,Web,"#N/A","#N/A",Medium,"#N/A",New,Subject_cwfjf,"#N/A","#N/A","#N/A","#N/A","#N/A"
863955cf-88c6-4b8d-80ad-8875948bc394,"#N/A","#N/A",false,Web,"#N/A","#N/A",Medium,"#N/A",New,Subject_mxwjq,"#N/A","#N/A","#N/A","#N/A","#N/A"
863b41b4-6a22-4dd4-a179-372029f92ddb,"#N/A","#N/A",false,Web,"#N/A","#N/A",Medium,"#N/A",New,Subject_zmtwr,"#N/A","#N/A","#N/A","#N/A","#N/A"
863b5ded-6027-4df8-b1ae-b422536e6151,"#N/A","#N/A",false,Web,"#N/A","#N/A",Medium,"#N/A",New,Subject_txrev,"#N/A","#N/A","#N/A","#N/A","#N/A"
863d50e5-19b7-4988-9c73-7fcc40258bb0,"#N/A","#N/A",false,Web,"#N/A","#N/A",Medium,"#N/A",New,Subject_bbpmj,"#N/A","#N/A","#N/A","#N/A","#N/A"
864069c9-7b05-4ad6-9506-0f10b8c1570d,"#N/A","#N/A",false,Web,"#N/A","#N/A",Medium,"#N/A",New,Subject_rxdzc,"#N/A","#N/A","#N/A","#N/A","#N/A"
8641172c-b1e1-418e-9332-8c7db9812963,"#N/A","#N/A",false,Web,"#N/A","#N/A",Medium,"#N/A",New,Subject_dpdry,"#N/A","#N/A","#N/A","#N/A","#N/A"
864459fb-dcf7-4289-9029-0d5ce06270a2,"#N/A","#N/A",false,Web,"#N/A","#N/A",Medium,"#N/A",New,Subject_ejwtu,"#N/A","#N/A","#N/A","#N/A","#N/A"
864d43ba-1333-4a98-8b9c-8a7f61292fe5,"#N/A","#N/A",false,Web,"#N/A","#N/A",Medium,"#N/A",New,Subject_pjfva,"#N/A","#N/A","#N/A","#N/A","#N/A"
865021cc-63bd-41ac-8295-59e466c32213,"#N/A","#N/A",false,Web,"#N/A","#N/A",Medium,"#N/A",New,Subject_ycmov,"#N/A","#N/A","#N/A","#N/A","#N/A"
86521f8c-1fb1-41e6-898e-7e74681e6dc4,"#N/A","#N/A",false,Web,"#N/A","#N/A",Medium,"#N/A",New,Subject_elaca,"#N/A","#N/A","#N/A","#N/A","#N/A"
86556a10-80d1-4514-a9ca-c1c25e814be5,"#N/A","#N/A",false,Web,"#N/A","#N/A",Medium,"#N/A",New,Subject_zjsak,"#N/A","#N/A","#N/A","#N/A","#N/A"
8655ec34-6fc3-47d8-9872-9394edf7b9eb,"#N/A","#N/A",false,Web,"#N/A","#N/A",Medium,"#N/A",New,Subject_iftwj,"#N/A","#N/A","#N/A","#N/A","#N/A"
8657c06b-8549-4b91-aa73-1ac0f754a860,"#N/A","#N/A",false,Web,"#N/A","#N/A",Medium,"#N/A",New,Subject_aaqqs,"#N/A","#N/A","#N/A","#N/A","#N/A"
8657e9ab-0025-4ab1-8c8c-bae9b2226c84,"#N/A","#N/A",false,Web,"#N/A","#N/A",Medium,"#N/A",New,Subject_varam,"#N/A","#N/A","#N/A","#N/A","#N/A"
8658f00e-1f2f-44be-ba82-cc040151de65,"#N/A","#N/A",false,Web,"#N/A","#N/A",Medium,"#N/A",New,Subject_xxyhb,"#N/A","#N/A","#N/A","#N/A","#N/A"
8659ee80-0477-4f52-a65a-c17b6b1211de,"#N/A","#N/A",false,Web,"#N/A","#N/A",Medium,"#N/A",New,Subject_srwvu,"#N/A","#N/A","#N/A","#N/A","#N/A"
865c56cc-faa6-4167-9931-fdd0b8ab277d,"#N/A","#N/A",false,Web,"#N/A","#N/A",Medium,"#N/A",New,Subject_gzzld,"#N/A","#N/A","#N/A","#N/A","#N/A"
865c8571-8abb-4c17-80b3-8d4cd9847845,"#N/A","#N/A",false,Web,"#N/A","#N/A",Medium,"#N/A",New,Subject_fnbue,"#N/A","#N/A","#N/A","#N/A","#N/A"
865ddd37-bc2c-49e5-84f4-65602829c9df,"#N/A","#N/A",false,Web,"#N/A","#N/A",Medium,"#N/A",New,Subject_xkpcf,"#N/A","#N/A","#N/A","#N/A","#N/A"
8662492e-d3a4-4541-b6e1-f74a19c2fd7b,"#N/A","#N/A",false,Web,"#N/A","#N/A",Medium,"#N/A",New,Subject_djeew,"#N/A","#N/A","#N/A","#N/A","#N/A"
86640c55-f5cf-4632-9cd5-3986ffe7f9dc,"#N/A","#N/A",false,Web,"#N/A","#N/A",Medium,"#N/A",New,Subject_rsght,"#N/A","#N/A","#N/A","#N/A","#N/A"
86642300-5a6f-4b6c-85b4-cf91331ab312,"#N/A","#N/A",false,Web,"#N/A","#N/A",Medium,"#N/A",New,Subject_kgkub,"#N/A","#N/A","#N/A","#N/A","#N/A"
86698d0e-4c01-4dfd-8423-0a9595c2394e,"#N/A","#N/A",false,Web,"#N/A","#N/A",Medium,"#N/A",New,Subject_djoqu,"#N/A","#N/A","#N/A","#N/A","#N/A"
866b4f9c-62ad-419d-84ba-c7b79b6feedf,"#N/A","#N/A",false,Web,"#N/A","#N/A",Medium,"#N/A",New,Subject_biprc,"#N/A","#N/A","#N/A","#N/A","#N/A"
866e43fc-1cbb-4862-abdc-80b9fc2987fd,"#N/A","#N/A",false,Web,"#N/A","#N/A",Medium,"#N/A",New,Subject_ajycg,"#N/A","#N/A","#N/A","#N/A","#N/A"
86715315-b3f4-4737-8625-d8010395d9cb,"#N/A","#N/A",false,Web,"#N/A","#N/A",Medium,"#N/A",New,Subject_bgsru,"#N/A","#N/A","#N/A","#N/A","#N/A"
8671e276-65b9-4d9a-a6c1-41337e063b53,"#N/A","#N/A",false,Web,"#N/A","#N/A",Medium,"#N/A",New,Subject_vuvft,"#N/A","#N/A","#N/A","#N/A","#N/A"
8673f079-523a-4456-9549-18d35ee37fb9,"#N/A","#N/A",false,Web,"#N/A","#N/A",Medium,"#N/A",New,Subject_bwpyn,"#N/A","#N/A","#N/A","#N/A","#N/A"
8675ca11-5309-4556-a7fc-7710fb579b35,"#N/A","#N/A",false,Web,"#N/A","#N/A",Medium,"#N/A",New,Subject_kozpx,"#N/A","#N/A","#N/A","#N/A","#N/A"
86766e1d-4953-4e4a-a368-fead19cfb294,"#N/A","#N/A",false,Web,"#N/A","#N/A",Medium,"#N/A",New,Subject_fdnlj,"#N/A","#N/A","#N/A","#N/A","#N/A"
867727b6-0fbe-4aab-9c8d-b1c355059993,"#N/A","#N/A",false,Web,"#N/A","#N/A",Medium,"#N/A",New,Subject_rvzqv,"#N/A","#N/A","#N/A","#N/A","#N/A"
867deaa8-b365-4471-a236-b54ca6bd044b,"#N/A","#N/A",false,Web,"#N/A","#N/A",Medium,"#N/A",New,Subject_fdulp,"#N/A","#N/A","#N/A","#N/A","#N/A"
86821df4-5384-4766-8064-3e89389100b0,"#N/A","#N/A",false,Web,"#N/A","#N/A",Medium,"#N/A",New,Subject_hbzag,"#N/A","#N/A","#N/A","#N/A","#N/A"
86845da4-b15e-405a-a958-1882e65250e0,"#N/A","#N/A",false,Web,"#N/A","#N/A",Medium,"#N/A",New,Subject_hdvtt,"#N/A","#N/A","#N/A","#N/A","#N/A"
8685b806-29a1-4100-83ac-5fc7f1820db9,"#N/A","#N/A",false,Web,"#N/A","#N/A",Medium,"#N/A",New,Subject_furam,"#N/A","#N/A","#N/A","#N/A","#N/A"
868602d0-332a-4f8b-9dfd-cc6eaf82f381,"#N/A","#N/A",false,Web,"#N/A","#N/A",Medium,"#N/A",New,Subject_moowf,"#N/A","#N/A","#N/A","#N/A","#N/A"
868690c0-c8e7-4127-880d-ddfa8514c993,"#N/A","#N/A",false,Web,"#N/A","#N/A",Medium,"#N/A",New,Subject_xpeqe,"#N/A","#N/A","#N/A","#N/A","#N/A"
868ad92e-21de-4d47-84ab-43438297d659,"#N/A","#N/A",false,Web,"#N/A","#N/A",Medium,"#N/A",New,Subject_ppljj,"#N/A","#N/A","#N/A","#N/A","#N/A"
868e3235-3868-4c18-aead-70aab3a0ce44,"#N/A","#N/A",false,Web,"#N/A","#N/A",Medium,"#N/A",New,Subject_gucip,"#N/A","#N/A","#N/A","#N/A","#N/A"
868e7df3-17d8-4231-9193-2ef9a0f31607,"#N/A","#N/A",false,Web,"#N/A","#N/A",Medium,"#N/A",New,Subject_kcejf,"#N/A","#N/A","#N/A","#N/A","#N/A"
86916025-319c-4b64-98e7-f5eda8cb7bb3,"#N/A","#N/A",false,Web,"#N/A","#N/A",Medium,"#N/A",New,Subject_asjsl,"#N/A","#N/A","#N/A","#N/A","#N/A"
869bc213-af07-4ba8-838a-50d6706ed12d,"#N/A","#N/A",false,Web,"#N/A","#N/A",Medium,"#N/A",New,Subject_rkhrt,"#N/A","#N/A","#N/A","#N/A","#N/A"
869d7e1f-4c5a-4585-9aa6-bfac70ff7b63,"#N/A","#N/A",false,Web,"#N/A","#N/A",Medium,"#N/A",New,Subject_mgygr,"#N/A","#N/A","#N/A","#N/A","#N/A"
869db9e7-cb19-44b1-bf61-d309d35e0c57,"#N/A","#N/A",false,Web,"#N/A","#N/A",Medium,"#N/A",New,Subject_qczsh,"#N/A","#N/A","#N/A","#N/A","#N/A"
869f630d-144d-4e92-ae25-67992c102e82,"#N/A","#N/A",false,Web,"#N/A","#N/A",Medium,"#N/A",New,Subject_odrfc,"#N/A","#N/A","#N/A","#N/A","#N/A"
86a5f7ac-36a2-437d-b048-f3099f400197,"#N/A","#N/A",false,Web,"#N/A","#N/A",Medium,"#N/A",New,Subject_dqftx,"#N/A","#N/A","#N/A","#N/A","#N/A"
86a77924-c5b9-441b-83bf-44561b15d40e,"#N/A","#N/A",false,Web,"#N/A","#N/A",Medium,"#N/A",New,Subject_hslor,"#N/A","#N/A","#N/A","#N/A","#N/A"
86aea16b-4bb0-4090-9ab2-f2805f589fb3,"#N/A","#N/A",false,Web,"#N/A","#N/A",Medium,"#N/A",New,Subject_olrfu,"#N/A","#N/A","#N/A","#N/A","#N/A"
86b449e2-da23-4f73-837a-82079a2a0fa5,"#N/A","#N/A",false,Web,"#N/A","#N/A",Medium,"#N/A",New,Subject_ltkto,"#N/A","#N/A","#N/A","#N/A","#N/A"
86b86ebe-1ad6-406d-b9f2-c7bcc83338f7,"#N/A","#N/A",false,Web,"#N/A","#N/A",Medium,"#N/A",New,Subject_lwdtf,"#N/A","#N/A","#N/A","#N/A","#N/A"
86b9e44e-e96e-4e33-a2dc-9141076f9813,"#N/A","#N/A",false,Web,"#N/A","#N/A",Medium,"#N/A",New,Subject_blrrc,"#N/A","#N/A","#N/A","#N/A","#N/A"
86c20241-c222-46b3-99ed-614323b44a47,"#N/A","#N/A",false,Web,"#N/A","#N/A",Medium,"#N/A",New,Subject_bhbpv,"#N/A","#N/A","#N/A","#N/A","#N/A"
86c3f722-1812-447a-a6cd-99046b34c573,"#N/A","#N/A",false,Web,"#N/A","#N/A",Medium,"#N/A",New,Subject_yhdap,"#N/A","#N/A","#N/A","#N/A","#N/A"
86c5ed3e-9892-4139-a21b-463e63ec311e,"#N/A","#N/A",false,Web,"#N/A","#N/A",Medium,"#N/A",New,Subject_cbmdp,"#N/A","#N/A","#N/A","#N/A","#N/A"
86c67473-1837-4c19-9a29-4c594d72a63e,"#N/A","#N/A",false,Web,"#N/A","#N/A",Medium,"#N/A",New,Subject_wrgyt,"#N/A","#N/A","#N/A","#N/A","#N/A"
86cdc197-00d0-45a4-9956-a7b124931c65,"#N/A","#N/A",false,Web,"#N/A","#N/A",Medium,"#N/A",New,Subject_uwljy,"#N/A","#N/A","#N/A","#N/A","#N/A"
86ced127-4c79-4216-9b6f-d9b0a6dbbae5,"#N/A","#N/A",false,Web,"#N/A","#N/A",Medium,"#N/A",New,Subject_vjgvd,"#N/A","#N/A","#N/A","#N/A","#N/A"
86cf2861-10db-463b-8673-cf092f12c0d9,"#N/A","#N/A",false,Web,"#N/A","#N/A",Medium,"#N/A",New,Subject_gquvx,"#N/A","#N/A","#N/A","#N/A","#N/A"
86d0fec5-f635-41f1-9d5d-37cabd6f417f,"#N/A","#N/A",false,Web,"#N/A","#N/A",Medium,"#N/A",New,Subject_melne,"#N/A","#N/A","#N/A","#N/A","#N/A"
86d1cdb3-51fb-4f8a-b638-126ffb8c0211,"#N/A","#N/A",false,Web,"#N/A","#N/A",Medium,"#N/A",New,Subject_cdqxn,"#N/A","#N/A","#N/A","#N/A","#N/A"
86d21814-580e-4d48-abcc-d7884650782c,"#N/A","#N/A",false,Web,"#N/A","#N/A",Medium,"#N/A",New,Subject_cixvt,"#N/A","#N/A","#N/A","#N/A","#N/A"
86d442bf-db26-4767-98dd-84f32e328fe6,"#N/A","#N/A",false,Web,"#N/A","#N/A",Medium,"#N/A",New,Subject_mgima,"#N/A","#N/A","#N/A","#N/A","#N/A"
86d457ee-b9b3-4ec0-8f20-8767a4214831,"#N/A","#N/A",false,Web,"#N/A","#N/A",Medium,"#N/A",New,Subject_gnple,"#N/A","#N/A","#N/A","#N/A","#N/A"
86d6559d-56c0-4e94-b338-ed80924681a4,"#N/A","#N/A",false,Web,"#N/A","#N/A",Medium,"#N/A",New,Subject_jzhgo,"#N/A","#N/A","#N/A","#N/A","#N/A"
86d65c18-a08e-40bd-ae62-351f1c39f6a3,"#N/A","#N/A",false,Web,"#N/A","#N/A",Medium,"#N/A",New,Subject_zlqhj,"#N/A","#N/A","#N/A","#N/A","#N/A"
86d6f268-29eb-48d2-9314-4c9a05e0b07e,"#N/A","#N/A",false,Web,"#N/A","#N/A",Medium,"#N/A",New,Subject_ibaqk,"#N/A","#N/A","#N/A","#N/A","#N/A"
86d85cd9-6372-4d7c-a48a-e372cb0461f1,"#N/A","#N/A",false,Web,"#N/A","#N/A",Medium,"#N/A",New,Subject_hodww,"#N/A","#N/A","#N/A","#N/A","#N/A"
86dc8214-7f6b-40ea-ae28-a8c7e13266e5,"#N/A","#N/A",false,Web,"#N/A","#N/A",Medium,"#N/A",New,Subject_detah,"#N/A","#N/A","#N/A","#N/A","#N/A"
86deaa0d-4fbd-448a-96cc-d249a866a62b,"#N/A","#N/A",false,Web,"#N/A","#N/A",Medium,"#N/A",New,Subject_eojot,"#N/A","#N/A","#N/A","#N/A","#N/A"
86df34d5-8a4f-4c5d-9ee6-86aeb6c9bd75,"#N/A","#N/A",false,Web,"#N/A","#N/A",Medium,"#N/A",New,Subject_easwr,"#N/A","#N/A","#N/A","#N/A","#N/A"
86e3c6bd-4b09-4635-be8f-24bc8d2d2ba5,"#N/A","#N/A",false,Web,"#N/A","#N/A",Medium,"#N/A",New,Subject_ifcsf,"#N/A","#N/A","#N/A","#N/A","#N/A"
86e57c3a-624a-41b5-8124-87e3a9110a75,"#N/A","#N/A",false,Web,"#N/A","#N/A",Medium,"#N/A",New,Subject_vcuey,"#N/A","#N/A","#N/A","#N/A","#N/A"
86e5f7fb-53dd-4bd5-9483-b8a91bee988b,"#N/A","#N/A",false,Web,"#N/A","#N/A",Medium,"#N/A",New,Subject_usbdc,"#N/A","#N/A","#N/A","#N/A","#N/A"
86e6e18f-0a1a-4ef7-8811-c6cfd24cef40,"#N/A","#N/A",false,Web,"#N/A","#N/A",Medium,"#N/A",New,Subject_phzbh,"#N/A","#N/A","#N/A","#N/A","#N/A"
86e78eb8-dcc0-4b7f-b716-d5853e1766f6,"#N/A","#N/A",false,Web,"#N/A","#N/A",Medium,"#N/A",New,Subject_pyfal,"#N/A","#N/A","#N/A","#N/A","#N/A"
86ee560d-4976-4c42-9de1-af52c40980f9,"#N/A","#N/A",false,Web,"#N/A","#N/A",Medium,"#N/A",New,Subject_vyeyv,"#N/A","#N/A","#N/A","#N/A","#N/A"
86ee7f93-ea62-4946-b372-f5a7e4594eaf,"#N/A","#N/A",false,Web,"#N/A","#N/A",Medium,"#N/A",New,Subject_nsxoy,"#N/A","#N/A","#N/A","#N/A","#N/A"
86f2c025-e31b-4c7d-b027-e4949ee272c6,"#N/A","#N/A",false,Web,"#N/A","#N/A",Medium,"#N/A",New,Subject_ctkpd,"#N/A","#N/A","#N/A","#N/A","#N/A"
86f42a9c-20b3-4473-a0fe-ffbecec366fd,"#N/A","#N/A",false,Web,"#N/A","#N/A",Medium,"#N/A",New,Subject_wvnpi,"#N/A","#N/A","#N/A","#N/A","#N/A"
86f476de-1a98-4101-8215-2e91d9b84dcd,"#N/A","#N/A",false,Web,"#N/A","#N/A",Medium,"#N/A",New,Subject_sojfm,"#N/A","#N/A","#N/A","#N/A","#N/A"
86f49ef7-68a1-4ba8-aeaf-b5765192441f,"#N/A","#N/A",false,Web,"#N/A","#N/A",Medium,"#N/A",New,Subject_veatn,"#N/A","#N/A","#N/A","#N/A","#N/A"
86f7c687-0506-4bab-b02f-a40ef9ccf1f7,"#N/A","#N/A",false,Web,"#N/A","#N/A",Medium,"#N/A",New,Subject_bhqua,"#N/A","#N/A","#N/A","#N/A","#N/A"
86faee69-a247-4f20-9377-73947e157bf7,"#N/A","#N/A",false,Web,"#N/A","#N/A",Medium,"#N/A",New,Subject_kwejo,"#N/A","#N/A","#N/A","#N/A","#N/A"
86fb6253-82c1-4258-b528-5eef589de2b7,"#N/A","#N/A",false,Web,"#N/A","#N/A",Medium,"#N/A",New,Subject_tsboq,"#N/A","#N/A","#N/A","#N/A","#N/A"
87012bc5-229b-430f-bf17-bd0fb7dedbd7,"#N/A","#N/A",false,Web,"#N/A","#N/A",Medium,"#N/A",New,Subject_bexjz,"#N/A","#N/A","#N/A","#N/A","#N/A"
8703650d-7849-4ea2-ba32-1e0f5e74a9b1,"#N/A","#N/A",false,Web,"#N/A","#N/A",Medium,"#N/A",New,Subject_lqmxw,"#N/A","#N/A","#N/A","#N/A","#N/A"
8706cf3e-d24e-4370-b755-9bc6252537ce,"#N/A","#N/A",false,Web,"#N/A","#N/A",Medium,"#N/A",New,Subject_kqjkn,"#N/A","#N/A","#N/A","#N/A","#N/A"
870ae2e9-7771-4666-ba16-4ee786daf40c,"#N/A","#N/A",false,Web,"#N/A","#N/A",Medium,"#N/A",New,Subject_qkatk,"#N/A","#N/A","#N/A","#N/A","#N/A"
870e0391-a487-4aca-bd01-1a448e8c9ab8,"#N/A","#N/A",false,Web,"#N/A","#N/A",Medium,"#N/A",New,Subject_pvhzd,"#N/A","#N/A","#N/A","#N/A","#N/A"
8710ac0e-45a0-4048-9bc8-66138750e1ab,"#N/A","#N/A",false,Web,"#N/A","#N/A",Medium,"#N/A",New,Subject_tgupp,"#N/A","#N/A","#N/A","#N/A","#N/A"
871351b3-1449-4078-a078-2d7306a9eac9,"#N/A","#N/A",false,Web,"#N/A","#N/A",Medium,"#N/A",New,Subject_didlc,"#N/A","#N/A","#N/A","#N/A","#N/A"
8714e799-8ea1-4463-8d60-634be6986d4e,"#N/A","#N/A",false,Web,"#N/A","#N/A",Medium,"#N/A",New,Subject_pkaux,"#N/A","#N/A","#N/A","#N/A","#N/A"
8715a282-4ee8-45b2-9944-404f292c9580,"#N/A","#N/A",false,Web,"#N/A","#N/A",Medium,"#N/A",New,Subject_opgxo,"#N/A","#N/A","#N/A","#N/A","#N/A"
871beef5-b12a-4d24-a964-a30d3cce759c,"#N/A","#N/A",false,Web,"#N/A","#N/A",Medium,"#N/A",New,Subject_ysyst,"#N/A","#N/A","#N/A","#N/A","#N/A"
871c9248-5d3c-4d0a-a308-b373aced47c2,"#N/A","#N/A",false,Web,"#N/A","#N/A",Medium,"#N/A",New,Subject_gsfmf,"#N/A","#N/A","#N/A","#N/A","#N/A"
871da88c-3802-4abb-aeb7-feac8b03d99d,"#N/A","#N/A",false,Web,"#N/A","#N/A",Medium,"#N/A",New,Subject_lyuyq,"#N/A","#N/A","#N/A","#N/A","#N/A"
871df2e2-b31f-435c-8fa5-77bf26206f88,"#N/A","#N/A",false,Web,"#N/A","#N/A",Medium,"#N/A",New,Subject_zeacl,"#N/A","#N/A","#N/A","#N/A","#N/A"
871e071c-7c9b-4680-93fc-61344c7f8afc,"#N/A","#N/A",false,Web,"#N/A","#N/A",Medium,"#N/A",New,Subject_iyvhi,"#N/A","#N/A","#N/A","#N/A","#N/A"
871e29dd-5aa0-4d06-9933-b8430ae4184f,"#N/A","#N/A",false,Web,"#N/A","#N/A",Medium,"#N/A",New,Subject_ajmhm,"#N/A","#N/A","#N/A","#N/A","#N/A"
8720d4a8-5e32-49ac-95df-af762dba45a0,"#N/A","#N/A",false,Web,"#N/A","#N/A",Medium,"#N/A",New,Subject_bbowq,"#N/A","#N/A","#N/A","#N/A","#N/A"
8729fea3-d54c-4625-b162-7f942d229e59,"#N/A","#N/A",false,Web,"#N/A","#N/A",Medium,"#N/A",New,Subject_czqmg,"#N/A","#N/A","#N/A","#N/A","#N/A"
872c0940-c9b0-42b8-ae4c-8c5e225e62be,"#N/A","#N/A",false,Web,"#N/A","#N/A",Medium,"#N/A",New,Subject_noecv,"#N/A","#N/A","#N/A","#N/A","#N/A"
872cb621-113c-40fb-aa38-6a31ce4fed91,"#N/A","#N/A",false,Web,"#N/A","#N/A",Medium,"#N/A",New,Subject_qzpsa,"#N/A","#N/A","#N/A","#N/A","#N/A"
87313031-7212-440a-a165-6725400fecbe,"#N/A","#N/A",false,Web,"#N/A","#N/A",Medium,"#N/A",New,Subject_xzdpu,"#N/A","#N/A","#N/A","#N/A","#N/A"
87344cd1-3c5e-4646-9a7d-188e83bf78a1,"#N/A","#N/A",false,Web,"#N/A","#N/A",Medium,"#N/A",New,Subject_zhowa,"#N/A","#N/A","#N/A","#N/A","#N/A"
8735d00c-0215-4d14-aaf1-d4d0461866ab,"#N/A","#N/A",false,Web,"#N/A","#N/A",Medium,"#N/A",New,Subject_umzee,"#N/A","#N/A","#N/A","#N/A","#N/A"
8736a5cb-498a-467c-84ce-204045013dce,"#N/A","#N/A",false,Web,"#N/A","#N/A",Medium,"#N/A",New,Subject_bugld,"#N/A","#N/A","#N/A","#N/A","#N/A"
87373dea-4739-48b7-aa4e-ee555b3d3e80,"#N/A","#N/A",false,Web,"#N/A","#N/A",Medium,"#N/A",New,Subject_ordfq,"#N/A","#N/A","#N/A","#N/A","#N/A"
8738ce70-baca-475e-beeb-99a3b008843f,"#N/A","#N/A",false,Web,"#N/A","#N/A",Medium,"#N/A",New,Subject_kbntl,"#N/A","#N/A","#N/A","#N/A","#N/A"
873ac2c9-cf0e-478e-8717-952d194d3620,"#N/A","#N/A",false,Web,"#N/A","#N/A",Medium,"#N/A",New,Subject_ntojk,"#N/A","#N/A","#N/A","#N/A","#N/A"
873df7fc-22a7-4222-8c0a-faff368ebc0d,"#N/A","#N/A",false,Web,"#N/A","#N/A",Medium,"#N/A",New,Subject_ygfto,"#N/A","#N/A","#N/A","#N/A","#N/A"
873f5fe8-3b16-47a8-bcd7-56b7c966f5ec,"#N/A","#N/A",false,Web,"#N/A","#N/A",Medium,"#N/A",New,Subject_ylkai,"#N/A","#N/A","#N/A","#N/A","#N/A"
87401bc4-6467-4d47-9886-651b5c78ee8f,"#N/A","#N/A",false,Web,"#N/A","#N/A",Medium,"#N/A",New,Subject_qdbty,"#N/A","#N/A","#N/A","#N/A","#N/A"
87409da4-dd4c-4a13-93fe-44cd916cf3ef,"#N/A","#N/A",false,Web,"#N/A","#N/A",Medium,"#N/A",New,Subject_suxfz,"#N/A","#N/A","#N/A","#N/A","#N/A"
874d486c-2ee9-4f20-a873-859c51c1e9cd,"#N/A","#N/A",false,Web,"#N/A","#N/A",Medium,"#N/A",New,Subject_ngpmo,"#N/A","#N/A","#N/A","#N/A","#N/A"
874df826-a1dc-4659-bd76-df1f5c153ed9,"#N/A","#N/A",false,Web,"#N/A","#N/A",Medium,"#N/A",New,Subject_ugbka,"#N/A","#N/A","#N/A","#N/A","#N/A"
874e6456-013b-4030-91d2-d17768837984,"#N/A","#N/A",false,Web,"#N/A","#N/A",Medium,"#N/A",New,Subject_pwlsc,"#N/A","#N/A","#N/A","#N/A","#N/A"
87507424-1f7d-40a8-af1f-345844b45709,"#N/A","#N/A",false,Web,"#N/A","#N/A",Medium,"#N/A",New,Subject_vwwaw,"#N/A","#N/A","#N/A","#N/A","#N/A"
8750d275-8fb5-40dc-b29f-e7857f7be701,"#N/A","#N/A",false,Web,"#N/A","#N/A",Medium,"#N/A",New,Subject_wdumg,"#N/A","#N/A","#N/A","#N/A","#N/A"
8755b0c2-1901-4a85-9d26-b1ec5f3f5fa7,"#N/A","#N/A",false,Web,"#N/A","#N/A",Medium,"#N/A",New,Subject_vknau,"#N/A","#N/A","#N/A","#N/A","#N/A"
87566cef-2774-4f27-8599-85d788d35451,"#N/A","#N/A",false,Web,"#N/A","#N/A",Medium,"#N/A",New,Subject_welho,"#N/A","#N/A","#N/A","#N/A","#N/A"
875812bd-38a7-422c-8937-123695f9da40,"#N/A","#N/A",false,Web,"#N/A","#N/A",Medium,"#N/A",New,Subject_hfwbl,"#N/A","#N/A","#N/A","#N/A","#N/A"
87599098-738b-4e53-96b2-01dfc6adc9dc,"#N/A","#N/A",false,Web,"#N/A","#N/A",Medium,"#N/A",New,Subject_bqyty,"#N/A","#N/A","#N/A","#N/A","#N/A"
875c243e-9632-4bec-b6ff-b972bef695a1,"#N/A","#N/A",false,Web,"#N/A","#N/A",Medium,"#N/A",New,Subject_hxxyz,"#N/A","#N/A","#N/A","#N/A","#N/A"
87628893-f86e-441f-9247-dc9b8ed90a54,"#N/A","#N/A",false,Web,"#N/A","#N/A",Medium,"#N/A",New,Subject_iddeb,"#N/A","#N/A","#N/A","#N/A","#N/A"
8763225e-db4f-42cd-a9be-641127715065,"#N/A","#N/A",false,Web,"#N/A","#N/A",Medium,"#N/A",New,Subject_kgkub,"#N/A","#N/A","#N/A","#N/A","#N/A"
87647819-3d51-4bf1-914a-38b3b67b8f65,"#N/A","#N/A",false,Web,"#N/A","#N/A",Medium,"#N/A",New,Subject_riear,"#N/A","#N/A","#N/A","#N/A","#N/A"
8766bbb2-8ed5-4b27-a857-c4f757bcd328,"#N/A","#N/A",false,Web,"#N/A","#N/A",Medium,"#N/A",New,Subject_tiuhi,"#N/A","#N/A","#N/A","#N/A","#N/A"
8767f7e7-c69f-453f-89a6-b2f85ddcfa52,"#N/A","#N/A",false,Web,"#N/A","#N/A",Medium,"#N/A",New,Subject_veqfd,"#N/A","#N/A","#N/A","#N/A","#N/A"
87686989-0996-4c3c-bd42-e7ce353783cc,"#N/A","#N/A",false,Web,"#N/A","#N/A",Medium,"#N/A",New,Subject_hafzh,"#N/A","#N/A","#N/A","#N/A","#N/A"
876a917c-189e-4369-ace3-443bbcf20dd5,"#N/A","#N/A",false,Web,"#N/A","#N/A",Medium,"#N/A",New,Subject_uhgnb,"#N/A","#N/A","#N/A","#N/A","#N/A"
877004fb-4b59-48da-a906-72af684332ef,"#N/A","#N/A",false,Web,"#N/A","#N/A",Medium,"#N/A",New,Subject_cdgig,"#N/A","#N/A","#N/A","#N/A","#N/A"
877683b6-1180-4889-aae6-942ea2806ecd,"#N/A","#N/A",false,Web,"#N/A","#N/A",Medium,"#N/A",New,Subject_zikyv,"#N/A","#N/A","#N/A","#N/A","#N/A"
87779e85-7aa6-4a2b-aa73-c7a017c8fc37,"#N/A","#N/A",false,Web,"#N/A","#N/A",Medium,"#N/A",New,Subject_mfqxe,"#N/A","#N/A","#N/A","#N/A","#N/A"
877c46cc-bb4d-4ba0-a51e-03dd8df75ae8,"#N/A","#N/A",false,Web,"#N/A","#N/A",Medium,"#N/A",New,Subject_qxvun,"#N/A","#N/A","#N/A","#N/A","#N/A"
878026e2-7ae2-4687-b666-7d573a8bb329,"#N/A","#N/A",false,Web,"#N/A","#N/A",Medium,"#N/A",New,Subject_wyits,"#N/A","#N/A","#N/A","#N/A","#N/A"
87807af1-0525-41c3-a9ef-51b8db6df84c,"#N/A","#N/A",false,Web,"#N/A","#N/A",Medium,"#N/A",New,Subject_dpqhq,"#N/A","#N/A","#N/A","#N/A","#N/A"
87825ab4-9635-4876-af35-acc2bb6cf7f7,"#N/A","#N/A",false,Web,"#N/A","#N/A",Medium,"#N/A",New,Subject_lliqu,"#N/A","#N/A","#N/A","#N/A","#N/A"
878617f9-95f7-412a-a2b9-65ceb26f8c08,"#N/A","#N/A",false,Web,"#N/A","#N/A",Medium,"#N/A",New,Subject_nbexe,"#N/A","#N/A","#N/A","#N/A","#N/A"
8786316c-9948-4fcc-8fd0-983785ee940d,"#N/A","#N/A",false,Web,"#N/A","#N/A",Medium,"#N/A",New,Subject_hoyqr,"#N/A","#N/A","#N/A","#N/A","#N/A"
87873610-fe01-4491-b34f-ad8a3e748512,"#N/A","#N/A",false,Web,"#N/A","#N/A",Medium,"#N/A",New,Subject_ejipc,"#N/A","#N/A","#N/A","#N/A","#N/A"
87893ce8-be41-4015-a175-3bf367227a3b,"#N/A","#N/A",false,Web,"#N/A","#N/A",Medium,"#N/A",New,Subject_jsbmn,"#N/A","#N/A","#N/A","#N/A","#N/A"
878d2e37-d637-457e-83da-6473a2c0eef3,"#N/A","#N/A",false,Web,"#N/A","#N/A",Medium,"#N/A",New,Subject_wpljm,"#N/A","#N/A","#N/A","#N/A","#N/A"
87900c5e-dd92-4f2d-8ff0-a0e3fb40b80e,"#N/A","#N/A",false,Web,"#N/A","#N/A",Medium,"#N/A",New,Subject_ypypl,"#N/A","#N/A","#N/A","#N/A","#N/A"
87954332-7bd2-4d31-92a6-40335a8ec324,"#N/A","#N/A",false,Web,"#N/A","#N/A",Medium,"#N/A",New,Subject_zbtwx,"#N/A","#N/A","#N/A","#N/A","#N/A"
879592ff-3722-473d-85e9-dfdf392c2c67,"#N/A","#N/A",false,Web,"#N/A","#N/A",Medium,"#N/A",New,Subject_woggr,"#N/A","#N/A","#N/A","#N/A","#N/A"
87999a5c-173a-4a0b-b264-ff1bb0e524eb,"#N/A","#N/A",false,Web,"#N/A","#N/A",Medium,"#N/A",New,Subject_mhkjo,"#N/A","#N/A","#N/A","#N/A","#N/A"
879c0dab-1c59-4e79-b59f-af3c3b68fa5a,"#N/A","#N/A",false,Web,"#N/A","#N/A",Medium,"#N/A",New,Subject_bsfaz,"#N/A","#N/A","#N/A","#N/A","#N/A"
879db690-1d0b-44ee-b783-15e17b6efa3b,"#N/A","#N/A",false,Web,"#N/A","#N/A",Medium,"#N/A",New,Subject_ansyt,"#N/A","#N/A","#N/A","#N/A","#N/A"
87a0d878-12e7-487b-8a51-9c58aff555ad,"#N/A","#N/A",false,Web,"#N/A","#N/A",Medium,"#N/A",New,Subject_ithyw,"#N/A","#N/A","#N/A","#N/A","#N/A"
87a1e9d8-390f-4192-93d5-8d9bc372d250,"#N/A","#N/A",false,Web,"#N/A","#N/A",Medium,"#N/A",New,Subject_mpegp,"#N/A","#N/A","#N/A","#N/A","#N/A"
87a4e024-cee4-4596-bee7-44aadcaa6617,"#N/A","#N/A",false,Web,"#N/A","#N/A",Medium,"#N/A",New,Subject_emvuh,"#N/A","#N/A","#N/A","#N/A","#N/A"
87a8bb31-a3d9-4583-b60c-ebafc01d0af7,"#N/A","#N/A",false,Web,"#N/A","#N/A",Medium,"#N/A",New,Subject_suwot,"#N/A","#N/A","#N/A","#N/A","#N/A"
87aa6665-ceab-4707-81fb-904ba66221e7,"#N/A","#N/A",false,Web,"#N/A","#N/A",Medium,"#N/A",New,Subject_bjjrd,"#N/A","#N/A","#N/A","#N/A","#N/A"
87afb04c-34a6-4264-901a-657603173f27,"#N/A","#N/A",false,Web,"#N/A","#N/A",Medium,"#N/A",New,Subject_ovfue,"#N/A","#N/A","#N/A","#N/A","#N/A"
87b26a2c-2497-46f5-bd88-a448ed9ef3e9,"#N/A","#N/A",false,Web,"#N/A","#N/A",Medium,"#N/A",New,Subject_uxcgi,"#N/A","#N/A","#N/A","#N/A","#N/A"
87be190c-e375-43a0-97e7-48b6388689b8,"#N/A","#N/A",false,Web,"#N/A","#N/A",Medium,"#N/A",New,Subject_wcmbh,"#N/A","#N/A","#N/A","#N/A","#N/A"
87c0436a-71b6-4883-a70c-79af0884b032,"#N/A","#N/A",false,Web,"#N/A","#N/A",Medium,"#N/A",New,Subject_kignz,"#N/A","#N/A","#N/A","#N/A","#N/A"
87c4d971-4612-4be2-a7c6-488cffef2f21,"#N/A","#N/A",false,Web,"#N/A","#N/A",Medium,"#N/A",New,Subject_vltux,"#N/A","#N/A","#N/A","#N/A","#N/A"
87cb0e7d-d273-4d8f-b76c-0b919c6c58c2,"#N/A","#N/A",false,Web,"#N/A","#N/A",Medium,"#N/A",New,Subject_okjhg,"#N/A","#N/A","#N/A","#N/A","#N/A"
87cdc9cd-37da-43da-8195-3d2e71c6db68,"#N/A","#N/A",false,Web,"#N/A","#N/A",Medium,"#N/A",New,Subject_trylz,"#N/A","#N/A","#N/A","#N/A","#N/A"
87ce3957-a7b3-4b9b-a882-a1f7f91f02e8,"#N/A","#N/A",false,Web,"#N/A","#N/A",Medium,"#N/A",New,Subject_dnzii,"#N/A","#N/A","#N/A","#N/A","#N/A"
87d5c468-5e1b-4130-ada0-c7a5e4820594,"#N/A","#N/A",false,Web,"#N/A","#N/A",Medium,"#N/A",New,Subject_ianne,"#N/A","#N/A","#N/A","#N/A","#N/A"
87d92b36-995c-4b6f-a83e-e83d728975fe,"#N/A","#N/A",false,Web,"#N/A","#N/A",Medium,"#N/A",New,Subject_xcdsu,"#N/A","#N/A","#N/A","#N/A","#N/A"
87dbabb1-0c2b-4ade-9bbc-c7813252cf47,"#N/A","#N/A",false,Web,"#N/A","#N/A",Medium,"#N/A",New,Subject_qhjwa,"#N/A","#N/A","#N/A","#N/A","#N/A"
87dbfbef-1847-4218-9be6-6ccb04fe2a33,"#N/A","#N/A",false,Web,"#N/A","#N/A",Medium,"#N/A",New,Subject_cfjrs,"#N/A","#N/A","#N/A","#N/A","#N/A"
87df5b2f-67ed-4318-80b4-b7fa1b2c5c7d,"#N/A","#N/A",false,Web,"#N/A","#N/A",Medium,"#N/A",New,Subject_kdgqq,"#N/A","#N/A","#N/A","#N/A","#N/A"
87e23929-b681-4e30-aed0-2109d607b034,"#N/A","#N/A",false,Web,"#N/A","#N/A",Medium,"#N/A",New,Subject_ccdlb,"#N/A","#N/A","#N/A","#N/A","#N/A"
87e6b0a8-cfa6-4eee-8e47-3244d8660700,"#N/A","#N/A",false,Web,"#N/A","#N/A",Medium,"#N/A",New,Subject_bmgvy,"#N/A","#N/A","#N/A","#N/A","#N/A"
87e7caab-5194-4626-b17d-1b67a0d41c0a,"#N/A","#N/A",false,Web,"#N/A","#N/A",Medium,"#N/A",New,Subject_ngkwu,"#N/A","#N/A","#N/A","#N/A","#N/A"
87f2d1ab-2bd4-4761-b975-328cc3270ba5,"#N/A","#N/A",false,Web,"#N/A","#N/A",Medium,"#N/A",New,Subject_vgsct,"#N/A","#N/A","#N/A","#N/A","#N/A"
87f2e0ec-ee20-4f47-a60d-7830eecd479d,"#N/A","#N/A",false,Web,"#N/A","#N/A",Medium,"#N/A",New,Subject_szhrt,"#N/A","#N/A","#N/A","#N/A","#N/A"
87f4bb7a-9d33-49c3-aef6-a80293f76ae8,"#N/A","#N/A",false,Web,"#N/A","#N/A",Medium,"#N/A",New,Subject_ktvuf,"#N/A","#N/A","#N/A","#N/A","#N/A"
87f75a0d-713d-436c-9a40-c99942a0195f,"#N/A","#N/A",false,Web,"#N/A","#N/A",Medium,"#N/A",New,Subject_kphwj,"#N/A","#N/A","#N/A","#N/A","#N/A"
87fd0fa3-224b-41b2-97af-997cc6d66d74,"#N/A","#N/A",false,Web,"#N/A","#N/A",Medium,"#N/A",New,Subject_okwui,"#N/A","#N/A","#N/A","#N/A","#N/A"
87fd8bc3-de17-4606-834a-b8d681223b01,"#N/A","#N/A",false,Web,"#N/A","#N/A",Medium,"#N/A",New,Subject_zezov,"#N/A","#N/A","#N/A","#N/A","#N/A"
8801f099-52c4-4924-8068-dad5f00bd5ea,"#N/A","#N/A",false,Web,"#N/A","#N/A",Medium,"#N/A",New,Subject_xqfyl,"#N/A","#N/A","#N/A","#N/A","#N/A"
8802287c-7aaf-4709-b184-82ade1cf9313,"#N/A","#N/A",false,Web,"#N/A","#N/A",Medium,"#N/A",New,Subject_wddnk,"#N/A","#N/A","#N/A","#N/A","#N/A"
8803abe6-5669-403d-8e15-31c35acf710e,"#N/A","#N/A",false,Web,"#N/A","#N/A",Medium,"#N/A",New,Subject_jusap,"#N/A","#N/A","#N/A","#N/A","#N/A"
88052cca-1c05-4db0-9856-079459de9387,"#N/A","#N/A",false,Web,"#N/A","#N/A",Medium,"#N/A",New,Subject_rnpyy,"#N/A","#N/A","#N/A","#N/A","#N/A"
8805b4ec-7b27-427a-a320-9f802eaa8c07,"#N/A","#N/A",false,Web,"#N/A","#N/A",Medium,"#N/A",New,Subject_fazzs,"#N/A","#N/A","#N/A","#N/A","#N/A"
88074697-0b29-4877-a176-e517cbd77050,"#N/A","#N/A",false,Web,"#N/A","#N/A",Medium,"#N/A",New,Subject_pvhzd,"#N/A","#N/A","#N/A","#N/A","#N/A"
8809bf10-7506-4a77-b0b7-72f4f83897f4,"#N/A","#N/A",false,Web,"#N/A","#N/A",Medium,"#N/A",New,Subject_iuimx,"#N/A","#N/A","#N/A","#N/A","#N/A"
8809f302-2c35-4acc-87b9-fe2f6062de47,"#N/A","#N/A",false,Web,"#N/A","#N/A",Medium,"#N/A",New,Subject_cecoo,"#N/A","#N/A","#N/A","#N/A","#N/A"
8811cc55-ab3c-462a-91ed-20b0f6216670,"#N/A","#N/A",false,Web,"#N/A","#N/A",Medium,"#N/A",New,Subject_zsmkr,"#N/A","#N/A","#N/A","#N/A","#N/A"
8819d41b-1925-4867-a52f-3b0dd1120425,"#N/A","#N/A",false,Web,"#N/A","#N/A",Medium,"#N/A",New,Subject_pypws,"#N/A","#N/A","#N/A","#N/A","#N/A"
881a0f23-e1a0-4b1f-8b86-03a3dff6db88,"#N/A","#N/A",false,Web,"#N/A","#N/A",Medium,"#N/A",New,Subject_tkcih,"#N/A","#N/A","#N/A","#N/A","#N/A"
881c8ebd-14c2-4683-88f9-337110fc6859,"#N/A","#N/A",false,Web,"#N/A","#N/A",Medium,"#N/A",New,Subject_hprhv,"#N/A","#N/A","#N/A","#N/A","#N/A"
881ecf6d-f53b-44b1-926c-df18b5963dd1,"#N/A","#N/A",false,Web,"#N/A","#N/A",Medium,"#N/A",New,Subject_oqqab,"#N/A","#N/A","#N/A","#N/A","#N/A"
881f10ea-07f7-453a-8b2f-cc6896dfc020,"#N/A","#N/A",false,Web,"#N/A","#N/A",Medium,"#N/A",New,Subject_ydvtu,"#N/A","#N/A","#N/A","#N/A","#N/A"
88253521-60b8-4ab6-8277-b0d1e896820e,"#N/A","#N/A",false,Web,"#N/A","#N/A",Medium,"#N/A",New,Subject_pehfk,"#N/A","#N/A","#N/A","#N/A","#N/A"
8828f585-8797-4b78-a181-28b62ebc94c5,"#N/A","#N/A",false,Web,"#N/A","#N/A",Medium,"#N/A",New,Subject_nkmrh,"#N/A","#N/A","#N/A","#N/A","#N/A"
8829448a-8837-4a3f-81e5-96940e11fb89,"#N/A","#N/A",false,Web,"#N/A","#N/A",Medium,"#N/A",New,Subject_jhuik,"#N/A","#N/A","#N/A","#N/A","#N/A"
88310e6f-c500-4ba7-a7e5-649521f16a62,"#N/A","#N/A",false,Web,"#N/A","#N/A",Medium,"#N/A",New,Subject_ooxxn,"#N/A","#N/A","#N/A","#N/A","#N/A"
88362ab0-a861-435f-aced-0ca7e7ed79e6,"#N/A","#N/A",false,Web,"#N/A","#N/A",Medium,"#N/A",New,Subject_txygg,"#N/A","#N/A","#N/A","#N/A","#N/A"
883f4dea-14a4-4afe-b34a-d1b17779f2a8,"#N/A","#N/A",false,Web,"#N/A","#N/A",Medium,"#N/A",New,Subject_pyjfe,"#N/A","#N/A","#N/A","#N/A","#N/A"
883f874e-da29-4be4-b9c0-2c796a68e534,"#N/A","#N/A",false,Web,"#N/A","#N/A",Medium,"#N/A",New,Subject_xnuqo,"#N/A","#N/A","#N/A","#N/A","#N/A"
883fdaee-8bd8-4d67-8333-44d38e18d869,"#N/A","#N/A",false,Web,"#N/A","#N/A",Medium,"#N/A",New,Subject_crhog,"#N/A","#N/A","#N/A","#N/A","#N/A"
8846069b-4aeb-4b1b-983d-ac38224e0419,"#N/A","#N/A",false,Web,"#N/A","#N/A",Medium,"#N/A",New,Subject_sxshj,"#N/A","#N/A","#N/A","#N/A","#N/A"
884ac6cf-99c7-492d-897a-fc9b36b495de,"#N/A","#N/A",false,Web,"#N/A","#N/A",Medium,"#N/A",New,Subject_gqgcc,"#N/A","#N/A","#N/A","#N/A","#N/A"
884ec7a0-bb4a-4113-be76-8f7acabcdc1c,"#N/A","#N/A",false,Web,"#N/A","#N/A",Medium,"#N/A",New,Subject_llcho,"#N/A","#N/A","#N/A","#N/A","#N/A"
88549441-0cf9-4807-b849-3be72fa767f1,"#N/A","#N/A",false,Web,"#N/A","#N/A",Medium,"#N/A",New,Subject_frcfo,"#N/A","#N/A","#N/A","#N/A","#N/A"
8855ce76-3a8b-4bee-a297-2c7539850176,"#N/A","#N/A",false,Web,"#N/A","#N/A",Medium,"#N/A",New,Subject_kjtfs,"#N/A","#N/A","#N/A","#N/A","#N/A"
88582a45-26f9-4ed3-bc27-9ab078f6c8ae,"#N/A","#N/A",false,Web,"#N/A","#N/A",Medium,"#N/A",New,Subject_lmnpv,"#N/A","#N/A","#N/A","#N/A","#N/A"
885b4ef4-0a03-4c57-89f2-8a4b88ac9d49,"#N/A","#N/A",false,Web,"#N/A","#N/A",Medium,"#N/A",New,Subject_cbavi,"#N/A","#N/A","#N/A","#N/A","#N/A"
885cdb9f-e97c-43d9-ae8c-41c0bb4a1669,"#N/A","#N/A",false,Web,"#N/A","#N/A",Medium,"#N/A",New,Subject_dgtdg,"#N/A","#N/A","#N/A","#N/A","#N/A"
885d0d90-124b-4beb-995b-a8d4eb16cb12,"#N/A","#N/A",false,Web,"#N/A","#N/A",Medium,"#N/A",New,Subject_tkbmt,"#N/A","#N/A","#N/A","#N/A","#N/A"
885da9a9-e99e-44ed-9964-4f5ba408edcb,"#N/A","#N/A",false,Web,"#N/A","#N/A",Medium,"#N/A",New,Subject_rxhqi,"#N/A","#N/A","#N/A","#N/A","#N/A"
885e15ee-58a3-45d6-af76-86797e8fcb0b,"#N/A","#N/A",false,Web,"#N/A","#N/A",Medium,"#N/A",New,Subject_vvehh,"#N/A","#N/A","#N/A","#N/A","#N/A"
8860ee8e-381b-46df-ac4e-b48f453ae34f,"#N/A","#N/A",false,Web,"#N/A","#N/A",Medium,"#N/A",New,Subject_cjebj,"#N/A","#N/A","#N/A","#N/A","#N/A"
8862f1af-736f-458f-afe4-08e30108b869,"#N/A","#N/A",false,Web,"#N/A","#N/A",Medium,"#N/A",New,Subject_qjbhe,"#N/A","#N/A","#N/A","#N/A","#N/A"
88633531-876b-4f62-b367-4e6d4e94e700,"#N/A","#N/A",false,Web,"#N/A","#N/A",Medium,"#N/A",New,Subject_vcwqm,"#N/A","#N/A","#N/A","#N/A","#N/A"
88663e99-a90b-4ad4-9247-54f7735a311f,"#N/A","#N/A",false,Web,"#N/A","#N/A",Medium,"#N/A",New,Subject_toeex,"#N/A","#N/A","#N/A","#N/A","#N/A"
886d1cdc-2126-4f61-a9f2-6e3b087a0727,"#N/A","#N/A",false,Web,"#N/A","#N/A",Medium,"#N/A",New,Subject_lamzn,"#N/A","#N/A","#N/A","#N/A","#N/A"
88762939-8752-4fc1-8e10-6d4f283b1262,"#N/A","#N/A",false,Web,"#N/A","#N/A",Medium,"#N/A",New,Subject_avrqb,"#N/A","#N/A","#N/A","#N/A","#N/A"
88777f40-ba3a-409d-861b-2f9c0ae24bc4,"#N/A","#N/A",false,Web,"#N/A","#N/A",Medium,"#N/A",New,Subject_ktlxe,"#N/A","#N/A","#N/A","#N/A","#N/A"
8887cfcf-0d7c-4342-bdc5-3faf7d162adc,"#N/A","#N/A",false,Web,"#N/A","#N/A",Medium,"#N/A",New,Subject_isqlc,"#N/A","#N/A","#N/A","#N/A","#N/A"
888c2089-b280-4a2f-920d-e96230de05e1,"#N/A","#N/A",false,Web,"#N/A","#N/A",Medium,"#N/A",New,Subject_hcbfp,"#N/A","#N/A","#N/A","#N/A","#N/A"
888cd41b-36ff-4f65-a039-007675af2018,"#N/A","#N/A",false,Web,"#N/A","#N/A",Medium,"#N/A",New,Subject_enedr,"#N/A","#N/A","#N/A","#N/A","#N/A"
888f0ab1-dd67-4cee-9572-c9faaf0764b9,"#N/A","#N/A",false,Web,"#N/A","#N/A",Medium,"#N/A",New,Subject_htcnz,"#N/A","#N/A","#N/A","#N/A","#N/A"
88922510-114c-4e3c-87b4-d70e0dcf8015,"#N/A","#N/A",false,Web,"#N/A","#N/A",Medium,"#N/A",New,Subject_sgbpd,"#N/A","#N/A","#N/A","#N/A","#N/A"
889285c3-87b3-4387-9f55-492aae0615d5,"#N/A","#N/A",false,Web,"#N/A","#N/A",Medium,"#N/A",New,Subject_pdksc,"#N/A","#N/A","#N/A","#N/A","#N/A"
88961863-a837-45fd-b6fc-01771e331827,"#N/A","#N/A",false,Web,"#N/A","#N/A",Medium,"#N/A",New,Subject_nidtm,"#N/A","#N/A","#N/A","#N/A","#N/A"
8898b649-b19b-44cc-9965-1c5b789b13c8,"#N/A","#N/A",false,Web,"#N/A","#N/A",Medium,"#N/A",New,Subject_jxqhe,"#N/A","#N/A","#N/A","#N/A","#N/A"
88991f49-0977-49c4-9b99-702ce9578dbc,"#N/A","#N/A",false,Web,"#N/A","#N/A",Medium,"#N/A",New,Subject_tbzrt,"#N/A","#N/A","#N/A","#N/A","#N/A"
889f41a2-960f-4d48-b5cb-d905a3a4c13d,"#N/A","#N/A",false,Web,"#N/A","#N/A",Medium,"#N/A",New,Subject_dngzg,"#N/A","#N/A","#N/A","#N/A","#N/A"
88a83ff6-d315-48f3-b944-d11573009efd,"#N/A","#N/A",false,Web,"#N/A","#N/A",Medium,"#N/A",New,Subject_utumg,"#N/A","#N/A","#N/A","#N/A","#N/A"
88a916af-7461-4fd0-bcf4-154f7f5761fa,"#N/A","#N/A",false,Web,"#N/A","#N/A",Medium,"#N/A",New,Subject_nigxb,"#N/A","#N/A","#N/A","#N/A","#N/A"
88ab7aed-77eb-413f-a135-2157e6df0e30,"#N/A","#N/A",false,Web,"#N/A","#N/A",Medium,"#N/A",New,Subject_ydkds,"#N/A","#N/A","#N/A","#N/A","#N/A"
88af1024-7e28-4f72-a951-e4b325f117a9,"#N/A","#N/A",false,Web,"#N/A","#N/A",Medium,"#N/A",New,Subject_mvgdv,"#N/A","#N/A","#N/A","#N/A","#N/A"
88b29f5d-5e46-4647-9278-9c42ddda364e,"#N/A","#N/A",false,Web,"#N/A","#N/A",Medium,"#N/A",New,Subject_zlnvh,"#N/A","#N/A","#N/A","#N/A","#N/A"
88b3f441-7eba-44eb-816f-c8a20cd77134,"#N/A","#N/A",false,Web,"#N/A","#N/A",Medium,"#N/A",New,Subject_unnia,"#N/A","#N/A","#N/A","#N/A","#N/A"
88b45427-0ed7-4fa7-b0fc-c332056d06e4,"#N/A","#N/A",false,Web,"#N/A","#N/A",Medium,"#N/A",New,Subject_zzvfw,"#N/A","#N/A","#N/A","#N/A","#N/A"
88b500be-6116-45ff-b6d4-9aa10e53229e,"#N/A","#N/A",false,Web,"#N/A","#N/A",Medium,"#N/A",New,Subject_hgseh,"#N/A","#N/A","#N/A","#N/A","#N/A"
88b888b0-f5ee-466f-be4a-3a595530ebaf,"#N/A","#N/A",false,Web,"#N/A","#N/A",Medium,"#N/A",New,Subject_gkelu,"#N/A","#N/A","#N/A","#N/A","#N/A"
88bbd748-8dfc-43a0-929a-ea9a814f8848,"#N/A","#N/A",false,Web,"#N/A","#N/A",Medium,"#N/A",New,Subject_fndvs,"#N/A","#N/A","#N/A","#N/A","#N/A"
88be6765-2e7e-4f1c-8535-511b909be916,"#N/A","#N/A",false,Web,"#N/A","#N/A",Medium,"#N/A",New,Subject_yryqd,"#N/A","#N/A","#N/A","#N/A","#N/A"
88bec297-cbed-490c-a3c8-2d92bcfa2882,"#N/A","#N/A",false,Web,"#N/A","#N/A",Medium,"#N/A",New,Subject_mtfaw,"#N/A","#N/A","#N/A","#N/A","#N/A"
88bff197-6e0a-4332-b44e-8ec3e3120e08,"#N/A","#N/A",false,Web,"#N/A","#N/A",Medium,"#N/A",New,Subject_azhoz,"#N/A","#N/A","#N/A","#N/A","#N/A"
88c1b29e-eda1-426c-a0d8-356986ed45ac,"#N/A","#N/A",false,Web,"#N/A","#N/A",Medium,"#N/A",New,Subject_jaqjj,"#N/A","#N/A","#N/A","#N/A","#N/A"
88c33846-0b73-453a-81b8-903d59b5d17b,"#N/A","#N/A",false,Web,"#N/A","#N/A",Medium,"#N/A",New,Subject_buuwj,"#N/A","#N/A","#N/A","#N/A","#N/A"
88c68466-ce6f-41b6-a0ab-a7db012ac79a,"#N/A","#N/A",false,Web,"#N/A","#N/A",Medium,"#N/A",New,Subject_jnxus,"#N/A","#N/A","#N/A","#N/A","#N/A"
88c73f78-dbb1-483b-9b6e-9f64b53eee32,"#N/A","#N/A",false,Web,"#N/A","#N/A",Medium,"#N/A",New,Subject_tnxoq,"#N/A","#N/A","#N/A","#N/A","#N/A"
88cb74c7-2abb-479d-b7fe-6fda06d555fb,"#N/A","#N/A",false,Web,"#N/A","#N/A",Medium,"#N/A",New,Subject_jdfst,"#N/A","#N/A","#N/A","#N/A","#N/A"
88cbf3f7-e52c-49ae-8fc5-e560eeab7aa0,"#N/A","#N/A",false,Web,"#N/A","#N/A",Medium,"#N/A",New,Subject_oirfp,"#N/A","#N/A","#N/A","#N/A","#N/A"
88cc76b2-d172-483c-b95b-03ea39d6f4d6,"#N/A","#N/A",false,Web,"#N/A","#N/A",Medium,"#N/A",New,Subject_ipouc,"#N/A","#N/A","#N/A","#N/A","#N/A"
88d0f0a0-2d9c-4679-90af-0307d8acaf3f,"#N/A","#N/A",false,Web,"#N/A","#N/A",Medium,"#N/A",New,Subject_emahz,"#N/A","#N/A","#N/A","#N/A","#N/A"
88dc6190-3467-4687-b4f3-025720e7f4af,"#N/A","#N/A",false,Web,"#N/A","#N/A",Medium,"#N/A",New,Subject_bplvx,"#N/A","#N/A","#N/A","#N/A","#N/A"
88de5550-81d3-4e95-a948-a67f4ea63560,"#N/A","#N/A",false,Web,"#N/A","#N/A",Medium,"#N/A",New,Subject_hkifp,"#N/A","#N/A","#N/A","#N/A","#N/A"
88e3480b-ad75-4433-93bf-b8b9188d9cdb,"#N/A","#N/A",false,Web,"#N/A","#N/A",Medium,"#N/A",New,Subject_ntfby,"#N/A","#N/A","#N/A","#N/A","#N/A"
88ea0af4-200c-41a2-bc4d-5952e3dd40fd,"#N/A","#N/A",false,Web,"#N/A","#N/A",Medium,"#N/A",New,Subject_lhfsr,"#N/A","#N/A","#N/A","#N/A","#N/A"
88edc0db-692a-4e79-8644-acd1ba31dcbd,"#N/A","#N/A",false,Web,"#N/A","#N/A",Medium,"#N/A",New,Subject_mvjbx,"#N/A","#N/A","#N/A","#N/A","#N/A"
88f14dc4-a6ac-4797-8b4a-3ad3a44149c6,"#N/A","#N/A",false,Web,"#N/A","#N/A",Medium,"#N/A",New,Subject_xvtau,"#N/A","#N/A","#N/A","#N/A","#N/A"
88f35247-ebcd-4265-b360-3a9ee21ed4a2,"#N/A","#N/A",false,Web,"#N/A","#N/A",Medium,"#N/A",New,Subject_npwum,"#N/A","#N/A","#N/A","#N/A","#N/A"
88fc8d00-f07d-43eb-b6d1-b6bee60066ec,"#N/A","#N/A",false,Web,"#N/A","#N/A",Medium,"#N/A",New,Subject_ksqjt,"#N/A","#N/A","#N/A","#N/A","#N/A"
88fed45f-09a4-4667-87ca-bab5dcbacaaf,"#N/A","#N/A",false,Web,"#N/A","#N/A",Medium,"#N/A",New,Subject_xqnmj,"#N/A","#N/A","#N/A","#N/A","#N/A"
88ff1a38-cc07-48a9-a95d-284796cee234,"#N/A","#N/A",false,Web,"#N/A","#N/A",Medium,"#N/A",New,Subject_kcgzq,"#N/A","#N/A","#N/A","#N/A","#N/A"
89035c01-3b30-454e-9c7b-75407c0d5f12,"#N/A","#N/A",false,Web,"#N/A","#N/A",Medium,"#N/A",New,Subject_otzlg,"#N/A","#N/A","#N/A","#N/A","#N/A"
89097d93-7f58-4d09-ae09-d33d43acbc64,"#N/A","#N/A",false,Web,"#N/A","#N/A",Medium,"#N/A",New,Subject_sgaib,"#N/A","#N/A","#N/A","#N/A","#N/A"
890cb8aa-7a96-48ac-99ba-b3aeb7085187,"#N/A","#N/A",false,Web,"#N/A","#N/A",Medium,"#N/A",New,Subject_zjuir,"#N/A","#N/A","#N/A","#N/A","#N/A"
8913a554-4176-4562-863b-f89a63d64afb,"#N/A","#N/A",false,Web,"#N/A","#N/A",Medium,"#N/A",New,Subject_paccm,"#N/A","#N/A","#N/A","#N/A","#N/A"
89167f02-1d74-4264-9f22-5acd756fb0d6,"#N/A","#N/A",false,Web,"#N/A","#N/A",Medium,"#N/A",New,Subject_hepug,"#N/A","#N/A","#N/A","#N/A","#N/A"
89184772-7e55-458c-8396-a74690de5fc4,"#N/A","#N/A",false,Web,"#N/A","#N/A",Medium,"#N/A",New,Subject_xunvv,"#N/A","#N/A","#N/A","#N/A","#N/A"
89185437-b177-49fa-88d3-149ad39de232,"#N/A","#N/A",false,Web,"#N/A","#N/A",Medium,"#N/A",New,Subject_eahvn,"#N/A","#N/A","#N/A","#N/A","#N/A"
89196c9e-b6da-4c12-9807-5b6baa29704c,"#N/A","#N/A",false,Web,"#N/A","#N/A",Medium,"#N/A",New,Subject_bvqqw,"#N/A","#N/A","#N/A","#N/A","#N/A"
891e55f0-0dae-4793-a4b2-67e8276e14b5,"#N/A","#N/A",false,Web,"#N/A","#N/A",Medium,"#N/A",New,Subject_amsjy,"#N/A","#N/A","#N/A","#N/A","#N/A"
8922ffb0-e79e-423b-b960-362afb177fc9,"#N/A","#N/A",false,Web,"#N/A","#N/A",Medium,"#N/A",New,Subject_qxhev,"#N/A","#N/A","#N/A","#N/A","#N/A"
8925a800-fdf9-47aa-aae8-ee89185d4e0b,"#N/A","#N/A",false,Web,"#N/A","#N/A",Medium,"#N/A",New,Subject_bqyuv,"#N/A","#N/A","#N/A","#N/A","#N/A"
8926c43a-1b28-47ec-b39c-4e7db3dfcff4,"#N/A","#N/A",false,Web,"#N/A","#N/A",Medium,"#N/A",New,Subject_qqavv,"#N/A","#N/A","#N/A","#N/A","#N/A"
8928d673-ef44-4431-9d96-83e4f5930af2,"#N/A","#N/A",false,Web,"#N/A","#N/A",Medium,"#N/A",New,Subject_utxce,"#N/A","#N/A","#N/A","#N/A","#N/A"
892c9199-21d9-4a2f-b639-c2c8798900cc,"#N/A","#N/A",false,Web,"#N/A","#N/A",Medium,"#N/A",New,Subject_edbfn,"#N/A","#N/A","#N/A","#N/A","#N/A"
892fce52-b8a2-4047-ae92-4a28bf52f4cb,"#N/A","#N/A",false,Web,"#N/A","#N/A",Medium,"#N/A",New,Subject_hjsen,"#N/A","#N/A","#N/A","#N/A","#N/A"
89349035-3c47-41d5-811e-7021d29abb1b,"#N/A","#N/A",false,Web,"#N/A","#N/A",Medium,"#N/A",New,Subject_ysyvd,"#N/A","#N/A","#N/A","#N/A","#N/A"
893b1b03-ec3f-4381-b889-2a90cdcbcb11,"#N/A","#N/A",false,Web,"#N/A","#N/A",Medium,"#N/A",New,Subject_tbcje,"#N/A","#N/A","#N/A","#N/A","#N/A"
893c8843-b346-4392-8333-e21093b89b49,"#N/A","#N/A",false,Web,"#N/A","#N/A",Medium,"#N/A",New,Subject_popow,"#N/A","#N/A","#N/A","#N/A","#N/A"
893e8215-df26-4a4a-b525-dc267f183335,"#N/A","#N/A",false,Web,"#N/A","#N/A",Medium,"#N/A",New,Subject_ipwqc,"#N/A","#N/A","#N/A","#N/A","#N/A"
893ec907-e80c-405f-8169-a92ba4d2357a,"#N/A","#N/A",false,Web,"#N/A","#N/A",Medium,"#N/A",New,Subject_jptzj,"#N/A","#N/A","#N/A","#N/A","#N/A"
893fee25-bb9c-4f97-ab92-05bc17678c13,"#N/A","#N/A",false,Web,"#N/A","#N/A",Medium,"#N/A",New,Subject_pvcod,"#N/A","#N/A","#N/A","#N/A","#N/A"
894370eb-b530-4eda-996f-a189a7d35441,"#N/A","#N/A",false,Web,"#N/A","#N/A",Medium,"#N/A",New,Subject_okbge,"#N/A","#N/A","#N/A","#N/A","#N/A"
8944bdb6-ceed-4049-965c-72116b1a0606,"#N/A","#N/A",false,Web,"#N/A","#N/A",Medium,"#N/A",New,Subject_vcwae,"#N/A","#N/A","#N/A","#N/A","#N/A"
89497ab1-8101-4fb9-812e-dbd2af433fe5,"#N/A","#N/A",false,Web,"#N/A","#N/A",Medium,"#N/A",New,Subject_rvbmy,"#N/A","#N/A","#N/A","#N/A","#N/A"
894d0a45-966b-4974-8aa7-dcfdf9ef6469,"#N/A","#N/A",false,Web,"#N/A","#N/A",Medium,"#N/A",New,Subject_dgzdw,"#N/A","#N/A","#N/A","#N/A","#N/A"
8952adfb-48ec-4ec2-8d44-5dbff4758fce,"#N/A","#N/A",false,Web,"#N/A","#N/A",Medium,"#N/A",New,Subject_wmvet,"#N/A","#N/A","#N/A","#N/A","#N/A"
8954d446-02e1-4a26-81e0-7282c38f7e1a,"#N/A","#N/A",false,Web,"#N/A","#N/A",Medium,"#N/A",New,Subject_vddil,"#N/A","#N/A","#N/A","#N/A","#N/A"
8955518a-8718-4556-8c17-89887ab61709,"#N/A","#N/A",false,Web,"#N/A","#N/A",Medium,"#N/A",New,Subject_iitfv,"#N/A","#N/A","#N/A","#N/A","#N/A"
895bcca1-71dd-41c9-a289-29138c3a16c4,"#N/A","#N/A",false,Web,"#N/A","#N/A",Medium,"#N/A",New,Subject_micgd,"#N/A","#N/A","#N/A","#N/A","#N/A"
895c20a2-630d-43a0-bfbc-ff83814b9ae7,"#N/A","#N/A",false,Web,"#N/A","#N/A",Medium,"#N/A",New,Subject_csyfl,"#N/A","#N/A","#N/A","#N/A","#N/A"
895c8260-33d5-415c-9488-66e5d9df132e,"#N/A","#N/A",false,Web,"#N/A","#N/A",Medium,"#N/A",New,Subject_amjws,"#N/A","#N/A","#N/A","#N/A","#N/A"
895ca937-d75c-4b5d-a2d8-7ba910c11b6b,"#N/A","#N/A",false,Web,"#N/A","#N/A",Medium,"#N/A",New,Subject_kygyl,"#N/A","#N/A","#N/A","#N/A","#N/A"
895cce54-0041-4065-95f5-aff429002e79,"#N/A","#N/A",false,Web,"#N/A","#N/A",Medium,"#N/A",New,Subject_wkjon,"#N/A","#N/A","#N/A","#N/A","#N/A"
8966dfcd-48ac-42df-a5d7-6df9840e7864,"#N/A","#N/A",false,Web,"#N/A","#N/A",Medium,"#N/A",New,Subject_komsf,"#N/A","#N/A","#N/A","#N/A","#N/A"
89697bb1-de2d-4694-a407-af1c3b6d07fb,"#N/A","#N/A",false,Web,"#N/A","#N/A",Medium,"#N/A",New,Subject_gdxtu,"#N/A","#N/A","#N/A","#N/A","#N/A"
8969cd21-a95b-44d3-be2e-be992d548268,"#N/A","#N/A",false,Web,"#N/A","#N/A",Medium,"#N/A",New,Subject_nqjzy,"#N/A","#N/A","#N/A","#N/A","#N/A"
896eb103-30ee-491e-9af7-7a8b4cf0ccf4,"#N/A","#N/A",false,Web,"#N/A","#N/A",Medium,"#N/A",New,Subject_brxsg,"#N/A","#N/A","#N/A","#N/A","#N/A"
89711085-a636-4de2-8d0e-62ad2666214a,"#N/A","#N/A",false,Web,"#N/A","#N/A",Medium,"#N/A",New,Subject_qlsek,"#N/A","#N/A","#N/A","#N/A","#N/A"
8971f2c9-52c7-406d-af80-9edea2fbd268,"#N/A","#N/A",false,Web,"#N/A","#N/A",Medium,"#N/A",New,Subject_nknwl,"#N/A","#N/A","#N/A","#N/A","#N/A"
89724837-5db0-4a8e-a0ad-ce3fd1271bf3,"#N/A","#N/A",false,Web,"#N/A","#N/A",Medium,"#N/A",New,Subject_xqgle,"#N/A","#N/A","#N/A","#N/A","#N/A"
89769db6-af2a-4335-9251-94624d60b192,"#N/A","#N/A",false,Web,"#N/A","#N/A",Medium,"#N/A",New,Subject_gltxu,"#N/A","#N/A","#N/A","#N/A","#N/A"
897b4fdf-28ce-4512-a54d-ce8217684cdb,"#N/A","#N/A",false,Web,"#N/A","#N/A",Medium,"#N/A",New,Subject_kdwzm,"#N/A","#N/A","#N/A","#N/A","#N/A"
897c3873-8cda-4ccb-8a00-a991884906fc,"#N/A","#N/A",false,Web,"#N/A","#N/A",Medium,"#N/A",New,Subject_cvblu,"#N/A","#N/A","#N/A","#N/A","#N/A"
89819ac7-ee8e-45f5-b56f-7462f3405eaa,"#N/A","#N/A",false,Web,"#N/A","#N/A",Medium,"#N/A",New,Subject_dognq,"#N/A","#N/A","#N/A","#N/A","#N/A"
898257e6-4f40-45ae-9b0c-9f79f6bd3572,"#N/A","#N/A",false,Web,"#N/A","#N/A",Medium,"#N/A",New,Subject_sbfkb,"#N/A","#N/A","#N/A","#N/A","#N/A"
89825996-e75e-42aa-92a5-38360d042266,"#N/A","#N/A",false,Web,"#N/A","#N/A",Medium,"#N/A",New,Subject_lytld,"#N/A","#N/A","#N/A","#N/A","#N/A"
89875b1d-9571-41a7-bc1a-b83d1f8aaf17,"#N/A","#N/A",false,Web,"#N/A","#N/A",Medium,"#N/A",New,Subject_zqhmn,"#N/A","#N/A","#N/A","#N/A","#N/A"
8988a94b-abec-45ad-b7ad-abd6bd726d77,"#N/A","#N/A",false,Web,"#N/A","#N/A",Medium,"#N/A",New,Subject_axutf,"#N/A","#N/A","#N/A","#N/A","#N/A"
8988c283-24a4-48a0-b097-3d33e74886e8,"#N/A","#N/A",false,Web,"#N/A","#N/A",Medium,"#N/A",New,Subject_blvil,"#N/A","#N/A","#N/A","#N/A","#N/A"
898d0e26-2b2c-4177-bd1e-2bed46b2debe,"#N/A","#N/A",false,Web,"#N/A","#N/A",Medium,"#N/A",New,Subject_tjzpb,"#N/A","#N/A","#N/A","#N/A","#N/A"
898d2e67-6f10-4631-817f-43468e2811bd,"#N/A","#N/A",false,Web,"#N/A","#N/A",Medium,"#N/A",New,Subject_ijkmr,"#N/A","#N/A","#N/A","#N/A","#N/A"
898f7045-69e1-492e-a118-08957f073d46,"#N/A","#N/A",false,Web,"#N/A","#N/A",Medium,"#N/A",New,Subject_uwuzp,"#N/A","#N/A","#N/A","#N/A","#N/A"
89903a23-feb3-47a1-b7a3-07ec196580b3,"#N/A","#N/A",false,Web,"#N/A","#N/A",Medium,"#N/A",New,Subject_bxivz,"#N/A","#N/A","#N/A","#N/A","#N/A"
8990dbd0-bb6a-488b-a082-4afb88ed8601,"#N/A","#N/A",false,Web,"#N/A","#N/A",Medium,"#N/A",New,Subject_lvlnd,"#N/A","#N/A","#N/A","#N/A","#N/A"
8995d43b-22d2-48df-ad32-8e00ac9e52d5,"#N/A","#N/A",false,Web,"#N/A","#N/A",Medium,"#N/A",New,Subject_jkdcn,"#N/A","#N/A","#N/A","#N/A","#N/A"
89979273-1b9f-4b33-8676-dd4305270e4e,"#N/A","#N/A",false,Web,"#N/A","#N/A",Medium,"#N/A",New,Subject_lfoak,"#N/A","#N/A","#N/A","#N/A","#N/A"
899dd401-401c-4bb5-b9e4-b9a51705512b,"#N/A","#N/A",false,Web,"#N/A","#N/A",Medium,"#N/A",New,Subject_regyb,"#N/A","#N/A","#N/A","#N/A","#N/A"
89a1b734-d43f-4c40-8177-4d989f251c19,"#N/A","#N/A",false,Web,"#N/A","#N/A",Medium,"#N/A",New,Subject_ikdmv,"#N/A","#N/A","#N/A","#N/A","#N/A"
89a6b439-9aaf-4228-a886-fb92196dc3ad,"#N/A","#N/A",false,Web,"#N/A","#N/A",Medium,"#N/A",New,Subject_ktrtk,"#N/A","#N/A","#N/A","#N/A","#N/A"
89a7f68b-9f30-4372-9901-aecfa0d919c7,"#N/A","#N/A",false,Web,"#N/A","#N/A",Medium,"#N/A",New,Subject_gkhcx,"#N/A","#N/A","#N/A","#N/A","#N/A"
89a91dff-0557-4f6d-bd68-878b99edcddd,"#N/A","#N/A",false,Web,"#N/A","#N/A",Medium,"#N/A",New,Subject_fsagf,"#N/A","#N/A","#N/A","#N/A","#N/A"
89a9c6ef-9b70-4a43-9307-d5fa0c570137,"#N/A","#N/A",false,Web,"#N/A","#N/A",Medium,"#N/A",New,Subject_xcuej,"#N/A","#N/A","#N/A","#N/A","#N/A"
89abd86e-b916-4a43-b6ff-abfe02067787,"#N/A","#N/A",false,Web,"#N/A","#N/A",Medium,"#N/A",New,Subject_enlcu,"#N/A","#N/A","#N/A","#N/A","#N/A"
89ac206c-793c-4a35-a6b6-08f1d9af7102,"#N/A","#N/A",false,Web,"#N/A","#N/A",Medium,"#N/A",New,Subject_obayx,"#N/A","#N/A","#N/A","#N/A","#N/A"
89af68f5-953b-428f-b18e-4aaf07601c74,"#N/A","#N/A",false,Web,"#N/A","#N/A",Medium,"#N/A",New,Subject_ifdiq,"#N/A","#N/A","#N/A","#N/A","#N/A"
89b05e0c-e296-40f6-b81f-3e220810cdbb,"#N/A","#N/A",false,Web,"#N/A","#N/A",Medium,"#N/A",New,Subject_lpqda,"#N/A","#N/A","#N/A","#N/A","#N/A"
89b7fe05-886c-459b-b7ed-049b5206747e,"#N/A","#N/A",false,Web,"#N/A","#N/A",Medium,"#N/A",New,Subject_lxpts,"#N/A","#N/A","#N/A","#N/A","#N/A"
89c4e3a0-ff86-404b-8b48-1612bfe9d574,"#N/A","#N/A",false,Web,"#N/A","#N/A",Medium,"#N/A",New,Subject_xivsh,"#N/A","#N/A","#N/A","#N/A","#N/A"
89caa7dd-d05e-414e-91ec-958c382f413d,"#N/A","#N/A",false,Web,"#N/A","#N/A",Medium,"#N/A",New,Subject_uufcj,"#N/A","#N/A","#N/A","#N/A","#N/A"
89caaf49-2b7d-4a8d-8239-0a5b9431d8f9,"#N/A","#N/A",false,Web,"#N/A","#N/A",Medium,"#N/A",New,Subject_qpfsw,"#N/A","#N/A","#N/A","#N/A","#N/A"
89ccc577-1ea0-4e16-9fc1-7b21d42ffdcf,"#N/A","#N/A",false,Web,"#N/A","#N/A",Medium,"#N/A",New,Subject_vkpxy,"#N/A","#N/A","#N/A","#N/A","#N/A"
89df1d96-12ae-4905-9387-36241b249d10,"#N/A","#N/A",false,Web,"#N/A","#N/A",Medium,"#N/A",New,Subject_kdsau,"#N/A","#N/A","#N/A","#N/A","#N/A"
89e6cf0b-e893-4736-9b5a-8c9787279887,"#N/A","#N/A",false,Web,"#N/A","#N/A",Medium,"#N/A",New,Subject_drdpd,"#N/A","#N/A","#N/A","#N/A","#N/A"
89e8db12-23ec-4ccd-a4f1-5820113ca6e0,"#N/A","#N/A",false,Web,"#N/A","#N/A",Medium,"#N/A",New,Subject_xbdew,"#N/A","#N/A","#N/A","#N/A","#N/A"
89e94001-fe93-404f-b113-f0cd6b6d79d8,"#N/A","#N/A",false,Web,"#N/A","#N/A",Medium,"#N/A",New,Subject_hxjrb,"#N/A","#N/A","#N/A","#N/A","#N/A"
89ea3701-4a7f-4f9c-aa3a-066eecad6792,"#N/A","#N/A",false,Web,"#N/A","#N/A",Medium,"#N/A",New,Subject_pfphm,"#N/A","#N/A","#N/A","#N/A","#N/A"
89ebc16e-a186-457a-84f5-0fa1969e3bed,"#N/A","#N/A",false,Web,"#N/A","#N/A",Medium,"#N/A",New,Subject_ipdbk,"#N/A","#N/A","#N/A","#N/A","#N/A"
89edabe3-5fce-4ff7-b74c-fd099a3e1f21,"#N/A","#N/A",false,Web,"#N/A","#N/A",Medium,"#N/A",New,Subject_xmbej,"#N/A","#N/A","#N/A","#N/A","#N/A"
89edd595-a431-41e5-9f65-ce530a759859,"#N/A","#N/A",false,Web,"#N/A","#N/A",Medium,"#N/A",New,Subject_updxv,"#N/A","#N/A","#N/A","#N/A","#N/A"
89ef54ce-a430-4671-b6bd-b4bb90192ce0,"#N/A","#N/A",false,Web,"#N/A","#N/A",Medium,"#N/A",New,Subject_afqdv,"#N/A","#N/A","#N/A","#N/A","#N/A"
89ef5b01-a7cf-4df6-8bdf-a49b921efb73,"#N/A","#N/A",false,Web,"#N/A","#N/A",Medium,"#N/A",New,Subject_pklpk,"#N/A","#N/A","#N/A","#N/A","#N/A"
89f05436-f5a2-42cd-b470-491c2c3ccde8,"#N/A","#N/A",false,Web,"#N/A","#N/A",Medium,"#N/A",New,Subject_recnc,"#N/A","#N/A","#N/A","#N/A","#N/A"
89f2ca84-6480-40b1-8f17-b4cb1403cb63,"#N/A","#N/A",false,Web,"#N/A","#N/A",Medium,"#N/A",New,Subject_bxsln,"#N/A","#N/A","#N/A","#N/A","#N/A"
89fb392d-f927-486b-a345-db5e0916ae3c,"#N/A","#N/A",false,Web,"#N/A","#N/A",Medium,"#N/A",New,Subject_vzkuh,"#N/A","#N/A","#N/A","#N/A","#N/A"
89fda1e5-b3a6-4ebc-b2c0-45da994e6bb6,"#N/A","#N/A",false,Web,"#N/A","#N/A",Medium,"#N/A",New,Subject_jnpti,"#N/A","#N/A","#N/A","#N/A","#N/A"
89fe18d7-6a47-47db-b9b3-fdc1f07d2e0e,"#N/A","#N/A",false,Web,"#N/A","#N/A",Medium,"#N/A",New,Subject_dyqjb,"#N/A","#N/A","#N/A","#N/A","#N/A"
89ff42c4-4730-4c30-a570-d264fc3e8dde,"#N/A","#N/A",false,Web,"#N/A","#N/A",Medium,"#N/A",New,Subject_tepde,"#N/A","#N/A","#N/A","#N/A","#N/A"
8a000e9c-a3c2-440e-822a-61672c674ae7,"#N/A","#N/A",false,Web,"#N/A","#N/A",Medium,"#N/A",New,Subject_kjntr,"#N/A","#N/A","#N/A","#N/A","#N/A"
8a00271b-d98d-40d0-bde8-18ff98b777ed,"#N/A","#N/A",false,Web,"#N/A","#N/A",Medium,"#N/A",New,Subject_lajuf,"#N/A","#N/A","#N/A","#N/A","#N/A"
8a0466e6-b9fa-4487-9533-23f673ff104e,"#N/A","#N/A",false,Web,"#N/A","#N/A",Medium,"#N/A",New,Subject_jgidu,"#N/A","#N/A","#N/A","#N/A","#N/A"
8a062e68-eb88-48bd-997e-57f9ce3aa14a,"#N/A","#N/A",false,Web,"#N/A","#N/A",Medium,"#N/A",New,Subject_altmn,"#N/A","#N/A","#N/A","#N/A","#N/A"
8a07a301-1c3c-457e-9863-7b52b37ffd62,"#N/A","#N/A",false,Web,"#N/A","#N/A",Medium,"#N/A",New,Subject_pamxh,"#N/A","#N/A","#N/A","#N/A","#N/A"
8a0983f0-35fd-41b6-9956-ea416539dc02,"#N/A","#N/A",false,Web,"#N/A","#N/A",Medium,"#N/A",New,Subject_dvtvl,"#N/A","#N/A","#N/A","#N/A","#N/A"
8a0b467b-1446-46d3-a5f6-1ce7a4160d74,"#N/A","#N/A",false,Web,"#N/A","#N/A",Medium,"#N/A",New,Subject_frvuf,"#N/A","#N/A","#N/A","#N/A","#N/A"
8a1085e9-2b4e-482c-a4c4-bc63960b21cd,"#N/A","#N/A",false,Web,"#N/A","#N/A",Medium,"#N/A",New,Subject_csjmj,"#N/A","#N/A","#N/A","#N/A","#N/A"
8a127bba-e5f7-40e7-bb71-5e1c7fc72e86,"#N/A","#N/A",false,Web,"#N/A","#N/A",Medium,"#N/A",New,Subject_hnxqf,"#N/A","#N/A","#N/A","#N/A","#N/A"
8a197dbd-2762-45dd-94b6-dba90107c55f,"#N/A","#N/A",false,Web,"#N/A","#N/A",Medium,"#N/A",New,Subject_etvcd,"#N/A","#N/A","#N/A","#N/A","#N/A"
8a19c72a-aaa5-439a-b13f-52e729422a85,"#N/A","#N/A",false,Web,"#N/A","#N/A",Medium,"#N/A",New,Subject_thslo,"#N/A","#N/A","#N/A","#N/A","#N/A"
8a238787-cb60-40f9-a456-b382ebb01371,"#N/A","#N/A",false,Web,"#N/A","#N/A",Medium,"#N/A",New,Subject_kspfl,"#N/A","#N/A","#N/A","#N/A","#N/A"
8a2476e4-6130-4a86-8a26-04aeff4fc0f8,"#N/A","#N/A",false,Web,"#N/A","#N/A",Medium,"#N/A",New,Subject_xewhj,"#N/A","#N/A","#N/A","#N/A","#N/A"
8a26437e-8a82-4c01-8951-ea0b387cebdc,"#N/A","#N/A",false,Web,"#N/A","#N/A",Medium,"#N/A",New,Subject_vnoil,"#N/A","#N/A","#N/A","#N/A","#N/A"
8a283e97-bb28-483d-9464-ec652a90f46d,"#N/A","#N/A",false,Web,"#N/A","#N/A",Medium,"#N/A",New,Subject_wmdzc,"#N/A","#N/A","#N/A","#N/A","#N/A"
8a293939-7a35-423d-8d0a-bf1bf87c5a47,"#N/A","#N/A",false,Web,"#N/A","#N/A",Medium,"#N/A",New,Subject_esivv,"#N/A","#N/A","#N/A","#N/A","#N/A"
8a296eb1-9f16-4d07-92c8-ffa0d947678b,"#N/A","#N/A",false,Web,"#N/A","#N/A",Medium,"#N/A",New,Subject_kcmfy,"#N/A","#N/A","#N/A","#N/A","#N/A"
8a2e6fab-7a26-4906-8baf-fe25c2d03ee3,"#N/A","#N/A",false,Web,"#N/A","#N/A",Medium,"#N/A",New,Subject_lduwz,"#N/A","#N/A","#N/A","#N/A","#N/A"
8a2e727f-94d0-4948-a56b-ebdd8a51bacc,"#N/A","#N/A",false,Web,"#N/A","#N/A",Medium,"#N/A",New,Subject_qextk,"#N/A","#N/A","#N/A","#N/A","#N/A"
8a321479-a3cb-4508-9eba-ba3975e67fda,"#N/A","#N/A",false,Web,"#N/A","#N/A",Medium,"#N/A",New,Subject_fwffs,"#N/A","#N/A","#N/A","#N/A","#N/A"
8a34c7b3-acba-4485-ab16-226283ade64a,"#N/A","#N/A",false,Web,"#N/A","#N/A",Medium,"#N/A",New,Subject_teukk,"#N/A","#N/A","#N/A","#N/A","#N/A"
8a352be3-9210-49c4-92eb-2a5b2476c1e9,"#N/A","#N/A",false,Web,"#N/A","#N/A",Medium,"#N/A",New,Subject_zzwhb,"#N/A","#N/A","#N/A","#N/A","#N/A"
8a36686e-2d4a-4a50-a91b-cec6086e0fe1,"#N/A","#N/A",false,Web,"#N/A","#N/A",Medium,"#N/A",New,Subject_awtie,"#N/A","#N/A","#N/A","#N/A","#N/A"
8a37c352-00cd-4d91-bbd7-b792018f9f04,"#N/A","#N/A",false,Web,"#N/A","#N/A",Medium,"#N/A",New,Subject_pldnl,"#N/A","#N/A","#N/A","#N/A","#N/A"
8a3a0682-98b4-4687-b1dd-3c01c9671929,"#N/A","#N/A",false,Web,"#N/A","#N/A",Medium,"#N/A",New,Subject_mofwl,"#N/A","#N/A","#N/A","#N/A","#N/A"
8a40574b-c8fd-4b54-844c-9ac0bc872e26,"#N/A","#N/A",false,Web,"#N/A","#N/A",Medium,"#N/A",New,Subject_mrnzh,"#N/A","#N/A","#N/A","#N/A","#N/A"
8a41a2ac-51b0-4292-bb3b-8886744e39ad,"#N/A","#N/A",false,Web,"#N/A","#N/A",Medium,"#N/A",New,Subject_oergi,"#N/A","#N/A","#N/A","#N/A","#N/A"
8a47e250-8170-423c-83b1-35599c7624dc,"#N/A","#N/A",false,Web,"#N/A","#N/A",Medium,"#N/A",New,Subject_axptq,"#N/A","#N/A","#N/A","#N/A","#N/A"
8a47e899-fe9e-46d6-9c17-2c3e30cb8438,"#N/A","#N/A",false,Web,"#N/A","#N/A",Medium,"#N/A",New,Subject_fhdku,"#N/A","#N/A","#N/A","#N/A","#N/A"
8a47ed27-d86f-4ba7-900f-ff76286b5c3f,"#N/A","#N/A",false,Web,"#N/A","#N/A",Medium,"#N/A",New,Subject_fyzij,"#N/A","#N/A","#N/A","#N/A","#N/A"
8a491c84-653e-452f-9336-3f16d4f404f4,"#N/A","#N/A",false,Web,"#N/A","#N/A",Medium,"#N/A",New,Subject_rxhuu,"#N/A","#N/A","#N/A","#N/A","#N/A"
8a4a4934-c31c-4d10-9224-850a309ad5ed,"#N/A","#N/A",false,Web,"#N/A","#N/A",Medium,"#N/A",New,Subject_omcqm,"#N/A","#N/A","#N/A","#N/A","#N/A"
8a4c19e5-288b-4760-9728-e262ceb96c2b,"#N/A","#N/A",false,Web,"#N/A","#N/A",Medium,"#N/A",New,Subject_pdkzc,"#N/A","#N/A","#N/A","#N/A","#N/A"
8a4d6e7d-bebd-422f-8bee-8fa2c25dcfb8,"#N/A","#N/A",false,Web,"#N/A","#N/A",Medium,"#N/A",New,Subject_bqxiy,"#N/A","#N/A","#N/A","#N/A","#N/A"
8a4fd28b-43cc-4c98-a552-09cb7bbf299c,"#N/A","#N/A",false,Web,"#N/A","#N/A",Medium,"#N/A",New,Subject_jsgdz,"#N/A","#N/A","#N/A","#N/A","#N/A"
8a529ccd-ba9b-45a8-9d09-e30c7109c4e8,"#N/A","#N/A",false,Web,"#N/A","#N/A",Medium,"#N/A",New,Subject_vovrb,"#N/A","#N/A","#N/A","#N/A","#N/A"
8a533d5c-b521-4b6a-8134-5d12231093e6,"#N/A","#N/A",false,Web,"#N/A","#N/A",Medium,"#N/A",New,Subject_juyjp,"#N/A","#N/A","#N/A","#N/A","#N/A"
8a54db49-e07a-4e22-b927-06b4405c84f8,"#N/A","#N/A",false,Web,"#N/A","#N/A",Medium,"#N/A",New,Subject_pnkaw,"#N/A","#N/A","#N/A","#N/A","#N/A"
8a54f6f5-5483-4225-964b-6ca74947cf7f,"#N/A","#N/A",false,Web,"#N/A","#N/A",Medium,"#N/A",New,Subject_myqtb,"#N/A","#N/A","#N/A","#N/A","#N/A"
8a55f5e4-0f91-40e3-889a-f45cda19a985,"#N/A","#N/A",false,Web,"#N/A","#N/A",Medium,"#N/A",New,Subject_qsxfy,"#N/A","#N/A","#N/A","#N/A","#N/A"
8a567fcb-9f89-40a4-86cd-1d67eb37a326,"#N/A","#N/A",false,Web,"#N/A","#N/A",Medium,"#N/A",New,Subject_djmlu,"#N/A","#N/A","#N/A","#N/A","#N/A"
8a58cfc3-cef4-4d23-bee9-e16676c6e401,"#N/A","#N/A",false,Web,"#N/A","#N/A",Medium,"#N/A",New,Subject_citef,"#N/A","#N/A","#N/A","#N/A","#N/A"
8a595a0e-c5e6-4387-93f5-92a3b25c53dc,"#N/A","#N/A",false,Web,"#N/A","#N/A",Medium,"#N/A",New,Subject_vomyz,"#N/A","#N/A","#N/A","#N/A","#N/A"
8a5ce02d-8fbd-428f-8cdc-fb0fd601ab16,"#N/A","#N/A",false,Web,"#N/A","#N/A",Medium,"#N/A",New,Subject_jbner,"#N/A","#N/A","#N/A","#N/A","#N/A"
8a5e5831-d04c-4680-97b5-7f2531a4d654,"#N/A","#N/A",false,Web,"#N/A","#N/A",Medium,"#N/A",New,Subject_wcsvs,"#N/A","#N/A","#N/A","#N/A","#N/A"
8a5f162e-1dca-49ff-906a-5bd5b27f742b,"#N/A","#N/A",false,Web,"#N/A","#N/A",Medium,"#N/A",New,Subject_fetse,"#N/A","#N/A","#N/A","#N/A","#N/A"
8a5fb39f-5c64-4084-8714-b21632810a83,"#N/A","#N/A",false,Web,"#N/A","#N/A",Medium,"#N/A",New,Subject_vyscq,"#N/A","#N/A","#N/A","#N/A","#N/A"
8a5fc67b-3dbd-41a9-bd9a-1547bbb8e36a,"#N/A","#N/A",false,Web,"#N/A","#N/A",Medium,"#N/A",New,Subject_kdyqj,"#N/A","#N/A","#N/A","#N/A","#N/A"
8a6078f7-b9d7-45f6-a8c4-569407697d10,"#N/A","#N/A",false,Web,"#N/A","#N/A",Medium,"#N/A",New,Subject_aadzg,"#N/A","#N/A","#N/A","#N/A","#N/A"
8a64b229-b6e0-4f91-81a2-f6d9f8928419,"#N/A","#N/A",false,Web,"#N/A","#N/A",Medium,"#N/A",New,Subject_qfftq,"#N/A","#N/A","#N/A","#N/A","#N/A"
8a69e941-2b56-4b43-bbd9-f08af462ef22,"#N/A","#N/A",false,Web,"#N/A","#N/A",Medium,"#N/A",New,Subject_jfshh,"#N/A","#N/A","#N/A","#N/A","#N/A"
8a6a8810-8ef4-4781-a165-79498227b794,"#N/A","#N/A",false,Web,"#N/A","#N/A",Medium,"#N/A",New,Subject_gufra,"#N/A","#N/A","#N/A","#N/A","#N/A"
8a6b9eb3-9f81-45c8-b966-1324b28470f4,"#N/A","#N/A",false,Web,"#N/A","#N/A",Medium,"#N/A",New,Subject_ukwuz,"#N/A","#N/A","#N/A","#N/A","#N/A"
8a6c3b5b-7fcc-442a-afe1-42906235742a,"#N/A","#N/A",false,Web,"#N/A","#N/A",Medium,"#N/A",New,Subject_sarii,"#N/A","#N/A","#N/A","#N/A","#N/A"
8a6ca11c-5913-4bc7-8a39-51bb3afa1bda,"#N/A","#N/A",false,Web,"#N/A","#N/A",Medium,"#N/A",New,Subject_oszse,"#N/A","#N/A","#N/A","#N/A","#N/A"
8a6df21a-240a-4d4e-9b8f-1978f72ee093,"#N/A","#N/A",false,Web,"#N/A","#N/A",Medium,"#N/A",New,Subject_voxgm,"#N/A","#N/A","#N/A","#N/A","#N/A"
8a70f199-ad88-47f6-a42d-44530467d2a6,"#N/A","#N/A",false,Web,"#N/A","#N/A",Medium,"#N/A",New,Subject_capht,"#N/A","#N/A","#N/A","#N/A","#N/A"
8a723c44-608b-4bc8-bc2c-7962b0ed2f85,"#N/A","#N/A",false,Web,"#N/A","#N/A",Medium,"#N/A",New,Subject_trjoh,"#N/A","#N/A","#N/A","#N/A","#N/A"
8a73c527-2764-4db3-924e-2ad877c462a7,"#N/A","#N/A",false,Web,"#N/A","#N/A",Medium,"#N/A",New,Subject_kkcmy,"#N/A","#N/A","#N/A","#N/A","#N/A"
8a73f035-f70b-4dad-abb5-539a437686bc,"#N/A","#N/A",false,Web,"#N/A","#N/A",Medium,"#N/A",New,Subject_jpsuw,"#N/A","#N/A","#N/A","#N/A","#N/A"
8a790372-61b5-4bbc-b706-94bf19ee4aa3,"#N/A","#N/A",false,Web,"#N/A","#N/A",Medium,"#N/A",New,Subject_xvise,"#N/A","#N/A","#N/A","#N/A","#N/A"
8a7e7dce-5bfa-49ff-8b9e-fa216ecca5fb,"#N/A","#N/A",false,Web,"#N/A","#N/A",Medium,"#N/A",New,Subject_mpqwz,"#N/A","#N/A","#N/A","#N/A","#N/A"
8a8088fa-6020-46f2-9d76-f42ac4155152,"#N/A","#N/A",false,Web,"#N/A","#N/A",Medium,"#N/A",New,Subject_sygcd,"#N/A","#N/A","#N/A","#N/A","#N/A"
8a8298bb-f713-423d-908a-ae692ab7bac0,"#N/A","#N/A",false,Web,"#N/A","#N/A",Medium,"#N/A",New,Subject_szjut,"#N/A","#N/A","#N/A","#N/A","#N/A"
8a8b5f56-7e4f-4384-bd0d-61df3efbd80b,"#N/A","#N/A",false,Web,"#N/A","#N/A",Medium,"#N/A",New,Subject_fkyvo,"#N/A","#N/A","#N/A","#N/A","#N/A"
8a8f2e51-e80b-4aa2-8982-9c7650c7a7e4,"#N/A","#N/A",false,Web,"#N/A","#N/A",Medium,"#N/A",New,Subject_jsrfq,"#N/A","#N/A","#N/A","#N/A","#N/A"
8a9262ac-8fc1-4c06-8418-be77eaf387bf,"#N/A","#N/A",false,Web,"#N/A","#N/A",Medium,"#N/A",New,Subject_uqqqb,"#N/A","#N/A","#N/A","#N/A","#N/A"
8a96700a-325a-4ba1-9a5d-4d3bf1aaed19,"#N/A","#N/A",false,Web,"#N/A","#N/A",Medium,"#N/A",New,Subject_ucims,"#N/A","#N/A","#N/A","#N/A","#N/A"
8aa09c23-98d7-4a59-a201-c6db9680e321,"#N/A","#N/A",false,Web,"#N/A","#N/A",Medium,"#N/A",New,Subject_sxhph,"#N/A","#N/A","#N/A","#N/A","#N/A"
8aa0c96a-87b0-4131-be00-257a7b53b2ea,"#N/A","#N/A",false,Web,"#N/A","#N/A",Medium,"#N/A",New,Subject_euhrw,"#N/A","#N/A","#N/A","#N/A","#N/A"
8aa78a93-35fc-40b0-820d-7c67686be3fe,"#N/A","#N/A",false,Web,"#N/A","#N/A",Medium,"#N/A",New,Subject_xcuci,"#N/A","#N/A","#N/A","#N/A","#N/A"
8aa8291b-deb4-43e2-8cbe-aa211653994c,"#N/A","#N/A",false,Web,"#N/A","#N/A",Medium,"#N/A",New,Subject_xlljv,"#N/A","#N/A","#N/A","#N/A","#N/A"
8aabe613-57a1-4545-888c-7300c05c7ed3,"#N/A","#N/A",false,Web,"#N/A","#N/A",Medium,"#N/A",New,Subject_xozbf,"#N/A","#N/A","#N/A","#N/A","#N/A"
8aae6fac-b4c1-42f6-960a-301a259ca76f,"#N/A","#N/A",false,Web,"#N/A","#N/A",Medium,"#N/A",New,Subject_ameuw,"#N/A","#N/A","#N/A","#N/A","#N/A"
8aafec22-8b01-48b3-aeb7-ad7739d547fd,"#N/A","#N/A",false,Web,"#N/A","#N/A",Medium,"#N/A",New,Subject_joqza,"#N/A","#N/A","#N/A","#N/A","#N/A"
8ab8a20f-5a8d-44db-8b54-c5643f8757b0,"#N/A","#N/A",false,Web,"#N/A","#N/A",Medium,"#N/A",New,Subject_tcato,"#N/A","#N/A","#N/A","#N/A","#N/A"
8ab99ada-d65a-4d80-a71b-44cfde35a87a,"#N/A","#N/A",false,Web,"#N/A","#N/A",Medium,"#N/A",New,Subject_wplis,"#N/A","#N/A","#N/A","#N/A","#N/A"
8abb16c9-629b-4cc4-b2ca-1556920b683b,"#N/A","#N/A",false,Web,"#N/A","#N/A",Medium,"#N/A",New,Subject_rqkgo,"#N/A","#N/A","#N/A","#N/A","#N/A"
8abc06cb-ce60-4284-baab-d3d8e6c99018,"#N/A","#N/A",false,Web,"#N/A","#N/A",Medium,"#N/A",New,Subject_gvgad,"#N/A","#N/A","#N/A","#N/A","#N/A"
8abc409c-c9c0-46b5-99ed-d5336988f826,"#N/A","#N/A",false,Web,"#N/A","#N/A",Medium,"#N/A",New,Subject_agxff,"#N/A","#N/A","#N/A","#N/A","#N/A"
8aca9d8e-337b-4e33-be45-f2b582069410,"#N/A","#N/A",false,Web,"#N/A","#N/A",Medium,"#N/A",New,Subject_cloda,"#N/A","#N/A","#N/A","#N/A","#N/A"
8acc860a-4283-4a34-af39-6ff17c35a848,"#N/A","#N/A",false,Web,"#N/A","#N/A",Medium,"#N/A",New,Subject_avxbu,"#N/A","#N/A","#N/A","#N/A","#N/A"
8ad341b8-0752-448c-a613-001990cbe4c1,"#N/A","#N/A",false,Web,"#N/A","#N/A",Medium,"#N/A",New,Subject_iamrc,"#N/A","#N/A","#N/A","#N/A","#N/A"
8ad515c3-46f7-481a-980c-80acb00e266c,"#N/A","#N/A",false,Web,"#N/A","#N/A",Medium,"#N/A",New,Subject_mzbag,"#N/A","#N/A","#N/A","#N/A","#N/A"
8ad52571-e7ff-465b-b23e-22866572cff8,"#N/A","#N/A",false,Web,"#N/A","#N/A",Medium,"#N/A",New,Subject_cyukv,"#N/A","#N/A","#N/A","#N/A","#N/A"
8ad621f3-0ae4-4f1f-bef0-67eed8ce8f7d,"#N/A","#N/A",false,Web,"#N/A","#N/A",Medium,"#N/A",New,Subject_fzncr,"#N/A","#N/A","#N/A","#N/A","#N/A"
8ad892bd-4031-4a0e-9114-66f64dae28a2,"#N/A","#N/A",false,Web,"#N/A","#N/A",Medium,"#N/A",New,Subject_kepvn,"#N/A","#N/A","#N/A","#N/A","#N/A"
8ae1aaa4-8679-49d8-b093-6b5c5de9a6a1,"#N/A","#N/A",false,Web,"#N/A","#N/A",Medium,"#N/A",New,Subject_zleld,"#N/A","#N/A","#N/A","#N/A","#N/A"
8ae3acb2-8a86-4aa3-86ce-f0b1e0ab33e0,"#N/A","#N/A",false,Web,"#N/A","#N/A",Medium,"#N/A",New,Subject_iycya,"#N/A","#N/A","#N/A","#N/A","#N/A"
8ae52aac-6b4d-4d92-98dc-2f94847064ed,"#N/A","#N/A",false,Web,"#N/A","#N/A",Medium,"#N/A",New,Subject_xrvqr,"#N/A","#N/A","#N/A","#N/A","#N/A"
8ae6e509-8e56-4bd6-8b2b-60241b3e6f37,"#N/A","#N/A",false,Web,"#N/A","#N/A",Medium,"#N/A",New,Subject_ktrdv,"#N/A","#N/A","#N/A","#N/A","#N/A"
8ae7edd4-ddca-45c6-9154-9777e6b820ad,"#N/A","#N/A",false,Web,"#N/A","#N/A",Medium,"#N/A",New,Subject_thhyg,"#N/A","#N/A","#N/A","#N/A","#N/A"
8ae90ab5-2a83-4765-a8a6-4870fc4e31c4,"#N/A","#N/A",false,Web,"#N/A","#N/A",Medium,"#N/A",New,Subject_wyhdx,"#N/A","#N/A","#N/A","#N/A","#N/A"
8aea5e2e-eee9-4699-8bcf-08a0272deaae,"#N/A","#N/A",false,Web,"#N/A","#N/A",Medium,"#N/A",New,Subject_ehxqj,"#N/A","#N/A","#N/A","#N/A","#N/A"
8aec48de-4512-46ef-8f41-7024a05e8efd,"#N/A","#N/A",false,Web,"#N/A","#N/A",Medium,"#N/A",New,Subject_rbyoa,"#N/A","#N/A","#N/A","#N/A","#N/A"
8aefabfe-ca37-419d-a6d5-cc1688d26747,"#N/A","#N/A",false,Web,"#N/A","#N/A",Medium,"#N/A",New,Subject_fphhw,"#N/A","#N/A","#N/A","#N/A","#N/A"
8af5b6f2-5617-453d-9eb4-7a7237dc0040,"#N/A","#N/A",false,Web,"#N/A","#N/A",Medium,"#N/A",New,Subject_zekow,"#N/A","#N/A","#N/A","#N/A","#N/A"
8afa2c30-b3d9-4aa4-ba6b-391b224c85ee,"#N/A","#N/A",false,Web,"#N/A","#N/A",Medium,"#N/A",New,Subject_wpjrt,"#N/A","#N/A","#N/A","#N/A","#N/A"
8afbc576-9b11-434c-81ca-5e55f3c18ede,"#N/A","#N/A",false,Web,"#N/A","#N/A",Medium,"#N/A",New,Subject_hopsb,"#N/A","#N/A","#N/A","#N/A","#N/A"
8afe149d-f444-47c1-a2b8-5df127c8a07d,"#N/A","#N/A",false,Web,"#N/A","#N/A",Medium,"#N/A",New,Subject_njrxa,"#N/A","#N/A","#N/A","#N/A","#N/A"
8b017068-709d-4e05-8217-99d67baa1bbd,"#N/A","#N/A",false,Web,"#N/A","#N/A",Medium,"#N/A",New,Subject_ejgmg,"#N/A","#N/A","#N/A","#N/A","#N/A"
8b021382-1cc9-4217-b142-e4b8bc5769ca,"#N/A","#N/A",false,Web,"#N/A","#N/A",Medium,"#N/A",New,Subject_iqofi,"#N/A","#N/A","#N/A","#N/A","#N/A"
8b028396-e223-4bd7-a889-c5c50d61659f,"#N/A","#N/A",false,Web,"#N/A","#N/A",Medium,"#N/A",New,Subject_jzqkk,"#N/A","#N/A","#N/A","#N/A","#N/A"
8b028b4e-e2c8-4f4f-92ec-c0f46434db55,"#N/A","#N/A",false,Web,"#N/A","#N/A",Medium,"#N/A",New,Subject_witnk,"#N/A","#N/A","#N/A","#N/A","#N/A"
8b074664-244c-41f8-b48f-18a7e14a898c,"#N/A","#N/A",false,Web,"#N/A","#N/A",Medium,"#N/A",New,Subject_mkqsf,"#N/A","#N/A","#N/A","#N/A","#N/A"
8b07cd83-7b5b-4c98-a2f1-72e97e08d082,"#N/A","#N/A",false,Web,"#N/A","#N/A",Medium,"#N/A",New,Subject_fezwp,"#N/A","#N/A","#N/A","#N/A","#N/A"
8b0832fc-e65c-4f37-b327-04ed8c1962e6,"#N/A","#N/A",false,Web,"#N/A","#N/A",Medium,"#N/A",New,Subject_pvtpf,"#N/A","#N/A","#N/A","#N/A","#N/A"
8b08b185-5050-4718-82db-94fdaa842457,"#N/A","#N/A",false,Web,"#N/A","#N/A",Medium,"#N/A",New,Subject_brylz,"#N/A","#N/A","#N/A","#N/A","#N/A"
8b091b61-a4f6-4865-abd2-4e4a981f736b,"#N/A","#N/A",false,Web,"#N/A","#N/A",Medium,"#N/A",New,Subject_woojp,"#N/A","#N/A","#N/A","#N/A","#N/A"
8b0939b3-146b-4e1f-bf34-6a9fe16a1601,"#N/A","#N/A",false,Web,"#N/A","#N/A",Medium,"#N/A",New,Subject_dhvyp,"#N/A","#N/A","#N/A","#N/A","#N/A"
8b09ab34-0d0f-4113-9f7d-dcfcf1837dda,"#N/A","#N/A",false,Web,"#N/A","#N/A",Medium,"#N/A",New,Subject_lyuhh,"#N/A","#N/A","#N/A","#N/A","#N/A"
8b0bd504-4359-4322-9e23-0021fbb58126,"#N/A","#N/A",false,Web,"#N/A","#N/A",Medium,"#N/A",New,Subject_tbpgg,"#N/A","#N/A","#N/A","#N/A","#N/A"
8b0cbf90-d20a-4914-8420-17797e3ba39b,"#N/A","#N/A",false,Web,"#N/A","#N/A",Medium,"#N/A",New,Subject_nmfak,"#N/A","#N/A","#N/A","#N/A","#N/A"
8b12de47-4710-4eaf-8fde-50b368884a4a,"#N/A","#N/A",false,Web,"#N/A","#N/A",Medium,"#N/A",New,Subject_nfnvq,"#N/A","#N/A","#N/A","#N/A","#N/A"
8b13fb0c-481a-4101-adc7-bad788234353,"#N/A","#N/A",false,Web,"#N/A","#N/A",Medium,"#N/A",New,Subject_ztmmm,"#N/A","#N/A","#N/A","#N/A","#N/A"
8b153e0f-80b8-4347-b286-df9194e4d803,"#N/A","#N/A",false,Web,"#N/A","#N/A",Medium,"#N/A",New,Subject_vomod,"#N/A","#N/A","#N/A","#N/A","#N/A"
8b16026a-7fae-4b61-93a3-663836de8b1e,"#N/A","#N/A",false,Web,"#N/A","#N/A",Medium,"#N/A",New,Subject_olksr,"#N/A","#N/A","#N/A","#N/A","#N/A"
8b167071-99b1-4986-a087-e079c11c60c1,"#N/A","#N/A",false,Web,"#N/A","#N/A",Medium,"#N/A",New,Subject_gtyir,"#N/A","#N/A","#N/A","#N/A","#N/A"
8b171883-0d39-479f-abd0-d04ee670c912,"#N/A","#N/A",false,Web,"#N/A","#N/A",Medium,"#N/A",New,Subject_tcwbo,"#N/A","#N/A","#N/A","#N/A","#N/A"
8b1892b0-bf3a-4452-8cd8-5e33f33a1f8e,"#N/A","#N/A",false,Web,"#N/A","#N/A",Medium,"#N/A",New,Subject_vbysa,"#N/A","#N/A","#N/A","#N/A","#N/A"
8b1941cf-5cf3-4640-bd65-e8cb4ffcd527,"#N/A","#N/A",false,Web,"#N/A","#N/A",Medium,"#N/A",New,Subject_xmeif,"#N/A","#N/A","#N/A","#N/A","#N/A"
8b19deb3-9dd1-40b1-a160-6927979506a0,"#N/A","#N/A",false,Web,"#N/A","#N/A",Medium,"#N/A",New,Subject_neivl,"#N/A","#N/A","#N/A","#N/A","#N/A"
8b1cb13b-fbc4-4983-a8b3-f124e28d5341,"#N/A","#N/A",false,Web,"#N/A","#N/A",Medium,"#N/A",New,Subject_yfawb,"#N/A","#N/A","#N/A","#N/A","#N/A"
8b2411e3-9523-479c-b1af-15be34ffe0f2,"#N/A","#N/A",false,Web,"#N/A","#N/A",Medium,"#N/A",New,Subject_rcblb,"#N/A","#N/A","#N/A","#N/A","#N/A"
8b263084-0181-4808-926c-fd9aaf43ed43,"#N/A","#N/A",false,Web,"#N/A","#N/A",Medium,"#N/A",New,Subject_ctwdx,"#N/A","#N/A","#N/A","#N/A","#N/A"
8b2686c8-4b1e-4ecf-b74b-a7f16d71a860,"#N/A","#N/A",false,Web,"#N/A","#N/A",Medium,"#N/A",New,Subject_bghnp,"#N/A","#N/A","#N/A","#N/A","#N/A"
8b2bc09f-aebb-4f7f-bd02-b2815f6679e3,"#N/A","#N/A",false,Web,"#N/A","#N/A",Medium,"#N/A",New,Subject_jyben,"#N/A","#N/A","#N/A","#N/A","#N/A"
8b2c5acb-4d27-427a-a0bf-b9e5a7c74ddf,"#N/A","#N/A",false,Web,"#N/A","#N/A",Medium,"#N/A",New,Subject_afwqf,"#N/A","#N/A","#N/A","#N/A","#N/A"
8b315048-23be-42f2-9598-c5e761652083,"#N/A","#N/A",false,Web,"#N/A","#N/A",Medium,"#N/A",New,Subject_veixp,"#N/A","#N/A","#N/A","#N/A","#N/A"
8b3192f0-4898-49a3-8161-76d3c83ac588,"#N/A","#N/A",false,Web,"#N/A","#N/A",Medium,"#N/A",New,Subject_zyclm,"#N/A","#N/A","#N/A","#N/A","#N/A"
8b333206-e69d-4f75-94eb-42ca5452e007,"#N/A","#N/A",false,Web,"#N/A","#N/A",Medium,"#N/A",New,Subject_bdtyz,"#N/A","#N/A","#N/A","#N/A","#N/A"
8b380708-9e21-433b-8868-113fc4c62c91,"#N/A","#N/A",false,Web,"#N/A","#N/A",Medium,"#N/A",New,Subject_hdxxw,"#N/A","#N/A","#N/A","#N/A","#N/A"
8b3e9c07-e73d-451d-920d-05e91d5894c0,"#N/A","#N/A",false,Web,"#N/A","#N/A",Medium,"#N/A",New,Subject_cizyc,"#N/A","#N/A","#N/A","#N/A","#N/A"
8b3f0c6a-5d91-4d2d-b5e1-01413e8e8fa5,"#N/A","#N/A",false,Web,"#N/A","#N/A",Medium,"#N/A",New,Subject_gaebx,"#N/A","#N/A","#N/A","#N/A","#N/A"
8b420569-5fc4-4f30-8d26-d8799d9ab9ec,"#N/A","#N/A",false,Web,"#N/A","#N/A",Medium,"#N/A",New,Subject_uvwlh,"#N/A","#N/A","#N/A","#N/A","#N/A"
8b42a27f-4191-4103-8d82-5dd6bc4f3c2d,"#N/A","#N/A",false,Web,"#N/A","#N/A",Medium,"#N/A",New,Subject_euxrx,"#N/A","#N/A","#N/A","#N/A","#N/A"
8b44fc87-2a49-41aa-9efa-405876dd9fd3,"#N/A","#N/A",false,Web,"#N/A","#N/A",Medium,"#N/A",New,Subject_tyira,"#N/A","#N/A","#N/A","#N/A","#N/A"
8b4ad366-9ad2-44ca-bba4-cacdac3686f2,"#N/A","#N/A",false,Web,"#N/A","#N/A",Medium,"#N/A",New,Subject_xkiga,"#N/A","#N/A","#N/A","#N/A","#N/A"
8b4c6cc9-3c65-40e8-aa71-2002e51ed124,"#N/A","#N/A",false,Web,"#N/A","#N/A",Medium,"#N/A",New,Subject_yhxrd,"#N/A","#N/A","#N/A","#N/A","#N/A"
8b4e4804-fd37-48ec-bc64-235d9b1ad599,"#N/A","#N/A",false,Web,"#N/A","#N/A",Medium,"#N/A",New,Subject_udakp,"#N/A","#N/A","#N/A","#N/A","#N/A"
8b521051-648d-4c34-ae74-e9f60f369f3c,"#N/A","#N/A",false,Web,"#N/A","#N/A",Medium,"#N/A",New,Subject_bapsu,"#N/A","#N/A","#N/A","#N/A","#N/A"
8b5446ab-7cbd-4440-8d7d-670d251fdb3c,"#N/A","#N/A",false,Web,"#N/A","#N/A",Medium,"#N/A",New,Subject_szcer,"#N/A","#N/A","#N/A","#N/A","#N/A"
8b5b5a54-31a6-46fb-b0a3-08c2b1bd7970,"#N/A","#N/A",false,Web,"#N/A","#N/A",Medium,"#N/A",New,Subject_ftpcc,"#N/A","#N/A","#N/A","#N/A","#N/A"
8b6135f6-93f0-42ec-8848-7ac1cb5b5145,"#N/A","#N/A",false,Web,"#N/A","#N/A",Medium,"#N/A",New,Subject_wirom,"#N/A","#N/A","#N/A","#N/A","#N/A"
8b666998-9b23-4b15-8d7d-1dc031526e0f,"#N/A","#N/A",false,Web,"#N/A","#N/A",Medium,"#N/A",New,Subject_bknhw,"#N/A","#N/A","#N/A","#N/A","#N/A"
8b6ec31f-00c6-4716-afc3-d8415e45f006,"#N/A","#N/A",false,Web,"#N/A","#N/A",Medium,"#N/A",New,Subject_xjcmu,"#N/A","#N/A","#N/A","#N/A","#N/A"
8b7057ee-6546-4fd7-93f7-c7300ba1adf1,"#N/A","#N/A",false,Web,"#N/A","#N/A",Medium,"#N/A",New,Subject_iiunh,"#N/A","#N/A","#N/A","#N/A","#N/A"
8b72ac14-ce56-4d6a-a48d-437a693b9a1b,"#N/A","#N/A",false,Web,"#N/A","#N/A",Medium,"#N/A",New,Subject_ekzcs,"#N/A","#N/A","#N/A","#N/A","#N/A"
8b7662d5-076d-47ca-a06e-c2ab6ca0c21e,"#N/A","#N/A",false,Web,"#N/A","#N/A",Medium,"#N/A",New,Subject_brzlg,"#N/A","#N/A","#N/A","#N/A","#N/A"
8b7843b3-f7c1-4f26-8ce5-9e591cb22a31,"#N/A","#N/A",false,Web,"#N/A","#N/A",Medium,"#N/A",New,Subject_ugibh,"#N/A","#N/A","#N/A","#N/A","#N/A"
8b7a70da-0b94-4577-95a3-b7e725bfd160,"#N/A","#N/A",false,Web,"#N/A","#N/A",Medium,"#N/A",New,Subject_wuenj,"#N/A","#N/A","#N/A","#N/A","#N/A"
8b7c3f5b-f39f-4531-84da-ce2280d1abed,"#N/A","#N/A",false,Web,"#N/A","#N/A",Medium,"#N/A",New,Subject_degka,"#N/A","#N/A","#N/A","#N/A","#N/A"
8b7fbd03-dc84-4318-b863-682a8bb6741d,"#N/A","#N/A",false,Web,"#N/A","#N/A",Medium,"#N/A",New,Subject_iiopv,"#N/A","#N/A","#N/A","#N/A","#N/A"
8b802784-1444-4300-9ae2-513809506efe,"#N/A","#N/A",false,Web,"#N/A","#N/A",Medium,"#N/A",New,Subject_qcmnq,"#N/A","#N/A","#N/A","#N/A","#N/A"
8b857b49-dc01-43c8-b358-7351f077c0f9,"#N/A","#N/A",false,Web,"#N/A","#N/A",Medium,"#N/A",New,Subject_wzfcu,"#N/A","#N/A","#N/A","#N/A","#N/A"
8b85aa2d-947c-4ac0-839a-de29ce6cccde,"#N/A","#N/A",false,Web,"#N/A","#N/A",Medium,"#N/A",New,Subject_xpwxb,"#N/A","#N/A","#N/A","#N/A","#N/A"
8b8706a6-e7d2-458d-afba-bb2d40c959a3,"#N/A","#N/A",false,Web,"#N/A","#N/A",Medium,"#N/A",New,Subject_knolv,"#N/A","#N/A","#N/A","#N/A","#N/A"
8b8e41bf-33ae-4433-8842-7c0cef1ef76b,"#N/A","#N/A",false,Web,"#N/A","#N/A",Medium,"#N/A",New,Subject_lhpsv,"#N/A","#N/A","#N/A","#N/A","#N/A"
8b925e43-cb59-4d30-a421-b1fa341ef9ea,"#N/A","#N/A",false,Web,"#N/A","#N/A",Medium,"#N/A",New,Subject_daxph,"#N/A","#N/A","#N/A","#N/A","#N/A"
8b9ea76d-5197-4807-abab-76ca49e74965,"#N/A","#N/A",false,Web,"#N/A","#N/A",Medium,"#N/A",New,Subject_ndovf,"#N/A","#N/A","#N/A","#N/A","#N/A"
8ba34150-f22d-4807-8cff-ad0cc605cf39,"#N/A","#N/A",false,Web,"#N/A","#N/A",Medium,"#N/A",New,Subject_mblkq,"#N/A","#N/A","#N/A","#N/A","#N/A"
8ba38f41-f0e1-4eea-bc57-a3578976af36,"#N/A","#N/A",false,Web,"#N/A","#N/A",Medium,"#N/A",New,Subject_veqfd,"#N/A","#N/A","#N/A","#N/A","#N/A"
8babd6bb-3629-43f2-98e1-0a6f9a1960da,"#N/A","#N/A",false,Web,"#N/A","#N/A",Medium,"#N/A",New,Subject_wmfpf,"#N/A","#N/A","#N/A","#N/A","#N/A"
8bb4c4e0-8ce5-4aff-b666-8a2292e04e0c,"#N/A","#N/A",false,Web,"#N/A","#N/A",Medium,"#N/A",New,Subject_ixwuc,"#N/A","#N/A","#N/A","#N/A","#N/A"
8bb73ce3-0590-41ac-8c38-5cbd7309ff37,"#N/A","#N/A",false,Web,"#N/A","#N/A",Medium,"#N/A",New,Subject_ddizl,"#N/A","#N/A","#N/A","#N/A","#N/A"
8bbfe3d6-9afd-468e-be05-fb8457ad161d,"#N/A","#N/A",false,Web,"#N/A","#N/A",Medium,"#N/A",New,Subject_zmsbr,"#N/A","#N/A","#N/A","#N/A","#N/A"
8bc29c8c-2472-43c1-94e6-31237f184917,"#N/A","#N/A",false,Web,"#N/A","#N/A",Medium,"#N/A",New,Subject_kaaix,"#N/A","#N/A","#N/A","#N/A","#N/A"
8bc31335-68a7-42f5-947f-1b7577419186,"#N/A","#N/A",false,Web,"#N/A","#N/A",Medium,"#N/A",New,Subject_npzuy,"#N/A","#N/A","#N/A","#N/A","#N/A"
8bc50766-baf4-4ddc-b714-3ac2568c3ca0,"#N/A","#N/A",false,Web,"#N/A","#N/A",Medium,"#N/A",New,Subject_dbvzh,"#N/A","#N/A","#N/A","#N/A","#N/A"
8bc61a04-37d0-4442-add1-9f15345cd801,"#N/A","#N/A",false,Web,"#N/A","#N/A",Medium,"#N/A",New,Subject_orihu,"#N/A","#N/A","#N/A","#N/A","#N/A"
8bcc192d-1787-4f31-94d3-a99349aa9e02,"#N/A","#N/A",false,Web,"#N/A","#N/A",Medium,"#N/A",New,Subject_ppbrt,"#N/A","#N/A","#N/A","#N/A","#N/A"
8bd42612-046a-4c4c-8f07-ef785e1803ab,"#N/A","#N/A",false,Web,"#N/A","#N/A",Medium,"#N/A",New,Subject_veafa,"#N/A","#N/A","#N/A","#N/A","#N/A"
8bd566ed-e15e-4786-a0d7-e261b5761835,"#N/A","#N/A",false,Web,"#N/A","#N/A",Medium,"#N/A",New,Subject_hgzho,"#N/A","#N/A","#N/A","#N/A","#N/A"
8bd6fcd5-9468-44e1-be23-7377e4ce68f0,"#N/A","#N/A",false,Web,"#N/A","#N/A",Medium,"#N/A",New,Subject_vfhqd,"#N/A","#N/A","#N/A","#N/A","#N/A"
8bd7b946-ed59-476e-b23b-443f46dcddd6,"#N/A","#N/A",false,Web,"#N/A","#N/A",Medium,"#N/A",New,Subject_qevsj,"#N/A","#N/A","#N/A","#N/A","#N/A"
8bdbd0c7-b429-40fb-a305-3c0993ac9934,"#N/A","#N/A",false,Web,"#N/A","#N/A",Medium,"#N/A",New,Subject_afipt,"#N/A","#N/A","#N/A","#N/A","#N/A"
8be21a9a-a3d0-4fcb-bacb-d8f18b54f5b7,"#N/A","#N/A",false,Web,"#N/A","#N/A",Medium,"#N/A",New,Subject_ffsax,"#N/A","#N/A","#N/A","#N/A","#N/A"
8be2d29d-9ac3-4ef8-a50c-5ef7ba318d90,"#N/A","#N/A",false,Web,"#N/A","#N/A",Medium,"#N/A",New,Subject_tuiod,"#N/A","#N/A","#N/A","#N/A","#N/A"
8be3d5a5-dd28-4b1f-a0b7-ac550a93e243,"#N/A","#N/A",false,Web,"#N/A","#N/A",Medium,"#N/A",New,Subject_jvlng,"#N/A","#N/A","#N/A","#N/A","#N/A"
8beb8525-73af-449b-bd4c-0cc38de8ab5f,"#N/A","#N/A",false,Web,"#N/A","#N/A",Medium,"#N/A",New,Subject_weyvb,"#N/A","#N/A","#N/A","#N/A","#N/A"
8bee0204-71c0-47ab-892b-4a8a047a556a,"#N/A","#N/A",false,Web,"#N/A","#N/A",Medium,"#N/A",New,Subject_ygsga,"#N/A","#N/A","#N/A","#N/A","#N/A"
8bf3a614-1c35-4e20-8166-0ceed155cc7c,"#N/A","#N/A",false,Web,"#N/A","#N/A",Medium,"#N/A",New,Subject_zhtwb,"#N/A","#N/A","#N/A","#N/A","#N/A"
8bf458a5-5b2c-41ca-a7fb-c1ac748fa45c,"#N/A","#N/A",false,Web,"#N/A","#N/A",Medium,"#N/A",New,Subject_fmzvf,"#N/A","#N/A","#N/A","#N/A","#N/A"
8bf92700-00a7-4e2a-8744-f2cc7e5df6f6,"#N/A","#N/A",false,Web,"#N/A","#N/A",Medium,"#N/A",New,Subject_zgbgd,"#N/A","#N/A","#N/A","#N/A","#N/A"
8bfdb009-cc23-4f54-acec-bb48fc48eae0,"#N/A","#N/A",false,Web,"#N/A","#N/A",Medium,"#N/A",New,Subject_fgsan,"#N/A","#N/A","#N/A","#N/A","#N/A"
8bfe1ed0-4664-4659-b2b0-7d77c1d54605,"#N/A","#N/A",false,Web,"#N/A","#N/A",Medium,"#N/A",New,Subject_frlcm,"#N/A","#N/A","#N/A","#N/A","#N/A"
8bff336a-51cd-46c9-9f8a-6c92890f8bbc,"#N/A","#N/A",false,Web,"#N/A","#N/A",Medium,"#N/A",New,Subject_wynta,"#N/A","#N/A","#N/A","#N/A","#N/A"
8c0211f4-fc4d-4d84-89a3-959fd1fdbfb6,"#N/A","#N/A",false,Web,"#N/A","#N/A",Medium,"#N/A",New,Subject_cexmo,"#N/A","#N/A","#N/A","#N/A","#N/A"
8c063953-d9cd-4847-a29f-8837bcf70aeb,"#N/A","#N/A",false,Web,"#N/A","#N/A",Medium,"#N/A",New,Subject_gvqgx,"#N/A","#N/A","#N/A","#N/A","#N/A"
8c073b84-7d9b-4468-9bb2-69511b87eb37,"#N/A","#N/A",false,Web,"#N/A","#N/A",Medium,"#N/A",New,Subject_xkmoq,"#N/A","#N/A","#N/A","#N/A","#N/A"
8c0944fc-0253-417c-8866-a31653743b88,"#N/A","#N/A",false,Web,"#N/A","#N/A",Medium,"#N/A",New,Subject_nsbvs,"#N/A","#N/A","#N/A","#N/A","#N/A"
8c0efe9f-b81f-4da5-a83c-d8ff879be773,"#N/A","#N/A",false,Web,"#N/A","#N/A",Medium,"#N/A",New,Subject_upsys,"#N/A","#N/A","#N/A","#N/A","#N/A"
8c12ba22-1e29-4e03-aa2f-4f467a7a4443,"#N/A","#N/A",false,Web,"#N/A","#N/A",Medium,"#N/A",New,Subject_zzatt,"#N/A","#N/A","#N/A","#N/A","#N/A"
8c156f64-1b77-4d53-b24c-cf9860b374eb,"#N/A","#N/A",false,Web,"#N/A","#N/A",Medium,"#N/A",New,Subject_wnppf,"#N/A","#N/A","#N/A","#N/A","#N/A"
8c1a2586-072d-4841-bc8b-ee63649fb069,"#N/A","#N/A",false,Web,"#N/A","#N/A",Medium,"#N/A",New,Subject_nhwab,"#N/A","#N/A","#N/A","#N/A","#N/A"
8c292a1f-401b-45c7-b443-b35902330e37,"#N/A","#N/A",false,Web,"#N/A","#N/A",Medium,"#N/A",New,Subject_qqepc,"#N/A","#N/A","#N/A","#N/A","#N/A"
8c2d651e-3073-438f-9bab-8128b86133a1,"#N/A","#N/A",false,Web,"#N/A","#N/A",Medium,"#N/A",New,Subject_muuya,"#N/A","#N/A","#N/A","#N/A","#N/A"
8c2d68ce-b22b-4c96-8648-a8bd6095d5dc,"#N/A","#N/A",false,Web,"#N/A","#N/A",Medium,"#N/A",New,Subject_dgwcf,"#N/A","#N/A","#N/A","#N/A","#N/A"
8c323af3-b90f-4779-9905-7fae2768fc5c,"#N/A","#N/A",false,Web,"#N/A","#N/A",Medium,"#N/A",New,Subject_pczyu,"#N/A","#N/A","#N/A","#N/A","#N/A"
8c34a994-e5f1-445e-ad03-1e2652181fcc,"#N/A","#N/A",false,Web,"#N/A","#N/A",Medium,"#N/A",New,Subject_qhfdg,"#N/A","#N/A","#N/A","#N/A","#N/A"
8c3aea2b-d0db-4dc4-a8b1-e03f4d30cf12,"#N/A","#N/A",false,Web,"#N/A","#N/A",Medium,"#N/A",New,Subject_lczia,"#N/A","#N/A","#N/A","#N/A","#N/A"
8c4798e2-da7c-4ff1-84c3-d79c677ee369,"#N/A","#N/A",false,Web,"#N/A","#N/A",Medium,"#N/A",New,Subject_nkals,"#N/A","#N/A","#N/A","#N/A","#N/A"
8c489f1b-7e69-421e-b3b2-b186c07df2b9,"#N/A","#N/A",false,Web,"#N/A","#N/A",Medium,"#N/A",New,Subject_pglxb,"#N/A","#N/A","#N/A","#N/A","#N/A"
8c49ddcf-0113-4f4e-b0ac-99f27280af79,"#N/A","#N/A",false,Web,"#N/A","#N/A",Medium,"#N/A",New,Subject_oizuw,"#N/A","#N/A","#N/A","#N/A","#N/A"
8c4c9529-70ad-4920-9bbb-f889b3daa14d,"#N/A","#N/A",false,Web,"#N/A","#N/A",Medium,"#N/A",New,Subject_ramqz,"#N/A","#N/A","#N/A","#N/A","#N/A"
8c4c95d6-ce3e-4ad0-b4a6-b7093d00a417,"#N/A","#N/A",false,Web,"#N/A","#N/A",Medium,"#N/A",New,Subject_vntwq,"#N/A","#N/A","#N/A","#N/A","#N/A"
8c54f67b-5e91-4f2c-ab14-5523f1c1c21d,"#N/A","#N/A",false,Web,"#N/A","#N/A",Medium,"#N/A",New,Subject_tpxkl,"#N/A","#N/A","#N/A","#N/A","#N/A"
8c565b46-898b-473b-91be-8c5decbeb660,"#N/A","#N/A",false,Web,"#N/A","#N/A",Medium,"#N/A",New,Subject_ylajy,"#N/A","#N/A","#N/A","#N/A","#N/A"
8c5753f7-3fce-4b4f-8eca-586dd06da04b,"#N/A","#N/A",false,Web,"#N/A","#N/A",Medium,"#N/A",New,Subject_xdfzj,"#N/A","#N/A","#N/A","#N/A","#N/A"
8c5d4cfa-ca7a-404b-80d5-03ef87abc252,"#N/A","#N/A",false,Web,"#N/A","#N/A",Medium,"#N/A",New,Subject_ovjuf,"#N/A","#N/A","#N/A","#N/A","#N/A"
8c5dd85a-5241-49fb-bd63-1875ee23b2e0,"#N/A","#N/A",false,Web,"#N/A","#N/A",Medium,"#N/A",New,Subject_lszfq,"#N/A","#N/A","#N/A","#N/A","#N/A"
8c614a1a-4ec2-4b8f-96a2-fee5b7c25ad5,"#N/A","#N/A",false,Web,"#N/A","#N/A",Medium,"#N/A",New,Subject_qdpgq,"#N/A","#N/A","#N/A","#N/A","#N/A"
8c6191bb-59f5-4e92-8594-d3847f736434,"#N/A","#N/A",false,Web,"#N/A","#N/A",Medium,"#N/A",New,Subject_pjubr,"#N/A","#N/A","#N/A","#N/A","#N/A"
8c64a30a-6c4b-48e3-b066-e12c70eef774,"#N/A","#N/A",false,Web,"#N/A","#N/A",Medium,"#N/A",New,Subject_qxxcr,"#N/A","#N/A","#N/A","#N/A","#N/A"
8c6570c3-5def-419b-8ad1-01712d4b4d91,"#N/A","#N/A",false,Web,"#N/A","#N/A",Medium,"#N/A",New,Subject_jeguu,"#N/A","#N/A","#N/A","#N/A","#N/A"
8c676183-f6db-4c31-ba0b-af9676de3dab,"#N/A","#N/A",false,Web,"#N/A","#N/A",Medium,"#N/A",New,Subject_tqcmy,"#N/A","#N/A","#N/A","#N/A","#N/A"
8c686129-d966-42d3-a778-414d7e909c2b,"#N/A","#N/A",false,Web,"#N/A","#N/A",Medium,"#N/A",New,Subject_inzin,"#N/A","#N/A","#N/A","#N/A","#N/A"
8c688701-94bb-405c-9b68-a104ecee5cba,"#N/A","#N/A",false,Web,"#N/A","#N/A",Medium,"#N/A",New,Subject_wevcq,"#N/A","#N/A","#N/A","#N/A","#N/A"
8c69ef55-13bb-49b2-99b3-24ee35aabe4a,"#N/A","#N/A",false,Web,"#N/A","#N/A",Medium,"#N/A",New,Subject_djawy,"#N/A","#N/A","#N/A","#N/A","#N/A"
8c6b12ae-74d1-4232-af41-2034535c355a,"#N/A","#N/A",false,Web,"#N/A","#N/A",Medium,"#N/A",New,Subject_izurg,"#N/A","#N/A","#N/A","#N/A","#N/A"
8c6bc11f-4d7c-4da9-8f60-414478ac958e,"#N/A","#N/A",false,Web,"#N/A","#N/A",Medium,"#N/A",New,Subject_dnewl,"#N/A","#N/A","#N/A","#N/A","#N/A"
8c6f6ced-f994-4445-b81e-7dc30747d79a,"#N/A","#N/A",false,Web,"#N/A","#N/A",Medium,"#N/A",New,Subject_vfbze,"#N/A","#N/A","#N/A","#N/A","#N/A"
8c753ca1-1821-47f9-8d40-9ae5ea762c79,"#N/A","#N/A",false,Web,"#N/A","#N/A",Medium,"#N/A",New,Subject_vdgvj,"#N/A","#N/A","#N/A","#N/A","#N/A"
8c779c04-b6be-46b4-afb2-75f7119108af,"#N/A","#N/A",false,Web,"#N/A","#N/A",Medium,"#N/A",New,Subject_rgyhr,"#N/A","#N/A","#N/A","#N/A","#N/A"
8c79ce1f-4e6a-447a-a291-bba82343d88e,"#N/A","#N/A",false,Web,"#N/A","#N/A",Medium,"#N/A",New,Subject_kbtzq,"#N/A","#N/A","#N/A","#N/A","#N/A"
8c7d8a10-dbb9-4830-a5ea-462b69b8608c,"#N/A","#N/A",false,Web,"#N/A","#N/A",Medium,"#N/A",New,Subject_wobwl,"#N/A","#N/A","#N/A","#N/A","#N/A"
8c8236e8-bc4f-47db-b5af-0d1e52107f6b,"#N/A","#N/A",false,Web,"#N/A","#N/A",Medium,"#N/A",New,Subject_ehaes,"#N/A","#N/A","#N/A","#N/A","#N/A"
8c82ef34-45e8-47e4-92c3-754b2f807b77,"#N/A","#N/A",false,Web,"#N/A","#N/A",Medium,"#N/A",New,Subject_rhxzw,"#N/A","#N/A","#N/A","#N/A","#N/A"
8c872dd7-76b5-4cf1-83dc-734a77d9c69b,"#N/A","#N/A",false,Web,"#N/A","#N/A",Medium,"#N/A",New,Subject_retsx,"#N/A","#N/A","#N/A","#N/A","#N/A"
8c8a208a-d6a9-4a50-afe0-cbda7ff88786,"#N/A","#N/A",false,Web,"#N/A","#N/A",Medium,"#N/A",New,Subject_wesbt,"#N/A","#N/A","#N/A","#N/A","#N/A"
8c8c4625-a75d-46ea-a054-0f8ebc6b2b79,"#N/A","#N/A",false,Web,"#N/A","#N/A",Medium,"#N/A",New,Subject_fjucf,"#N/A","#N/A","#N/A","#N/A","#N/A"
8c8c5f3d-90c5-4c53-b0b4-6e09a46344cc,"#N/A","#N/A",false,Web,"#N/A","#N/A",Medium,"#N/A",New,Subject_shefi,"#N/A","#N/A","#N/A","#N/A","#N/A"
8c95aff4-55f5-4a41-b3df-7e6baec1d4fa,"#N/A","#N/A",false,Web,"#N/A","#N/A",Medium,"#N/A",New,Subject_vwrof,"#N/A","#N/A","#N/A","#N/A","#N/A"
8c97bd03-b265-422b-ba68-4be0e4c285a8,"#N/A","#N/A",false,Web,"#N/A","#N/A",Medium,"#N/A",New,Subject_pqrsc,"#N/A","#N/A","#N/A","#N/A","#N/A"
8c97f944-b6f5-454e-b1cb-2c24a96ed975,"#N/A","#N/A",false,Web,"#N/A","#N/A",Medium,"#N/A",New,Subject_hywqh,"#N/A","#N/A","#N/A","#N/A","#N/A"
8c9db43d-8716-4f9e-99fe-d72045c418f0,"#N/A","#N/A",false,Web,"#N/A","#N/A",Medium,"#N/A",New,Subject_rkduy,"#N/A","#N/A","#N/A","#N/A","#N/A"
8c9f244a-e437-4f5e-8abe-86b289fbb6e2,"#N/A","#N/A",false,Web,"#N/A","#N/A",Medium,"#N/A",New,Subject_fnzfm,"#N/A","#N/A","#N/A","#N/A","#N/A"
8c9f3421-ea05-4351-bb64-b53311bff2a3,"#N/A","#N/A",false,Web,"#N/A","#N/A",Medium,"#N/A",New,Subject_jhbbw,"#N/A","#N/A","#N/A","#N/A","#N/A"
8ca0fa6c-a71a-4db2-b122-c23daa25624b,"#N/A","#N/A",false,Web,"#N/A","#N/A",Medium,"#N/A",New,Subject_splrx,"#N/A","#N/A","#N/A","#N/A","#N/A"
8ca42bdd-7c40-48c6-bf4d-905b18428eb1,"#N/A","#N/A",false,Web,"#N/A","#N/A",Medium,"#N/A",New,Subject_lwpof,"#N/A","#N/A","#N/A","#N/A","#N/A"
8ca5f839-7465-49c2-bc67-d63d45a6e96b,"#N/A","#N/A",false,Web,"#N/A","#N/A",Medium,"#N/A",New,Subject_qtpyd,"#N/A","#N/A","#N/A","#N/A","#N/A"
8ca62095-b2e4-4c9d-bba9-10b72c296191,"#N/A","#N/A",false,Web,"#N/A","#N/A",Medium,"#N/A",New,Subject_lapfv,"#N/A","#N/A","#N/A","#N/A","#N/A"
8cabb160-89ea-46c8-84ed-016ec77a008f,"#N/A","#N/A",false,Web,"#N/A","#N/A",Medium,"#N/A",New,Subject_yuguw,"#N/A","#N/A","#N/A","#N/A","#N/A"
8caf1c2a-ebe6-496f-998f-4a0986be2544,"#N/A","#N/A",false,Web,"#N/A","#N/A",Medium,"#N/A",New,Subject_azbet,"#N/A","#N/A","#N/A","#N/A","#N/A"
8cc1834b-ce69-4221-a1c4-31ba09a64bdc,"#N/A","#N/A",false,Web,"#N/A","#N/A",Medium,"#N/A",New,Subject_cbkbj,"#N/A","#N/A","#N/A","#N/A","#N/A"
8cc1b0e2-ea4f-4be0-b127-e3ef9d78f9f9,"#N/A","#N/A",false,Web,"#N/A","#N/A",Medium,"#N/A",New,Subject_zezvs,"#N/A","#N/A","#N/A","#N/A","#N/A"
8cc6aea9-34c2-4876-a292-f58506f8d069,"#N/A","#N/A",false,Web,"#N/A","#N/A",Medium,"#N/A",New,Subject_igsoq,"#N/A","#N/A","#N/A","#N/A","#N/A"
8cc8ba29-4ced-4f31-8976-2e947d72bffc,"#N/A","#N/A",false,Web,"#N/A","#N/A",Medium,"#N/A",New,Subject_vxkkr,"#N/A","#N/A","#N/A","#N/A","#N/A"
8cd02a75-f442-4222-8cf9-e63d5571e01f,"#N/A","#N/A",false,Web,"#N/A","#N/A",Medium,"#N/A",New,Subject_zxrvo,"#N/A","#N/A","#N/A","#N/A","#N/A"
8cd2c590-ed34-4adc-9b08-c45c22fcd8f2,"#N/A","#N/A",false,Web,"#N/A","#N/A",Medium,"#N/A",New,Subject_mttcp,"#N/A","#N/A","#N/A","#N/A","#N/A"
8cd325ff-99f8-43bd-a799-c08a587839df,"#N/A","#N/A",false,Web,"#N/A","#N/A",Medium,"#N/A",New,Subject_axdzl,"#N/A","#N/A","#N/A","#N/A","#N/A"
8cd67847-d3a0-4f7b-a417-59cc6df317c7,"#N/A","#N/A",false,Web,"#N/A","#N/A",Medium,"#N/A",New,Subject_rpfup,"#N/A","#N/A","#N/A","#N/A","#N/A"
8cdb3025-8fa6-4109-a505-582f0e8f00b5,"#N/A","#N/A",false,Web,"#N/A","#N/A",Medium,"#N/A",New,Subject_xakuh,"#N/A","#N/A","#N/A","#N/A","#N/A"
8cdd9866-c29d-4efb-8a8d-9350aedf7d5b,"#N/A","#N/A",false,Web,"#N/A","#N/A",Medium,"#N/A",New,Subject_bqwoj,"#N/A","#N/A","#N/A","#N/A","#N/A"
8cde84bd-2ae1-433e-9c23-30338d76ea1e,"#N/A","#N/A",false,Web,"#N/A","#N/A",Medium,"#N/A",New,Subject_xvzye,"#N/A","#N/A","#N/A","#N/A","#N/A"
8cdee067-e1cb-4b2e-ad4c-2470a2c8efbe,"#N/A","#N/A",false,Web,"#N/A","#N/A",Medium,"#N/A",New,Subject_sryqz,"#N/A","#N/A","#N/A","#N/A","#N/A"
8ce062b4-90a2-4344-9545-7d6410a070f4,"#N/A","#N/A",false,Web,"#N/A","#N/A",Medium,"#N/A",New,Subject_dzsak,"#N/A","#N/A","#N/A","#N/A","#N/A"
8ce08feb-ed5b-4b55-aade-4d0ad192f842,"#N/A","#N/A",false,Web,"#N/A","#N/A",Medium,"#N/A",New,Subject_jcckj,"#N/A","#N/A","#N/A","#N/A","#N/A"
8ce402de-608d-45c3-91f3-9f0696c3a9f2,"#N/A","#N/A",false,Web,"#N/A","#N/A",Medium,"#N/A",New,Subject_hemhf,"#N/A","#N/A","#N/A","#N/A","#N/A"
8cee106f-292e-452c-b765-ca64ec195df8,"#N/A","#N/A",false,Web,"#N/A","#N/A",Medium,"#N/A",New,Subject_mvaem,"#N/A","#N/A","#N/A","#N/A","#N/A"
8ceee4b9-e2d8-402e-8ebe-f4fbd8d039d9,"#N/A","#N/A",false,Web,"#N/A","#N/A",Medium,"#N/A",New,Subject_axhae,"#N/A","#N/A","#N/A","#N/A","#N/A"
8cf2447c-fa80-488d-8957-3c0f930e31ef,"#N/A","#N/A",false,Web,"#N/A","#N/A",Medium,"#N/A",New,Subject_jxudf,"#N/A","#N/A","#N/A","#N/A","#N/A"
8cf93eee-1d9a-4633-893f-d15b7274b86f,"#N/A","#N/A",false,Web,"#N/A","#N/A",Medium,"#N/A",New,Subject_molsf,"#N/A","#N/A","#N/A","#N/A","#N/A"
8cfb28a7-0f39-4c4f-9f3d-cf2bfab5d63d,"#N/A","#N/A",false,Web,"#N/A","#N/A",Medium,"#N/A",New,Subject_ppnok,"#N/A","#N/A","#N/A","#N/A","#N/A"
8cfcca39-6f8a-414a-9316-1019aff8f50b,"#N/A","#N/A",false,Web,"#N/A","#N/A",Medium,"#N/A",New,Subject_bccqr,"#N/A","#N/A","#N/A","#N/A","#N/A"
8cfd9db5-b15e-4b26-a4fa-9ea9ac98910e,"#N/A","#N/A",false,Web,"#N/A","#N/A",Medium,"#N/A",New,Subject_yayft,"#N/A","#N/A","#N/A","#N/A","#N/A"
8cfe81d3-a48e-4ca7-b5fc-5e6333639bd4,"#N/A","#N/A",false,Web,"#N/A","#N/A",Medium,"#N/A",New,Subject_bhois,"#N/A","#N/A","#N/A","#N/A","#N/A"
8cfee1b6-8c36-4151-ad28-24ba77899629,"#N/A","#N/A",false,Web,"#N/A","#N/A",Medium,"#N/A",New,Subject_foiyr,"#N/A","#N/A","#N/A","#N/A","#N/A"
8d0314eb-db35-40c9-9792-df6e47399142,"#N/A","#N/A",false,Web,"#N/A","#N/A",Medium,"#N/A",New,Subject_wyecw,"#N/A","#N/A","#N/A","#N/A","#N/A"
8d035a73-c82b-4909-9243-346343288c48,"#N/A","#N/A",false,Web,"#N/A","#N/A",Medium,"#N/A",New,Subject_hdfxr,"#N/A","#N/A","#N/A","#N/A","#N/A"
8d055304-eead-4679-a49e-4d1e4cc0d9fe,"#N/A","#N/A",false,Web,"#N/A","#N/A",Medium,"#N/A",New,Subject_zbilp,"#N/A","#N/A","#N/A","#N/A","#N/A"
8d07daaf-a0c5-4742-800b-f1132b9b66b9,"#N/A","#N/A",false,Web,"#N/A","#N/A",Medium,"#N/A",New,Subject_zhcof,"#N/A","#N/A","#N/A","#N/A","#N/A"
8d0c4469-4463-4280-b366-8660c030a2ca,"#N/A","#N/A",false,Web,"#N/A","#N/A",Medium,"#N/A",New,Subject_dtxms,"#N/A","#N/A","#N/A","#N/A","#N/A"
8d0eaedd-047e-4019-a13a-8276689e84da,"#N/A","#N/A",false,Web,"#N/A","#N/A",Medium,"#N/A",New,Subject_xryut,"#N/A","#N/A","#N/A","#N/A","#N/A"
8d10e108-2047-447a-911e-f179ff584436,"#N/A","#N/A",false,Web,"#N/A","#N/A",Medium,"#N/A",New,Subject_ssuyn,"#N/A","#N/A","#N/A","#N/A","#N/A"
8d114fcc-ebba-42aa-b8a8-af0c3006c8e6,"#N/A","#N/A",false,Web,"#N/A","#N/A",Medium,"#N/A",New,Subject_bnguf,"#N/A","#N/A","#N/A","#N/A","#N/A"
8d1a7616-82bc-47dd-bf15-f15e16e12ad7,"#N/A","#N/A",false,Web,"#N/A","#N/A",Medium,"#N/A",New,Subject_ciqdo,"#N/A","#N/A","#N/A","#N/A","#N/A"
8d1b5cfe-eff6-4533-b077-9f3396ed433a,"#N/A","#N/A",false,Web,"#N/A","#N/A",Medium,"#N/A",New,Subject_ttgxj,"#N/A","#N/A","#N/A","#N/A","#N/A"
8d1c19cc-c2ff-46db-8e86-8f749d39b36b,"#N/A","#N/A",false,Web,"#N/A","#N/A",Medium,"#N/A",New,Subject_sigpj,"#N/A","#N/A","#N/A","#N/A","#N/A"
8d1c4dcd-7bd0-4a26-baf8-1f7ac66d903b,"#N/A","#N/A",false,Web,"#N/A","#N/A",Medium,"#N/A",New,Subject_qepur,"#N/A","#N/A","#N/A","#N/A","#N/A"
8d1d0bc0-b505-45c7-8ffc-431c625a26bd,"#N/A","#N/A",false,Web,"#N/A","#N/A",Medium,"#N/A",New,Subject_mesib,"#N/A","#N/A","#N/A","#N/A","#N/A"
8d1f461b-5ea9-4502-9b4e-152f075216de,"#N/A","#N/A",false,Web,"#N/A","#N/A",Medium,"#N/A",New,Subject_kitzf,"#N/A","#N/A","#N/A","#N/A","#N/A"
8d215953-903a-4477-a6e9-c120c9335b64,"#N/A","#N/A",false,Web,"#N/A","#N/A",Medium,"#N/A",New,Subject_mfcjg,"#N/A","#N/A","#N/A","#N/A","#N/A"
8d21a16a-a02d-4b8e-b056-75afc97957ff,"#N/A","#N/A",false,Web,"#N/A","#N/A",Medium,"#N/A",New,Subject_tqmrv,"#N/A","#N/A","#N/A","#N/A","#N/A"
8d21fc20-eca7-4f44-82ab-7e6c921cb29c,"#N/A","#N/A",false,Web,"#N/A","#N/A",Medium,"#N/A",New,Subject_xbdew,"#N/A","#N/A","#N/A","#N/A","#N/A"
8d234584-5501-4160-b614-093b1726656f,"#N/A","#N/A",false,Web,"#N/A","#N/A",Medium,"#N/A",New,Subject_jpxcu,"#N/A","#N/A","#N/A","#N/A","#N/A"
8d24c160-bc09-42d7-b09c-54f7a0b97564,"#N/A","#N/A",false,Web,"#N/A","#N/A",Medium,"#N/A",New,Subject_nozwn,"#N/A","#N/A","#N/A","#N/A","#N/A"
8d26c0c2-8072-4bc9-a048-986edc640aba,"#N/A","#N/A",false,Web,"#N/A","#N/A",Medium,"#N/A",New,Subject_qdort,"#N/A","#N/A","#N/A","#N/A","#N/A"
8d29e285-a9ae-415a-b75d-a9e0f2798ca5,"#N/A","#N/A",false,Web,"#N/A","#N/A",Medium,"#N/A",New,Subject_bkfua,"#N/A","#N/A","#N/A","#N/A","#N/A"
8d320652-180e-4db2-b735-3a71d46e2b8f,"#N/A","#N/A",false,Web,"#N/A","#N/A",Medium,"#N/A",New,Subject_koluw,"#N/A","#N/A","#N/A","#N/A","#N/A"
8d321ca0-ad20-436f-b637-7c2f5820d4f1,"#N/A","#N/A",false,Web,"#N/A","#N/A",Medium,"#N/A",New,Subject_kcezw,"#N/A","#N/A","#N/A","#N/A","#N/A"
8d36a086-70e2-4248-82fe-ddb6095cc427,"#N/A","#N/A",false,Web,"#N/A","#N/A",Medium,"#N/A",New,Subject_ieqoq,"#N/A","#N/A","#N/A","#N/A","#N/A"
8d38d5d9-cd3f-4d82-ba33-29821d39b7cd,"#N/A","#N/A",false,Web,"#N/A","#N/A",Medium,"#N/A",New,Subject_nwyws,"#N/A","#N/A","#N/A","#N/A","#N/A"
8d3cbf98-2199-4b42-97aa-672da75ccbe1,"#N/A","#N/A",false,Web,"#N/A","#N/A",Medium,"#N/A",New,Subject_lhaks,"#N/A","#N/A","#N/A","#N/A","#N/A"
8d3d6e20-6eff-4517-bdc1-de92f4aa6579,"#N/A","#N/A",false,Web,"#N/A","#N/A",Medium,"#N/A",New,Subject_pjxqw,"#N/A","#N/A","#N/A","#N/A","#N/A"
8d400a00-fc1e-49bc-82af-c55058548bab,"#N/A","#N/A",false,Web,"#N/A","#N/A",Medium,"#N/A",New,Subject_yiwrl,"#N/A","#N/A","#N/A","#N/A","#N/A"
8d41d3d4-7c0f-4111-b4dc-74d34a094592,"#N/A","#N/A",false,Web,"#N/A","#N/A",Medium,"#N/A",New,Subject_ixhye,"#N/A","#N/A","#N/A","#N/A","#N/A"
8d44dc1b-a052-407e-9605-12ef5c14055c,"#N/A","#N/A",false,Web,"#N/A","#N/A",Medium,"#N/A",New,Subject_xmmxx,"#N/A","#N/A","#N/A","#N/A","#N/A"
8d48d1aa-a90c-4e58-a9e2-0a944a30a297,"#N/A","#N/A",false,Web,"#N/A","#N/A",Medium,"#N/A",New,Subject_dgdor,"#N/A","#N/A","#N/A","#N/A","#N/A"
8d4d3a71-b5c2-4060-b786-bfae25cf2c7d,"#N/A","#N/A",false,Web,"#N/A","#N/A",Medium,"#N/A",New,Subject_bhiqs,"#N/A","#N/A","#N/A","#N/A","#N/A"
8d529e84-5766-40d3-8771-46110a87f0a6,"#N/A","#N/A",false,Web,"#N/A","#N/A",Medium,"#N/A",New,Subject_jomyg,"#N/A","#N/A","#N/A","#N/A","#N/A"
8d538423-43af-4e7f-9e00-b5aa863c791b,"#N/A","#N/A",false,Web,"#N/A","#N/A",Medium,"#N/A",New,Subject_svqfh,"#N/A","#N/A","#N/A","#N/A","#N/A"
8d546976-4b73-422e-8060-16dd672e31cf,"#N/A","#N/A",false,Web,"#N/A","#N/A",Medium,"#N/A",New,Subject_yutvl,"#N/A","#N/A","#N/A","#N/A","#N/A"
8d5a5c35-dd9c-41ba-8579-4d59226f07a8,"#N/A","#N/A",false,Web,"#N/A","#N/A",Medium,"#N/A",New,Subject_zbvwk,"#N/A","#N/A","#N/A","#N/A","#N/A"
8d5c7606-bc55-47e0-9e76-6b275d66a6d9,"#N/A","#N/A",false,Web,"#N/A","#N/A",Medium,"#N/A",New,Subject_xbgrr,"#N/A","#N/A","#N/A","#N/A","#N/A"
8d5d80e0-f8f5-46ff-b6fe-c01abe9e22a2,"#N/A","#N/A",false,Web,"#N/A","#N/A",Medium,"#N/A",New,Subject_gynqx,"#N/A","#N/A","#N/A","#N/A","#N/A"
8d5db9cf-b66e-4639-a473-d6b64df70a2d,"#N/A","#N/A",false,Web,"#N/A","#N/A",Medium,"#N/A",New,Subject_bdtzw,"#N/A","#N/A","#N/A","#N/A","#N/A"
8d5e168c-9630-4c20-a413-dff2f1607e74,"#N/A","#N/A",false,Web,"#N/A","#N/A",Medium,"#N/A",New,Subject_fwrgj,"#N/A","#N/A","#N/A","#N/A","#N/A"
8d5ed314-7780-4cab-87e8-03ccf4faf53a,"#N/A","#N/A",false,Web,"#N/A","#N/A",Medium,"#N/A",New,Subject_hibyb,"#N/A","#N/A","#N/A","#N/A","#N/A"
8d68e97a-a170-4855-894f-c8d3975e9036,"#N/A","#N/A",false,Web,"#N/A","#N/A",Medium,"#N/A",New,Subject_yjcnf,"#N/A","#N/A","#N/A","#N/A","#N/A"
8d6c8bbe-8a43-4f63-9867-10c95ab071dd,"#N/A","#N/A",false,Web,"#N/A","#N/A",Medium,"#N/A",New,Subject_yjnps,"#N/A","#N/A","#N/A","#N/A","#N/A"
8d6eebd3-502f-4542-98bc-b8b822e7ab96,"#N/A","#N/A",false,Web,"#N/A","#N/A",Medium,"#N/A",New,Subject_ttscp,"#N/A","#N/A","#N/A","#N/A","#N/A"
8d70d8d8-70e8-4188-b9d7-86b3233f56d2,"#N/A","#N/A",false,Web,"#N/A","#N/A",Medium,"#N/A",New,Subject_dhgsx,"#N/A","#N/A","#N/A","#N/A","#N/A"
8d74c480-7701-4fd0-92e1-9bc2545baa6c,"#N/A","#N/A",false,Web,"#N/A","#N/A",Medium,"#N/A",New,Subject_apywa,"#N/A","#N/A","#N/A","#N/A","#N/A"
8d773bb9-e537-4c43-9be8-945a70aac48b,"#N/A","#N/A",false,Web,"#N/A","#N/A",Medium,"#N/A",New,Subject_fmkef,"#N/A","#N/A","#N/A","#N/A","#N/A"
8d7743bd-b6b9-474a-a507-c11f5ddbcdb9,"#N/A","#N/A",false,Web,"#N/A","#N/A",Medium,"#N/A",New,Subject_djxjv,"#N/A","#N/A","#N/A","#N/A","#N/A"
8d7821d2-a211-4d42-8dfa-a1e5a04251be,"#N/A","#N/A",false,Web,"#N/A","#N/A",Medium,"#N/A",New,Subject_dnzoz,"#N/A","#N/A","#N/A","#N/A","#N/A"
8d7ebb26-b244-4d6a-aa33-d627066dddf5,"#N/A","#N/A",false,Web,"#N/A","#N/A",Medium,"#N/A",New,Subject_qvdjy,"#N/A","#N/A","#N/A","#N/A","#N/A"
8d808217-dd3c-4c4d-9533-7009b6cd8438,"#N/A","#N/A",false,Web,"#N/A","#N/A",Medium,"#N/A",New,Subject_qqpgz,"#N/A","#N/A","#N/A","#N/A","#N/A"
8d853196-8a09-423d-b411-30552d99e206,"#N/A","#N/A",false,Web,"#N/A","#N/A",Medium,"#N/A",New,Subject_mguxb,"#N/A","#N/A","#N/A","#N/A","#N/A"
8d87970e-af44-4aa2-b6a8-3704086c0a0b,"#N/A","#N/A",false,Web,"#N/A","#N/A",Medium,"#N/A",New,Subject_lizec,"#N/A","#N/A","#N/A","#N/A","#N/A"
8d89a1e1-40a6-48fd-be65-0b0b637577e1,"#N/A","#N/A",false,Web,"#N/A","#N/A",Medium,"#N/A",New,Subject_bibhf,"#N/A","#N/A","#N/A","#N/A","#N/A"
8d8a5211-e392-4cfa-9983-60791f2f7580,"#N/A","#N/A",false,Web,"#N/A","#N/A",Medium,"#N/A",New,Subject_zvczr,"#N/A","#N/A","#N/A","#N/A","#N/A"
8d8dceae-2891-4534-b170-07127bbbbd51,"#N/A","#N/A",false,Web,"#N/A","#N/A",Medium,"#N/A",New,Subject_lrwan,"#N/A","#N/A","#N/A","#N/A","#N/A"
8d962439-5e51-4c84-b67e-462e58a53685,"#N/A","#N/A",false,Web,"#N/A","#N/A",Medium,"#N/A",New,Subject_dxdfu,"#N/A","#N/A","#N/A","#N/A","#N/A"
8d97f9d7-f776-4fa0-920a-ba25ba169f9c,"#N/A","#N/A",false,Web,"#N/A","#N/A",Medium,"#N/A",New,Subject_qdbnh,"#N/A","#N/A","#N/A","#N/A","#N/A"
8d992de7-2386-4b14-98dd-bffe95afdd5a,"#N/A","#N/A",false,Web,"#N/A","#N/A",Medium,"#N/A",New,Subject_cmojo,"#N/A","#N/A","#N/A","#N/A","#N/A"
8d9b7b84-7407-4899-81a4-5ed7b36fae68,"#N/A","#N/A",false,Web,"#N/A","#N/A",Medium,"#N/A",New,Subject_jowjr,"#N/A","#N/A","#N/A","#N/A","#N/A"
8d9c043b-0c37-4e48-a606-9a9ccf78bf31,"#N/A","#N/A",false,Web,"#N/A","#N/A",Medium,"#N/A",New,Subject_hlcgm,"#N/A","#N/A","#N/A","#N/A","#N/A"
8da05c80-2dc1-4f42-a206-3068d81d1190,"#N/A","#N/A",false,Web,"#N/A","#N/A",Medium,"#N/A",New,Subject_omela,"#N/A","#N/A","#N/A","#N/A","#N/A"
8da0abfb-f306-452b-b532-16708355c831,"#N/A","#N/A",false,Web,"#N/A","#N/A",Medium,"#N/A",New,Subject_uiqiw,"#N/A","#N/A","#N/A","#N/A","#N/A"
8da5a6f7-3990-4e25-af17-23fedc5f94dc,"#N/A","#N/A",false,Web,"#N/A","#N/A",Medium,"#N/A",New,Subject_fysxu,"#N/A","#N/A","#N/A","#N/A","#N/A"
8da6c691-ed07-4c70-b716-adf6c98e1f08,"#N/A","#N/A",false,Web,"#N/A","#N/A",Medium,"#N/A",New,Subject_olvwl,"#N/A","#N/A","#N/A","#N/A","#N/A"
8da76e9a-2d3e-4325-a59b-ac4eff53789b,"#N/A","#N/A",false,Web,"#N/A","#N/A",Medium,"#N/A",New,Subject_ppoby,"#N/A","#N/A","#N/A","#N/A","#N/A"
8da8be9b-7262-4701-9537-d4cda660c998,"#N/A","#N/A",false,Web,"#N/A","#N/A",Medium,"#N/A",New,Subject_voqck,"#N/A","#N/A","#N/A","#N/A","#N/A"
8db24df5-6ccf-4da2-90df-018cfb90f6dc,"#N/A","#N/A",false,Web,"#N/A","#N/A",Medium,"#N/A",New,Subject_vdtln,"#N/A","#N/A","#N/A","#N/A","#N/A"
8db30593-d24a-4e27-8b64-a176014bd200,"#N/A","#N/A",false,Web,"#N/A","#N/A",Medium,"#N/A",New,Subject_loeel,"#N/A","#N/A","#N/A","#N/A","#N/A"
8dba70ed-a458-4136-9122-9b40532f8eee,"#N/A","#N/A",false,Web,"#N/A","#N/A",Medium,"#N/A",New,Subject_cweav,"#N/A","#N/A","#N/A","#N/A","#N/A"
8dbc3608-50b5-4c4f-8717-e93e52c99b62,"#N/A","#N/A",false,Web,"#N/A","#N/A",Medium,"#N/A",New,Subject_ozesm,"#N/A","#N/A","#N/A","#N/A","#N/A"
8dbc93a4-7759-420a-bfc8-59bba3a28d99,"#N/A","#N/A",false,Web,"#N/A","#N/A",Medium,"#N/A",New,Subject_rrrzw,"#N/A","#N/A","#N/A","#N/A","#N/A"
8dbe4c18-8499-4e86-ae93-114c1dba5544,"#N/A","#N/A",false,Web,"#N/A","#N/A",Medium,"#N/A",New,Subject_ozqhy,"#N/A","#N/A","#N/A","#N/A","#N/A"
8dc482ed-a01b-4901-9a8a-c2b59878bd45,"#N/A","#N/A",false,Web,"#N/A","#N/A",Medium,"#N/A",New,Subject_bnplc,"#N/A","#N/A","#N/A","#N/A","#N/A"
8dc4a71f-6a3e-4fa9-b932-a35f964fdec7,"#N/A","#N/A",false,Web,"#N/A","#N/A",Medium,"#N/A",New,Subject_vboxq,"#N/A","#N/A","#N/A","#N/A","#N/A"
8dc4d82a-0d71-494b-a4ac-120f4d9f1d10,"#N/A","#N/A",false,Web,"#N/A","#N/A",Medium,"#N/A",New,Subject_imuwf,"#N/A","#N/A","#N/A","#N/A","#N/A"
8dc74bfb-e31e-4bf4-a356-5704b1a918a4,"#N/A","#N/A",false,Web,"#N/A","#N/A",Medium,"#N/A",New,Subject_tondw,"#N/A","#N/A","#N/A","#N/A","#N/A"
8dc769e9-542b-4b1d-8fc3-1ee995aedd09,"#N/A","#N/A",false,Web,"#N/A","#N/A",Medium,"#N/A",New,Subject_yoihu,"#N/A","#N/A","#N/A","#N/A","#N/A"
8dc8df2a-3bd2-429d-bd0a-3814742a3c30,"#N/A","#N/A",false,Web,"#N/A","#N/A",Medium,"#N/A",New,Subject_vhfvl,"#N/A","#N/A","#N/A","#N/A","#N/A"
8dca7069-30bd-41b6-8c8d-eb587493f1d4,"#N/A","#N/A",false,Web,"#N/A","#N/A",Medium,"#N/A",New,Subject_fgwvs,"#N/A","#N/A","#N/A","#N/A","#N/A"
8dcde25e-fc07-4e29-99f6-cc830ad12aeb,"#N/A","#N/A",false,Web,"#N/A","#N/A",Medium,"#N/A",New,Subject_jhjvq,"#N/A","#N/A","#N/A","#N/A","#N/A"
8dce696c-0c0e-4a30-b9f5-1d912179d831,"#N/A","#N/A",false,Web,"#N/A","#N/A",Medium,"#N/A",New,Subject_dsilj,"#N/A","#N/A","#N/A","#N/A","#N/A"
8dd0f2bb-5508-4d18-b78e-210aee809170,"#N/A","#N/A",false,Web,"#N/A","#N/A",Medium,"#N/A",New,Subject_devig,"#N/A","#N/A","#N/A","#N/A","#N/A"
8dd57983-9ecd-434e-8682-579810033d3d,"#N/A","#N/A",false,Web,"#N/A","#N/A",Medium,"#N/A",New,Subject_cuzpo,"#N/A","#N/A","#N/A","#N/A","#N/A"
8dd90f13-d37c-4cd1-b4b7-1d0cd97eb400,"#N/A","#N/A",false,Web,"#N/A","#N/A",Medium,"#N/A",New,Subject_iakav,"#N/A","#N/A","#N/A","#N/A","#N/A"
8ddde3c6-22a6-49f7-9dc7-78bcad965c62,"#N/A","#N/A",false,Web,"#N/A","#N/A",Medium,"#N/A",New,Subject_njbsu,"#N/A","#N/A","#N/A","#N/A","#N/A"
8de4f9d8-fabb-40b6-8d26-ede4698bb383,"#N/A","#N/A",false,Web,"#N/A","#N/A",Medium,"#N/A",New,Subject_hodby,"#N/A","#N/A","#N/A","#N/A","#N/A"
8de53504-6d98-4226-92f8-a9f87987c220,"#N/A","#N/A",false,Web,"#N/A","#N/A",Medium,"#N/A",New,Subject_orori,"#N/A","#N/A","#N/A","#N/A","#N/A"
8de575de-1f00-4b67-b229-aa63eed30899,"#N/A","#N/A",false,Web,"#N/A","#N/A",Medium,"#N/A",New,Subject_csnjn,"#N/A","#N/A","#N/A","#N/A","#N/A"
8de6b309-287d-4097-9dcd-0069dc97390b,"#N/A","#N/A",false,Web,"#N/A","#N/A",Medium,"#N/A",New,Subject_pkwsv,"#N/A","#N/A","#N/A","#N/A","#N/A"
8df4244b-5aea-454e-9257-264eda44c737,"#N/A","#N/A",false,Web,"#N/A","#N/A",Medium,"#N/A",New,Subject_utdqu,"#N/A","#N/A","#N/A","#N/A","#N/A"
8df82c1b-5c2d-484e-acac-fd5a58d7860d,"#N/A","#N/A",false,Web,"#N/A","#N/A",Medium,"#N/A",New,Subject_lihad,"#N/A","#N/A","#N/A","#N/A","#N/A"
8df92408-9281-4880-a6c1-01420a4608ea,"#N/A","#N/A",false,Web,"#N/A","#N/A",Medium,"#N/A",New,Subject_ecpza,"#N/A","#N/A","#N/A","#N/A","#N/A"
8df96d48-601a-44f5-9813-b1cde3ff1140,"#N/A","#N/A",false,Web,"#N/A","#N/A",Medium,"#N/A",New,Subject_olknf,"#N/A","#N/A","#N/A","#N/A","#N/A"
8dff741e-9e10-4096-85ba-c0c3fefaeb7a,"#N/A","#N/A",false,Web,"#N/A","#N/A",Medium,"#N/A",New,Subject_kiohn,"#N/A","#N/A","#N/A","#N/A","#N/A"
8e059113-9237-4f06-ac6c-a55192a6c4e4,"#N/A","#N/A",false,Web,"#N/A","#N/A",Medium,"#N/A",New,Subject_orefr,"#N/A","#N/A","#N/A","#N/A","#N/A"
8e05d204-e2db-4f89-b588-b4cb9b8fe3ce,"#N/A","#N/A",false,Web,"#N/A","#N/A",Medium,"#N/A",New,Subject_nnsfc,"#N/A","#N/A","#N/A","#N/A","#N/A"
8e06aa3d-9bd5-4022-8b42-72de4ee24585,"#N/A","#N/A",false,Web,"#N/A","#N/A",Medium,"#N/A",New,Subject_ywood,"#N/A","#N/A","#N/A","#N/A","#N/A"
8e087753-ecc9-4c57-be22-d67330975414,"#N/A","#N/A",false,Web,"#N/A","#N/A",Medium,"#N/A",New,Subject_imxlm,"#N/A","#N/A","#N/A","#N/A","#N/A"
8e09e9b3-8152-4b37-bad1-07f81b29498c,"#N/A","#N/A",false,Web,"#N/A","#N/A",Medium,"#N/A",New,Subject_sdocy,"#N/A","#N/A","#N/A","#N/A","#N/A"
8e0b52c5-2f0b-4829-b024-016782af1fc2,"#N/A","#N/A",false,Web,"#N/A","#N/A",Medium,"#N/A",New,Subject_jaezk,"#N/A","#N/A","#N/A","#N/A","#N/A"
8e10ac2c-1914-4368-a6a3-1a6c69acd332,"#N/A","#N/A",false,Web,"#N/A","#N/A",Medium,"#N/A",New,Subject_szyuj,"#N/A","#N/A","#N/A","#N/A","#N/A"
8e1668ad-a032-49c4-90b6-aab61310204f,"#N/A","#N/A",false,Web,"#N/A","#N/A",Medium,"#N/A",New,Subject_pwwaw,"#N/A","#N/A","#N/A","#N/A","#N/A"
8e168e51-9754-4b40-bfa1-b6cfd3ff559a,"#N/A","#N/A",false,Web,"#N/A","#N/A",Medium,"#N/A",New,Subject_gduct,"#N/A","#N/A","#N/A","#N/A","#N/A"
8e171314-b39d-4f76-9a5c-7f09590e0094,"#N/A","#N/A",false,Web,"#N/A","#N/A",Medium,"#N/A",New,Subject_owkiz,"#N/A","#N/A","#N/A","#N/A","#N/A"
8e1751c5-1663-4359-b2af-9d565598d73e,"#N/A","#N/A",false,Web,"#N/A","#N/A",Medium,"#N/A",New,Subject_zhysz,"#N/A","#N/A","#N/A","#N/A","#N/A"
8e1b03b3-4e49-47c9-8aa4-c3236c3a1452,"#N/A","#N/A",false,Web,"#N/A","#N/A",Medium,"#N/A",New,Subject_tdunl,"#N/A","#N/A","#N/A","#N/A","#N/A"
8e1c9c6e-59c6-41eb-a9a4-3daaa9062e90,"#N/A","#N/A",false,Web,"#N/A","#N/A",Medium,"#N/A",New,Subject_inmte,"#N/A","#N/A","#N/A","#N/A","#N/A"
8e1d3e57-48cb-48b0-9acf-10ad18056a3a,"#N/A","#N/A",false,Web,"#N/A","#N/A",Medium,"#N/A",New,Subject_eorpt,"#N/A","#N/A","#N/A","#N/A","#N/A"
8e1f7a69-c0b2-4985-8d49-1a7c4369dde3,"#N/A","#N/A",false,Web,"#N/A","#N/A",Medium,"#N/A",New,Subject_bcdhx,"#N/A","#N/A","#N/A","#N/A","#N/A"
8e20415b-2e5c-41e6-9c4c-8557a39393e9,"#N/A","#N/A",false,Web,"#N/A","#N/A",Medium,"#N/A",New,Subject_lhgkj,"#N/A","#N/A","#N/A","#N/A","#N/A"
8e209800-380c-444d-a093-8c14909e7025,"#N/A","#N/A",false,Web,"#N/A","#N/A",Medium,"#N/A",New,Subject_uvsnc,"#N/A","#N/A","#N/A","#N/A","#N/A"
8e20e474-76d2-48cf-b754-905b160c7e16,"#N/A","#N/A",false,Web,"#N/A","#N/A",Medium,"#N/A",New,Subject_ooieh,"#N/A","#N/A","#N/A","#N/A","#N/A"
8e23ffca-cfd0-41f4-8dea-f8dbbb2ca894,"#N/A","#N/A",false,Web,"#N/A","#N/A",Medium,"#N/A",New,Subject_gjell,"#N/A","#N/A","#N/A","#N/A","#N/A"
8e2410bc-586b-4824-a943-09a1f453002e,"#N/A","#N/A",false,Web,"#N/A","#N/A",Medium,"#N/A",New,Subject_ufckk,"#N/A","#N/A","#N/A","#N/A","#N/A"
8e243bcc-a158-4879-9812-188b007e8dce,"#N/A","#N/A",false,Web,"#N/A","#N/A",Medium,"#N/A",New,Subject_hlcbn,"#N/A","#N/A","#N/A","#N/A","#N/A"
8e255ec4-ee6a-4706-91d1-f8b0b87fdf95,"#N/A","#N/A",false,Web,"#N/A","#N/A",Medium,"#N/A",New,Subject_vbnjr,"#N/A","#N/A","#N/A","#N/A","#N/A"
8e25a597-4982-4598-94b4-9425bc54b0c1,"#N/A","#N/A",false,Web,"#N/A","#N/A",Medium,"#N/A",New,Subject_hdvtt,"#N/A","#N/A","#N/A","#N/A","#N/A"
8e27d20c-9386-4f57-963c-00920fcb79b8,"#N/A","#N/A",false,Web,"#N/A","#N/A",Medium,"#N/A",New,Subject_aaqza,"#N/A","#N/A","#N/A","#N/A","#N/A"
8e2a178a-ff36-44d0-9306-d11e5606f028,"#N/A","#N/A",false,Web,"#N/A","#N/A",Medium,"#N/A",New,Subject_ejuub,"#N/A","#N/A","#N/A","#N/A","#N/A"
8e2fd42e-b7a5-4526-817b-b1846adc9576,"#N/A","#N/A",false,Web,"#N/A","#N/A",Medium,"#N/A",New,Subject_bxjqq,"#N/A","#N/A","#N/A","#N/A","#N/A"
8e326ede-f2c0-4c72-a51e-69bb5dd7723f,"#N/A","#N/A",false,Web,"#N/A","#N/A",Medium,"#N/A",New,Subject_chldi,"#N/A","#N/A","#N/A","#N/A","#N/A"
8e350fdd-683e-4d54-9a71-8304cc0a3c5e,"#N/A","#N/A",false,Web,"#N/A","#N/A",Medium,"#N/A",New,Subject_fkqbc,"#N/A","#N/A","#N/A","#N/A","#N/A"
8e35b772-5686-4249-b68a-12168db04f8f,"#N/A","#N/A",false,Web,"#N/A","#N/A",Medium,"#N/A",New,Subject_arkem,"#N/A","#N/A","#N/A","#N/A","#N/A"
8e3e8125-7cb0-49a2-b6cf-ede9c8744e59,"#N/A","#N/A",false,Web,"#N/A","#N/A",Medium,"#N/A",New,Subject_ollny,"#N/A","#N/A","#N/A","#N/A","#N/A"
8e43fd13-7ce9-4136-9376-64e489396849,"#N/A","#N/A",false,Web,"#N/A","#N/A",Medium,"#N/A",New,Subject_vigvk,"#N/A","#N/A","#N/A","#N/A","#N/A"
8e44a566-41ff-4e45-a5d4-7a2dee4e94c1,"#N/A","#N/A",false,Web,"#N/A","#N/A",Medium,"#N/A",New,Subject_lnxol,"#N/A","#N/A","#N/A","#N/A","#N/A"
8e44ba21-f348-4803-af6d-84804fd57127,"#N/A","#N/A",false,Web,"#N/A","#N/A",Medium,"#N/A",New,Subject_nncbc,"#N/A","#N/A","#N/A","#N/A","#N/A"
8e4ba837-d46f-4b6d-a4b6-ad6dbaa6c7c8,"#N/A","#N/A",false,Web,"#N/A","#N/A",Medium,"#N/A",New,Subject_afidu,"#N/A","#N/A","#N/A","#N/A","#N/A"
8e4d2996-872f-4342-b518-881111e18276,"#N/A","#N/A",false,Web,"#N/A","#N/A",Medium,"#N/A",New,Subject_nstbr,"#N/A","#N/A","#N/A","#N/A","#N/A"
8e4f7c7f-ff86-46e2-9514-646a0c1149d5,"#N/A","#N/A",false,Web,"#N/A","#N/A",Medium,"#N/A",New,Subject_byarl,"#N/A","#N/A","#N/A","#N/A","#N/A"
8e526298-4244-4936-a962-fd5a516117e1,"#N/A","#N/A",false,Web,"#N/A","#N/A",Medium,"#N/A",New,Subject_jhwtp,"#N/A","#N/A","#N/A","#N/A","#N/A"
8e54c3ce-4898-4980-bd5c-fdb58629b0d4,"#N/A","#N/A",false,Web,"#N/A","#N/A",Medium,"#N/A",New,Subject_ibsgk,"#N/A","#N/A","#N/A","#N/A","#N/A"
8e559b34-1d67-401e-9585-50c185fcdc43,"#N/A","#N/A",false,Web,"#N/A","#N/A",Medium,"#N/A",New,Subject_iypio,"#N/A","#N/A","#N/A","#N/A","#N/A"
8e56d749-007f-4622-a3fe-0e2c6f1b54b5,"#N/A","#N/A",false,Web,"#N/A","#N/A",Medium,"#N/A",New,Subject_whghy,"#N/A","#N/A","#N/A","#N/A","#N/A"
8e590f25-253d-49cd-8948-03eb0528900b,"#N/A","#N/A",false,Web,"#N/A","#N/A",Medium,"#N/A",New,Subject_prpeb,"#N/A","#N/A","#N/A","#N/A","#N/A"
8e599cf1-8b65-4cf6-80b7-24ff341fb5f1,"#N/A","#N/A",false,Web,"#N/A","#N/A",Medium,"#N/A",New,Subject_epofv,"#N/A","#N/A","#N/A","#N/A","#N/A"
8e6039f7-c7dd-4e51-8bab-333eb433bbdd,"#N/A","#N/A",false,Web,"#N/A","#N/A",Medium,"#N/A",New,Subject_srwvu,"#N/A","#N/A","#N/A","#N/A","#N/A"
8e614909-a113-4fa3-9f8b-3403fef4bc79,"#N/A","#N/A",false,Web,"#N/A","#N/A",Medium,"#N/A",New,Subject_pkara,"#N/A","#N/A","#N/A","#N/A","#N/A"
8e61da28-3113-453f-8e0f-8f0b16c73939,"#N/A","#N/A",false,Web,"#N/A","#N/A",Medium,"#N/A",New,Subject_wuxxt,"#N/A","#N/A","#N/A","#N/A","#N/A"
8e6ebb9f-a25a-458f-81bd-5c74d861ac00,"#N/A","#N/A",false,Web,"#N/A","#N/A",Medium,"#N/A",New,Subject_zuolv,"#N/A","#N/A","#N/A","#N/A","#N/A"
8e74e257-54bc-442e-b744-65fd67eae405,"#N/A","#N/A",false,Web,"#N/A","#N/A",Medium,"#N/A",New,Subject_ncnvq,"#N/A","#N/A","#N/A","#N/A","#N/A"
8e753277-3ab5-41fa-ac3c-fb0ffc269453,"#N/A","#N/A",false,Web,"#N/A","#N/A",Medium,"#N/A",New,Subject_yfezq,"#N/A","#N/A","#N/A","#N/A","#N/A"
8e80d0a4-0915-41c1-bfc2-8ac5817831e7,"#N/A","#N/A",false,Web,"#N/A","#N/A",Medium,"#N/A",New,Subject_nawjy,"#N/A","#N/A","#N/A","#N/A","#N/A"
8e891b98-4ff4-4e0c-a5c8-2830a11eea0b,"#N/A","#N/A",false,Web,"#N/A","#N/A",Medium,"#N/A",New,Subject_fiwvm,"#N/A","#N/A","#N/A","#N/A","#N/A"
8e8ad10d-0fdf-47be-85ec-bd64b6f142af,"#N/A","#N/A",false,Web,"#N/A","#N/A",Medium,"#N/A",New,Subject_nrbss,"#N/A","#N/A","#N/A","#N/A","#N/A"
8e919b50-a9c8-4c3a-b02c-cc42d29106af,"#N/A","#N/A",false,Web,"#N/A","#N/A",Medium,"#N/A",New,Subject_bhiqs,"#N/A","#N/A","#N/A","#N/A","#N/A"
8e9317c7-4405-4668-8f13-81c015a1ccb8,"#N/A","#N/A",false,Web,"#N/A","#N/A",Medium,"#N/A",New,Subject_mybeh,"#N/A","#N/A","#N/A","#N/A","#N/A"
8e96eab6-4a73-4233-94d6-5dd880595d88,"#N/A","#N/A",false,Web,"#N/A","#N/A",Medium,"#N/A",New,Subject_hsjdo,"#N/A","#N/A","#N/A","#N/A","#N/A"
8e97c677-597c-4a1c-aa3a-7c844e3be204,"#N/A","#N/A",false,Web,"#N/A","#N/A",Medium,"#N/A",New,Subject_oircf,"#N/A","#N/A","#N/A","#N/A","#N/A"
8e9900e6-cb3b-4d72-a8f6-d737e4332245,"#N/A","#N/A",false,Web,"#N/A","#N/A",Medium,"#N/A",New,Subject_rooyr,"#N/A","#N/A","#N/A","#N/A","#N/A"
8e9de0c2-9377-4097-9796-6acf9161d2be,"#N/A","#N/A",false,Web,"#N/A","#N/A",Medium,"#N/A",New,Subject_qvfkd,"#N/A","#N/A","#N/A","#N/A","#N/A"
8ea8c2fe-b360-4c61-815c-e409b03c4f9f,"#N/A","#N/A",false,Web,"#N/A","#N/A",Medium,"#N/A",New,Subject_ztowp,"#N/A","#N/A","#N/A","#N/A","#N/A"
8ea9451f-81bf-4ee9-b2b9-1a9127a1c946,"#N/A","#N/A",false,Web,"#N/A","#N/A",Medium,"#N/A",New,Subject_ljmsm,"#N/A","#N/A","#N/A","#N/A","#N/A"
8eaa8ac7-6d2f-47f7-a40e-fc2f651d4116,"#N/A","#N/A",false,Web,"#N/A","#N/A",Medium,"#N/A",New,Subject_poual,"#N/A","#N/A","#N/A","#N/A","#N/A"
8eab25f6-0a61-4f02-bcd9-6fabb2ce1b33,"#N/A","#N/A",false,Web,"#N/A","#N/A",Medium,"#N/A",New,Subject_xpeqe,"#N/A","#N/A","#N/A","#N/A","#N/A"
8eadc2b2-a81c-4bba-802f-393c531b67cc,"#N/A","#N/A",false,Web,"#N/A","#N/A",Medium,"#N/A",New,Subject_frqoe,"#N/A","#N/A","#N/A","#N/A","#N/A"
8eaf1f77-1533-44a8-8a62-9cfa07544b24,"#N/A","#N/A",false,Web,"#N/A","#N/A",Medium,"#N/A",New,Subject_fbnsk,"#N/A","#N/A","#N/A","#N/A","#N/A"
8eaf839b-514f-46a4-8e94-f459d006166b,"#N/A","#N/A",false,Web,"#N/A","#N/A",Medium,"#N/A",New,Subject_eofmg,"#N/A","#N/A","#N/A","#N/A","#N/A"
8eb170d4-9228-4048-aa4d-4e5f3fe8b137,"#N/A","#N/A",false,Web,"#N/A","#N/A",Medium,"#N/A",New,Subject_viycl,"#N/A","#N/A","#N/A","#N/A","#N/A"
8eb2adc3-2e09-4ce0-b4cf-482e45404a27,"#N/A","#N/A",false,Web,"#N/A","#N/A",Medium,"#N/A",New,Subject_ksbtz,"#N/A","#N/A","#N/A","#N/A","#N/A"
8ebc825a-96fd-44bf-805b-da62199e4dd9,"#N/A","#N/A",false,Web,"#N/A","#N/A",Medium,"#N/A",New,Subject_zwonh,"#N/A","#N/A","#N/A","#N/A","#N/A"
8ebc9401-d577-4294-9703-128ecc4d61f5,"#N/A","#N/A",false,Web,"#N/A","#N/A",Medium,"#N/A",New,Subject_rdemk,"#N/A","#N/A","#N/A","#N/A","#N/A"
8ebe4577-bc5e-446a-9013-c0b0f0079b55,"#N/A","#N/A",false,Web,"#N/A","#N/A",Medium,"#N/A",New,Subject_qesqo,"#N/A","#N/A","#N/A","#N/A","#N/A"
8ec0d1f0-a407-46d5-8203-a2fa9d2d24e6,"#N/A","#N/A",false,Web,"#N/A","#N/A",Medium,"#N/A",New,Subject_qxhhd,"#N/A","#N/A","#N/A","#N/A","#N/A"
8ec1cb76-3576-4afe-b13e-a89170f5431f,"#N/A","#N/A",false,Web,"#N/A","#N/A",Medium,"#N/A",New,Subject_fxlrx,"#N/A","#N/A","#N/A","#N/A","#N/A"
8ec6b0eb-4f14-4de7-8237-afecf528ccd3,"#N/A","#N/A",false,Web,"#N/A","#N/A",Medium,"#N/A",New,Subject_nedyw,"#N/A","#N/A","#N/A","#N/A","#N/A"
8ecc5151-768a-4c1d-8b60-ca0323e663b0,"#N/A","#N/A",false,Web,"#N/A","#N/A",Medium,"#N/A",New,Subject_tttwe,"#N/A","#N/A","#N/A","#N/A","#N/A"
8ecd202a-d774-4ed0-82e9-5fe7a0960ad4,"#N/A","#N/A",false,Web,"#N/A","#N/A",Medium,"#N/A",New,Subject_rjxmk,"#N/A","#N/A","#N/A","#N/A","#N/A"
8ecf77fb-c3da-4491-9509-e88c00bc17f6,"#N/A","#N/A",false,Web,"#N/A","#N/A",Medium,"#N/A",New,Subject_cxyfb,"#N/A","#N/A","#N/A","#N/A","#N/A"
8ed0313c-980f-4ab7-aa50-da4def9ea7d8,"#N/A","#N/A",false,Web,"#N/A","#N/A",Medium,"#N/A",New,Subject_recnc,"#N/A","#N/A","#N/A","#N/A","#N/A"
8ed04d55-c825-4e48-b1d0-c592b95e3add,"#N/A","#N/A",false,Web,"#N/A","#N/A",Medium,"#N/A",New,Subject_sizwl,"#N/A","#N/A","#N/A","#N/A","#N/A"
8ed327d3-70cf-4d2f-bf6f-07468fd16a2f,"#N/A","#N/A",false,Web,"#N/A","#N/A",Medium,"#N/A",New,Subject_kmzfc,"#N/A","#N/A","#N/A","#N/A","#N/A"
8ed42f11-f436-4bd0-a8c2-5a0338d5d38f,"#N/A","#N/A",false,Web,"#N/A","#N/A",Medium,"#N/A",New,Subject_kdmsd,"#N/A","#N/A","#N/A","#N/A","#N/A"
8eda0390-8bae-4eea-8764-7bed1e6e03ba,"#N/A","#N/A",false,Web,"#N/A","#N/A",Medium,"#N/A",New,Subject_rxbzv,"#N/A","#N/A","#N/A","#N/A","#N/A"
8edc772e-3d8c-4c28-ac62-a497ec20148e,"#N/A","#N/A",false,Web,"#N/A","#N/A",Medium,"#N/A",New,Subject_afgse,"#N/A","#N/A","#N/A","#N/A","#N/A"
8edccf3c-1fe1-497a-89ea-9d0545a7d369,"#N/A","#N/A",false,Web,"#N/A","#N/A",Medium,"#N/A",New,Subject_uetjx,"#N/A","#N/A","#N/A","#N/A","#N/A"
8edfa401-9e02-43d3-b5b6-da1b870dd201,"#N/A","#N/A",false,Web,"#N/A","#N/A",Medium,"#N/A",New,Subject_pgfsh,"#N/A","#N/A","#N/A","#N/A","#N/A"
8ee013cf-fb53-49cf-907d-bde7c2b28bc5,"#N/A","#N/A",false,Web,"#N/A","#N/A",Medium,"#N/A",New,Subject_nygye,"#N/A","#N/A","#N/A","#N/A","#N/A"
8ee50618-a2b8-4aca-a4d4-8b95b4be56b3,"#N/A","#N/A",false,Web,"#N/A","#N/A",Medium,"#N/A",New,Subject_hjgvy,"#N/A","#N/A","#N/A","#N/A","#N/A"
8ee94a73-5504-437b-bb85-4dfd645be84e,"#N/A","#N/A",false,Web,"#N/A","#N/A",Medium,"#N/A",New,Subject_xjmwr,"#N/A","#N/A","#N/A","#N/A","#N/A"
8eedd255-8009-4df2-997d-2c708541b870,"#N/A","#N/A",false,Web,"#N/A","#N/A",Medium,"#N/A",New,Subject_wihxp,"#N/A","#N/A","#N/A","#N/A","#N/A"
8ef19105-75f6-4fca-ab52-181dea66299e,"#N/A","#N/A",false,Web,"#N/A","#N/A",Medium,"#N/A",New,Subject_wokip,"#N/A","#N/A","#N/A","#N/A","#N/A"
8ef297b2-3789-4940-8470-18b1ea0244cc,"#N/A","#N/A",false,Web,"#N/A","#N/A",Medium,"#N/A",New,Subject_uefbg,"#N/A","#N/A","#N/A","#N/A","#N/A"
8ef4e3df-de08-4117-9da5-362793d091b6,"#N/A","#N/A",false,Web,"#N/A","#N/A",Medium,"#N/A",New,Subject_koccn,"#N/A","#N/A","#N/A","#N/A","#N/A"
8ef5f07b-3d6a-43c5-ba38-1aa5ff5ee480,"#N/A","#N/A",false,Web,"#N/A","#N/A",Medium,"#N/A",New,Subject_vpbsw,"#N/A","#N/A","#N/A","#N/A","#N/A"
8ef63c84-2564-4b8a-aad4-a124c16f698b,"#N/A","#N/A",false,Web,"#N/A","#N/A",Medium,"#N/A",New,Subject_injoj,"#N/A","#N/A","#N/A","#N/A","#N/A"
8efb79c3-90d2-41e8-8bc3-f09e1b7879b3,"#N/A","#N/A",false,Web,"#N/A","#N/A",Medium,"#N/A",New,Subject_tcpbf,"#N/A","#N/A","#N/A","#N/A","#N/A"
8efcc33d-e483-4419-8927-36910d8c0e78,"#N/A","#N/A",false,Web,"#N/A","#N/A",Medium,"#N/A",New,Subject_pszau,"#N/A","#N/A","#N/A","#N/A","#N/A"
8efcc5f9-f796-4759-81d7-5bcf9812a3c7,"#N/A","#N/A",false,Web,"#N/A","#N/A",Medium,"#N/A",New,Subject_znysm,"#N/A","#N/A","#N/A","#N/A","#N/A"
8efd329a-778b-4314-b8b4-d7d3522f7bfb,"#N/A","#N/A",false,Web,"#N/A","#N/A",Medium,"#N/A",New,Subject_hnhqw,"#N/A","#N/A","#N/A","#N/A","#N/A"
8f0438c9-6efd-4481-865a-71d66df82f21,"#N/A","#N/A",false,Web,"#N/A","#N/A",Medium,"#N/A",New,Subject_yatyk,"#N/A","#N/A","#N/A","#N/A","#N/A"
8f05152a-d01b-45b9-b60a-419a8b64559d,"#N/A","#N/A",false,Web,"#N/A","#N/A",Medium,"#N/A",New,Subject_cmdue,"#N/A","#N/A","#N/A","#N/A","#N/A"
8f0649d0-d226-4e58-ae2b-8108171fd177,"#N/A","#N/A",false,Web,"#N/A","#N/A",Medium,"#N/A",New,Subject_hmeco,"#N/A","#N/A","#N/A","#N/A","#N/A"
8f08a43a-673e-418d-8901-89723304011f,"#N/A","#N/A",false,Web,"#N/A","#N/A",Medium,"#N/A",New,Subject_qgxez,"#N/A","#N/A","#N/A","#N/A","#N/A"
8f0d1973-a9e2-4828-a2cf-200c6398df25,"#N/A","#N/A",false,Web,"#N/A","#N/A",Medium,"#N/A",New,Subject_hbpiu,"#N/A","#N/A","#N/A","#N/A","#N/A"
8f103a30-2ad0-4ef8-a920-eae71631edc6,"#N/A","#N/A",false,Web,"#N/A","#N/A",Medium,"#N/A",New,Subject_djosc,"#N/A","#N/A","#N/A","#N/A","#N/A"
8f1248cb-779f-47e1-8ccc-32961e21ebd5,"#N/A","#N/A",false,Web,"#N/A","#N/A",Medium,"#N/A",New,Subject_xuidi,"#N/A","#N/A","#N/A","#N/A","#N/A"
8f161614-9b7e-40fc-b8e6-ee47dbc3c686,"#N/A","#N/A",false,Web,"#N/A","#N/A",Medium,"#N/A",New,Subject_zruke,"#N/A","#N/A","#N/A","#N/A","#N/A"
8f16ee72-3733-4ff1-9d42-9bf6e72b9547,"#N/A","#N/A",false,Web,"#N/A","#N/A",Medium,"#N/A",New,Subject_sipky,"#N/A","#N/A","#N/A","#N/A","#N/A"
8f16ee7d-8ec8-4bef-ab42-9328710867b1,"#N/A","#N/A",false,Web,"#N/A","#N/A",Medium,"#N/A",New,Subject_hdhrw,"#N/A","#N/A","#N/A","#N/A","#N/A"
8f173d93-42f5-4396-baa4-90360e3f59fe,"#N/A","#N/A",false,Web,"#N/A","#N/A",Medium,"#N/A",New,Subject_berbl,"#N/A","#N/A","#N/A","#N/A","#N/A"
8f1972e2-b1d4-4f3e-9632-366fd8f9337f,"#N/A","#N/A",false,Web,"#N/A","#N/A",Medium,"#N/A",New,Subject_lepuu,"#N/A","#N/A","#N/A","#N/A","#N/A"
8f1a9cff-9237-40c7-997c-6ae64a4c7c1d,"#N/A","#N/A",false,Web,"#N/A","#N/A",Medium,"#N/A",New,Subject_axnqs,"#N/A","#N/A","#N/A","#N/A","#N/A"
8f1be895-f887-4727-9276-0bb104513f77,"#N/A","#N/A",false,Web,"#N/A","#N/A",Medium,"#N/A",New,Subject_sffob,"#N/A","#N/A","#N/A","#N/A","#N/A"
8f1c9cd7-0cf3-4330-b2bb-3ce8e00c8704,"#N/A","#N/A",false,Web,"#N/A","#N/A",Medium,"#N/A",New,Subject_rhnnh,"#N/A","#N/A","#N/A","#N/A","#N/A"
8f1dbf31-80fe-41d0-a935-f857e38b5275,"#N/A","#N/A",false,Web,"#N/A","#N/A",Medium,"#N/A",New,Subject_jmfyv,"#N/A","#N/A","#N/A","#N/A","#N/A"
8f25df1a-3750-4097-b489-7ad11d684450,"#N/A","#N/A",false,Web,"#N/A","#N/A",Medium,"#N/A",New,Subject_erwcj,"#N/A","#N/A","#N/A","#N/A","#N/A"
8f25f29e-6b9d-4f5b-93cd-bd3842e5632e,"#N/A","#N/A",false,Web,"#N/A","#N/A",Medium,"#N/A",New,Subject_mvonu,"#N/A","#N/A","#N/A","#N/A","#N/A"
8f2d29f8-e6f7-497a-aeb2-4f02562bdc24,"#N/A","#N/A",false,Web,"#N/A","#N/A",Medium,"#N/A",New,Subject_dxdrl,"#N/A","#N/A","#N/A","#N/A","#N/A"
8f2dba27-abd7-4527-9139-a98682ed74a6,"#N/A","#N/A",false,Web,"#N/A","#N/A",Medium,"#N/A",New,Subject_mnciw,"#N/A","#N/A","#N/A","#N/A","#N/A"
8f2e25ba-7c6f-4991-aa20-399890fc5655,"#N/A","#N/A",false,Web,"#N/A","#N/A",Medium,"#N/A",New,Subject_zkgho,"#N/A","#N/A","#N/A","#N/A","#N/A"
8f325872-8527-4633-bf48-1685f93a3271,"#N/A","#N/A",false,Web,"#N/A","#N/A",Medium,"#N/A",New,Subject_wnfur,"#N/A","#N/A","#N/A","#N/A","#N/A"
8f37a7d7-b38a-45ea-be38-e24ba87f4ede,"#N/A","#N/A",false,Web,"#N/A","#N/A",Medium,"#N/A",New,Subject_talrk,"#N/A","#N/A","#N/A","#N/A","#N/A"
8f39780d-a8b9-47b9-85c6-848a6e938a37,"#N/A","#N/A",false,Web,"#N/A","#N/A",Medium,"#N/A",New,Subject_wcfyz,"#N/A","#N/A","#N/A","#N/A","#N/A"
8f3cfb46-293a-4c8c-a4b1-f915cdfb1aaa,"#N/A","#N/A",false,Web,"#N/A","#N/A",Medium,"#N/A",New,Subject_axtra,"#N/A","#N/A","#N/A","#N/A","#N/A"
8f401a36-51fd-4761-8e17-38c8e9fcca3b,"#N/A","#N/A",false,Web,"#N/A","#N/A",Medium,"#N/A",New,Subject_pnhii,"#N/A","#N/A","#N/A","#N/A","#N/A"
8f48d857-fd60-4b00-9cfa-fe16ab005622,"#N/A","#N/A",false,Web,"#N/A","#N/A",Medium,"#N/A",New,Subject_udumd,"#N/A","#N/A","#N/A","#N/A","#N/A"
8f49118d-cd84-40a6-b160-c193fd7b369d,"#N/A","#N/A",false,Web,"#N/A","#N/A",Medium,"#N/A",New,Subject_hqmly,"#N/A","#N/A","#N/A","#N/A","#N/A"
8f491433-b7ce-4c3a-bfbb-1174d66f425e,"#N/A","#N/A",false,Web,"#N/A","#N/A",Medium,"#N/A",New,Subject_wamsl,"#N/A","#N/A","#N/A","#N/A","#N/A"
8f4b856b-6726-437c-9d90-76158abb7812,"#N/A","#N/A",false,Web,"#N/A","#N/A",Medium,"#N/A",New,Subject_ybdbn,"#N/A","#N/A","#N/A","#N/A","#N/A"
8f5086a5-7f76-407b-8a59-94650d15b673,"#N/A","#N/A",false,Web,"#N/A","#N/A",Medium,"#N/A",New,Subject_vfzqe,"#N/A","#N/A","#N/A","#N/A","#N/A"
8f510787-77a0-42b1-9b22-78bc9380b654,"#N/A","#N/A",false,Web,"#N/A","#N/A",Medium,"#N/A",New,Subject_kugty,"#N/A","#N/A","#N/A","#N/A","#N/A"
8f51571d-4256-4a86-a376-48bb6f3011a9,"#N/A","#N/A",false,Web,"#N/A","#N/A",Medium,"#N/A",New,Subject_fbtwt,"#N/A","#N/A","#N/A","#N/A","#N/A"
8f54dcfb-9712-441b-b9ba-7712b8e8102b,"#N/A","#N/A",false,Web,"#N/A","#N/A",Medium,"#N/A",New,Subject_tdlvs,"#N/A","#N/A","#N/A","#N/A","#N/A"
8f560e35-7807-495d-86b9-ac52f1549bc8,"#N/A","#N/A",false,Web,"#N/A","#N/A",Medium,"#N/A",New,Subject_qvkar,"#N/A","#N/A","#N/A","#N/A","#N/A"
8f565d8d-68d8-4c2c-bc43-9dc49a3a6d07,"#N/A","#N/A",false,Web,"#N/A","#N/A",Medium,"#N/A",New,Subject_wmsdl,"#N/A","#N/A","#N/A","#N/A","#N/A"
8f56c03a-166b-4448-80fa-fdb6c5fe5185,"#N/A","#N/A",false,Web,"#N/A","#N/A",Medium,"#N/A",New,Subject_gndjd,"#N/A","#N/A","#N/A","#N/A","#N/A"
8f579299-6412-4212-a8ad-4422ea88e5c9,"#N/A","#N/A",false,Web,"#N/A","#N/A",Medium,"#N/A",New,Subject_pskku,"#N/A","#N/A","#N/A","#N/A","#N/A"
8f581aaa-9d26-4669-9fba-3bb197aa0358,"#N/A","#N/A",false,Web,"#N/A","#N/A",Medium,"#N/A",New,Subject_aaqex,"#N/A","#N/A","#N/A","#N/A","#N/A"
8f5e53a8-c99d-44cc-92e0-2a49da607eac,"#N/A","#N/A",false,Web,"#N/A","#N/A",Medium,"#N/A",New,Subject_xfkfo,"#N/A","#N/A","#N/A","#N/A","#N/A"
8f5fe669-cb67-405d-92d5-4d8554515db4,"#N/A","#N/A",false,Web,"#N/A","#N/A",Medium,"#N/A",New,Subject_cturf,"#N/A","#N/A","#N/A","#N/A","#N/A"
8f60ffb5-275a-4e37-b443-087f96f63cb2,"#N/A","#N/A",false,Web,"#N/A","#N/A",Medium,"#N/A",New,Subject_gqpgc,"#N/A","#N/A","#N/A","#N/A","#N/A"
8f63ad2d-7d46-4fbb-ba95-95ee6a6fbe16,"#N/A","#N/A",false,Web,"#N/A","#N/A",Medium,"#N/A",New,Subject_jvnjz,"#N/A","#N/A","#N/A","#N/A","#N/A"
8f6669a3-38de-4ce4-bafa-49fb7fe97544,"#N/A","#N/A",false,Web,"#N/A","#N/A",Medium,"#N/A",New,Subject_xhjyd,"#N/A","#N/A","#N/A","#N/A","#N/A"
8f66a181-8a42-4af3-b040-16d65ade83e8,"#N/A","#N/A",false,Web,"#N/A","#N/A",Medium,"#N/A",New,Subject_odtzd,"#N/A","#N/A","#N/A","#N/A","#N/A"
8f684381-f494-44d0-85b9-240d50167347,"#N/A","#N/A",false,Web,"#N/A","#N/A",Medium,"#N/A",New,Subject_izsic,"#N/A","#N/A","#N/A","#N/A","#N/A"
8f68e106-cfc1-49a0-abb7-2ee11a002a50,"#N/A","#N/A",false,Web,"#N/A","#N/A",Medium,"#N/A",New,Subject_rvqrz,"#N/A","#N/A","#N/A","#N/A","#N/A"
8f784a95-4a88-4195-8034-d7b12a91a3bd,"#N/A","#N/A",false,Web,"#N/A","#N/A",Medium,"#N/A",New,Subject_wgjpe,"#N/A","#N/A","#N/A","#N/A","#N/A"
8f80da92-bb86-4872-9fa9-14173a085120,"#N/A","#N/A",false,Web,"#N/A","#N/A",Medium,"#N/A",New,Subject_rjzuo,"#N/A","#N/A","#N/A","#N/A","#N/A"
8f80e019-5f65-40c7-a62f-089c648bfcb0,"#N/A","#N/A",false,Web,"#N/A","#N/A",Medium,"#N/A",New,Subject_ugjoy,"#N/A","#N/A","#N/A","#N/A","#N/A"
8f810050-c4a8-43ac-8ca1-6291fafeb5cb,"#N/A","#N/A",false,Web,"#N/A","#N/A",Medium,"#N/A",New,Subject_dqtbw,"#N/A","#N/A","#N/A","#N/A","#N/A"
8f848e13-4324-4f4b-abe4-eae13a9fd7bb,"#N/A","#N/A",false,Web,"#N/A","#N/A",Medium,"#N/A",New,Subject_ecubv,"#N/A","#N/A","#N/A","#N/A","#N/A"
8f87b94c-e759-486a-91db-5ada917753e7,"#N/A","#N/A",false,Web,"#N/A","#N/A",Medium,"#N/A",New,Subject_ithkq,"#N/A","#N/A","#N/A","#N/A","#N/A"
8f8b31da-fe60-40c3-9f8a-d3ec42d5ed76,"#N/A","#N/A",false,Web,"#N/A","#N/A",Medium,"#N/A",New,Subject_ucnux,"#N/A","#N/A","#N/A","#N/A","#N/A"
8f8d4d2b-41e3-4f56-b317-87028f4876ce,"#N/A","#N/A",false,Web,"#N/A","#N/A",Medium,"#N/A",New,Subject_gplbf,"#N/A","#N/A","#N/A","#N/A","#N/A"
8f8d6c8f-11d8-43b5-9087-7dd4124740a1,"#N/A","#N/A",false,Web,"#N/A","#N/A",Medium,"#N/A",New,Subject_flzqo,"#N/A","#N/A","#N/A","#N/A","#N/A"
8f90d9cf-a0a7-4610-8586-e7e73af7fb06,"#N/A","#N/A",false,Web,"#N/A","#N/A",Medium,"#N/A",New,Subject_rnesy,"#N/A","#N/A","#N/A","#N/A","#N/A"
8f915b78-cd88-4f47-b16f-9312d40c95e2,"#N/A","#N/A",false,Web,"#N/A","#N/A",Medium,"#N/A",New,Subject_ivkzy,"#N/A","#N/A","#N/A","#N/A","#N/A"
8f966d1d-d217-4e91-8f3e-bd4716677bf5,"#N/A","#N/A",false,Web,"#N/A","#N/A",Medium,"#N/A",New,Subject_yphac,"#N/A","#N/A","#N/A","#N/A","#N/A"
8f9af17b-36ff-4172-9a0c-e877c145ffef,"#N/A","#N/A",false,Web,"#N/A","#N/A",Medium,"#N/A",New,Subject_rjxmk,"#N/A","#N/A","#N/A","#N/A","#N/A"
8f9c33b5-bc5d-4116-bb6d-51549174fa62,"#N/A","#N/A",false,Web,"#N/A","#N/A",Medium,"#N/A",New,Subject_bxiqf,"#N/A","#N/A","#N/A","#N/A","#N/A"
8fa0388f-894f-4364-a8e1-231cdd8a739f,"#N/A","#N/A",false,Web,"#N/A","#N/A",Medium,"#N/A",New,Subject_nndrr,"#N/A","#N/A","#N/A","#N/A","#N/A"
8fa2b257-b863-4480-89a1-72034e55ac49,"#N/A","#N/A",false,Web,"#N/A","#N/A",Medium,"#N/A",New,Subject_pjvrt,"#N/A","#N/A","#N/A","#N/A","#N/A"
8fa41135-9166-4dc1-99e4-bfea3b76c1cc,"#N/A","#N/A",false,Web,"#N/A","#N/A",Medium,"#N/A",New,Subject_pnnau,"#N/A","#N/A","#N/A","#N/A","#N/A"
8fa5a0c8-567e-49b9-ab1c-5fc8b3f2cf83,"#N/A","#N/A",false,Web,"#N/A","#N/A",Medium,"#N/A",New,Subject_vuetm,"#N/A","#N/A","#N/A","#N/A","#N/A"
8fa5b750-20d8-47dc-ab56-2fc147fa95ab,"#N/A","#N/A",false,Web,"#N/A","#N/A",Medium,"#N/A",New,Subject_nfdkq,"#N/A","#N/A","#N/A","#N/A","#N/A"
8fa7d7d8-ca56-44cf-99ee-7d15fd883126,"#N/A","#N/A",false,Web,"#N/A","#N/A",Medium,"#N/A",New,Subject_abnvi,"#N/A","#N/A","#N/A","#N/A","#N/A"
8fa8de8e-d1bb-4fdd-bc6a-f772ca5b2050,"#N/A","#N/A",false,Web,"#N/A","#N/A",Medium,"#N/A",New,Subject_gwwmq,"#N/A","#N/A","#N/A","#N/A","#N/A"
8fabf13b-642a-4b85-a99a-cecc12cbf13f,"#N/A","#N/A",false,Web,"#N/A","#N/A",Medium,"#N/A",New,Subject_hrwfd,"#N/A","#N/A","#N/A","#N/A","#N/A"
8fac8806-015b-4e1f-b2ac-d3b1fecb23f5,"#N/A","#N/A",false,Web,"#N/A","#N/A",Medium,"#N/A",New,Subject_rtdbb,"#N/A","#N/A","#N/A","#N/A","#N/A"
8fb5901e-cc4c-4996-90ab-bfbc454c75a2,"#N/A","#N/A",false,Web,"#N/A","#N/A",Medium,"#N/A",New,Subject_hlgtt,"#N/A","#N/A","#N/A","#N/A","#N/A"
8fbb7e19-232c-4436-9ae6-fca1b233a794,"#N/A","#N/A",false,Web,"#N/A","#N/A",Medium,"#N/A",New,Subject_avrrk,"#N/A","#N/A","#N/A","#N/A","#N/A"
8fbe5d9b-2079-4626-bb75-91302dfe4c9c,"#N/A","#N/A",false,Web,"#N/A","#N/A",Medium,"#N/A",New,Subject_lknba,"#N/A","#N/A","#N/A","#N/A","#N/A"
8fbebb7b-6b69-46c2-ab92-4779a7d2b613,"#N/A","#N/A",false,Web,"#N/A","#N/A",Medium,"#N/A",New,Subject_mzbtx,"#N/A","#N/A","#N/A","#N/A","#N/A"
8fc2aa48-7929-49c8-bf98-c255574080c6,"#N/A","#N/A",false,Web,"#N/A","#N/A",Medium,"#N/A",New,Subject_xuhot,"#N/A","#N/A","#N/A","#N/A","#N/A"
8fc3c478-4aa5-4132-bacc-d95b31dfbeba,"#N/A","#N/A",false,Web,"#N/A","#N/A",Medium,"#N/A",New,Subject_nbhrc,"#N/A","#N/A","#N/A","#N/A","#N/A"
8fc4d4da-a97d-447b-829c-df4c847a4008,"#N/A","#N/A",false,Web,"#N/A","#N/A",Medium,"#N/A",New,Subject_vifyr,"#N/A","#N/A","#N/A","#N/A","#N/A"
8fc66666-eb33-4c49-a5c5-35f5339569f2,"#N/A","#N/A",false,Web,"#N/A","#N/A",Medium,"#N/A",New,Subject_zjgns,"#N/A","#N/A","#N/A","#N/A","#N/A"
8fc92f6e-dbb3-413d-937e-5c9cefa749ba,"#N/A","#N/A",false,Web,"#N/A","#N/A",Medium,"#N/A",New,Subject_daepn,"#N/A","#N/A","#N/A","#N/A","#N/A"
8fcab94e-2b21-4b68-be7d-d128bd33c5f2,"#N/A","#N/A",false,Web,"#N/A","#N/A",Medium,"#N/A",New,Subject_imapw,"#N/A","#N/A","#N/A","#N/A","#N/A"
8fd05b08-b298-4d73-a3a5-55c468b5d47d,"#N/A","#N/A",false,Web,"#N/A","#N/A",Medium,"#N/A",New,Subject_sckxg,"#N/A","#N/A","#N/A","#N/A","#N/A"
8fd2305b-480b-4db2-ac46-345c92371dc1,"#N/A","#N/A",false,Web,"#N/A","#N/A",Medium,"#N/A",New,Subject_apnyr,"#N/A","#N/A","#N/A","#N/A","#N/A"
8fd6776d-2efc-42a0-b5fe-f8c3a3fc8734,"#N/A","#N/A",false,Web,"#N/A","#N/A",Medium,"#N/A",New,Subject_fkmqv,"#N/A","#N/A","#N/A","#N/A","#N/A"
8fd987d3-b202-49e2-8037-833a7a31a7c4,"#N/A","#N/A",false,Web,"#N/A","#N/A",Medium,"#N/A",New,Subject_vrvye,"#N/A","#N/A","#N/A","#N/A","#N/A"
8fd9f0e8-0325-4853-96a9-22042bfe49d7,"#N/A","#N/A",false,Web,"#N/A","#N/A",Medium,"#N/A",New,Subject_ezcpt,"#N/A","#N/A","#N/A","#N/A","#N/A"
8fda5543-4216-4dea-ab97-a06653ab0ea0,"#N/A","#N/A",false,Web,"#N/A","#N/A",Medium,"#N/A",New,Subject_uzigl,"#N/A","#N/A","#N/A","#N/A","#N/A"
8fdbc951-d277-4017-b12d-6246cb38f8a4,"#N/A","#N/A",false,Web,"#N/A","#N/A",Medium,"#N/A",New,Subject_qhfsr,"#N/A","#N/A","#N/A","#N/A","#N/A"
8fdc7ba5-3954-4a2f-a561-f34d95ee8df6,"#N/A","#N/A",false,Web,"#N/A","#N/A",Medium,"#N/A",New,Subject_gaenb,"#N/A","#N/A","#N/A","#N/A","#N/A"
8fdee2fd-27c4-445a-8a6d-ad1605957d19,"#N/A","#N/A",false,Web,"#N/A","#N/A",Medium,"#N/A",New,Subject_ctkpd,"#N/A","#N/A","#N/A","#N/A","#N/A"
8fe258a9-c594-414f-a762-76f03e51cb09,"#N/A","#N/A",false,Web,"#N/A","#N/A",Medium,"#N/A",New,Subject_cupxd,"#N/A","#N/A","#N/A","#N/A","#N/A"
8fe460bd-4af6-4a51-8a10-acdb2e517324,"#N/A","#N/A",false,Web,"#N/A","#N/A",Medium,"#N/A",New,Subject_ujbbb,"#N/A","#N/A","#N/A","#N/A","#N/A"
8fe6ee77-43fc-4008-885a-0931752a5be1,"#N/A","#N/A",false,Web,"#N/A","#N/A",Medium,"#N/A",New,Subject_ulafa,"#N/A","#N/A","#N/A","#N/A","#N/A"
8fe94e6e-b0ad-4e50-8f8c-db99b0e1b854,"#N/A","#N/A",false,Web,"#N/A","#N/A",Medium,"#N/A",New,Subject_fnjdf,"#N/A","#N/A","#N/A","#N/A","#N/A"
8fe97e44-2fd3-4670-81bb-16aee7a375cc,"#N/A","#N/A",false,Web,"#N/A","#N/A",Medium,"#N/A",New,Subject_rpuav,"#N/A","#N/A","#N/A","#N/A","#N/A"
8fea8c3f-16a4-4d93-b293-4656cba9ed75,"#N/A","#N/A",false,Web,"#N/A","#N/A",Medium,"#N/A",New,Subject_laotw,"#N/A","#N/A","#N/A","#N/A","#N/A"
8ff73c19-9abe-45fd-9bfb-27342eec1db4,"#N/A","#N/A",false,Web,"#N/A","#N/A",Medium,"#N/A",New,Subject_bwvkr,"#N/A","#N/A","#N/A","#N/A","#N/A"
8ff77722-6851-4abd-92a8-9e76f9231eaa,"#N/A","#N/A",false,Web,"#N/A","#N/A",Medium,"#N/A",New,Subject_gitej,"#N/A","#N/A","#N/A","#N/A","#N/A"
8ff7a32f-2510-48f1-8c25-75f66889fa07,"#N/A","#N/A",false,Web,"#N/A","#N/A",Medium,"#N/A",New,Subject_guzow,"#N/A","#N/A","#N/A","#N/A","#N/A"
8ffd269c-4482-45a6-ac0d-047a6bd76690,"#N/A","#N/A",false,Web,"#N/A","#N/A",Medium,"#N/A",New,Subject_gieeu,"#N/A","#N/A","#N/A","#N/A","#N/A"
90036f23-ea6c-462b-937b-f85e07bc0ddd,"#N/A","#N/A",false,Web,"#N/A","#N/A",Medium,"#N/A",New,Subject_zidzc,"#N/A","#N/A","#N/A","#N/A","#N/A"
90090292-eb4c-4c00-b00a-f05dc4a72a72,"#N/A","#N/A",false,Web,"#N/A","#N/A",Medium,"#N/A",New,Subject_mdypn,"#N/A","#N/A","#N/A","#N/A","#N/A"
900c0ca3-b965-4e5e-91ce-3061102617c4,"#N/A","#N/A",false,Web,"#N/A","#N/A",Medium,"#N/A",New,Subject_clyei,"#N/A","#N/A","#N/A","#N/A","#N/A"
900c6580-784b-405e-b273-ab35d732de56,"#N/A","#N/A",false,Web,"#N/A","#N/A",Medium,"#N/A",New,Subject_fpmnj,"#N/A","#N/A","#N/A","#N/A","#N/A"
900cd00c-014f-4ef6-8de6-4cdd56d75245,"#N/A","#N/A",false,Web,"#N/A","#N/A",Medium,"#N/A",New,Subject_sstvb,"#N/A","#N/A","#N/A","#N/A","#N/A"
900ddd8a-9a8f-4f6f-ade2-ccc931ac3f4a,"#N/A","#N/A",false,Web,"#N/A","#N/A",Medium,"#N/A",New,Subject_znxzo,"#N/A","#N/A","#N/A","#N/A","#N/A"
900f5527-2434-4b83-9d13-2fcb09896ca2,"#N/A","#N/A",false,Web,"#N/A","#N/A",Medium,"#N/A",New,Subject_uwljy,"#N/A","#N/A","#N/A","#N/A","#N/A"
9012c58b-e4c5-46d4-8119-541b2eff0161,"#N/A","#N/A",false,Web,"#N/A","#N/A",Medium,"#N/A",New,Subject_xuhvh,"#N/A","#N/A","#N/A","#N/A","#N/A"
9015fa1f-e3ca-4fb3-9d59-0dcd51a9ef4f,"#N/A","#N/A",false,Web,"#N/A","#N/A",Medium,"#N/A",New,Subject_mpshs,"#N/A","#N/A","#N/A","#N/A","#N/A"
901b3578-971d-498a-b5e6-835751f5a2e4,"#N/A","#N/A",false,Web,"#N/A","#N/A",Medium,"#N/A",New,Subject_oosou,"#N/A","#N/A","#N/A","#N/A","#N/A"
901b6efe-c674-4bd9-a983-e2f6938a3c47,"#N/A","#N/A",false,Web,"#N/A","#N/A",Medium,"#N/A",New,Subject_ecoad,"#N/A","#N/A","#N/A","#N/A","#N/A"
901c6649-beba-4112-b758-56322d762b19,"#N/A","#N/A",false,Web,"#N/A","#N/A",Medium,"#N/A",New,Subject_vnddz,"#N/A","#N/A","#N/A","#N/A","#N/A"
901d5497-b82c-41b2-a4ff-f01089d1da7f,"#N/A","#N/A",false,Web,"#N/A","#N/A",Medium,"#N/A",New,Subject_lobbb,"#N/A","#N/A","#N/A","#N/A","#N/A"
901e6d35-e350-486a-a4ff-421e8f8e4269,"#N/A","#N/A",false,Web,"#N/A","#N/A",Medium,"#N/A",New,Subject_ltnfu,"#N/A","#N/A","#N/A","#N/A","#N/A"
902017f0-19e7-4f8d-9de8-266ee751ad20,"#N/A","#N/A",false,Web,"#N/A","#N/A",Medium,"#N/A",New,Subject_gjhow,"#N/A","#N/A","#N/A","#N/A","#N/A"
9020e849-b72a-40f0-ae35-c5ae24b7c14f,"#N/A","#N/A",false,Web,"#N/A","#N/A",Medium,"#N/A",New,Subject_fmvdf,"#N/A","#N/A","#N/A","#N/A","#N/A"
9023905c-c8d8-4ac6-88fa-cb331c6292c2,"#N/A","#N/A",false,Web,"#N/A","#N/A",Medium,"#N/A",New,Subject_bvqqw,"#N/A","#N/A","#N/A","#N/A","#N/A"
90271b97-deb7-4aad-bfd9-0de0fd7267ed,"#N/A","#N/A",false,Web,"#N/A","#N/A",Medium,"#N/A",New,Subject_vuctp,"#N/A","#N/A","#N/A","#N/A","#N/A"
9028a649-44f4-4b9c-934a-cc824f7bb317,"#N/A","#N/A",false,Web,"#N/A","#N/A",Medium,"#N/A",New,Subject_eiicl,"#N/A","#N/A","#N/A","#N/A","#N/A"
902abef6-5bcb-4d54-a9c0-eb92a8f1eaf0,"#N/A","#N/A",false,Web,"#N/A","#N/A",Medium,"#N/A",New,Subject_hgvsz,"#N/A","#N/A","#N/A","#N/A","#N/A"
902bf6c7-d992-43fe-acd0-66ca7de0d1a7,"#N/A","#N/A",false,Web,"#N/A","#N/A",Medium,"#N/A",New,Subject_jdvas,"#N/A","#N/A","#N/A","#N/A","#N/A"
902ccb7b-b820-464c-970c-b3d3b2d69f45,"#N/A","#N/A",false,Web,"#N/A","#N/A",Medium,"#N/A",New,Subject_dnjbw,"#N/A","#N/A","#N/A","#N/A","#N/A"
902cdb46-a142-4e51-8f86-ee80c2934d55,"#N/A","#N/A",false,Web,"#N/A","#N/A",Medium,"#N/A",New,Subject_lyldx,"#N/A","#N/A","#N/A","#N/A","#N/A"
902d2c46-1948-450c-8e6d-ea184052f04f,"#N/A","#N/A",false,Web,"#N/A","#N/A",Medium,"#N/A",New,Subject_lyakb,"#N/A","#N/A","#N/A","#N/A","#N/A"
902d682f-c225-4dee-8633-c400314470c4,"#N/A","#N/A",false,Web,"#N/A","#N/A",Medium,"#N/A",New,Subject_smmdk,"#N/A","#N/A","#N/A","#N/A","#N/A"
902f402f-b4fd-4c63-88ab-cd877002bbac,"#N/A","#N/A",false,Web,"#N/A","#N/A",Medium,"#N/A",New,Subject_pxvsf,"#N/A","#N/A","#N/A","#N/A","#N/A"
90301391-8251-42ba-81a1-b1961733d0f9,"#N/A","#N/A",false,Web,"#N/A","#N/A",Medium,"#N/A",New,Subject_pcajv,"#N/A","#N/A","#N/A","#N/A","#N/A"
90315b89-570c-4ec6-b76e-640ffd938afc,"#N/A","#N/A",false,Web,"#N/A","#N/A",Medium,"#N/A",New,Subject_qycth,"#N/A","#N/A","#N/A","#N/A","#N/A"
90315cbe-9f3d-427d-b594-7975d35185d1,"#N/A","#N/A",false,Web,"#N/A","#N/A",Medium,"#N/A",New,Subject_bfofe,"#N/A","#N/A","#N/A","#N/A","#N/A"
9034ecc8-6a7a-44ab-9cbf-c8689390170a,"#N/A","#N/A",false,Web,"#N/A","#N/A",Medium,"#N/A",New,Subject_lwlzu,"#N/A","#N/A","#N/A","#N/A","#N/A"
9035b8df-691f-49e3-ac3c-cff51da4f376,"#N/A","#N/A",false,Web,"#N/A","#N/A",Medium,"#N/A",New,Subject_jocks,"#N/A","#N/A","#N/A","#N/A","#N/A"
9035e04f-0218-4b57-b48f-e0bfed00a4cc,"#N/A","#N/A",false,Web,"#N/A","#N/A",Medium,"#N/A",New,Subject_vreud,"#N/A","#N/A","#N/A","#N/A","#N/A"
90386fb6-5f7e-41ed-811b-0f7354f66201,"#N/A","#N/A",false,Web,"#N/A","#N/A",Medium,"#N/A",New,Subject_iydfs,"#N/A","#N/A","#N/A","#N/A","#N/A"
904182e1-a1ef-49e4-9bff-51924e5a44fc,"#N/A","#N/A",false,Web,"#N/A","#N/A",Medium,"#N/A",New,Subject_opgol,"#N/A","#N/A","#N/A","#N/A","#N/A"
9048c1f1-9045-4f75-8dfc-a07e8a9c39f7,"#N/A","#N/A",false,Web,"#N/A","#N/A",Medium,"#N/A",New,Subject_woixo,"#N/A","#N/A","#N/A","#N/A","#N/A"
904d58e8-e3f5-43dd-91bf-7a66cd91d696,"#N/A","#N/A",false,Web,"#N/A","#N/A",Medium,"#N/A",New,Subject_bmzlf,"#N/A","#N/A","#N/A","#N/A","#N/A"
905168d2-7abe-4ca1-af0c-13b1001681ac,"#N/A","#N/A",false,Web,"#N/A","#N/A",Medium,"#N/A",New,Subject_onajw,"#N/A","#N/A","#N/A","#N/A","#N/A"
9052b2d6-bc4d-49f4-aa71-bc5bfd5f98d4,"#N/A","#N/A",false,Web,"#N/A","#N/A",Medium,"#N/A",New,Subject_kuupd,"#N/A","#N/A","#N/A","#N/A","#N/A"
90539e09-3318-4a99-8682-35a044ae462e,"#N/A","#N/A",false,Web,"#N/A","#N/A",Medium,"#N/A",New,Subject_wnqkh,"#N/A","#N/A","#N/A","#N/A","#N/A"
9055e3a7-1951-4fe3-8357-ab205ae9d979,"#N/A","#N/A",false,Web,"#N/A","#N/A",Medium,"#N/A",New,Subject_lwbbr,"#N/A","#N/A","#N/A","#N/A","#N/A"
905de7a1-5d6d-4b43-b72c-6f1e3bd3004b,"#N/A","#N/A",false,Web,"#N/A","#N/A",Medium,"#N/A",New,Subject_tlpdv,"#N/A","#N/A","#N/A","#N/A","#N/A"
905f4fb5-a6be-4de9-8c48-acc935dff26a,"#N/A","#N/A",false,Web,"#N/A","#N/A",Medium,"#N/A",New,Subject_masve,"#N/A","#N/A","#N/A","#N/A","#N/A"
9067b356-7d38-418a-bfa3-78af3d774c78,"#N/A","#N/A",false,Web,"#N/A","#N/A",Medium,"#N/A",New,Subject_dlnst,"#N/A","#N/A","#N/A","#N/A","#N/A"
9067bd8f-11a9-4bc2-a095-20e1ccd1e2e8,"#N/A","#N/A",false,Web,"#N/A","#N/A",Medium,"#N/A",New,Subject_rcwva,"#N/A","#N/A","#N/A","#N/A","#N/A"
906b8367-5fb4-4b2f-9317-084f4ee11ec1,"#N/A","#N/A",false,Web,"#N/A","#N/A",Medium,"#N/A",New,Subject_mtdsl,"#N/A","#N/A","#N/A","#N/A","#N/A"
906dabd0-dba0-4046-82c4-365d9cc083a0,"#N/A","#N/A",false,Web,"#N/A","#N/A",Medium,"#N/A",New,Subject_qmtdm,"#N/A","#N/A","#N/A","#N/A","#N/A"
906df4c5-15c5-4260-a0b3-a483f6d80b7b,"#N/A","#N/A",false,Web,"#N/A","#N/A",Medium,"#N/A",New,Subject_qfbrs,"#N/A","#N/A","#N/A","#N/A","#N/A"
9076435d-b6e2-4bd5-9c32-58ff9dd43fa0,"#N/A","#N/A",false,Web,"#N/A","#N/A",Medium,"#N/A",New,Subject_jawyd,"#N/A","#N/A","#N/A","#N/A","#N/A"
9076a4c8-2fa9-4c55-b25d-37a23b16b8f7,"#N/A","#N/A",false,Web,"#N/A","#N/A",Medium,"#N/A",New,Subject_oucho,"#N/A","#N/A","#N/A","#N/A","#N/A"
90778188-4be0-4d18-befa-1385624ce091,"#N/A","#N/A",false,Web,"#N/A","#N/A",Medium,"#N/A",New,Subject_mbifb,"#N/A","#N/A","#N/A","#N/A","#N/A"
9078f1fd-dd18-4ba2-856e-d65ca2672018,"#N/A","#N/A",false,Web,"#N/A","#N/A",Medium,"#N/A",New,Subject_gjvjj,"#N/A","#N/A","#N/A","#N/A","#N/A"
907cf11f-f251-4459-b6da-cffa1635ecbc,"#N/A","#N/A",false,Web,"#N/A","#N/A",Medium,"#N/A",New,Subject_dcfeg,"#N/A","#N/A","#N/A","#N/A","#N/A"
907db18c-cdd1-410b-b98f-d9fe053c45d7,"#N/A","#N/A",false,Web,"#N/A","#N/A",Medium,"#N/A",New,Subject_hapgz,"#N/A","#N/A","#N/A","#N/A","#N/A"
907e09f2-3fa2-4b6e-9070-5241f775a78c,"#N/A","#N/A",false,Web,"#N/A","#N/A",Medium,"#N/A",New,Subject_viycl,"#N/A","#N/A","#N/A","#N/A","#N/A"
9080da89-cfc5-4734-a8d0-007695551a7b,"#N/A","#N/A",false,Web,"#N/A","#N/A",Medium,"#N/A",New,Subject_aodmh,"#N/A","#N/A","#N/A","#N/A","#N/A"
9082ba0b-447b-421b-ad59-4a46189c1e54,"#N/A","#N/A",false,Web,"#N/A","#N/A",Medium,"#N/A",New,Subject_pqymb,"#N/A","#N/A","#N/A","#N/A","#N/A"
9085ce55-b763-4ec2-9b14-06ace836dc12,"#N/A","#N/A",false,Web,"#N/A","#N/A",Medium,"#N/A",New,Subject_boadv,"#N/A","#N/A","#N/A","#N/A","#N/A"
90869a83-78c6-4e65-8652-809c2838d75c,"#N/A","#N/A",false,Web,"#N/A","#N/A",Medium,"#N/A",New,Subject_ugunc,"#N/A","#N/A","#N/A","#N/A","#N/A"
90875dec-4ea2-4c04-8d07-fbb2354169be,"#N/A","#N/A",false,Web,"#N/A","#N/A",Medium,"#N/A",New,Subject_ddycc,"#N/A","#N/A","#N/A","#N/A","#N/A"
908a231a-59ee-43e7-9e83-511618872c5c,"#N/A","#N/A",false,Web,"#N/A","#N/A",Medium,"#N/A",New,Subject_sjgak,"#N/A","#N/A","#N/A","#N/A","#N/A"
908a32e1-d27e-4f40-bbf4-c25283a103a2,"#N/A","#N/A",false,Web,"#N/A","#N/A",Medium,"#N/A",New,Subject_hwgas,"#N/A","#N/A","#N/A","#N/A","#N/A"
908f6a13-321a-45c5-81d2-080d677e6ff5,"#N/A","#N/A",false,Web,"#N/A","#N/A",Medium,"#N/A",New,Subject_ejctt,"#N/A","#N/A","#N/A","#N/A","#N/A"
9092c9c0-4463-4545-b2d7-c82c12dae891,"#N/A","#N/A",false,Web,"#N/A","#N/A",Medium,"#N/A",New,Subject_oteag,"#N/A","#N/A","#N/A","#N/A","#N/A"
909549d9-33bc-49ec-97bc-3235b5f61e70,"#N/A","#N/A",false,Web,"#N/A","#N/A",Medium,"#N/A",New,Subject_nnsfc,"#N/A","#N/A","#N/A","#N/A","#N/A"
9097cf14-8836-4cbe-bb76-38b169ffe762,"#N/A","#N/A",false,Web,"#N/A","#N/A",Medium,"#N/A",New,Subject_dfzpb,"#N/A","#N/A","#N/A","#N/A","#N/A"
909a1e33-abcd-493d-bf1f-6af9b9f427c8,"#N/A","#N/A",false,Web,"#N/A","#N/A",Medium,"#N/A",New,Subject_yrrwn,"#N/A","#N/A","#N/A","#N/A","#N/A"
909a98b4-1abe-4b55-bcc0-d1c43d8dd15c,"#N/A","#N/A",false,Web,"#N/A","#N/A",Medium,"#N/A",New,Subject_sxjmx,"#N/A","#N/A","#N/A","#N/A","#N/A"
909c4a0c-0181-45c5-bbe9-40e0b8e835fb,"#N/A","#N/A",false,Web,"#N/A","#N/A",Medium,"#N/A",New,Subject_goqgj,"#N/A","#N/A","#N/A","#N/A","#N/A"
90a0a54d-9b65-4158-a23b-30bf1f70abb0,"#N/A","#N/A",false,Web,"#N/A","#N/A",Medium,"#N/A",New,Subject_bijub,"#N/A","#N/A","#N/A","#N/A","#N/A"
90a5bad3-e278-4df3-953c-7556cd2050ad,"#N/A","#N/A",false,Web,"#N/A","#N/A",Medium,"#N/A",New,Subject_iiwoc,"#N/A","#N/A","#N/A","#N/A","#N/A"
90a82910-c8c7-4d7c-849b-c369b5f988cb,"#N/A","#N/A",false,Web,"#N/A","#N/A",Medium,"#N/A",New,Subject_xvxhu,"#N/A","#N/A","#N/A","#N/A","#N/A"
90ad3ecc-7cd4-4efb-9fb3-0c2574850fdf,"#N/A","#N/A",false,Web,"#N/A","#N/A",Medium,"#N/A",New,Subject_bteoq,"#N/A","#N/A","#N/A","#N/A","#N/A"
90aee3b1-5b70-4e0a-8500-e8e9b5e215f8,"#N/A","#N/A",false,Web,"#N/A","#N/A",Medium,"#N/A",New,Subject_lnsra,"#N/A","#N/A","#N/A","#N/A","#N/A"
90af869a-7559-4260-b9cb-81a5f386ffcb,"#N/A","#N/A",false,Web,"#N/A","#N/A",Medium,"#N/A",New,Subject_hqbds,"#N/A","#N/A","#N/A","#N/A","#N/A"
90b01713-3786-45d6-b6d8-4819e6bbdd05,"#N/A","#N/A",false,Web,"#N/A","#N/A",Medium,"#N/A",New,Subject_lddjk,"#N/A","#N/A","#N/A","#N/A","#N/A"
90b3dc9f-35ad-4abe-b2a1-a648def629cb,"#N/A","#N/A",false,Web,"#N/A","#N/A",Medium,"#N/A",New,Subject_vaaco,"#N/A","#N/A","#N/A","#N/A","#N/A"
90bd75d7-51a0-4bd9-849e-e17fd12a71ad,"#N/A","#N/A",false,Web,"#N/A","#N/A",Medium,"#N/A",New,Subject_vahic,"#N/A","#N/A","#N/A","#N/A","#N/A"
90bda8c9-5f47-4ea8-aa41-695eac5cb85a,"#N/A","#N/A",false,Web,"#N/A","#N/A",Medium,"#N/A",New,Subject_aadts,"#N/A","#N/A","#N/A","#N/A","#N/A"
90be4b8d-4487-48e9-830f-531861ed41c4,"#N/A","#N/A",false,Web,"#N/A","#N/A",Medium,"#N/A",New,Subject_uqsvd,"#N/A","#N/A","#N/A","#N/A","#N/A"
90bfa94c-c9bf-4cd7-a9e7-65d182b848ef,"#N/A","#N/A",false,Web,"#N/A","#N/A",Medium,"#N/A",New,Subject_ndvez,"#N/A","#N/A","#N/A","#N/A","#N/A"
90c46386-1292-48eb-a6c9-ca93218feb67,"#N/A","#N/A",false,Web,"#N/A","#N/A",Medium,"#N/A",New,Subject_amjvx,"#N/A","#N/A","#N/A","#N/A","#N/A"
90c46a6e-b0ae-4649-8639-d48baf8544f6,"#N/A","#N/A",false,Web,"#N/A","#N/A",Medium,"#N/A",New,Subject_kmakh,"#N/A","#N/A","#N/A","#N/A","#N/A"
90c6e208-2d2b-4c7d-9431-1dcff0c39c67,"#N/A","#N/A",false,Web,"#N/A","#N/A",Medium,"#N/A",New,Subject_kbrmv,"#N/A","#N/A","#N/A","#N/A","#N/A"
90cb889e-c498-4b9d-a07e-a732ab04aa5a,"#N/A","#N/A",false,Web,"#N/A","#N/A",Medium,"#N/A",New,Subject_vyeeu,"#N/A","#N/A","#N/A","#N/A","#N/A"
90cd461f-4bfb-4831-b478-e8d06e2c58c9,"#N/A","#N/A",false,Web,"#N/A","#N/A",Medium,"#N/A",New,Subject_fnexj,"#N/A","#N/A","#N/A","#N/A","#N/A"
90d37e50-73a8-4f7e-a760-4acd9ca37001,"#N/A","#N/A",false,Web,"#N/A","#N/A",Medium,"#N/A",New,Subject_haqeb,"#N/A","#N/A","#N/A","#N/A","#N/A"
90d4ae87-8b50-42db-9e48-be44bdf9be7c,"#N/A","#N/A",false,Web,"#N/A","#N/A",Medium,"#N/A",New,Subject_txvvy,"#N/A","#N/A","#N/A","#N/A","#N/A"
90d663c1-5b9e-4905-9e85-3551f7d4704f,"#N/A","#N/A",false,Web,"#N/A","#N/A",Medium,"#N/A",New,Subject_gjspc,"#N/A","#N/A","#N/A","#N/A","#N/A"
90d80123-d9ec-4e79-bbd6-b82269a45c40,"#N/A","#N/A",false,Web,"#N/A","#N/A",Medium,"#N/A",New,Subject_qvaua,"#N/A","#N/A","#N/A","#N/A","#N/A"
90dbd07c-95c5-4c62-b4c3-2578b20f9300,"#N/A","#N/A",false,Web,"#N/A","#N/A",Medium,"#N/A",New,Subject_poubl,"#N/A","#N/A","#N/A","#N/A","#N/A"
90e49a61-69cd-48a9-a2a8-a752f5d7ee3e,"#N/A","#N/A",false,Web,"#N/A","#N/A",Medium,"#N/A",New,Subject_afawh,"#N/A","#N/A","#N/A","#N/A","#N/A"
90e6f66b-78e5-4021-9882-3a50cdcefdf5,"#N/A","#N/A",false,Web,"#N/A","#N/A",Medium,"#N/A",New,Subject_awdqj,"#N/A","#N/A","#N/A","#N/A","#N/A"
90ed0f5c-5cd8-40d0-a5a8-975fc4a2f9af,"#N/A","#N/A",false,Web,"#N/A","#N/A",Medium,"#N/A",New,Subject_ohsdo,"#N/A","#N/A","#N/A","#N/A","#N/A"
90ee594b-b9d2-4e57-abce-5d675dfcf168,"#N/A","#N/A",false,Web,"#N/A","#N/A",Medium,"#N/A",New,Subject_iboae,"#N/A","#N/A","#N/A","#N/A","#N/A"
90f04ba0-fefe-4e50-abe2-78ff4d29ff6a,"#N/A","#N/A",false,Web,"#N/A","#N/A",Medium,"#N/A",New,Subject_efgdo,"#N/A","#N/A","#N/A","#N/A","#N/A"
90f2e7e2-ac61-4d60-8aa9-d1491ee2dadc,"#N/A","#N/A",false,Web,"#N/A","#N/A",Medium,"#N/A",New,Subject_xaihf,"#N/A","#N/A","#N/A","#N/A","#N/A"
90f3ca35-b801-47fe-8ab3-1acf0000cd27,"#N/A","#N/A",false,Web,"#N/A","#N/A",Medium,"#N/A",New,Subject_alhwy,"#N/A","#N/A","#N/A","#N/A","#N/A"
90f4c17e-55aa-4143-86f8-e8f68451bb42,"#N/A","#N/A",false,Web,"#N/A","#N/A",Medium,"#N/A",New,Subject_gsxvh,"#N/A","#N/A","#N/A","#N/A","#N/A"
90f6c361-9ae6-4ec9-842e-18adc43bfb9e,"#N/A","#N/A",false,Web,"#N/A","#N/A",Medium,"#N/A",New,Subject_jptzj,"#N/A","#N/A","#N/A","#N/A","#N/A"
90f911e6-616b-4615-9351-7b0029839fcb,"#N/A","#N/A",false,Web,"#N/A","#N/A",Medium,"#N/A",New,Subject_rskyz,"#N/A","#N/A","#N/A","#N/A","#N/A"
9102793a-7f07-468b-adc1-9b3c315ba826,"#N/A","#N/A",false,Web,"#N/A","#N/A",Medium,"#N/A",New,Subject_qxxiy,"#N/A","#N/A","#N/A","#N/A","#N/A"
91037279-1468-4daa-88e4-8ca2639d933f,"#N/A","#N/A",false,Web,"#N/A","#N/A",Medium,"#N/A",New,Subject_rduhf,"#N/A","#N/A","#N/A","#N/A","#N/A"
91044042-4eae-4ac2-8065-fab2661a7316,"#N/A","#N/A",false,Web,"#N/A","#N/A",Medium,"#N/A",New,Subject_jepcw,"#N/A","#N/A","#N/A","#N/A","#N/A"
910583c9-1387-4290-aa61-2a46c424e139,"#N/A","#N/A",false,Web,"#N/A","#N/A",Medium,"#N/A",New,Subject_jwvol,"#N/A","#N/A","#N/A","#N/A","#N/A"
91090fcb-32a4-4a43-a8c0-d5a8179c4a8c,"#N/A","#N/A",false,Web,"#N/A","#N/A",Medium,"#N/A",New,Subject_dgwjy,"#N/A","#N/A","#N/A","#N/A","#N/A"
910dec12-67e5-4081-821c-0fbd18215e3f,"#N/A","#N/A",false,Web,"#N/A","#N/A",Medium,"#N/A",New,Subject_avrec,"#N/A","#N/A","#N/A","#N/A","#N/A"
910f3d65-7566-4083-8b26-3b6c423f1b12,"#N/A","#N/A",false,Web,"#N/A","#N/A",Medium,"#N/A",New,Subject_teukk,"#N/A","#N/A","#N/A","#N/A","#N/A"
910f64d1-c2bf-4d69-976a-115673b7382f,"#N/A","#N/A",false,Web,"#N/A","#N/A",Medium,"#N/A",New,Subject_qwtdi,"#N/A","#N/A","#N/A","#N/A","#N/A"
9113a90c-496c-4a4a-b95d-d6c14ac8ba0a,"#N/A","#N/A",false,Web,"#N/A","#N/A",Medium,"#N/A",New,Subject_ssitw,"#N/A","#N/A","#N/A","#N/A","#N/A"
91207d7d-108f-45fc-8565-50466c598163,"#N/A","#N/A",false,Web,"#N/A","#N/A",Medium,"#N/A",New,Subject_uccvh,"#N/A","#N/A","#N/A","#N/A","#N/A"
9124c1d6-ff4c-4f22-8cb9-8b0c6d80b6b4,"#N/A","#N/A",false,Web,"#N/A","#N/A",Medium,"#N/A",New,Subject_hqkjq,"#N/A","#N/A","#N/A","#N/A","#N/A"
9125be63-f370-4f6d-b713-6cfb48654ce7,"#N/A","#N/A",false,Web,"#N/A","#N/A",Medium,"#N/A",New,Subject_saixo,"#N/A","#N/A","#N/A","#N/A","#N/A"
912a01a2-8fd6-4699-8340-69d82192c044,"#N/A","#N/A",false,Web,"#N/A","#N/A",Medium,"#N/A",New,Subject_bbkny,"#N/A","#N/A","#N/A","#N/A","#N/A"
912af6af-c2dd-47d8-a060-ba977054fac0,"#N/A","#N/A",false,Web,"#N/A","#N/A",Medium,"#N/A",New,Subject_btdpv,"#N/A","#N/A","#N/A","#N/A","#N/A"
912f6106-db9a-4b7c-8ae3-5bf970992c03,"#N/A","#N/A",false,Web,"#N/A","#N/A",Medium,"#N/A",New,Subject_piejh,"#N/A","#N/A","#N/A","#N/A","#N/A"
91309896-8c29-446e-af7f-bbe8f95f3b9d,"#N/A","#N/A",false,Web,"#N/A","#N/A",Medium,"#N/A",New,Subject_fuknc,"#N/A","#N/A","#N/A","#N/A","#N/A"
91311e86-eb92-4fb1-b35f-9a8b843677b6,"#N/A","#N/A",false,Web,"#N/A","#N/A",Medium,"#N/A",New,Subject_puvnm,"#N/A","#N/A","#N/A","#N/A","#N/A"
91327bf3-45bc-4dc2-8979-781b4f689c9b,"#N/A","#N/A",false,Web,"#N/A","#N/A",Medium,"#N/A",New,Subject_qzgae,"#N/A","#N/A","#N/A","#N/A","#N/A"
91327c79-5779-4853-a53d-c7687d828245,"#N/A","#N/A",false,Web,"#N/A","#N/A",Medium,"#N/A",New,Subject_jzvvf,"#N/A","#N/A","#N/A","#N/A","#N/A"
9132c8ff-bb6c-4de2-a2b5-9efdbfb711fa,"#N/A","#N/A",false,Web,"#N/A","#N/A",Medium,"#N/A",New,Subject_uverb,"#N/A","#N/A","#N/A","#N/A","#N/A"
913361d4-34ef-42f2-9a71-318677c0a21b,"#N/A","#N/A",false,Web,"#N/A","#N/A",Medium,"#N/A",New,Subject_bqfhf,"#N/A","#N/A","#N/A","#N/A","#N/A"
91339a98-672a-44c3-9d98-48f08d9a2139,"#N/A","#N/A",false,Web,"#N/A","#N/A",Medium,"#N/A",New,Subject_gjnkv,"#N/A","#N/A","#N/A","#N/A","#N/A"
9135ffbf-e563-481f-8c39-5e79a254a4a7,"#N/A","#N/A",false,Web,"#N/A","#N/A",Medium,"#N/A",New,Subject_tcuzl,"#N/A","#N/A","#N/A","#N/A","#N/A"
9136dde5-6054-4715-8ce5-84d6a5040ffe,"#N/A","#N/A",false,Web,"#N/A","#N/A",Medium,"#N/A",New,Subject_mhazb,"#N/A","#N/A","#N/A","#N/A","#N/A"
913e23a0-f640-4efd-acd0-de0ba06360cd,"#N/A","#N/A",false,Web,"#N/A","#N/A",Medium,"#N/A",New,Subject_asjsl,"#N/A","#N/A","#N/A","#N/A","#N/A"
913e574f-7b13-4c44-a9a6-8e44585980bb,"#N/A","#N/A",false,Web,"#N/A","#N/A",Medium,"#N/A",New,Subject_jhobm,"#N/A","#N/A","#N/A","#N/A","#N/A"
91437b5b-711b-4719-97e2-13c0018eca7b,"#N/A","#N/A",false,Web,"#N/A","#N/A",Medium,"#N/A",New,Subject_gkjjo,"#N/A","#N/A","#N/A","#N/A","#N/A"
914690b0-a2ce-4a35-8ae4-ce8c98ff4fa5,"#N/A","#N/A",false,Web,"#N/A","#N/A",Medium,"#N/A",New,Subject_cwoei,"#N/A","#N/A","#N/A","#N/A","#N/A"
9150af54-abea-4ff9-9fae-df20e272dfce,"#N/A","#N/A",false,Web,"#N/A","#N/A",Medium,"#N/A",New,Subject_mhuuz,"#N/A","#N/A","#N/A","#N/A","#N/A"
9150e2ba-9359-4fc2-bb6b-999a60b447a4,"#N/A","#N/A",false,Web,"#N/A","#N/A",Medium,"#N/A",New,Subject_teegi,"#N/A","#N/A","#N/A","#N/A","#N/A"
91538276-03c1-4b18-9202-e5d5957b723a,"#N/A","#N/A",false,Web,"#N/A","#N/A",Medium,"#N/A",New,Subject_pycfw,"#N/A","#N/A","#N/A","#N/A","#N/A"
9153bae1-c364-425e-9251-fa8615fd266e,"#N/A","#N/A",false,Web,"#N/A","#N/A",Medium,"#N/A",New,Subject_bkksr,"#N/A","#N/A","#N/A","#N/A","#N/A"
9157b745-9c3f-4feb-854d-0856cdf4295c,"#N/A","#N/A",false,Web,"#N/A","#N/A",Medium,"#N/A",New,Subject_kuowv,"#N/A","#N/A","#N/A","#N/A","#N/A"
91589b96-9c22-47c7-b679-bbddfee4c3b3,"#N/A","#N/A",false,Web,"#N/A","#N/A",Medium,"#N/A",New,Subject_fpwss,"#N/A","#N/A","#N/A","#N/A","#N/A"
9158f606-b17f-4c54-9227-60fd4c062869,"#N/A","#N/A",false,Web,"#N/A","#N/A",Medium,"#N/A",New,Subject_xsyzx,"#N/A","#N/A","#N/A","#N/A","#N/A"
915923ea-3554-4437-9bd1-33e6c63b8c0a,"#N/A","#N/A",false,Web,"#N/A","#N/A",Medium,"#N/A",New,Subject_jzqjf,"#N/A","#N/A","#N/A","#N/A","#N/A"
915b4f47-59be-4757-901c-e1ed2f129f1e,"#N/A","#N/A",false,Web,"#N/A","#N/A",Medium,"#N/A",New,Subject_prqja,"#N/A","#N/A","#N/A","#N/A","#N/A"
915fcd6b-6dcc-4021-81bb-06ca4f012eb9,"#N/A","#N/A",false,Web,"#N/A","#N/A",Medium,"#N/A",New,Subject_gisol,"#N/A","#N/A","#N/A","#N/A","#N/A"
9160c1ae-d632-4d99-9780-cc0389e59918,"#N/A","#N/A",false,Web,"#N/A","#N/A",Medium,"#N/A",New,Subject_mhwvb,"#N/A","#N/A","#N/A","#N/A","#N/A"
9164a48d-7166-4a42-8100-917c229dae4b,"#N/A","#N/A",false,Web,"#N/A","#N/A",Medium,"#N/A",New,Subject_yyhxe,"#N/A","#N/A","#N/A","#N/A","#N/A"
91659000-9b7b-43f1-9d5a-6d27a061f204,"#N/A","#N/A",false,Web,"#N/A","#N/A",Medium,"#N/A",New,Subject_ljlic,"#N/A","#N/A","#N/A","#N/A","#N/A"
916ebbdb-1aa0-469b-89b7-4dd0a80b4d0b,"#N/A","#N/A",false,Web,"#N/A","#N/A",Medium,"#N/A",New,Subject_fcwkd,"#N/A","#N/A","#N/A","#N/A","#N/A"
91710bac-6dc3-475f-aba3-6649ed18e6ef,"#N/A","#N/A",false,Web,"#N/A","#N/A",Medium,"#N/A",New,Subject_shfyt,"#N/A","#N/A","#N/A","#N/A","#N/A"
9172742b-0d8f-49ed-85fe-e60fd65a2bdd,"#N/A","#N/A",false,Web,"#N/A","#N/A",Medium,"#N/A",New,Subject_okjvy,"#N/A","#N/A","#N/A","#N/A","#N/A"
917516df-1b35-4013-83a1-6a145fac0fed,"#N/A","#N/A",false,Web,"#N/A","#N/A",Medium,"#N/A",New,Subject_wjfjs,"#N/A","#N/A","#N/A","#N/A","#N/A"
9175f4f4-1e30-4042-806d-7f4c40464120,"#N/A","#N/A",false,Web,"#N/A","#N/A",Medium,"#N/A",New,Subject_cdhuy,"#N/A","#N/A","#N/A","#N/A","#N/A"
917610e0-c259-447d-9a1c-abb319480567,"#N/A","#N/A",false,Web,"#N/A","#N/A",Medium,"#N/A",New,Subject_nekqz,"#N/A","#N/A","#N/A","#N/A","#N/A"
9183d2ff-81f6-45f4-bbca-f008b71f7787,"#N/A","#N/A",false,Web,"#N/A","#N/A",Medium,"#N/A",New,Subject_hbzag,"#N/A","#N/A","#N/A","#N/A","#N/A"
9189bbca-af3f-4f95-aa7b-a002c7850ba4,"#N/A","#N/A",false,Web,"#N/A","#N/A",Medium,"#N/A",New,Subject_uremq,"#N/A","#N/A","#N/A","#N/A","#N/A"
918b6b68-7c5c-4c1d-b7f9-d3427e9f0bd3,"#N/A","#N/A",false,Web,"#N/A","#N/A",Medium,"#N/A",New,Subject_fzzze,"#N/A","#N/A","#N/A","#N/A","#N/A"
918bd6bc-68e3-4b32-a296-fda9ca727fe6,"#N/A","#N/A",false,Web,"#N/A","#N/A",Medium,"#N/A",New,Subject_dihgd,"#N/A","#N/A","#N/A","#N/A","#N/A"
918da47d-c9b4-4d52-803a-996d88c82647,"#N/A","#N/A",false,Web,"#N/A","#N/A",Medium,"#N/A",New,Subject_ozhep,"#N/A","#N/A","#N/A","#N/A","#N/A"
918f84b6-6f6d-4d46-8a50-e5b2963e2b23,"#N/A","#N/A",false,Web,"#N/A","#N/A",Medium,"#N/A",New,Subject_nfotk,"#N/A","#N/A","#N/A","#N/A","#N/A"
918f87d0-8f5b-46fe-879e-e6f89d782cec,"#N/A","#N/A",false,Web,"#N/A","#N/A",Medium,"#N/A",New,Subject_hcugi,"#N/A","#N/A","#N/A","#N/A","#N/A"
9191c3df-b07f-4611-899d-15e965552afb,"#N/A","#N/A",false,Web,"#N/A","#N/A",Medium,"#N/A",New,Subject_fflnb,"#N/A","#N/A","#N/A","#N/A","#N/A"
91925492-6f37-4fb4-82a8-a1f504e8ba41,"#N/A","#N/A",false,Web,"#N/A","#N/A",Medium,"#N/A",New,Subject_toqom,"#N/A","#N/A","#N/A","#N/A","#N/A"
91948804-d6bd-427d-b5ec-ec9d3d42e89e,"#N/A","#N/A",false,Web,"#N/A","#N/A",Medium,"#N/A",New,Subject_ypriq,"#N/A","#N/A","#N/A","#N/A","#N/A"
9194c5bf-94fb-45a9-b750-5f1c622cf028,"#N/A","#N/A",false,Web,"#N/A","#N/A",Medium,"#N/A",New,Subject_nauuz,"#N/A","#N/A","#N/A","#N/A","#N/A"
91960037-fef1-4f90-9c35-e2131e316aea,"#N/A","#N/A",false,Web,"#N/A","#N/A",Medium,"#N/A",New,Subject_kzwoa,"#N/A","#N/A","#N/A","#N/A","#N/A"
9196916b-3f11-48f8-b199-f1584721b99e,"#N/A","#N/A",false,Web,"#N/A","#N/A",Medium,"#N/A",New,Subject_bwdey,"#N/A","#N/A","#N/A","#N/A","#N/A"
919f0a55-24a6-4c41-93e7-ae7b7f21f404,"#N/A","#N/A",false,Web,"#N/A","#N/A",Medium,"#N/A",New,Subject_kojdj,"#N/A","#N/A","#N/A","#N/A","#N/A"
91a36abc-02f7-4658-ac10-89aa40ab90f8,"#N/A","#N/A",false,Web,"#N/A","#N/A",Medium,"#N/A",New,Subject_rloif,"#N/A","#N/A","#N/A","#N/A","#N/A"
91a7029c-6b00-4d67-94f9-8a3a631346ed,"#N/A","#N/A",false,Web,"#N/A","#N/A",Medium,"#N/A",New,Subject_nepjx,"#N/A","#N/A","#N/A","#N/A","#N/A"
91a84aeb-42a8-4231-9a2c-d762a621b404,"#N/A","#N/A",false,Web,"#N/A","#N/A",Medium,"#N/A",New,Subject_feaeg,"#N/A","#N/A","#N/A","#N/A","#N/A"
91aae562-236b-4967-81e2-8a905f63cff9,"#N/A","#N/A",false,Web,"#N/A","#N/A",Medium,"#N/A",New,Subject_lchnd,"#N/A","#N/A","#N/A","#N/A","#N/A"
91ae4412-8a73-47b2-b317-90e79c01fe94,"#N/A","#N/A",false,Web,"#N/A","#N/A",Medium,"#N/A",New,Subject_qsdht,"#N/A","#N/A","#N/A","#N/A","#N/A"
91b28ee5-20e8-4ab2-8f74-8ae16b30dd07,"#N/A","#N/A",false,Web,"#N/A","#N/A",Medium,"#N/A",New,Subject_mlhsp,"#N/A","#N/A","#N/A","#N/A","#N/A"
91b3357f-7e17-4fdc-b37e-16c4fdcb0198,"#N/A","#N/A",false,Web,"#N/A","#N/A",Medium,"#N/A",New,Subject_wgnph,"#N/A","#N/A","#N/A","#N/A","#N/A"
91b3daa8-0a7a-4890-8c04-6e80b98c2508,"#N/A","#N/A",false,Web,"#N/A","#N/A",Medium,"#N/A",New,Subject_zfgua,"#N/A","#N/A","#N/A","#N/A","#N/A"
91bbc75f-6cb5-4614-bf8e-c19b2cf21893,"#N/A","#N/A",false,Web,"#N/A","#N/A",Medium,"#N/A",New,Subject_zfiql,"#N/A","#N/A","#N/A","#N/A","#N/A"
91bd7cbc-de91-4fbb-89b2-cf5a34b2aa88,"#N/A","#N/A",false,Web,"#N/A","#N/A",Medium,"#N/A",New,Subject_ehfwf,"#N/A","#N/A","#N/A","#N/A","#N/A"
91c33813-60e6-4793-8100-2015c3da3850,"#N/A","#N/A",false,Web,"#N/A","#N/A",Medium,"#N/A",New,Subject_hzrmr,"#N/A","#N/A","#N/A","#N/A","#N/A"
91c41aa6-5976-4b04-9f83-1bfae93d686b,"#N/A","#N/A",false,Web,"#N/A","#N/A",Medium,"#N/A",New,Subject_tomfd,"#N/A","#N/A","#N/A","#N/A","#N/A"
91cd84a2-39d4-4d07-9a89-1f4ed00be2af,"#N/A","#N/A",false,Web,"#N/A","#N/A",Medium,"#N/A",New,Subject_iooaj,"#N/A","#N/A","#N/A","#N/A","#N/A"
91d27ebd-b38a-4b41-b05e-a49dc7edb2b7,"#N/A","#N/A",false,Web,"#N/A","#N/A",Medium,"#N/A",New,Subject_etapq,"#N/A","#N/A","#N/A","#N/A","#N/A"
91d40bca-07eb-4d3d-a2b4-9ff96ad05f29,"#N/A","#N/A",false,Web,"#N/A","#N/A",Medium,"#N/A",New,Subject_czmxq,"#N/A","#N/A","#N/A","#N/A","#N/A"
91d49703-8411-4791-bf7b-5f7f3e9584af,"#N/A","#N/A",false,Web,"#N/A","#N/A",Medium,"#N/A",New,Subject_ijago,"#N/A","#N/A","#N/A","#N/A","#N/A"
91d776cc-53ca-4e2f-b93f-627726258c2c,"#N/A","#N/A",false,Web,"#N/A","#N/A",Medium,"#N/A",New,Subject_lvyud,"#N/A","#N/A","#N/A","#N/A","#N/A"
91d7903e-af54-488a-8414-76f0c8864c87,"#N/A","#N/A",false,Web,"#N/A","#N/A",Medium,"#N/A",New,Subject_ghsrp,"#N/A","#N/A","#N/A","#N/A","#N/A"
91db31cb-744a-4682-8b2c-e16620a82d4b,"#N/A","#N/A",false,Web,"#N/A","#N/A",Medium,"#N/A",New,Subject_xdxui,"#N/A","#N/A","#N/A","#N/A","#N/A"
91dca797-c9fe-46cd-bf9e-04356fa15d96,"#N/A","#N/A",false,Web,"#N/A","#N/A",Medium,"#N/A",New,Subject_vocvn,"#N/A","#N/A","#N/A","#N/A","#N/A"
91e543d2-0652-42db-9808-d17f67bedcd0,"#N/A","#N/A",false,Web,"#N/A","#N/A",Medium,"#N/A",New,Subject_ckrny,"#N/A","#N/A","#N/A","#N/A","#N/A"
91e55240-9f57-4b0d-8b8c-5fa30f73d87c,"#N/A","#N/A",false,Web,"#N/A","#N/A",Medium,"#N/A",New,Subject_sxlkl,"#N/A","#N/A","#N/A","#N/A","#N/A"
91e9c537-1215-49ee-abe7-40bf8c39ea8b,"#N/A","#N/A",false,Web,"#N/A","#N/A",Medium,"#N/A",New,Subject_tzflm,"#N/A","#N/A","#N/A","#N/A","#N/A"
91ec082d-a9a1-4c28-a96c-07080fafaf88,"#N/A","#N/A",false,Web,"#N/A","#N/A",Medium,"#N/A",New,Subject_dsffv,"#N/A","#N/A","#N/A","#N/A","#N/A"
91f2f5dc-f124-49ae-b07f-ddaff8a46745,"#N/A","#N/A",false,Web,"#N/A","#N/A",Medium,"#N/A",New,Subject_qtawn,"#N/A","#N/A","#N/A","#N/A","#N/A"
91f3c1f2-8adb-48e5-999e-f5848191f311,"#N/A","#N/A",false,Web,"#N/A","#N/A",Medium,"#N/A",New,Subject_kajro,"#N/A","#N/A","#N/A","#N/A","#N/A"
91f4e03c-8c4c-4bb7-9514-314dae898807,"#N/A","#N/A",false,Web,"#N/A","#N/A",Medium,"#N/A",New,Subject_ukdos,"#N/A","#N/A","#N/A","#N/A","#N/A"
91f6a2e5-98d1-468f-ab93-2840b5a0eba5,"#N/A","#N/A",false,Web,"#N/A","#N/A",Medium,"#N/A",New,Subject_lmyis,"#N/A","#N/A","#N/A","#N/A","#N/A"
91fa9dcd-9d45-4ca7-9c9f-8590036e042a,"#N/A","#N/A",false,Web,"#N/A","#N/A",Medium,"#N/A",New,Subject_frwha,"#N/A","#N/A","#N/A","#N/A","#N/A"
92014140-146e-4a21-9f66-af730e97ae1d,"#N/A","#N/A",false,Web,"#N/A","#N/A",Medium,"#N/A",New,Subject_zwyhs,"#N/A","#N/A","#N/A","#N/A","#N/A"
9202bfe5-3ed1-4da5-9c72-5c4899f0ffac,"#N/A","#N/A",false,Web,"#N/A","#N/A",Medium,"#N/A",New,Subject_zbpjl,"#N/A","#N/A","#N/A","#N/A","#N/A"
9207f80b-953d-4b4a-84cb-c6fe5d572372,"#N/A","#N/A",false,Web,"#N/A","#N/A",Medium,"#N/A",New,Subject_cakkn,"#N/A","#N/A","#N/A","#N/A","#N/A"
920b1f4d-0fe5-4f7f-b3ce-5592179c67af,"#N/A","#N/A",false,Web,"#N/A","#N/A",Medium,"#N/A",New,Subject_vpayc,"#N/A","#N/A","#N/A","#N/A","#N/A"
920ca530-fcd3-4010-ba49-c2ea9a0da4c6,"#N/A","#N/A",false,Web,"#N/A","#N/A",Medium,"#N/A",New,Subject_jwfws,"#N/A","#N/A","#N/A","#N/A","#N/A"
920cde40-1a48-45c8-b7ea-d6da9f5fca91,"#N/A","#N/A",false,Web,"#N/A","#N/A",Medium,"#N/A",New,Subject_mqjqn,"#N/A","#N/A","#N/A","#N/A","#N/A"
9215c992-537f-478c-918f-afc3454faa29,"#N/A","#N/A",false,Web,"#N/A","#N/A",Medium,"#N/A",New,Subject_ouroz,"#N/A","#N/A","#N/A","#N/A","#N/A"
921aec17-6dc3-423e-a8e5-d555bdaf083b,"#N/A","#N/A",false,Web,"#N/A","#N/A",Medium,"#N/A",New,Subject_ydsew,"#N/A","#N/A","#N/A","#N/A","#N/A"
921d1774-ee39-4e88-aa11-9fd9dd3fa9fe,"#N/A","#N/A",false,Web,"#N/A","#N/A",Medium,"#N/A",New,Subject_vvbch,"#N/A","#N/A","#N/A","#N/A","#N/A"
921df6d4-2eaa-40db-b5df-192b08348b31,"#N/A","#N/A",false,Web,"#N/A","#N/A",Medium,"#N/A",New,Subject_imapw,"#N/A","#N/A","#N/A","#N/A","#N/A"
921f94ed-f5c7-4b30-8826-f51658763eac,"#N/A","#N/A",false,Web,"#N/A","#N/A",Medium,"#N/A",New,Subject_rmowr,"#N/A","#N/A","#N/A","#N/A","#N/A"
92202c97-52ea-4c56-a8f9-ced476730c94,"#N/A","#N/A",false,Web,"#N/A","#N/A",Medium,"#N/A",New,Subject_hodwr,"#N/A","#N/A","#N/A","#N/A","#N/A"
92244f9a-f73e-4fe2-b22a-fdfe06cdd410,"#N/A","#N/A",false,Web,"#N/A","#N/A",Medium,"#N/A",New,Subject_blqjm,"#N/A","#N/A","#N/A","#N/A","#N/A"
922ad697-15ff-4ba4-bd96-3173ec5b6b3c,"#N/A","#N/A",false,Web,"#N/A","#N/A",Medium,"#N/A",New,Subject_feoar,"#N/A","#N/A","#N/A","#N/A","#N/A"
922e573d-14f1-4bb3-9d76-d8ac39d8de28,"#N/A","#N/A",false,Web,"#N/A","#N/A",Medium,"#N/A",New,Subject_qzyse,"#N/A","#N/A","#N/A","#N/A","#N/A"
923221b7-b097-47c6-bc18-642e6a8ccbbd,"#N/A","#N/A",false,Web,"#N/A","#N/A",Medium,"#N/A",New,Subject_uzgru,"#N/A","#N/A","#N/A","#N/A","#N/A"
9232378e-a7a5-45d3-9cb5-2bac7353ea66,"#N/A","#N/A",false,Web,"#N/A","#N/A",Medium,"#N/A",New,Subject_ylxpt,"#N/A","#N/A","#N/A","#N/A","#N/A"
9232b2f5-a4b8-483c-8643-dd705e456ef5,"#N/A","#N/A",false,Web,"#N/A","#N/A",Medium,"#N/A",New,Subject_ewfey,"#N/A","#N/A","#N/A","#N/A","#N/A"
9234d93c-5be5-4e8c-ba74-e89de198e687,"#N/A","#N/A",false,Web,"#N/A","#N/A",Medium,"#N/A",New,Subject_nbfmj,"#N/A","#N/A","#N/A","#N/A","#N/A"
923620d0-185c-414c-ac7a-9ce05ed80409,"#N/A","#N/A",false,Web,"#N/A","#N/A",Medium,"#N/A",New,Subject_qqtpf,"#N/A","#N/A","#N/A","#N/A","#N/A"
923627c6-24d6-4c3d-bfd6-16471665d280,"#N/A","#N/A",false,Web,"#N/A","#N/A",Medium,"#N/A",New,Subject_yoteg,"#N/A","#N/A","#N/A","#N/A","#N/A"
923c48a0-1836-4222-a6ab-fc3119a0fea8,"#N/A","#N/A",false,Web,"#N/A","#N/A",Medium,"#N/A",New,Subject_emrhi,"#N/A","#N/A","#N/A","#N/A","#N/A"
923e8d02-1d6b-40c7-b256-44d5c2bb6115,"#N/A","#N/A",false,Web,"#N/A","#N/A",Medium,"#N/A",New,Subject_edgkv,"#N/A","#N/A","#N/A","#N/A","#N/A"
923eb10a-8de5-44bb-96b3-a099c692f7b4,"#N/A","#N/A",false,Web,"#N/A","#N/A",Medium,"#N/A",New,Subject_dcqzj,"#N/A","#N/A","#N/A","#N/A","#N/A"
923f74e1-626e-4a25-8358-d4b1ac02e668,"#N/A","#N/A",false,Web,"#N/A","#N/A",Medium,"#N/A",New,Subject_mcqkn,"#N/A","#N/A","#N/A","#N/A","#N/A"
923fbf57-ec82-4ac3-b51c-a17ad8d8982b,"#N/A","#N/A",false,Web,"#N/A","#N/A",Medium,"#N/A",New,Subject_gojqm,"#N/A","#N/A","#N/A","#N/A","#N/A"
92405fcb-9604-4e9f-b781-bf0080b897bf,"#N/A","#N/A",false,Web,"#N/A","#N/A",Medium,"#N/A",New,Subject_npwum,"#N/A","#N/A","#N/A","#N/A","#N/A"
92449faf-9b62-4d36-a320-a2b39fff1896,"#N/A","#N/A",false,Web,"#N/A","#N/A",Medium,"#N/A",New,Subject_kyrfb,"#N/A","#N/A","#N/A","#N/A","#N/A"
92468357-51aa-4baf-9de3-6b391ab33811,"#N/A","#N/A",false,Web,"#N/A","#N/A",Medium,"#N/A",New,Subject_ajeje,"#N/A","#N/A","#N/A","#N/A","#N/A"
924fd306-18e1-4d4c-8755-a058d8b31dd8,"#N/A","#N/A",false,Web,"#N/A","#N/A",Medium,"#N/A",New,Subject_draou,"#N/A","#N/A","#N/A","#N/A","#N/A"
9250f55c-d506-4459-bfb2-f2e4df5ae8cb,"#N/A","#N/A",false,Web,"#N/A","#N/A",Medium,"#N/A",New,Subject_kbvxh,"#N/A","#N/A","#N/A","#N/A","#N/A"
9251b945-28cd-4b46-bbd7-b663f6669bbc,"#N/A","#N/A",false,Web,"#N/A","#N/A",Medium,"#N/A",New,Subject_pptms,"#N/A","#N/A","#N/A","#N/A","#N/A"
92546b48-5b6f-4799-9429-5e9bd9effce0,"#N/A","#N/A",false,Web,"#N/A","#N/A",Medium,"#N/A",New,Subject_knolv,"#N/A","#N/A","#N/A","#N/A","#N/A"
9255ced5-1563-4aa0-a017-1b4caab852b8,"#N/A","#N/A",false,Web,"#N/A","#N/A",Medium,"#N/A",New,Subject_gqgcc,"#N/A","#N/A","#N/A","#N/A","#N/A"
925727c4-cdad-4b9d-93f9-7bbaa97a607d,"#N/A","#N/A",false,Web,"#N/A","#N/A",Medium,"#N/A",New,Subject_qxpfd,"#N/A","#N/A","#N/A","#N/A","#N/A"
925746c0-1890-4c09-b673-316a01776e5d,"#N/A","#N/A",false,Web,"#N/A","#N/A",Medium,"#N/A",New,Subject_iwhqw,"#N/A","#N/A","#N/A","#N/A","#N/A"
925925d8-24e5-4e36-9c55-ff5bd7601fa6,"#N/A","#N/A",false,Web,"#N/A","#N/A",Medium,"#N/A",New,Subject_jryzq,"#N/A","#N/A","#N/A","#N/A","#N/A"
92594131-eb53-407c-afaf-bfa9a7ef3c7e,"#N/A","#N/A",false,Web,"#N/A","#N/A",Medium,"#N/A",New,Subject_ifkrh,"#N/A","#N/A","#N/A","#N/A","#N/A"
92598a9d-08cd-40f2-8e50-a547f9b267c8,"#N/A","#N/A",false,Web,"#N/A","#N/A",Medium,"#N/A",New,Subject_qcyce,"#N/A","#N/A","#N/A","#N/A","#N/A"
92601c95-eca4-4a57-9f81-5474871a1fea,"#N/A","#N/A",false,Web,"#N/A","#N/A",Medium,"#N/A",New,Subject_gkelu,"#N/A","#N/A","#N/A","#N/A","#N/A"
926083ba-c4f5-4a64-bc47-fb9e4da632e5,"#N/A","#N/A",false,Web,"#N/A","#N/A",Medium,"#N/A",New,Subject_jzlhb,"#N/A","#N/A","#N/A","#N/A","#N/A"
9262b683-3aac-47a1-8f9f-04e511fce32f,"#N/A","#N/A",false,Web,"#N/A","#N/A",Medium,"#N/A",New,Subject_vlbvt,"#N/A","#N/A","#N/A","#N/A","#N/A"
9265ddb0-b6fb-4b46-8770-1a07409688c2,"#N/A","#N/A",false,Web,"#N/A","#N/A",Medium,"#N/A",New,Subject_knvcp,"#N/A","#N/A","#N/A","#N/A","#N/A"
926fc5d7-c7ee-487c-afb3-e09cb51ace87,"#N/A","#N/A",false,Web,"#N/A","#N/A",Medium,"#N/A",New,Subject_hiuam,"#N/A","#N/A","#N/A","#N/A","#N/A"
92707323-1872-4fd9-abd0-3d5c33150a3d,"#N/A","#N/A",false,Web,"#N/A","#N/A",Medium,"#N/A",New,Subject_eesup,"#N/A","#N/A","#N/A","#N/A","#N/A"
92713290-bae0-4ceb-bb70-aa41ca5a52dc,"#N/A","#N/A",false,Web,"#N/A","#N/A",Medium,"#N/A",New,Subject_bmgvy,"#N/A","#N/A","#N/A","#N/A","#N/A"
927a1294-86f5-4a45-bb44-46ad8ffd9a40,"#N/A","#N/A",false,Web,"#N/A","#N/A",Medium,"#N/A",New,Subject_tkpih,"#N/A","#N/A","#N/A","#N/A","#N/A"
927d1962-2b11-4480-962d-b6a2f3abd2d1,"#N/A","#N/A",false,Web,"#N/A","#N/A",Medium,"#N/A",New,Subject_gqlwq,"#N/A","#N/A","#N/A","#N/A","#N/A"
927dc012-b4a5-474b-8935-30cc706c124e,"#N/A","#N/A",false,Web,"#N/A","#N/A",Medium,"#N/A",New,Subject_tfotq,"#N/A","#N/A","#N/A","#N/A","#N/A"
927f9c2f-5dc6-40a4-b28c-b96abc6c930a,"#N/A","#N/A",false,Web,"#N/A","#N/A",Medium,"#N/A",New,Subject_quexb,"#N/A","#N/A","#N/A","#N/A","#N/A"
92806dcc-4e07-42b5-b98b-6b69799e5e1d,"#N/A","#N/A",false,Web,"#N/A","#N/A",Medium,"#N/A",New,Subject_jhxbw,"#N/A","#N/A","#N/A","#N/A","#N/A"
9282d648-5db6-453f-8bec-06b9740bed03,"#N/A","#N/A",false,Web,"#N/A","#N/A",Medium,"#N/A",New,Subject_fgpad,"#N/A","#N/A","#N/A","#N/A","#N/A"
9285a431-94a4-4d58-87e1-850661e569c3,"#N/A","#N/A",false,Web,"#N/A","#N/A",Medium,"#N/A",New,Subject_usbdc,"#N/A","#N/A","#N/A","#N/A","#N/A"
9287505c-08b8-4e04-b0e9-e28f753f7163,"#N/A","#N/A",false,Web,"#N/A","#N/A",Medium,"#N/A",New,Subject_ugzdy,"#N/A","#N/A","#N/A","#N/A","#N/A"
9288932d-7bc8-421d-bd11-cd059074c118,"#N/A","#N/A",false,Web,"#N/A","#N/A",Medium,"#N/A",New,Subject_niocz,"#N/A","#N/A","#N/A","#N/A","#N/A"
928b0869-5ca8-4905-959d-4cdba46e14d4,"#N/A","#N/A",false,Web,"#N/A","#N/A",Medium,"#N/A",New,Subject_rusgj,"#N/A","#N/A","#N/A","#N/A","#N/A"
928c7402-602b-414f-907d-deb20a1d6f5a,"#N/A","#N/A",false,Web,"#N/A","#N/A",Medium,"#N/A",New,Subject_cxqvh,"#N/A","#N/A","#N/A","#N/A","#N/A"
928cd158-4535-4b3e-82c2-e51149d0a056,"#N/A","#N/A",false,Web,"#N/A","#N/A",Medium,"#N/A",New,Subject_glkgf,"#N/A","#N/A","#N/A","#N/A","#N/A"
928d1747-ff50-480c-a4c4-72346cff2e41,"#N/A","#N/A",false,Web,"#N/A","#N/A",Medium,"#N/A",New,Subject_gysyi,"#N/A","#N/A","#N/A","#N/A","#N/A"
9291137f-c98d-4f98-85c6-47ced7f1830e,"#N/A","#N/A",false,Web,"#N/A","#N/A",Medium,"#N/A",New,Subject_cclwa,"#N/A","#N/A","#N/A","#N/A","#N/A"
9291f867-4580-4341-8b1e-988a1fcf22cb,"#N/A","#N/A",false,Web,"#N/A","#N/A",Medium,"#N/A",New,Subject_joade,"#N/A","#N/A","#N/A","#N/A","#N/A"
9296281c-1333-402b-b16f-19c8d3e45268,"#N/A","#N/A",false,Web,"#N/A","#N/A",Medium,"#N/A",New,Subject_uyxro,"#N/A","#N/A","#N/A","#N/A","#N/A"
92962cad-3dca-4b55-aeb8-eb99f0c73937,"#N/A","#N/A",false,Web,"#N/A","#N/A",Medium,"#N/A",New,Subject_buzsh,"#N/A","#N/A","#N/A","#N/A","#N/A"
929b82cc-cfb0-4f38-ba2f-b1c8678c0c4e,"#N/A","#N/A",false,Web,"#N/A","#N/A",Medium,"#N/A",New,Subject_nyyju,"#N/A","#N/A","#N/A","#N/A","#N/A"
929c0686-3207-4805-a43b-be957afaa097,"#N/A","#N/A",false,Web,"#N/A","#N/A",Medium,"#N/A",New,Subject_fsisa,"#N/A","#N/A","#N/A","#N/A","#N/A"
92a3c9d8-6ca7-4095-80fd-6c0254ed8fbc,"#N/A","#N/A",false,Web,"#N/A","#N/A",Medium,"#N/A",New,Subject_ihdih,"#N/A","#N/A","#N/A","#N/A","#N/A"
92a465ee-ed6d-4f0d-aa1b-fc8571fe29a8,"#N/A","#N/A",false,Web,"#N/A","#N/A",Medium,"#N/A",New,Subject_spbxo,"#N/A","#N/A","#N/A","#N/A","#N/A"
92a53095-0bf3-4dc0-aea1-2f54ce3e801a,"#N/A","#N/A",false,Web,"#N/A","#N/A",Medium,"#N/A",New,Subject_aokmy,"#N/A","#N/A","#N/A","#N/A","#N/A"
92a5e4b2-1c3d-4f34-9c67-23aefb158a38,"#N/A","#N/A",false,Web,"#N/A","#N/A",Medium,"#N/A",New,Subject_ozdlw,"#N/A","#N/A","#N/A","#N/A","#N/A"
92a62f0a-a548-4b18-b391-1599ec4f0f84,"#N/A","#N/A",false,Web,"#N/A","#N/A",Medium,"#N/A",New,Subject_itvxf,"#N/A","#N/A","#N/A","#N/A","#N/A"
92a75f37-a8ee-4d1d-9b1d-90868e42febd,"#N/A","#N/A",false,Web,"#N/A","#N/A",Medium,"#N/A",New,Subject_xcvna,"#N/A","#N/A","#N/A","#N/A","#N/A"
92aae59d-bf4a-4574-a5f6-2bb166be2532,"#N/A","#N/A",false,Web,"#N/A","#N/A",Medium,"#N/A",New,Subject_jiomd,"#N/A","#N/A","#N/A","#N/A","#N/A"
92ae1b54-18da-4d58-980f-de7c4075a011,"#N/A","#N/A",false,Web,"#N/A","#N/A",Medium,"#N/A",New,Subject_qujqv,"#N/A","#N/A","#N/A","#N/A","#N/A"
92b19f3b-1311-43e2-98d6-d091a6147434,"#N/A","#N/A",false,Web,"#N/A","#N/A",Medium,"#N/A",New,Subject_sotvc,"#N/A","#N/A","#N/A","#N/A","#N/A"
92b6fe0f-6d16-4ca0-8ae3-e0f5993bea34,"#N/A","#N/A",false,Web,"#N/A","#N/A",Medium,"#N/A",New,Subject_bovlk,"#N/A","#N/A","#N/A","#N/A","#N/A"
92b736aa-384e-44da-adaa-4a72004c68c7,"#N/A","#N/A",false,Web,"#N/A","#N/A",Medium,"#N/A",New,Subject_fhgyf,"#N/A","#N/A","#N/A","#N/A","#N/A"
92b9262b-1a27-4cc4-a5d9-f6e2e211fb51,"#N/A","#N/A",false,Web,"#N/A","#N/A",Medium,"#N/A",New,Subject_xgpgw,"#N/A","#N/A","#N/A","#N/A","#N/A"
92bb41fb-caea-4f7e-bc2e-0e3e03676db5,"#N/A","#N/A",false,Web,"#N/A","#N/A",Medium,"#N/A",New,Subject_ugjcw,"#N/A","#N/A","#N/A","#N/A","#N/A"
92bc9918-9de3-448d-9bcc-277e5ae4784a,"#N/A","#N/A",false,Web,"#N/A","#N/A",Medium,"#N/A",New,Subject_stxsj,"#N/A","#N/A","#N/A","#N/A","#N/A"
92bcd71b-bd2a-4168-acec-669eefd20210,"#N/A","#N/A",false,Web,"#N/A","#N/A",Medium,"#N/A",New,Subject_jjfmc,"#N/A","#N/A","#N/A","#N/A","#N/A"
92be00ee-0739-47cb-81f3-c7577fb0d4a6,"#N/A","#N/A",false,Web,"#N/A","#N/A",Medium,"#N/A",New,Subject_yfaus,"#N/A","#N/A","#N/A","#N/A","#N/A"
92bf523f-40a7-4e4d-83a4-2339e061e28a,"#N/A","#N/A",false,Web,"#N/A","#N/A",Medium,"#N/A",New,Subject_chhtb,"#N/A","#N/A","#N/A","#N/A","#N/A"
92c148cf-d350-45da-a916-d3f31b70bdb6,"#N/A","#N/A",false,Web,"#N/A","#N/A",Medium,"#N/A",New,Subject_mynlj,"#N/A","#N/A","#N/A","#N/A","#N/A"
92c39c9f-bb83-433c-9f29-b635671f0373,"#N/A","#N/A",false,Web,"#N/A","#N/A",Medium,"#N/A",New,Subject_npgox,"#N/A","#N/A","#N/A","#N/A","#N/A"
92c3d439-6103-4ee2-a66f-17a51e355696,"#N/A","#N/A",false,Web,"#N/A","#N/A",Medium,"#N/A",New,Subject_wqpzp,"#N/A","#N/A","#N/A","#N/A","#N/A"
92c7e5a3-0d54-40ce-b272-b036b7c5437e,"#N/A","#N/A",false,Web,"#N/A","#N/A",Medium,"#N/A",New,Subject_pjckj,"#N/A","#N/A","#N/A","#N/A","#N/A"
92cabb83-5db0-44ca-816d-1b6c939f04a6,"#N/A","#N/A",false,Web,"#N/A","#N/A",Medium,"#N/A",New,Subject_owquv,"#N/A","#N/A","#N/A","#N/A","#N/A"
92cbcf94-366f-460f-b3d8-b40049affd0a,"#N/A","#N/A",false,Web,"#N/A","#N/A",Medium,"#N/A",New,Subject_pratq,"#N/A","#N/A","#N/A","#N/A","#N/A"
92cc0a19-121f-4e4e-8470-cf566e3af610,"#N/A","#N/A",false,Web,"#N/A","#N/A",Medium,"#N/A",New,Subject_eihwd,"#N/A","#N/A","#N/A","#N/A","#N/A"
92cfdf96-4c24-4543-9b5b-ff152842e2fb,"#N/A","#N/A",false,Web,"#N/A","#N/A",Medium,"#N/A",New,Subject_zuict,"#N/A","#N/A","#N/A","#N/A","#N/A"
92d186c6-729e-4a97-ad67-0d822dcffa80,"#N/A","#N/A",false,Web,"#N/A","#N/A",Medium,"#N/A",New,Subject_ifvol,"#N/A","#N/A","#N/A","#N/A","#N/A"
92d1aa1e-a562-4811-ac23-dc50cbcd3851,"#N/A","#N/A",false,Web,"#N/A","#N/A",Medium,"#N/A",New,Subject_khutc,"#N/A","#N/A","#N/A","#N/A","#N/A"
92d6f5a1-deca-447a-8706-243c50e9b2be,"#N/A","#N/A",false,Web,"#N/A","#N/A",Medium,"#N/A",New,Subject_zozgp,"#N/A","#N/A","#N/A","#N/A","#N/A"
92d714ae-f73e-4340-8f41-d633a46365c1,"#N/A","#N/A",false,Web,"#N/A","#N/A",Medium,"#N/A",New,Subject_bsvic,"#N/A","#N/A","#N/A","#N/A","#N/A"
92d7770c-ab68-4311-8064-1e2573c2d3b3,"#N/A","#N/A",false,Web,"#N/A","#N/A",Medium,"#N/A",New,Subject_onyiv,"#N/A","#N/A","#N/A","#N/A","#N/A"
92db2e0c-daf1-40f1-a4c7-13f76041d387,"#N/A","#N/A",false,Web,"#N/A","#N/A",Medium,"#N/A",New,Subject_tcjvo,"#N/A","#N/A","#N/A","#N/A","#N/A"
92dd0da3-312f-4cfd-87ca-ef89b12ab286,"#N/A","#N/A",false,Web,"#N/A","#N/A",Medium,"#N/A",New,Subject_pjkku,"#N/A","#N/A","#N/A","#N/A","#N/A"
92dd6cde-3800-4cf9-a5d8-c969923dfb29,"#N/A","#N/A",false,Web,"#N/A","#N/A",Medium,"#N/A",New,Subject_smsjo,"#N/A","#N/A","#N/A","#N/A","#N/A"
92debb84-d348-4db3-9d3e-64d0a45bb3e1,"#N/A","#N/A",false,Web,"#N/A","#N/A",Medium,"#N/A",New,Subject_zjakd,"#N/A","#N/A","#N/A","#N/A","#N/A"
92e2487e-c6df-4f9f-a590-4800e4f56edf,"#N/A","#N/A",false,Web,"#N/A","#N/A",Medium,"#N/A",New,Subject_fyude,"#N/A","#N/A","#N/A","#N/A","#N/A"
92e2945a-4c0d-4a9b-bdd5-9a17b41b7288,"#N/A","#N/A",false,Web,"#N/A","#N/A",Medium,"#N/A",New,Subject_wyrpj,"#N/A","#N/A","#N/A","#N/A","#N/A"
92e31189-1471-4e76-8ad0-c348733bb3e6,"#N/A","#N/A",false,Web,"#N/A","#N/A",Medium,"#N/A",New,Subject_iwnfv,"#N/A","#N/A","#N/A","#N/A","#N/A"
92e35bf7-6854-4ac8-87ff-c95d044a13a6,"#N/A","#N/A",false,Web,"#N/A","#N/A",Medium,"#N/A",New,Subject_wqcoo,"#N/A","#N/A","#N/A","#N/A","#N/A"
92f00e13-755c-448e-ba40-cb4a06b3ea36,"#N/A","#N/A",false,Web,"#N/A","#N/A",Medium,"#N/A",New,Subject_ekzcs,"#N/A","#N/A","#N/A","#N/A","#N/A"
92f2b837-f0fe-4ff3-8f9e-3fc8ed7aa765,"#N/A","#N/A",false,Web,"#N/A","#N/A",Medium,"#N/A",New,Subject_fwvgv,"#N/A","#N/A","#N/A","#N/A","#N/A"
92fb46ce-ccae-4abb-a74b-919ae89948d9,"#N/A","#N/A",false,Web,"#N/A","#N/A",Medium,"#N/A",New,Subject_yirsi,"#N/A","#N/A","#N/A","#N/A","#N/A"
93014d8c-91ac-4923-b05c-7112f1e6016e,"#N/A","#N/A",false,Web,"#N/A","#N/A",Medium,"#N/A",New,Subject_tvysu,"#N/A","#N/A","#N/A","#N/A","#N/A"
93090344-83c6-437d-8340-cad485db2949,"#N/A","#N/A",false,Web,"#N/A","#N/A",Medium,"#N/A",New,Subject_hlqsm,"#N/A","#N/A","#N/A","#N/A","#N/A"
930a6529-8449-44bc-94b5-853c23d7b1ce,"#N/A","#N/A",false,Web,"#N/A","#N/A",Medium,"#N/A",New,Subject_pknxu,"#N/A","#N/A","#N/A","#N/A","#N/A"
930d27a8-3e92-4fcb-94d4-415f211c211d,"#N/A","#N/A",false,Web,"#N/A","#N/A",Medium,"#N/A",New,Subject_mlhpi,"#N/A","#N/A","#N/A","#N/A","#N/A"
93151622-fdb1-4ab6-97f1-0afec27c3827,"#N/A","#N/A",false,Web,"#N/A","#N/A",Medium,"#N/A",New,Subject_lhzcq,"#N/A","#N/A","#N/A","#N/A","#N/A"
9315799a-71ca-4c7a-b691-8a756770b173,"#N/A","#N/A",false,Web,"#N/A","#N/A",Medium,"#N/A",New,Subject_gbnmj,"#N/A","#N/A","#N/A","#N/A","#N/A"
9316c7be-73d8-4178-a41b-be0d782b8801,"#N/A","#N/A",false,Web,"#N/A","#N/A",Medium,"#N/A",New,Subject_nhgzq,"#N/A","#N/A","#N/A","#N/A","#N/A"
9316e0a5-14b7-4d4e-97a2-7c1fafe8e29d,"#N/A","#N/A",false,Web,"#N/A","#N/A",Medium,"#N/A",New,Subject_perjw,"#N/A","#N/A","#N/A","#N/A","#N/A"
931b5123-58db-48a6-bc3a-2e8fcfef7565,"#N/A","#N/A",false,Web,"#N/A","#N/A",Medium,"#N/A",New,Subject_nzzss,"#N/A","#N/A","#N/A","#N/A","#N/A"
931d68b4-be1b-425a-bdd2-7d5001b873dd,"#N/A","#N/A",false,Web,"#N/A","#N/A",Medium,"#N/A",New,Subject_sbfkb,"#N/A","#N/A","#N/A","#N/A","#N/A"
931f5d60-6420-4be6-b68c-3429770f1bbb,"#N/A","#N/A",false,Web,"#N/A","#N/A",Medium,"#N/A",New,Subject_naxey,"#N/A","#N/A","#N/A","#N/A","#N/A"
931f8717-e27d-4b98-9fda-aeec1108d1e1,"#N/A","#N/A",false,Web,"#N/A","#N/A",Medium,"#N/A",New,Subject_ivujy,"#N/A","#N/A","#N/A","#N/A","#N/A"
931fff61-c0fd-43cb-a1f2-c6024b9ba997,"#N/A","#N/A",false,Web,"#N/A","#N/A",Medium,"#N/A",New,Subject_mufms,"#N/A","#N/A","#N/A","#N/A","#N/A"
93250811-919e-4336-9d65-990493fac36e,"#N/A","#N/A",false,Web,"#N/A","#N/A",Medium,"#N/A",New,Subject_ayzen,"#N/A","#N/A","#N/A","#N/A","#N/A"
932a2363-3f77-42d3-8b67-c92af4a9471b,"#N/A","#N/A",false,Web,"#N/A","#N/A",Medium,"#N/A",New,Subject_izpsr,"#N/A","#N/A","#N/A","#N/A","#N/A"
932f2b6d-ca35-4dbf-8f1a-88920055320d,"#N/A","#N/A",false,Web,"#N/A","#N/A",Medium,"#N/A",New,Subject_frpbk,"#N/A","#N/A","#N/A","#N/A","#N/A"
9330b5c8-c166-4f50-bc85-a5ba72355ef9,"#N/A","#N/A",false,Web,"#N/A","#N/A",Medium,"#N/A",New,Subject_zzgrm,"#N/A","#N/A","#N/A","#N/A","#N/A"
9339006c-d635-49d2-9f6b-3452fdda2211,"#N/A","#N/A",false,Web,"#N/A","#N/A",Medium,"#N/A",New,Subject_epngt,"#N/A","#N/A","#N/A","#N/A","#N/A"
93395d0f-9cb5-4fed-87e8-35be7b6fa4a9,"#N/A","#N/A",false,Web,"#N/A","#N/A",Medium,"#N/A",New,Subject_rffct,"#N/A","#N/A","#N/A","#N/A","#N/A"
93397b88-d2bb-407f-a60d-0f787033f453,"#N/A","#N/A",false,Web,"#N/A","#N/A",Medium,"#N/A",New,Subject_nyqny,"#N/A","#N/A","#N/A","#N/A","#N/A"
933d449b-42d9-43a7-96aa-3c3d841767bf,"#N/A","#N/A",false,Web,"#N/A","#N/A",Medium,"#N/A",New,Subject_vfhqd,"#N/A","#N/A","#N/A","#N/A","#N/A"
933df388-c336-4181-8b67-948e7b115002,"#N/A","#N/A",false,Web,"#N/A","#N/A",Medium,"#N/A",New,Subject_disjx,"#N/A","#N/A","#N/A","#N/A","#N/A"
933e5138-f2eb-418d-b430-ec595c479804,"#N/A","#N/A",false,Web,"#N/A","#N/A",Medium,"#N/A",New,Subject_jbffd,"#N/A","#N/A","#N/A","#N/A","#N/A"
9341c786-eb0e-4a37-9361-a2af56e365bc,"#N/A","#N/A",false,Web,"#N/A","#N/A",Medium,"#N/A",New,Subject_dxwaf,"#N/A","#N/A","#N/A","#N/A","#N/A"
93421e86-8b09-46a0-b87d-9a078d98115f,"#N/A","#N/A",false,Web,"#N/A","#N/A",Medium,"#N/A",New,Subject_crjbi,"#N/A","#N/A","#N/A","#N/A","#N/A"
934a1c97-15a2-43d3-95ae-5c79ef02c4eb,"#N/A","#N/A",false,Web,"#N/A","#N/A",Medium,"#N/A",New,Subject_ikibh,"#N/A","#N/A","#N/A","#N/A","#N/A"
934b396b-a46f-4ee8-84af-55dc9916d84a,"#N/A","#N/A",false,Web,"#N/A","#N/A",Medium,"#N/A",New,Subject_ubfhy,"#N/A","#N/A","#N/A","#N/A","#N/A"
934ce73c-5509-4fb7-80af-d8f71082c889,"#N/A","#N/A",false,Web,"#N/A","#N/A",Medium,"#N/A",New,Subject_ldmbj,"#N/A","#N/A","#N/A","#N/A","#N/A"
934ff849-cced-478c-a4c8-70db675018fb,"#N/A","#N/A",false,Web,"#N/A","#N/A",Medium,"#N/A",New,Subject_jifev,"#N/A","#N/A","#N/A","#N/A","#N/A"
93556041-591c-4500-9c54-a1a4c00add0f,"#N/A","#N/A",false,Web,"#N/A","#N/A",Medium,"#N/A",New,Subject_pkmlr,"#N/A","#N/A","#N/A","#N/A","#N/A"
93556fad-9f53-4db8-b326-c36c1cc36448,"#N/A","#N/A",false,Web,"#N/A","#N/A",Medium,"#N/A",New,Subject_lqpll,"#N/A","#N/A","#N/A","#N/A","#N/A"
93567f47-bb33-4fac-96ad-1f3addc04579,"#N/A","#N/A",false,Web,"#N/A","#N/A",Medium,"#N/A",New,Subject_lpkrk,"#N/A","#N/A","#N/A","#N/A","#N/A"
93589293-d8b0-43fb-9957-623a36251dcd,"#N/A","#N/A",false,Web,"#N/A","#N/A",Medium,"#N/A",New,Subject_zmnij,"#N/A","#N/A","#N/A","#N/A","#N/A"
935acbf0-76a1-44f9-a523-74d7cbe074df,"#N/A","#N/A",false,Web,"#N/A","#N/A",Medium,"#N/A",New,Subject_fepku,"#N/A","#N/A","#N/A","#N/A","#N/A"
935f45bb-1bc2-4f8f-9af6-5ce2b5700e3e,"#N/A","#N/A",false,Web,"#N/A","#N/A",Medium,"#N/A",New,Subject_puchg,"#N/A","#N/A","#N/A","#N/A","#N/A"
935fcb0d-c1ae-4ffd-86c8-d52649add80f,"#N/A","#N/A",false,Web,"#N/A","#N/A",Medium,"#N/A",New,Subject_yjqun,"#N/A","#N/A","#N/A","#N/A","#N/A"
9362ed4d-d3a7-408b-b349-5ab9a6eb4a58,"#N/A","#N/A",false,Web,"#N/A","#N/A",Medium,"#N/A",New,Subject_zqrdc,"#N/A","#N/A","#N/A","#N/A","#N/A"
93678c94-cc10-4200-9f8c-b20dedd7b5e0,"#N/A","#N/A",false,Web,"#N/A","#N/A",Medium,"#N/A",New,Subject_irtfp,"#N/A","#N/A","#N/A","#N/A","#N/A"
936b4792-6e3e-4969-92c4-ccc6992cfd36,"#N/A","#N/A",false,Web,"#N/A","#N/A",Medium,"#N/A",New,Subject_vxkkr,"#N/A","#N/A","#N/A","#N/A","#N/A"
936d64fd-5190-4c7f-b8ad-1e6282666625,"#N/A","#N/A",false,Web,"#N/A","#N/A",Medium,"#N/A",New,Subject_jkdfi,"#N/A","#N/A","#N/A","#N/A","#N/A"
936e27ce-5b6d-4757-8770-597d302eb7f2,"#N/A","#N/A",false,Web,"#N/A","#N/A",Medium,"#N/A",New,Subject_szjgk,"#N/A","#N/A","#N/A","#N/A","#N/A"
9370365a-5b63-4061-9863-6f19dd72a9c0,"#N/A","#N/A",false,Web,"#N/A","#N/A",Medium,"#N/A",New,Subject_zlduh,"#N/A","#N/A","#N/A","#N/A","#N/A"
9372e8df-b82c-48df-9698-7f2e0e8b2616,"#N/A","#N/A",false,Web,"#N/A","#N/A",Medium,"#N/A",New,Subject_blrrc,"#N/A","#N/A","#N/A","#N/A","#N/A"
937395e5-8542-4208-8c01-2fb9a6784310,"#N/A","#N/A",false,Web,"#N/A","#N/A",Medium,"#N/A",New,Subject_jubsk,"#N/A","#N/A","#N/A","#N/A","#N/A"
93746993-d36c-4b89-ad19-d80c2a4f0fd9,"#N/A","#N/A",false,Web,"#N/A","#N/A",Medium,"#N/A",New,Subject_tjibr,"#N/A","#N/A","#N/A","#N/A","#N/A"
9379bbff-b48a-4b03-81c9-5f4efeb7e438,"#N/A","#N/A",false,Web,"#N/A","#N/A",Medium,"#N/A",New,Subject_lwist,"#N/A","#N/A","#N/A","#N/A","#N/A"
937a71b3-2d64-457f-97d2-88fc99b438e8,"#N/A","#N/A",false,Web,"#N/A","#N/A",Medium,"#N/A",New,Subject_zrvpu,"#N/A","#N/A","#N/A","#N/A","#N/A"
937d61c0-88a1-4a7e-891b-d36c433c1b3a,"#N/A","#N/A",false,Web,"#N/A","#N/A",Medium,"#N/A",New,Subject_oqvge,"#N/A","#N/A","#N/A","#N/A","#N/A"
937f8219-b252-4535-a0a6-be4e31b35ca4,"#N/A","#N/A",false,Web,"#N/A","#N/A",Medium,"#N/A",New,Subject_kggms,"#N/A","#N/A","#N/A","#N/A","#N/A"
9380352a-9033-43f4-a7b9-3560ac40a3f3,"#N/A","#N/A",false,Web,"#N/A","#N/A",Medium,"#N/A",New,Subject_azwse,"#N/A","#N/A","#N/A","#N/A","#N/A"
9382afd0-7e31-483f-a8b8-947814eb8621,"#N/A","#N/A",false,Web,"#N/A","#N/A",Medium,"#N/A",New,Subject_hwctq,"#N/A","#N/A","#N/A","#N/A","#N/A"
938a311c-52b7-447a-8751-2e7085d3a656,"#N/A","#N/A",false,Web,"#N/A","#N/A",Medium,"#N/A",New,Subject_knsyg,"#N/A","#N/A","#N/A","#N/A","#N/A"
9392d856-ea3a-46be-b279-b8b442e2ea96,"#N/A","#N/A",false,Web,"#N/A","#N/A",Medium,"#N/A",New,Subject_qiuts,"#N/A","#N/A","#N/A","#N/A","#N/A"
939320cd-7510-4344-8c87-1b21a3cc033c,"#N/A","#N/A",false,Web,"#N/A","#N/A",Medium,"#N/A",New,Subject_bjlnd,"#N/A","#N/A","#N/A","#N/A","#N/A"
93a3cb04-4875-4a88-a2b3-68ccf9e4513d,"#N/A","#N/A",false,Web,"#N/A","#N/A",Medium,"#N/A",New,Subject_kspfl,"#N/A","#N/A","#N/A","#N/A","#N/A"
93acab3a-9b2b-41ed-aca2-370c78098640,"#N/A","#N/A",false,Web,"#N/A","#N/A",Medium,"#N/A",New,Subject_atdil,"#N/A","#N/A","#N/A","#N/A","#N/A"
93b0a889-b7d9-4d91-9419-8721d0b2237e,"#N/A","#N/A",false,Web,"#N/A","#N/A",Medium,"#N/A",New,Subject_qpjio,"#N/A","#N/A","#N/A","#N/A","#N/A"
93b2c3d6-fdc8-4b13-b254-ae5945c8fcb3,"#N/A","#N/A",false,Web,"#N/A","#N/A",Medium,"#N/A",New,Subject_hiiqc,"#N/A","#N/A","#N/A","#N/A","#N/A"
93bb827f-3c0a-4ff6-8482-9f872e4e2d8d,"#N/A","#N/A",false,Web,"#N/A","#N/A",Medium,"#N/A",New,Subject_asegr,"#N/A","#N/A","#N/A","#N/A","#N/A"
93bd27aa-bfeb-47f7-80e0-532e9b215aa8,"#N/A","#N/A",false,Web,"#N/A","#N/A",Medium,"#N/A",New,Subject_gutmv,"#N/A","#N/A","#N/A","#N/A","#N/A"
93be2c41-f1c0-4b76-b02f-e91c399123db,"#N/A","#N/A",false,Web,"#N/A","#N/A",Medium,"#N/A",New,Subject_gdaci,"#N/A","#N/A","#N/A","#N/A","#N/A"
93beb144-e8ed-4756-bc12-1c9e757dd0a0,"#N/A","#N/A",false,Web,"#N/A","#N/A",Medium,"#N/A",New,Subject_likpq,"#N/A","#N/A","#N/A","#N/A","#N/A"
93c5411a-9f97-48cc-8ad1-92a9add18a45,"#N/A","#N/A",false,Web,"#N/A","#N/A",Medium,"#N/A",New,Subject_dtggo,"#N/A","#N/A","#N/A","#N/A","#N/A"
93c5655d-9e4d-4165-a68d-9efcd2cb16e9,"#N/A","#N/A",false,Web,"#N/A","#N/A",Medium,"#N/A",New,Subject_juctz,"#N/A","#N/A","#N/A","#N/A","#N/A"
93c5c602-cd69-4a58-9cf5-f5b30d0411ae,"#N/A","#N/A",false,Web,"#N/A","#N/A",Medium,"#N/A",New,Subject_oclht,"#N/A","#N/A","#N/A","#N/A","#N/A"
93c65a11-e6ae-4474-975e-222a9024aad4,"#N/A","#N/A",false,Web,"#N/A","#N/A",Medium,"#N/A",New,Subject_ezcvi,"#N/A","#N/A","#N/A","#N/A","#N/A"
93caddcd-7bc1-46a0-b18f-f5cee7e0f912,"#N/A","#N/A",false,Web,"#N/A","#N/A",Medium,"#N/A",New,Subject_mxjye,"#N/A","#N/A","#N/A","#N/A","#N/A"
93d1d100-48a1-49a7-9ec5-2f3e024efa49,"#N/A","#N/A",false,Web,"#N/A","#N/A",Medium,"#N/A",New,Subject_dlxwn,"#N/A","#N/A","#N/A","#N/A","#N/A"
93d4b9ea-cca4-4fa3-a163-5529177c005e,"#N/A","#N/A",false,Web,"#N/A","#N/A",Medium,"#N/A",New,Subject_tjwoh,"#N/A","#N/A","#N/A","#N/A","#N/A"
93d6772b-01b9-4134-b93a-408091efcac5,"#N/A","#N/A",false,Web,"#N/A","#N/A",Medium,"#N/A",New,Subject_dlxwn,"#N/A","#N/A","#N/A","#N/A","#N/A"
93d748b5-55b5-4f10-945c-8ad0c13fd4fc,"#N/A","#N/A",false,Web,"#N/A","#N/A",Medium,"#N/A",New,Subject_xmjcd,"#N/A","#N/A","#N/A","#N/A","#N/A"
93dfe765-0fae-4c72-a96c-f7ad7bfbc8ac,"#N/A","#N/A",false,Web,"#N/A","#N/A",Medium,"#N/A",New,Subject_axaxj,"#N/A","#N/A","#N/A","#N/A","#N/A"
93e131e8-4152-412f-b886-6b7ff68017e1,"#N/A","#N/A",false,Web,"#N/A","#N/A",Medium,"#N/A",New,Subject_nxmbc,"#N/A","#N/A","#N/A","#N/A","#N/A"
93e17026-a369-456a-b083-9fbd39491b6a,"#N/A","#N/A",false,Web,"#N/A","#N/A",Medium,"#N/A",New,Subject_mtgju,"#N/A","#N/A","#N/A","#N/A","#N/A"
93e84c1a-b887-4bbd-9371-edeb5b8e87ba,"#N/A","#N/A",false,Web,"#N/A","#N/A",Medium,"#N/A",New,Subject_tondw,"#N/A","#N/A","#N/A","#N/A","#N/A"
93e98bb8-7fa4-4578-b410-6df9e5039dfb,"#N/A","#N/A",false,Web,"#N/A","#N/A",Medium,"#N/A",New,Subject_ermki,"#N/A","#N/A","#N/A","#N/A","#N/A"
93f17c16-38c3-4b3a-89ce-e9ab8829ce13,"#N/A","#N/A",false,Web,"#N/A","#N/A",Medium,"#N/A",New,Subject_iycya,"#N/A","#N/A","#N/A","#N/A","#N/A"
93f843e0-5c71-4f6b-88bb-3a26ecf1caee,"#N/A","#N/A",false,Web,"#N/A","#N/A",Medium,"#N/A",New,Subject_gkmbj,"#N/A","#N/A","#N/A","#N/A","#N/A"
93f88e9b-617a-4610-8f27-ec545a3c0fb1,"#N/A","#N/A",false,Web,"#N/A","#N/A",Medium,"#N/A",New,Subject_nyoia,"#N/A","#N/A","#N/A","#N/A","#N/A"
94033e47-ae71-42e6-840b-2d3931ef856d,"#N/A","#N/A",false,Web,"#N/A","#N/A",Medium,"#N/A",New,Subject_tgxpj,"#N/A","#N/A","#N/A","#N/A","#N/A"
9405b94b-ac6c-4d82-ad43-07460dba15e3,"#N/A","#N/A",false,Web,"#N/A","#N/A",Medium,"#N/A",New,Subject_evrgi,"#N/A","#N/A","#N/A","#N/A","#N/A"
940659a5-f7f0-4642-8b88-807fbb3e142b,"#N/A","#N/A",false,Web,"#N/A","#N/A",Medium,"#N/A",New,Subject_ijjss,"#N/A","#N/A","#N/A","#N/A","#N/A"
940847f6-04e7-40f0-aa2a-4ccf1c586dce,"#N/A","#N/A",false,Web,"#N/A","#N/A",Medium,"#N/A",New,Subject_jpuaw,"#N/A","#N/A","#N/A","#N/A","#N/A"
94094f00-7457-441d-bf12-1fa50247d450,"#N/A","#N/A",false,Web,"#N/A","#N/A",Medium,"#N/A",New,Subject_cgkki,"#N/A","#N/A","#N/A","#N/A","#N/A"
940a6bec-1da6-4d89-a12f-fe5bacd7765b,"#N/A","#N/A",false,Web,"#N/A","#N/A",Medium,"#N/A",New,Subject_lstfc,"#N/A","#N/A","#N/A","#N/A","#N/A"
940fc15e-3324-4e57-8698-097e9f5673a6,"#N/A","#N/A",false,Web,"#N/A","#N/A",Medium,"#N/A",New,Subject_ewcsk,"#N/A","#N/A","#N/A","#N/A","#N/A"
94137702-3863-4f59-8f0f-5569bdb3256f,"#N/A","#N/A",false,Web,"#N/A","#N/A",Medium,"#N/A",New,Subject_awmwv,"#N/A","#N/A","#N/A","#N/A","#N/A"
941481b9-daa1-4fa2-963f-edaa975a6295,"#N/A","#N/A",false,Web,"#N/A","#N/A",Medium,"#N/A",New,Subject_qpobz,"#N/A","#N/A","#N/A","#N/A","#N/A"
9414f3ee-7464-470e-bdc5-0207fdc86f5e,"#N/A","#N/A",false,Web,"#N/A","#N/A",Medium,"#N/A",New,Subject_cjsox,"#N/A","#N/A","#N/A","#N/A","#N/A"
941c3e2c-2409-4d92-a881-0e1883b35b6b,"#N/A","#N/A",false,Web,"#N/A","#N/A",Medium,"#N/A",New,Subject_nqahu,"#N/A","#N/A","#N/A","#N/A","#N/A"
941cd807-cfb4-46de-b60c-36ca7b99491e,"#N/A","#N/A",false,Web,"#N/A","#N/A",Medium,"#N/A",New,Subject_bbbqo,"#N/A","#N/A","#N/A","#N/A","#N/A"
941d1912-daea-41af-9327-554ba54e18bf,"#N/A","#N/A",false,Web,"#N/A","#N/A",Medium,"#N/A",New,Subject_qxafl,"#N/A","#N/A","#N/A","#N/A","#N/A"
9423ef9f-4bf6-4e37-93a3-29100875f9f9,"#N/A","#N/A",false,Web,"#N/A","#N/A",Medium,"#N/A",New,Subject_prjts,"#N/A","#N/A","#N/A","#N/A","#N/A"
94266c7e-89d6-4986-af1d-b0c0f40e4dff,"#N/A","#N/A",false,Web,"#N/A","#N/A",Medium,"#N/A",New,Subject_qyhqx,"#N/A","#N/A","#N/A","#N/A","#N/A"
9426d603-6d17-4322-88c7-f2b89b459753,"#N/A","#N/A",false,Web,"#N/A","#N/A",Medium,"#N/A",New,Subject_hodby,"#N/A","#N/A","#N/A","#N/A","#N/A"
9426d7b7-517b-4b35-8f0d-b81d9adc8cc0,"#N/A","#N/A",false,Web,"#N/A","#N/A",Medium,"#N/A",New,Subject_lyfmz,"#N/A","#N/A","#N/A","#N/A","#N/A"
94309878-63df-405d-9525-86d939c4d2d6,"#N/A","#N/A",false,Web,"#N/A","#N/A",Medium,"#N/A",New,Subject_rwvdg,"#N/A","#N/A","#N/A","#N/A","#N/A"
9430f564-5a5c-4ae2-977d-34f1d290ddc7,"#N/A","#N/A",false,Web,"#N/A","#N/A",Medium,"#N/A",New,Subject_wtzyh,"#N/A","#N/A","#N/A","#N/A","#N/A"
943121ce-9ba0-4499-a510-b88e91a81be3,"#N/A","#N/A",false,Web,"#N/A","#N/A",Medium,"#N/A",New,Subject_njlcb,"#N/A","#N/A","#N/A","#N/A","#N/A"
94349a6b-1fbb-4d22-bd08-fbd6217f8ea6,"#N/A","#N/A",false,Web,"#N/A","#N/A",Medium,"#N/A",New,Subject_byjqi,"#N/A","#N/A","#N/A","#N/A","#N/A"
9436c26a-80d3-4e4a-927f-944a61d5634e,"#N/A","#N/A",false,Web,"#N/A","#N/A",Medium,"#N/A",New,Subject_yqmjg,"#N/A","#N/A","#N/A","#N/A","#N/A"
943ce594-45b9-49f7-bb38-7bac7cd18b80,"#N/A","#N/A",false,Web,"#N/A","#N/A",Medium,"#N/A",New,Subject_yznoh,"#N/A","#N/A","#N/A","#N/A","#N/A"
943e6e55-31f6-40a7-9647-1283648ef883,"#N/A","#N/A",false,Web,"#N/A","#N/A",Medium,"#N/A",New,Subject_xwifn,"#N/A","#N/A","#N/A","#N/A","#N/A"
94401386-19dc-467f-8155-cba134f8d229,"#N/A","#N/A",false,Web,"#N/A","#N/A",Medium,"#N/A",New,Subject_oamvy,"#N/A","#N/A","#N/A","#N/A","#N/A"
944bc794-e6c6-477a-8dcd-40e325b5c6ec,"#N/A","#N/A",false,Web,"#N/A","#N/A",Medium,"#N/A",New,Subject_bcsij,"#N/A","#N/A","#N/A","#N/A","#N/A"
944e24eb-c085-4bb4-ad0f-1a84c8a25b10,"#N/A","#N/A",false,Web,"#N/A","#N/A",Medium,"#N/A",New,Subject_mpqwz,"#N/A","#N/A","#N/A","#N/A","#N/A"
944e6263-d5d8-4f07-83b0-fb6a362955e3,"#N/A","#N/A",false,Web,"#N/A","#N/A",Medium,"#N/A",New,Subject_sobsm,"#N/A","#N/A","#N/A","#N/A","#N/A"
944e9104-d23c-4110-a2d0-d8201178f785,"#N/A","#N/A",false,Web,"#N/A","#N/A",Medium,"#N/A",New,Subject_vyfyj,"#N/A","#N/A","#N/A","#N/A","#N/A"
944f0099-0082-42d4-882d-51262c149e66,"#N/A","#N/A",false,Web,"#N/A","#N/A",Medium,"#N/A",New,Subject_vyfyj,"#N/A","#N/A","#N/A","#N/A","#N/A"
9450e221-908b-459e-b8eb-86d127bd3eca,"#N/A","#N/A",false,Web,"#N/A","#N/A",Medium,"#N/A",New,Subject_eyefb,"#N/A","#N/A","#N/A","#N/A","#N/A"
945321b4-7652-4df8-b1f1-1df6bd7279dd,"#N/A","#N/A",false,Web,"#N/A","#N/A",Medium,"#N/A",New,Subject_jqghs,"#N/A","#N/A","#N/A","#N/A","#N/A"
9453f4cc-390c-4d92-b2b0-d0f0da3ae251,"#N/A","#N/A",false,Web,"#N/A","#N/A",Medium,"#N/A",New,Subject_uhiru,"#N/A","#N/A","#N/A","#N/A","#N/A"
945bb921-7cdf-452e-a35f-f0183fde2103,"#N/A","#N/A",false,Web,"#N/A","#N/A",Medium,"#N/A",New,Subject_yzegt,"#N/A","#N/A","#N/A","#N/A","#N/A"
945c65aa-bcc7-4edb-bbc2-0fa812610bed,"#N/A","#N/A",false,Web,"#N/A","#N/A",Medium,"#N/A",New,Subject_ycpkt,"#N/A","#N/A","#N/A","#N/A","#N/A"
945d9793-01bb-4c17-a834-661ad9f62fc9,"#N/A","#N/A",false,Web,"#N/A","#N/A",Medium,"#N/A",New,Subject_axhae,"#N/A","#N/A","#N/A","#N/A","#N/A"
945f14aa-2ee0-496b-bba0-43d0f2eb6a83,"#N/A","#N/A",false,Web,"#N/A","#N/A",Medium,"#N/A",New,Subject_ryhuk,"#N/A","#N/A","#N/A","#N/A","#N/A"
9461730b-8912-4228-b630-9877a2145c3d,"#N/A","#N/A",false,Web,"#N/A","#N/A",Medium,"#N/A",New,Subject_gtuzo,"#N/A","#N/A","#N/A","#N/A","#N/A"
9462c248-98a7-41ce-9573-4d4c72561073,"#N/A","#N/A",false,Web,"#N/A","#N/A",Medium,"#N/A",New,Subject_pfvgq,"#N/A","#N/A","#N/A","#N/A","#N/A"
9466944b-2c26-477d-b9fa-5c4e40a98bb7,"#N/A","#N/A",false,Web,"#N/A","#N/A",Medium,"#N/A",New,Subject_eavwv,"#N/A","#N/A","#N/A","#N/A","#N/A"
946b77b4-7732-4a2e-b4f3-3bf059c4fb5f,"#N/A","#N/A",false,Web,"#N/A","#N/A",Medium,"#N/A",New,Subject_lxkpx,"#N/A","#N/A","#N/A","#N/A","#N/A"
946e11c6-0a02-4d7d-9876-ef4daaa3e054,"#N/A","#N/A",false,Web,"#N/A","#N/A",Medium,"#N/A",New,Subject_tlctw,"#N/A","#N/A","#N/A","#N/A","#N/A"
946e502e-8ebd-49f2-8a32-eb34c5050e06,"#N/A","#N/A",false,Web,"#N/A","#N/A",Medium,"#N/A",New,Subject_xfddi,"#N/A","#N/A","#N/A","#N/A","#N/A"
946e8a24-30e8-45df-a51d-e85f6a56a766,"#N/A","#N/A",false,Web,"#N/A","#N/A",Medium,"#N/A",New,Subject_ikjhl,"#N/A","#N/A","#N/A","#N/A","#N/A"
94706033-3dda-426a-ba8a-2398b81d9ae7,"#N/A","#N/A",false,Web,"#N/A","#N/A",Medium,"#N/A",New,Subject_tbnnv,"#N/A","#N/A","#N/A","#N/A","#N/A"
94755034-eb1c-490b-a370-00e91d7ee157,"#N/A","#N/A",false,Web,"#N/A","#N/A",Medium,"#N/A",New,Subject_ixcee,"#N/A","#N/A","#N/A","#N/A","#N/A"
9478dc7b-31d0-475b-9f05-d0eb1fe8df07,"#N/A","#N/A",false,Web,"#N/A","#N/A",Medium,"#N/A",New,Subject_mshtg,"#N/A","#N/A","#N/A","#N/A","#N/A"
947f338b-a2db-4b88-8ff1-0f71bc5483e4,"#N/A","#N/A",false,Web,"#N/A","#N/A",Medium,"#N/A",New,Subject_dkryo,"#N/A","#N/A","#N/A","#N/A","#N/A"
94808c60-ad41-460b-ab36-1223679d914a,"#N/A","#N/A",false,Web,"#N/A","#N/A",Medium,"#N/A",New,Subject_xzezn,"#N/A","#N/A","#N/A","#N/A","#N/A"
9480f0f2-7fad-4282-b30e-aef27a9f0e34,"#N/A","#N/A",false,Web,"#N/A","#N/A",Medium,"#N/A",New,Subject_xtlye,"#N/A","#N/A","#N/A","#N/A","#N/A"
9483915a-6e74-4f40-8d9d-e0a974065c88,"#N/A","#N/A",false,Web,"#N/A","#N/A",Medium,"#N/A",New,Subject_lruzg,"#N/A","#N/A","#N/A","#N/A","#N/A"
9486737d-f495-4c12-b4ff-d82cab311ff8,"#N/A","#N/A",false,Web,"#N/A","#N/A",Medium,"#N/A",New,Subject_iuxjs,"#N/A","#N/A","#N/A","#N/A","#N/A"
9488c73c-7636-4b4d-b83b-09f9ca5ee412,"#N/A","#N/A",false,Web,"#N/A","#N/A",Medium,"#N/A",New,Subject_fvjfv,"#N/A","#N/A","#N/A","#N/A","#N/A"
948c9007-8249-419c-899f-e60c7992d93d,"#N/A","#N/A",false,Web,"#N/A","#N/A",Medium,"#N/A",New,Subject_laakl,"#N/A","#N/A","#N/A","#N/A","#N/A"
948dfdc9-86ce-4be0-928f-c5677841ee9b,"#N/A","#N/A",false,Web,"#N/A","#N/A",Medium,"#N/A",New,Subject_kcnpr,"#N/A","#N/A","#N/A","#N/A","#N/A"
948f57c9-bf6a-4b13-8339-cec1bd90ef4c,"#N/A","#N/A",false,Web,"#N/A","#N/A",Medium,"#N/A",New,Subject_kezrg,"#N/A","#N/A","#N/A","#N/A","#N/A"
948f6488-696c-42db-888c-8522f2bae695,"#N/A","#N/A",false,Web,"#N/A","#N/A",Medium,"#N/A",New,Subject_lnxol,"#N/A","#N/A","#N/A","#N/A","#N/A"
948fd36c-5bbf-4804-b161-bdb7a69526ef,"#N/A","#N/A",false,Web,"#N/A","#N/A",Medium,"#N/A",New,Subject_gitjc,"#N/A","#N/A","#N/A","#N/A","#N/A"
949448ed-91da-4904-b67c-dd55dcf4e78a,"#N/A","#N/A",false,Web,"#N/A","#N/A",Medium,"#N/A",New,Subject_kmkku,"#N/A","#N/A","#N/A","#N/A","#N/A"
949a8a7d-a940-436f-ba08-cb0ff3a7d811,"#N/A","#N/A",false,Web,"#N/A","#N/A",Medium,"#N/A",New,Subject_ilicb,"#N/A","#N/A","#N/A","#N/A","#N/A"
949aa439-c398-476b-af86-a7de39fc4682,"#N/A","#N/A",false,Web,"#N/A","#N/A",Medium,"#N/A",New,Subject_jxatv,"#N/A","#N/A","#N/A","#N/A","#N/A"
949bc450-98d8-4f80-97b5-a9ae26cd2f71,"#N/A","#N/A",false,Web,"#N/A","#N/A",Medium,"#N/A",New,Subject_uzqvw,"#N/A","#N/A","#N/A","#N/A","#N/A"
949d35a3-aaea-4ba1-8905-ad3525e17fc4,"#N/A","#N/A",false,Web,"#N/A","#N/A",Medium,"#N/A",New,Subject_bwlqa,"#N/A","#N/A","#N/A","#N/A","#N/A"
94a29b43-389a-4f70-a040-85492ac8651f,"#N/A","#N/A",false,Web,"#N/A","#N/A",Medium,"#N/A",New,Subject_znozg,"#N/A","#N/A","#N/A","#N/A","#N/A"
94a3380f-c51e-4c1f-91d6-7304d93f5fd2,"#N/A","#N/A",false,Web,"#N/A","#N/A",Medium,"#N/A",New,Subject_aurbp,"#N/A","#N/A","#N/A","#N/A","#N/A"
94a6f080-5815-4a52-a05f-2304e3094932,"#N/A","#N/A",false,Web,"#N/A","#N/A",Medium,"#N/A",New,Subject_zgptq,"#N/A","#N/A","#N/A","#N/A","#N/A"
94a85640-78e8-422d-a01f-0bc50305b564,"#N/A","#N/A",false,Web,"#N/A","#N/A",Medium,"#N/A",New,Subject_ofruy,"#N/A","#N/A","#N/A","#N/A","#N/A"
94a8ca93-05a6-4f22-b1af-b412164db002,"#N/A","#N/A",false,Web,"#N/A","#N/A",Medium,"#N/A",New,Subject_nwthg,"#N/A","#N/A","#N/A","#N/A","#N/A"
94a94620-3ba5-445b-a572-b0ad42a41387,"#N/A","#N/A",false,Web,"#N/A","#N/A",Medium,"#N/A",New,Subject_czqzn,"#N/A","#N/A","#N/A","#N/A","#N/A"
94ac64b0-7a87-429b-b306-868740e97113,"#N/A","#N/A",false,Web,"#N/A","#N/A",Medium,"#N/A",New,Subject_uwpcp,"#N/A","#N/A","#N/A","#N/A","#N/A"
94af4be6-3671-4398-9d90-e262722122f5,"#N/A","#N/A",false,Web,"#N/A","#N/A",Medium,"#N/A",New,Subject_mktab,"#N/A","#N/A","#N/A","#N/A","#N/A"
94b1410c-34c1-4a3b-9270-aff069b66539,"#N/A","#N/A",false,Web,"#N/A","#N/A",Medium,"#N/A",New,Subject_xwcjg,"#N/A","#N/A","#N/A","#N/A","#N/A"
94b1b340-5b25-4c4e-a0f7-289e1b38702e,"#N/A","#N/A",false,Web,"#N/A","#N/A",Medium,"#N/A",New,Subject_geszd,"#N/A","#N/A","#N/A","#N/A","#N/A"
94b437b1-81c8-4ee3-a0c1-e8bff7d685bb,"#N/A","#N/A",false,Web,"#N/A","#N/A",Medium,"#N/A",New,Subject_derzo,"#N/A","#N/A","#N/A","#N/A","#N/A"
94b57865-eb83-45cb-b08b-c1a0ea674ea0,"#N/A","#N/A",false,Web,"#N/A","#N/A",Medium,"#N/A",New,Subject_kstwg,"#N/A","#N/A","#N/A","#N/A","#N/A"
94b68990-8bb3-4008-9127-e525657a0856,"#N/A","#N/A",false,Web,"#N/A","#N/A",Medium,"#N/A",New,Subject_ugicb,"#N/A","#N/A","#N/A","#N/A","#N/A"
94b94836-8ea1-48a6-9591-7d0aabb5f94c,"#N/A","#N/A",false,Web,"#N/A","#N/A",Medium,"#N/A",New,Subject_zjqsk,"#N/A","#N/A","#N/A","#N/A","#N/A"
94ba76b6-fce0-42d1-b03d-fc8297373159,"#N/A","#N/A",false,Web,"#N/A","#N/A",Medium,"#N/A",New,Subject_wpwlt,"#N/A","#N/A","#N/A","#N/A","#N/A"
94bb02c4-dae8-4059-abbe-b81c66186c28,"#N/A","#N/A",false,Web,"#N/A","#N/A",Medium,"#N/A",New,Subject_cnurc,"#N/A","#N/A","#N/A","#N/A","#N/A"
94bb1ddd-829a-401f-b58a-7478f0cebf4e,"#N/A","#N/A",false,Web,"#N/A","#N/A",Medium,"#N/A",New,Subject_lcotv,"#N/A","#N/A","#N/A","#N/A","#N/A"
94bb3eeb-96b0-4d20-a569-cbea9c5f5da1,"#N/A","#N/A",false,Web,"#N/A","#N/A",Medium,"#N/A",New,Subject_nmdky,"#N/A","#N/A","#N/A","#N/A","#N/A"
94bbaf59-c22b-47b7-8683-9ec4d09f0afe,"#N/A","#N/A",false,Web,"#N/A","#N/A",Medium,"#N/A",New,Subject_bblmr,"#N/A","#N/A","#N/A","#N/A","#N/A"
94bf985b-78b5-4f78-b239-709d0c22b2a3,"#N/A","#N/A",false,Web,"#N/A","#N/A",Medium,"#N/A",New,Subject_dmilx,"#N/A","#N/A","#N/A","#N/A","#N/A"
94bfa4a4-2870-43c4-a60d-6967d18d3e02,"#N/A","#N/A",false,Web,"#N/A","#N/A",Medium,"#N/A",New,Subject_iefzu,"#N/A","#N/A","#N/A","#N/A","#N/A"
94c346d9-4f33-4729-947c-d8f88e7695c4,"#N/A","#N/A",false,Web,"#N/A","#N/A",Medium,"#N/A",New,Subject_uanuu,"#N/A","#N/A","#N/A","#N/A","#N/A"
94c70a0d-f21b-41b8-bcd5-f6946cf3db45,"#N/A","#N/A",false,Web,"#N/A","#N/A",Medium,"#N/A",New,Subject_njpbk,"#N/A","#N/A","#N/A","#N/A","#N/A"
94ccfd77-7cd7-46fb-9cdc-bb06fd61f0bc,"#N/A","#N/A",false,Web,"#N/A","#N/A",Medium,"#N/A",New,Subject_dsemx,"#N/A","#N/A","#N/A","#N/A","#N/A"
94ce76ac-37cb-455a-8a7b-99bbfb7b919b,"#N/A","#N/A",false,Web,"#N/A","#N/A",Medium,"#N/A",New,Subject_bkklb,"#N/A","#N/A","#N/A","#N/A","#N/A"
94d02f2c-39fe-4d63-a342-f98be56062ed,"#N/A","#N/A",false,Web,"#N/A","#N/A",Medium,"#N/A",New,Subject_mshav,"#N/A","#N/A","#N/A","#N/A","#N/A"
94d0681f-bba9-4076-8566-957552396af5,"#N/A","#N/A",false,Web,"#N/A","#N/A",Medium,"#N/A",New,Subject_nbhrc,"#N/A","#N/A","#N/A","#N/A","#N/A"
94d155f5-9569-44ea-b9cd-4a47a7c294e3,"#N/A","#N/A",false,Web,"#N/A","#N/A",Medium,"#N/A",New,Subject_bpmiz,"#N/A","#N/A","#N/A","#N/A","#N/A"
94d3a463-b67a-45c1-9d10-ec5a01f7ed5f,"#N/A","#N/A",false,Web,"#N/A","#N/A",Medium,"#N/A",New,Subject_fbqiu,"#N/A","#N/A","#N/A","#N/A","#N/A"
94d7f932-c092-408a-afd2-2198a9e9153e,"#N/A","#N/A",false,Web,"#N/A","#N/A",Medium,"#N/A",New,Subject_dpwzl,"#N/A","#N/A","#N/A","#N/A","#N/A"
94db5a90-a1b7-4a86-bf46-efd0e8a57630,"#N/A","#N/A",false,Web,"#N/A","#N/A",Medium,"#N/A",New,Subject_lyakb,"#N/A","#N/A","#N/A","#N/A","#N/A"
94dcb67c-a388-434e-aad3-72ac88168fba,"#N/A","#N/A",false,Web,"#N/A","#N/A",Medium,"#N/A",New,Subject_rqhgo,"#N/A","#N/A","#N/A","#N/A","#N/A"
94ddc8cf-8a1b-424d-8aa3-6c9ed9ce71b7,"#N/A","#N/A",false,Web,"#N/A","#N/A",Medium,"#N/A",New,Subject_vfvof,"#N/A","#N/A","#N/A","#N/A","#N/A"
94e35e73-f7c8-479a-a447-48cb9adbc83e,"#N/A","#N/A",false,Web,"#N/A","#N/A",Medium,"#N/A",New,Subject_megkn,"#N/A","#N/A","#N/A","#N/A","#N/A"
94e964a0-a1a5-4c4a-93dd-33f4b97a694f,"#N/A","#N/A",false,Web,"#N/A","#N/A",Medium,"#N/A",New,Subject_mlnah,"#N/A","#N/A","#N/A","#N/A","#N/A"
94ec24e6-9de2-47fa-8851-201262cae6b8,"#N/A","#N/A",false,Web,"#N/A","#N/A",Medium,"#N/A",New,Subject_qscwn,"#N/A","#N/A","#N/A","#N/A","#N/A"
94ec4759-fe5f-4797-a5af-fc3181b20bc3,"#N/A","#N/A",false,Web,"#N/A","#N/A",Medium,"#N/A",New,Subject_uijmc,"#N/A","#N/A","#N/A","#N/A","#N/A"
94ed85b9-2364-4208-b014-26f535c0801b,"#N/A","#N/A",false,Web,"#N/A","#N/A",Medium,"#N/A",New,Subject_elavo,"#N/A","#N/A","#N/A","#N/A","#N/A"
94ef87ef-0f48-4dfb-b3b7-4cfc942ccd04,"#N/A","#N/A",false,Web,"#N/A","#N/A",Medium,"#N/A",New,Subject_kxnvn,"#N/A","#N/A","#N/A","#N/A","#N/A"
94f54ce3-fcc3-4cfe-a95a-8794908396cc,"#N/A","#N/A",false,Web,"#N/A","#N/A",Medium,"#N/A",New,Subject_dydkn,"#N/A","#N/A","#N/A","#N/A","#N/A"
94f5570d-9f07-492e-bf0a-a1d057f2e9fc,"#N/A","#N/A",false,Web,"#N/A","#N/A",Medium,"#N/A",New,Subject_knsyg,"#N/A","#N/A","#N/A","#N/A","#N/A"
94f657b6-c891-4fcf-9c0e-4a6e7287683d,"#N/A","#N/A",false,Web,"#N/A","#N/A",Medium,"#N/A",New,Subject_gkbfp,"#N/A","#N/A","#N/A","#N/A","#N/A"
95012658-e1dc-49cd-897a-0444522f10da,"#N/A","#N/A",false,Web,"#N/A","#N/A",Medium,"#N/A",New,Subject_ofrzc,"#N/A","#N/A","#N/A","#N/A","#N/A"
95017425-8b73-470f-94d7-428f53c7fa0d,"#N/A","#N/A",false,Web,"#N/A","#N/A",Medium,"#N/A",New,Subject_wlebc,"#N/A","#N/A","#N/A","#N/A","#N/A"
9501f4c5-3971-4156-bde8-82eded20d970,"#N/A","#N/A",false,Web,"#N/A","#N/A",Medium,"#N/A",New,Subject_kegmf,"#N/A","#N/A","#N/A","#N/A","#N/A"
95045976-944c-4cea-abd9-1d94accc11e1,"#N/A","#N/A",false,Web,"#N/A","#N/A",Medium,"#N/A",New,Subject_andon,"#N/A","#N/A","#N/A","#N/A","#N/A"
950535cf-57b1-44e6-b34a-c9606ccdb24f,"#N/A","#N/A",false,Web,"#N/A","#N/A",Medium,"#N/A",New,Subject_fjdie,"#N/A","#N/A","#N/A","#N/A","#N/A"
95076f61-4b4f-4efd-9af0-eba79710e02c,"#N/A","#N/A",false,Web,"#N/A","#N/A",Medium,"#N/A",New,Subject_gocok,"#N/A","#N/A","#N/A","#N/A","#N/A"
950bad26-8a9e-4bf5-a7a0-a1b2b3304742,"#N/A","#N/A",false,Web,"#N/A","#N/A",Medium,"#N/A",New,Subject_xpyji,"#N/A","#N/A","#N/A","#N/A","#N/A"
950d3a47-3622-45d5-b9e0-1781471fc53c,"#N/A","#N/A",false,Web,"#N/A","#N/A",Medium,"#N/A",New,Subject_wlmri,"#N/A","#N/A","#N/A","#N/A","#N/A"
950d491e-bae4-4d8a-bf48-d9e703bd85d8,"#N/A","#N/A",false,Web,"#N/A","#N/A",Medium,"#N/A",New,Subject_ublgs,"#N/A","#N/A","#N/A","#N/A","#N/A"
951017b7-477c-4986-8d23-7806fbf1115b,"#N/A","#N/A",false,Web,"#N/A","#N/A",Medium,"#N/A",New,Subject_nmoii,"#N/A","#N/A","#N/A","#N/A","#N/A"
95118d7f-a111-45e8-a610-cf4ae617fa21,"#N/A","#N/A",false,Web,"#N/A","#N/A",Medium,"#N/A",New,Subject_dzivw,"#N/A","#N/A","#N/A","#N/A","#N/A"
951d0d14-4f90-409b-8f7d-df941a77fcb1,"#N/A","#N/A",false,Web,"#N/A","#N/A",Medium,"#N/A",New,Subject_ysexl,"#N/A","#N/A","#N/A","#N/A","#N/A"
951e217b-120f-492a-aa14-d4ce31ca3f43,"#N/A","#N/A",false,Web,"#N/A","#N/A",Medium,"#N/A",New,Subject_tugmh,"#N/A","#N/A","#N/A","#N/A","#N/A"
951e2454-5b45-484e-8eed-c17de9be7fcc,"#N/A","#N/A",false,Web,"#N/A","#N/A",Medium,"#N/A",New,Subject_uxyse,"#N/A","#N/A","#N/A","#N/A","#N/A"
9520ac64-a1c3-4d13-8a7a-6f26466ec65d,"#N/A","#N/A",false,Web,"#N/A","#N/A",Medium,"#N/A",New,Subject_ilyus,"#N/A","#N/A","#N/A","#N/A","#N/A"
9524d837-1177-4d14-904d-45dfd0f530ef,"#N/A","#N/A",false,Web,"#N/A","#N/A",Medium,"#N/A",New,Subject_mpbfm,"#N/A","#N/A","#N/A","#N/A","#N/A"
9525d342-135b-4148-bdda-3db35bbb3349,"#N/A","#N/A",false,Web,"#N/A","#N/A",Medium,"#N/A",New,Subject_bpfum,"#N/A","#N/A","#N/A","#N/A","#N/A"
9527121e-55e5-4882-af6f-14ddca31e9a9,"#N/A","#N/A",false,Web,"#N/A","#N/A",Medium,"#N/A",New,Subject_qvigf,"#N/A","#N/A","#N/A","#N/A","#N/A"
9527b70d-ae3e-439d-95bd-244c108bd041,"#N/A","#N/A",false,Web,"#N/A","#N/A",Medium,"#N/A",New,Subject_ldmbj,"#N/A","#N/A","#N/A","#N/A","#N/A"
9529420c-5a27-4615-ba6e-227d41a31374,"#N/A","#N/A",false,Web,"#N/A","#N/A",Medium,"#N/A",New,Subject_woixo,"#N/A","#N/A","#N/A","#N/A","#N/A"
952aa22b-2a65-49f2-8444-72e5022a41c7,"#N/A","#N/A",false,Web,"#N/A","#N/A",Medium,"#N/A",New,Subject_rkuph,"#N/A","#N/A","#N/A","#N/A","#N/A"
952bc26e-3253-490c-ad72-0c19e5ada40c,"#N/A","#N/A",false,Web,"#N/A","#N/A",Medium,"#N/A",New,Subject_glqcz,"#N/A","#N/A","#N/A","#N/A","#N/A"
9530c62c-c9ed-4359-a524-ac6a3ebe2c2d,"#N/A","#N/A",false,Web,"#N/A","#N/A",Medium,"#N/A",New,Subject_fcmjg,"#N/A","#N/A","#N/A","#N/A","#N/A"
9532d6db-ebdf-43b5-bc19-2ddf280635fb,"#N/A","#N/A",false,Web,"#N/A","#N/A",Medium,"#N/A",New,Subject_ihjaf,"#N/A","#N/A","#N/A","#N/A","#N/A"
95334629-5536-41eb-8b16-c4b52774c023,"#N/A","#N/A",false,Web,"#N/A","#N/A",Medium,"#N/A",New,Subject_bjkyo,"#N/A","#N/A","#N/A","#N/A","#N/A"
9534b183-13c1-4e62-8cef-5627cad5f0e6,"#N/A","#N/A",false,Web,"#N/A","#N/A",Medium,"#N/A",New,Subject_tbqqi,"#N/A","#N/A","#N/A","#N/A","#N/A"
9538e786-c43f-4f9c-8d1c-4a135feb3069,"#N/A","#N/A",false,Web,"#N/A","#N/A",Medium,"#N/A",New,Subject_bvwgy,"#N/A","#N/A","#N/A","#N/A","#N/A"
95394a5b-3b3e-49e1-b03a-723cbe7fafcf,"#N/A","#N/A",false,Web,"#N/A","#N/A",Medium,"#N/A",New,Subject_jksjn,"#N/A","#N/A","#N/A","#N/A","#N/A"
953bdb76-8dbc-4cd3-9dd6-9224d9dba53f,"#N/A","#N/A",false,Web,"#N/A","#N/A",Medium,"#N/A",New,Subject_nhwyp,"#N/A","#N/A","#N/A","#N/A","#N/A"
953c3ea6-f075-4dd8-a45a-eceb672dcc03,"#N/A","#N/A",false,Web,"#N/A","#N/A",Medium,"#N/A",New,Subject_smafw,"#N/A","#N/A","#N/A","#N/A","#N/A"
953e60a2-d5d7-41b5-aaad-7e6fc54aacb0,"#N/A","#N/A",false,Web,"#N/A","#N/A",Medium,"#N/A",New,Subject_loiab,"#N/A","#N/A","#N/A","#N/A","#N/A"
95436c4c-4376-414a-8397-883a85c63c58,"#N/A","#N/A",false,Web,"#N/A","#N/A",Medium,"#N/A",New,Subject_mhsap,"#N/A","#N/A","#N/A","#N/A","#N/A"
954f52d1-0cd6-4c87-8f8e-48e4303548a0,"#N/A","#N/A",false,Web,"#N/A","#N/A",Medium,"#N/A",New,Subject_mumze,"#N/A","#N/A","#N/A","#N/A","#N/A"
95513827-eecb-4df9-83a2-ae5a751fe5ce,"#N/A","#N/A",false,Web,"#N/A","#N/A",Medium,"#N/A",New,Subject_isbln,"#N/A","#N/A","#N/A","#N/A","#N/A"
9551e1c5-8f33-4d01-8f5c-22e80037e4fe,"#N/A","#N/A",false,Web,"#N/A","#N/A",Medium,"#N/A",New,Subject_rgadu,"#N/A","#N/A","#N/A","#N/A","#N/A"
95530e15-1e9a-4a3e-8758-bc1c6309fc48,"#N/A","#N/A",false,Web,"#N/A","#N/A",Medium,"#N/A",New,Subject_dsbfd,"#N/A","#N/A","#N/A","#N/A","#N/A"
9553919e-060f-4f91-b3e2-2b8f1bd1c4fb,"#N/A","#N/A",false,Web,"#N/A","#N/A",Medium,"#N/A",New,Subject_qdorn,"#N/A","#N/A","#N/A","#N/A","#N/A"
955602cf-1aac-49cf-99f0-6d881c102eb4,"#N/A","#N/A",false,Web,"#N/A","#N/A",Medium,"#N/A",New,Subject_axtra,"#N/A","#N/A","#N/A","#N/A","#N/A"
9559cbbd-2eae-4ac1-9fac-aca0fb45e14f,"#N/A","#N/A",false,Web,"#N/A","#N/A",Medium,"#N/A",New,Subject_josiw,"#N/A","#N/A","#N/A","#N/A","#N/A"
955dd165-b574-4516-9c0c-610e3b3f0f3e,"#N/A","#N/A",false,Web,"#N/A","#N/A",Medium,"#N/A",New,Subject_tzirw,"#N/A","#N/A","#N/A","#N/A","#N/A"
956b9de0-1283-46bc-a3ce-82532bf770a6,"#N/A","#N/A",false,Web,"#N/A","#N/A",Medium,"#N/A",New,Subject_tpozp,"#N/A","#N/A","#N/A","#N/A","#N/A"
956d4455-412b-433c-b581-7fbb13803e0d,"#N/A","#N/A",false,Web,"#N/A","#N/A",Medium,"#N/A",New,Subject_xfzte,"#N/A","#N/A","#N/A","#N/A","#N/A"
9570f048-ddbf-4779-a7fb-b7d9dde72d6d,"#N/A","#N/A",false,Web,"#N/A","#N/A",Medium,"#N/A",New,Subject_qmgss,"#N/A","#N/A","#N/A","#N/A","#N/A"
9573de3a-5dac-42bb-9ff0-1d06ad5528c7,"#N/A","#N/A",false,Web,"#N/A","#N/A",Medium,"#N/A",New,Subject_gdrtd,"#N/A","#N/A","#N/A","#N/A","#N/A"
957536bf-d059-4895-8437-2e1f409f7520,"#N/A","#N/A",false,Web,"#N/A","#N/A",Medium,"#N/A",New,Subject_wafbs,"#N/A","#N/A","#N/A","#N/A","#N/A"
9576e929-674a-4df1-aafa-08a9aa2f9f93,"#N/A","#N/A",false,Web,"#N/A","#N/A",Medium,"#N/A",New,Subject_cmrbv,"#N/A","#N/A","#N/A","#N/A","#N/A"
957754be-0c5f-493b-95a2-0cf46a2135f4,"#N/A","#N/A",false,Web,"#N/A","#N/A",Medium,"#N/A",New,Subject_tpiar,"#N/A","#N/A","#N/A","#N/A","#N/A"
957a4a46-0709-4021-b9cc-a3ed0455f90c,"#N/A","#N/A",false,Web,"#N/A","#N/A",Medium,"#N/A",New,Subject_cixvt,"#N/A","#N/A","#N/A","#N/A","#N/A"
957abb23-fbc0-4a0f-a18b-247b86128415,"#N/A","#N/A",false,Web,"#N/A","#N/A",Medium,"#N/A",New,Subject_kmzfc,"#N/A","#N/A","#N/A","#N/A","#N/A"
957d0806-0858-4edd-b149-18cac2c69018,"#N/A","#N/A",false,Web,"#N/A","#N/A",Medium,"#N/A",New,Subject_gfmmi,"#N/A","#N/A","#N/A","#N/A","#N/A"
95801b3e-5641-417c-8551-9d7432d56955,"#N/A","#N/A",false,Web,"#N/A","#N/A",Medium,"#N/A",New,Subject_cbbix,"#N/A","#N/A","#N/A","#N/A","#N/A"
9581f5a7-633d-4c05-b6c4-1c2810959664,"#N/A","#N/A",false,Web,"#N/A","#N/A",Medium,"#N/A",New,Subject_uoiye,"#N/A","#N/A","#N/A","#N/A","#N/A"
9583faae-20cd-4d4d-b696-1c357c8b836c,"#N/A","#N/A",false,Web,"#N/A","#N/A",Medium,"#N/A",New,Subject_mpxsc,"#N/A","#N/A","#N/A","#N/A","#N/A"
95861340-5d63-487d-a743-56a7919d650e,"#N/A","#N/A",false,Web,"#N/A","#N/A",Medium,"#N/A",New,Subject_gpanf,"#N/A","#N/A","#N/A","#N/A","#N/A"
958978b7-e99e-4d9f-b8ab-51d45e131059,"#N/A","#N/A",false,Web,"#N/A","#N/A",Medium,"#N/A",New,Subject_nndrr,"#N/A","#N/A","#N/A","#N/A","#N/A"
9589e176-2f89-4fd8-97ae-a30a6a861092,"#N/A","#N/A",false,Web,"#N/A","#N/A",Medium,"#N/A",New,Subject_jztbi,"#N/A","#N/A","#N/A","#N/A","#N/A"
958aa659-8061-4c29-9b70-0452de39ad2c,"#N/A","#N/A",false,Web,"#N/A","#N/A",Medium,"#N/A",New,Subject_upggs,"#N/A","#N/A","#N/A","#N/A","#N/A"
958ed43a-f80b-4853-b45e-10072be9dfca,"#N/A","#N/A",false,Web,"#N/A","#N/A",Medium,"#N/A",New,Subject_umfvo,"#N/A","#N/A","#N/A","#N/A","#N/A"
958efafc-6b43-4a04-8929-b0bd910779da,"#N/A","#N/A",false,Web,"#N/A","#N/A",Medium,"#N/A",New,Subject_vkzen,"#N/A","#N/A","#N/A","#N/A","#N/A"
95925199-8bf7-4033-a771-677951fa5292,"#N/A","#N/A",false,Web,"#N/A","#N/A",Medium,"#N/A",New,Subject_aadzg,"#N/A","#N/A","#N/A","#N/A","#N/A"
95974b6e-2e9f-4c9b-aa1b-f5d90c214756,"#N/A","#N/A",false,Web,"#N/A","#N/A",Medium,"#N/A",New,Subject_doyzi,"#N/A","#N/A","#N/A","#N/A","#N/A"
95986e88-a3d9-4b29-8ff8-a22f0671dbbd,"#N/A","#N/A",false,Web,"#N/A","#N/A",Medium,"#N/A",New,Subject_trvps,"#N/A","#N/A","#N/A","#N/A","#N/A"
95a358cb-e2f1-4334-ba3a-fa966c1ded9f,"#N/A","#N/A",false,Web,"#N/A","#N/A",Medium,"#N/A",New,Subject_hfplo,"#N/A","#N/A","#N/A","#N/A","#N/A"
95a4e7b1-07fb-4cb2-9a74-598202718b56,"#N/A","#N/A",false,Web,"#N/A","#N/A",Medium,"#N/A",New,Subject_ueqlj,"#N/A","#N/A","#N/A","#N/A","#N/A"
95aa46ee-7f27-4b49-9423-57efcef53d73,"#N/A","#N/A",false,Web,"#N/A","#N/A",Medium,"#N/A",New,Subject_khjvk,"#N/A","#N/A","#N/A","#N/A","#N/A"
95aa6354-e589-4f8a-9e51-473ba516bc35,"#N/A","#N/A",false,Web,"#N/A","#N/A",Medium,"#N/A",New,Subject_jliqz,"#N/A","#N/A","#N/A","#N/A","#N/A"
95abc770-f005-4e0c-b0dd-5ced4fe91612,"#N/A","#N/A",false,Web,"#N/A","#N/A",Medium,"#N/A",New,Subject_rarga,"#N/A","#N/A","#N/A","#N/A","#N/A"
95af639a-7668-42e4-89f4-46fe1e379da3,"#N/A","#N/A",false,Web,"#N/A","#N/A",Medium,"#N/A",New,Subject_esanw,"#N/A","#N/A","#N/A","#N/A","#N/A"
95b1c881-b262-4b9a-a6e8-4b4f6aef09ac,"#N/A","#N/A",false,Web,"#N/A","#N/A",Medium,"#N/A",New,Subject_nqoca,"#N/A","#N/A","#N/A","#N/A","#N/A"
95b31969-00fe-4652-b4cb-6b3b501b943d,"#N/A","#N/A",false,Web,"#N/A","#N/A",Medium,"#N/A",New,Subject_oztpa,"#N/A","#N/A","#N/A","#N/A","#N/A"
95b33a1c-2f91-4d62-a0c7-1f7ba106299d,"#N/A","#N/A",false,Web,"#N/A","#N/A",Medium,"#N/A",New,Subject_xhnhf,"#N/A","#N/A","#N/A","#N/A","#N/A"
95b5a299-1dbb-4b7a-bcc3-f7e917bf43b7,"#N/A","#N/A",false,Web,"#N/A","#N/A",Medium,"#N/A",New,Subject_pnyxm,"#N/A","#N/A","#N/A","#N/A","#N/A"
95bf3c34-b85b-45cf-9800-68cf1542b23f,"#N/A","#N/A",false,Web,"#N/A","#N/A",Medium,"#N/A",New,Subject_dphje,"#N/A","#N/A","#N/A","#N/A","#N/A"
95bff477-e58d-4779-b6af-af2d39f1359a,"#N/A","#N/A",false,Web,"#N/A","#N/A",Medium,"#N/A",New,Subject_owwnb,"#N/A","#N/A","#N/A","#N/A","#N/A"
95c60da9-7f6a-44c4-98cc-40364e8b0b86,"#N/A","#N/A",false,Web,"#N/A","#N/A",Medium,"#N/A",New,Subject_lzgco,"#N/A","#N/A","#N/A","#N/A","#N/A"
95c8f99d-71f1-4e06-a63d-babf9c98619e,"#N/A","#N/A",false,Web,"#N/A","#N/A",Medium,"#N/A",New,Subject_jfmkl,"#N/A","#N/A","#N/A","#N/A","#N/A"
95ce16ec-c0e7-42e2-9388-2bd139e4bf2f,"#N/A","#N/A",false,Web,"#N/A","#N/A",Medium,"#N/A",New,Subject_edwgz,"#N/A","#N/A","#N/A","#N/A","#N/A"
95d25ff5-758f-4c3e-b41f-7dfa518bc362,"#N/A","#N/A",false,Web,"#N/A","#N/A",Medium,"#N/A",New,Subject_antyn,"#N/A","#N/A","#N/A","#N/A","#N/A"
95d2aa52-1e9b-42f9-9661-f6f419341814,"#N/A","#N/A",false,Web,"#N/A","#N/A",Medium,"#N/A",New,Subject_zejrl,"#N/A","#N/A","#N/A","#N/A","#N/A"
95d5f0cc-cb9b-4b0e-b3f9-63c53f411f60,"#N/A","#N/A",false,Web,"#N/A","#N/A",Medium,"#N/A",New,Subject_bksly,"#N/A","#N/A","#N/A","#N/A","#N/A"
95d724ee-7f68-4930-9641-2a38be55156f,"#N/A","#N/A",false,Web,"#N/A","#N/A",Medium,"#N/A",New,Subject_mczhy,"#N/A","#N/A","#N/A","#N/A","#N/A"
95e3884c-6c44-4752-9a55-39c0209e4e0c,"#N/A","#N/A",false,Web,"#N/A","#N/A",Medium,"#N/A",New,Subject_cztmf,"#N/A","#N/A","#N/A","#N/A","#N/A"
95e415a8-0200-40e0-b9d0-96c5efc80610,"#N/A","#N/A",false,Web,"#N/A","#N/A",Medium,"#N/A",New,Subject_vptux,"#N/A","#N/A","#N/A","#N/A","#N/A"
95e8c6a5-2d4b-40fc-ae72-55cc8e383f99,"#N/A","#N/A",false,Web,"#N/A","#N/A",Medium,"#N/A",New,Subject_zkfqk,"#N/A","#N/A","#N/A","#N/A","#N/A"
95eae73a-150e-4291-838e-662f15510d08,"#N/A","#N/A",false,Web,"#N/A","#N/A",Medium,"#N/A",New,Subject_yjqwv,"#N/A","#N/A","#N/A","#N/A","#N/A"
95ef3065-3864-4717-8bc3-34b521d322fa,"#N/A","#N/A",false,Web,"#N/A","#N/A",Medium,"#N/A",New,Subject_caouw,"#N/A","#N/A","#N/A","#N/A","#N/A"
95efa8a4-fe9d-489c-af03-4f73b302c610,"#N/A","#N/A",false,Web,"#N/A","#N/A",Medium,"#N/A",New,Subject_kwxid,"#N/A","#N/A","#N/A","#N/A","#N/A"
95f30e70-d5bf-4cb7-9ca6-fe2a958f216b,"#N/A","#N/A",false,Web,"#N/A","#N/A",Medium,"#N/A",New,Subject_bgnpp,"#N/A","#N/A","#N/A","#N/A","#N/A"
95f6ba6d-9dbc-4578-9226-28efbdd98695,"#N/A","#N/A",false,Web,"#N/A","#N/A",Medium,"#N/A",New,Subject_jovww,"#N/A","#N/A","#N/A","#N/A","#N/A"
95f93a0c-ab28-42fe-b60f-3ca94c4e284c,"#N/A","#N/A",false,Web,"#N/A","#N/A",Medium,"#N/A",New,Subject_jmchq,"#N/A","#N/A","#N/A","#N/A","#N/A"
95fafebd-870a-4223-862a-7b14328fa039,"#N/A","#N/A",false,Web,"#N/A","#N/A",Medium,"#N/A",New,Subject_upkxp,"#N/A","#N/A","#N/A","#N/A","#N/A"
95fbd1bb-cb75-447b-bddd-012b89cf85a8,"#N/A","#N/A",false,Web,"#N/A","#N/A",Medium,"#N/A",New,Subject_lhmrc,"#N/A","#N/A","#N/A","#N/A","#N/A"
95fc1549-4126-4619-b50c-204cd3128634,"#N/A","#N/A",false,Web,"#N/A","#N/A",Medium,"#N/A",New,Subject_dxhli,"#N/A","#N/A","#N/A","#N/A","#N/A"
9600282f-ea14-459c-9292-97aa3e791f97,"#N/A","#N/A",false,Web,"#N/A","#N/A",Medium,"#N/A",New,Subject_btxez,"#N/A","#N/A","#N/A","#N/A","#N/A"
9603eea9-bc94-47d3-ac52-bc4e21f7f7a4,"#N/A","#N/A",false,Web,"#N/A","#N/A",Medium,"#N/A",New,Subject_ejuub,"#N/A","#N/A","#N/A","#N/A","#N/A"
9604f797-6d79-4a67-9815-0df1ff18d661,"#N/A","#N/A",false,Web,"#N/A","#N/A",Medium,"#N/A",New,Subject_tosjh,"#N/A","#N/A","#N/A","#N/A","#N/A"
9605bcab-3d74-42cc-8822-14eac780eb43,"#N/A","#N/A",false,Web,"#N/A","#N/A",Medium,"#N/A",New,Subject_jyhff,"#N/A","#N/A","#N/A","#N/A","#N/A"
9606d34b-b92d-4ede-8769-a05a6f0ce1ff,"#N/A","#N/A",false,Web,"#N/A","#N/A",Medium,"#N/A",New,Subject_xapsa,"#N/A","#N/A","#N/A","#N/A","#N/A"
9606e252-cc22-4cf2-ad92-6629ce206771,"#N/A","#N/A",false,Web,"#N/A","#N/A",Medium,"#N/A",New,Subject_dvnwl,"#N/A","#N/A","#N/A","#N/A","#N/A"
9609b133-6b9f-4418-a8a6-b89518c49ed8,"#N/A","#N/A",false,Web,"#N/A","#N/A",Medium,"#N/A",New,Subject_ozqrf,"#N/A","#N/A","#N/A","#N/A","#N/A"
960f8184-deb8-480e-83d4-b967fbacb1bf,"#N/A","#N/A",false,Web,"#N/A","#N/A",Medium,"#N/A",New,Subject_dqmtg,"#N/A","#N/A","#N/A","#N/A","#N/A"
9611c0b7-51ab-44ff-b8a3-ea8504f18dd8,"#N/A","#N/A",false,Web,"#N/A","#N/A",Medium,"#N/A",New,Subject_citgk,"#N/A","#N/A","#N/A","#N/A","#N/A"
96183506-3e01-4f3a-b080-da845adf8a31,"#N/A","#N/A",false,Web,"#N/A","#N/A",Medium,"#N/A",New,Subject_enzfp,"#N/A","#N/A","#N/A","#N/A","#N/A"
9619336c-5639-4774-ae46-685d705a1f80,"#N/A","#N/A",false,Web,"#N/A","#N/A",Medium,"#N/A",New,Subject_mvvqa,"#N/A","#N/A","#N/A","#N/A","#N/A"
961baaf9-62b7-42f6-bf1c-06f5d53a3b8e,"#N/A","#N/A",false,Web,"#N/A","#N/A",Medium,"#N/A",New,Subject_fjuen,"#N/A","#N/A","#N/A","#N/A","#N/A"
961e0ec8-8c6c-43f0-b2cf-846c90ad7e0c,"#N/A","#N/A",false,Web,"#N/A","#N/A",Medium,"#N/A",New,Subject_yrwii,"#N/A","#N/A","#N/A","#N/A","#N/A"
961eaf9e-1687-4557-a4c4-9a7999aea726,"#N/A","#N/A",false,Web,"#N/A","#N/A",Medium,"#N/A",New,Subject_ujnmh,"#N/A","#N/A","#N/A","#N/A","#N/A"
96215a47-eb8c-433d-b1dd-1ec620fd519d,"#N/A","#N/A",false,Web,"#N/A","#N/A",Medium,"#N/A",New,Subject_onwyu,"#N/A","#N/A","#N/A","#N/A","#N/A"
96257529-8762-441c-b324-340ce9020de1,"#N/A","#N/A",false,Web,"#N/A","#N/A",Medium,"#N/A",New,Subject_neudw,"#N/A","#N/A","#N/A","#N/A","#N/A"
9626b370-adf0-4ff7-bdc3-e7ee65fd64e3,"#N/A","#N/A",false,Web,"#N/A","#N/A",Medium,"#N/A",New,Subject_fwimq,"#N/A","#N/A","#N/A","#N/A","#N/A"
9628dcd4-2245-4151-8f88-250df5a1cc9a,"#N/A","#N/A",false,Web,"#N/A","#N/A",Medium,"#N/A",New,Subject_rkqhy,"#N/A","#N/A","#N/A","#N/A","#N/A"
962922f5-9713-4d0c-abf7-e8d4ec685b78,"#N/A","#N/A",false,Web,"#N/A","#N/A",Medium,"#N/A",New,Subject_bxivz,"#N/A","#N/A","#N/A","#N/A","#N/A"
9629ac43-598a-45bc-b213-2a3527ed00b6,"#N/A","#N/A",false,Web,"#N/A","#N/A",Medium,"#N/A",New,Subject_ldndd,"#N/A","#N/A","#N/A","#N/A","#N/A"
962a1f17-2854-446b-8e6e-8547f1b5e0fe,"#N/A","#N/A",false,Web,"#N/A","#N/A",Medium,"#N/A",New,Subject_hevur,"#N/A","#N/A","#N/A","#N/A","#N/A"
962b7613-3f8f-470d-94e2-d4b2318fb219,"#N/A","#N/A",false,Web,"#N/A","#N/A",Medium,"#N/A",New,Subject_zjxwj,"#N/A","#N/A","#N/A","#N/A","#N/A"
9630aade-7b93-47a4-86a4-dc55eae6ef59,"#N/A","#N/A",false,Web,"#N/A","#N/A",Medium,"#N/A",New,Subject_dqacz,"#N/A","#N/A","#N/A","#N/A","#N/A"
96332719-53b5-4feb-9407-360931fd5422,"#N/A","#N/A",false,Web,"#N/A","#N/A",Medium,"#N/A",New,Subject_wmxzz,"#N/A","#N/A","#N/A","#N/A","#N/A"
96341720-ce57-4031-bff5-bddbabc1862e,"#N/A","#N/A",false,Web,"#N/A","#N/A",Medium,"#N/A",New,Subject_zyufa,"#N/A","#N/A","#N/A","#N/A","#N/A"
96348096-447e-4d45-90be-bf8180d24639,"#N/A","#N/A",false,Web,"#N/A","#N/A",Medium,"#N/A",New,Subject_iomyz,"#N/A","#N/A","#N/A","#N/A","#N/A"
9639fdce-5b00-47bf-83b3-a837dd79bb90,"#N/A","#N/A",false,Web,"#N/A","#N/A",Medium,"#N/A",New,Subject_yoyzn,"#N/A","#N/A","#N/A","#N/A","#N/A"
963ac194-ce0a-44d1-a09f-b7a5fdd3db81,"#N/A","#N/A",false,Web,"#N/A","#N/A",Medium,"#N/A",New,Subject_gcclq,"#N/A","#N/A","#N/A","#N/A","#N/A"
963d3c24-7786-4825-9880-b0ba991f4aab,"#N/A","#N/A",false,Web,"#N/A","#N/A",Medium,"#N/A",New,Subject_gsubu,"#N/A","#N/A","#N/A","#N/A","#N/A"
963d67f6-d8f8-4706-8725-e89284585a53,"#N/A","#N/A",false,Web,"#N/A","#N/A",Medium,"#N/A",New,Subject_nigdp,"#N/A","#N/A","#N/A","#N/A","#N/A"
9643a42d-15e9-43b7-ae64-8dca50ace964,"#N/A","#N/A",false,Web,"#N/A","#N/A",Medium,"#N/A",New,Subject_frwha,"#N/A","#N/A","#N/A","#N/A","#N/A"
9644f589-fc1c-4856-964e-e8e4a164bdb8,"#N/A","#N/A",false,Web,"#N/A","#N/A",Medium,"#N/A",New,Subject_yulkt,"#N/A","#N/A","#N/A","#N/A","#N/A"
9646e7eb-5415-42d0-af7d-6203d532122d,"#N/A","#N/A",false,Web,"#N/A","#N/A",Medium,"#N/A",New,Subject_okuhb,"#N/A","#N/A","#N/A","#N/A","#N/A"
964dd6cc-3b3b-4535-ae86-c36dcc68a21f,"#N/A","#N/A",false,Web,"#N/A","#N/A",Medium,"#N/A",New,Subject_zsxzx,"#N/A","#N/A","#N/A","#N/A","#N/A"
96501457-919e-4d06-a337-c6671a8f1d09,"#N/A","#N/A",false,Web,"#N/A","#N/A",Medium,"#N/A",New,Subject_wwaul,"#N/A","#N/A","#N/A","#N/A","#N/A"
96550c65-1758-47cf-b574-9298e44cad8f,"#N/A","#N/A",false,Web,"#N/A","#N/A",Medium,"#N/A",New,Subject_bbrth,"#N/A","#N/A","#N/A","#N/A","#N/A"
966098db-ec16-415f-84d1-a36e25da06a8,"#N/A","#N/A",false,Web,"#N/A","#N/A",Medium,"#N/A",New,Subject_feiaw,"#N/A","#N/A","#N/A","#N/A","#N/A"
96689d8e-f233-47ff-a66d-02ce394cda9d,"#N/A","#N/A",false,Web,"#N/A","#N/A",Medium,"#N/A",New,Subject_nsjqk,"#N/A","#N/A","#N/A","#N/A","#N/A"
96694f58-6adf-48e4-91f9-66c4f3112128,"#N/A","#N/A",false,Web,"#N/A","#N/A",Medium,"#N/A",New,Subject_chpdf,"#N/A","#N/A","#N/A","#N/A","#N/A"
966d52e7-5843-458e-b928-03095bd2cce2,"#N/A","#N/A",false,Web,"#N/A","#N/A",Medium,"#N/A",New,Subject_bwhuj,"#N/A","#N/A","#N/A","#N/A","#N/A"
966eafd3-142a-4912-b2ec-3ab0df571d7d,"#N/A","#N/A",false,Web,"#N/A","#N/A",Medium,"#N/A",New,Subject_mlmng,"#N/A","#N/A","#N/A","#N/A","#N/A"
9670fd9f-d9f9-41cd-90f9-dd93214b9109,"#N/A","#N/A",false,Web,"#N/A","#N/A",Medium,"#N/A",New,Subject_bsral,"#N/A","#N/A","#N/A","#N/A","#N/A"
9672c815-bcd4-4bda-af17-686bf12da567,"#N/A","#N/A",false,Web,"#N/A","#N/A",Medium,"#N/A",New,Subject_possf,"#N/A","#N/A","#N/A","#N/A","#N/A"
96768564-64d6-4562-b279-4197d03e4bf8,"#N/A","#N/A",false,Web,"#N/A","#N/A",Medium,"#N/A",New,Subject_vrqtv,"#N/A","#N/A","#N/A","#N/A","#N/A"
9676aa90-73ed-46c0-81f6-8a6599e73dc4,"#N/A","#N/A",false,Web,"#N/A","#N/A",Medium,"#N/A",New,Subject_lwlif,"#N/A","#N/A","#N/A","#N/A","#N/A"
9676f6ae-d827-47d8-9ce5-4e4987790bd4,"#N/A","#N/A",false,Web,"#N/A","#N/A",Medium,"#N/A",New,Subject_ptzqy,"#N/A","#N/A","#N/A","#N/A","#N/A"
96777d46-2cc2-48d3-898f-52df9e3b322f,"#N/A","#N/A",false,Web,"#N/A","#N/A",Medium,"#N/A",New,Subject_dsdpv,"#N/A","#N/A","#N/A","#N/A","#N/A"
9677dc0e-b9c9-448d-b908-4a37ab0382c7,"#N/A","#N/A",false,Web,"#N/A","#N/A",Medium,"#N/A",New,Subject_brsrc,"#N/A","#N/A","#N/A","#N/A","#N/A"
96837650-a86d-4a7a-a8e7-fd0eb1977f81,"#N/A","#N/A",false,Web,"#N/A","#N/A",Medium,"#N/A",New,Subject_zxizt,"#N/A","#N/A","#N/A","#N/A","#N/A"
9683f821-f764-49ad-bfb4-c90d0f1e053e,"#N/A","#N/A",false,Web,"#N/A","#N/A",Medium,"#N/A",New,Subject_arzpi,"#N/A","#N/A","#N/A","#N/A","#N/A"
96850dcb-6fa6-4ea7-95c9-cdfc556c7960,"#N/A","#N/A",false,Web,"#N/A","#N/A",Medium,"#N/A",New,Subject_mrgqc,"#N/A","#N/A","#N/A","#N/A","#N/A"
9686bb45-b938-4f92-8c7a-cfa77ffa1080,"#N/A","#N/A",false,Web,"#N/A","#N/A",Medium,"#N/A",New,Subject_ihppr,"#N/A","#N/A","#N/A","#N/A","#N/A"
968744bf-a367-43f3-8aad-3f7efc38fc23,"#N/A","#N/A",false,Web,"#N/A","#N/A",Medium,"#N/A",New,Subject_yovgk,"#N/A","#N/A","#N/A","#N/A","#N/A"
968f0de0-d94f-48da-8012-5cfd676b3948,"#N/A","#N/A",false,Web,"#N/A","#N/A",Medium,"#N/A",New,Subject_yekmp,"#N/A","#N/A","#N/A","#N/A","#N/A"
9690903a-b5f3-4646-aac7-4c773528b905,"#N/A","#N/A",false,Web,"#N/A","#N/A",Medium,"#N/A",New,Subject_zuvac,"#N/A","#N/A","#N/A","#N/A","#N/A"
96927682-6696-4b15-9bbd-4fb67f83fc15,"#N/A","#N/A",false,Web,"#N/A","#N/A",Medium,"#N/A",New,Subject_qlxxw,"#N/A","#N/A","#N/A","#N/A","#N/A"
969319fe-49a6-4531-b602-71372ee57d36,"#N/A","#N/A",false,Web,"#N/A","#N/A",Medium,"#N/A",New,Subject_mjsrq,"#N/A","#N/A","#N/A","#N/A","#N/A"
96950f7a-0269-4216-bd03-6d7e5a30706c,"#N/A","#N/A",false,Web,"#N/A","#N/A",Medium,"#N/A",New,Subject_topoj,"#N/A","#N/A","#N/A","#N/A","#N/A"
9699a54c-4d65-4ea4-8e82-e1fd7217cb2b,"#N/A","#N/A",false,Web,"#N/A","#N/A",Medium,"#N/A",New,Subject_neybw,"#N/A","#N/A","#N/A","#N/A","#N/A"
969d0840-aed9-4071-a3bf-5b73277b64be,"#N/A","#N/A",false,Web,"#N/A","#N/A",Medium,"#N/A",New,Subject_lmcbh,"#N/A","#N/A","#N/A","#N/A","#N/A"
969d11b9-fe7b-4456-b996-878f0b738b1a,"#N/A","#N/A",false,Web,"#N/A","#N/A",Medium,"#N/A",New,Subject_uuegr,"#N/A","#N/A","#N/A","#N/A","#N/A"
969e45a8-bdb9-46c9-8df2-4ac33cb08067,"#N/A","#N/A",false,Web,"#N/A","#N/A",Medium,"#N/A",New,Subject_qkqit,"#N/A","#N/A","#N/A","#N/A","#N/A"
96a41f14-11db-4e54-9fa0-ea91dd0bbb8b,"#N/A","#N/A",false,Web,"#N/A","#N/A",Medium,"#N/A",New,Subject_loxci,"#N/A","#N/A","#N/A","#N/A","#N/A"
96a4fca1-17f4-4d66-87e6-49f4fbb9114f,"#N/A","#N/A",false,Web,"#N/A","#N/A",Medium,"#N/A",New,Subject_gonke,"#N/A","#N/A","#N/A","#N/A","#N/A"
96a584f5-c737-4f26-8aea-5698a92963ab,"#N/A","#N/A",false,Web,"#N/A","#N/A",Medium,"#N/A",New,Subject_tbggv,"#N/A","#N/A","#N/A","#N/A","#N/A"
96aa5e51-54d1-484a-a882-4508eb26853c,"#N/A","#N/A",false,Web,"#N/A","#N/A",Medium,"#N/A",New,Subject_duibp,"#N/A","#N/A","#N/A","#N/A","#N/A"
96ad7490-5723-4b42-8b13-4309cf6e10db,"#N/A","#N/A",false,Web,"#N/A","#N/A",Medium,"#N/A",New,Subject_dpysi,"#N/A","#N/A","#N/A","#N/A","#N/A"
96ade126-0d07-4dd5-bf83-fd231eadeeb9,"#N/A","#N/A",false,Web,"#N/A","#N/A",Medium,"#N/A",New,Subject_hpaue,"#N/A","#N/A","#N/A","#N/A","#N/A"
96b0e4ca-c1c3-49ef-9cec-7548a8d9a9fb,"#N/A","#N/A",false,Web,"#N/A","#N/A",Medium,"#N/A",New,Subject_mooqz,"#N/A","#N/A","#N/A","#N/A","#N/A"
96b2ec1e-35b1-4101-b9e0-91bdf25d7705,"#N/A","#N/A",false,Web,"#N/A","#N/A",Medium,"#N/A",New,Subject_dercx,"#N/A","#N/A","#N/A","#N/A","#N/A"
96b3d506-8ba0-4a76-93ee-c538fecf6890,"#N/A","#N/A",false,Web,"#N/A","#N/A",Medium,"#N/A",New,Subject_aumpc,"#N/A","#N/A","#N/A","#N/A","#N/A"
96b635c7-f59d-4451-b58d-f0de5b785aac,"#N/A","#N/A",false,Web,"#N/A","#N/A",Medium,"#N/A",New,Subject_sejcv,"#N/A","#N/A","#N/A","#N/A","#N/A"
96be0569-1cbd-4eb7-86f0-d36fce8baa5a,"#N/A","#N/A",false,Web,"#N/A","#N/A",Medium,"#N/A",New,Subject_lmgzd,"#N/A","#N/A","#N/A","#N/A","#N/A"
96c4e423-5b1f-496b-896f-461b5af9bb81,"#N/A","#N/A",false,Web,"#N/A","#N/A",Medium,"#N/A",New,Subject_gnkus,"#N/A","#N/A","#N/A","#N/A","#N/A"
96c57ccb-a7f2-4e73-b5ee-3c35cc477d4e,"#N/A","#N/A",false,Web,"#N/A","#N/A",Medium,"#N/A",New,Subject_worrn,"#N/A","#N/A","#N/A","#N/A","#N/A"
96cec7da-a493-496f-b169-c5b23e661b0d,"#N/A","#N/A",false,Web,"#N/A","#N/A",Medium,"#N/A",New,Subject_ubjpn,"#N/A","#N/A","#N/A","#N/A","#N/A"
96d1cd62-e7ff-46fe-8824-abd9d4f1f878,"#N/A","#N/A",false,Web,"#N/A","#N/A",Medium,"#N/A",New,Subject_ngkwu,"#N/A","#N/A","#N/A","#N/A","#N/A"
96dc8ce7-5070-445a-a29d-8fac7ebe8523,"#N/A","#N/A",false,Web,"#N/A","#N/A",Medium,"#N/A",New,Subject_nivgs,"#N/A","#N/A","#N/A","#N/A","#N/A"
96dcf1b1-33ab-4bf8-9c5d-075e13774620,"#N/A","#N/A",false,Web,"#N/A","#N/A",Medium,"#N/A",New,Subject_nfrji,"#N/A","#N/A","#N/A","#N/A","#N/A"
96de7145-3919-40f3-ab73-dbdc3201df6f,"#N/A","#N/A",false,Web,"#N/A","#N/A",Medium,"#N/A",New,Subject_zcvky,"#N/A","#N/A","#N/A","#N/A","#N/A"
96df65e2-344b-46ae-8a68-9de3026795e1,"#N/A","#N/A",false,Web,"#N/A","#N/A",Medium,"#N/A",New,Subject_ogcqi,"#N/A","#N/A","#N/A","#N/A","#N/A"
96e4d9de-ff33-48ec-8bd0-d5953def3577,"#N/A","#N/A",false,Web,"#N/A","#N/A",Medium,"#N/A",New,Subject_bgtyw,"#N/A","#N/A","#N/A","#N/A","#N/A"
96e957ad-9c91-4f40-bf2a-ca031ebbebfa,"#N/A","#N/A",false,Web,"#N/A","#N/A",Medium,"#N/A",New,Subject_hkmhl,"#N/A","#N/A","#N/A","#N/A","#N/A"
96e9b59c-ebb4-49f7-9351-fe570c2d5374,"#N/A","#N/A",false,Web,"#N/A","#N/A",Medium,"#N/A",New,Subject_kymft,"#N/A","#N/A","#N/A","#N/A","#N/A"
96ebe52e-75d1-4dec-9629-967ef5da0ee7,"#N/A","#N/A",false,Web,"#N/A","#N/A",Medium,"#N/A",New,Subject_hdonu,"#N/A","#N/A","#N/A","#N/A","#N/A"
96ec229a-2965-4322-810d-159bdf6f4cc6,"#N/A","#N/A",false,Web,"#N/A","#N/A",Medium,"#N/A",New,Subject_ehbmp,"#N/A","#N/A","#N/A","#N/A","#N/A"
96f32b0c-f963-4c69-8d34-28a4543ddd20,"#N/A","#N/A",false,Web,"#N/A","#N/A",Medium,"#N/A",New,Subject_qeltd,"#N/A","#N/A","#N/A","#N/A","#N/A"
96f48f71-8ddf-4249-8ff9-68ccecaf816a,"#N/A","#N/A",false,Web,"#N/A","#N/A",Medium,"#N/A",New,Subject_ngvic,"#N/A","#N/A","#N/A","#N/A","#N/A"
96f650d4-4144-4db6-8ca5-ffb55b62943b,"#N/A","#N/A",false,Web,"#N/A","#N/A",Medium,"#N/A",New,Subject_djgcw,"#N/A","#N/A","#N/A","#N/A","#N/A"
96fce852-5e8f-4c29-adc9-b0507f7c1726,"#N/A","#N/A",false,Web,"#N/A","#N/A",Medium,"#N/A",New,Subject_aawzu,"#N/A","#N/A","#N/A","#N/A","#N/A"
96fd0c0e-a1a4-4ecc-bdb8-52fde42e5b05,"#N/A","#N/A",false,Web,"#N/A","#N/A",Medium,"#N/A",New,Subject_kgmdy,"#N/A","#N/A","#N/A","#N/A","#N/A"
9705678d-ad3e-47ce-a0bf-c643fc9194be,"#N/A","#N/A",false,Web,"#N/A","#N/A",Medium,"#N/A",New,Subject_mzacs,"#N/A","#N/A","#N/A","#N/A","#N/A"
97065c1d-e2b2-4d53-9006-52e3d17aa7f1,"#N/A","#N/A",false,Web,"#N/A","#N/A",Medium,"#N/A",New,Subject_acsdx,"#N/A","#N/A","#N/A","#N/A","#N/A"
9707876b-2976-462f-9cb2-3b845a97e948,"#N/A","#N/A",false,Web,"#N/A","#N/A",Medium,"#N/A",New,Subject_qufeb,"#N/A","#N/A","#N/A","#N/A","#N/A"
970dea9b-7463-4389-aedd-81247e52f58c,"#N/A","#N/A",false,Web,"#N/A","#N/A",Medium,"#N/A",New,Subject_ghkxl,"#N/A","#N/A","#N/A","#N/A","#N/A"
97111f80-7168-4d94-a8b1-5e1f0037c2b6,"#N/A","#N/A",false,Web,"#N/A","#N/A",Medium,"#N/A",New,Subject_xicgu,"#N/A","#N/A","#N/A","#N/A","#N/A"
9711ab85-0fcf-4c80-aae3-9ce36dddc9a1,"#N/A","#N/A",false,Web,"#N/A","#N/A",Medium,"#N/A",New,Subject_inomn,"#N/A","#N/A","#N/A","#N/A","#N/A"
97125542-6f60-4669-9ab8-8bb627b9d1a4,"#N/A","#N/A",false,Web,"#N/A","#N/A",Medium,"#N/A",New,Subject_cbhrr,"#N/A","#N/A","#N/A","#N/A","#N/A"
97135ff2-118f-4a38-b2bb-d2b63419de73,"#N/A","#N/A",false,Web,"#N/A","#N/A",Medium,"#N/A",New,Subject_wemne,"#N/A","#N/A","#N/A","#N/A","#N/A"
9713e3e6-2dd0-4f2c-a580-39616dae6ad5,"#N/A","#N/A",false,Web,"#N/A","#N/A",Medium,"#N/A",New,Subject_jujrt,"#N/A","#N/A","#N/A","#N/A","#N/A"
9714ac36-f7c9-47af-addd-6db5c7f63eba,"#N/A","#N/A",false,Web,"#N/A","#N/A",Medium,"#N/A",New,Subject_ypjvv,"#N/A","#N/A","#N/A","#N/A","#N/A"
971aa940-5e34-4968-a20b-c829c059b1a0,"#N/A","#N/A",false,Web,"#N/A","#N/A",Medium,"#N/A",New,Subject_nscql,"#N/A","#N/A","#N/A","#N/A","#N/A"
971c94e6-f1e2-4243-8604-231c03520477,"#N/A","#N/A",false,Web,"#N/A","#N/A",Medium,"#N/A",New,Subject_vgbww,"#N/A","#N/A","#N/A","#N/A","#N/A"
971d97a4-b12c-4729-8f75-cd7d492e27f1,"#N/A","#N/A",false,Web,"#N/A","#N/A",Medium,"#N/A",New,Subject_isnpy,"#N/A","#N/A","#N/A","#N/A","#N/A"
971ff880-6320-4ed9-9a44-1a1d75f16458,"#N/A","#N/A",false,Web,"#N/A","#N/A",Medium,"#N/A",New,Subject_ecbdb,"#N/A","#N/A","#N/A","#N/A","#N/A"
9721a41d-d4d9-41c0-922c-2f30856317f5,"#N/A","#N/A",false,Web,"#N/A","#N/A",Medium,"#N/A",New,Subject_yphac,"#N/A","#N/A","#N/A","#N/A","#N/A"
9723b0e7-772e-4b4e-b389-dd099c65ff11,"#N/A","#N/A",false,Web,"#N/A","#N/A",Medium,"#N/A",New,Subject_ratrd,"#N/A","#N/A","#N/A","#N/A","#N/A"
97248349-be44-4c70-84a0-f8fcedf5b876,"#N/A","#N/A",false,Web,"#N/A","#N/A",Medium,"#N/A",New,Subject_rhmcp,"#N/A","#N/A","#N/A","#N/A","#N/A"
97251c63-cb7b-438f-adc1-c85798db9f26,"#N/A","#N/A",false,Web,"#N/A","#N/A",Medium,"#N/A",New,Subject_lhhnn,"#N/A","#N/A","#N/A","#N/A","#N/A"
9727b55a-6980-4b53-8236-8bb7cf3011da,"#N/A","#N/A",false,Web,"#N/A","#N/A",Medium,"#N/A",New,Subject_ifwqz,"#N/A","#N/A","#N/A","#N/A","#N/A"
972a506c-d605-4b8e-87db-b30f15eee08e,"#N/A","#N/A",false,Web,"#N/A","#N/A",Medium,"#N/A",New,Subject_pvczo,"#N/A","#N/A","#N/A","#N/A","#N/A"
972b80fc-3b41-49b4-b90a-a3ea17cc5a95,"#N/A","#N/A",false,Web,"#N/A","#N/A",Medium,"#N/A",New,Subject_retzz,"#N/A","#N/A","#N/A","#N/A","#N/A"
972be55e-7247-4f65-81ac-908c156ef11a,"#N/A","#N/A",false,Web,"#N/A","#N/A",Medium,"#N/A",New,Subject_xghlq,"#N/A","#N/A","#N/A","#N/A","#N/A"
972c7ace-8a2d-4b09-824c-f93a5957af37,"#N/A","#N/A",false,Web,"#N/A","#N/A",Medium,"#N/A",New,Subject_azbbs,"#N/A","#N/A","#N/A","#N/A","#N/A"
9732047b-365f-4940-92bf-b407ba6696d0,"#N/A","#N/A",false,Web,"#N/A","#N/A",Medium,"#N/A",New,Subject_snueg,"#N/A","#N/A","#N/A","#N/A","#N/A"
9732591f-144c-454d-8965-3f6c1095a4bc,"#N/A","#N/A",false,Web,"#N/A","#N/A",Medium,"#N/A",New,Subject_msnpz,"#N/A","#N/A","#N/A","#N/A","#N/A"
97351ded-d24c-43b0-8c98-49f446ce5ad5,"#N/A","#N/A",false,Web,"#N/A","#N/A",Medium,"#N/A",New,Subject_wjkby,"#N/A","#N/A","#N/A","#N/A","#N/A"
973c8613-6a6b-4f74-82e1-b05f5c6cb16c,"#N/A","#N/A",false,Web,"#N/A","#N/A",Medium,"#N/A",New,Subject_obmqg,"#N/A","#N/A","#N/A","#N/A","#N/A"
9740a978-94fb-4fad-8b44-f0deadcd957a,"#N/A","#N/A",false,Web,"#N/A","#N/A",Medium,"#N/A",New,Subject_wfded,"#N/A","#N/A","#N/A","#N/A","#N/A"
9741cac3-4e4e-43e3-8cef-f47b489b33fb,"#N/A","#N/A",false,Web,"#N/A","#N/A",Medium,"#N/A",New,Subject_ctvfm,"#N/A","#N/A","#N/A","#N/A","#N/A"
97442209-3da7-4734-84eb-ab11251d0619,"#N/A","#N/A",false,Web,"#N/A","#N/A",Medium,"#N/A",New,Subject_hjnpr,"#N/A","#N/A","#N/A","#N/A","#N/A"
97455381-0f92-4c34-9a2d-789da38c844e,"#N/A","#N/A",false,Web,"#N/A","#N/A",Medium,"#N/A",New,Subject_oitlg,"#N/A","#N/A","#N/A","#N/A","#N/A"
97455693-7c8d-42fe-b377-5e6cdc8f4828,"#N/A","#N/A",false,Web,"#N/A","#N/A",Medium,"#N/A",New,Subject_dcnhj,"#N/A","#N/A","#N/A","#N/A","#N/A"
97455b7d-ff53-401d-8bb4-eb033a85c6cb,"#N/A","#N/A",false,Web,"#N/A","#N/A",Medium,"#N/A",New,Subject_vaqqq,"#N/A","#N/A","#N/A","#N/A","#N/A"
974714bd-bf12-4518-97a2-7462463c9584,"#N/A","#N/A",false,Web,"#N/A","#N/A",Medium,"#N/A",New,Subject_nibzl,"#N/A","#N/A","#N/A","#N/A","#N/A"
974d9171-b7b4-4a6f-baf5-6261e95e3eeb,"#N/A","#N/A",false,Web,"#N/A","#N/A",Medium,"#N/A",New,Subject_uocpy,"#N/A","#N/A","#N/A","#N/A","#N/A"
974da520-86f1-44a4-b35a-163ea88a218a,"#N/A","#N/A",false,Web,"#N/A","#N/A",Medium,"#N/A",New,Subject_szpbh,"#N/A","#N/A","#N/A","#N/A","#N/A"
974eead5-ef1c-42b4-aa28-9fde2f1d5fdf,"#N/A","#N/A",false,Web,"#N/A","#N/A",Medium,"#N/A",New,Subject_hqbds,"#N/A","#N/A","#N/A","#N/A","#N/A"
97552250-d986-40ec-8ba8-cd189e3f8ce5,"#N/A","#N/A",false,Web,"#N/A","#N/A",Medium,"#N/A",New,Subject_cvwbn,"#N/A","#N/A","#N/A","#N/A","#N/A"
97557309-9d61-4c3d-90e3-deec72f976cd,"#N/A","#N/A",false,Web,"#N/A","#N/A",Medium,"#N/A",New,Subject_biona,"#N/A","#N/A","#N/A","#N/A","#N/A"
97561371-24fd-4e16-91c9-5670e7b6af49,"#N/A","#N/A",false,Web,"#N/A","#N/A",Medium,"#N/A",New,Subject_dfuev,"#N/A","#N/A","#N/A","#N/A","#N/A"
97574a32-0083-483e-a416-2eb756050490,"#N/A","#N/A",false,Web,"#N/A","#N/A",Medium,"#N/A",New,Subject_sayof,"#N/A","#N/A","#N/A","#N/A","#N/A"
975c97f8-d0fd-4ed7-a4d5-63bac3d38658,"#N/A","#N/A",false,Web,"#N/A","#N/A",Medium,"#N/A",New,Subject_brbam,"#N/A","#N/A","#N/A","#N/A","#N/A"
976085ca-2d18-4fdf-8602-b73b5439f126,"#N/A","#N/A",false,Web,"#N/A","#N/A",Medium,"#N/A",New,Subject_jxagh,"#N/A","#N/A","#N/A","#N/A","#N/A"
9762b93d-0c12-401d-af5a-488d6f97d5aa,"#N/A","#N/A",false,Web,"#N/A","#N/A",Medium,"#N/A",New,Subject_snwmb,"#N/A","#N/A","#N/A","#N/A","#N/A"
976402ee-cbc9-45dc-b385-fa91d37f3906,"#N/A","#N/A",false,Web,"#N/A","#N/A",Medium,"#N/A",New,Subject_vccoo,"#N/A","#N/A","#N/A","#N/A","#N/A"
976693eb-0d26-4cd0-b655-c9f954aa4cae,"#N/A","#N/A",false,Web,"#N/A","#N/A",Medium,"#N/A",New,Subject_fkwmx,"#N/A","#N/A","#N/A","#N/A","#N/A"
97711732-8306-4a20-893a-1fa24b4307ec,"#N/A","#N/A",false,Web,"#N/A","#N/A",Medium,"#N/A",New,Subject_tfdjt,"#N/A","#N/A","#N/A","#N/A","#N/A"
977173ef-c2c2-48ce-871c-2d60a7b22d3c,"#N/A","#N/A",false,Web,"#N/A","#N/A",Medium,"#N/A",New,Subject_fegmd,"#N/A","#N/A","#N/A","#N/A","#N/A"
97722d76-6aec-4fe1-963d-be86f8e170fe,"#N/A","#N/A",false,Web,"#N/A","#N/A",Medium,"#N/A",New,Subject_smhom,"#N/A","#N/A","#N/A","#N/A","#N/A"
9778bff7-6024-4d2a-9429-72a23a174a91,"#N/A","#N/A",false,Web,"#N/A","#N/A",Medium,"#N/A",New,Subject_riijk,"#N/A","#N/A","#N/A","#N/A","#N/A"
977a214e-fdfe-41d5-b3c6-fcdcd30a4584,"#N/A","#N/A",false,Web,"#N/A","#N/A",Medium,"#N/A",New,Subject_anuni,"#N/A","#N/A","#N/A","#N/A","#N/A"
977c98c2-af4f-44f0-9312-61780d135f51,"#N/A","#N/A",false,Web,"#N/A","#N/A",Medium,"#N/A",New,Subject_wqrwq,"#N/A","#N/A","#N/A","#N/A","#N/A"
977cb9ae-f37b-41d8-aa46-6f30f8af9641,"#N/A","#N/A",false,Web,"#N/A","#N/A",Medium,"#N/A",New,Subject_egyax,"#N/A","#N/A","#N/A","#N/A","#N/A"
977f741e-c245-439a-aea0-4683246df335,"#N/A","#N/A",false,Web,"#N/A","#N/A",Medium,"#N/A",New,Subject_wzkla,"#N/A","#N/A","#N/A","#N/A","#N/A"
9780a1b0-f290-4daa-83c0-e495e4d58487,"#N/A","#N/A",false,Web,"#N/A","#N/A",Medium,"#N/A",New,Subject_neivl,"#N/A","#N/A","#N/A","#N/A","#N/A"
9780ebf3-b6a5-4c5a-b0a6-dad900a5243f,"#N/A","#N/A",false,Web,"#N/A","#N/A",Medium,"#N/A",New,Subject_uqpli,"#N/A","#N/A","#N/A","#N/A","#N/A"
97824eb7-eddc-4cd9-92d1-5c7174abee0c,"#N/A","#N/A",false,Web,"#N/A","#N/A",Medium,"#N/A",New,Subject_tjgol,"#N/A","#N/A","#N/A","#N/A","#N/A"
97842bb4-d1f8-4eb4-afd6-f71e11710806,"#N/A","#N/A",false,Web,"#N/A","#N/A",Medium,"#N/A",New,Subject_cqezg,"#N/A","#N/A","#N/A","#N/A","#N/A"
9786581a-4d1e-4f80-a034-9dd9ad560d96,"#N/A","#N/A",false,Web,"#N/A","#N/A",Medium,"#N/A",New,Subject_twoxc,"#N/A","#N/A","#N/A","#N/A","#N/A"
97889ff3-0f17-4a2b-8e0f-22e808f2dd70,"#N/A","#N/A",false,Web,"#N/A","#N/A",Medium,"#N/A",New,Subject_jvzth,"#N/A","#N/A","#N/A","#N/A","#N/A"
9789d02e-74d1-41b9-9ac6-434b275aeb8e,"#N/A","#N/A",false,Web,"#N/A","#N/A",Medium,"#N/A",New,Subject_lyqux,"#N/A","#N/A","#N/A","#N/A","#N/A"
978ee281-89db-4c83-be91-3b5273dfc125,"#N/A","#N/A",false,Web,"#N/A","#N/A",Medium,"#N/A",New,Subject_zinnr,"#N/A","#N/A","#N/A","#N/A","#N/A"
97955bd9-a172-4d80-8829-5b788c0502d4,"#N/A","#N/A",false,Web,"#N/A","#N/A",Medium,"#N/A",New,Subject_uageo,"#N/A","#N/A","#N/A","#N/A","#N/A"
9796872c-edf7-4b21-a0cf-96698418f881,"#N/A","#N/A",false,Web,"#N/A","#N/A",Medium,"#N/A",New,Subject_zgfzk,"#N/A","#N/A","#N/A","#N/A","#N/A"
979877d0-d708-470d-a6a7-9438599a2e20,"#N/A","#N/A",false,Web,"#N/A","#N/A",Medium,"#N/A",New,Subject_vqkpl,"#N/A","#N/A","#N/A","#N/A","#N/A"
979fab05-cd51-4ca8-9537-6b401abc34a3,"#N/A","#N/A",false,Web,"#N/A","#N/A",Medium,"#N/A",New,Subject_hzknu,"#N/A","#N/A","#N/A","#N/A","#N/A"
97a48936-9e45-4903-9e76-e23bb47de4c9,"#N/A","#N/A",false,Web,"#N/A","#N/A",Medium,"#N/A",New,Subject_szlpd,"#N/A","#N/A","#N/A","#N/A","#N/A"
97a56aab-f502-479e-97d1-dbbf27e380c2,"#N/A","#N/A",false,Web,"#N/A","#N/A",Medium,"#N/A",New,Subject_womuw,"#N/A","#N/A","#N/A","#N/A","#N/A"
97a58af3-57be-4f77-a92a-98db59124797,"#N/A","#N/A",false,Web,"#N/A","#N/A",Medium,"#N/A",New,Subject_mslwq,"#N/A","#N/A","#N/A","#N/A","#N/A"
97a92b26-e051-45dd-abb0-56d91c7a5abc,"#N/A","#N/A",false,Web,"#N/A","#N/A",Medium,"#N/A",New,Subject_wbxyq,"#N/A","#N/A","#N/A","#N/A","#N/A"
97a98950-5821-4d64-b913-822973e92d32,"#N/A","#N/A",false,Web,"#N/A","#N/A",Medium,"#N/A",New,Subject_sorwr,"#N/A","#N/A","#N/A","#N/A","#N/A"
97ade300-b74a-4b15-bda5-58c6cabd66cd,"#N/A","#N/A",false,Web,"#N/A","#N/A",Medium,"#N/A",New,Subject_bhcch,"#N/A","#N/A","#N/A","#N/A","#N/A"
97b077f7-9888-47c9-9d68-51e61f7c08bb,"#N/A","#N/A",false,Web,"#N/A","#N/A",Medium,"#N/A",New,Subject_xccei,"#N/A","#N/A","#N/A","#N/A","#N/A"
97b53689-d2b7-4d8e-af49-aeb4894f42ae,"#N/A","#N/A",false,Web,"#N/A","#N/A",Medium,"#N/A",New,Subject_oaqol,"#N/A","#N/A","#N/A","#N/A","#N/A"
97b80bc7-a089-4220-8ff4-53095922e114,"#N/A","#N/A",false,Web,"#N/A","#N/A",Medium,"#N/A",New,Subject_gmcla,"#N/A","#N/A","#N/A","#N/A","#N/A"
97b8af09-a2e1-4beb-9fc4-f3ee6ca58c9e,"#N/A","#N/A",false,Web,"#N/A","#N/A",Medium,"#N/A",New,Subject_xshct,"#N/A","#N/A","#N/A","#N/A","#N/A"
97ba88dd-ee9d-4d44-9e67-996411767994,"#N/A","#N/A",false,Web,"#N/A","#N/A",Medium,"#N/A",New,Subject_enttg,"#N/A","#N/A","#N/A","#N/A","#N/A"
97be6d95-1847-46af-8728-e947eefbc7e6,"#N/A","#N/A",false,Web,"#N/A","#N/A",Medium,"#N/A",New,Subject_hgxgw,"#N/A","#N/A","#N/A","#N/A","#N/A"
97bfd6ea-54c5-4aed-82a5-b38b7853a7b9,"#N/A","#N/A",false,Web,"#N/A","#N/A",Medium,"#N/A",New,Subject_qddiv,"#N/A","#N/A","#N/A","#N/A","#N/A"
97c0aec5-870b-4fd2-8360-8913002027ef,"#N/A","#N/A",false,Web,"#N/A","#N/A",Medium,"#N/A",New,Subject_dtvfn,"#N/A","#N/A","#N/A","#N/A","#N/A"
97c0f0e6-a544-477f-8ecf-942139f83473,"#N/A","#N/A",false,Web,"#N/A","#N/A",Medium,"#N/A",New,Subject_azinz,"#N/A","#N/A","#N/A","#N/A","#N/A"
97c89e95-6b6d-4501-a63a-ae15c097fccd,"#N/A","#N/A",false,Web,"#N/A","#N/A",Medium,"#N/A",New,Subject_fuyta,"#N/A","#N/A","#N/A","#N/A","#N/A"
97c93a87-028e-47b0-9e39-600346dc5e9f,"#N/A","#N/A",false,Web,"#N/A","#N/A",Medium,"#N/A",New,Subject_wmlvr,"#N/A","#N/A","#N/A","#N/A","#N/A"
97c951d2-5f2c-4beb-b287-ede0bf2e0f58,"#N/A","#N/A",false,Web,"#N/A","#N/A",Medium,"#N/A",New,Subject_zslyq,"#N/A","#N/A","#N/A","#N/A","#N/A"
97c970d4-560d-4611-9cf4-daddbe0e671a,"#N/A","#N/A",false,Web,"#N/A","#N/A",Medium,"#N/A",New,Subject_gfjkc,"#N/A","#N/A","#N/A","#N/A","#N/A"
97d13e48-fb86-410d-b10d-523e91c7816b,"#N/A","#N/A",false,Web,"#N/A","#N/A",Medium,"#N/A",New,Subject_alopc,"#N/A","#N/A","#N/A","#N/A","#N/A"
97d1f859-815c-472c-8811-610f594ad2f5,"#N/A","#N/A",false,Web,"#N/A","#N/A",Medium,"#N/A",New,Subject_zkahh,"#N/A","#N/A","#N/A","#N/A","#N/A"
97d4c2b8-ba43-4a3e-b106-1243df853a53,"#N/A","#N/A",false,Web,"#N/A","#N/A",Medium,"#N/A",New,Subject_izxyz,"#N/A","#N/A","#N/A","#N/A","#N/A"
97d6a0c6-9c3b-4487-8f5b-6cca02752646,"#N/A","#N/A",false,Web,"#N/A","#N/A",Medium,"#N/A",New,Subject_xywwg,"#N/A","#N/A","#N/A","#N/A","#N/A"
97d6f0b8-c95e-45c5-b922-841229ef116b,"#N/A","#N/A",false,Web,"#N/A","#N/A",Medium,"#N/A",New,Subject_tbbfk,"#N/A","#N/A","#N/A","#N/A","#N/A"
97db35ec-d472-4d42-8434-5c1b6eeced6c,"#N/A","#N/A",false,Web,"#N/A","#N/A",Medium,"#N/A",New,Subject_splck,"#N/A","#N/A","#N/A","#N/A","#N/A"
97dedfcd-061e-4df8-8ad3-1e26b9b0b775,"#N/A","#N/A",false,Web,"#N/A","#N/A",Medium,"#N/A",New,Subject_xirjm,"#N/A","#N/A","#N/A","#N/A","#N/A"
97dfa5ae-6ae2-47d8-bd25-d25507393c14,"#N/A","#N/A",false,Web,"#N/A","#N/A",Medium,"#N/A",New,Subject_lfwud,"#N/A","#N/A","#N/A","#N/A","#N/A"
97e00c38-2ae9-4ea2-aeb2-1a0b6d59b8f4,"#N/A","#N/A",false,Web,"#N/A","#N/A",Medium,"#N/A",New,Subject_btyji,"#N/A","#N/A","#N/A","#N/A","#N/A"
97e0a8c2-b5d3-4c0c-b859-f6cc93631083,"#N/A","#N/A",false,Web,"#N/A","#N/A",Medium,"#N/A",New,Subject_ztpyq,"#N/A","#N/A","#N/A","#N/A","#N/A"
97e1be29-d31b-47b5-829f-fc2aeed7410b,"#N/A","#N/A",false,Web,"#N/A","#N/A",Medium,"#N/A",New,Subject_dysra,"#N/A","#N/A","#N/A","#N/A","#N/A"
97e224bd-2672-420d-9419-159c22ba98c5,"#N/A","#N/A",false,Web,"#N/A","#N/A",Medium,"#N/A",New,Subject_jucdn,"#N/A","#N/A","#N/A","#N/A","#N/A"
97e28c81-68e5-4b2f-9aec-ade2cf682c94,"#N/A","#N/A",false,Web,"#N/A","#N/A",Medium,"#N/A",New,Subject_lapla,"#N/A","#N/A","#N/A","#N/A","#N/A"
97e2e6ca-c8bf-4fcc-85ed-126b212b3c9c,"#N/A","#N/A",false,Web,"#N/A","#N/A",Medium,"#N/A",New,Subject_byarl,"#N/A","#N/A","#N/A","#N/A","#N/A"
97e344be-d4e8-488f-92d7-483f04ef74e1,"#N/A","#N/A",false,Web,"#N/A","#N/A",Medium,"#N/A",New,Subject_aqztb,"#N/A","#N/A","#N/A","#N/A","#N/A"
97e4ab38-a222-4540-aa8e-61e73fe8c014,"#N/A","#N/A",false,Web,"#N/A","#N/A",Medium,"#N/A",New,Subject_ytbep,"#N/A","#N/A","#N/A","#N/A","#N/A"
97e5820d-30b8-41d3-9494-11746016b082,"#N/A","#N/A",false,Web,"#N/A","#N/A",Medium,"#N/A",New,Subject_wuadj,"#N/A","#N/A","#N/A","#N/A","#N/A"
97e6194c-d143-414f-937d-774449850b1f,"#N/A","#N/A",false,Web,"#N/A","#N/A",Medium,"#N/A",New,Subject_qxlfw,"#N/A","#N/A","#N/A","#N/A","#N/A"
97e71daf-ace2-483c-b027-6c9bd77060a0,"#N/A","#N/A",false,Web,"#N/A","#N/A",Medium,"#N/A",New,Subject_nengp,"#N/A","#N/A","#N/A","#N/A","#N/A"
97edc2f3-28be-485e-91fb-b88801d9cd45,"#N/A","#N/A",false,Web,"#N/A","#N/A",Medium,"#N/A",New,Subject_esjlv,"#N/A","#N/A","#N/A","#N/A","#N/A"
97ef6419-6e63-47a1-b7cc-201533ad0d8a,"#N/A","#N/A",false,Web,"#N/A","#N/A",Medium,"#N/A",New,Subject_trczk,"#N/A","#N/A","#N/A","#N/A","#N/A"
97efb3e9-01fc-4cb5-92c8-83976f81be04,"#N/A","#N/A",false,Web,"#N/A","#N/A",Medium,"#N/A",New,Subject_losyl,"#N/A","#N/A","#N/A","#N/A","#N/A"
97f1322d-b64b-4da9-92d1-d3992b994181,"#N/A","#N/A",false,Web,"#N/A","#N/A",Medium,"#N/A",New,Subject_cvzfb,"#N/A","#N/A","#N/A","#N/A","#N/A"
97f2e597-8c23-4955-ae03-a96c2c7dd165,"#N/A","#N/A",false,Web,"#N/A","#N/A",Medium,"#N/A",New,Subject_gbfqx,"#N/A","#N/A","#N/A","#N/A","#N/A"
97f351a2-a34d-46d4-bb24-6ff9ed7ef609,"#N/A","#N/A",false,Web,"#N/A","#N/A",Medium,"#N/A",New,Subject_kpjof,"#N/A","#N/A","#N/A","#N/A","#N/A"
97f76277-8fdc-449f-a5b3-fad05b413a4e,"#N/A","#N/A",false,Web,"#N/A","#N/A",Medium,"#N/A",New,Subject_kkwfo,"#N/A","#N/A","#N/A","#N/A","#N/A"
97fbecef-3e0b-4b63-ab6f-52ba0cb3a364,"#N/A","#N/A",false,Web,"#N/A","#N/A",Medium,"#N/A",New,Subject_wcyng,"#N/A","#N/A","#N/A","#N/A","#N/A"
98007f39-99fe-4b7a-ae51-530d74182aad,"#N/A","#N/A",false,Web,"#N/A","#N/A",Medium,"#N/A",New,Subject_rzwru,"#N/A","#N/A","#N/A","#N/A","#N/A"
9804f148-8d01-4c59-98f4-73061efeb02b,"#N/A","#N/A",false,Web,"#N/A","#N/A",Medium,"#N/A",New,Subject_csoax,"#N/A","#N/A","#N/A","#N/A","#N/A"
98051680-ffe4-4915-aee0-6789520bc91b,"#N/A","#N/A",false,Web,"#N/A","#N/A",Medium,"#N/A",New,Subject_fnzul,"#N/A","#N/A","#N/A","#N/A","#N/A"
98056fe3-b47e-49e2-bbc2-797d223ae614,"#N/A","#N/A",false,Web,"#N/A","#N/A",Medium,"#N/A",New,Subject_vxgzp,"#N/A","#N/A","#N/A","#N/A","#N/A"
98095075-a4e9-453c-967c-10b605598329,"#N/A","#N/A",false,Web,"#N/A","#N/A",Medium,"#N/A",New,Subject_kdyyu,"#N/A","#N/A","#N/A","#N/A","#N/A"
980bee8b-439a-4d92-b7ae-fffc7490be2a,"#N/A","#N/A",false,Web,"#N/A","#N/A",Medium,"#N/A",New,Subject_mqjqn,"#N/A","#N/A","#N/A","#N/A","#N/A"
980d833b-40f6-4f8f-addb-0c35e6f785b0,"#N/A","#N/A",false,Web,"#N/A","#N/A",Medium,"#N/A",New,Subject_rugtc,"#N/A","#N/A","#N/A","#N/A","#N/A"
980fe3a1-1ddf-4d55-9075-1d21b38b0f7a,"#N/A","#N/A",false,Web,"#N/A","#N/A",Medium,"#N/A",New,Subject_oanmq,"#N/A","#N/A","#N/A","#N/A","#N/A"
98104c33-af81-41f8-981e-8e7c8e6ec0d9,"#N/A","#N/A",false,Web,"#N/A","#N/A",Medium,"#N/A",New,Subject_zqoyo,"#N/A","#N/A","#N/A","#N/A","#N/A"
9815e1a9-037c-49f0-bb5f-f75062c9ba7f,"#N/A","#N/A",false,Web,"#N/A","#N/A",Medium,"#N/A",New,Subject_cybad,"#N/A","#N/A","#N/A","#N/A","#N/A"
981912ca-efd5-4e41-bfd8-9c1e00016a59,"#N/A","#N/A",false,Web,"#N/A","#N/A",Medium,"#N/A",New,Subject_ncspf,"#N/A","#N/A","#N/A","#N/A","#N/A"
9819b0e8-dee4-446a-aaad-1eac53e9d196,"#N/A","#N/A",false,Web,"#N/A","#N/A",Medium,"#N/A",New,Subject_gprjc,"#N/A","#N/A","#N/A","#N/A","#N/A"
981b38bd-ae0f-4331-80e4-641f823452ba,"#N/A","#N/A",false,Web,"#N/A","#N/A",Medium,"#N/A",New,Subject_jwpfr,"#N/A","#N/A","#N/A","#N/A","#N/A"
98200893-9b28-4850-97cb-191717e1177a,"#N/A","#N/A",false,Web,"#N/A","#N/A",Medium,"#N/A",New,Subject_sudog,"#N/A","#N/A","#N/A","#N/A","#N/A"
9821237e-3311-44f2-9ee9-6961b122d531,"#N/A","#N/A",false,Web,"#N/A","#N/A",Medium,"#N/A",New,Subject_lotfk,"#N/A","#N/A","#N/A","#N/A","#N/A"
98226e77-0f48-485c-8d08-e97aee7116f8,"#N/A","#N/A",false,Web,"#N/A","#N/A",Medium,"#N/A",New,Subject_gsneq,"#N/A","#N/A","#N/A","#N/A","#N/A"
98230653-4d69-4538-91c0-2b14f7912e94,"#N/A","#N/A",false,Web,"#N/A","#N/A",Medium,"#N/A",New,Subject_ravqz,"#N/A","#N/A","#N/A","#N/A","#N/A"
98236981-2c26-4ae2-ac9b-327ca4b6dbb2,"#N/A","#N/A",false,Web,"#N/A","#N/A",Medium,"#N/A",New,Subject_zngzb,"#N/A","#N/A","#N/A","#N/A","#N/A"
982454b2-7600-4b6d-88af-8e5cfe3023ec,"#N/A","#N/A",false,Web,"#N/A","#N/A",Medium,"#N/A",New,Subject_mhojz,"#N/A","#N/A","#N/A","#N/A","#N/A"
98275807-e0ce-42fa-abb8-65328a05db67,"#N/A","#N/A",false,Web,"#N/A","#N/A",Medium,"#N/A",New,Subject_vnpso,"#N/A","#N/A","#N/A","#N/A","#N/A"
9829a9a7-2a35-483f-a20e-20f7c31514e8,"#N/A","#N/A",false,Web,"#N/A","#N/A",Medium,"#N/A",New,Subject_nucbc,"#N/A","#N/A","#N/A","#N/A","#N/A"
982a1f98-d9b5-4e3b-bf0f-3a1a5d8e3338,"#N/A","#N/A",false,Web,"#N/A","#N/A",Medium,"#N/A",New,Subject_rstlc,"#N/A","#N/A","#N/A","#N/A","#N/A"
982c086a-73ca-4a66-ae0c-f9f834bb3008,"#N/A","#N/A",false,Web,"#N/A","#N/A",Medium,"#N/A",New,Subject_rfcak,"#N/A","#N/A","#N/A","#N/A","#N/A"
982ce3c3-1238-44f7-8ff2-ebbea8a17a3b,"#N/A","#N/A",false,Web,"#N/A","#N/A",Medium,"#N/A",New,Subject_szjgk,"#N/A","#N/A","#N/A","#N/A","#N/A"
982e5a98-f448-44d5-8e78-dd7615b85eb3,"#N/A","#N/A",false,Web,"#N/A","#N/A",Medium,"#N/A",New,Subject_sooik,"#N/A","#N/A","#N/A","#N/A","#N/A"
982f5f94-16be-4587-aadb-30a68ade9652,"#N/A","#N/A",false,Web,"#N/A","#N/A",Medium,"#N/A",New,Subject_gwjsf,"#N/A","#N/A","#N/A","#N/A","#N/A"
983157e8-f2f2-46c0-88ee-1d2343665c81,"#N/A","#N/A",false,Web,"#N/A","#N/A",Medium,"#N/A",New,Subject_vvess,"#N/A","#N/A","#N/A","#N/A","#N/A"
983200ef-bbf9-46a6-b422-b1e2ddde7c79,"#N/A","#N/A",false,Web,"#N/A","#N/A",Medium,"#N/A",New,Subject_xonim,"#N/A","#N/A","#N/A","#N/A","#N/A"
9833e50c-fa44-4d7d-850f-05fcaa9b8021,"#N/A","#N/A",false,Web,"#N/A","#N/A",Medium,"#N/A",New,Subject_ijpjj,"#N/A","#N/A","#N/A","#N/A","#N/A"
98371454-a6b6-4a44-be01-afad80d235d4,"#N/A","#N/A",false,Web,"#N/A","#N/A",Medium,"#N/A",New,Subject_bkidf,"#N/A","#N/A","#N/A","#N/A","#N/A"
983c537f-da9a-4575-9a36-9b5eb736f02a,"#N/A","#N/A",false,Web,"#N/A","#N/A",Medium,"#N/A",New,Subject_sneow,"#N/A","#N/A","#N/A","#N/A","#N/A"
983e3b65-409d-4aa4-a189-2376953429b4,"#N/A","#N/A",false,Web,"#N/A","#N/A",Medium,"#N/A",New,Subject_gdaci,"#N/A","#N/A","#N/A","#N/A","#N/A"
983fb580-2a9e-4fa3-88a5-85c8741b21ea,"#N/A","#N/A",false,Web,"#N/A","#N/A",Medium,"#N/A",New,Subject_zzczh,"#N/A","#N/A","#N/A","#N/A","#N/A"
98445fa4-23cc-4b00-8677-6810494082f1,"#N/A","#N/A",false,Web,"#N/A","#N/A",Medium,"#N/A",New,Subject_vrark,"#N/A","#N/A","#N/A","#N/A","#N/A"
9846cc73-add7-4e8c-8982-4e1cd23f9ba8,"#N/A","#N/A",false,Web,"#N/A","#N/A",Medium,"#N/A",New,Subject_tsibd,"#N/A","#N/A","#N/A","#N/A","#N/A"
984d3688-7230-4e4f-9964-d6cc13943a93,"#N/A","#N/A",false,Web,"#N/A","#N/A",Medium,"#N/A",New,Subject_lgfxt,"#N/A","#N/A","#N/A","#N/A","#N/A"
98521bce-a9bd-47a0-9c7d-58212c2c9340,"#N/A","#N/A",false,Web,"#N/A","#N/A",Medium,"#N/A",New,Subject_squkg,"#N/A","#N/A","#N/A","#N/A","#N/A"
9853d32e-3390-4059-929c-a3e0b325cf31,"#N/A","#N/A",false,Web,"#N/A","#N/A",Medium,"#N/A",New,Subject_nhlbu,"#N/A","#N/A","#N/A","#N/A","#N/A"
98556720-c4ae-4801-903d-042ed0418af5,"#N/A","#N/A",false,Web,"#N/A","#N/A",Medium,"#N/A",New,Subject_xahrd,"#N/A","#N/A","#N/A","#N/A","#N/A"
9855df97-13af-46cb-ac16-a6603f307a7b,"#N/A","#N/A",false,Web,"#N/A","#N/A",Medium,"#N/A",New,Subject_gjpdj,"#N/A","#N/A","#N/A","#N/A","#N/A"
98590ce5-51d6-4616-9bda-6d064d605d6c,"#N/A","#N/A",false,Web,"#N/A","#N/A",Medium,"#N/A",New,Subject_jptyj,"#N/A","#N/A","#N/A","#N/A","#N/A"
985a93b3-4989-402b-a7c7-798d0a07c129,"#N/A","#N/A",false,Web,"#N/A","#N/A",Medium,"#N/A",New,Subject_otqct,"#N/A","#N/A","#N/A","#N/A","#N/A"
985c7c58-cc03-439b-a41e-592cc45bb057,"#N/A","#N/A",false,Web,"#N/A","#N/A",Medium,"#N/A",New,Subject_mrgcm,"#N/A","#N/A","#N/A","#N/A","#N/A"
985e22c9-b33f-47b5-bc53-fc49dca024b4,"#N/A","#N/A",false,Web,"#N/A","#N/A",Medium,"#N/A",New,Subject_hckcv,"#N/A","#N/A","#N/A","#N/A","#N/A"
985f6d01-ab35-47e8-b653-8194f7139bfd,"#N/A","#N/A",false,Web,"#N/A","#N/A",Medium,"#N/A",New,Subject_saudf,"#N/A","#N/A","#N/A","#N/A","#N/A"
9861491b-0195-4234-8ddc-d380c45c924b,"#N/A","#N/A",false,Web,"#N/A","#N/A",Medium,"#N/A",New,Subject_ewtjc,"#N/A","#N/A","#N/A","#N/A","#N/A"
98663c0c-9dba-48ae-9fd6-2aeacd8ec60d,"#N/A","#N/A",false,Web,"#N/A","#N/A",Medium,"#N/A",New,Subject_rdxuk,"#N/A","#N/A","#N/A","#N/A","#N/A"
9866a6e7-fae8-4ba2-9e5b-ba8b0020ba57,"#N/A","#N/A",false,Web,"#N/A","#N/A",Medium,"#N/A",New,Subject_wqwpe,"#N/A","#N/A","#N/A","#N/A","#N/A"
9867cf95-217f-4ec6-82ff-6d8cc0baea21,"#N/A","#N/A",false,Web,"#N/A","#N/A",Medium,"#N/A",New,Subject_evbne,"#N/A","#N/A","#N/A","#N/A","#N/A"
986bdff5-0771-4fc3-854e-5b171b37cde4,"#N/A","#N/A",false,Web,"#N/A","#N/A",Medium,"#N/A",New,Subject_fgvgw,"#N/A","#N/A","#N/A","#N/A","#N/A"
986e74ca-4887-4538-83c6-07b3d0b52f37,"#N/A","#N/A",false,Web,"#N/A","#N/A",Medium,"#N/A",New,Subject_zaxhb,"#N/A","#N/A","#N/A","#N/A","#N/A"
986f5620-4e0d-4d4b-88a4-0a9d41c46593,"#N/A","#N/A",false,Web,"#N/A","#N/A",Medium,"#N/A",New,Subject_xspzi,"#N/A","#N/A","#N/A","#N/A","#N/A"
98704e36-5630-4268-ae1b-fd268952e529,"#N/A","#N/A",false,Web,"#N/A","#N/A",Medium,"#N/A",New,Subject_ntokm,"#N/A","#N/A","#N/A","#N/A","#N/A"
9872a888-5274-4c8e-9c80-abbfc30a3f8c,"#N/A","#N/A",false,Web,"#N/A","#N/A",Medium,"#N/A",New,Subject_rhuiq,"#N/A","#N/A","#N/A","#N/A","#N/A"
987ac7f8-cc07-46b5-93d2-cd7906108ad1,"#N/A","#N/A",false,Web,"#N/A","#N/A",Medium,"#N/A",New,Subject_xcbzc,"#N/A","#N/A","#N/A","#N/A","#N/A"
987c4116-66ee-4bee-8474-ff2dde0a799a,"#N/A","#N/A",false,Web,"#N/A","#N/A",Medium,"#N/A",New,Subject_helks,"#N/A","#N/A","#N/A","#N/A","#N/A"
987ec532-8cf1-48ef-bca2-c820c6492192,"#N/A","#N/A",false,Web,"#N/A","#N/A",Medium,"#N/A",New,Subject_zzsjh,"#N/A","#N/A","#N/A","#N/A","#N/A"
98803e22-df82-4d2f-bb47-c78475a5293f,"#N/A","#N/A",false,Web,"#N/A","#N/A",Medium,"#N/A",New,Subject_vkjmh,"#N/A","#N/A","#N/A","#N/A","#N/A"
988154e3-5466-46d6-9d1a-bd2cfeb8d8fd,"#N/A","#N/A",false,Web,"#N/A","#N/A",Medium,"#N/A",New,Subject_ikojo,"#N/A","#N/A","#N/A","#N/A","#N/A"
98824ae5-cd05-4b15-b062-4e1fc3e3e987,"#N/A","#N/A",false,Web,"#N/A","#N/A",Medium,"#N/A",New,Subject_iyyjg,"#N/A","#N/A","#N/A","#N/A","#N/A"
9884e74a-3fd3-42e5-823b-3861b1f63e19,"#N/A","#N/A",false,Web,"#N/A","#N/A",Medium,"#N/A",New,Subject_anccd,"#N/A","#N/A","#N/A","#N/A","#N/A"
9885ca7e-cf9b-4710-ab4c-38e7cd4ca694,"#N/A","#N/A",false,Web,"#N/A","#N/A",Medium,"#N/A",New,Subject_xaxgq,"#N/A","#N/A","#N/A","#N/A","#N/A"
98862e91-60f3-4532-b4fd-ce1fffe04ad4,"#N/A","#N/A",false,Web,"#N/A","#N/A",Medium,"#N/A",New,Subject_smfsn,"#N/A","#N/A","#N/A","#N/A","#N/A"
98875ea7-5ae6-4a49-a6c8-ca2886cac761,"#N/A","#N/A",false,Web,"#N/A","#N/A",Medium,"#N/A",New,Subject_tuueq,"#N/A","#N/A","#N/A","#N/A","#N/A"
9888ae02-a498-4a8d-9048-c7919f26c4c9,"#N/A","#N/A",false,Web,"#N/A","#N/A",Medium,"#N/A",New,Subject_lwntt,"#N/A","#N/A","#N/A","#N/A","#N/A"
9889cf4e-8ad2-4f94-abd0-dbfa0f4f2d32,"#N/A","#N/A",false,Web,"#N/A","#N/A",Medium,"#N/A",New,Subject_wxtya,"#N/A","#N/A","#N/A","#N/A","#N/A"
9890f268-bf0c-4471-8638-7daf38998738,"#N/A","#N/A",false,Web,"#N/A","#N/A",Medium,"#N/A",New,Subject_tuqqb,"#N/A","#N/A","#N/A","#N/A","#N/A"
989221a3-6c1c-4bb2-9b36-1adbe8d03630,"#N/A","#N/A",false,Web,"#N/A","#N/A",Medium,"#N/A",New,Subject_nxaoz,"#N/A","#N/A","#N/A","#N/A","#N/A"
989613a3-49dd-4e58-a1df-0187b4f5f183,"#N/A","#N/A",false,Web,"#N/A","#N/A",Medium,"#N/A",New,Subject_orptb,"#N/A","#N/A","#N/A","#N/A","#N/A"
98993fc2-a7e9-4785-b7f1-a5f01251c9aa,"#N/A","#N/A",false,Web,"#N/A","#N/A",Medium,"#N/A",New,Subject_qvnqk,"#N/A","#N/A","#N/A","#N/A","#N/A"
989a7bde-69f9-4780-9a18-7997a6515cc3,"#N/A","#N/A",false,Web,"#N/A","#N/A",Medium,"#N/A",New,Subject_hiqty,"#N/A","#N/A","#N/A","#N/A","#N/A"
989c737d-7cd9-4183-bc03-78de8c1bfb2d,"#N/A","#N/A",false,Web,"#N/A","#N/A",Medium,"#N/A",New,Subject_oqeiu,"#N/A","#N/A","#N/A","#N/A","#N/A"
989e8f41-093d-4d23-b1ef-da00694d328d,"#N/A","#N/A",false,Web,"#N/A","#N/A",Medium,"#N/A",New,Subject_wpkab,"#N/A","#N/A","#N/A","#N/A","#N/A"
98a010e4-04c3-449b-a3c4-147a1f174326,"#N/A","#N/A",false,Web,"#N/A","#N/A",Medium,"#N/A",New,Subject_jcppt,"#N/A","#N/A","#N/A","#N/A","#N/A"
98a09252-b7af-4d3f-80dd-3f0f9f20b6c2,"#N/A","#N/A",false,Web,"#N/A","#N/A",Medium,"#N/A",New,Subject_miydb,"#N/A","#N/A","#N/A","#N/A","#N/A"
98a20725-399c-4c5b-8810-b4268dc145b0,"#N/A","#N/A",false,Web,"#N/A","#N/A",Medium,"#N/A",New,Subject_worvc,"#N/A","#N/A","#N/A","#N/A","#N/A"
98a6992a-1be8-46fa-8b65-a823c01ba19b,"#N/A","#N/A",false,Web,"#N/A","#N/A",Medium,"#N/A",New,Subject_vyglm,"#N/A","#N/A","#N/A","#N/A","#N/A"
98ac2046-6f65-4ffa-96dc-3011c2f798b2,"#N/A","#N/A",false,Web,"#N/A","#N/A",Medium,"#N/A",New,Subject_ejqnd,"#N/A","#N/A","#N/A","#N/A","#N/A"
98ace159-45ef-4da6-a72f-0d3f98a97656,"#N/A","#N/A",false,Web,"#N/A","#N/A",Medium,"#N/A",New,Subject_zdrkr,"#N/A","#N/A","#N/A","#N/A","#N/A"
98b24576-f50b-4068-ae81-867599958d45,"#N/A","#N/A",false,Web,"#N/A","#N/A",Medium,"#N/A",New,Subject_bqplc,"#N/A","#N/A","#N/A","#N/A","#N/A"
98b6bd5e-a8c8-44d3-bfab-29ca51d8d3db,"#N/A","#N/A",false,Web,"#N/A","#N/A",Medium,"#N/A",New,Subject_xboaw,"#N/A","#N/A","#N/A","#N/A","#N/A"
98bb4e3d-bcdf-4b5b-a94d-5b08072e59aa,"#N/A","#N/A",false,Web,"#N/A","#N/A",Medium,"#N/A",New,Subject_dsoaa,"#N/A","#N/A","#N/A","#N/A","#N/A"
98bd45d2-bf86-4c9b-9bd8-1fe206712f73,"#N/A","#N/A",false,Web,"#N/A","#N/A",Medium,"#N/A",New,Subject_sfcgs,"#N/A","#N/A","#N/A","#N/A","#N/A"
98be9885-9a4c-45cc-9e37-b126328cbed6,"#N/A","#N/A",false,Web,"#N/A","#N/A",Medium,"#N/A",New,Subject_lhpsv,"#N/A","#N/A","#N/A","#N/A","#N/A"
98beac03-2c01-45de-be0d-768c059baafd,"#N/A","#N/A",false,Web,"#N/A","#N/A",Medium,"#N/A",New,Subject_zrnih,"#N/A","#N/A","#N/A","#N/A","#N/A"
98c3b3f2-224a-4bf2-85ba-7c7c2e083ed8,"#N/A","#N/A",false,Web,"#N/A","#N/A",Medium,"#N/A",New,Subject_qckqk,"#N/A","#N/A","#N/A","#N/A","#N/A"
98c43c26-d07a-48b2-9f55-059007f1f6b9,"#N/A","#N/A",false,Web,"#N/A","#N/A",Medium,"#N/A",New,Subject_zlmdu,"#N/A","#N/A","#N/A","#N/A","#N/A"
98c99a9f-c926-4d88-a06d-bdd805024b42,"#N/A","#N/A",false,Web,"#N/A","#N/A",Medium,"#N/A",New,Subject_cavke,"#N/A","#N/A","#N/A","#N/A","#N/A"
98ca6ef8-a86e-4e08-afcf-644ea69cd434,"#N/A","#N/A",false,Web,"#N/A","#N/A",Medium,"#N/A",New,Subject_iofoa,"#N/A","#N/A","#N/A","#N/A","#N/A"
98cc4c48-b1a2-4975-8c61-40b9070bbd8d,"#N/A","#N/A",false,Web,"#N/A","#N/A",Medium,"#N/A",New,Subject_iqfqc,"#N/A","#N/A","#N/A","#N/A","#N/A"
98cc7e6a-ef77-452c-a18a-b4d5076605b2,"#N/A","#N/A",false,Web,"#N/A","#N/A",Medium,"#N/A",New,Subject_nfbgp,"#N/A","#N/A","#N/A","#N/A","#N/A"
98ccdd03-e036-454d-b54c-79e34e7bb2af,"#N/A","#N/A",false,Web,"#N/A","#N/A",Medium,"#N/A",New,Subject_faibt,"#N/A","#N/A","#N/A","#N/A","#N/A"
98d528d2-c611-4e54-ab65-4c340a3ac803,"#N/A","#N/A",false,Web,"#N/A","#N/A",Medium,"#N/A",New,Subject_ucrmb,"#N/A","#N/A","#N/A","#N/A","#N/A"
98dabf1c-a581-49a4-af74-06898fe5fda3,"#N/A","#N/A",false,Web,"#N/A","#N/A",Medium,"#N/A",New,Subject_ktmtv,"#N/A","#N/A","#N/A","#N/A","#N/A"
98de5cbc-d9dd-48dd-9b2c-0dd668307680,"#N/A","#N/A",false,Web,"#N/A","#N/A",Medium,"#N/A",New,Subject_zevbc,"#N/A","#N/A","#N/A","#N/A","#N/A"
98defb3b-0a32-4150-acf8-b82c95e5c202,"#N/A","#N/A",false,Web,"#N/A","#N/A",Medium,"#N/A",New,Subject_qcoaa,"#N/A","#N/A","#N/A","#N/A","#N/A"
98e2ab68-15b1-4ec3-ad39-c579c3a74758,"#N/A","#N/A",false,Web,"#N/A","#N/A",Medium,"#N/A",New,Subject_wfbuf,"#N/A","#N/A","#N/A","#N/A","#N/A"
98e4257b-e216-4850-87fa-7d6985c98881,"#N/A","#N/A",false,Web,"#N/A","#N/A",Medium,"#N/A",New,Subject_uilgo,"#N/A","#N/A","#N/A","#N/A","#N/A"
98e7bc98-5647-4822-87ad-9efa3fcbed34,"#N/A","#N/A",false,Web,"#N/A","#N/A",Medium,"#N/A",New,Subject_ffths,"#N/A","#N/A","#N/A","#N/A","#N/A"
98e86075-6d50-43c6-9302-69836ced9332,"#N/A","#N/A",false,Web,"#N/A","#N/A",Medium,"#N/A",New,Subject_uanuu,"#N/A","#N/A","#N/A","#N/A","#N/A"
98ec8b35-a21f-4cdd-87d5-00d8b6727d6e,"#N/A","#N/A",false,Web,"#N/A","#N/A",Medium,"#N/A",New,Subject_ygong,"#N/A","#N/A","#N/A","#N/A","#N/A"
98ee3a56-b524-4721-9b65-e54916339c61,"#N/A","#N/A",false,Web,"#N/A","#N/A",Medium,"#N/A",New,Subject_gkhcx,"#N/A","#N/A","#N/A","#N/A","#N/A"
98ef0aec-d817-4fc4-9b1f-afa554d54031,"#N/A","#N/A",false,Web,"#N/A","#N/A",Medium,"#N/A",New,Subject_zsffg,"#N/A","#N/A","#N/A","#N/A","#N/A"
98f0305c-8a2a-4587-9c74-0daa449115d6,"#N/A","#N/A",false,Web,"#N/A","#N/A",Medium,"#N/A",New,Subject_mqflz,"#N/A","#N/A","#N/A","#N/A","#N/A"
98f3156f-00d7-4404-b94d-8b111faaa09c,"#N/A","#N/A",false,Web,"#N/A","#N/A",Medium,"#N/A",New,Subject_omebr,"#N/A","#N/A","#N/A","#N/A","#N/A"
98f46c66-90b9-411d-9b43-58ac1c2aae94,"#N/A","#N/A",false,Web,"#N/A","#N/A",Medium,"#N/A",New,Subject_djlxc,"#N/A","#N/A","#N/A","#N/A","#N/A"
9900b1fe-9298-4990-81b6-e4e603fa0255,"#N/A","#N/A",false,Web,"#N/A","#N/A",Medium,"#N/A",New,Subject_nneef,"#N/A","#N/A","#N/A","#N/A","#N/A"
9900e9da-79c0-42fb-8772-aface6aabd71,"#N/A","#N/A",false,Web,"#N/A","#N/A",Medium,"#N/A",New,Subject_vbubd,"#N/A","#N/A","#N/A","#N/A","#N/A"
99039039-ee64-41b2-a95a-a851329fb279,"#N/A","#N/A",false,Web,"#N/A","#N/A",Medium,"#N/A",New,Subject_dgmsz,"#N/A","#N/A","#N/A","#N/A","#N/A"
990b8f30-7a9d-44c0-8ced-c34fd4600031,"#N/A","#N/A",false,Web,"#N/A","#N/A",Medium,"#N/A",New,Subject_smnza,"#N/A","#N/A","#N/A","#N/A","#N/A"
990b977a-3157-488d-ab01-0dcf238e6f12,"#N/A","#N/A",false,Web,"#N/A","#N/A",Medium,"#N/A",New,Subject_kfvwd,"#N/A","#N/A","#N/A","#N/A","#N/A"
990bb091-a29f-48f9-bc51-40bcac075ea7,"#N/A","#N/A",false,Web,"#N/A","#N/A",Medium,"#N/A",New,Subject_lyatz,"#N/A","#N/A","#N/A","#N/A","#N/A"
99103055-2d20-4927-9655-18e571be8890,"#N/A","#N/A",false,Web,"#N/A","#N/A",Medium,"#N/A",New,Subject_hyiwk,"#N/A","#N/A","#N/A","#N/A","#N/A"
9917f4c3-d049-4e3a-ac7d-ad0ff7ff9aaf,"#N/A","#N/A",false,Web,"#N/A","#N/A",Medium,"#N/A",New,Subject_nnman,"#N/A","#N/A","#N/A","#N/A","#N/A"
9921d302-1ab5-4eaf-8c9d-2a9f410fa0ba,"#N/A","#N/A",false,Web,"#N/A","#N/A",Medium,"#N/A",New,Subject_jqwta,"#N/A","#N/A","#N/A","#N/A","#N/A"
99243dfe-58f5-4880-a0ad-7f89c2367e2e,"#N/A","#N/A",false,Web,"#N/A","#N/A",Medium,"#N/A",New,Subject_vxdqx,"#N/A","#N/A","#N/A","#N/A","#N/A"
99259848-f11b-4c98-82d3-bd7f4acabab5,"#N/A","#N/A",false,Web,"#N/A","#N/A",Medium,"#N/A",New,Subject_ldhme,"#N/A","#N/A","#N/A","#N/A","#N/A"
9925c230-b9af-47c2-a011-c0b232c8cb9f,"#N/A","#N/A",false,Web,"#N/A","#N/A",Medium,"#N/A",New,Subject_dpysi,"#N/A","#N/A","#N/A","#N/A","#N/A"
992a8239-d0cd-4fcb-858a-e3234482bcd5,"#N/A","#N/A",false,Web,"#N/A","#N/A",Medium,"#N/A",New,Subject_mbnaj,"#N/A","#N/A","#N/A","#N/A","#N/A"
992d41fb-643f-4c68-9de0-d84a78a415a5,"#N/A","#N/A",false,Web,"#N/A","#N/A",Medium,"#N/A",New,Subject_tkifp,"#N/A","#N/A","#N/A","#N/A","#N/A"
992dad84-405f-41c2-a3fa-bfb0a2ef6723,"#N/A","#N/A",false,Web,"#N/A","#N/A",Medium,"#N/A",New,Subject_yjbif,"#N/A","#N/A","#N/A","#N/A","#N/A"
992f9804-4cb3-41fa-8b2b-312a9ceffb0c,"#N/A","#N/A",false,Web,"#N/A","#N/A",Medium,"#N/A",New,Subject_rrjez,"#N/A","#N/A","#N/A","#N/A","#N/A"
99305579-3b63-48db-aee1-bf0f3c93a516,"#N/A","#N/A",false,Web,"#N/A","#N/A",Medium,"#N/A",New,Subject_tiggj,"#N/A","#N/A","#N/A","#N/A","#N/A"
99335319-2ca1-446f-b204-8f60514ebc49,"#N/A","#N/A",false,Web,"#N/A","#N/A",Medium,"#N/A",New,Subject_hgkvb,"#N/A","#N/A","#N/A","#N/A","#N/A"
9937df04-c892-4995-8f22-b170bcaed5d6,"#N/A","#N/A",false,Web,"#N/A","#N/A",Medium,"#N/A",New,Subject_yqfjr,"#N/A","#N/A","#N/A","#N/A","#N/A"
993af39d-8062-49ef-9303-73f9b7ae61bb,"#N/A","#N/A",false,Web,"#N/A","#N/A",Medium,"#N/A",New,Subject_usigo,"#N/A","#N/A","#N/A","#N/A","#N/A"
993b651b-7499-4b79-bc70-f466bd84ed00,"#N/A","#N/A",false,Web,"#N/A","#N/A",Medium,"#N/A",New,Subject_mskds,"#N/A","#N/A","#N/A","#N/A","#N/A"
993bed90-c415-4633-a5f9-dea73e6b4a5f,"#N/A","#N/A",false,Web,"#N/A","#N/A",Medium,"#N/A",New,Subject_zwbmb,"#N/A","#N/A","#N/A","#N/A","#N/A"
993dc69b-2df3-4793-a12b-cbea66e5777b,"#N/A","#N/A",false,Web,"#N/A","#N/A",Medium,"#N/A",New,Subject_femwv,"#N/A","#N/A","#N/A","#N/A","#N/A"
994127cf-f86a-45fd-8c43-2891f11db9bb,"#N/A","#N/A",false,Web,"#N/A","#N/A",Medium,"#N/A",New,Subject_yhdap,"#N/A","#N/A","#N/A","#N/A","#N/A"
99418f4e-0f29-4e52-a09c-33f5c856512f,"#N/A","#N/A",false,Web,"#N/A","#N/A",Medium,"#N/A",New,Subject_dcykr,"#N/A","#N/A","#N/A","#N/A","#N/A"
9942def8-a4dc-4e31-bf9e-7fc98476f369,"#N/A","#N/A",false,Web,"#N/A","#N/A",Medium,"#N/A",New,Subject_datck,"#N/A","#N/A","#N/A","#N/A","#N/A"
9944697a-ddfb-4dae-af55-d361bfbda00a,"#N/A","#N/A",false,Web,"#N/A","#N/A",Medium,"#N/A",New,Subject_nyehe,"#N/A","#N/A","#N/A","#N/A","#N/A"
9947baa2-bbee-4dbb-a438-19aaa9fa022e,"#N/A","#N/A",false,Web,"#N/A","#N/A",Medium,"#N/A",New,Subject_jbfrf,"#N/A","#N/A","#N/A","#N/A","#N/A"
994bfea0-dad5-43cc-9db0-27498176c63f,"#N/A","#N/A",false,Web,"#N/A","#N/A",Medium,"#N/A",New,Subject_corxn,"#N/A","#N/A","#N/A","#N/A","#N/A"
994ce9d5-0d34-4d52-9323-6f53dbdb0159,"#N/A","#N/A",false,Web,"#N/A","#N/A",Medium,"#N/A",New,Subject_cpmfw,"#N/A","#N/A","#N/A","#N/A","#N/A"
994d9bd6-fb61-4a79-b891-90a9d4acbcb6,"#N/A","#N/A",false,Web,"#N/A","#N/A",Medium,"#N/A",New,Subject_ggcqd,"#N/A","#N/A","#N/A","#N/A","#N/A"
99534221-64e2-4737-af29-89e1d0dff870,"#N/A","#N/A",false,Web,"#N/A","#N/A",Medium,"#N/A",New,Subject_eixct,"#N/A","#N/A","#N/A","#N/A","#N/A"
99540964-65a0-4c37-a079-5c3be9ec313e,"#N/A","#N/A",false,Web,"#N/A","#N/A",Medium,"#N/A",New,Subject_ucayx,"#N/A","#N/A","#N/A","#N/A","#N/A"
995ba522-691d-4abe-8a54-5c4231e8a525,"#N/A","#N/A",false,Web,"#N/A","#N/A",Medium,"#N/A",New,Subject_xgoih,"#N/A","#N/A","#N/A","#N/A","#N/A"
995d1be9-18e6-4fc5-a8df-c2728c7991a1,"#N/A","#N/A",false,Web,"#N/A","#N/A",Medium,"#N/A",New,Subject_erbtl,"#N/A","#N/A","#N/A","#N/A","#N/A"
99621542-6900-41d4-aa46-658de9e320a4,"#N/A","#N/A",false,Web,"#N/A","#N/A",Medium,"#N/A",New,Subject_hhtqm,"#N/A","#N/A","#N/A","#N/A","#N/A"
99622e1d-0ea9-4d22-9eba-349103197b52,"#N/A","#N/A",false,Web,"#N/A","#N/A",Medium,"#N/A",New,Subject_ptpmw,"#N/A","#N/A","#N/A","#N/A","#N/A"
9964114f-9638-4d3d-bb91-dbe1744aec9e,"#N/A","#N/A",false,Web,"#N/A","#N/A",Medium,"#N/A",New,Subject_koxps,"#N/A","#N/A","#N/A","#N/A","#N/A"
99693b1a-0c76-4b83-a138-e6df71421e68,"#N/A","#N/A",false,Web,"#N/A","#N/A",Medium,"#N/A",New,Subject_svpef,"#N/A","#N/A","#N/A","#N/A","#N/A"
996add2d-9572-49b6-8504-15df66136700,"#N/A","#N/A",false,Web,"#N/A","#N/A",Medium,"#N/A",New,Subject_ehunm,"#N/A","#N/A","#N/A","#N/A","#N/A"
996d8811-561c-430a-a009-0c58621dfa92,"#N/A","#N/A",false,Web,"#N/A","#N/A",Medium,"#N/A",New,Subject_ogrqt,"#N/A","#N/A","#N/A","#N/A","#N/A"
997b44f1-e5fe-4eb2-85d1-723495540744,"#N/A","#N/A",false,Web,"#N/A","#N/A",Medium,"#N/A",New,Subject_dqzpl,"#N/A","#N/A","#N/A","#N/A","#N/A"
997d72ab-21cd-4f45-a8ed-df400388d67d,"#N/A","#N/A",false,Web,"#N/A","#N/A",Medium,"#N/A",New,Subject_gmbge,"#N/A","#N/A","#N/A","#N/A","#N/A"
99857a15-50ef-42cd-b835-44b76f975c21,"#N/A","#N/A",false,Web,"#N/A","#N/A",Medium,"#N/A",New,Subject_ynupv,"#N/A","#N/A","#N/A","#N/A","#N/A"
99865692-a305-4146-a033-5a3c4d04956e,"#N/A","#N/A",false,Web,"#N/A","#N/A",Medium,"#N/A",New,Subject_saxsj,"#N/A","#N/A","#N/A","#N/A","#N/A"
998f8524-72e7-4be2-a12b-ce18497fb46b,"#N/A","#N/A",false,Web,"#N/A","#N/A",Medium,"#N/A",New,Subject_clffd,"#N/A","#N/A","#N/A","#N/A","#N/A"
99951d3b-5ad7-4c86-bc16-b3a040233be2,"#N/A","#N/A",false,Web,"#N/A","#N/A",Medium,"#N/A",New,Subject_oxmpg,"#N/A","#N/A","#N/A","#N/A","#N/A"
99a2f4eb-ceb9-4a2d-9590-eb8b2f15a590,"#N/A","#N/A",false,Web,"#N/A","#N/A",Medium,"#N/A",New,Subject_zrlaf,"#N/A","#N/A","#N/A","#N/A","#N/A"
99a6b6a7-0f86-45d3-a0d7-0ed690fce7a1,"#N/A","#N/A",false,Web,"#N/A","#N/A",Medium,"#N/A",New,Subject_tqcmy,"#N/A","#N/A","#N/A","#N/A","#N/A"
99a881e2-2d51-4c83-897e-b666e99e0201,"#N/A","#N/A",false,Web,"#N/A","#N/A",Medium,"#N/A",New,Subject_szcer,"#N/A","#N/A","#N/A","#N/A","#N/A"
99a9a31e-28d4-419a-926f-2da94a83e214,"#N/A","#N/A",false,Web,"#N/A","#N/A",Medium,"#N/A",New,Subject_ovxtj,"#N/A","#N/A","#N/A","#N/A","#N/A"
99abd18e-93a0-4462-a6dd-9d07ce338216,"#N/A","#N/A",false,Web,"#N/A","#N/A",Medium,"#N/A",New,Subject_lxipz,"#N/A","#N/A","#N/A","#N/A","#N/A"
99abf511-2715-4adf-aadc-d3110022518f,"#N/A","#N/A",false,Web,"#N/A","#N/A",Medium,"#N/A",New,Subject_ipkcj,"#N/A","#N/A","#N/A","#N/A","#N/A"
99ad76ef-d997-4b3b-afce-57eb19f806c1,"#N/A","#N/A",false,Web,"#N/A","#N/A",Medium,"#N/A",New,Subject_bwnpz,"#N/A","#N/A","#N/A","#N/A","#N/A"
99ada555-9604-44ab-8414-d768c52cb01a,"#N/A","#N/A",false,Web,"#N/A","#N/A",Medium,"#N/A",New,Subject_vzjrw,"#N/A","#N/A","#N/A","#N/A","#N/A"
99aff5ee-ac4b-47d0-852d-258b24707dc1,"#N/A","#N/A",false,Web,"#N/A","#N/A",Medium,"#N/A",New,Subject_tgxgw,"#N/A","#N/A","#N/A","#N/A","#N/A"
99b81a7a-1706-44b3-9837-0148f2d6fd3a,"#N/A","#N/A",false,Web,"#N/A","#N/A",Medium,"#N/A",New,Subject_iidcg,"#N/A","#N/A","#N/A","#N/A","#N/A"
99b8a197-b993-4b01-8ba0-2ec4903ed908,"#N/A","#N/A",false,Web,"#N/A","#N/A",Medium,"#N/A",New,Subject_lkeiy,"#N/A","#N/A","#N/A","#N/A","#N/A"
99b9f989-e0da-4288-bba3-a497f8f36cce,"#N/A","#N/A",false,Web,"#N/A","#N/A",Medium,"#N/A",New,Subject_dfdzn,"#N/A","#N/A","#N/A","#N/A","#N/A"
99c27fd0-026d-4abf-9e04-cb569380e2c8,"#N/A","#N/A",false,Web,"#N/A","#N/A",Medium,"#N/A",New,Subject_rmijd,"#N/A","#N/A","#N/A","#N/A","#N/A"
99c2a33d-8ccf-4aff-8e4b-b46e6e8ad64e,"#N/A","#N/A",false,Web,"#N/A","#N/A",Medium,"#N/A",New,Subject_dawfx,"#N/A","#N/A","#N/A","#N/A","#N/A"
99c3b7f6-e662-413d-b002-a13deeac4e9c,"#N/A","#N/A",false,Web,"#N/A","#N/A",Medium,"#N/A",New,Subject_feuxu,"#N/A","#N/A","#N/A","#N/A","#N/A"
99c5ded7-f2ca-4ef2-b173-05fd47c8c622,"#N/A","#N/A",false,Web,"#N/A","#N/A",Medium,"#N/A",New,Subject_whsdp,"#N/A","#N/A","#N/A","#N/A","#N/A"
99c79539-a389-4b22-afef-8fe5123c7034,"#N/A","#N/A",false,Web,"#N/A","#N/A",Medium,"#N/A",New,Subject_ghojz,"#N/A","#N/A","#N/A","#N/A","#N/A"
99d03bd7-dbb5-48c7-a5c8-59132868b402,"#N/A","#N/A",false,Web,"#N/A","#N/A",Medium,"#N/A",New,Subject_fkvuc,"#N/A","#N/A","#N/A","#N/A","#N/A"
99d50ab9-ef9a-4048-a7c8-41a08ba6b904,"#N/A","#N/A",false,Web,"#N/A","#N/A",Medium,"#N/A",New,Subject_hrhri,"#N/A","#N/A","#N/A","#N/A","#N/A"
99dc709f-a3d0-4fb4-92e6-ee21943e16d0,"#N/A","#N/A",false,Web,"#N/A","#N/A",Medium,"#N/A",New,Subject_dbxee,"#N/A","#N/A","#N/A","#N/A","#N/A"
99e05f78-cdc7-42eb-a7cb-ee5540d2b8f6,"#N/A","#N/A",false,Web,"#N/A","#N/A",Medium,"#N/A",New,Subject_bbpmw,"#N/A","#N/A","#N/A","#N/A","#N/A"
99e0b7a1-4c20-4c3c-9a5f-6bb133f2bc5c,"#N/A","#N/A",false,Web,"#N/A","#N/A",Medium,"#N/A",New,Subject_rhatb,"#N/A","#N/A","#N/A","#N/A","#N/A"
99e0e002-8e0c-4f60-bc78-059620df49e7,"#N/A","#N/A",false,Web,"#N/A","#N/A",Medium,"#N/A",New,Subject_encnv,"#N/A","#N/A","#N/A","#N/A","#N/A"
99e1b6f1-d0db-4d03-89c5-768fda598782,"#N/A","#N/A",false,Web,"#N/A","#N/A",Medium,"#N/A",New,Subject_mupxt,"#N/A","#N/A","#N/A","#N/A","#N/A"
99e47b6c-4762-49d5-be5a-81f1a39f3113,"#N/A","#N/A",false,Web,"#N/A","#N/A",Medium,"#N/A",New,Subject_fihms,"#N/A","#N/A","#N/A","#N/A","#N/A"
99e564de-52b6-4ef1-9ad8-8c1697438ccc,"#N/A","#N/A",false,Web,"#N/A","#N/A",Medium,"#N/A",New,Subject_hlgno,"#N/A","#N/A","#N/A","#N/A","#N/A"
99e67c96-15e5-4b69-98fd-b80dfd5aea64,"#N/A","#N/A",false,Web,"#N/A","#N/A",Medium,"#N/A",New,Subject_cuxtc,"#N/A","#N/A","#N/A","#N/A","#N/A"
99e968ea-7432-4d66-bac6-5e93837168a1,"#N/A","#N/A",false,Web,"#N/A","#N/A",Medium,"#N/A",New,Subject_cnlhr,"#N/A","#N/A","#N/A","#N/A","#N/A"
99eb3750-7df3-4c2f-85f9-21671f3b738f,"#N/A","#N/A",false,Web,"#N/A","#N/A",Medium,"#N/A",New,Subject_hyfkj,"#N/A","#N/A","#N/A","#N/A","#N/A"
99ece950-19a6-464d-b073-efceaa2c561e,"#N/A","#N/A",false,Web,"#N/A","#N/A",Medium,"#N/A",New,Subject_hfxdf,"#N/A","#N/A","#N/A","#N/A","#N/A"
99f1d92c-20d5-45b2-9af9-79670a0376d2,"#N/A","#N/A",false,Web,"#N/A","#N/A",Medium,"#N/A",New,Subject_fuvvx,"#N/A","#N/A","#N/A","#N/A","#N/A"
99f2dccb-ef66-49c0-96eb-5e517d22d2f1,"#N/A","#N/A",false,Web,"#N/A","#N/A",Medium,"#N/A",New,Subject_ljcww,"#N/A","#N/A","#N/A","#N/A","#N/A"
99fbb5dd-c331-41c4-97d1-f0cee0f9339f,"#N/A","#N/A",false,Web,"#N/A","#N/A",Medium,"#N/A",New,Subject_qupyr,"#N/A","#N/A","#N/A","#N/A","#N/A"
99fc66be-fb7e-4838-b5a5-61e4891b84fa,"#N/A","#N/A",false,Web,"#N/A","#N/A",Medium,"#N/A",New,Subject_qpqxv,"#N/A","#N/A","#N/A","#N/A","#N/A"
99fc9e37-5a18-4b43-8df2-5c89663374d7,"#N/A","#N/A",false,Web,"#N/A","#N/A",Medium,"#N/A",New,Subject_ygsbg,"#N/A","#N/A","#N/A","#N/A","#N/A"
99fd0306-3971-4e30-83e1-bc6250808be5,"#N/A","#N/A",false,Web,"#N/A","#N/A",Medium,"#N/A",New,Subject_pzxdg,"#N/A","#N/A","#N/A","#N/A","#N/A"
99fd12f7-df1c-4e35-96fc-0edb26409035,"#N/A","#N/A",false,Web,"#N/A","#N/A",Medium,"#N/A",New,Subject_itmgd,"#N/A","#N/A","#N/A","#N/A","#N/A"
9a006e77-194c-40cd-a437-db81f1db15fe,"#N/A","#N/A",false,Web,"#N/A","#N/A",Medium,"#N/A",New,Subject_dteab,"#N/A","#N/A","#N/A","#N/A","#N/A"
9a07d225-7e52-403b-bea2-bd10e89b0e28,"#N/A","#N/A",false,Web,"#N/A","#N/A",Medium,"#N/A",New,Subject_tnedl,"#N/A","#N/A","#N/A","#N/A","#N/A"
9a07d9dc-bc88-4bd7-8766-3a05e91d0d25,"#N/A","#N/A",false,Web,"#N/A","#N/A",Medium,"#N/A",New,Subject_yiwcg,"#N/A","#N/A","#N/A","#N/A","#N/A"
9a0baa8e-b2e5-4475-b2f3-3e727ae94588,"#N/A","#N/A",false,Web,"#N/A","#N/A",Medium,"#N/A",New,Subject_ryujr,"#N/A","#N/A","#N/A","#N/A","#N/A"
9a11744f-0ece-4622-a5b1-75dfb93b58b1,"#N/A","#N/A",false,Web,"#N/A","#N/A",Medium,"#N/A",New,Subject_hosfr,"#N/A","#N/A","#N/A","#N/A","#N/A"
9a12e746-6d8b-4cc5-ad27-6a7fd035a341,"#N/A","#N/A",false,Web,"#N/A","#N/A",Medium,"#N/A",New,Subject_zlzzx,"#N/A","#N/A","#N/A","#N/A","#N/A"
9a16d722-4551-4b3e-9e6b-80b847811cd3,"#N/A","#N/A",false,Web,"#N/A","#N/A",Medium,"#N/A",New,Subject_ecaiq,"#N/A","#N/A","#N/A","#N/A","#N/A"
9a1c049e-7737-40a1-92fc-504da8f35fbf,"#N/A","#N/A",false,Web,"#N/A","#N/A",Medium,"#N/A",New,Subject_zrkdo,"#N/A","#N/A","#N/A","#N/A","#N/A"
9a1ca147-0337-4756-9229-f0bfbdbb9eb9,"#N/A","#N/A",false,Web,"#N/A","#N/A",Medium,"#N/A",New,Subject_qmdgp,"#N/A","#N/A","#N/A","#N/A","#N/A"
9a1d13d0-a0e4-4e95-93b2-878e1bbeb403,"#N/A","#N/A",false,Web,"#N/A","#N/A",Medium,"#N/A",New,Subject_lhldk,"#N/A","#N/A","#N/A","#N/A","#N/A"
9a201df6-1dde-4a22-81a2-5fd5235cc706,"#N/A","#N/A",false,Web,"#N/A","#N/A",Medium,"#N/A",New,Subject_gfftw,"#N/A","#N/A","#N/A","#N/A","#N/A"
9a2175a1-5c9f-46c4-8633-9181a5246325,"#N/A","#N/A",false,Web,"#N/A","#N/A",Medium,"#N/A",New,Subject_zgxku,"#N/A","#N/A","#N/A","#N/A","#N/A"
9a23eb7f-00dc-4c66-8d24-ee37c584dbf5,"#N/A","#N/A",false,Web,"#N/A","#N/A",Medium,"#N/A",New,Subject_iawdg,"#N/A","#N/A","#N/A","#N/A","#N/A"
9a28ecaa-6b73-49fb-b71a-9c6e5227bf32,"#N/A","#N/A",false,Web,"#N/A","#N/A",Medium,"#N/A",New,Subject_ultja,"#N/A","#N/A","#N/A","#N/A","#N/A"
9a2e4ff5-5b8d-4b0b-bdcf-f12ed2015db8,"#N/A","#N/A",false,Web,"#N/A","#N/A",Medium,"#N/A",New,Subject_isuiu,"#N/A","#N/A","#N/A","#N/A","#N/A"
9a2fcf67-ffe1-4803-ada6-c61d9f2e8848,"#N/A","#N/A",false,Web,"#N/A","#N/A",Medium,"#N/A",New,Subject_rediu,"#N/A","#N/A","#N/A","#N/A","#N/A"
9a31d994-7dc5-4625-8c62-357b6c912cf6,"#N/A","#N/A",false,Web,"#N/A","#N/A",Medium,"#N/A",New,Subject_iksjq,"#N/A","#N/A","#N/A","#N/A","#N/A"
9a31ebae-ef89-444e-bcce-fea9df9cd905,"#N/A","#N/A",false,Web,"#N/A","#N/A",Medium,"#N/A",New,Subject_znysm,"#N/A","#N/A","#N/A","#N/A","#N/A"
9a33ff4e-c3d2-433e-97f9-11ccc24a57ca,"#N/A","#N/A",false,Web,"#N/A","#N/A",Medium,"#N/A",New,Subject_ebrff,"#N/A","#N/A","#N/A","#N/A","#N/A"
9a34fb6c-c591-4a61-bca0-3b2e27c15400,"#N/A","#N/A",false,Web,"#N/A","#N/A",Medium,"#N/A",New,Subject_jdfst,"#N/A","#N/A","#N/A","#N/A","#N/A"
9a389b5c-6b2f-482c-9066-58846cdf4d85,"#N/A","#N/A",false,Web,"#N/A","#N/A",Medium,"#N/A",New,Subject_osonm,"#N/A","#N/A","#N/A","#N/A","#N/A"
9a40b84b-9139-444b-af55-8f5d2f6053ff,"#N/A","#N/A",false,Web,"#N/A","#N/A",Medium,"#N/A",New,Subject_vprju,"#N/A","#N/A","#N/A","#N/A","#N/A"
9a42ba6d-25bb-4e90-9c15-4383b2e4f9f5,"#N/A","#N/A",false,Web,"#N/A","#N/A",Medium,"#N/A",New,Subject_jkvgt,"#N/A","#N/A","#N/A","#N/A","#N/A"
9a43fb51-8549-42ed-9de4-8c25be539280,"#N/A","#N/A",false,Web,"#N/A","#N/A",Medium,"#N/A",New,Subject_ypakz,"#N/A","#N/A","#N/A","#N/A","#N/A"
9a4b5103-9d25-42f4-b4d4-51bfea6fc8f0,"#N/A","#N/A",false,Web,"#N/A","#N/A",Medium,"#N/A",New,Subject_tslgs,"#N/A","#N/A","#N/A","#N/A","#N/A"
9a4dc945-a93e-4c72-afa7-d95bc2897b5e,"#N/A","#N/A",false,Web,"#N/A","#N/A",Medium,"#N/A",New,Subject_bedkz,"#N/A","#N/A","#N/A","#N/A","#N/A"
9a515a37-8758-4787-9358-84f4df6bb7a3,"#N/A","#N/A",false,Web,"#N/A","#N/A",Medium,"#N/A",New,Subject_lrlhj,"#N/A","#N/A","#N/A","#N/A","#N/A"
9a51e645-c26e-4b43-b82e-0e8bec98be94,"#N/A","#N/A",false,Web,"#N/A","#N/A",Medium,"#N/A",New,Subject_raunu,"#N/A","#N/A","#N/A","#N/A","#N/A"
9a5580e8-e492-48e0-a2f6-1e5462045cfa,"#N/A","#N/A",false,Web,"#N/A","#N/A",Medium,"#N/A",New,Subject_gkysa,"#N/A","#N/A","#N/A","#N/A","#N/A"
9a57baf9-a22a-4513-b228-47e56c9f8d1b,"#N/A","#N/A",false,Web,"#N/A","#N/A",Medium,"#N/A",New,Subject_ogwye,"#N/A","#N/A","#N/A","#N/A","#N/A"
9a58d970-eec0-40a8-9728-366fd1704b5d,"#N/A","#N/A",false,Web,"#N/A","#N/A",Medium,"#N/A",New,Subject_pqtjm,"#N/A","#N/A","#N/A","#N/A","#N/A"
9a59a30a-6613-4c33-a8b1-7cc7e9564d2e,"#N/A","#N/A",false,Web,"#N/A","#N/A",Medium,"#N/A",New,Subject_qbpvs,"#N/A","#N/A","#N/A","#N/A","#N/A"
9a59db51-32ba-477a-a232-dbf6f3414202,"#N/A","#N/A",false,Web,"#N/A","#N/A",Medium,"#N/A",New,Subject_ikluc,"#N/A","#N/A","#N/A","#N/A","#N/A"
9a5d2d7a-bc6d-4ca8-b84c-bc5bcdd4da74,"#N/A","#N/A",false,Web,"#N/A","#N/A",Medium,"#N/A",New,Subject_rglma,"#N/A","#N/A","#N/A","#N/A","#N/A"
9a5d4950-a5bc-4add-8777-9180ae65de95,"#N/A","#N/A",false,Web,"#N/A","#N/A",Medium,"#N/A",New,Subject_cudqf,"#N/A","#N/A","#N/A","#N/A","#N/A"
9a61085e-625b-4218-957e-9506f00ba4de,"#N/A","#N/A",false,Web,"#N/A","#N/A",Medium,"#N/A",New,Subject_nugkw,"#N/A","#N/A","#N/A","#N/A","#N/A"
9a67bb0a-210b-47d8-be06-f1b2cac4c63f,"#N/A","#N/A",false,Web,"#N/A","#N/A",Medium,"#N/A",New,Subject_fjhzx,"#N/A","#N/A","#N/A","#N/A","#N/A"
9a69e3a2-207d-4c3c-9a3c-83ba2037ad55,"#N/A","#N/A",false,Web,"#N/A","#N/A",Medium,"#N/A",New,Subject_bdqgs,"#N/A","#N/A","#N/A","#N/A","#N/A"
9a6b0d9e-7c73-40f6-9c6a-96390b0d108d,"#N/A","#N/A",false,Web,"#N/A","#N/A",Medium,"#N/A",New,Subject_nsjnx,"#N/A","#N/A","#N/A","#N/A","#N/A"
9a6d8a06-0163-48d0-8ad0-3a0d5ae92421,"#N/A","#N/A",false,Web,"#N/A","#N/A",Medium,"#N/A",New,Subject_rywby,"#N/A","#N/A","#N/A","#N/A","#N/A"
9a6ec8d5-bd64-460f-ae78-00e23c987a52,"#N/A","#N/A",false,Web,"#N/A","#N/A",Medium,"#N/A",New,Subject_zsied,"#N/A","#N/A","#N/A","#N/A","#N/A"
9a6fbc26-1a52-4292-8fbb-71879232cd50,"#N/A","#N/A",false,Web,"#N/A","#N/A",Medium,"#N/A",New,Subject_gqlzs,"#N/A","#N/A","#N/A","#N/A","#N/A"
9a724257-6058-414c-9ce0-fd74951a3156,"#N/A","#N/A",false,Web,"#N/A","#N/A",Medium,"#N/A",New,Subject_vuktg,"#N/A","#N/A","#N/A","#N/A","#N/A"
9a780dbe-3795-420c-917d-3a401bca2e2f,"#N/A","#N/A",false,Web,"#N/A","#N/A",Medium,"#N/A",New,Subject_nkpte,"#N/A","#N/A","#N/A","#N/A","#N/A"
9a7afc05-be93-4c45-ab47-7d76a82f411d,"#N/A","#N/A",false,Web,"#N/A","#N/A",Medium,"#N/A",New,Subject_eudjf,"#N/A","#N/A","#N/A","#N/A","#N/A"
9a81891e-2701-4021-a8ca-8927d5b40b19,"#N/A","#N/A",false,Web,"#N/A","#N/A",Medium,"#N/A",New,Subject_ynowy,"#N/A","#N/A","#N/A","#N/A","#N/A"
9a83ed74-fe83-4761-8098-5cd4c93b4617,"#N/A","#N/A",false,Web,"#N/A","#N/A",Medium,"#N/A",New,Subject_yxlgu,"#N/A","#N/A","#N/A","#N/A","#N/A"
9a8586ee-ddfd-4fca-96d9-e4df552dfcdf,"#N/A","#N/A",false,Web,"#N/A","#N/A",Medium,"#N/A",New,Subject_zewzc,"#N/A","#N/A","#N/A","#N/A","#N/A"
9a8613a7-9886-4ad8-a971-8eaf09691f64,"#N/A","#N/A",false,Web,"#N/A","#N/A",Medium,"#N/A",New,Subject_sygbg,"#N/A","#N/A","#N/A","#N/A","#N/A"
9a869a05-d8b1-4022-9182-31b6a3cb5cb6,"#N/A","#N/A",false,Web,"#N/A","#N/A",Medium,"#N/A",New,Subject_zimmu,"#N/A","#N/A","#N/A","#N/A","#N/A"
9a89bc3e-f4b5-4c48-a438-5e8fad31c332,"#N/A","#N/A",false,Web,"#N/A","#N/A",Medium,"#N/A",New,Subject_tajqa,"#N/A","#N/A","#N/A","#N/A","#N/A"
9a90355b-8db2-41a0-8e9e-ae1ce863dee8,"#N/A","#N/A",false,Web,"#N/A","#N/A",Medium,"#N/A",New,Subject_lwnbo,"#N/A","#N/A","#N/A","#N/A","#N/A"
9a91dfc1-a150-44da-85db-876fd7db258b,"#N/A","#N/A",false,Web,"#N/A","#N/A",Medium,"#N/A",New,Subject_ycabx,"#N/A","#N/A","#N/A","#N/A","#N/A"
9a959c03-b46a-431e-92ef-762ff0a45f44,"#N/A","#N/A",false,Web,"#N/A","#N/A",Medium,"#N/A",New,Subject_othxw,"#N/A","#N/A","#N/A","#N/A","#N/A"
9a959ed3-4684-4e30-9547-1af27415f0d2,"#N/A","#N/A",false,Web,"#N/A","#N/A",Medium,"#N/A",New,Subject_bseqm,"#N/A","#N/A","#N/A","#N/A","#N/A"
9a95d541-7772-43bf-9064-22058a39fa72,"#N/A","#N/A",false,Web,"#N/A","#N/A",Medium,"#N/A",New,Subject_rhmex,"#N/A","#N/A","#N/A","#N/A","#N/A"
9a9728ee-3ede-4af6-9be0-babbefcc9098,"#N/A","#N/A",false,Web,"#N/A","#N/A",Medium,"#N/A",New,Subject_ijsrj,"#N/A","#N/A","#N/A","#N/A","#N/A"
9a994bcc-36e8-4dc9-be25-c37cb27d56b7,"#N/A","#N/A",false,Web,"#N/A","#N/A",Medium,"#N/A",New,Subject_huwzc,"#N/A","#N/A","#N/A","#N/A","#N/A"
9a9bafb7-10a5-40e5-ad81-b5c33749ee78,"#N/A","#N/A",false,Web,"#N/A","#N/A",Medium,"#N/A",New,Subject_mgcut,"#N/A","#N/A","#N/A","#N/A","#N/A"
9a9c4a7c-c64e-43c1-b0dc-f49033c93f4c,"#N/A","#N/A",false,Web,"#N/A","#N/A",Medium,"#N/A",New,Subject_nxldi,"#N/A","#N/A","#N/A","#N/A","#N/A"
9a9dd1e8-311b-4dd7-a305-fa389bd7115b,"#N/A","#N/A",false,Web,"#N/A","#N/A",Medium,"#N/A",New,Subject_vsefr,"#N/A","#N/A","#N/A","#N/A","#N/A"
9a9ed535-e603-4773-b697-169ffd0a1342,"#N/A","#N/A",false,Web,"#N/A","#N/A",Medium,"#N/A",New,Subject_nwmmo,"#N/A","#N/A","#N/A","#N/A","#N/A"
9aa0a6b0-a760-4876-aa73-d03fa756a515,"#N/A","#N/A",false,Web,"#N/A","#N/A",Medium,"#N/A",New,Subject_qhhnc,"#N/A","#N/A","#N/A","#N/A","#N/A"
9aa0a810-a9e2-4a5b-b983-8162768f378e,"#N/A","#N/A",false,Web,"#N/A","#N/A",Medium,"#N/A",New,Subject_qcdab,"#N/A","#N/A","#N/A","#N/A","#N/A"
9aa0d4e3-41d1-4df4-ba91-7e386b8b336e,"#N/A","#N/A",false,Web,"#N/A","#N/A",Medium,"#N/A",New,Subject_nhock,"#N/A","#N/A","#N/A","#N/A","#N/A"
9aa10712-57ae-466b-ab45-3f8dc9be47d5,"#N/A","#N/A",false,Web,"#N/A","#N/A",Medium,"#N/A",New,Subject_oclht,"#N/A","#N/A","#N/A","#N/A","#N/A"
9aa372da-33d9-458f-bef4-e06c4035ff7d,"#N/A","#N/A",false,Web,"#N/A","#N/A",Medium,"#N/A",New,Subject_kjqzt,"#N/A","#N/A","#N/A","#N/A","#N/A"
9aa4242f-7045-4366-9dff-f237fdfc7fe0,"#N/A","#N/A",false,Web,"#N/A","#N/A",Medium,"#N/A",New,Subject_zymor,"#N/A","#N/A","#N/A","#N/A","#N/A"
9aa42fe7-1420-4088-8143-674e90abb194,"#N/A","#N/A",false,Web,"#N/A","#N/A",Medium,"#N/A",New,Subject_inlkb,"#N/A","#N/A","#N/A","#N/A","#N/A"
9aa44cbe-5212-4789-93f6-13ea101eb326,"#N/A","#N/A",false,Web,"#N/A","#N/A",Medium,"#N/A",New,Subject_cuona,"#N/A","#N/A","#N/A","#N/A","#N/A"
9aa4d82c-7fae-438a-900a-54b21a61f55a,"#N/A","#N/A",false,Web,"#N/A","#N/A",Medium,"#N/A",New,Subject_nmptx,"#N/A","#N/A","#N/A","#N/A","#N/A"
9aa789a0-58a8-4bdc-afbf-03b6d6118c8e,"#N/A","#N/A",false,Web,"#N/A","#N/A",Medium,"#N/A",New,Subject_pbzjr,"#N/A","#N/A","#N/A","#N/A","#N/A"
9aa8884a-de82-4daf-aad8-b818ebcfea7a,"#N/A","#N/A",false,Web,"#N/A","#N/A",Medium,"#N/A",New,Subject_ahiuv,"#N/A","#N/A","#N/A","#N/A","#N/A"
9aa9f5db-4983-46a9-9558-d0854709cbbf,"#N/A","#N/A",false,Web,"#N/A","#N/A",Medium,"#N/A",New,Subject_ysofi,"#N/A","#N/A","#N/A","#N/A","#N/A"
9aac8ecd-d1da-4775-974f-0e453edb500d,"#N/A","#N/A",false,Web,"#N/A","#N/A",Medium,"#N/A",New,Subject_bkfze,"#N/A","#N/A","#N/A","#N/A","#N/A"
9aadb94d-f553-4688-a551-7bcde427ad74,"#N/A","#N/A",false,Web,"#N/A","#N/A",Medium,"#N/A",New,Subject_vzwwd,"#N/A","#N/A","#N/A","#N/A","#N/A"
9ab583e1-3fd5-4571-9b75-730bea436f26,"#N/A","#N/A",false,Web,"#N/A","#N/A",Medium,"#N/A",New,Subject_uvbwe,"#N/A","#N/A","#N/A","#N/A","#N/A"
9ab6d53c-76ab-4850-885d-150cbe0c27fe,"#N/A","#N/A",false,Web,"#N/A","#N/A",Medium,"#N/A",New,Subject_rccpz,"#N/A","#N/A","#N/A","#N/A","#N/A"
9ab7df5e-9bc7-41cf-8f5c-4cec211ee7e1,"#N/A","#N/A",false,Web,"#N/A","#N/A",Medium,"#N/A",New,Subject_oypob,"#N/A","#N/A","#N/A","#N/A","#N/A"
9abdf7e8-29cd-4dc1-afc9-0add2e4a8bab,"#N/A","#N/A",false,Web,"#N/A","#N/A",Medium,"#N/A",New,Subject_bvooy,"#N/A","#N/A","#N/A","#N/A","#N/A"
9ac36700-7809-452b-9910-b6a77cec6d46,"#N/A","#N/A",false,Web,"#N/A","#N/A",Medium,"#N/A",New,Subject_tjdzl,"#N/A","#N/A","#N/A","#N/A","#N/A"
9ac56908-e1c1-4a29-8b79-36fd7933b299,"#N/A","#N/A",false,Web,"#N/A","#N/A",Medium,"#N/A",New,Subject_zywme,"#N/A","#N/A","#N/A","#N/A","#N/A"
9acac9ba-7cb5-42a6-9600-7891fec7413e,"#N/A","#N/A",false,Web,"#N/A","#N/A",Medium,"#N/A",New,Subject_wpsdw,"#N/A","#N/A","#N/A","#N/A","#N/A"
9acc13d3-5952-46c1-babb-ce23be4261a9,"#N/A","#N/A",false,Web,"#N/A","#N/A",Medium,"#N/A",New,Subject_izjar,"#N/A","#N/A","#N/A","#N/A","#N/A"
9ad3dda9-8509-4247-98c0-9b092467ce60,"#N/A","#N/A",false,Web,"#N/A","#N/A",Medium,"#N/A",New,Subject_yhfsz,"#N/A","#N/A","#N/A","#N/A","#N/A"
9ad8761d-1241-45a1-8ce0-19f8bbc788ac,"#N/A","#N/A",false,Web,"#N/A","#N/A",Medium,"#N/A",New,Subject_drfbn,"#N/A","#N/A","#N/A","#N/A","#N/A"
9adb8aaf-7fee-4eeb-8f91-d06035391d53,"#N/A","#N/A",false,Web,"#N/A","#N/A",Medium,"#N/A",New,Subject_obphk,"#N/A","#N/A","#N/A","#N/A","#N/A"
9addd6f2-72f7-4cb4-a0ab-c21a1df3b65c,"#N/A","#N/A",false,Web,"#N/A","#N/A",Medium,"#N/A",New,Subject_yuqkb,"#N/A","#N/A","#N/A","#N/A","#N/A"
9ae167e3-a660-47f1-bd58-420dfd92c2fc,"#N/A","#N/A",false,Web,"#N/A","#N/A",Medium,"#N/A",New,Subject_sztdu,"#N/A","#N/A","#N/A","#N/A","#N/A"
9ae4bf04-07ea-4c68-a204-ba46cb864177,"#N/A","#N/A",false,Web,"#N/A","#N/A",Medium,"#N/A",New,Subject_elgkj,"#N/A","#N/A","#N/A","#N/A","#N/A"
9ae5d891-702c-4b7d-9afd-0ea6c1e4a05a,"#N/A","#N/A",false,Web,"#N/A","#N/A",Medium,"#N/A",New,Subject_uxaxw,"#N/A","#N/A","#N/A","#N/A","#N/A"
9ae87887-8b7d-47b3-9137-41d23eef3649,"#N/A","#N/A",false,Web,"#N/A","#N/A",Medium,"#N/A",New,Subject_qqfio,"#N/A","#N/A","#N/A","#N/A","#N/A"
9af083d1-cfdb-4c16-9dc7-e52512938752,"#N/A","#N/A",false,Web,"#N/A","#N/A",Medium,"#N/A",New,Subject_sisvk,"#N/A","#N/A","#N/A","#N/A","#N/A"
9af2393d-4d40-4921-a01c-6ff2b9767daa,"#N/A","#N/A",false,Web,"#N/A","#N/A",Medium,"#N/A",New,Subject_olmzv,"#N/A","#N/A","#N/A","#N/A","#N/A"
9af5d982-a14e-4ac9-87c0-7eec2741f305,"#N/A","#N/A",false,Web,"#N/A","#N/A",Medium,"#N/A",New,Subject_stkux,"#N/A","#N/A","#N/A","#N/A","#N/A"
9af6ffd4-4fd6-4897-9e3c-e8865ebbd61c,"#N/A","#N/A",false,Web,"#N/A","#N/A",Medium,"#N/A",New,Subject_hkwye,"#N/A","#N/A","#N/A","#N/A","#N/A"
9aff6897-9791-4757-ad88-772ffb551d44,"#N/A","#N/A",false,Web,"#N/A","#N/A",Medium,"#N/A",New,Subject_uvlpt,"#N/A","#N/A","#N/A","#N/A","#N/A"
9affe62a-9e06-4cb6-9133-713f7a4e79bf,"#N/A","#N/A",false,Web,"#N/A","#N/A",Medium,"#N/A",New,Subject_mickh,"#N/A","#N/A","#N/A","#N/A","#N/A"
9b01eb61-aaf3-4809-9278-8fd00a67ba8a,"#N/A","#N/A",false,Web,"#N/A","#N/A",Medium,"#N/A",New,Subject_fotdv,"#N/A","#N/A","#N/A","#N/A","#N/A"
9b038a23-4f24-46ed-a6d1-160f4888156f,"#N/A","#N/A",false,Web,"#N/A","#N/A",Medium,"#N/A",New,Subject_lvqrd,"#N/A","#N/A","#N/A","#N/A","#N/A"
9b0815cf-cfa7-47af-86bb-c71ddf8580a1,"#N/A","#N/A",false,Web,"#N/A","#N/A",Medium,"#N/A",New,Subject_yuguw,"#N/A","#N/A","#N/A","#N/A","#N/A"
9b08b8cc-3744-46fc-8ec1-31e696c01274,"#N/A","#N/A",false,Web,"#N/A","#N/A",Medium,"#N/A",New,Subject_fvdza,"#N/A","#N/A","#N/A","#N/A","#N/A"
9b0921ce-c24e-4751-90ef-b699d5fcbe3b,"#N/A","#N/A",false,Web,"#N/A","#N/A",Medium,"#N/A",New,Subject_eurcr,"#N/A","#N/A","#N/A","#N/A","#N/A"
9b0a606b-65f6-44cd-bca0-e55937c3d991,"#N/A","#N/A",false,Web,"#N/A","#N/A",Medium,"#N/A",New,Subject_akpty,"#N/A","#N/A","#N/A","#N/A","#N/A"
9b0a7e6f-a1f2-476a-aa3e-42c91f7f9eba,"#N/A","#N/A",false,Web,"#N/A","#N/A",Medium,"#N/A",New,Subject_dqkco,"#N/A","#N/A","#N/A","#N/A","#N/A"
9b105574-ba9e-45a6-9f61-cd8f8387c73a,"#N/A","#N/A",false,Web,"#N/A","#N/A",Medium,"#N/A",New,Subject_iagna,"#N/A","#N/A","#N/A","#N/A","#N/A"
9b12ed2f-4a7d-4db4-9a6f-6d772c3647cd,"#N/A","#N/A",false,Web,"#N/A","#N/A",Medium,"#N/A",New,Subject_lmbke,"#N/A","#N/A","#N/A","#N/A","#N/A"
9b13e69d-d9ba-4caa-ba2d-f06e006eed13,"#N/A","#N/A",false,Web,"#N/A","#N/A",Medium,"#N/A",New,Subject_kcrfa,"#N/A","#N/A","#N/A","#N/A","#N/A"
9b156456-89b7-4da5-a635-40cc7499bfd7,"#N/A","#N/A",false,Web,"#N/A","#N/A",Medium,"#N/A",New,Subject_pfvgq,"#N/A","#N/A","#N/A","#N/A","#N/A"
9b1720a7-1f39-434b-a72e-58f6a965b04c,"#N/A","#N/A",false,Web,"#N/A","#N/A",Medium,"#N/A",New,Subject_xuarj,"#N/A","#N/A","#N/A","#N/A","#N/A"
9b17d690-b4c5-4e0b-aa25-f6a9bcd0eae2,"#N/A","#N/A",false,Web,"#N/A","#N/A",Medium,"#N/A",New,Subject_qflyo,"#N/A","#N/A","#N/A","#N/A","#N/A"
9b1acbf2-3c7d-4d0f-a7a7-9c82ac4b2805,"#N/A","#N/A",false,Web,"#N/A","#N/A",Medium,"#N/A",New,Subject_jcmcd,"#N/A","#N/A","#N/A","#N/A","#N/A"
9b1b05c7-da61-4bde-a254-13d18b03b109,"#N/A","#N/A",false,Web,"#N/A","#N/A",Medium,"#N/A",New,Subject_gaajk,"#N/A","#N/A","#N/A","#N/A","#N/A"
9b200af8-7b16-4da8-8e89-c26a32c63215,"#N/A","#N/A",false,Web,"#N/A","#N/A",Medium,"#N/A",New,Subject_mogeh,"#N/A","#N/A","#N/A","#N/A","#N/A"
9b2712b8-0783-45eb-96da-67c4ec8e2b14,"#N/A","#N/A",false,Web,"#N/A","#N/A",Medium,"#N/A",New,Subject_vqvzh,"#N/A","#N/A","#N/A","#N/A","#N/A"
9b27d63d-0fe0-4e35-a257-be4a8a6f03bd,"#N/A","#N/A",false,Web,"#N/A","#N/A",Medium,"#N/A",New,Subject_fvzqp,"#N/A","#N/A","#N/A","#N/A","#N/A"
9b2868a2-e2bd-49c8-a361-4906d61927c6,"#N/A","#N/A",false,Web,"#N/A","#N/A",Medium,"#N/A",New,Subject_daydk,"#N/A","#N/A","#N/A","#N/A","#N/A"
9b2b7187-9f23-41d4-83d4-06eab3c3b6a2,"#N/A","#N/A",false,Web,"#N/A","#N/A",Medium,"#N/A",New,Subject_jiiay,"#N/A","#N/A","#N/A","#N/A","#N/A"
9b331d9b-06c8-49f8-8bf0-2ab951fd53f3,"#N/A","#N/A",false,Web,"#N/A","#N/A",Medium,"#N/A",New,Subject_eywbu,"#N/A","#N/A","#N/A","#N/A","#N/A"
9b3419f7-e29d-4cfd-8e68-3c3f3798378f,"#N/A","#N/A",false,Web,"#N/A","#N/A",Medium,"#N/A",New,Subject_tmxga,"#N/A","#N/A","#N/A","#N/A","#N/A"
9b350305-83b6-4b87-ac30-06ad7bce0cf2,"#N/A","#N/A",false,Web,"#N/A","#N/A",Medium,"#N/A",New,Subject_nerdp,"#N/A","#N/A","#N/A","#N/A","#N/A"
9b359453-e4a3-47f5-84af-1f8de7cb2eec,"#N/A","#N/A",false,Web,"#N/A","#N/A",Medium,"#N/A",New,Subject_rksmr,"#N/A","#N/A","#N/A","#N/A","#N/A"
9b386d11-d7d0-4086-bba8-2bf2934fe522,"#N/A","#N/A",false,Web,"#N/A","#N/A",Medium,"#N/A",New,Subject_jtzle,"#N/A","#N/A","#N/A","#N/A","#N/A"
9b3ef71f-6eff-4a04-af97-5bb2cc57dd1b,"#N/A","#N/A",false,Web,"#N/A","#N/A",Medium,"#N/A",New,Subject_txpls,"#N/A","#N/A","#N/A","#N/A","#N/A"
9b40f6f8-0dbf-4416-a7f5-d4cc40c5849e,"#N/A","#N/A",false,Web,"#N/A","#N/A",Medium,"#N/A",New,Subject_vlhif,"#N/A","#N/A","#N/A","#N/A","#N/A"
9b43c34c-91bc-433f-9beb-ea737b764c0e,"#N/A","#N/A",false,Web,"#N/A","#N/A",Medium,"#N/A",New,Subject_wogql,"#N/A","#N/A","#N/A","#N/A","#N/A"
9b459d22-55d2-4c3a-8eee-d1a0337da5f5,"#N/A","#N/A",false,Web,"#N/A","#N/A",Medium,"#N/A",New,Subject_nfuov,"#N/A","#N/A","#N/A","#N/A","#N/A"
9b49b1d0-9b70-43c1-b2fe-1c8d443b7817,"#N/A","#N/A",false,Web,"#N/A","#N/A",Medium,"#N/A",New,Subject_sxfdv,"#N/A","#N/A","#N/A","#N/A","#N/A"
9b4ab08a-39f3-44ef-aef9-ce6230254667,"#N/A","#N/A",false,Web,"#N/A","#N/A",Medium,"#N/A",New,Subject_xrgoj,"#N/A","#N/A","#N/A","#N/A","#N/A"
9b4b7e6d-da9b-4862-8534-b131a21e602c,"#N/A","#N/A",false,Web,"#N/A","#N/A",Medium,"#N/A",New,Subject_xdoos,"#N/A","#N/A","#N/A","#N/A","#N/A"
9b50144c-bc54-4492-8aa2-32ebc43b2e2e,"#N/A","#N/A",false,Web,"#N/A","#N/A",Medium,"#N/A",New,Subject_sipvf,"#N/A","#N/A","#N/A","#N/A","#N/A"
9b52980e-d2e8-4c04-9ac2-9d9b833b2a6b,"#N/A","#N/A",false,Web,"#N/A","#N/A",Medium,"#N/A",New,Subject_nnzap,"#N/A","#N/A","#N/A","#N/A","#N/A"
9b5307ae-b769-4f36-b204-464874b3fb98,"#N/A","#N/A",false,Web,"#N/A","#N/A",Medium,"#N/A",New,Subject_xmwvf,"#N/A","#N/A","#N/A","#N/A","#N/A"
9b58d71b-a2cc-4647-b86a-6d524135aac9,"#N/A","#N/A",false,Web,"#N/A","#N/A",Medium,"#N/A",New,Subject_vrllc,"#N/A","#N/A","#N/A","#N/A","#N/A"
9b5a8856-fce0-46d0-8fa3-a32bffdbf967,"#N/A","#N/A",false,Web,"#N/A","#N/A",Medium,"#N/A",New,Subject_jntdu,"#N/A","#N/A","#N/A","#N/A","#N/A"
9b5b3f9d-6385-4188-8581-6f8a3c75623e,"#N/A","#N/A",false,Web,"#N/A","#N/A",Medium,"#N/A",New,Subject_hztco,"#N/A","#N/A","#N/A","#N/A","#N/A"
9b5b937e-c670-49f8-bc64-cca719cec702,"#N/A","#N/A",false,Web,"#N/A","#N/A",Medium,"#N/A",New,Subject_ytbck,"#N/A","#N/A","#N/A","#N/A","#N/A"
9b606b67-f314-4f10-840c-0f596d77111d,"#N/A","#N/A",false,Web,"#N/A","#N/A",Medium,"#N/A",New,Subject_dtdwc,"#N/A","#N/A","#N/A","#N/A","#N/A"
9b6ab843-1ece-4896-ac03-04c284d4547c,"#N/A","#N/A",false,Web,"#N/A","#N/A",Medium,"#N/A",New,Subject_mnfbw,"#N/A","#N/A","#N/A","#N/A","#N/A"
9b6ce64f-6a34-4cf1-9409-9b7fad41b0a7,"#N/A","#N/A",false,Web,"#N/A","#N/A",Medium,"#N/A",New,Subject_yoxqb,"#N/A","#N/A","#N/A","#N/A","#N/A"
9b70aee1-107f-4d35-8d28-6d56106f7daa,"#N/A","#N/A",false,Web,"#N/A","#N/A",Medium,"#N/A",New,Subject_bpmiz,"#N/A","#N/A","#N/A","#N/A","#N/A"
9b72ee3d-ca0d-43f4-9da0-62722141a9eb,"#N/A","#N/A",false,Web,"#N/A","#N/A",Medium,"#N/A",New,Subject_afvpg,"#N/A","#N/A","#N/A","#N/A","#N/A"
9b7dccca-0a56-4f73-9873-c3202cbaec87,"#N/A","#N/A",false,Web,"#N/A","#N/A",Medium,"#N/A",New,Subject_ipgmm,"#N/A","#N/A","#N/A","#N/A","#N/A"
9b8292f5-558e-4742-8091-2a206303b4bf,"#N/A","#N/A",false,Web,"#N/A","#N/A",Medium,"#N/A",New,Subject_hrlph,"#N/A","#N/A","#N/A","#N/A","#N/A"
9b83a233-c255-4e08-b3bc-efc18c9182a7,"#N/A","#N/A",false,Web,"#N/A","#N/A",Medium,"#N/A",New,Subject_uzqtw,"#N/A","#N/A","#N/A","#N/A","#N/A"
9b85e5eb-2991-4ee5-a7e2-6984c5ccdfa5,"#N/A","#N/A",false,Web,"#N/A","#N/A",Medium,"#N/A",New,Subject_ovbig,"#N/A","#N/A","#N/A","#N/A","#N/A"
9b86cbca-2957-4122-840b-77a496b7e1da,"#N/A","#N/A",false,Web,"#N/A","#N/A",Medium,"#N/A",New,Subject_anvwr,"#N/A","#N/A","#N/A","#N/A","#N/A"
9b885880-4a88-4fb7-800b-bf83e8876a74,"#N/A","#N/A",false,Web,"#N/A","#N/A",Medium,"#N/A",New,Subject_cfang,"#N/A","#N/A","#N/A","#N/A","#N/A"
9b9199a1-8494-4a7b-aa9f-d477658e00ac,"#N/A","#N/A",false,Web,"#N/A","#N/A",Medium,"#N/A",New,Subject_kzhjs,"#N/A","#N/A","#N/A","#N/A","#N/A"
9b9e826b-f357-4c5f-9f64-c0249ec92d95,"#N/A","#N/A",false,Web,"#N/A","#N/A",Medium,"#N/A",New,Subject_tfwek,"#N/A","#N/A","#N/A","#N/A","#N/A"
9ba026c4-4896-466d-a963-268fd67be8fa,"#N/A","#N/A",false,Web,"#N/A","#N/A",Medium,"#N/A",New,Subject_rxkbf,"#N/A","#N/A","#N/A","#N/A","#N/A"
9ba1631a-bd0b-41d4-8580-7881a7dd59b2,"#N/A","#N/A",false,Web,"#N/A","#N/A",Medium,"#N/A",New,Subject_nnsun,"#N/A","#N/A","#N/A","#N/A","#N/A"
9ba2e62c-4475-4841-8497-7140d8d72a11,"#N/A","#N/A",false,Web,"#N/A","#N/A",Medium,"#N/A",New,Subject_kstqp,"#N/A","#N/A","#N/A","#N/A","#N/A"
9ba3bc5b-6923-4815-ab2a-d4851652e5a5,"#N/A","#N/A",false,Web,"#N/A","#N/A",Medium,"#N/A",New,Subject_kcuci,"#N/A","#N/A","#N/A","#N/A","#N/A"
9ba73089-a5f4-4d18-b2c3-84e1d526a273,"#N/A","#N/A",false,Web,"#N/A","#N/A",Medium,"#N/A",New,Subject_salob,"#N/A","#N/A","#N/A","#N/A","#N/A"
9bb16606-629a-4891-8ecf-019b4e953627,"#N/A","#N/A",false,Web,"#N/A","#N/A",Medium,"#N/A",New,Subject_lxokn,"#N/A","#N/A","#N/A","#N/A","#N/A"
9bb265a7-8f07-4d0b-a5f9-f5b82758a993,"#N/A","#N/A",false,Web,"#N/A","#N/A",Medium,"#N/A",New,Subject_ketmx,"#N/A","#N/A","#N/A","#N/A","#N/A"
9bb453d4-50a9-4020-ac7e-1a7e4a4d4227,"#N/A","#N/A",false,Web,"#N/A","#N/A",Medium,"#N/A",New,Subject_ogxea,"#N/A","#N/A","#N/A","#N/A","#N/A"
9bb5d6d1-f986-4e37-b874-ec04e77e956d,"#N/A","#N/A",false,Web,"#N/A","#N/A",Medium,"#N/A",New,Subject_hwmjz,"#N/A","#N/A","#N/A","#N/A","#N/A"
9bb67be5-c5a1-467a-b6e5-05341b3638fd,"#N/A","#N/A",false,Web,"#N/A","#N/A",Medium,"#N/A",New,Subject_kwcth,"#N/A","#N/A","#N/A","#N/A","#N/A"
9bb7896f-8860-4cdb-9c5f-539533ba93f1,"#N/A","#N/A",false,Web,"#N/A","#N/A",Medium,"#N/A",New,Subject_vysqf,"#N/A","#N/A","#N/A","#N/A","#N/A"
9bbdba7b-5cab-43a0-8f79-c29b6f8e2482,"#N/A","#N/A",false,Web,"#N/A","#N/A",Medium,"#N/A",New,Subject_ljeep,"#N/A","#N/A","#N/A","#N/A","#N/A"
9bbea69c-05fc-4280-a9ef-d47488721b5d,"#N/A","#N/A",false,Web,"#N/A","#N/A",Medium,"#N/A",New,Subject_wjpel,"#N/A","#N/A","#N/A","#N/A","#N/A"
9bc328b2-488f-4229-b81e-214253c473d2,"#N/A","#N/A",false,Web,"#N/A","#N/A",Medium,"#N/A",New,Subject_zcxqf,"#N/A","#N/A","#N/A","#N/A","#N/A"
9bc6688d-1043-4138-b4dc-4206d928ae02,"#N/A","#N/A",false,Web,"#N/A","#N/A",Medium,"#N/A",New,Subject_slofn,"#N/A","#N/A","#N/A","#N/A","#N/A"
9bcc531e-d232-40e1-beae-a846300204d3,"#N/A","#N/A",false,Web,"#N/A","#N/A",Medium,"#N/A",New,Subject_ngszw,"#N/A","#N/A","#N/A","#N/A","#N/A"
9bce9a85-786e-4812-ac68-afdb1e68eccb,"#N/A","#N/A",false,Web,"#N/A","#N/A",Medium,"#N/A",New,Subject_hxtkb,"#N/A","#N/A","#N/A","#N/A","#N/A"
9bcf199a-68ed-4a3a-afe4-d39137dfb414,"#N/A","#N/A",false,Web,"#N/A","#N/A",Medium,"#N/A",New,Subject_ctotf,"#N/A","#N/A","#N/A","#N/A","#N/A"
9bcfd250-f76e-4b31-9d74-32efb0e6b926,"#N/A","#N/A",false,Web,"#N/A","#N/A",Medium,"#N/A",New,Subject_npwxp,"#N/A","#N/A","#N/A","#N/A","#N/A"
9bd0d106-bcfb-4980-8598-f4a41711745f,"#N/A","#N/A",false,Web,"#N/A","#N/A",Medium,"#N/A",New,Subject_qcfkc,"#N/A","#N/A","#N/A","#N/A","#N/A"
9bd23894-70b0-48c3-8759-727a45c1cd2a,"#N/A","#N/A",false,Web,"#N/A","#N/A",Medium,"#N/A",New,Subject_mnlsm,"#N/A","#N/A","#N/A","#N/A","#N/A"
9bd340f4-c13b-42e8-a0ab-3b1039d8a040,"#N/A","#N/A",false,Web,"#N/A","#N/A",Medium,"#N/A",New,Subject_yvuvg,"#N/A","#N/A","#N/A","#N/A","#N/A"
9bd3454e-906e-4ec1-8ad6-f9c8c11bdee7,"#N/A","#N/A",false,Web,"#N/A","#N/A",Medium,"#N/A",New,Subject_ysxxb,"#N/A","#N/A","#N/A","#N/A","#N/A"
9bd3e401-19b0-4822-9ee5-8ed8e05933d7,"#N/A","#N/A",false,Web,"#N/A","#N/A",Medium,"#N/A",New,Subject_riypt,"#N/A","#N/A","#N/A","#N/A","#N/A"
9bd84c01-e42d-4ead-9f2d-c1a8adc98a47,"#N/A","#N/A",false,Web,"#N/A","#N/A",Medium,"#N/A",New,Subject_iwsno,"#N/A","#N/A","#N/A","#N/A","#N/A"
9bda80bb-e9cb-4891-a2e1-6e2a2d761743,"#N/A","#N/A",false,Web,"#N/A","#N/A",Medium,"#N/A",New,Subject_jibkm,"#N/A","#N/A","#N/A","#N/A","#N/A"
9bdad8d8-7b1f-4a39-8877-da2635bd0ecf,"#N/A","#N/A",false,Web,"#N/A","#N/A",Medium,"#N/A",New,Subject_ftxam,"#N/A","#N/A","#N/A","#N/A","#N/A"
9be04309-d669-4308-ba1e-837d79edcf64,"#N/A","#N/A",false,Web,"#N/A","#N/A",Medium,"#N/A",New,Subject_zkbzq,"#N/A","#N/A","#N/A","#N/A","#N/A"
9be279a0-65bd-4977-9808-b1dfb69bcbc1,"#N/A","#N/A",false,Web,"#N/A","#N/A",Medium,"#N/A",New,Subject_sipky,"#N/A","#N/A","#N/A","#N/A","#N/A"
9beab18e-b474-4be8-8b3d-a1738bfba65e,"#N/A","#N/A",false,Web,"#N/A","#N/A",Medium,"#N/A",New,Subject_gtkov,"#N/A","#N/A","#N/A","#N/A","#N/A"
9bedb35a-ac57-4a14-b711-e68894a0fef5,"#N/A","#N/A",false,Web,"#N/A","#N/A",Medium,"#N/A",New,Subject_zpvrh,"#N/A","#N/A","#N/A","#N/A","#N/A"
9bf29e67-4c4f-425d-846f-1edb6156624d,"#N/A","#N/A",false,Web,"#N/A","#N/A",Medium,"#N/A",New,Subject_koomq,"#N/A","#N/A","#N/A","#N/A","#N/A"
9bf55ba2-43eb-4b16-8c7f-c16c0f5ab90f,"#N/A","#N/A",false,Web,"#N/A","#N/A",Medium,"#N/A",New,Subject_fhdha,"#N/A","#N/A","#N/A","#N/A","#N/A"
9bfbe597-55f7-427a-9517-fc6c8e6e744d,"#N/A","#N/A",false,Web,"#N/A","#N/A",Medium,"#N/A",New,Subject_mayto,"#N/A","#N/A","#N/A","#N/A","#N/A"
9bfc95f5-44c4-44f8-8fa5-0d50ddf5285f,"#N/A","#N/A",false,Web,"#N/A","#N/A",Medium,"#N/A",New,Subject_mybeh,"#N/A","#N/A","#N/A","#N/A","#N/A"
9bfe3fe3-8b55-4186-b7f6-2b1eb2b0ee5d,"#N/A","#N/A",false,Web,"#N/A","#N/A",Medium,"#N/A",New,Subject_jylge,"#N/A","#N/A","#N/A","#N/A","#N/A"
9c014cec-ba34-4b28-aa67-30a77bdf7107,"#N/A","#N/A",false,Web,"#N/A","#N/A",Medium,"#N/A",New,Subject_rwhpw,"#N/A","#N/A","#N/A","#N/A","#N/A"
9c05df61-4160-47e0-9fc5-91162b65c264,"#N/A","#N/A",false,Web,"#N/A","#N/A",Medium,"#N/A",New,Subject_otewg,"#N/A","#N/A","#N/A","#N/A","#N/A"
9c0a2545-6b3d-4809-9b6b-ca1837dd9148,"#N/A","#N/A",false,Web,"#N/A","#N/A",Medium,"#N/A",New,Subject_hdsxa,"#N/A","#N/A","#N/A","#N/A","#N/A"
9c0c751c-3f64-4d8f-a954-3e9545905937,"#N/A","#N/A",false,Web,"#N/A","#N/A",Medium,"#N/A",New,Subject_vdxbj,"#N/A","#N/A","#N/A","#N/A","#N/A"
9c0dd564-d36a-4880-8bce-92744a6255b9,"#N/A","#N/A",false,Web,"#N/A","#N/A",Medium,"#N/A",New,Subject_rhexo,"#N/A","#N/A","#N/A","#N/A","#N/A"
9c1353cb-7088-4f24-91a1-56aad9cd5c88,"#N/A","#N/A",false,Web,"#N/A","#N/A",Medium,"#N/A",New,Subject_omcfv,"#N/A","#N/A","#N/A","#N/A","#N/A"
9c149ff9-e2c6-450c-9da2-2be9e2771d97,"#N/A","#N/A",false,Web,"#N/A","#N/A",Medium,"#N/A",New,Subject_gglld,"#N/A","#N/A","#N/A","#N/A","#N/A"
9c15b768-c64d-4c9d-9d85-7af695a61e44,"#N/A","#N/A",false,Web,"#N/A","#N/A",Medium,"#N/A",New,Subject_noitc,"#N/A","#N/A","#N/A","#N/A","#N/A"
9c167226-7b75-4ce0-8e9c-5f6933879952,"#N/A","#N/A",false,Web,"#N/A","#N/A",Medium,"#N/A",New,Subject_ggcqd,"#N/A","#N/A","#N/A","#N/A","#N/A"
9c1b8661-1c81-4891-ac50-f1b2fcf14fd9,"#N/A","#N/A",false,Web,"#N/A","#N/A",Medium,"#N/A",New,Subject_zikyv,"#N/A","#N/A","#N/A","#N/A","#N/A"
9c1cd659-8ac7-48ac-bff4-5e1d99166b27,"#N/A","#N/A",false,Web,"#N/A","#N/A",Medium,"#N/A",New,Subject_ybrwe,"#N/A","#N/A","#N/A","#N/A","#N/A"
9c2c8161-cbfc-4746-98a6-3d1c086ba7bb,"#N/A","#N/A",false,Web,"#N/A","#N/A",Medium,"#N/A",New,Subject_rlsif,"#N/A","#N/A","#N/A","#N/A","#N/A"
9c2c82a8-da23-4775-bcf4-bc4e3f57ebe0,"#N/A","#N/A",false,Web,"#N/A","#N/A",Medium,"#N/A",New,Subject_xylpa,"#N/A","#N/A","#N/A","#N/A","#N/A"
9c31c8b0-4aa7-495e-9080-ba3216216c5a,"#N/A","#N/A",false,Web,"#N/A","#N/A",Medium,"#N/A",New,Subject_kgfpu,"#N/A","#N/A","#N/A","#N/A","#N/A"
9c34198d-b44a-4ee5-9ec5-17f8bcdbb0d7,"#N/A","#N/A",false,Web,"#N/A","#N/A",Medium,"#N/A",New,Subject_ytiqf,"#N/A","#N/A","#N/A","#N/A","#N/A"
9c36563e-6795-45a5-b465-85f94d7a6568,"#N/A","#N/A",false,Web,"#N/A","#N/A",Medium,"#N/A",New,Subject_umzit,"#N/A","#N/A","#N/A","#N/A","#N/A"
9c38a75f-128b-4276-bfcf-e62dfcde9cd0,"#N/A","#N/A",false,Web,"#N/A","#N/A",Medium,"#N/A",New,Subject_bmihh,"#N/A","#N/A","#N/A","#N/A","#N/A"
9c3ad441-cbab-46bb-afbe-ffd5e776375f,"#N/A","#N/A",false,Web,"#N/A","#N/A",Medium,"#N/A",New,Subject_exgcj,"#N/A","#N/A","#N/A","#N/A","#N/A"
9c3f9486-8918-4002-90b7-a6b5b4f1c23c,"#N/A","#N/A",false,Web,"#N/A","#N/A",Medium,"#N/A",New,Subject_ncesa,"#N/A","#N/A","#N/A","#N/A","#N/A"
9c40808c-825d-48fa-b56c-9575eff775a7,"#N/A","#N/A",false,Web,"#N/A","#N/A",Medium,"#N/A",New,Subject_ldxfz,"#N/A","#N/A","#N/A","#N/A","#N/A"
9c4147fa-92d5-4d7f-b265-9b994c23e5ce,"#N/A","#N/A",false,Web,"#N/A","#N/A",Medium,"#N/A",New,Subject_rcywm,"#N/A","#N/A","#N/A","#N/A","#N/A"
9c44e980-eff3-4df1-955f-60326e562800,"#N/A","#N/A",false,Web,"#N/A","#N/A",Medium,"#N/A",New,Subject_vhrno,"#N/A","#N/A","#N/A","#N/A","#N/A"
9c48960d-5c67-4d13-bdef-4fc29b34c1d1,"#N/A","#N/A",false,Web,"#N/A","#N/A",Medium,"#N/A",New,Subject_fevqk,"#N/A","#N/A","#N/A","#N/A","#N/A"
9c493b13-489c-4a55-ae9e-82daed31950a,"#N/A","#N/A",false,Web,"#N/A","#N/A",Medium,"#N/A",New,Subject_jucve,"#N/A","#N/A","#N/A","#N/A","#N/A"
9c4a6e03-0aa8-4bc3-a41c-bc05bfea2332,"#N/A","#N/A",false,Web,"#N/A","#N/A",Medium,"#N/A",New,Subject_ogiaq,"#N/A","#N/A","#N/A","#N/A","#N/A"
9c4bcdc8-e3a3-4e3d-9db4-a00ad75b2e1d,"#N/A","#N/A",false,Web,"#N/A","#N/A",Medium,"#N/A",New,Subject_wojxd,"#N/A","#N/A","#N/A","#N/A","#N/A"
9c4c2a2f-2e94-4b0e-b33e-c73279d667b1,"#N/A","#N/A",false,Web,"#N/A","#N/A",Medium,"#N/A",New,Subject_qvjiy,"#N/A","#N/A","#N/A","#N/A","#N/A"
9c4ea4df-486d-496e-8c47-0063b5b98c9e,"#N/A","#N/A",false,Web,"#N/A","#N/A",Medium,"#N/A",New,Subject_pvouw,"#N/A","#N/A","#N/A","#N/A","#N/A"
9c5161a1-942a-4aa5-9c2b-3b29a7578574,"#N/A","#N/A",false,Web,"#N/A","#N/A",Medium,"#N/A",New,Subject_xxuso,"#N/A","#N/A","#N/A","#N/A","#N/A"
9c55196a-edae-4036-9de6-c74d1c8d0de9,"#N/A","#N/A",false,Web,"#N/A","#N/A",Medium,"#N/A",New,Subject_xpqma,"#N/A","#N/A","#N/A","#N/A","#N/A"
9c56de3c-db83-4ca0-b49b-94f73bb9068f,"#N/A","#N/A",false,Web,"#N/A","#N/A",Medium,"#N/A",New,Subject_fymuc,"#N/A","#N/A","#N/A","#N/A","#N/A"
9c57d723-5c0c-4ea0-9f31-5cd207732e07,"#N/A","#N/A",false,Web,"#N/A","#N/A",Medium,"#N/A",New,Subject_ydovf,"#N/A","#N/A","#N/A","#N/A","#N/A"
9c5906ac-7f56-42f9-8670-135bf1b1dca4,"#N/A","#N/A",false,Web,"#N/A","#N/A",Medium,"#N/A",New,Subject_frmmp,"#N/A","#N/A","#N/A","#N/A","#N/A"
9c5b7b61-e5d0-4854-8cad-0d949f6217b8,"#N/A","#N/A",false,Web,"#N/A","#N/A",Medium,"#N/A",New,Subject_lvxdg,"#N/A","#N/A","#N/A","#N/A","#N/A"
9c5fecf2-ca91-4514-99ad-5718bca147a2,"#N/A","#N/A",false,Web,"#N/A","#N/A",Medium,"#N/A",New,Subject_wgxhk,"#N/A","#N/A","#N/A","#N/A","#N/A"
9c605843-7e96-433d-bb49-820f8b3a0eee,"#N/A","#N/A",false,Web,"#N/A","#N/A",Medium,"#N/A",New,Subject_axnqs,"#N/A","#N/A","#N/A","#N/A","#N/A"
9c64221c-057f-4018-9934-7f356ff915d3,"#N/A","#N/A",false,Web,"#N/A","#N/A",Medium,"#N/A",New,Subject_fnzar,"#N/A","#N/A","#N/A","#N/A","#N/A"
9c6811ef-60e5-44d4-b48d-45f36383374f,"#N/A","#N/A",false,Web,"#N/A","#N/A",Medium,"#N/A",New,Subject_tsswx,"#N/A","#N/A","#N/A","#N/A","#N/A"
9c6c787a-0be1-42cf-b0be-0d77c9bdb9cc,"#N/A","#N/A",false,Web,"#N/A","#N/A",Medium,"#N/A",New,Subject_kpnjv,"#N/A","#N/A","#N/A","#N/A","#N/A"
9c6d0567-63f7-4206-ab7a-04374301596b,"#N/A","#N/A",false,Web,"#N/A","#N/A",Medium,"#N/A",New,Subject_aneln,"#N/A","#N/A","#N/A","#N/A","#N/A"
9c6f2b36-bf3e-4b5f-a572-c1b8e0a523bb,"#N/A","#N/A",false,Web,"#N/A","#N/A",Medium,"#N/A",New,Subject_bswxr,"#N/A","#N/A","#N/A","#N/A","#N/A"
9c71ca13-16cf-41b7-a2b2-6b5eb7189398,"#N/A","#N/A",false,Web,"#N/A","#N/A",Medium,"#N/A",New,Subject_xchcw,"#N/A","#N/A","#N/A","#N/A","#N/A"
9c73b7e5-af4a-43a4-8ab0-c9bca2ae702b,"#N/A","#N/A",false,Web,"#N/A","#N/A",Medium,"#N/A",New,Subject_rexii,"#N/A","#N/A","#N/A","#N/A","#N/A"
9c74a203-4aa3-4307-b89d-d69293215b8d,"#N/A","#N/A",false,Web,"#N/A","#N/A",Medium,"#N/A",New,Subject_yvvkl,"#N/A","#N/A","#N/A","#N/A","#N/A"
9c767dc1-009a-4295-bb30-22f1d951e24c,"#N/A","#N/A",false,Web,"#N/A","#N/A",Medium,"#N/A",New,Subject_htqqy,"#N/A","#N/A","#N/A","#N/A","#N/A"
9c7fdcb3-fad2-4d8e-babf-f757e3073ca4,"#N/A","#N/A",false,Web,"#N/A","#N/A",Medium,"#N/A",New,Subject_siusz,"#N/A","#N/A","#N/A","#N/A","#N/A"
9c853012-a8c0-4a7a-86e2-c6be43182355,"#N/A","#N/A",false,Web,"#N/A","#N/A",Medium,"#N/A",New,Subject_fovqt,"#N/A","#N/A","#N/A","#N/A","#N/A"
9c86e730-ce94-47d3-b3ca-7a101122df36,"#N/A","#N/A",false,Web,"#N/A","#N/A",Medium,"#N/A",New,Subject_mtfdj,"#N/A","#N/A","#N/A","#N/A","#N/A"
9c8b1b33-eb2f-42c1-896b-b2de80def123,"#N/A","#N/A",false,Web,"#N/A","#N/A",Medium,"#N/A",New,Subject_cjzju,"#N/A","#N/A","#N/A","#N/A","#N/A"
9c8b30dd-879a-4608-a9a2-2255289c04c7,"#N/A","#N/A",false,Web,"#N/A","#N/A",Medium,"#N/A",New,Subject_wjkby,"#N/A","#N/A","#N/A","#N/A","#N/A"
9c8bf5ac-7aa6-4c41-b177-adf4a16e25f1,"#N/A","#N/A",false,Web,"#N/A","#N/A",Medium,"#N/A",New,Subject_nchoi,"#N/A","#N/A","#N/A","#N/A","#N/A"
9c8cdcd7-0f6f-4ee9-9405-bdf3483be138,"#N/A","#N/A",false,Web,"#N/A","#N/A",Medium,"#N/A",New,Subject_rbttt,"#N/A","#N/A","#N/A","#N/A","#N/A"
9c8df9b3-bcd3-4d83-8d7b-c47dd4baab3a,"#N/A","#N/A",false,Web,"#N/A","#N/A",Medium,"#N/A",New,Subject_olnkn,"#N/A","#N/A","#N/A","#N/A","#N/A"
9c912923-8862-4ee3-96c4-985e965db939,"#N/A","#N/A",false,Web,"#N/A","#N/A",Medium,"#N/A",New,Subject_qehgo,"#N/A","#N/A","#N/A","#N/A","#N/A"
9c9145fa-ca53-4408-b047-50bbbb7835d7,"#N/A","#N/A",false,Web,"#N/A","#N/A",Medium,"#N/A",New,Subject_xudin,"#N/A","#N/A","#N/A","#N/A","#N/A"
9c9465a1-3028-4dc6-b545-dda2fd1ad225,"#N/A","#N/A",false,Web,"#N/A","#N/A",Medium,"#N/A",New,Subject_fntdn,"#N/A","#N/A","#N/A","#N/A","#N/A"
9c94f600-a3bd-49f2-8817-6a77d4e9b99c,"#N/A","#N/A",false,Web,"#N/A","#N/A",Medium,"#N/A",New,Subject_nsbtm,"#N/A","#N/A","#N/A","#N/A","#N/A"
9c94fe72-3597-4ee4-8cef-7e9a3bea82db,"#N/A","#N/A",false,Web,"#N/A","#N/A",Medium,"#N/A",New,Subject_nqrxh,"#N/A","#N/A","#N/A","#N/A","#N/A"
9c9d8fc9-4f72-496a-aac6-75efe9c978f0,"#N/A","#N/A",false,Web,"#N/A","#N/A",Medium,"#N/A",New,Subject_izynf,"#N/A","#N/A","#N/A","#N/A","#N/A"
9ca115ba-293b-44bb-9b73-ba51c11f7117,"#N/A","#N/A",false,Web,"#N/A","#N/A",Medium,"#N/A",New,Subject_kzqsp,"#N/A","#N/A","#N/A","#N/A","#N/A"
9ca14b0e-14c1-4b9a-ad69-5d2bf565c679,"#N/A","#N/A",false,Web,"#N/A","#N/A",Medium,"#N/A",New,Subject_pyaai,"#N/A","#N/A","#N/A","#N/A","#N/A"
9ca5bcef-af45-4d2e-a35f-9e7477a9efe0,"#N/A","#N/A",false,Web,"#N/A","#N/A",Medium,"#N/A",New,Subject_gtxzo,"#N/A","#N/A","#N/A","#N/A","#N/A"
9ca81bbc-089c-4378-9a38-a009d8352018,"#N/A","#N/A",false,Web,"#N/A","#N/A",Medium,"#N/A",New,Subject_gkccr,"#N/A","#N/A","#N/A","#N/A","#N/A"
9caaac71-e235-45e2-bcb9-f1dd8cacb542,"#N/A","#N/A",false,Web,"#N/A","#N/A",Medium,"#N/A",New,Subject_ifvol,"#N/A","#N/A","#N/A","#N/A","#N/A"
9cb3ecfa-dae1-4405-a84a-577f386585cb,"#N/A","#N/A",false,Web,"#N/A","#N/A",Medium,"#N/A",New,Subject_shqvw,"#N/A","#N/A","#N/A","#N/A","#N/A"
9cbcbf50-f309-4ea4-b3be-2486f766305e,"#N/A","#N/A",false,Web,"#N/A","#N/A",Medium,"#N/A",New,Subject_anumd,"#N/A","#N/A","#N/A","#N/A","#N/A"
9cbcdfab-58b6-4a09-aaf0-adf25d6bd2d4,"#N/A","#N/A",false,Web,"#N/A","#N/A",Medium,"#N/A",New,Subject_wgrlj,"#N/A","#N/A","#N/A","#N/A","#N/A"
9cbffed2-8365-496e-a140-3b4f8007023f,"#N/A","#N/A",false,Web,"#N/A","#N/A",Medium,"#N/A",New,Subject_zglwh,"#N/A","#N/A","#N/A","#N/A","#N/A"
9cc0f17a-1f0a-4cb2-add2-6d1add8092ca,"#N/A","#N/A",false,Web,"#N/A","#N/A",Medium,"#N/A",New,Subject_vugnr,"#N/A","#N/A","#N/A","#N/A","#N/A"
9cc0fb0d-5af5-488b-9676-82c0e01c60e0,"#N/A","#N/A",false,Web,"#N/A","#N/A",Medium,"#N/A",New,Subject_jonqz,"#N/A","#N/A","#N/A","#N/A","#N/A"
9cc5be7a-2174-46fe-9b7d-c4e24223e4a5,"#N/A","#N/A",false,Web,"#N/A","#N/A",Medium,"#N/A",New,Subject_vsfmp,"#N/A","#N/A","#N/A","#N/A","#N/A"
9cc6b47e-3848-4d1f-b5b5-46247d538e92,"#N/A","#N/A",false,Web,"#N/A","#N/A",Medium,"#N/A",New,Subject_asjmt,"#N/A","#N/A","#N/A","#N/A","#N/A"
9ccaa1da-8e71-44db-8d56-f34821b202b2,"#N/A","#N/A",false,Web,"#N/A","#N/A",Medium,"#N/A",New,Subject_kmeky,"#N/A","#N/A","#N/A","#N/A","#N/A"
9ccbcc4e-c697-4321-8287-27eecb5212fb,"#N/A","#N/A",false,Web,"#N/A","#N/A",Medium,"#N/A",New,Subject_dmxxj,"#N/A","#N/A","#N/A","#N/A","#N/A"
9ccc778a-3a08-4802-a013-c792cb79a5bb,"#N/A","#N/A",false,Web,"#N/A","#N/A",Medium,"#N/A",New,Subject_rtjoc,"#N/A","#N/A","#N/A","#N/A","#N/A"
9ccc9cfc-632d-4905-b9a3-7da33cc84d69,"#N/A","#N/A",false,Web,"#N/A","#N/A",Medium,"#N/A",New,Subject_icpmi,"#N/A","#N/A","#N/A","#N/A","#N/A"
9cccddee-e22a-46d6-952b-16cced1ceb23,"#N/A","#N/A",false,Web,"#N/A","#N/A",Medium,"#N/A",New,Subject_bhwht,"#N/A","#N/A","#N/A","#N/A","#N/A"
9ccf72c6-e3d7-43a8-ad7d-85e1232d3f58,"#N/A","#N/A",false,Web,"#N/A","#N/A",Medium,"#N/A",New,Subject_ophxg,"#N/A","#N/A","#N/A","#N/A","#N/A"
9cd05f48-5ca1-4832-bdd1-4e47ec834635,"#N/A","#N/A",false,Web,"#N/A","#N/A",Medium,"#N/A",New,Subject_ufoco,"#N/A","#N/A","#N/A","#N/A","#N/A"
9cd146aa-990a-4bf5-a1ff-7f358629690a,"#N/A","#N/A",false,Web,"#N/A","#N/A",Medium,"#N/A",New,Subject_xigtl,"#N/A","#N/A","#N/A","#N/A","#N/A"
9cd17e53-8790-4fe1-865b-07314f83e4f8,"#N/A","#N/A",false,Web,"#N/A","#N/A",Medium,"#N/A",New,Subject_yczdl,"#N/A","#N/A","#N/A","#N/A","#N/A"
9cd829c4-5514-4841-85dd-021f98bd56b2,"#N/A","#N/A",false,Web,"#N/A","#N/A",Medium,"#N/A",New,Subject_gyybk,"#N/A","#N/A","#N/A","#N/A","#N/A"
9cd841b9-fd4d-4e3f-946f-7e2c2aa3a0cb,"#N/A","#N/A",false,Web,"#N/A","#N/A",Medium,"#N/A",New,Subject_owecs,"#N/A","#N/A","#N/A","#N/A","#N/A"
9cde9aea-59b9-403b-918e-6b7e42634a0e,"#N/A","#N/A",false,Web,"#N/A","#N/A",Medium,"#N/A",New,Subject_cdmok,"#N/A","#N/A","#N/A","#N/A","#N/A"
9ce28e16-d210-44b1-aca8-21ff773e3abe,"#N/A","#N/A",false,Web,"#N/A","#N/A",Medium,"#N/A",New,Subject_tysoq,"#N/A","#N/A","#N/A","#N/A","#N/A"
9ce74150-4457-4678-aa74-27586b00f724,"#N/A","#N/A",false,Web,"#N/A","#N/A",Medium,"#N/A",New,Subject_jyoes,"#N/A","#N/A","#N/A","#N/A","#N/A"
9ce7ecd8-8dd9-4900-a252-314d4b61f5d7,"#N/A","#N/A",false,Web,"#N/A","#N/A",Medium,"#N/A",New,Subject_gmveh,"#N/A","#N/A","#N/A","#N/A","#N/A"
9ce800a8-bf50-4516-a5aa-9d50de57b9ae,"#N/A","#N/A",false,Web,"#N/A","#N/A",Medium,"#N/A",New,Subject_scftp,"#N/A","#N/A","#N/A","#N/A","#N/A"
9ce8fa2d-a2dd-4857-8e02-24bb167646d9,"#N/A","#N/A",false,Web,"#N/A","#N/A",Medium,"#N/A",New,Subject_wuvlk,"#N/A","#N/A","#N/A","#N/A","#N/A"
9ce95edf-236c-44b3-939b-558eff06af09,"#N/A","#N/A",false,Web,"#N/A","#N/A",Medium,"#N/A",New,Subject_fqmeo,"#N/A","#N/A","#N/A","#N/A","#N/A"
9cedcc2f-c4f2-401f-a95a-318872bb7b04,"#N/A","#N/A",false,Web,"#N/A","#N/A",Medium,"#N/A",New,Subject_spova,"#N/A","#N/A","#N/A","#N/A","#N/A"
9cf33f52-90fa-448c-ae13-6bac78f42b07,"#N/A","#N/A",false,Web,"#N/A","#N/A",Medium,"#N/A",New,Subject_itdhr,"#N/A","#N/A","#N/A","#N/A","#N/A"
9cf4edf6-544b-4c91-ae31-affdcbabc183,"#N/A","#N/A",false,Web,"#N/A","#N/A",Medium,"#N/A",New,Subject_auvlw,"#N/A","#N/A","#N/A","#N/A","#N/A"
9cfa66a6-3c85-4733-85ef-53341996af90,"#N/A","#N/A",false,Web,"#N/A","#N/A",Medium,"#N/A",New,Subject_daqhf,"#N/A","#N/A","#N/A","#N/A","#N/A"
9cfb4d1d-b5f1-4dfd-ade9-331eb9f9db5e,"#N/A","#N/A",false,Web,"#N/A","#N/A",Medium,"#N/A",New,Subject_ynxph,"#N/A","#N/A","#N/A","#N/A","#N/A"
9cfcfa0d-05fc-4ea1-9bbb-e2fd8203b1de,"#N/A","#N/A",false,Web,"#N/A","#N/A",Medium,"#N/A",New,Subject_pfedu,"#N/A","#N/A","#N/A","#N/A","#N/A"
9cfdadf4-2c3d-43c7-ae5b-491f7da924f2,"#N/A","#N/A",false,Web,"#N/A","#N/A",Medium,"#N/A",New,Subject_pgubn,"#N/A","#N/A","#N/A","#N/A","#N/A"
9cfdf904-7571-44cf-9010-6ba6542ab2b8,"#N/A","#N/A",false,Web,"#N/A","#N/A",Medium,"#N/A",New,Subject_otrvn,"#N/A","#N/A","#N/A","#N/A","#N/A"
9d007f1c-5864-471e-b11e-4a9f2d97ed4d,"#N/A","#N/A",false,Web,"#N/A","#N/A",Medium,"#N/A",New,Subject_trrel,"#N/A","#N/A","#N/A","#N/A","#N/A"
9d02e68e-044f-483a-bcff-06f49509fd25,"#N/A","#N/A",false,Web,"#N/A","#N/A",Medium,"#N/A",New,Subject_kcddd,"#N/A","#N/A","#N/A","#N/A","#N/A"
9d056714-42a8-45d2-bbca-c441abb1138b,"#N/A","#N/A",false,Web,"#N/A","#N/A",Medium,"#N/A",New,Subject_ytqrk,"#N/A","#N/A","#N/A","#N/A","#N/A"
9d0a08a7-25d9-4753-b38c-22e32328120e,"#N/A","#N/A",false,Web,"#N/A","#N/A",Medium,"#N/A",New,Subject_bkkfq,"#N/A","#N/A","#N/A","#N/A","#N/A"
9d16044f-95f8-42c5-bfc0-e2cc8752d379,"#N/A","#N/A",false,Web,"#N/A","#N/A",Medium,"#N/A",New,Subject_nishs,"#N/A","#N/A","#N/A","#N/A","#N/A"
9d1728f7-8cb5-4dfa-9318-f35b6c134881,"#N/A","#N/A",false,Web,"#N/A","#N/A",Medium,"#N/A",New,Subject_qpobz,"#N/A","#N/A","#N/A","#N/A","#N/A"
9d1968c0-ef0d-49a7-aa96-ad106819bb2e,"#N/A","#N/A",false,Web,"#N/A","#N/A",Medium,"#N/A",New,Subject_wimrr,"#N/A","#N/A","#N/A","#N/A","#N/A"
9d1f03d2-c443-42f5-bf56-46ef1e76aff8,"#N/A","#N/A",false,Web,"#N/A","#N/A",Medium,"#N/A",New,Subject_qrbtf,"#N/A","#N/A","#N/A","#N/A","#N/A"
9d26d3ae-6fd4-4dfc-8a07-59aa584d7d3e,"#N/A","#N/A",false,Web,"#N/A","#N/A",Medium,"#N/A",New,Subject_kwdai,"#N/A","#N/A","#N/A","#N/A","#N/A"
9d26ef2c-ab5c-49a0-900c-5261a93eb23d,"#N/A","#N/A",false,Web,"#N/A","#N/A",Medium,"#N/A",New,Subject_dpqhq,"#N/A","#N/A","#N/A","#N/A","#N/A"
9d28b653-4a85-46d7-9e2e-faf78a3b7df7,"#N/A","#N/A",false,Web,"#N/A","#N/A",Medium,"#N/A",New,Subject_xjlbz,"#N/A","#N/A","#N/A","#N/A","#N/A"
9d2af12f-1ae1-4372-9f1d-1e85ba3c3ff3,"#N/A","#N/A",false,Web,"#N/A","#N/A",Medium,"#N/A",New,Subject_qrwff,"#N/A","#N/A","#N/A","#N/A","#N/A"
9d2bb8ce-8f0f-45e7-8a56-abcdcb4fa467,"#N/A","#N/A",false,Web,"#N/A","#N/A",Medium,"#N/A",New,Subject_loncg,"#N/A","#N/A","#N/A","#N/A","#N/A"
9d2d5a90-c39c-4ed9-8195-84112f36181f,"#N/A","#N/A",false,Web,"#N/A","#N/A",Medium,"#N/A",New,Subject_bwyhf,"#N/A","#N/A","#N/A","#N/A","#N/A"
9d2ece6f-eb19-4803-ae94-6bbe0ff36d21,"#N/A","#N/A",false,Web,"#N/A","#N/A",Medium,"#N/A",New,Subject_zuukp,"#N/A","#N/A","#N/A","#N/A","#N/A"
9d37d9f0-cfb6-43ae-9822-1fbdb25584af,"#N/A","#N/A",false,Web,"#N/A","#N/A",Medium,"#N/A",New,Subject_yucpd,"#N/A","#N/A","#N/A","#N/A","#N/A"
9d3deed7-4c3c-4aa8-8637-72bf31d8e226,"#N/A","#N/A",false,Web,"#N/A","#N/A",Medium,"#N/A",New,Subject_xhukl,"#N/A","#N/A","#N/A","#N/A","#N/A"
9d3f676d-5c69-47e7-90f7-3a62ea5f2f32,"#N/A","#N/A",false,Web,"#N/A","#N/A",Medium,"#N/A",New,Subject_xoloj,"#N/A","#N/A","#N/A","#N/A","#N/A"
9d3f8b25-c727-41d8-8d1a-3e64ae682fe3,"#N/A","#N/A",false,Web,"#N/A","#N/A",Medium,"#N/A",New,Subject_gykgp,"#N/A","#N/A","#N/A","#N/A","#N/A"
9d3f97b3-c737-4539-a7f5-0d8af9dd9591,"#N/A","#N/A",false,Web,"#N/A","#N/A",Medium,"#N/A",New,Subject_bgosm,"#N/A","#N/A","#N/A","#N/A","#N/A"
9d410bf1-be24-403b-b675-9bd3908448e9,"#N/A","#N/A",false,Web,"#N/A","#N/A",Medium,"#N/A",New,Subject_bwopu,"#N/A","#N/A","#N/A","#N/A","#N/A"
9d41eff6-5502-4ab4-85fb-4cb68e2a1c9a,"#N/A","#N/A",false,Web,"#N/A","#N/A",Medium,"#N/A",New,Subject_muzqw,"#N/A","#N/A","#N/A","#N/A","#N/A"
9d46a5b6-77f7-4df9-81f8-a356af976027,"#N/A","#N/A",false,Web,"#N/A","#N/A",Medium,"#N/A",New,Subject_nmexw,"#N/A","#N/A","#N/A","#N/A","#N/A"
9d495109-3844-4607-9b41-92236561a61a,"#N/A","#N/A",false,Web,"#N/A","#N/A",Medium,"#N/A",New,Subject_almyx,"#N/A","#N/A","#N/A","#N/A","#N/A"
9d4b786d-1ca5-43a3-a1c4-37494402380c,"#N/A","#N/A",false,Web,"#N/A","#N/A",Medium,"#N/A",New,Subject_zquxa,"#N/A","#N/A","#N/A","#N/A","#N/A"
9d4e9eb8-fadf-439f-9068-29e0ff26126a,"#N/A","#N/A",false,Web,"#N/A","#N/A",Medium,"#N/A",New,Subject_uqytc,"#N/A","#N/A","#N/A","#N/A","#N/A"
9d5853f3-4794-4cc4-8989-7e3606aed515,"#N/A","#N/A",false,Web,"#N/A","#N/A",Medium,"#N/A",New,Subject_weicl,"#N/A","#N/A","#N/A","#N/A","#N/A"
9d58f94a-0f24-459a-8647-d59ad95a6979,"#N/A","#N/A",false,Web,"#N/A","#N/A",Medium,"#N/A",New,Subject_qxgyb,"#N/A","#N/A","#N/A","#N/A","#N/A"
9d590ae5-50ab-46e6-bd2d-b27a75bb5e16,"#N/A","#N/A",false,Web,"#N/A","#N/A",Medium,"#N/A",New,Subject_cctmm,"#N/A","#N/A","#N/A","#N/A","#N/A"
9d5b3e0d-cb54-4e3a-a09b-268b97049c45,"#N/A","#N/A",false,Web,"#N/A","#N/A",Medium,"#N/A",New,Subject_phzbh,"#N/A","#N/A","#N/A","#N/A","#N/A"
9d5eb19b-bfdc-470a-9f3a-2e035ab271f9,"#N/A","#N/A",false,Web,"#N/A","#N/A",Medium,"#N/A",New,Subject_srmbh,"#N/A","#N/A","#N/A","#N/A","#N/A"
9d606e3e-0fef-4f91-9f41-d72257806cbf,"#N/A","#N/A",false,Web,"#N/A","#N/A",Medium,"#N/A",New,Subject_fwthd,"#N/A","#N/A","#N/A","#N/A","#N/A"
9d633c1f-1405-422b-9a26-a44cdd9ee33e,"#N/A","#N/A",false,Web,"#N/A","#N/A",Medium,"#N/A",New,Subject_imxbc,"#N/A","#N/A","#N/A","#N/A","#N/A"
9d6735a0-9472-42a5-9cc1-ca568e2f587a,"#N/A","#N/A",false,Web,"#N/A","#N/A",Medium,"#N/A",New,Subject_lqdrc,"#N/A","#N/A","#N/A","#N/A","#N/A"
9d6efbcb-c098-4f85-95e3-ade5fb8b5cca,"#N/A","#N/A",false,Web,"#N/A","#N/A",Medium,"#N/A",New,Subject_gcyub,"#N/A","#N/A","#N/A","#N/A","#N/A"
9d70b609-9ba4-4eb9-b1f4-b80f2e4a4210,"#N/A","#N/A",false,Web,"#N/A","#N/A",Medium,"#N/A",New,Subject_ufmzz,"#N/A","#N/A","#N/A","#N/A","#N/A"
9d74262a-3cba-43dc-8f7b-7d963fd2d32f,"#N/A","#N/A",false,Web,"#N/A","#N/A",Medium,"#N/A",New,Subject_dijys,"#N/A","#N/A","#N/A","#N/A","#N/A"
9d770352-e6a7-464c-9cce-bfbde6a544db,"#N/A","#N/A",false,Web,"#N/A","#N/A",Medium,"#N/A",New,Subject_uuost,"#N/A","#N/A","#N/A","#N/A","#N/A"
9d79a6dc-ee66-454e-81a9-163751165946,"#N/A","#N/A",false,Web,"#N/A","#N/A",Medium,"#N/A",New,Subject_oblfo,"#N/A","#N/A","#N/A","#N/A","#N/A"
9d7e9162-281b-4478-a119-8da9cc2e55e3,"#N/A","#N/A",false,Web,"#N/A","#N/A",Medium,"#N/A",New,Subject_wrnbb,"#N/A","#N/A","#N/A","#N/A","#N/A"
9d881668-348a-4cbe-af57-ad346b137322,"#N/A","#N/A",false,Web,"#N/A","#N/A",Medium,"#N/A",New,Subject_rhvop,"#N/A","#N/A","#N/A","#N/A","#N/A"
9d883baa-8847-4251-88a9-8fe01de46c5b,"#N/A","#N/A",false,Web,"#N/A","#N/A",Medium,"#N/A",New,Subject_bsral,"#N/A","#N/A","#N/A","#N/A","#N/A"
9d8ab7f0-00c8-4295-b633-237c64645a32,"#N/A","#N/A",false,Web,"#N/A","#N/A",Medium,"#N/A",New,Subject_qznef,"#N/A","#N/A","#N/A","#N/A","#N/A"
9d8b196a-70d6-4795-a017-e498e0d1ed2a,"#N/A","#N/A",false,Web,"#N/A","#N/A",Medium,"#N/A",New,Subject_kecii,"#N/A","#N/A","#N/A","#N/A","#N/A"
9d8c285d-9344-42a8-9a03-e37a68ddc764,"#N/A","#N/A",false,Web,"#N/A","#N/A",Medium,"#N/A",New,Subject_musiu,"#N/A","#N/A","#N/A","#N/A","#N/A"
9d979f23-4ccf-4006-ba4e-4164bb3791d8,"#N/A","#N/A",false,Web,"#N/A","#N/A",Medium,"#N/A",New,Subject_vfnek,"#N/A","#N/A","#N/A","#N/A","#N/A"
9da11cdb-ee91-4238-bbc4-a76f9f124fd5,"#N/A","#N/A",false,Web,"#N/A","#N/A",Medium,"#N/A",New,Subject_nmptx,"#N/A","#N/A","#N/A","#N/A","#N/A"
9da6ffbb-a64a-4315-a3e7-05baa46ec30e,"#N/A","#N/A",false,Web,"#N/A","#N/A",Medium,"#N/A",New,Subject_uusyk,"#N/A","#N/A","#N/A","#N/A","#N/A"
9da74f2e-9a90-4da4-bc59-4445bcaca775,"#N/A","#N/A",false,Web,"#N/A","#N/A",Medium,"#N/A",New,Subject_ucuus,"#N/A","#N/A","#N/A","#N/A","#N/A"
9da9ff9b-eca0-4aef-92da-a30bd88da922,"#N/A","#N/A",false,Web,"#N/A","#N/A",Medium,"#N/A",New,Subject_tfdrq,"#N/A","#N/A","#N/A","#N/A","#N/A"
9dabb324-9838-4b8b-afcf-1e428fade70d,"#N/A","#N/A",false,Web,"#N/A","#N/A",Medium,"#N/A",New,Subject_ypias,"#N/A","#N/A","#N/A","#N/A","#N/A"
9dad0a36-e773-4bbb-b68e-9cb5547c1118,"#N/A","#N/A",false,Web,"#N/A","#N/A",Medium,"#N/A",New,Subject_shoqe,"#N/A","#N/A","#N/A","#N/A","#N/A"
9dad9dc4-e7c7-4831-acd0-3adb9b8d0ac6,"#N/A","#N/A",false,Web,"#N/A","#N/A",Medium,"#N/A",New,Subject_deslc,"#N/A","#N/A","#N/A","#N/A","#N/A"
9db0237f-bf52-4563-bdfa-099e3b6be676,"#N/A","#N/A",false,Web,"#N/A","#N/A",Medium,"#N/A",New,Subject_slrji,"#N/A","#N/A","#N/A","#N/A","#N/A"
9db0bc70-9603-4e8f-905c-b742e365afce,"#N/A","#N/A",false,Web,"#N/A","#N/A",Medium,"#N/A",New,Subject_xpcbk,"#N/A","#N/A","#N/A","#N/A","#N/A"
9db2ae03-60df-4707-b4d2-43788874794b,"#N/A","#N/A",false,Web,"#N/A","#N/A",Medium,"#N/A",New,Subject_djids,"#N/A","#N/A","#N/A","#N/A","#N/A"
9db500f3-4d9f-42d0-a3f1-56788c8d8478,"#N/A","#N/A",false,Web,"#N/A","#N/A",Medium,"#N/A",New,Subject_fcoyb,"#N/A","#N/A","#N/A","#N/A","#N/A"
9db72205-bddb-40a9-888f-d1ae4cb5b014,"#N/A","#N/A",false,Web,"#N/A","#N/A",Medium,"#N/A",New,Subject_ixwhb,"#N/A","#N/A","#N/A","#N/A","#N/A"
9db82726-2129-4ca6-93e8-4b7e34099e8b,"#N/A","#N/A",false,Web,"#N/A","#N/A",Medium,"#N/A",New,Subject_vtbbx,"#N/A","#N/A","#N/A","#N/A","#N/A"
9dba86d3-171a-4dbd-b05c-3a92c0aea534,"#N/A","#N/A",false,Web,"#N/A","#N/A",Medium,"#N/A",New,Subject_zlmug,"#N/A","#N/A","#N/A","#N/A","#N/A"
9dbcc77d-b6b5-4e17-bcd0-47aba5682132,"#N/A","#N/A",false,Web,"#N/A","#N/A",Medium,"#N/A",New,Subject_rfbtr,"#N/A","#N/A","#N/A","#N/A","#N/A"
9dbcf286-1cf0-4bc8-b1a4-7b0a1ea383cf,"#N/A","#N/A",false,Web,"#N/A","#N/A",Medium,"#N/A",New,Subject_mmkco,"#N/A","#N/A","#N/A","#N/A","#N/A"
9dc2e8a4-9b34-4789-b763-cc2a9c25fcab,"#N/A","#N/A",false,Web,"#N/A","#N/A",Medium,"#N/A",New,Subject_dkiuu,"#N/A","#N/A","#N/A","#N/A","#N/A"
9dc9b56f-eda9-47ae-b044-7ab6f24c57b8,"#N/A","#N/A",false,Web,"#N/A","#N/A",Medium,"#N/A",New,Subject_zarpz,"#N/A","#N/A","#N/A","#N/A","#N/A"
9dca9ad3-e960-4f78-bcde-5e6caa2b9029,"#N/A","#N/A",false,Web,"#N/A","#N/A",Medium,"#N/A",New,Subject_wnyjj,"#N/A","#N/A","#N/A","#N/A","#N/A"
9dcce109-304c-46b8-903a-842d92b1a6e8,"#N/A","#N/A",false,Web,"#N/A","#N/A",Medium,"#N/A",New,Subject_uffrb,"#N/A","#N/A","#N/A","#N/A","#N/A"
9dccf2e3-e08c-4c56-997d-f4266b1e5f81,"#N/A","#N/A",false,Web,"#N/A","#N/A",Medium,"#N/A",New,Subject_ysfhp,"#N/A","#N/A","#N/A","#N/A","#N/A"
9dcfa2a6-952d-4f01-ae16-068783759486,"#N/A","#N/A",false,Web,"#N/A","#N/A",Medium,"#N/A",New,Subject_opekg,"#N/A","#N/A","#N/A","#N/A","#N/A"
9dd7ea0c-70ae-45ab-81ef-ac2a7f062fa1,"#N/A","#N/A",false,Web,"#N/A","#N/A",Medium,"#N/A",New,Subject_ucaat,"#N/A","#N/A","#N/A","#N/A","#N/A"
9dd88e15-d71e-4473-b174-104f2d1c66a4,"#N/A","#N/A",false,Web,"#N/A","#N/A",Medium,"#N/A",New,Subject_gkjto,"#N/A","#N/A","#N/A","#N/A","#N/A"
9dda21bc-55b2-4687-a751-ee0dbb8863f0,"#N/A","#N/A",false,Web,"#N/A","#N/A",Medium,"#N/A",New,Subject_afukr,"#N/A","#N/A","#N/A","#N/A","#N/A"
9dddb5fa-1476-4d3c-be83-82b91d2649b2,"#N/A","#N/A",false,Web,"#N/A","#N/A",Medium,"#N/A",New,Subject_tnsae,"#N/A","#N/A","#N/A","#N/A","#N/A"
9ddf5417-57e6-44ce-b659-b6da12a9d70b,"#N/A","#N/A",false,Web,"#N/A","#N/A",Medium,"#N/A",New,Subject_hagqj,"#N/A","#N/A","#N/A","#N/A","#N/A"
9de032d3-3b4e-4f8e-afd5-da69e37efe67,"#N/A","#N/A",false,Web,"#N/A","#N/A",Medium,"#N/A",New,Subject_kphwj,"#N/A","#N/A","#N/A","#N/A","#N/A"
9de165c4-d53d-4ba7-995e-4c8caa8f24a2,"#N/A","#N/A",false,Web,"#N/A","#N/A",Medium,"#N/A",New,Subject_iviuz,"#N/A","#N/A","#N/A","#N/A","#N/A"
9de34ddf-ee05-4b08-8b0b-bc6528f1c01c,"#N/A","#N/A",false,Web,"#N/A","#N/A",Medium,"#N/A",New,Subject_ykcfl,"#N/A","#N/A","#N/A","#N/A","#N/A"
9de65d2c-c38e-4b4b-9f16-21883dc38497,"#N/A","#N/A",false,Web,"#N/A","#N/A",Medium,"#N/A",New,Subject_bvlqf,"#N/A","#N/A","#N/A","#N/A","#N/A"
9deaaadd-2985-4799-9b58-7cca023d3b45,"#N/A","#N/A",false,Web,"#N/A","#N/A",Medium,"#N/A",New,Subject_tevkk,"#N/A","#N/A","#N/A","#N/A","#N/A"
9debb207-064b-4165-980f-c92dc69a7444,"#N/A","#N/A",false,Web,"#N/A","#N/A",Medium,"#N/A",New,Subject_dzwci,"#N/A","#N/A","#N/A","#N/A","#N/A"
9ded8b59-0c3c-4cc8-8f85-e8cb7fe3c20d,"#N/A","#N/A",false,Web,"#N/A","#N/A",Medium,"#N/A",New,Subject_adxdf,"#N/A","#N/A","#N/A","#N/A","#N/A"
9dedb45c-bf30-47c4-ba31-23650764cb6a,"#N/A","#N/A",false,Web,"#N/A","#N/A",Medium,"#N/A",New,Subject_rouzv,"#N/A","#N/A","#N/A","#N/A","#N/A"
9def9716-7bf1-4064-9135-482c1749aa27,"#N/A","#N/A",false,Web,"#N/A","#N/A",Medium,"#N/A",New,Subject_gmqku,"#N/A","#N/A","#N/A","#N/A","#N/A"
9df016df-210e-40d3-b3f8-97166e234a6d,"#N/A","#N/A",false,Web,"#N/A","#N/A",Medium,"#N/A",New,Subject_khxwa,"#N/A","#N/A","#N/A","#N/A","#N/A"
9df07fe4-d3ae-490b-964e-cbf96ca9fb15,"#N/A","#N/A",false,Web,"#N/A","#N/A",Medium,"#N/A",New,Subject_inkfb,"#N/A","#N/A","#N/A","#N/A","#N/A"
9df3141d-f782-4994-a35a-7138a3ca0e55,"#N/A","#N/A",false,Web,"#N/A","#N/A",Medium,"#N/A",New,Subject_pczyu,"#N/A","#N/A","#N/A","#N/A","#N/A"
9df4b179-2e6b-42f1-aa32-b58825207910,"#N/A","#N/A",false,Web,"#N/A","#N/A",Medium,"#N/A",New,Subject_rrocv,"#N/A","#N/A","#N/A","#N/A","#N/A"
9df8a241-18df-4121-97de-84f8ffd9549c,"#N/A","#N/A",false,Web,"#N/A","#N/A",Medium,"#N/A",New,Subject_dwton,"#N/A","#N/A","#N/A","#N/A","#N/A"
9dfba4f3-8cf1-44d9-b4ca-b55f2121c9a6,"#N/A","#N/A",false,Web,"#N/A","#N/A",Medium,"#N/A",New,Subject_ktpez,"#N/A","#N/A","#N/A","#N/A","#N/A"
9dfba6cd-d0ea-4478-82d8-854f27ea5e09,"#N/A","#N/A",false,Web,"#N/A","#N/A",Medium,"#N/A",New,Subject_jpvyu,"#N/A","#N/A","#N/A","#N/A","#N/A"
9e02bfc7-e74c-449b-904b-cdef0b2d921a,"#N/A","#N/A",false,Web,"#N/A","#N/A",Medium,"#N/A",New,Subject_gquvx,"#N/A","#N/A","#N/A","#N/A","#N/A"
9e037827-4d4e-40b5-8e8e-b9344bfdce81,"#N/A","#N/A",false,Web,"#N/A","#N/A",Medium,"#N/A",New,Subject_wvuqs,"#N/A","#N/A","#N/A","#N/A","#N/A"
9e06d45e-a0e9-40d8-88c2-db50e6d7c73c,"#N/A","#N/A",false,Web,"#N/A","#N/A",Medium,"#N/A",New,Subject_lxkel,"#N/A","#N/A","#N/A","#N/A","#N/A"
9e093448-9d43-4221-a47a-bc15405ebe77,"#N/A","#N/A",false,Web,"#N/A","#N/A",Medium,"#N/A",New,Subject_cekps,"#N/A","#N/A","#N/A","#N/A","#N/A"
9e097807-0da7-4bc6-9371-0c06bcd28415,"#N/A","#N/A",false,Web,"#N/A","#N/A",Medium,"#N/A",New,Subject_anfcv,"#N/A","#N/A","#N/A","#N/A","#N/A"
9e0ba01f-1f83-4c51-bb9b-235daeb81eaa,"#N/A","#N/A",false,Web,"#N/A","#N/A",Medium,"#N/A",New,Subject_imgme,"#N/A","#N/A","#N/A","#N/A","#N/A"
9e0f74fe-f7e4-4a79-a756-0a1cdb9c5ffc,"#N/A","#N/A",false,Web,"#N/A","#N/A",Medium,"#N/A",New,Subject_extmm,"#N/A","#N/A","#N/A","#N/A","#N/A"
9e0f82ee-7545-4188-92ce-b7996da29dd0,"#N/A","#N/A",false,Web,"#N/A","#N/A",Medium,"#N/A",New,Subject_lutji,"#N/A","#N/A","#N/A","#N/A","#N/A"
9e11488d-065e-4357-9714-e2f307a80d49,"#N/A","#N/A",false,Web,"#N/A","#N/A",Medium,"#N/A",New,Subject_dhljq,"#N/A","#N/A","#N/A","#N/A","#N/A"
9e14a265-808f-4772-b913-e08eb583e994,"#N/A","#N/A",false,Web,"#N/A","#N/A",Medium,"#N/A",New,Subject_yuqiw,"#N/A","#N/A","#N/A","#N/A","#N/A"
9e1c6bb4-a262-4ec7-a803-4d9e5cbe2feb,"#N/A","#N/A",false,Web,"#N/A","#N/A",Medium,"#N/A",New,Subject_kfmhy,"#N/A","#N/A","#N/A","#N/A","#N/A"
9e204cf3-12e3-44e4-a3c2-733c7a04b0f8,"#N/A","#N/A",false,Web,"#N/A","#N/A",Medium,"#N/A",New,Subject_jjdas,"#N/A","#N/A","#N/A","#N/A","#N/A"
9e257e5c-e014-4ba8-b264-8cd8ba2389ce,"#N/A","#N/A",false,Web,"#N/A","#N/A",Medium,"#N/A",New,Subject_itnpe,"#N/A","#N/A","#N/A","#N/A","#N/A"
9e2c64d7-f558-4266-b1e1-34e2d6aa5844,"#N/A","#N/A",false,Web,"#N/A","#N/A",Medium,"#N/A",New,Subject_wcrhr,"#N/A","#N/A","#N/A","#N/A","#N/A"
9e2d6ec1-8cfa-41ba-91b0-0d603e67e7a9,"#N/A","#N/A",false,Web,"#N/A","#N/A",Medium,"#N/A",New,Subject_acmok,"#N/A","#N/A","#N/A","#N/A","#N/A"
9e2da408-5c0f-4445-86e9-c45bfc6b0aba,"#N/A","#N/A",false,Web,"#N/A","#N/A",Medium,"#N/A",New,Subject_lbhgy,"#N/A","#N/A","#N/A","#N/A","#N/A"
9e2e6f21-129a-490f-ba41-c96d11deeea8,"#N/A","#N/A",false,Web,"#N/A","#N/A",Medium,"#N/A",New,Subject_djxar,"#N/A","#N/A","#N/A","#N/A","#N/A"
9e307587-6c66-4196-88d9-f9b913745e8d,"#N/A","#N/A",false,Web,"#N/A","#N/A",Medium,"#N/A",New,Subject_oaeoc,"#N/A","#N/A","#N/A","#N/A","#N/A"
9e3099f9-327a-4fb0-9792-f8dc8923afad,"#N/A","#N/A",false,Web,"#N/A","#N/A",Medium,"#N/A",New,Subject_naffe,"#N/A","#N/A","#N/A","#N/A","#N/A"
9e31d6b9-327b-4aa6-af92-152c70516f4d,"#N/A","#N/A",false,Web,"#N/A","#N/A",Medium,"#N/A",New,Subject_wxjmb,"#N/A","#N/A","#N/A","#N/A","#N/A"
9e3a8947-7ea1-451a-b230-33769b8f3e0b,"#N/A","#N/A",false,Web,"#N/A","#N/A",Medium,"#N/A",New,Subject_bexau,"#N/A","#N/A","#N/A","#N/A","#N/A"
9e3c1704-cff1-4884-a364-b6ee688ac011,"#N/A","#N/A",false,Web,"#N/A","#N/A",Medium,"#N/A",New,Subject_qwnnk,"#N/A","#N/A","#N/A","#N/A","#N/A"
9e3fa3c2-a82d-4ff1-940f-965f4ebd56ea,"#N/A","#N/A",false,Web,"#N/A","#N/A",Medium,"#N/A",New,Subject_bhiun,"#N/A","#N/A","#N/A","#N/A","#N/A"
9e4055bc-ddce-4cd3-83c0-97aaa6e9860c,"#N/A","#N/A",false,Web,"#N/A","#N/A",Medium,"#N/A",New,Subject_ojfte,"#N/A","#N/A","#N/A","#N/A","#N/A"
9e412f5b-75c3-4a1b-a652-152fd22e666e,"#N/A","#N/A",false,Web,"#N/A","#N/A",Medium,"#N/A",New,Subject_aznlr,"#N/A","#N/A","#N/A","#N/A","#N/A"
9e431dea-6fc3-443d-9bd9-97bbd9e5fdfe,"#N/A","#N/A",false,Web,"#N/A","#N/A",Medium,"#N/A",New,Subject_ijoad,"#N/A","#N/A","#N/A","#N/A","#N/A"
9e436a25-beda-4a47-84f6-59fcb1a1a14a,"#N/A","#N/A",false,Web,"#N/A","#N/A",Medium,"#N/A",New,Subject_buaqt,"#N/A","#N/A","#N/A","#N/A","#N/A"
9e454520-816e-4139-9b34-7c1c3e29bc81,"#N/A","#N/A",false,Web,"#N/A","#N/A",Medium,"#N/A",New,Subject_jjkne,"#N/A","#N/A","#N/A","#N/A","#N/A"
9e483337-f70a-4576-8dbc-f997273c202b,"#N/A","#N/A",false,Web,"#N/A","#N/A",Medium,"#N/A",New,Subject_xeaad,"#N/A","#N/A","#N/A","#N/A","#N/A"
9e48c68e-2375-40b1-8bf7-679f40c55e51,"#N/A","#N/A",false,Web,"#N/A","#N/A",Medium,"#N/A",New,Subject_gmohm,"#N/A","#N/A","#N/A","#N/A","#N/A"
9e4a4f07-c5b3-409e-a640-a918640ca4d0,"#N/A","#N/A",false,Web,"#N/A","#N/A",Medium,"#N/A",New,Subject_uxdgu,"#N/A","#N/A","#N/A","#N/A","#N/A"
9e4bc834-af32-4a5d-a8b5-3263dcc74552,"#N/A","#N/A",false,Web,"#N/A","#N/A",Medium,"#N/A",New,Subject_yhcfn,"#N/A","#N/A","#N/A","#N/A","#N/A"
9e4c22d2-7492-4ac3-8e77-646e8bdde81f,"#N/A","#N/A",false,Web,"#N/A","#N/A",Medium,"#N/A",New,Subject_ktsms,"#N/A","#N/A","#N/A","#N/A","#N/A"
9e4ec0cc-931a-4573-a1ec-d8e64c4e1439,"#N/A","#N/A",false,Web,"#N/A","#N/A",Medium,"#N/A",New,Subject_lqwtb,"#N/A","#N/A","#N/A","#N/A","#N/A"
9e57f1ac-465f-4ca2-adcd-86c7bc90e6c3,"#N/A","#N/A",false,Web,"#N/A","#N/A",Medium,"#N/A",New,Subject_ozsay,"#N/A","#N/A","#N/A","#N/A","#N/A"
9e625948-2798-4615-b4ea-ef31f1da71c9,"#N/A","#N/A",false,Web,"#N/A","#N/A",Medium,"#N/A",New,Subject_dastq,"#N/A","#N/A","#N/A","#N/A","#N/A"
9e63b251-0632-4ba0-bfb5-cbc706627cda,"#N/A","#N/A",false,Web,"#N/A","#N/A",Medium,"#N/A",New,Subject_vzjia,"#N/A","#N/A","#N/A","#N/A","#N/A"
9e6ccee8-1c2f-43f0-9634-6cc38a247fde,"#N/A","#N/A",false,Web,"#N/A","#N/A",Medium,"#N/A",New,Subject_qrdkk,"#N/A","#N/A","#N/A","#N/A","#N/A"
9e72fcbe-b3b4-499f-8be1-3be8a8cb0c6a,"#N/A","#N/A",false,Web,"#N/A","#N/A",Medium,"#N/A",New,Subject_ivhhp,"#N/A","#N/A","#N/A","#N/A","#N/A"
9e73a722-6b32-418f-92ba-7c9f2ab18aeb,"#N/A","#N/A",false,Web,"#N/A","#N/A",Medium,"#N/A",New,Subject_nvpaz,"#N/A","#N/A","#N/A","#N/A","#N/A"
9e75a6fb-0ba4-4524-813f-6d5854182f25,"#N/A","#N/A",false,Web,"#N/A","#N/A",Medium,"#N/A",New,Subject_kucxm,"#N/A","#N/A","#N/A","#N/A","#N/A"
9e76e168-f396-44af-a9d5-78ef987b02b8,"#N/A","#N/A",false,Web,"#N/A","#N/A",Medium,"#N/A",New,Subject_zkpmp,"#N/A","#N/A","#N/A","#N/A","#N/A"
9e7808d4-3fee-42d3-9d48-14e08ee57b0c,"#N/A","#N/A",false,Web,"#N/A","#N/A",Medium,"#N/A",New,Subject_opboq,"#N/A","#N/A","#N/A","#N/A","#N/A"
9e791f7e-c925-47e0-868a-9ab58fc26ab7,"#N/A","#N/A",false,Web,"#N/A","#N/A",Medium,"#N/A",New,Subject_ddzns,"#N/A","#N/A","#N/A","#N/A","#N/A"
9e797f28-b060-4686-89bc-82e00d29e544,"#N/A","#N/A",false,Web,"#N/A","#N/A",Medium,"#N/A",New,Subject_rmbwt,"#N/A","#N/A","#N/A","#N/A","#N/A"
9e7a477e-6faf-42b8-a948-28ae06872634,"#N/A","#N/A",false,Web,"#N/A","#N/A",Medium,"#N/A",New,Subject_nbfwk,"#N/A","#N/A","#N/A","#N/A","#N/A"
9e80b1c8-2a22-4ea4-809e-daaaa29bfe64,"#N/A","#N/A",false,Web,"#N/A","#N/A",Medium,"#N/A",New,Subject_xrxla,"#N/A","#N/A","#N/A","#N/A","#N/A"
9e8354b1-ee40-48a9-9db1-59a42f560eca,"#N/A","#N/A",false,Web,"#N/A","#N/A",Medium,"#N/A",New,Subject_xsspg,"#N/A","#N/A","#N/A","#N/A","#N/A"
9e88a643-70dd-49dd-8d0f-2a8a2c3d180f,"#N/A","#N/A",false,Web,"#N/A","#N/A",Medium,"#N/A",New,Subject_spspl,"#N/A","#N/A","#N/A","#N/A","#N/A"
9e8941aa-3e74-4fe4-b935-75e338c453a9,"#N/A","#N/A",false,Web,"#N/A","#N/A",Medium,"#N/A",New,Subject_ugkzk,"#N/A","#N/A","#N/A","#N/A","#N/A"
9e8a04a7-497d-4304-b959-5156b6a4db39,"#N/A","#N/A",false,Web,"#N/A","#N/A",Medium,"#N/A",New,Subject_yscdb,"#N/A","#N/A","#N/A","#N/A","#N/A"
9e94a58a-c058-4c8b-acb8-eb3895f47c65,"#N/A","#N/A",false,Web,"#N/A","#N/A",Medium,"#N/A",New,Subject_txoal,"#N/A","#N/A","#N/A","#N/A","#N/A"
9e975db8-e303-42f5-b364-3878eb156553,"#N/A","#N/A",false,Web,"#N/A","#N/A",Medium,"#N/A",New,Subject_plpxe,"#N/A","#N/A","#N/A","#N/A","#N/A"
9e9b4452-e54f-43d0-b759-eadc566335b0,"#N/A","#N/A",false,Web,"#N/A","#N/A",Medium,"#N/A",New,Subject_ygefh,"#N/A","#N/A","#N/A","#N/A","#N/A"
9e9c75e2-3ba8-4467-9e58-740cedc24a7e,"#N/A","#N/A",false,Web,"#N/A","#N/A",Medium,"#N/A",New,Subject_acmok,"#N/A","#N/A","#N/A","#N/A","#N/A"
9e9cf125-249f-4e18-810f-1212cd1a83b4,"#N/A","#N/A",false,Web,"#N/A","#N/A",Medium,"#N/A",New,Subject_rreot,"#N/A","#N/A","#N/A","#N/A","#N/A"
9e9d2f4c-c172-4997-b44e-3a3b5767109f,"#N/A","#N/A",false,Web,"#N/A","#N/A",Medium,"#N/A",New,Subject_gjxul,"#N/A","#N/A","#N/A","#N/A","#N/A"
9ea2528f-4b8c-4a46-8298-5cdd7b842ad2,"#N/A","#N/A",false,Web,"#N/A","#N/A",Medium,"#N/A",New,Subject_neatr,"#N/A","#N/A","#N/A","#N/A","#N/A"
9ea37367-03a3-4160-8e69-ee38c54ff2d7,"#N/A","#N/A",false,Web,"#N/A","#N/A",Medium,"#N/A",New,Subject_kwswo,"#N/A","#N/A","#N/A","#N/A","#N/A"
9ea622fe-1105-4ad2-a85f-c7645b63e38d,"#N/A","#N/A",false,Web,"#N/A","#N/A",Medium,"#N/A",New,Subject_zyrbx,"#N/A","#N/A","#N/A","#N/A","#N/A"
9ea95b8d-e58c-4694-8da2-c0c077fddfbd,"#N/A","#N/A",false,Web,"#N/A","#N/A",Medium,"#N/A",New,Subject_xfktx,"#N/A","#N/A","#N/A","#N/A","#N/A"
9ead5bc3-8df3-4cfa-b87c-9ef9f50e613b,"#N/A","#N/A",false,Web,"#N/A","#N/A",Medium,"#N/A",New,Subject_kjyhn,"#N/A","#N/A","#N/A","#N/A","#N/A"
9ead906f-f665-4df9-882d-d6edf8fca014,"#N/A","#N/A",false,Web,"#N/A","#N/A",Medium,"#N/A",New,Subject_hlrha,"#N/A","#N/A","#N/A","#N/A","#N/A"
9eae35ca-bc28-46a5-884e-0ac63ea9bd79,"#N/A","#N/A",false,Web,"#N/A","#N/A",Medium,"#N/A",New,Subject_nrews,"#N/A","#N/A","#N/A","#N/A","#N/A"
9eb8bda2-8548-4c6a-a485-1268bc62c9f1,"#N/A","#N/A",false,Web,"#N/A","#N/A",Medium,"#N/A",New,Subject_rucrd,"#N/A","#N/A","#N/A","#N/A","#N/A"
9ebc703f-ba13-4249-89ea-456f6efa6e44,"#N/A","#N/A",false,Web,"#N/A","#N/A",Medium,"#N/A",New,Subject_slhrh,"#N/A","#N/A","#N/A","#N/A","#N/A"
9ec0549e-2a53-4fe2-92d2-4f1e8010f1b5,"#N/A","#N/A",false,Web,"#N/A","#N/A",Medium,"#N/A",New,Subject_vacsq,"#N/A","#N/A","#N/A","#N/A","#N/A"
9ec10830-e66b-4f02-8535-2684b7937889,"#N/A","#N/A",false,Web,"#N/A","#N/A",Medium,"#N/A",New,Subject_mupxt,"#N/A","#N/A","#N/A","#N/A","#N/A"
9ec1a609-b366-45d8-8a08-c0ad355a1239,"#N/A","#N/A",false,Web,"#N/A","#N/A",Medium,"#N/A",New,Subject_lsnqv,"#N/A","#N/A","#N/A","#N/A","#N/A"
9ec1f4db-cb05-4f8d-a3ef-6a27b5295808,"#N/A","#N/A",false,Web,"#N/A","#N/A",Medium,"#N/A",New,Subject_ichke,"#N/A","#N/A","#N/A","#N/A","#N/A"
9ec2fab2-57e1-4e6b-9517-d0e4c724c3c9,"#N/A","#N/A",false,Web,"#N/A","#N/A",Medium,"#N/A",New,Subject_jqwoz,"#N/A","#N/A","#N/A","#N/A","#N/A"
9ec91541-2c19-4d66-8e4e-1a1bb4f952b0,"#N/A","#N/A",false,Web,"#N/A","#N/A",Medium,"#N/A",New,Subject_shatn,"#N/A","#N/A","#N/A","#N/A","#N/A"
9ecb19a8-9341-4e53-ba9f-ed336eca4180,"#N/A","#N/A",false,Web,"#N/A","#N/A",Medium,"#N/A",New,Subject_kothd,"#N/A","#N/A","#N/A","#N/A","#N/A"
9ecca466-92c7-4ad6-883e-dbbd4fc0d0d3,"#N/A","#N/A",false,Web,"#N/A","#N/A",Medium,"#N/A",New,Subject_lwrde,"#N/A","#N/A","#N/A","#N/A","#N/A"
9eccd2e5-b3f5-4005-8532-82f52c6b1d52,"#N/A","#N/A",false,Web,"#N/A","#N/A",Medium,"#N/A",New,Subject_smzrt,"#N/A","#N/A","#N/A","#N/A","#N/A"
9ece93fd-58ff-4edf-9194-c2bf42f7d8b4,"#N/A","#N/A",false,Web,"#N/A","#N/A",Medium,"#N/A",New,Subject_jrppo,"#N/A","#N/A","#N/A","#N/A","#N/A"
9ed032e1-5053-43ff-9b07-102243dcf33f,"#N/A","#N/A",false,Web,"#N/A","#N/A",Medium,"#N/A",New,Subject_ielxv,"#N/A","#N/A","#N/A","#N/A","#N/A"
9ed1dd74-98a0-41c8-a4e2-65c653e715e6,"#N/A","#N/A",false,Web,"#N/A","#N/A",Medium,"#N/A",New,Subject_igszr,"#N/A","#N/A","#N/A","#N/A","#N/A"
9ed601d9-738c-43d6-941c-6b4c98239189,"#N/A","#N/A",false,Web,"#N/A","#N/A",Medium,"#N/A",New,Subject_nlvpk,"#N/A","#N/A","#N/A","#N/A","#N/A"
9ed63ef3-7fe4-4ab6-bd43-960ffde82294,"#N/A","#N/A",false,Web,"#N/A","#N/A",Medium,"#N/A",New,Subject_zgbgd,"#N/A","#N/A","#N/A","#N/A","#N/A"
9ed77d78-499a-4ec3-9f12-d754e05990ff,"#N/A","#N/A",false,Web,"#N/A","#N/A",Medium,"#N/A",New,Subject_ogzwx,"#N/A","#N/A","#N/A","#N/A","#N/A"
9ed7c30d-c4a0-4a0e-909f-31497f754565,"#N/A","#N/A",false,Web,"#N/A","#N/A",Medium,"#N/A",New,Subject_tepmw,"#N/A","#N/A","#N/A","#N/A","#N/A"
9ed852ec-c6bc-44a6-bff2-f815a81b55e6,"#N/A","#N/A",false,Web,"#N/A","#N/A",Medium,"#N/A",New,Subject_ayqbo,"#N/A","#N/A","#N/A","#N/A","#N/A"
9edde08a-eef6-4050-a0e8-562bd09ae8f6,"#N/A","#N/A",false,Web,"#N/A","#N/A",Medium,"#N/A",New,Subject_weqhz,"#N/A","#N/A","#N/A","#N/A","#N/A"
9edf3a88-d217-440a-bb3d-8e2e17b84d4e,"#N/A","#N/A",false,Web,"#N/A","#N/A",Medium,"#N/A",New,Subject_nmmlx,"#N/A","#N/A","#N/A","#N/A","#N/A"
9ee370b8-048f-4ae4-b151-bf731c5bf09f,"#N/A","#N/A",false,Web,"#N/A","#N/A",Medium,"#N/A",New,Subject_eqeob,"#N/A","#N/A","#N/A","#N/A","#N/A"
9ee4177b-5a84-4530-9409-a6f4ef45451e,"#N/A","#N/A",false,Web,"#N/A","#N/A",Medium,"#N/A",New,Subject_zpufp,"#N/A","#N/A","#N/A","#N/A","#N/A"
9eee1400-468c-4693-a310-2e5da6e8cf50,"#N/A","#N/A",false,Web,"#N/A","#N/A",Medium,"#N/A",New,Subject_eujnc,"#N/A","#N/A","#N/A","#N/A","#N/A"
9ef40a4e-47da-4a85-b714-72266c912be7,"#N/A","#N/A",false,Web,"#N/A","#N/A",Medium,"#N/A",New,Subject_eyqbk,"#N/A","#N/A","#N/A","#N/A","#N/A"
9ef63cd2-9396-44be-ae82-28984263bce0,"#N/A","#N/A",false,Web,"#N/A","#N/A",Medium,"#N/A",New,Subject_yfsmr,"#N/A","#N/A","#N/A","#N/A","#N/A"
9ef66fab-ed84-4600-810e-d6738ab36e3c,"#N/A","#N/A",false,Web,"#N/A","#N/A",Medium,"#N/A",New,Subject_kqbyi,"#N/A","#N/A","#N/A","#N/A","#N/A"
9ef70e10-7285-4e69-9edf-1ee7b42933b5,"#N/A","#N/A",false,Web,"#N/A","#N/A",Medium,"#N/A",New,Subject_cjzju,"#N/A","#N/A","#N/A","#N/A","#N/A"
9ef7d8f8-fd74-416f-8377-b016203344d6,"#N/A","#N/A",false,Web,"#N/A","#N/A",Medium,"#N/A",New,Subject_osemg,"#N/A","#N/A","#N/A","#N/A","#N/A"
9efec2eb-b3b0-48b1-90ee-50c94520c3fb,"#N/A","#N/A",false,Web,"#N/A","#N/A",Medium,"#N/A",New,Subject_etpvx,"#N/A","#N/A","#N/A","#N/A","#N/A"
9eff2ff5-5ccf-4f16-8dca-3174a4c1107a,"#N/A","#N/A",false,Web,"#N/A","#N/A",Medium,"#N/A",New,Subject_slyzf,"#N/A","#N/A","#N/A","#N/A","#N/A"
9effa91c-c339-4e6a-977a-7982a0e4a400,"#N/A","#N/A",false,Web,"#N/A","#N/A",Medium,"#N/A",New,Subject_evtum,"#N/A","#N/A","#N/A","#N/A","#N/A"
9f036f1b-90d2-4f8a-baba-90e5417e9508,"#N/A","#N/A",false,Web,"#N/A","#N/A",Medium,"#N/A",New,Subject_juyod,"#N/A","#N/A","#N/A","#N/A","#N/A"
9f0779db-582c-4fb2-9164-3f129d02f4f0,"#N/A","#N/A",false,Web,"#N/A","#N/A",Medium,"#N/A",New,Subject_zjkkz,"#N/A","#N/A","#N/A","#N/A","#N/A"
9f08bbba-b5a8-4687-ba94-0928cf4488bb,"#N/A","#N/A",false,Web,"#N/A","#N/A",Medium,"#N/A",New,Subject_sfusy,"#N/A","#N/A","#N/A","#N/A","#N/A"
9f0dc183-b5d8-405f-b92d-0160f60dce7f,"#N/A","#N/A",false,Web,"#N/A","#N/A",Medium,"#N/A",New,Subject_jeoxp,"#N/A","#N/A","#N/A","#N/A","#N/A"
9f0ded0b-922d-47e6-89b8-85d067b6c70c,"#N/A","#N/A",false,Web,"#N/A","#N/A",Medium,"#N/A",New,Subject_selbd,"#N/A","#N/A","#N/A","#N/A","#N/A"
9f19dea4-6f2c-4c6a-a635-2868a10970be,"#N/A","#N/A",false,Web,"#N/A","#N/A",Medium,"#N/A",New,Subject_ccegg,"#N/A","#N/A","#N/A","#N/A","#N/A"
9f1b83ba-9d6c-4d83-a5a7-61c1d416c100,"#N/A","#N/A",false,Web,"#N/A","#N/A",Medium,"#N/A",New,Subject_blald,"#N/A","#N/A","#N/A","#N/A","#N/A"
9f1d3ee4-1b6d-452d-bb27-8bc58f3df2e3,"#N/A","#N/A",false,Web,"#N/A","#N/A",Medium,"#N/A",New,Subject_vwtpx,"#N/A","#N/A","#N/A","#N/A","#N/A"
9f23a901-7a8c-45fb-b287-8e15c50e2bd4,"#N/A","#N/A",false,Web,"#N/A","#N/A",Medium,"#N/A",New,Subject_aqhqm,"#N/A","#N/A","#N/A","#N/A","#N/A"
9f2afa43-cd12-4a1d-88e5-cfb57533650e,"#N/A","#N/A",false,Web,"#N/A","#N/A",Medium,"#N/A",New,Subject_xncnw,"#N/A","#N/A","#N/A","#N/A","#N/A"
9f2f6a59-c26c-4676-8e6f-9d718c5cbdd2,"#N/A","#N/A",false,Web,"#N/A","#N/A",Medium,"#N/A",New,Subject_gpfyf,"#N/A","#N/A","#N/A","#N/A","#N/A"
9f2f8afe-8a09-4268-81d3-71134de3f0aa,"#N/A","#N/A",false,Web,"#N/A","#N/A",Medium,"#N/A",New,Subject_gzrdy,"#N/A","#N/A","#N/A","#N/A","#N/A"
9f2fdf79-0386-4888-b2c2-aaaedf9f7fab,"#N/A","#N/A",false,Web,"#N/A","#N/A",Medium,"#N/A",New,Subject_inhnd,"#N/A","#N/A","#N/A","#N/A","#N/A"
9f319b38-270f-4e69-a973-c318a97e0eb6,"#N/A","#N/A",false,Web,"#N/A","#N/A",Medium,"#N/A",New,Subject_oudwh,"#N/A","#N/A","#N/A","#N/A","#N/A"
9f3260b2-fd98-4060-99b8-ecf528563686,"#N/A","#N/A",false,Web,"#N/A","#N/A",Medium,"#N/A",New,Subject_nvbkm,"#N/A","#N/A","#N/A","#N/A","#N/A"
9f327e0c-7031-4c2a-b255-b1ded0ffacb3,"#N/A","#N/A",false,Web,"#N/A","#N/A",Medium,"#N/A",New,Subject_autka,"#N/A","#N/A","#N/A","#N/A","#N/A"
9f37af45-e72f-4579-bd8f-97b0a34ba6bc,"#N/A","#N/A",false,Web,"#N/A","#N/A",Medium,"#N/A",New,Subject_scbcg,"#N/A","#N/A","#N/A","#N/A","#N/A"
9f37f1cf-8cac-4107-821c-352aacc56711,"#N/A","#N/A",false,Web,"#N/A","#N/A",Medium,"#N/A",New,Subject_yofbj,"#N/A","#N/A","#N/A","#N/A","#N/A"
9f3d1052-5490-49b0-927f-4b99836fd083,"#N/A","#N/A",false,Web,"#N/A","#N/A",Medium,"#N/A",New,Subject_juzyb,"#N/A","#N/A","#N/A","#N/A","#N/A"
9f436461-0fc1-44eb-92e3-5f3db2bede9f,"#N/A","#N/A",false,Web,"#N/A","#N/A",Medium,"#N/A",New,Subject_yvlmh,"#N/A","#N/A","#N/A","#N/A","#N/A"
9f4adc14-656c-41e6-a121-472ff260bdc2,"#N/A","#N/A",false,Web,"#N/A","#N/A",Medium,"#N/A",New,Subject_ggvwx,"#N/A","#N/A","#N/A","#N/A","#N/A"
9f4b0f57-79d0-4674-a9bb-0819aa972231,"#N/A","#N/A",false,Web,"#N/A","#N/A",Medium,"#N/A",New,Subject_ohllx,"#N/A","#N/A","#N/A","#N/A","#N/A"
9f4c10d8-f5b9-41fb-b1cf-dfaf11b0013e,"#N/A","#N/A",false,Web,"#N/A","#N/A",Medium,"#N/A",New,Subject_ylrno,"#N/A","#N/A","#N/A","#N/A","#N/A"
9f4ebb10-730b-425e-b55e-de592e4a45ff,"#N/A","#N/A",false,Web,"#N/A","#N/A",Medium,"#N/A",New,Subject_ovcrx,"#N/A","#N/A","#N/A","#N/A","#N/A"
9f512b73-3645-483c-9685-f3edcc13b57d,"#N/A","#N/A",false,Web,"#N/A","#N/A",Medium,"#N/A",New,Subject_xepyc,"#N/A","#N/A","#N/A","#N/A","#N/A"
9f53467f-8751-41be-be12-8fbb9a14fa93,"#N/A","#N/A",false,Web,"#N/A","#N/A",Medium,"#N/A",New,Subject_izpqn,"#N/A","#N/A","#N/A","#N/A","#N/A"
9f555aee-eedc-4030-89be-ebf90f34ae14,"#N/A","#N/A",false,Web,"#N/A","#N/A",Medium,"#N/A",New,Subject_boerm,"#N/A","#N/A","#N/A","#N/A","#N/A"
9f5c768b-6734-417f-840e-4c8a72ae07d8,"#N/A","#N/A",false,Web,"#N/A","#N/A",Medium,"#N/A",New,Subject_yyoom,"#N/A","#N/A","#N/A","#N/A","#N/A"
9f5cd41c-f28e-4e67-bd7e-3da4f0d83af4,"#N/A","#N/A",false,Web,"#N/A","#N/A",Medium,"#N/A",New,Subject_zfaei,"#N/A","#N/A","#N/A","#N/A","#N/A"
9f5fd47c-9a08-4ac6-ac22-3cc937a66870,"#N/A","#N/A",false,Web,"#N/A","#N/A",Medium,"#N/A",New,Subject_aqyel,"#N/A","#N/A","#N/A","#N/A","#N/A"
9f60d7e0-36b3-4c78-922d-277205468d30,"#N/A","#N/A",false,Web,"#N/A","#N/A",Medium,"#N/A",New,Subject_zcryo,"#N/A","#N/A","#N/A","#N/A","#N/A"
9f6558da-5ede-420d-8a42-2daa42428beb,"#N/A","#N/A",false,Web,"#N/A","#N/A",Medium,"#N/A",New,Subject_lwfko,"#N/A","#N/A","#N/A","#N/A","#N/A"
9f6750c7-f45b-427a-9a20-fe8efed2a82f,"#N/A","#N/A",false,Web,"#N/A","#N/A",Medium,"#N/A",New,Subject_hyasl,"#N/A","#N/A","#N/A","#N/A","#N/A"
9f70af1b-7757-4a10-9f84-7e9073b97027,"#N/A","#N/A",false,Web,"#N/A","#N/A",Medium,"#N/A",New,Subject_pgbss,"#N/A","#N/A","#N/A","#N/A","#N/A"
9f70d8d0-eebc-4329-a11d-1cd1ae886f64,"#N/A","#N/A",false,Web,"#N/A","#N/A",Medium,"#N/A",New,Subject_akxoh,"#N/A","#N/A","#N/A","#N/A","#N/A"
9f749681-cb45-4a04-97e3-48c6eae6cccf,"#N/A","#N/A",false,Web,"#N/A","#N/A",Medium,"#N/A",New,Subject_snzdr,"#N/A","#N/A","#N/A","#N/A","#N/A"
9f807c9a-19ff-41e8-b31d-40820a16f3f2,"#N/A","#N/A",false,Web,"#N/A","#N/A",Medium,"#N/A",New,Subject_gblcm,"#N/A","#N/A","#N/A","#N/A","#N/A"
9f80b7df-9441-4720-9690-ce571df04ce6,"#N/A","#N/A",false,Web,"#N/A","#N/A",Medium,"#N/A",New,Subject_kigbe,"#N/A","#N/A","#N/A","#N/A","#N/A"
9f821940-5716-4611-a678-b6a5eb6afe5d,"#N/A","#N/A",false,Web,"#N/A","#N/A",Medium,"#N/A",New,Subject_dehej,"#N/A","#N/A","#N/A","#N/A","#N/A"
9f86548e-8eb1-40b4-a40b-dfe0bde77aad,"#N/A","#N/A",false,Web,"#N/A","#N/A",Medium,"#N/A",New,Subject_ixerw,"#N/A","#N/A","#N/A","#N/A","#N/A"
9f882dd0-125e-41a3-bd84-92e0db702b66,"#N/A","#N/A",false,Web,"#N/A","#N/A",Medium,"#N/A",New,Subject_pogqu,"#N/A","#N/A","#N/A","#N/A","#N/A"
9f8ce932-ba47-4d33-bcd3-a2cdb6a1c26d,"#N/A","#N/A",false,Web,"#N/A","#N/A",Medium,"#N/A",New,Subject_xxeoe,"#N/A","#N/A","#N/A","#N/A","#N/A"
9f8f8db3-8aa2-45ee-854b-8230d8460d68,"#N/A","#N/A",false,Web,"#N/A","#N/A",Medium,"#N/A",New,Subject_vxfuy,"#N/A","#N/A","#N/A","#N/A","#N/A"
9f9404b5-f63b-4a2f-adce-8f53f020eebc,"#N/A","#N/A",false,Web,"#N/A","#N/A",Medium,"#N/A",New,Subject_kokky,"#N/A","#N/A","#N/A","#N/A","#N/A"
9f942ccd-604f-423d-ab85-e280736ad2f3,"#N/A","#N/A",false,Web,"#N/A","#N/A",Medium,"#N/A",New,Subject_vwfnt,"#N/A","#N/A","#N/A","#N/A","#N/A"
9f99f3bf-6aea-4bb9-a414-4d5945351830,"#N/A","#N/A",false,Web,"#N/A","#N/A",Medium,"#N/A",New,Subject_ddspd,"#N/A","#N/A","#N/A","#N/A","#N/A"
9f9af506-a8ab-4900-9396-edfaf87ff643,"#N/A","#N/A",false,Web,"#N/A","#N/A",Medium,"#N/A",New,Subject_angek,"#N/A","#N/A","#N/A","#N/A","#N/A"
9f9af665-0598-460b-b357-8531a771e687,"#N/A","#N/A",false,Web,"#N/A","#N/A",Medium,"#N/A",New,Subject_mxlub,"#N/A","#N/A","#N/A","#N/A","#N/A"
9f9b0317-0e29-4c9d-88c4-b564c21d37c2,"#N/A","#N/A",false,Web,"#N/A","#N/A",Medium,"#N/A",New,Subject_jddnm,"#N/A","#N/A","#N/A","#N/A","#N/A"
9f9f8e63-1686-4105-96aa-5f967506cf7c,"#N/A","#N/A",false,Web,"#N/A","#N/A",Medium,"#N/A",New,Subject_hhnsg,"#N/A","#N/A","#N/A","#N/A","#N/A"
9fa063b8-89eb-449e-b96a-be110b17b3d4,"#N/A","#N/A",false,Web,"#N/A","#N/A",Medium,"#N/A",New,Subject_xhcvw,"#N/A","#N/A","#N/A","#N/A","#N/A"
9fa4d128-3cee-4d05-9928-64e8ce46a7a5,"#N/A","#N/A",false,Web,"#N/A","#N/A",Medium,"#N/A",New,Subject_hxfkw,"#N/A","#N/A","#N/A","#N/A","#N/A"
9fab9168-ae61-44db-88c4-ba8e5237b0b6,"#N/A","#N/A",false,Web,"#N/A","#N/A",Medium,"#N/A",New,Subject_izibq,"#N/A","#N/A","#N/A","#N/A","#N/A"
9faed9c8-5e23-4252-a953-2e98ac597d19,"#N/A","#N/A",false,Web,"#N/A","#N/A",Medium,"#N/A",New,Subject_wzyia,"#N/A","#N/A","#N/A","#N/A","#N/A"
9fb0dbfe-b9dc-406c-9cc4-80850b3f28da,"#N/A","#N/A",false,Web,"#N/A","#N/A",Medium,"#N/A",New,Subject_mmhdi,"#N/A","#N/A","#N/A","#N/A","#N/A"
9fb59096-e19d-4441-acb1-af23a6bb06db,"#N/A","#N/A",false,Web,"#N/A","#N/A",Medium,"#N/A",New,Subject_oliui,"#N/A","#N/A","#N/A","#N/A","#N/A"
9fb6952b-dc94-4d0e-86a2-95496fe4b75c,"#N/A","#N/A",false,Web,"#N/A","#N/A",Medium,"#N/A",New,Subject_zacwv,"#N/A","#N/A","#N/A","#N/A","#N/A"
9fb6bc1f-68b7-4ff0-b59c-a2280e877869,"#N/A","#N/A",false,Web,"#N/A","#N/A",Medium,"#N/A",New,Subject_ijexn,"#N/A","#N/A","#N/A","#N/A","#N/A"
9fb9ac2b-2dc3-45f3-8f33-3103ea9090e5,"#N/A","#N/A",false,Web,"#N/A","#N/A",Medium,"#N/A",New,Subject_muzqw,"#N/A","#N/A","#N/A","#N/A","#N/A"
9fc03314-ede3-41df-839e-4d5a5a915f48,"#N/A","#N/A",false,Web,"#N/A","#N/A",Medium,"#N/A",New,Subject_zbpjl,"#N/A","#N/A","#N/A","#N/A","#N/A"
9fc10b5e-364e-4866-a1a6-439275e8f3e6,"#N/A","#N/A",false,Web,"#N/A","#N/A",Medium,"#N/A",New,Subject_aljvv,"#N/A","#N/A","#N/A","#N/A","#N/A"
9fc13cfc-784d-44ad-8cf4-b4e917ffcf15,"#N/A","#N/A",false,Web,"#N/A","#N/A",Medium,"#N/A",New,Subject_noiku,"#N/A","#N/A","#N/A","#N/A","#N/A"
9fc268a3-47f0-47a6-b912-5dc833f4baaa,"#N/A","#N/A",false,Web,"#N/A","#N/A",Medium,"#N/A",New,Subject_rgknt,"#N/A","#N/A","#N/A","#N/A","#N/A"
9fc31d62-24b8-4350-8559-38dd1f781f69,"#N/A","#N/A",false,Web,"#N/A","#N/A",Medium,"#N/A",New,Subject_qdwgy,"#N/A","#N/A","#N/A","#N/A","#N/A"
9fc44052-27b0-4512-94bf-40f0a37b6d10,"#N/A","#N/A",false,Web,"#N/A","#N/A",Medium,"#N/A",New,Subject_xuzkg,"#N/A","#N/A","#N/A","#N/A","#N/A"
9fc7414e-93ce-49f5-87b1-b8923e56d636,"#N/A","#N/A",false,Web,"#N/A","#N/A",Medium,"#N/A",New,Subject_lcwtd,"#N/A","#N/A","#N/A","#N/A","#N/A"
9fcb9d6c-bd10-4523-9eb5-5fe1759cdeac,"#N/A","#N/A",false,Web,"#N/A","#N/A",Medium,"#N/A",New,Subject_ffmvd,"#N/A","#N/A","#N/A","#N/A","#N/A"
9fcf23a2-defb-4cec-b48a-773754dacd18,"#N/A","#N/A",false,Web,"#N/A","#N/A",Medium,"#N/A",New,Subject_vegiu,"#N/A","#N/A","#N/A","#N/A","#N/A"
9fd0cdfe-b6fd-4f50-8db3-67be0be4f529,"#N/A","#N/A",false,Web,"#N/A","#N/A",Medium,"#N/A",New,Subject_uhdzt,"#N/A","#N/A","#N/A","#N/A","#N/A"
9fd1622f-9c09-40cf-82da-444b0de0e157,"#N/A","#N/A",false,Web,"#N/A","#N/A",Medium,"#N/A",New,Subject_gseal,"#N/A","#N/A","#N/A","#N/A","#N/A"
9fd4f3df-2fa6-4d5d-8a6c-7263142ebda4,"#N/A","#N/A",false,Web,"#N/A","#N/A",Medium,"#N/A",New,Subject_ljpho,"#N/A","#N/A","#N/A","#N/A","#N/A"
9fd55295-26fc-4e6e-b5c0-0cd9551a45e0,"#N/A","#N/A",false,Web,"#N/A","#N/A",Medium,"#N/A",New,Subject_iagiw,"#N/A","#N/A","#N/A","#N/A","#N/A"
9fd727a2-7caa-496d-be98-636a78d587bc,"#N/A","#N/A",false,Web,"#N/A","#N/A",Medium,"#N/A",New,Subject_atwuf,"#N/A","#N/A","#N/A","#N/A","#N/A"
9fd90115-7c70-4d32-a183-23e0b3e262ae,"#N/A","#N/A",false,Web,"#N/A","#N/A",Medium,"#N/A",New,Subject_gaxdd,"#N/A","#N/A","#N/A","#N/A","#N/A"
9fdc385d-45c7-4ceb-b21c-edf7f4d1035e,"#N/A","#N/A",false,Web,"#N/A","#N/A",Medium,"#N/A",New,Subject_mhuuz,"#N/A","#N/A","#N/A","#N/A","#N/A"
9fdd0771-ffb2-4c0a-b91d-0a15dbcc44d2,"#N/A","#N/A",false,Web,"#N/A","#N/A",Medium,"#N/A",New,Subject_ruwxz,"#N/A","#N/A","#N/A","#N/A","#N/A"
9fe2f357-11e7-4369-a9c2-0c8e77a41215,"#N/A","#N/A",false,Web,"#N/A","#N/A",Medium,"#N/A",New,Subject_qablv,"#N/A","#N/A","#N/A","#N/A","#N/A"
9fe39a6d-cf3a-413b-a12e-1ff85d89391f,"#N/A","#N/A",false,Web,"#N/A","#N/A",Medium,"#N/A",New,Subject_sygbg,"#N/A","#N/A","#N/A","#N/A","#N/A"
9fe867d7-5ace-42d4-b03a-e46a6b6821d3,"#N/A","#N/A",false,Web,"#N/A","#N/A",Medium,"#N/A",New,Subject_pxrie,"#N/A","#N/A","#N/A","#N/A","#N/A"
9fea97b0-601e-45dd-b4d8-3ba097e7fce0,"#N/A","#N/A",false,Web,"#N/A","#N/A",Medium,"#N/A",New,Subject_dfvby,"#N/A","#N/A","#N/A","#N/A","#N/A"
9feae122-09f3-4c02-aed1-0f374942b678,"#N/A","#N/A",false,Web,"#N/A","#N/A",Medium,"#N/A",New,Subject_hwecr,"#N/A","#N/A","#N/A","#N/A","#N/A"
9febeeb5-dfe5-47ed-90ce-6a96014c6de9,"#N/A","#N/A",false,Web,"#N/A","#N/A",Medium,"#N/A",New,Subject_sztdx,"#N/A","#N/A","#N/A","#N/A","#N/A"
9fed6c10-7184-466b-806c-a2dcf3bd3c86,"#N/A","#N/A",false,Web,"#N/A","#N/A",Medium,"#N/A",New,Subject_vkeak,"#N/A","#N/A","#N/A","#N/A","#N/A"
9feedcc9-b110-4fe6-b170-d9d188e048fe,"#N/A","#N/A",false,Web,"#N/A","#N/A",Medium,"#N/A",New,Subject_yrkot,"#N/A","#N/A","#N/A","#N/A","#N/A"
9ff1e06d-1f38-4828-8786-7c309db78c2c,"#N/A","#N/A",false,Web,"#N/A","#N/A",Medium,"#N/A",New,Subject_vquuu,"#N/A","#N/A","#N/A","#N/A","#N/A"
9ff25e03-7a27-41dc-af3b-ae5f9e42dcb9,"#N/A","#N/A",false,Web,"#N/A","#N/A",Medium,"#N/A",New,Subject_jrwyd,"#N/A","#N/A","#N/A","#N/A","#N/A"
9ff7eaa1-a7d6-4e55-a6a5-821a586a0c74,"#N/A","#N/A",false,Web,"#N/A","#N/A",Medium,"#N/A",New,Subject_qrijy,"#N/A","#N/A","#N/A","#N/A","#N/A"
9ff8949e-16fc-4f3a-8854-0a6371fca818,"#N/A","#N/A",false,Web,"#N/A","#N/A",Medium,"#N/A",New,Subject_vpcco,"#N/A","#N/A","#N/A","#N/A","#N/A"
9ffe3890-5931-4dea-a37b-af709453617a,"#N/A","#N/A",false,Web,"#N/A","#N/A",Medium,"#N/A",New,Subject_bjlsi,"#N/A","#N/A","#N/A","#N/A","#N/A"
9fff7df3-3361-41e7-9015-2d425e3e09e6,"#N/A","#N/A",false,Web,"#N/A","#N/A",Medium,"#N/A",New,Subject_iuggy,"#N/A","#N/A","#N/A","#N/A","#N/A"
a00008ed-8c23-4820-ae23-2dd06ea836b4,"#N/A","#N/A",false,Web,"#N/A","#N/A",Medium,"#N/A",New,Subject_jxgdu,"#N/A","#N/A","#N/A","#N/A","#N/A"
a0022b46-4c95-464e-bd31-bc9f5f96f900,"#N/A","#N/A",false,Web,"#N/A","#N/A",Medium,"#N/A",New,Subject_ebfvd,"#N/A","#N/A","#N/A","#N/A","#N/A"
a008b27d-17a3-4871-b69c-2d67ad6d2412,"#N/A","#N/A",false,Web,"#N/A","#N/A",Medium,"#N/A",New,Subject_peykt,"#N/A","#N/A","#N/A","#N/A","#N/A"
a00b937c-180c-435c-abf3-bf4cccdc921e,"#N/A","#N/A",false,Web,"#N/A","#N/A",Medium,"#N/A",New,Subject_nxivr,"#N/A","#N/A","#N/A","#N/A","#N/A"
a012cbcc-9da9-4b5d-82a1-5d34e78e24a5,"#N/A","#N/A",false,Web,"#N/A","#N/A",Medium,"#N/A",New,Subject_ivakd,"#N/A","#N/A","#N/A","#N/A","#N/A"
a01a4375-7690-4afd-8911-c33341a85a7b,"#N/A","#N/A",false,Web,"#N/A","#N/A",Medium,"#N/A",New,Subject_zvpnw,"#N/A","#N/A","#N/A","#N/A","#N/A"
a01c36d8-6c15-4b86-be12-05820f79d80d,"#N/A","#N/A",false,Web,"#N/A","#N/A",Medium,"#N/A",New,Subject_xcrbn,"#N/A","#N/A","#N/A","#N/A","#N/A"
a01f8ce9-270e-4f94-93f0-7bf5b37993d4,"#N/A","#N/A",false,Web,"#N/A","#N/A",Medium,"#N/A",New,Subject_dbirx,"#N/A","#N/A","#N/A","#N/A","#N/A"
a023c80c-cbd5-42d5-97f0-6a45fd6cfcbf,"#N/A","#N/A",false,Web,"#N/A","#N/A",Medium,"#N/A",New,Subject_atkew,"#N/A","#N/A","#N/A","#N/A","#N/A"
a0244e28-783c-4ac5-b911-d054a0da0d68,"#N/A","#N/A",false,Web,"#N/A","#N/A",Medium,"#N/A",New,Subject_zotoe,"#N/A","#N/A","#N/A","#N/A","#N/A"
a02606b8-bfb1-48b2-a335-aed28e62e164,"#N/A","#N/A",false,Web,"#N/A","#N/A",Medium,"#N/A",New,Subject_oqbuk,"#N/A","#N/A","#N/A","#N/A","#N/A"
a02651e1-d642-4df3-b752-5316b392bb30,"#N/A","#N/A",false,Web,"#N/A","#N/A",Medium,"#N/A",New,Subject_hboyb,"#N/A","#N/A","#N/A","#N/A","#N/A"
a02789e9-0c76-475d-945f-ee669793f856,"#N/A","#N/A",false,Web,"#N/A","#N/A",Medium,"#N/A",New,Subject_dplul,"#N/A","#N/A","#N/A","#N/A","#N/A"
a028f3f0-7dbc-4c1c-8100-ed61822b35fb,"#N/A","#N/A",false,Web,"#N/A","#N/A",Medium,"#N/A",New,Subject_obduj,"#N/A","#N/A","#N/A","#N/A","#N/A"
a02b7b7b-be62-407f-a01e-1358a7ea568d,"#N/A","#N/A",false,Web,"#N/A","#N/A",Medium,"#N/A",New,Subject_qfqkc,"#N/A","#N/A","#N/A","#N/A","#N/A"
a02c964c-a865-4b3e-ade7-76f470a9fe9d,"#N/A","#N/A",false,Web,"#N/A","#N/A",Medium,"#N/A",New,Subject_cskhp,"#N/A","#N/A","#N/A","#N/A","#N/A"
a02e52a8-0df4-4825-8ca7-647127834f71,"#N/A","#N/A",false,Web,"#N/A","#N/A",Medium,"#N/A",New,Subject_txtdo,"#N/A","#N/A","#N/A","#N/A","#N/A"
a0311d4d-7680-4ecf-afd6-ed6de0521463,"#N/A","#N/A",false,Web,"#N/A","#N/A",Medium,"#N/A",New,Subject_nxitp,"#N/A","#N/A","#N/A","#N/A","#N/A"
a032051b-be3b-48a2-b3f0-84e32e197507,"#N/A","#N/A",false,Web,"#N/A","#N/A",Medium,"#N/A",New,Subject_qosng,"#N/A","#N/A","#N/A","#N/A","#N/A"
a03cc35d-a834-476c-a153-58a8b2c67edf,"#N/A","#N/A",false,Web,"#N/A","#N/A",Medium,"#N/A",New,Subject_exari,"#N/A","#N/A","#N/A","#N/A","#N/A"
a03d7c23-8d09-4d45-84f3-591603523049,"#N/A","#N/A",false,Web,"#N/A","#N/A",Medium,"#N/A",New,Subject_rztpx,"#N/A","#N/A","#N/A","#N/A","#N/A"
a042c26c-412e-49c6-9d3c-565085025491,"#N/A","#N/A",false,Web,"#N/A","#N/A",Medium,"#N/A",New,Subject_oksat,"#N/A","#N/A","#N/A","#N/A","#N/A"
a0447476-2111-45b0-864c-25b287db8b1c,"#N/A","#N/A",false,Web,"#N/A","#N/A",Medium,"#N/A",New,Subject_vizpq,"#N/A","#N/A","#N/A","#N/A","#N/A"
a0461aaf-42bb-4538-b8a6-40367630cc53,"#N/A","#N/A",false,Web,"#N/A","#N/A",Medium,"#N/A",New,Subject_nudga,"#N/A","#N/A","#N/A","#N/A","#N/A"
a0494784-ac98-41c8-bf78-ee120d0a8ada,"#N/A","#N/A",false,Web,"#N/A","#N/A",Medium,"#N/A",New,Subject_vygjh,"#N/A","#N/A","#N/A","#N/A","#N/A"
a0499b07-8679-4ab2-b8bc-73fc4e0a1588,"#N/A","#N/A",false,Web,"#N/A","#N/A",Medium,"#N/A",New,Subject_cybfx,"#N/A","#N/A","#N/A","#N/A","#N/A"
a04a25c6-fbd5-4e38-abfa-f5ad22593bef,"#N/A","#N/A",false,Web,"#N/A","#N/A",Medium,"#N/A",New,Subject_epucp,"#N/A","#N/A","#N/A","#N/A","#N/A"
a04b8c7d-d030-4374-b84e-b599414bde0d,"#N/A","#N/A",false,Web,"#N/A","#N/A",Medium,"#N/A",New,Subject_zgfap,"#N/A","#N/A","#N/A","#N/A","#N/A"
a04d0294-d82e-4218-bbb3-3f6423f95453,"#N/A","#N/A",false,Web,"#N/A","#N/A",Medium,"#N/A",New,Subject_qqvah,"#N/A","#N/A","#N/A","#N/A","#N/A"
a0561fe3-6c38-4147-8283-aabd2932cb23,"#N/A","#N/A",false,Web,"#N/A","#N/A",Medium,"#N/A",New,Subject_vpdon,"#N/A","#N/A","#N/A","#N/A","#N/A"
a056d709-04ea-4850-a929-5971478d2463,"#N/A","#N/A",false,Web,"#N/A","#N/A",Medium,"#N/A",New,Subject_yavur,"#N/A","#N/A","#N/A","#N/A","#N/A"
a057a0db-bb90-458c-bbe1-e98a6ea5a521,"#N/A","#N/A",false,Web,"#N/A","#N/A",Medium,"#N/A",New,Subject_iormy,"#N/A","#N/A","#N/A","#N/A","#N/A"
a05a3212-75a7-4ca8-b391-fe5fb789dd39,"#N/A","#N/A",false,Web,"#N/A","#N/A",Medium,"#N/A",New,Subject_yqfqd,"#N/A","#N/A","#N/A","#N/A","#N/A"
a05bb9ee-887b-4226-bb13-2a0124531893,"#N/A","#N/A",false,Web,"#N/A","#N/A",Medium,"#N/A",New,Subject_fxbcb,"#N/A","#N/A","#N/A","#N/A","#N/A"
a0606135-e655-4bcb-8980-c67befb94f91,"#N/A","#N/A",false,Web,"#N/A","#N/A",Medium,"#N/A",New,Subject_joyid,"#N/A","#N/A","#N/A","#N/A","#N/A"
a0627c09-30bb-49d8-bc01-f465854a75e6,"#N/A","#N/A",false,Web,"#N/A","#N/A",Medium,"#N/A",New,Subject_frigt,"#N/A","#N/A","#N/A","#N/A","#N/A"
a0639001-e2e3-4f83-856d-c49300a3d614,"#N/A","#N/A",false,Web,"#N/A","#N/A",Medium,"#N/A",New,Subject_qwzdg,"#N/A","#N/A","#N/A","#N/A","#N/A"
a063a544-c121-4bb0-a024-e338002cf601,"#N/A","#N/A",false,Web,"#N/A","#N/A",Medium,"#N/A",New,Subject_ynlgl,"#N/A","#N/A","#N/A","#N/A","#N/A"
a0648cc1-eff3-454d-bd73-8319b08f5cb4,"#N/A","#N/A",false,Web,"#N/A","#N/A",Medium,"#N/A",New,Subject_kygyl,"#N/A","#N/A","#N/A","#N/A","#N/A"
a066cc01-5f55-44d7-a699-c79416118f8e,"#N/A","#N/A",false,Web,"#N/A","#N/A",Medium,"#N/A",New,Subject_zfcid,"#N/A","#N/A","#N/A","#N/A","#N/A"
a0693c7f-dace-4e75-ae43-22461cbb89bf,"#N/A","#N/A",false,Web,"#N/A","#N/A",Medium,"#N/A",New,Subject_ilnxa,"#N/A","#N/A","#N/A","#N/A","#N/A"
a06c6042-de23-4c82-96de-74a9e65858cb,"#N/A","#N/A",false,Web,"#N/A","#N/A",Medium,"#N/A",New,Subject_ricba,"#N/A","#N/A","#N/A","#N/A","#N/A"
a06d21b9-9649-4e46-8b09-5fc358539c6c,"#N/A","#N/A",false,Web,"#N/A","#N/A",Medium,"#N/A",New,Subject_pudxp,"#N/A","#N/A","#N/A","#N/A","#N/A"
a06e40a6-de1d-4668-b373-b61a946eb869,"#N/A","#N/A",false,Web,"#N/A","#N/A",Medium,"#N/A",New,Subject_eywyw,"#N/A","#N/A","#N/A","#N/A","#N/A"
a07830d5-1be7-4dfb-b666-385018042db8,"#N/A","#N/A",false,Web,"#N/A","#N/A",Medium,"#N/A",New,Subject_omebr,"#N/A","#N/A","#N/A","#N/A","#N/A"
a079f113-42a5-4384-b553-1e95755e2059,"#N/A","#N/A",false,Web,"#N/A","#N/A",Medium,"#N/A",New,Subject_poqro,"#N/A","#N/A","#N/A","#N/A","#N/A"
a07d27f1-db7d-43e5-a661-30b6fdf3d505,"#N/A","#N/A",false,Web,"#N/A","#N/A",Medium,"#N/A",New,Subject_frwvs,"#N/A","#N/A","#N/A","#N/A","#N/A"
a07e8074-2c69-4582-86c0-bd9d12d66d01,"#N/A","#N/A",false,Web,"#N/A","#N/A",Medium,"#N/A",New,Subject_eiepz,"#N/A","#N/A","#N/A","#N/A","#N/A"
a085d535-a933-4f14-8196-bc3c050d4d86,"#N/A","#N/A",false,Web,"#N/A","#N/A",Medium,"#N/A",New,Subject_ailcs,"#N/A","#N/A","#N/A","#N/A","#N/A"
a0885702-4cce-4ff0-9c84-ee52ab5ee7b1,"#N/A","#N/A",false,Web,"#N/A","#N/A",Medium,"#N/A",New,Subject_mflol,"#N/A","#N/A","#N/A","#N/A","#N/A"
a08d547e-3b75-4b8f-9bf1-6c3400864e1c,"#N/A","#N/A",false,Web,"#N/A","#N/A",Medium,"#N/A",New,Subject_jfeim,"#N/A","#N/A","#N/A","#N/A","#N/A"
a08e2d85-8143-4b1f-8618-6ddb89f6cba3,"#N/A","#N/A",false,Web,"#N/A","#N/A",Medium,"#N/A",New,Subject_vteqo,"#N/A","#N/A","#N/A","#N/A","#N/A"
a08fe3c8-d63f-46ad-9614-5b2ffbfac889,"#N/A","#N/A",false,Web,"#N/A","#N/A",Medium,"#N/A",New,Subject_fxncj,"#N/A","#N/A","#N/A","#N/A","#N/A"
a0906cf9-47f9-4ef7-b641-fafb934ff4da,"#N/A","#N/A",false,Web,"#N/A","#N/A",Medium,"#N/A",New,Subject_lqfrw,"#N/A","#N/A","#N/A","#N/A","#N/A"
a0928f7b-1f90-49a5-b260-20f0449e705e,"#N/A","#N/A",false,Web,"#N/A","#N/A",Medium,"#N/A",New,Subject_fvayl,"#N/A","#N/A","#N/A","#N/A","#N/A"
a092c110-b57b-4b59-8c64-f4fd734dbebc,"#N/A","#N/A",false,Web,"#N/A","#N/A",Medium,"#N/A",New,Subject_jseoa,"#N/A","#N/A","#N/A","#N/A","#N/A"
a092db47-42a1-488e-a23d-8179f9aed780,"#N/A","#N/A",false,Web,"#N/A","#N/A",Medium,"#N/A",New,Subject_rqobj,"#N/A","#N/A","#N/A","#N/A","#N/A"
a095820b-aff7-4beb-be5c-c8636c5d2fc1,"#N/A","#N/A",false,Web,"#N/A","#N/A",Medium,"#N/A",New,Subject_ivkzy,"#N/A","#N/A","#N/A","#N/A","#N/A"
a0961fea-857e-4ccf-86ad-e62e9909b934,"#N/A","#N/A",false,Web,"#N/A","#N/A",Medium,"#N/A",New,Subject_glctb,"#N/A","#N/A","#N/A","#N/A","#N/A"
a09b9b10-d60a-4c64-8e72-16b64390748c,"#N/A","#N/A",false,Web,"#N/A","#N/A",Medium,"#N/A",New,Subject_vrxtf,"#N/A","#N/A","#N/A","#N/A","#N/A"
a09c635c-45ce-43c3-a7ec-be5a37d3f616,"#N/A","#N/A",false,Web,"#N/A","#N/A",Medium,"#N/A",New,Subject_auofm,"#N/A","#N/A","#N/A","#N/A","#N/A"
a09f3599-c804-4af8-850f-17bc510c1914,"#N/A","#N/A",false,Web,"#N/A","#N/A",Medium,"#N/A",New,Subject_elptw,"#N/A","#N/A","#N/A","#N/A","#N/A"
a0a3b7a0-af68-4953-8504-3112989b6eae,"#N/A","#N/A",false,Web,"#N/A","#N/A",Medium,"#N/A",New,Subject_qjxdc,"#N/A","#N/A","#N/A","#N/A","#N/A"
a0a4c1b8-635b-4262-8696-80c40674fd44,"#N/A","#N/A",false,Web,"#N/A","#N/A",Medium,"#N/A",New,Subject_vgmba,"#N/A","#N/A","#N/A","#N/A","#N/A"
a0a7dfb1-ac08-49a8-b781-a64efba82cc2,"#N/A","#N/A",false,Web,"#N/A","#N/A",Medium,"#N/A",New,Subject_tlfta,"#N/A","#N/A","#N/A","#N/A","#N/A"
a0a9425a-2fa6-4a03-a57b-0e138ed088c7,"#N/A","#N/A",false,Web,"#N/A","#N/A",Medium,"#N/A",New,Subject_azyrf,"#N/A","#N/A","#N/A","#N/A","#N/A"
a0a97582-6fc8-470c-b22f-799450ea7d9d,"#N/A","#N/A",false,Web,"#N/A","#N/A",Medium,"#N/A",New,Subject_agmjw,"#N/A","#N/A","#N/A","#N/A","#N/A"
a0af68e2-d84c-447b-a532-47102432de5b,"#N/A","#N/A",false,Web,"#N/A","#N/A",Medium,"#N/A",New,Subject_tkmch,"#N/A","#N/A","#N/A","#N/A","#N/A"
a0b3f3f0-c70b-4bd1-a34f-92a46e1ce1ad,"#N/A","#N/A",false,Web,"#N/A","#N/A",Medium,"#N/A",New,Subject_hlyfl,"#N/A","#N/A","#N/A","#N/A","#N/A"
a0b4ff61-1faf-48fb-a4f8-8f0eb95fb4e8,"#N/A","#N/A",false,Web,"#N/A","#N/A",Medium,"#N/A",New,Subject_aurbp,"#N/A","#N/A","#N/A","#N/A","#N/A"
a0b51a15-5ae5-4345-9f2c-d09631356b19,"#N/A","#N/A",false,Web,"#N/A","#N/A",Medium,"#N/A",New,Subject_iqcgs,"#N/A","#N/A","#N/A","#N/A","#N/A"
a0b51a28-2ab5-40a8-acd0-5d08262161ac,"#N/A","#N/A",false,Web,"#N/A","#N/A",Medium,"#N/A",New,Subject_iejkv,"#N/A","#N/A","#N/A","#N/A","#N/A"
a0bcbe8f-636e-497e-b2a3-16a93819001c,"#N/A","#N/A",false,Web,"#N/A","#N/A",Medium,"#N/A",New,Subject_fphhw,"#N/A","#N/A","#N/A","#N/A","#N/A"
a0bd4b8f-1f91-4efb-9d7c-89294caffd5b,"#N/A","#N/A",false,Web,"#N/A","#N/A",Medium,"#N/A",New,Subject_egdyh,"#N/A","#N/A","#N/A","#N/A","#N/A"
a0bf5fb6-b0f3-47ff-acbd-216216ad42df,"#N/A","#N/A",false,Web,"#N/A","#N/A",Medium,"#N/A",New,Subject_unren,"#N/A","#N/A","#N/A","#N/A","#N/A"
a0c11c96-2bc7-4d6e-bbd0-ca11226ea9be,"#N/A","#N/A",false,Web,"#N/A","#N/A",Medium,"#N/A",New,Subject_pbwaq,"#N/A","#N/A","#N/A","#N/A","#N/A"
a0c12602-5f44-4910-b3d1-08356eb84375,"#N/A","#N/A",false,Web,"#N/A","#N/A",Medium,"#N/A",New,Subject_mqsgp,"#N/A","#N/A","#N/A","#N/A","#N/A"
a0c3bf2f-6d97-4ee6-bc23-444cd4d922e1,"#N/A","#N/A",false,Web,"#N/A","#N/A",Medium,"#N/A",New,Subject_mgbme,"#N/A","#N/A","#N/A","#N/A","#N/A"
a0c97656-5e8c-45af-b25a-7324db1471d5,"#N/A","#N/A",false,Web,"#N/A","#N/A",Medium,"#N/A",New,Subject_yyphc,"#N/A","#N/A","#N/A","#N/A","#N/A"
a0d0a1d8-9e28-486e-bf38-85120f29352e,"#N/A","#N/A",false,Web,"#N/A","#N/A",Medium,"#N/A",New,Subject_oszcv,"#N/A","#N/A","#N/A","#N/A","#N/A"
a0d333fe-db3f-4006-a4ad-66e9abcb6707,"#N/A","#N/A",false,Web,"#N/A","#N/A",Medium,"#N/A",New,Subject_zmngj,"#N/A","#N/A","#N/A","#N/A","#N/A"
a0d43df0-ac4d-40e1-8223-3eb118653d62,"#N/A","#N/A",false,Web,"#N/A","#N/A",Medium,"#N/A",New,Subject_xzskc,"#N/A","#N/A","#N/A","#N/A","#N/A"
a0d88448-ae15-4c47-81ed-ec45a7a9cc91,"#N/A","#N/A",false,Web,"#N/A","#N/A",Medium,"#N/A",New,Subject_ysyst,"#N/A","#N/A","#N/A","#N/A","#N/A"
a0dbabae-5faa-4073-87ec-feacd9b36a15,"#N/A","#N/A",false,Web,"#N/A","#N/A",Medium,"#N/A",New,Subject_popow,"#N/A","#N/A","#N/A","#N/A","#N/A"
a0dcf119-8590-42df-9e58-4c7ed556b182,"#N/A","#N/A",false,Web,"#N/A","#N/A",Medium,"#N/A",New,Subject_qvdmv,"#N/A","#N/A","#N/A","#N/A","#N/A"
a0ddeafa-72e8-4256-a8fc-ac0bacd33ccf,"#N/A","#N/A",false,Web,"#N/A","#N/A",Medium,"#N/A",New,Subject_mavtx,"#N/A","#N/A","#N/A","#N/A","#N/A"
a0dfb567-7f9f-4468-a08b-d20a08603bac,"#N/A","#N/A",false,Web,"#N/A","#N/A",Medium,"#N/A",New,Subject_jrkad,"#N/A","#N/A","#N/A","#N/A","#N/A"
a0e5382f-5a3a-4c4d-acde-c36584e80067,"#N/A","#N/A",false,Web,"#N/A","#N/A",Medium,"#N/A",New,Subject_wzsxu,"#N/A","#N/A","#N/A","#N/A","#N/A"
a0e9a912-05e8-45c8-aaa3-094580603e77,"#N/A","#N/A",false,Web,"#N/A","#N/A",Medium,"#N/A",New,Subject_wsrjp,"#N/A","#N/A","#N/A","#N/A","#N/A"
a0eba802-4885-4b18-9aca-8fe398d16bc3,"#N/A","#N/A",false,Web,"#N/A","#N/A",Medium,"#N/A",New,Subject_jgdvs,"#N/A","#N/A","#N/A","#N/A","#N/A"
a0edd230-44ab-467c-a780-17e02fac166c,"#N/A","#N/A",false,Web,"#N/A","#N/A",Medium,"#N/A",New,Subject_qqkkf,"#N/A","#N/A","#N/A","#N/A","#N/A"
a0f0bce2-38f6-4d0f-b6ac-d5748e78e686,"#N/A","#N/A",false,Web,"#N/A","#N/A",Medium,"#N/A",New,Subject_woehi,"#N/A","#N/A","#N/A","#N/A","#N/A"
a0f10a61-4796-4215-8425-46ceb96f3123,"#N/A","#N/A",false,Web,"#N/A","#N/A",Medium,"#N/A",New,Subject_wddnk,"#N/A","#N/A","#N/A","#N/A","#N/A"
a0f1ad8b-9c2f-46ef-9978-330f5adb3d7e,"#N/A","#N/A",false,Web,"#N/A","#N/A",Medium,"#N/A",New,Subject_cdbgp,"#N/A","#N/A","#N/A","#N/A","#N/A"
a0f2b682-9caf-4278-adc0-1181532210d3,"#N/A","#N/A",false,Web,"#N/A","#N/A",Medium,"#N/A",New,Subject_ennsz,"#N/A","#N/A","#N/A","#N/A","#N/A"
a0f68f20-9794-4298-95fc-c2e8fd3be27c,"#N/A","#N/A",false,Web,"#N/A","#N/A",Medium,"#N/A",New,Subject_xubdy,"#N/A","#N/A","#N/A","#N/A","#N/A"
a0fb8444-192f-4fde-aebf-15286a5765ce,"#N/A","#N/A",false,Web,"#N/A","#N/A",Medium,"#N/A",New,Subject_daniu,"#N/A","#N/A","#N/A","#N/A","#N/A"
a0fb97cf-a13b-4a73-bbb6-13475d6ab5ab,"#N/A","#N/A",false,Web,"#N/A","#N/A",Medium,"#N/A",New,Subject_lwfjl,"#N/A","#N/A","#N/A","#N/A","#N/A"
a0fd07fb-0f73-44f8-a5fe-18dac9e65a4f,"#N/A","#N/A",false,Web,"#N/A","#N/A",Medium,"#N/A",New,Subject_peykt,"#N/A","#N/A","#N/A","#N/A","#N/A"
a0ff49fa-2b05-4ad7-a064-fb1455e2d5c8,"#N/A","#N/A",false,Web,"#N/A","#N/A",Medium,"#N/A",New,Subject_vkgqj,"#N/A","#N/A","#N/A","#N/A","#N/A"
a1011fe3-a3ec-4c6b-9e3e-01145dafd857,"#N/A","#N/A",false,Web,"#N/A","#N/A",Medium,"#N/A",New,Subject_napta,"#N/A","#N/A","#N/A","#N/A","#N/A"
a10274ea-cf80-4e43-88f4-d81d9b7dc90f,"#N/A","#N/A",false,Web,"#N/A","#N/A",Medium,"#N/A",New,Subject_ifbsm,"#N/A","#N/A","#N/A","#N/A","#N/A"
a1049a36-d0b2-4027-806d-320cabd79abf,"#N/A","#N/A",false,Web,"#N/A","#N/A",Medium,"#N/A",New,Subject_hlvop,"#N/A","#N/A","#N/A","#N/A","#N/A"
a1056388-4302-4884-be51-02ea91325ff5,"#N/A","#N/A",false,Web,"#N/A","#N/A",Medium,"#N/A",New,Subject_grsha,"#N/A","#N/A","#N/A","#N/A","#N/A"
a105743e-5ac8-4fbd-865a-c45e960db4e3,"#N/A","#N/A",false,Web,"#N/A","#N/A",Medium,"#N/A",New,Subject_rdkoz,"#N/A","#N/A","#N/A","#N/A","#N/A"
a1062ecf-5c90-4c64-843e-11866689aa30,"#N/A","#N/A",false,Web,"#N/A","#N/A",Medium,"#N/A",New,Subject_nmfak,"#N/A","#N/A","#N/A","#N/A","#N/A"
a107902d-513d-426c-8f80-5e1b8a7b7e0d,"#N/A","#N/A",false,Web,"#N/A","#N/A",Medium,"#N/A",New,Subject_ivsbd,"#N/A","#N/A","#N/A","#N/A","#N/A"
a11268ee-cf23-4ee9-9f06-f7dd800c7a1a,"#N/A","#N/A",false,Web,"#N/A","#N/A",Medium,"#N/A",New,Subject_ycfsn,"#N/A","#N/A","#N/A","#N/A","#N/A"
a115fa7a-210c-4d59-b2b1-6af2885cc345,"#N/A","#N/A",false,Web,"#N/A","#N/A",Medium,"#N/A",New,Subject_hodww,"#N/A","#N/A","#N/A","#N/A","#N/A"
a1162001-494b-488c-a45e-cf20c7a13267,"#N/A","#N/A",false,Web,"#N/A","#N/A",Medium,"#N/A",New,Subject_jrlro,"#N/A","#N/A","#N/A","#N/A","#N/A"
a1197934-7589-4006-b763-786beb838d16,"#N/A","#N/A",false,Web,"#N/A","#N/A",Medium,"#N/A",New,Subject_liwzf,"#N/A","#N/A","#N/A","#N/A","#N/A"
a11c5e4b-2aec-40a9-a48b-302926c2015f,"#N/A","#N/A",false,Web,"#N/A","#N/A",Medium,"#N/A",New,Subject_cxcir,"#N/A","#N/A","#N/A","#N/A","#N/A"
a11d9239-daf6-4117-8f6f-54a86c055076,"#N/A","#N/A",false,Web,"#N/A","#N/A",Medium,"#N/A",New,Subject_hkssm,"#N/A","#N/A","#N/A","#N/A","#N/A"
a124075b-3f18-4fdd-9ba3-40c86fdf6f6f,"#N/A","#N/A",false,Web,"#N/A","#N/A",Medium,"#N/A",New,Subject_sgxhe,"#N/A","#N/A","#N/A","#N/A","#N/A"
a124ad31-506f-488b-bd58-b72199579563,"#N/A","#N/A",false,Web,"#N/A","#N/A",Medium,"#N/A",New,Subject_ibsgk,"#N/A","#N/A","#N/A","#N/A","#N/A"
a12bae0e-ba14-4284-bbe8-19955917637d,"#N/A","#N/A",false,Web,"#N/A","#N/A",Medium,"#N/A",New,Subject_fdtbi,"#N/A","#N/A","#N/A","#N/A","#N/A"
a12c0afc-d3df-4d8e-aaf1-23aa89497fa3,"#N/A","#N/A",false,Web,"#N/A","#N/A",Medium,"#N/A",New,Subject_uhauw,"#N/A","#N/A","#N/A","#N/A","#N/A"
a12eda14-43e2-4cba-9313-ae5cdee397b4,"#N/A","#N/A",false,Web,"#N/A","#N/A",Medium,"#N/A",New,Subject_vntxa,"#N/A","#N/A","#N/A","#N/A","#N/A"
a132601d-c006-40a8-9961-f90bc30004ce,"#N/A","#N/A",false,Web,"#N/A","#N/A",Medium,"#N/A",New,Subject_lfdko,"#N/A","#N/A","#N/A","#N/A","#N/A"
a1326cb5-aa63-443b-b12b-12f17b3b3553,"#N/A","#N/A",false,Web,"#N/A","#N/A",Medium,"#N/A",New,Subject_fmwoz,"#N/A","#N/A","#N/A","#N/A","#N/A"
a136eafc-4581-4fa1-9f53-32857b964e4e,"#N/A","#N/A",false,Web,"#N/A","#N/A",Medium,"#N/A",New,Subject_uktoo,"#N/A","#N/A","#N/A","#N/A","#N/A"
a138c31d-81cc-4a15-b79d-28f4b0c8978e,"#N/A","#N/A",false,Web,"#N/A","#N/A",Medium,"#N/A",New,Subject_xjsiz,"#N/A","#N/A","#N/A","#N/A","#N/A"
a13a3c23-1353-4d60-899b-5b00ec4f4059,"#N/A","#N/A",false,Web,"#N/A","#N/A",Medium,"#N/A",New,Subject_vpcco,"#N/A","#N/A","#N/A","#N/A","#N/A"
a13c0674-c67a-49aa-b72f-23a06fb2aef7,"#N/A","#N/A",false,Web,"#N/A","#N/A",Medium,"#N/A",New,Subject_kdmsd,"#N/A","#N/A","#N/A","#N/A","#N/A"
a13d9abe-df3b-4da6-adbc-1429094b90db,"#N/A","#N/A",false,Web,"#N/A","#N/A",Medium,"#N/A",New,Subject_sckxg,"#N/A","#N/A","#N/A","#N/A","#N/A"
a13e1d6d-e194-42bf-942d-ff84e16bd8dc,"#N/A","#N/A",false,Web,"#N/A","#N/A",Medium,"#N/A",New,Subject_mxrsg,"#N/A","#N/A","#N/A","#N/A","#N/A"
a13e3655-f82d-46f6-acd5-ce7a7fc79723,"#N/A","#N/A",false,Web,"#N/A","#N/A",Medium,"#N/A",New,Subject_arimg,"#N/A","#N/A","#N/A","#N/A","#N/A"
a13f1640-8304-4307-a4d8-c4af8983e3a1,"#N/A","#N/A",false,Web,"#N/A","#N/A",Medium,"#N/A",New,Subject_uhdzt,"#N/A","#N/A","#N/A","#N/A","#N/A"
a1442da8-f0f9-4f4a-97af-7f7b08f18097,"#N/A","#N/A",false,Web,"#N/A","#N/A",Medium,"#N/A",New,Subject_bsjtt,"#N/A","#N/A","#N/A","#N/A","#N/A"
a146d955-15bb-4484-9d75-6358d2b9763c,"#N/A","#N/A",false,Web,"#N/A","#N/A",Medium,"#N/A",New,Subject_xhssf,"#N/A","#N/A","#N/A","#N/A","#N/A"
a146f7b2-3184-4010-a488-47becab13f1e,"#N/A","#N/A",false,Web,"#N/A","#N/A",Medium,"#N/A",New,Subject_gxmxs,"#N/A","#N/A","#N/A","#N/A","#N/A"
a14b06ea-345d-405e-92be-46b36813b47e,"#N/A","#N/A",false,Web,"#N/A","#N/A",Medium,"#N/A",New,Subject_eeinu,"#N/A","#N/A","#N/A","#N/A","#N/A"
a1501bb1-4093-4a4c-9b22-e4664c38a5a7,"#N/A","#N/A",false,Web,"#N/A","#N/A",Medium,"#N/A",New,Subject_cmjwl,"#N/A","#N/A","#N/A","#N/A","#N/A"
a1518883-4006-4bb4-b632-3db735b02b15,"#N/A","#N/A",false,Web,"#N/A","#N/A",Medium,"#N/A",New,Subject_nucwt,"#N/A","#N/A","#N/A","#N/A","#N/A"
a153527c-673d-48c4-bab4-06bfb97b7e19,"#N/A","#N/A",false,Web,"#N/A","#N/A",Medium,"#N/A",New,Subject_voklq,"#N/A","#N/A","#N/A","#N/A","#N/A"
a15727e7-1cc6-4eaf-b9cc-bf70d0b44109,"#N/A","#N/A",false,Web,"#N/A","#N/A",Medium,"#N/A",New,Subject_dxaxd,"#N/A","#N/A","#N/A","#N/A","#N/A"
a15c75a9-dca4-4a77-9eaf-796f84030363,"#N/A","#N/A",false,Web,"#N/A","#N/A",Medium,"#N/A",New,Subject_fxadp,"#N/A","#N/A","#N/A","#N/A","#N/A"
a15ce667-0bef-4c95-8f57-6b2216dc59bf,"#N/A","#N/A",false,Web,"#N/A","#N/A",Medium,"#N/A",New,Subject_amikz,"#N/A","#N/A","#N/A","#N/A","#N/A"
a1613a0d-2b80-467b-ba53-7010b00f13ee,"#N/A","#N/A",false,Web,"#N/A","#N/A",Medium,"#N/A",New,Subject_uqqmv,"#N/A","#N/A","#N/A","#N/A","#N/A"
a167118c-1c4f-4a0d-9b11-11d274d55f60,"#N/A","#N/A",false,Web,"#N/A","#N/A",Medium,"#N/A",New,Subject_tiqka,"#N/A","#N/A","#N/A","#N/A","#N/A"
a169dac5-2252-460f-86cc-00657c2987a4,"#N/A","#N/A",false,Web,"#N/A","#N/A",Medium,"#N/A",New,Subject_cmrma,"#N/A","#N/A","#N/A","#N/A","#N/A"
a16d4576-5e76-4fdd-8cac-b5ba2a49e464,"#N/A","#N/A",false,Web,"#N/A","#N/A",Medium,"#N/A",New,Subject_yjdgv,"#N/A","#N/A","#N/A","#N/A","#N/A"
a171f84e-bbf5-4755-93b1-cb0e136aa2ac,"#N/A","#N/A",false,Web,"#N/A","#N/A",Medium,"#N/A",New,Subject_hyvtu,"#N/A","#N/A","#N/A","#N/A","#N/A"
a17284d2-3095-48f4-a583-c76380f48771,"#N/A","#N/A",false,Web,"#N/A","#N/A",Medium,"#N/A",New,Subject_duoil,"#N/A","#N/A","#N/A","#N/A","#N/A"
a172c187-495a-4b11-ae2f-69bdf169451f,"#N/A","#N/A",false,Web,"#N/A","#N/A",Medium,"#N/A",New,Subject_zruke,"#N/A","#N/A","#N/A","#N/A","#N/A"
a174d619-a902-4e73-a317-13ff4a551ea2,"#N/A","#N/A",false,Web,"#N/A","#N/A",Medium,"#N/A",New,Subject_gxkxz,"#N/A","#N/A","#N/A","#N/A","#N/A"
a17a161d-f862-4e2f-a53f-ca6eed4fd8a0,"#N/A","#N/A",false,Web,"#N/A","#N/A",Medium,"#N/A",New,Subject_ucwfu,"#N/A","#N/A","#N/A","#N/A","#N/A"
a17c1e9c-16d8-4bdd-9dae-e89239979d05,"#N/A","#N/A",false,Web,"#N/A","#N/A",Medium,"#N/A",New,Subject_oycfy,"#N/A","#N/A","#N/A","#N/A","#N/A"
a17dc379-a59b-4781-b336-351e116648a1,"#N/A","#N/A",false,Web,"#N/A","#N/A",Medium,"#N/A",New,Subject_dudrx,"#N/A","#N/A","#N/A","#N/A","#N/A"
a18b4940-56ff-4e5a-b48c-9b02625bd41c,"#N/A","#N/A",false,Web,"#N/A","#N/A",Medium,"#N/A",New,Subject_ypiwi,"#N/A","#N/A","#N/A","#N/A","#N/A"
a18e90a5-4823-4a30-8ad7-d5072d3a78c3,"#N/A","#N/A",false,Web,"#N/A","#N/A",Medium,"#N/A",New,Subject_sgray,"#N/A","#N/A","#N/A","#N/A","#N/A"
a1912592-45e6-4521-89bb-3de5901c2ed3,"#N/A","#N/A",false,Web,"#N/A","#N/A",Medium,"#N/A",New,Subject_fbalu,"#N/A","#N/A","#N/A","#N/A","#N/A"
a197eaa2-2aac-45fb-a604-0858cb691c6b,"#N/A","#N/A",false,Web,"#N/A","#N/A",Medium,"#N/A",New,Subject_lifnl,"#N/A","#N/A","#N/A","#N/A","#N/A"
a19b7a4c-0201-4281-878e-15b657d6da96,"#N/A","#N/A",false,Web,"#N/A","#N/A",Medium,"#N/A",New,Subject_xwimb,"#N/A","#N/A","#N/A","#N/A","#N/A"
a19b7c99-7b37-467d-9edc-741c4e833b7e,"#N/A","#N/A",false,Web,"#N/A","#N/A",Medium,"#N/A",New,Subject_vibkn,"#N/A","#N/A","#N/A","#N/A","#N/A"
a19c8239-6f6d-4072-99ee-32bbdad3a18f,"#N/A","#N/A",false,Web,"#N/A","#N/A",Medium,"#N/A",New,Subject_itnaj,"#N/A","#N/A","#N/A","#N/A","#N/A"
a19cb068-2904-464f-8434-8ed88991adda,"#N/A","#N/A",false,Web,"#N/A","#N/A",Medium,"#N/A",New,Subject_bbtpk,"#N/A","#N/A","#N/A","#N/A","#N/A"
a19d079d-5684-4df9-ab60-b652f0fb49cb,"#N/A","#N/A",false,Web,"#N/A","#N/A",Medium,"#N/A",New,Subject_riagw,"#N/A","#N/A","#N/A","#N/A","#N/A"
a19d10d5-2a6a-405e-8a26-89a594a39334,"#N/A","#N/A",false,Web,"#N/A","#N/A",Medium,"#N/A",New,Subject_srdbm,"#N/A","#N/A","#N/A","#N/A","#N/A"
a19f97b5-fd2f-4450-a9b0-0a2567f882f4,"#N/A","#N/A",false,Web,"#N/A","#N/A",Medium,"#N/A",New,Subject_yuqce,"#N/A","#N/A","#N/A","#N/A","#N/A"
a1a2ccc0-4bee-4aaf-ba60-1f415d7f9bfe,"#N/A","#N/A",false,Web,"#N/A","#N/A",Medium,"#N/A",New,Subject_xixfo,"#N/A","#N/A","#N/A","#N/A","#N/A"
a1a5c0f9-ff9d-4f06-96bc-3681d12ccab0,"#N/A","#N/A",false,Web,"#N/A","#N/A",Medium,"#N/A",New,Subject_gpqwb,"#N/A","#N/A","#N/A","#N/A","#N/A"
a1a75711-4326-41be-a9d7-384f5989242f,"#N/A","#N/A",false,Web,"#N/A","#N/A",Medium,"#N/A",New,Subject_bqqkk,"#N/A","#N/A","#N/A","#N/A","#N/A"
a1a7c53c-f2a6-4fbf-abc4-9965108a6322,"#N/A","#N/A",false,Web,"#N/A","#N/A",Medium,"#N/A",New,Subject_qgxck,"#N/A","#N/A","#N/A","#N/A","#N/A"
a1a93422-39c3-440f-b34f-42a7f02a9115,"#N/A","#N/A",false,Web,"#N/A","#N/A",Medium,"#N/A",New,Subject_mnlsm,"#N/A","#N/A","#N/A","#N/A","#N/A"
a1aa3a52-7c78-4ed9-879c-b920d03c2951,"#N/A","#N/A",false,Web,"#N/A","#N/A",Medium,"#N/A",New,Subject_zuuzn,"#N/A","#N/A","#N/A","#N/A","#N/A"
a1abd991-20fe-45ce-86a8-04a0e9c5783d,"#N/A","#N/A",false,Web,"#N/A","#N/A",Medium,"#N/A",New,Subject_wweof,"#N/A","#N/A","#N/A","#N/A","#N/A"
a1abeb72-b1cb-4739-ae8d-47ea60cc345c,"#N/A","#N/A",false,Web,"#N/A","#N/A",Medium,"#N/A",New,Subject_aarjz,"#N/A","#N/A","#N/A","#N/A","#N/A"
a1b04b62-348e-42ad-a3a5-d2bb3c9a22c2,"#N/A","#N/A",false,Web,"#N/A","#N/A",Medium,"#N/A",New,Subject_ekjwu,"#N/A","#N/A","#N/A","#N/A","#N/A"
a1b44951-f071-4ade-bf45-c2ba33a30475,"#N/A","#N/A",false,Web,"#N/A","#N/A",Medium,"#N/A",New,Subject_ofguf,"#N/A","#N/A","#N/A","#N/A","#N/A"
a1bb3c4b-07d5-4b6e-8627-bdf97c0ca35a,"#N/A","#N/A",false,Web,"#N/A","#N/A",Medium,"#N/A",New,Subject_baylz,"#N/A","#N/A","#N/A","#N/A","#N/A"
a1c22889-b3de-4d58-92e0-6a710a647196,"#N/A","#N/A",false,Web,"#N/A","#N/A",Medium,"#N/A",New,Subject_hvhus,"#N/A","#N/A","#N/A","#N/A","#N/A"
a1c341d5-45d9-4fee-83e7-3dff2df709a1,"#N/A","#N/A",false,Web,"#N/A","#N/A",Medium,"#N/A",New,Subject_cuqug,"#N/A","#N/A","#N/A","#N/A","#N/A"
a1c7afda-d01d-444b-8c6a-c42bde9cb48a,"#N/A","#N/A",false,Web,"#N/A","#N/A",Medium,"#N/A",New,Subject_gjirg,"#N/A","#N/A","#N/A","#N/A","#N/A"
a1ca6a5d-f63e-4b8c-9db3-b4c418e4ca3e,"#N/A","#N/A",false,Web,"#N/A","#N/A",Medium,"#N/A",New,Subject_fbyhf,"#N/A","#N/A","#N/A","#N/A","#N/A"
a1cec9a4-03bb-4f3c-ac6e-ca33c573d48a,"#N/A","#N/A",false,Web,"#N/A","#N/A",Medium,"#N/A",New,Subject_gxumf,"#N/A","#N/A","#N/A","#N/A","#N/A"
a1cf05fa-dd12-423e-b592-d541e91fbfc3,"#N/A","#N/A",false,Web,"#N/A","#N/A",Medium,"#N/A",New,Subject_wcees,"#N/A","#N/A","#N/A","#N/A","#N/A"
a1d242b5-3928-48a8-9dc9-64fc682dbc8a,"#N/A","#N/A",false,Web,"#N/A","#N/A",Medium,"#N/A",New,Subject_iupye,"#N/A","#N/A","#N/A","#N/A","#N/A"
a1d24cf7-d52e-41de-84a8-9fc33773beeb,"#N/A","#N/A",false,Web,"#N/A","#N/A",Medium,"#N/A",New,Subject_oknvb,"#N/A","#N/A","#N/A","#N/A","#N/A"
a1d61fca-c427-4b7f-832e-4fbb1b3e2a9b,"#N/A","#N/A",false,Web,"#N/A","#N/A",Medium,"#N/A",New,Subject_uhjey,"#N/A","#N/A","#N/A","#N/A","#N/A"
a1d7d8a0-5f6a-46a0-bb2b-b62bb5c37509,"#N/A","#N/A",false,Web,"#N/A","#N/A",Medium,"#N/A",New,Subject_vmytg,"#N/A","#N/A","#N/A","#N/A","#N/A"
a1dd0530-dc3a-4b76-8ad8-f05bb6f8fd13,"#N/A","#N/A",false,Web,"#N/A","#N/A",Medium,"#N/A",New,Subject_ylnby,"#N/A","#N/A","#N/A","#N/A","#N/A"
a1e895c4-043f-41e7-b286-3815893a971f,"#N/A","#N/A",false,Web,"#N/A","#N/A",Medium,"#N/A",New,Subject_ahfcd,"#N/A","#N/A","#N/A","#N/A","#N/A"
a1ef9e63-7612-4eba-823b-b0297fae1a16,"#N/A","#N/A",false,Web,"#N/A","#N/A",Medium,"#N/A",New,Subject_gmjuk,"#N/A","#N/A","#N/A","#N/A","#N/A"
a1f0f1ba-54cc-4110-99fe-71a6b68c2ac9,"#N/A","#N/A",false,Web,"#N/A","#N/A",Medium,"#N/A",New,Subject_xlfgw,"#N/A","#N/A","#N/A","#N/A","#N/A"
a1f20253-d269-469a-933d-a2d178202989,"#N/A","#N/A",false,Web,"#N/A","#N/A",Medium,"#N/A",New,Subject_hgogi,"#N/A","#N/A","#N/A","#N/A","#N/A"
a1f32aef-fd7e-49f0-a6f3-7cf95d99c43c,"#N/A","#N/A",false,Web,"#N/A","#N/A",Medium,"#N/A",New,Subject_qmjza,"#N/A","#N/A","#N/A","#N/A","#N/A"
a1f34995-be19-4487-aea1-f1ae4107c2b3,"#N/A","#N/A",false,Web,"#N/A","#N/A",Medium,"#N/A",New,Subject_zbpmm,"#N/A","#N/A","#N/A","#N/A","#N/A"
a1f36061-4ffa-46d1-ba70-25a195cbf4c5,"#N/A","#N/A",false,Web,"#N/A","#N/A",Medium,"#N/A",New,Subject_hdonu,"#N/A","#N/A","#N/A","#N/A","#N/A"
a1f885bf-4362-4927-87fa-7120214c0f1c,"#N/A","#N/A",false,Web,"#N/A","#N/A",Medium,"#N/A",New,Subject_sekdk,"#N/A","#N/A","#N/A","#N/A","#N/A"
a203a85c-1f45-4d4e-b0f0-954a574e5df4,"#N/A","#N/A",false,Web,"#N/A","#N/A",Medium,"#N/A",New,Subject_ifesr,"#N/A","#N/A","#N/A","#N/A","#N/A"
a203e236-4480-4f79-ab4e-75e79475e13e,"#N/A","#N/A",false,Web,"#N/A","#N/A",Medium,"#N/A",New,Subject_jsyli,"#N/A","#N/A","#N/A","#N/A","#N/A"
a208241f-34da-4560-b78e-bc0087392f24,"#N/A","#N/A",false,Web,"#N/A","#N/A",Medium,"#N/A",New,Subject_opzgm,"#N/A","#N/A","#N/A","#N/A","#N/A"
a2083cc1-831b-4c8f-9f97-82bcc2946b69,"#N/A","#N/A",false,Web,"#N/A","#N/A",Medium,"#N/A",New,Subject_lnzbh,"#N/A","#N/A","#N/A","#N/A","#N/A"
a20986b8-70be-4357-bba9-1fa2226c11be,"#N/A","#N/A",false,Web,"#N/A","#N/A",Medium,"#N/A",New,Subject_fkvup,"#N/A","#N/A","#N/A","#N/A","#N/A"
a20aa89a-d2fa-455f-94a0-ed89769d126f,"#N/A","#N/A",false,Web,"#N/A","#N/A",Medium,"#N/A",New,Subject_snrvk,"#N/A","#N/A","#N/A","#N/A","#N/A"
a20b2cfc-37b7-4105-b963-3a3aa176bcf7,"#N/A","#N/A",false,Web,"#N/A","#N/A",Medium,"#N/A",New,Subject_xpkix,"#N/A","#N/A","#N/A","#N/A","#N/A"
a20d6731-6432-4737-b350-c58a30815aff,"#N/A","#N/A",false,Web,"#N/A","#N/A",Medium,"#N/A",New,Subject_hdhrw,"#N/A","#N/A","#N/A","#N/A","#N/A"
a20f09fd-731a-46b6-8d8d-427f85a0c0a9,"#N/A","#N/A",false,Web,"#N/A","#N/A",Medium,"#N/A",New,Subject_bqthu,"#N/A","#N/A","#N/A","#N/A","#N/A"
a21061cf-4f65-4d22-8534-3ae5ea656104,"#N/A","#N/A",false,Web,"#N/A","#N/A",Medium,"#N/A",New,Subject_arbpi,"#N/A","#N/A","#N/A","#N/A","#N/A"
a211e01d-3579-4f43-a5ac-d4d72ee7917f,"#N/A","#N/A",false,Web,"#N/A","#N/A",Medium,"#N/A",New,Subject_bfuhn,"#N/A","#N/A","#N/A","#N/A","#N/A"
a2159b61-25a0-4b10-89e9-3ff1a452e25a,"#N/A","#N/A",false,Web,"#N/A","#N/A",Medium,"#N/A",New,Subject_sqbzk,"#N/A","#N/A","#N/A","#N/A","#N/A"
a2170dfc-2205-42c1-8b89-1b3af9c3109b,"#N/A","#N/A",false,Web,"#N/A","#N/A",Medium,"#N/A",New,Subject_iefch,"#N/A","#N/A","#N/A","#N/A","#N/A"
a224b22f-b52b-46a8-9d0e-36765f5b4b82,"#N/A","#N/A",false,Web,"#N/A","#N/A",Medium,"#N/A",New,Subject_mocvs,"#N/A","#N/A","#N/A","#N/A","#N/A"
a226e412-9d6c-4063-a7a3-b36a4d1676cd,"#N/A","#N/A",false,Web,"#N/A","#N/A",Medium,"#N/A",New,Subject_zgpdp,"#N/A","#N/A","#N/A","#N/A","#N/A"
a22830be-ed4f-4d89-aca0-86a38584835b,"#N/A","#N/A",false,Web,"#N/A","#N/A",Medium,"#N/A",New,Subject_mvags,"#N/A","#N/A","#N/A","#N/A","#N/A"
a2287854-d096-4ac0-af2f-891d2de7552c,"#N/A","#N/A",false,Web,"#N/A","#N/A",Medium,"#N/A",New,Subject_avrec,"#N/A","#N/A","#N/A","#N/A","#N/A"
a22b1060-c024-4f5d-a4ce-dda87ff23265,"#N/A","#N/A",false,Web,"#N/A","#N/A",Medium,"#N/A",New,Subject_qgjrc,"#N/A","#N/A","#N/A","#N/A","#N/A"
a22da3c9-cfd2-4141-90a1-dcd5c1473e9f,"#N/A","#N/A",false,Web,"#N/A","#N/A",Medium,"#N/A",New,Subject_irgcf,"#N/A","#N/A","#N/A","#N/A","#N/A"
a22e8444-e919-4e0c-9579-2480e83594b2,"#N/A","#N/A",false,Web,"#N/A","#N/A",Medium,"#N/A",New,Subject_ergtx,"#N/A","#N/A","#N/A","#N/A","#N/A"
a22eb421-668c-4023-9340-d91ed0d71ee5,"#N/A","#N/A",false,Web,"#N/A","#N/A",Medium,"#N/A",New,Subject_gduiu,"#N/A","#N/A","#N/A","#N/A","#N/A"
a22f2b37-b2f3-4206-a5d6-a88fc8a5882c,"#N/A","#N/A",false,Web,"#N/A","#N/A",Medium,"#N/A",New,Subject_tycaq,"#N/A","#N/A","#N/A","#N/A","#N/A"
a230d609-7e28-44c9-ac4f-f6cbb45fa9b6,"#N/A","#N/A",false,Web,"#N/A","#N/A",Medium,"#N/A",New,Subject_mijul,"#N/A","#N/A","#N/A","#N/A","#N/A"
a2339bd6-7542-4ffd-9710-b94f86894752,"#N/A","#N/A",false,Web,"#N/A","#N/A",Medium,"#N/A",New,Subject_cgkny,"#N/A","#N/A","#N/A","#N/A","#N/A"
a2361048-ba23-40a1-9acb-95a828bd693c,"#N/A","#N/A",false,Web,"#N/A","#N/A",Medium,"#N/A",New,Subject_svpef,"#N/A","#N/A","#N/A","#N/A","#N/A"
a2428dca-9673-46b6-9df6-ac5add56a333,"#N/A","#N/A",false,Web,"#N/A","#N/A",Medium,"#N/A",New,Subject_ypreg,"#N/A","#N/A","#N/A","#N/A","#N/A"
a246eb0f-56fe-4a88-b2d7-1249b205f6e7,"#N/A","#N/A",false,Web,"#N/A","#N/A",Medium,"#N/A",New,Subject_uyjnn,"#N/A","#N/A","#N/A","#N/A","#N/A"
a24d3a49-4f2c-49b7-8fc3-feb100cbd751,"#N/A","#N/A",false,Web,"#N/A","#N/A",Medium,"#N/A",New,Subject_wkesx,"#N/A","#N/A","#N/A","#N/A","#N/A"
a254b9fb-a5f2-4476-a05f-f9994a80d241,"#N/A","#N/A",false,Web,"#N/A","#N/A",Medium,"#N/A",New,Subject_yglul,"#N/A","#N/A","#N/A","#N/A","#N/A"
a25a8317-c38a-4fd2-9da2-c0982bc46728,"#N/A","#N/A",false,Web,"#N/A","#N/A",Medium,"#N/A",New,Subject_xasek,"#N/A","#N/A","#N/A","#N/A","#N/A"
a25bbd91-602d-4974-afac-15eec219bd72,"#N/A","#N/A",false,Web,"#N/A","#N/A",Medium,"#N/A",New,Subject_ixafv,"#N/A","#N/A","#N/A","#N/A","#N/A"
a25c455c-3a17-487f-bd27-208254eeaa10,"#N/A","#N/A",false,Web,"#N/A","#N/A",Medium,"#N/A",New,Subject_xcdak,"#N/A","#N/A","#N/A","#N/A","#N/A"
a25d182d-e904-47d5-b8a2-3ccc1c36f173,"#N/A","#N/A",false,Web,"#N/A","#N/A",Medium,"#N/A",New,Subject_bbnyl,"#N/A","#N/A","#N/A","#N/A","#N/A"
a25e5546-d6ed-40e3-a211-834e8dec2f6c,"#N/A","#N/A",false,Web,"#N/A","#N/A",Medium,"#N/A",New,Subject_adxwx,"#N/A","#N/A","#N/A","#N/A","#N/A"
a25f6f78-80ff-4f9c-afe0-2c6ade4762fd,"#N/A","#N/A",false,Web,"#N/A","#N/A",Medium,"#N/A",New,Subject_supjp,"#N/A","#N/A","#N/A","#N/A","#N/A"
a263bd05-4322-4c1a-b825-318fdd048e5f,"#N/A","#N/A",false,Web,"#N/A","#N/A",Medium,"#N/A",New,Subject_pnuzj,"#N/A","#N/A","#N/A","#N/A","#N/A"
a263d6ba-4352-4a33-9fd2-938fea64e51d,"#N/A","#N/A",false,Web,"#N/A","#N/A",Medium,"#N/A",New,Subject_kydbe,"#N/A","#N/A","#N/A","#N/A","#N/A"
a264b25f-737e-4a42-a3bb-387a92a611bf,"#N/A","#N/A",false,Web,"#N/A","#N/A",Medium,"#N/A",New,Subject_uwkpg,"#N/A","#N/A","#N/A","#N/A","#N/A"
a265d006-e2fb-4900-a110-e63ff56b4ebe,"#N/A","#N/A",false,Web,"#N/A","#N/A",Medium,"#N/A",New,Subject_isumn,"#N/A","#N/A","#N/A","#N/A","#N/A"
a26b86ba-4340-4d27-b2c6-8c24bc4f9eb3,"#N/A","#N/A",false,Web,"#N/A","#N/A",Medium,"#N/A",New,Subject_fdcgi,"#N/A","#N/A","#N/A","#N/A","#N/A"
a271714e-69c4-4c65-a32a-13a91bb1491d,"#N/A","#N/A",false,Web,"#N/A","#N/A",Medium,"#N/A",New,Subject_ugmvt,"#N/A","#N/A","#N/A","#N/A","#N/A"
a2728a39-e308-4db6-9808-18cae7a8b4c2,"#N/A","#N/A",false,Web,"#N/A","#N/A",Medium,"#N/A",New,Subject_ujiaz,"#N/A","#N/A","#N/A","#N/A","#N/A"
a274ab01-21ca-47a8-81cf-53282c20f35e,"#N/A","#N/A",false,Web,"#N/A","#N/A",Medium,"#N/A",New,Subject_ddzjj,"#N/A","#N/A","#N/A","#N/A","#N/A"
a27c7f6b-e107-4a39-b41b-124561665982,"#N/A","#N/A",false,Web,"#N/A","#N/A",Medium,"#N/A",New,Subject_ljcyd,"#N/A","#N/A","#N/A","#N/A","#N/A"
a27d8bba-fb9b-4128-9cce-27a17832fd41,"#N/A","#N/A",false,Web,"#N/A","#N/A",Medium,"#N/A",New,Subject_gcrvp,"#N/A","#N/A","#N/A","#N/A","#N/A"
a27ee5b6-89d7-41c6-b491-567a1f678a3d,"#N/A","#N/A",false,Web,"#N/A","#N/A",Medium,"#N/A",New,Subject_fsvnz,"#N/A","#N/A","#N/A","#N/A","#N/A"
a2842c25-d274-4eab-9332-09b004f7bdae,"#N/A","#N/A",false,Web,"#N/A","#N/A",Medium,"#N/A",New,Subject_nfoux,"#N/A","#N/A","#N/A","#N/A","#N/A"
a287b875-1e94-410c-a986-e6205d235e7c,"#N/A","#N/A",false,Web,"#N/A","#N/A",Medium,"#N/A",New,Subject_gqnbz,"#N/A","#N/A","#N/A","#N/A","#N/A"
a289707a-5340-4e20-8720-da73b085732b,"#N/A","#N/A",false,Web,"#N/A","#N/A",Medium,"#N/A",New,Subject_boaes,"#N/A","#N/A","#N/A","#N/A","#N/A"
a289a99f-6331-4ff2-8e74-83baf88598f3,"#N/A","#N/A",false,Web,"#N/A","#N/A",Medium,"#N/A",New,Subject_juhrq,"#N/A","#N/A","#N/A","#N/A","#N/A"
a28ced60-ece2-41c9-9634-a150f2494491,"#N/A","#N/A",false,Web,"#N/A","#N/A",Medium,"#N/A",New,Subject_cgtyr,"#N/A","#N/A","#N/A","#N/A","#N/A"
a28fc756-d58a-4547-a8bd-7839e0221797,"#N/A","#N/A",false,Web,"#N/A","#N/A",Medium,"#N/A",New,Subject_segkp,"#N/A","#N/A","#N/A","#N/A","#N/A"
a2914a6b-3933-492a-9b5d-df4002ebc528,"#N/A","#N/A",false,Web,"#N/A","#N/A",Medium,"#N/A",New,Subject_ihzzd,"#N/A","#N/A","#N/A","#N/A","#N/A"
a293ff57-07c1-4a25-935c-7d90b6c9a76d,"#N/A","#N/A",false,Web,"#N/A","#N/A",Medium,"#N/A",New,Subject_yjzbf,"#N/A","#N/A","#N/A","#N/A","#N/A"
a29c2498-d655-45c9-8650-4a179cb45f05,"#N/A","#N/A",false,Web,"#N/A","#N/A",Medium,"#N/A",New,Subject_oklpf,"#N/A","#N/A","#N/A","#N/A","#N/A"
a29c6b4f-cdab-48e6-a297-42fcd00096b3,"#N/A","#N/A",false,Web,"#N/A","#N/A",Medium,"#N/A",New,Subject_epvzw,"#N/A","#N/A","#N/A","#N/A","#N/A"
a29c9948-5d74-436c-8ef9-5a6c82c30a5c,"#N/A","#N/A",false,Web,"#N/A","#N/A",Medium,"#N/A",New,Subject_udqxr,"#N/A","#N/A","#N/A","#N/A","#N/A"
a29f6d98-d73e-4e4d-8b47-fc761341a9e6,"#N/A","#N/A",false,Web,"#N/A","#N/A",Medium,"#N/A",New,Subject_zzitk,"#N/A","#N/A","#N/A","#N/A","#N/A"
a2a034b6-c228-484b-b7a1-fcd16aa656c9,"#N/A","#N/A",false,Web,"#N/A","#N/A",Medium,"#N/A",New,Subject_wstxc,"#N/A","#N/A","#N/A","#N/A","#N/A"
a2a17a62-c59f-4115-b966-f5576c492b5e,"#N/A","#N/A",false,Web,"#N/A","#N/A",Medium,"#N/A",New,Subject_dqwuc,"#N/A","#N/A","#N/A","#N/A","#N/A"
a2a194ee-251a-4887-9478-851ea024bde9,"#N/A","#N/A",false,Web,"#N/A","#N/A",Medium,"#N/A",New,Subject_brbam,"#N/A","#N/A","#N/A","#N/A","#N/A"
a2a25625-2ce0-4299-9108-203fa8a5f87a,"#N/A","#N/A",false,Web,"#N/A","#N/A",Medium,"#N/A",New,Subject_hfvmh,"#N/A","#N/A","#N/A","#N/A","#N/A"
a2a2c2f9-093b-436f-ac14-352914a12260,"#N/A","#N/A",false,Web,"#N/A","#N/A",Medium,"#N/A",New,Subject_pednb,"#N/A","#N/A","#N/A","#N/A","#N/A"
a2aadda1-e367-4a07-a970-a3662b932e64,"#N/A","#N/A",false,Web,"#N/A","#N/A",Medium,"#N/A",New,Subject_likyi,"#N/A","#N/A","#N/A","#N/A","#N/A"
a2acdb2b-95a4-45d2-9822-f056b610b55f,"#N/A","#N/A",false,Web,"#N/A","#N/A",Medium,"#N/A",New,Subject_pmbol,"#N/A","#N/A","#N/A","#N/A","#N/A"
a2ae79f4-b77b-4a40-a034-d8d075935a8c,"#N/A","#N/A",false,Web,"#N/A","#N/A",Medium,"#N/A",New,Subject_cssen,"#N/A","#N/A","#N/A","#N/A","#N/A"
a2aea74e-32ef-4a3b-8eac-5f19f76299c9,"#N/A","#N/A",false,Web,"#N/A","#N/A",Medium,"#N/A",New,Subject_yfjnt,"#N/A","#N/A","#N/A","#N/A","#N/A"
a2aebb54-24a6-4fc5-879c-e1cc1eb832d7,"#N/A","#N/A",false,Web,"#N/A","#N/A",Medium,"#N/A",New,Subject_jbqsg,"#N/A","#N/A","#N/A","#N/A","#N/A"
a2b1385b-a7e0-414c-8eea-a371226bdc47,"#N/A","#N/A",false,Web,"#N/A","#N/A",Medium,"#N/A",New,Subject_gspxo,"#N/A","#N/A","#N/A","#N/A","#N/A"
a2b4cdc8-5a43-434d-b520-3e18e3d4dcf0,"#N/A","#N/A",false,Web,"#N/A","#N/A",Medium,"#N/A",New,Subject_kcwdn,"#N/A","#N/A","#N/A","#N/A","#N/A"
a2b75625-b777-4b48-aa99-f8eeed872fd0,"#N/A","#N/A",false,Web,"#N/A","#N/A",Medium,"#N/A",New,Subject_sedjc,"#N/A","#N/A","#N/A","#N/A","#N/A"
a2b79805-5d36-42d5-8145-36f5343b928b,"#N/A","#N/A",false,Web,"#N/A","#N/A",Medium,"#N/A",New,Subject_jvkhd,"#N/A","#N/A","#N/A","#N/A","#N/A"
a2ba703f-d271-461d-8091-89a92e55fccd,"#N/A","#N/A",false,Web,"#N/A","#N/A",Medium,"#N/A",New,Subject_zndrq,"#N/A","#N/A","#N/A","#N/A","#N/A"
a2bc5a17-ec8e-4704-b677-f19b782bb9ce,"#N/A","#N/A",false,Web,"#N/A","#N/A",Medium,"#N/A",New,Subject_ikfit,"#N/A","#N/A","#N/A","#N/A","#N/A"
a2bd168e-bc27-4382-af5f-2640f8ef890c,"#N/A","#N/A",false,Web,"#N/A","#N/A",Medium,"#N/A",New,Subject_rqhgo,"#N/A","#N/A","#N/A","#N/A","#N/A"
a2bdb5ff-4360-4acd-9f65-995155683b71,"#N/A","#N/A",false,Web,"#N/A","#N/A",Medium,"#N/A",New,Subject_bccma,"#N/A","#N/A","#N/A","#N/A","#N/A"
a2c17ea9-a659-4f91-b8c9-36c127d3f573,"#N/A","#N/A",false,Web,"#N/A","#N/A",Medium,"#N/A",New,Subject_jbkqw,"#N/A","#N/A","#N/A","#N/A","#N/A"
a2c42029-f9dc-445b-bef0-0e4bc77a16ee,"#N/A","#N/A",false,Web,"#N/A","#N/A",Medium,"#N/A",New,Subject_xzywn,"#N/A","#N/A","#N/A","#N/A","#N/A"
a2c61f26-4ec8-465d-b735-f9c028df51ed,"#N/A","#N/A",false,Web,"#N/A","#N/A",Medium,"#N/A",New,Subject_uppjf,"#N/A","#N/A","#N/A","#N/A","#N/A"
a2c7193a-e50b-4880-a560-663a5a88b410,"#N/A","#N/A",false,Web,"#N/A","#N/A",Medium,"#N/A",New,Subject_uqajt,"#N/A","#N/A","#N/A","#N/A","#N/A"
a2cc5ca4-f1c6-4b01-955c-1606a75c2ffd,"#N/A","#N/A",false,Web,"#N/A","#N/A",Medium,"#N/A",New,Subject_czahq,"#N/A","#N/A","#N/A","#N/A","#N/A"
a2cfe2ca-5252-44f3-aa56-f23a917e0907,"#N/A","#N/A",false,Web,"#N/A","#N/A",Medium,"#N/A",New,Subject_uhman,"#N/A","#N/A","#N/A","#N/A","#N/A"
a2d0ef43-642d-47c6-be96-b2c22f8312a6,"#N/A","#N/A",false,Web,"#N/A","#N/A",Medium,"#N/A",New,Subject_biggt,"#N/A","#N/A","#N/A","#N/A","#N/A"
a2d24305-bc09-4b4d-8cf5-bba46bdd0b77,"#N/A","#N/A",false,Web,"#N/A","#N/A",Medium,"#N/A",New,Subject_ogjgb,"#N/A","#N/A","#N/A","#N/A","#N/A"
a2d3db27-67f9-4b8d-b54c-f1d3d8a8d58d,"#N/A","#N/A",false,Web,"#N/A","#N/A",Medium,"#N/A",New,Subject_jzygj,"#N/A","#N/A","#N/A","#N/A","#N/A"
a2d3fbc4-4448-4a31-a5a9-347b57221dd3,"#N/A","#N/A",false,Web,"#N/A","#N/A",Medium,"#N/A",New,Subject_xwyul,"#N/A","#N/A","#N/A","#N/A","#N/A"
a2d67869-1fc0-422a-be8b-94515ba68488,"#N/A","#N/A",false,Web,"#N/A","#N/A",Medium,"#N/A",New,Subject_hukdm,"#N/A","#N/A","#N/A","#N/A","#N/A"
a2d68d66-a340-4f4e-a184-c7a9fcc80a5f,"#N/A","#N/A",false,Web,"#N/A","#N/A",Medium,"#N/A",New,Subject_ahedm,"#N/A","#N/A","#N/A","#N/A","#N/A"
a2daddbe-0ba7-47f6-95fa-05555771ca1f,"#N/A","#N/A",false,Web,"#N/A","#N/A",Medium,"#N/A",New,Subject_uqwdm,"#N/A","#N/A","#N/A","#N/A","#N/A"
a2de1769-68bf-4f39-9ce4-9c313d8caad1,"#N/A","#N/A",false,Web,"#N/A","#N/A",Medium,"#N/A",New,Subject_kraxt,"#N/A","#N/A","#N/A","#N/A","#N/A"
a2dfdacb-a38d-45e2-989b-fd0945da2644,"#N/A","#N/A",false,Web,"#N/A","#N/A",Medium,"#N/A",New,Subject_ylxpt,"#N/A","#N/A","#N/A","#N/A","#N/A"
a2e38ed4-1b67-4a47-a24f-ee19b00e95fd,"#N/A","#N/A",false,Web,"#N/A","#N/A",Medium,"#N/A",New,Subject_pqzzn,"#N/A","#N/A","#N/A","#N/A","#N/A"
a2e59b88-fbff-49a1-b5ad-69f25c338bfc,"#N/A","#N/A",false,Web,"#N/A","#N/A",Medium,"#N/A",New,Subject_ksvtl,"#N/A","#N/A","#N/A","#N/A","#N/A"
a2f5b159-952d-4597-853e-f09c3ab75bee,"#N/A","#N/A",false,Web,"#N/A","#N/A",Medium,"#N/A",New,Subject_qplba,"#N/A","#N/A","#N/A","#N/A","#N/A"
a2f6dabf-11c9-4ceb-aa2c-45b16511cd46,"#N/A","#N/A",false,Web,"#N/A","#N/A",Medium,"#N/A",New,Subject_pmrgp,"#N/A","#N/A","#N/A","#N/A","#N/A"
a2fb9cd1-63f0-4194-ba27-3f1da474380d,"#N/A","#N/A",false,Web,"#N/A","#N/A",Medium,"#N/A",New,Subject_yejqk,"#N/A","#N/A","#N/A","#N/A","#N/A"
a2fe1801-0dd2-4b16-af6a-93808b170f9b,"#N/A","#N/A",false,Web,"#N/A","#N/A",Medium,"#N/A",New,Subject_tqyyb,"#N/A","#N/A","#N/A","#N/A","#N/A"
a2ff67c1-83da-4d43-9084-d14875d2560e,"#N/A","#N/A",false,Web,"#N/A","#N/A",Medium,"#N/A",New,Subject_lijgb,"#N/A","#N/A","#N/A","#N/A","#N/A"
a3002082-f745-4d97-9155-ff2fcf4d7d1f,"#N/A","#N/A",false,Web,"#N/A","#N/A",Medium,"#N/A",New,Subject_ianne,"#N/A","#N/A","#N/A","#N/A","#N/A"
a301c12a-ff13-492a-951d-1e42bf557cb6,"#N/A","#N/A",false,Web,"#N/A","#N/A",Medium,"#N/A",New,Subject_gxuct,"#N/A","#N/A","#N/A","#N/A","#N/A"
a308eacc-7f7a-4164-8fbf-e440705f2733,"#N/A","#N/A",false,Web,"#N/A","#N/A",Medium,"#N/A",New,Subject_xmrhg,"#N/A","#N/A","#N/A","#N/A","#N/A"
a3093588-92b0-4d6b-8ed2-156b9cb52f55,"#N/A","#N/A",false,Web,"#N/A","#N/A",Medium,"#N/A",New,Subject_psjfd,"#N/A","#N/A","#N/A","#N/A","#N/A"
a3094db5-f154-40a8-b008-fb2fdcced568,"#N/A","#N/A",false,Web,"#N/A","#N/A",Medium,"#N/A",New,Subject_nojun,"#N/A","#N/A","#N/A","#N/A","#N/A"
a30deda6-b29b-47a6-9a76-a61014530e13,"#N/A","#N/A",false,Web,"#N/A","#N/A",Medium,"#N/A",New,Subject_ganoj,"#N/A","#N/A","#N/A","#N/A","#N/A"
a30f19b5-bea6-4277-b546-7044d6e423a5,"#N/A","#N/A",false,Web,"#N/A","#N/A",Medium,"#N/A",New,Subject_fdlzy,"#N/A","#N/A","#N/A","#N/A","#N/A"
a316737a-c9f9-42da-91ef-b3d322a43965,"#N/A","#N/A",false,Web,"#N/A","#N/A",Medium,"#N/A",New,Subject_kzzwh,"#N/A","#N/A","#N/A","#N/A","#N/A"
a319989e-0511-4c35-9718-64c13a54433e,"#N/A","#N/A",false,Web,"#N/A","#N/A",Medium,"#N/A",New,Subject_uxyse,"#N/A","#N/A","#N/A","#N/A","#N/A"
a31b0217-0863-4a92-bdf5-a65048623604,"#N/A","#N/A",false,Web,"#N/A","#N/A",Medium,"#N/A",New,Subject_cascn,"#N/A","#N/A","#N/A","#N/A","#N/A"
a31b1f51-b925-447b-8eaf-b49ac237fcc5,"#N/A","#N/A",false,Web,"#N/A","#N/A",Medium,"#N/A",New,Subject_jfats,"#N/A","#N/A","#N/A","#N/A","#N/A"
a31c1f10-6711-4304-8be6-c19e783182ee,"#N/A","#N/A",false,Web,"#N/A","#N/A",Medium,"#N/A",New,Subject_dqtbw,"#N/A","#N/A","#N/A","#N/A","#N/A"
a31fc6a5-16b8-4abe-9d14-63954bef7367,"#N/A","#N/A",false,Web,"#N/A","#N/A",Medium,"#N/A",New,Subject_wbehe,"#N/A","#N/A","#N/A","#N/A","#N/A"
a32136f2-5891-4412-8b40-dd053cba61cd,"#N/A","#N/A",false,Web,"#N/A","#N/A",Medium,"#N/A",New,Subject_zjjwd,"#N/A","#N/A","#N/A","#N/A","#N/A"
a3228da7-989f-4784-9f0c-db7aef400e94,"#N/A","#N/A",false,Web,"#N/A","#N/A",Medium,"#N/A",New,Subject_jwzoo,"#N/A","#N/A","#N/A","#N/A","#N/A"
a3244165-1001-4788-9e28-979cc016e1aa,"#N/A","#N/A",false,Web,"#N/A","#N/A",Medium,"#N/A",New,Subject_mgncr,"#N/A","#N/A","#N/A","#N/A","#N/A"
a32ad8d3-ae64-4651-b190-b143727517d4,"#N/A","#N/A",false,Web,"#N/A","#N/A",Medium,"#N/A",New,Subject_pqafz,"#N/A","#N/A","#N/A","#N/A","#N/A"
a32f60e3-423d-459f-81bd-fa1d75ec72ec,"#N/A","#N/A",false,Web,"#N/A","#N/A",Medium,"#N/A",New,Subject_epxce,"#N/A","#N/A","#N/A","#N/A","#N/A"
a3314581-2289-483f-9c32-511e28c61139,"#N/A","#N/A",false,Web,"#N/A","#N/A",Medium,"#N/A",New,Subject_zkrmx,"#N/A","#N/A","#N/A","#N/A","#N/A"
a338fd63-c82f-4397-a75a-f40da1e0d27f,"#N/A","#N/A",false,Web,"#N/A","#N/A",Medium,"#N/A",New,Subject_wiyqs,"#N/A","#N/A","#N/A","#N/A","#N/A"
a33ec295-e7e7-4063-bc76-076f34460f8f,"#N/A","#N/A",false,Web,"#N/A","#N/A",Medium,"#N/A",New,Subject_dakso,"#N/A","#N/A","#N/A","#N/A","#N/A"
a342df06-1f0f-44e8-ace5-94c765df0010,"#N/A","#N/A",false,Web,"#N/A","#N/A",Medium,"#N/A",New,Subject_juvyy,"#N/A","#N/A","#N/A","#N/A","#N/A"
a3432982-5528-4f68-8488-bade14f21587,"#N/A","#N/A",false,Web,"#N/A","#N/A",Medium,"#N/A",New,Subject_ytvto,"#N/A","#N/A","#N/A","#N/A","#N/A"
a343700f-3686-48f3-a276-afc16ac52894,"#N/A","#N/A",false,Web,"#N/A","#N/A",Medium,"#N/A",New,Subject_btbcc,"#N/A","#N/A","#N/A","#N/A","#N/A"
a3466557-8672-4a9a-b251-efa40493ceab,"#N/A","#N/A",false,Web,"#N/A","#N/A",Medium,"#N/A",New,Subject_ylrno,"#N/A","#N/A","#N/A","#N/A","#N/A"
a348a497-c45f-46f1-87bf-28bf57379d5e,"#N/A","#N/A",false,Web,"#N/A","#N/A",Medium,"#N/A",New,Subject_aytiu,"#N/A","#N/A","#N/A","#N/A","#N/A"
a3493b94-4de0-4c00-8e5e-18fd430a839b,"#N/A","#N/A",false,Web,"#N/A","#N/A",Medium,"#N/A",New,Subject_euhrw,"#N/A","#N/A","#N/A","#N/A","#N/A"
a34ac79f-df38-4fbe-8705-5f6f7c05c0d8,"#N/A","#N/A",false,Web,"#N/A","#N/A",Medium,"#N/A",New,Subject_brgul,"#N/A","#N/A","#N/A","#N/A","#N/A"
a34c6efc-51f2-4dad-8725-1346e088348b,"#N/A","#N/A",false,Web,"#N/A","#N/A",Medium,"#N/A",New,Subject_wtsae,"#N/A","#N/A","#N/A","#N/A","#N/A"
a34d170f-dc18-41f5-b742-7e00f6115292,"#N/A","#N/A",false,Web,"#N/A","#N/A",Medium,"#N/A",New,Subject_akxuk,"#N/A","#N/A","#N/A","#N/A","#N/A"
a34e6180-7f73-4dbb-b32c-28ff8d4eebfa,"#N/A","#N/A",false,Web,"#N/A","#N/A",Medium,"#N/A",New,Subject_cnnhl,"#N/A","#N/A","#N/A","#N/A","#N/A"
a34ffd4b-1e3f-4a9e-b9aa-cd7cbb3db80a,"#N/A","#N/A",false,Web,"#N/A","#N/A",Medium,"#N/A",New,Subject_zxyid,"#N/A","#N/A","#N/A","#N/A","#N/A"
a353ef58-093c-4805-9b27-a8b6d0149082,"#N/A","#N/A",false,Web,"#N/A","#N/A",Medium,"#N/A",New,Subject_wcyng,"#N/A","#N/A","#N/A","#N/A","#N/A"
a358a265-96a5-4638-a480-eeb8e4a976d2,"#N/A","#N/A",false,Web,"#N/A","#N/A",Medium,"#N/A",New,Subject_hdmlp,"#N/A","#N/A","#N/A","#N/A","#N/A"
a358b8cd-ca1f-4170-96a8-40a4d4e308ed,"#N/A","#N/A",false,Web,"#N/A","#N/A",Medium,"#N/A",New,Subject_cbvck,"#N/A","#N/A","#N/A","#N/A","#N/A"
a359fef9-0361-4c08-a77b-965ec7aadaf7,"#N/A","#N/A",false,Web,"#N/A","#N/A",Medium,"#N/A",New,Subject_bgabf,"#N/A","#N/A","#N/A","#N/A","#N/A"
a35b111e-1a5e-4abd-863d-09d2b6805740,"#N/A","#N/A",false,Web,"#N/A","#N/A",Medium,"#N/A",New,Subject_hdsxa,"#N/A","#N/A","#N/A","#N/A","#N/A"
a35b7da7-c9de-4c60-8681-513a2ef4bd19,"#N/A","#N/A",false,Web,"#N/A","#N/A",Medium,"#N/A",New,Subject_ypqld,"#N/A","#N/A","#N/A","#N/A","#N/A"
a35e2187-4fb5-4336-97da-d2aa7f4519da,"#N/A","#N/A",false,Web,"#N/A","#N/A",Medium,"#N/A",New,Subject_nkoem,"#N/A","#N/A","#N/A","#N/A","#N/A"
a360f799-0ac6-4fdd-973d-b5b96bae1d9f,"#N/A","#N/A",false,Web,"#N/A","#N/A",Medium,"#N/A",New,Subject_zejoe,"#N/A","#N/A","#N/A","#N/A","#N/A"
a36383ad-4897-49a1-b65e-b35f8daa8697,"#N/A","#N/A",false,Web,"#N/A","#N/A",Medium,"#N/A",New,Subject_cfohq,"#N/A","#N/A","#N/A","#N/A","#N/A"
a3652633-3588-4394-9141-e29538302c41,"#N/A","#N/A",false,Web,"#N/A","#N/A",Medium,"#N/A",New,Subject_yfdik,"#N/A","#N/A","#N/A","#N/A","#N/A"
a369c0f7-a175-4981-ac27-c4a9f80ce230,"#N/A","#N/A",false,Web,"#N/A","#N/A",Medium,"#N/A",New,Subject_vaekx,"#N/A","#N/A","#N/A","#N/A","#N/A"
a36a0d58-c5d8-4957-b630-0495bdf2c81b,"#N/A","#N/A",false,Web,"#N/A","#N/A",Medium,"#N/A",New,Subject_jjfvx,"#N/A","#N/A","#N/A","#N/A","#N/A"
a36bb818-d6ff-4a43-855d-581b41b16fa2,"#N/A","#N/A",false,Web,"#N/A","#N/A",Medium,"#N/A",New,Subject_otvlo,"#N/A","#N/A","#N/A","#N/A","#N/A"
a36d3761-3d04-4845-8e0a-e853bae3525b,"#N/A","#N/A",false,Web,"#N/A","#N/A",Medium,"#N/A",New,Subject_pmncl,"#N/A","#N/A","#N/A","#N/A","#N/A"
a36e2593-1f02-49fd-9927-e604d27305fa,"#N/A","#N/A",false,Web,"#N/A","#N/A",Medium,"#N/A",New,Subject_uiroj,"#N/A","#N/A","#N/A","#N/A","#N/A"
a3730aa7-528b-4b61-9239-24be4d774e1b,"#N/A","#N/A",false,Web,"#N/A","#N/A",Medium,"#N/A",New,Subject_nuein,"#N/A","#N/A","#N/A","#N/A","#N/A"
a374d03f-8ed5-4128-bb1f-3be1d8a719dc,"#N/A","#N/A",false,Web,"#N/A","#N/A",Medium,"#N/A",New,Subject_puxah,"#N/A","#N/A","#N/A","#N/A","#N/A"
a37828af-f95a-438c-b3a0-4622e68fad19,"#N/A","#N/A",false,Web,"#N/A","#N/A",Medium,"#N/A",New,Subject_jylkg,"#N/A","#N/A","#N/A","#N/A","#N/A"
a37bc566-f60a-4fb9-b4bc-ed9458532819,"#N/A","#N/A",false,Web,"#N/A","#N/A",Medium,"#N/A",New,Subject_lhpfz,"#N/A","#N/A","#N/A","#N/A","#N/A"
a38436eb-cc2a-4299-8a59-502610a67e88,"#N/A","#N/A",false,Web,"#N/A","#N/A",Medium,"#N/A",New,Subject_kefmt,"#N/A","#N/A","#N/A","#N/A","#N/A"
a3845234-699e-4905-b616-64ceba541a95,"#N/A","#N/A",false,Web,"#N/A","#N/A",Medium,"#N/A",New,Subject_zblgx,"#N/A","#N/A","#N/A","#N/A","#N/A"
a38ae7a4-476f-4717-be7f-701b5f772e4e,"#N/A","#N/A",false,Web,"#N/A","#N/A",Medium,"#N/A",New,Subject_hdaku,"#N/A","#N/A","#N/A","#N/A","#N/A"
a38da67a-0a35-4833-997d-49d0ce6120c9,"#N/A","#N/A",false,Web,"#N/A","#N/A",Medium,"#N/A",New,Subject_iicby,"#N/A","#N/A","#N/A","#N/A","#N/A"
a39266f5-90a5-4246-8bd2-2b6a2130cf5b,"#N/A","#N/A",false,Web,"#N/A","#N/A",Medium,"#N/A",New,Subject_pdtfd,"#N/A","#N/A","#N/A","#N/A","#N/A"
a3930260-1d35-464e-b2c6-57840c45b8b4,"#N/A","#N/A",false,Web,"#N/A","#N/A",Medium,"#N/A",New,Subject_lkuzs,"#N/A","#N/A","#N/A","#N/A","#N/A"
a395ed3d-e6fb-4f05-98e2-fe54751b9d71,"#N/A","#N/A",false,Web,"#N/A","#N/A",Medium,"#N/A",New,Subject_bvmfo,"#N/A","#N/A","#N/A","#N/A","#N/A"
a3963fe4-3446-4652-9397-83095ec9b654,"#N/A","#N/A",false,Web,"#N/A","#N/A",Medium,"#N/A",New,Subject_bbhst,"#N/A","#N/A","#N/A","#N/A","#N/A"
a39683c3-fc88-4c71-aca5-1db44dc005e7,"#N/A","#N/A",false,Web,"#N/A","#N/A",Medium,"#N/A",New,Subject_eluev,"#N/A","#N/A","#N/A","#N/A","#N/A"
a39843ab-9ff2-4427-b9c9-faee40101c6e,"#N/A","#N/A",false,Web,"#N/A","#N/A",Medium,"#N/A",New,Subject_sjznz,"#N/A","#N/A","#N/A","#N/A","#N/A"
a399db21-a449-4d2e-8ad3-4bfdfb412fc3,"#N/A","#N/A",false,Web,"#N/A","#N/A",Medium,"#N/A",New,Subject_wyuos,"#N/A","#N/A","#N/A","#N/A","#N/A"
a39a6232-e36f-4f47-a198-340997abb5fe,"#N/A","#N/A",false,Web,"#N/A","#N/A",Medium,"#N/A",New,Subject_vdjol,"#N/A","#N/A","#N/A","#N/A","#N/A"
a39d1a8a-f963-4874-a115-06c619d25b33,"#N/A","#N/A",false,Web,"#N/A","#N/A",Medium,"#N/A",New,Subject_bcsij,"#N/A","#N/A","#N/A","#N/A","#N/A"
a39d5218-6dd7-4c6c-9024-c23598d16254,"#N/A","#N/A",false,Web,"#N/A","#N/A",Medium,"#N/A",New,Subject_zpvqb,"#N/A","#N/A","#N/A","#N/A","#N/A"
a39dcdf2-3134-433a-a552-8255181de484,"#N/A","#N/A",false,Web,"#N/A","#N/A",Medium,"#N/A",New,Subject_pqjun,"#N/A","#N/A","#N/A","#N/A","#N/A"
a3a18261-4c38-48b8-a157-bb1a16dfc8f9,"#N/A","#N/A",false,Web,"#N/A","#N/A",Medium,"#N/A",New,Subject_wmvet,"#N/A","#N/A","#N/A","#N/A","#N/A"
a3a2e5d6-287d-406c-9853-07782e9e7de8,"#N/A","#N/A",false,Web,"#N/A","#N/A",Medium,"#N/A",New,Subject_lzmub,"#N/A","#N/A","#N/A","#N/A","#N/A"
a3a30e5c-aeb6-4484-b364-7434c606c76f,"#N/A","#N/A",false,Web,"#N/A","#N/A",Medium,"#N/A",New,Subject_zgred,"#N/A","#N/A","#N/A","#N/A","#N/A"
a3a5e8ce-48bb-403a-b410-9ea10242c266,"#N/A","#N/A",false,Web,"#N/A","#N/A",Medium,"#N/A",New,Subject_menfa,"#N/A","#N/A","#N/A","#N/A","#N/A"
a3a9796f-b584-4e99-b04b-3826ad13e13d,"#N/A","#N/A",false,Web,"#N/A","#N/A",Medium,"#N/A",New,Subject_ympzj,"#N/A","#N/A","#N/A","#N/A","#N/A"
a3af1f6e-a1e3-4cb5-85d1-fea8f943e1ea,"#N/A","#N/A",false,Web,"#N/A","#N/A",Medium,"#N/A",New,Subject_wpbkm,"#N/A","#N/A","#N/A","#N/A","#N/A"
a3b06987-f902-4686-8f59-afac1fe8a4d7,"#N/A","#N/A",false,Web,"#N/A","#N/A",Medium,"#N/A",New,Subject_sukkv,"#N/A","#N/A","#N/A","#N/A","#N/A"
a3b278bc-c400-4eda-9ad1-1cd32bfed500,"#N/A","#N/A",false,Web,"#N/A","#N/A",Medium,"#N/A",New,Subject_wwrlh,"#N/A","#N/A","#N/A","#N/A","#N/A"
a3b74d79-e718-4dc3-a485-9264cd0b67f8,"#N/A","#N/A",false,Web,"#N/A","#N/A",Medium,"#N/A",New,Subject_quqlc,"#N/A","#N/A","#N/A","#N/A","#N/A"
a3b86bfa-949c-4a6b-8927-e51282a4adb0,"#N/A","#N/A",false,Web,"#N/A","#N/A",Medium,"#N/A",New,Subject_atzwt,"#N/A","#N/A","#N/A","#N/A","#N/A"
a3b8c155-bd66-4a7b-9f86-eba33a318a10,"#N/A","#N/A",false,Web,"#N/A","#N/A",Medium,"#N/A",New,Subject_jimpi,"#N/A","#N/A","#N/A","#N/A","#N/A"
a3bbd80c-187b-4f95-a962-5e76b19899d7,"#N/A","#N/A",false,Web,"#N/A","#N/A",Medium,"#N/A",New,Subject_vylbl,"#N/A","#N/A","#N/A","#N/A","#N/A"
a3bfedce-e650-4233-805e-62d5ba41cc25,"#N/A","#N/A",false,Web,"#N/A","#N/A",Medium,"#N/A",New,Subject_zxkid,"#N/A","#N/A","#N/A","#N/A","#N/A"
a3c0bd61-c646-4455-9f97-ea4914abef2e,"#N/A","#N/A",false,Web,"#N/A","#N/A",Medium,"#N/A",New,Subject_mboiq,"#N/A","#N/A","#N/A","#N/A","#N/A"
a3c1850d-da6f-4378-a3de-db843a20be57,"#N/A","#N/A",false,Web,"#N/A","#N/A",Medium,"#N/A",New,Subject_ywtfi,"#N/A","#N/A","#N/A","#N/A","#N/A"
a3c27e79-2a7e-410a-920b-6c2c4489ae30,"#N/A","#N/A",false,Web,"#N/A","#N/A",Medium,"#N/A",New,Subject_xubrn,"#N/A","#N/A","#N/A","#N/A","#N/A"
a3c39c8b-59be-4e79-8123-e4cb626619a9,"#N/A","#N/A",false,Web,"#N/A","#N/A",Medium,"#N/A",New,Subject_phiue,"#N/A","#N/A","#N/A","#N/A","#N/A"
a3c54096-b6ba-42b3-9ca5-1233bf4016bb,"#N/A","#N/A",false,Web,"#N/A","#N/A",Medium,"#N/A",New,Subject_wbuim,"#N/A","#N/A","#N/A","#N/A","#N/A"
a3c5ddca-d8f8-4f22-974b-8a1dd52cb478,"#N/A","#N/A",false,Web,"#N/A","#N/A",Medium,"#N/A",New,Subject_fuixi,"#N/A","#N/A","#N/A","#N/A","#N/A"
a3c79686-c044-470b-80ab-d78cb15fde3b,"#N/A","#N/A",false,Web,"#N/A","#N/A",Medium,"#N/A",New,Subject_tqfye,"#N/A","#N/A","#N/A","#N/A","#N/A"
a3c90f4c-3e77-4c43-8b1e-ca0d4bf3c49f,"#N/A","#N/A",false,Web,"#N/A","#N/A",Medium,"#N/A",New,Subject_hxyoh,"#N/A","#N/A","#N/A","#N/A","#N/A"
a3c99460-50f6-4924-b3e9-2771a8faee8c,"#N/A","#N/A",false,Web,"#N/A","#N/A",Medium,"#N/A",New,Subject_zltdl,"#N/A","#N/A","#N/A","#N/A","#N/A"
a3cafa82-2b66-4903-8b2b-e019c7bf4fff,"#N/A","#N/A",false,Web,"#N/A","#N/A",Medium,"#N/A",New,Subject_mxheq,"#N/A","#N/A","#N/A","#N/A","#N/A"
a3ccc10c-dce0-4622-8886-a840d040142c,"#N/A","#N/A",false,Web,"#N/A","#N/A",Medium,"#N/A",New,Subject_topnl,"#N/A","#N/A","#N/A","#N/A","#N/A"
a3cd126a-1263-44d1-af37-8169aec89597,"#N/A","#N/A",false,Web,"#N/A","#N/A",Medium,"#N/A",New,Subject_oanyh,"#N/A","#N/A","#N/A","#N/A","#N/A"
a3cf54d5-3dee-4739-aa6e-71602621a074,"#N/A","#N/A",false,Web,"#N/A","#N/A",Medium,"#N/A",New,Subject_odssg,"#N/A","#N/A","#N/A","#N/A","#N/A"
a3d000c3-54fe-4389-a549-12f50ae2b66b,"#N/A","#N/A",false,Web,"#N/A","#N/A",Medium,"#N/A",New,Subject_yzqvz,"#N/A","#N/A","#N/A","#N/A","#N/A"
a3d3a3b8-64a4-49e6-baa5-1f4ba7dbd073,"#N/A","#N/A",false,Web,"#N/A","#N/A",Medium,"#N/A",New,Subject_msvku,"#N/A","#N/A","#N/A","#N/A","#N/A"
a3db01e8-7582-4e10-a539-4a1b8466d31d,"#N/A","#N/A",false,Web,"#N/A","#N/A",Medium,"#N/A",New,Subject_uypdr,"#N/A","#N/A","#N/A","#N/A","#N/A"
a3dc36c1-a6f8-49b6-9fa1-3fa141ff4ee1,"#N/A","#N/A",false,Web,"#N/A","#N/A",Medium,"#N/A",New,Subject_eelof,"#N/A","#N/A","#N/A","#N/A","#N/A"
a3dff511-9cef-492d-a2ee-3028446f2642,"#N/A","#N/A",false,Web,"#N/A","#N/A",Medium,"#N/A",New,Subject_oppfu,"#N/A","#N/A","#N/A","#N/A","#N/A"
a3e7a02b-422a-4425-97e7-d28f127beed7,"#N/A","#N/A",false,Web,"#N/A","#N/A",Medium,"#N/A",New,Subject_pbaox,"#N/A","#N/A","#N/A","#N/A","#N/A"
a3ea235d-4735-42ce-8c5b-056c0a689c76,"#N/A","#N/A",false,Web,"#N/A","#N/A",Medium,"#N/A",New,Subject_uijmc,"#N/A","#N/A","#N/A","#N/A","#N/A"
a3ead556-4a3f-4bb7-8ed3-f9c66688347e,"#N/A","#N/A",false,Web,"#N/A","#N/A",Medium,"#N/A",New,Subject_zsbhy,"#N/A","#N/A","#N/A","#N/A","#N/A"
a3eec836-e0d4-43b8-b9af-dd8c518c3944,"#N/A","#N/A",false,Web,"#N/A","#N/A",Medium,"#N/A",New,Subject_qjobo,"#N/A","#N/A","#N/A","#N/A","#N/A"
a3f55fdb-e7a2-49f9-bf85-1c8e046e350a,"#N/A","#N/A",false,Web,"#N/A","#N/A",Medium,"#N/A",New,Subject_tbpgg,"#N/A","#N/A","#N/A","#N/A","#N/A"
a3f885bc-84d5-4284-ac3e-aa772e2f478d,"#N/A","#N/A",false,Web,"#N/A","#N/A",Medium,"#N/A",New,Subject_krjxj,"#N/A","#N/A","#N/A","#N/A","#N/A"
a3fa1dea-cf6b-4723-8e08-5313450f5477,"#N/A","#N/A",false,Web,"#N/A","#N/A",Medium,"#N/A",New,Subject_oleux,"#N/A","#N/A","#N/A","#N/A","#N/A"
a3faf36d-77d6-450e-96fc-7fdf72aff66f,"#N/A","#N/A",false,Web,"#N/A","#N/A",Medium,"#N/A",New,Subject_jkaxg,"#N/A","#N/A","#N/A","#N/A","#N/A"
a3ff87f9-9422-4147-af16-bcaf869383b0,"#N/A","#N/A",false,Web,"#N/A","#N/A",Medium,"#N/A",New,Subject_bovlk,"#N/A","#N/A","#N/A","#N/A","#N/A"
a4001d73-2399-477b-a56b-64e608eb09b7,"#N/A","#N/A",false,Web,"#N/A","#N/A",Medium,"#N/A",New,Subject_ljqqa,"#N/A","#N/A","#N/A","#N/A","#N/A"
a4053fc7-11db-4f40-844f-768ea26f69cc,"#N/A","#N/A",false,Web,"#N/A","#N/A",Medium,"#N/A",New,Subject_gbmui,"#N/A","#N/A","#N/A","#N/A","#N/A"
a40a7894-ed36-43d0-949b-bc755769fa4c,"#N/A","#N/A",false,Web,"#N/A","#N/A",Medium,"#N/A",New,Subject_lbbaj,"#N/A","#N/A","#N/A","#N/A","#N/A"
a40cea16-970d-4441-908e-26623830a521,"#N/A","#N/A",false,Web,"#N/A","#N/A",Medium,"#N/A",New,Subject_krgpu,"#N/A","#N/A","#N/A","#N/A","#N/A"
a40e1f51-f5e2-45b6-bcef-d7027005f45f,"#N/A","#N/A",false,Web,"#N/A","#N/A",Medium,"#N/A",New,Subject_catfd,"#N/A","#N/A","#N/A","#N/A","#N/A"
a40eba49-7ac9-42a5-9e9c-63031a279f21,"#N/A","#N/A",false,Web,"#N/A","#N/A",Medium,"#N/A",New,Subject_osvye,"#N/A","#N/A","#N/A","#N/A","#N/A"
a423933b-621a-4288-9225-40da626ec529,"#N/A","#N/A",false,Web,"#N/A","#N/A",Medium,"#N/A",New,Subject_fwmln,"#N/A","#N/A","#N/A","#N/A","#N/A"
a426857f-d2ad-4bdb-bcea-1d5dff4930bc,"#N/A","#N/A",false,Web,"#N/A","#N/A",Medium,"#N/A",New,Subject_qiraa,"#N/A","#N/A","#N/A","#N/A","#N/A"
a42cf2c9-47a9-42b3-8941-d635169c4655,"#N/A","#N/A",false,Web,"#N/A","#N/A",Medium,"#N/A",New,Subject_rkani,"#N/A","#N/A","#N/A","#N/A","#N/A"
a4307a0c-acef-4124-980e-c929a6b08b1c,"#N/A","#N/A",false,Web,"#N/A","#N/A",Medium,"#N/A",New,Subject_tqulp,"#N/A","#N/A","#N/A","#N/A","#N/A"
a431f636-295f-4e4b-9f46-9d30ed188b60,"#N/A","#N/A",false,Web,"#N/A","#N/A",Medium,"#N/A",New,Subject_cuhqc,"#N/A","#N/A","#N/A","#N/A","#N/A"
a432e956-f91d-4a60-aafd-1fb2eef9ee23,"#N/A","#N/A",false,Web,"#N/A","#N/A",Medium,"#N/A",New,Subject_kvvml,"#N/A","#N/A","#N/A","#N/A","#N/A"
a436fc16-77b1-4056-959d-1b19e9657e4e,"#N/A","#N/A",false,Web,"#N/A","#N/A",Medium,"#N/A",New,Subject_piklf,"#N/A","#N/A","#N/A","#N/A","#N/A"
a43956b7-5ac4-47fa-9389-0b067229246a,"#N/A","#N/A",false,Web,"#N/A","#N/A",Medium,"#N/A",New,Subject_fhcnw,"#N/A","#N/A","#N/A","#N/A","#N/A"
a43f9496-6ba7-40e8-b4c8-4a55d111e215,"#N/A","#N/A",false,Web,"#N/A","#N/A",Medium,"#N/A",New,Subject_tunfi,"#N/A","#N/A","#N/A","#N/A","#N/A"
a441f33d-df4e-44bb-ac18-22c5149c838d,"#N/A","#N/A",false,Web,"#N/A","#N/A",Medium,"#N/A",New,Subject_vkcxz,"#N/A","#N/A","#N/A","#N/A","#N/A"
a44258d8-d389-4713-b225-2ea2a2bd897a,"#N/A","#N/A",false,Web,"#N/A","#N/A",Medium,"#N/A",New,Subject_jfqxq,"#N/A","#N/A","#N/A","#N/A","#N/A"
a44316e1-4e5a-48a8-be8f-1355f72a79fe,"#N/A","#N/A",false,Web,"#N/A","#N/A",Medium,"#N/A",New,Subject_qtqiw,"#N/A","#N/A","#N/A","#N/A","#N/A"
a4445dd6-0c8d-4eb0-b460-b8b89a3687a7,"#N/A","#N/A",false,Web,"#N/A","#N/A",Medium,"#N/A",New,Subject_pbgsd,"#N/A","#N/A","#N/A","#N/A","#N/A"
a448bd2c-95fb-4b25-b828-5241db9e521b,"#N/A","#N/A",false,Web,"#N/A","#N/A",Medium,"#N/A",New,Subject_kvvgg,"#N/A","#N/A","#N/A","#N/A","#N/A"
a44d6161-31b0-4d70-a587-9716a0298a83,"#N/A","#N/A",false,Web,"#N/A","#N/A",Medium,"#N/A",New,Subject_ekxmq,"#N/A","#N/A","#N/A","#N/A","#N/A"
a44e4aa1-c539-42bf-9c17-4f8b00572d91,"#N/A","#N/A",false,Web,"#N/A","#N/A",Medium,"#N/A",New,Subject_wpmpk,"#N/A","#N/A","#N/A","#N/A","#N/A"
a45605fe-8215-4c60-a082-df6a71d9b175,"#N/A","#N/A",false,Web,"#N/A","#N/A",Medium,"#N/A",New,Subject_xnjvc,"#N/A","#N/A","#N/A","#N/A","#N/A"
a45d13e2-7a24-4e19-9cf2-2a5ad1b494b5,"#N/A","#N/A",false,Web,"#N/A","#N/A",Medium,"#N/A",New,Subject_ftxam,"#N/A","#N/A","#N/A","#N/A","#N/A"
a45f0201-9a7c-4c99-ad7b-23e7b7cf9bde,"#N/A","#N/A",false,Web,"#N/A","#N/A",Medium,"#N/A",New,Subject_ynjvl,"#N/A","#N/A","#N/A","#N/A","#N/A"
a4636f35-ef2f-4bd9-ae53-c0e20c08624b,"#N/A","#N/A",false,Web,"#N/A","#N/A",Medium,"#N/A",New,Subject_nuzsy,"#N/A","#N/A","#N/A","#N/A","#N/A"
a4638459-3066-4cfb-a423-60fb71dbb082,"#N/A","#N/A",false,Web,"#N/A","#N/A",Medium,"#N/A",New,Subject_jbzfj,"#N/A","#N/A","#N/A","#N/A","#N/A"
a467b92e-4409-4615-9baa-7aa521497985,"#N/A","#N/A",false,Web,"#N/A","#N/A",Medium,"#N/A",New,Subject_wpzxc,"#N/A","#N/A","#N/A","#N/A","#N/A"
a473c229-87b9-4a54-bdad-0f8cfe087aad,"#N/A","#N/A",false,Web,"#N/A","#N/A",Medium,"#N/A",New,Subject_xtdwu,"#N/A","#N/A","#N/A","#N/A","#N/A"
a4798683-bd67-4ccd-8906-14ba83a557a3,"#N/A","#N/A",false,Web,"#N/A","#N/A",Medium,"#N/A",New,Subject_kqfvy,"#N/A","#N/A","#N/A","#N/A","#N/A"
a47c1a44-a3ee-4024-99e9-96cbdc5f23e7,"#N/A","#N/A",false,Web,"#N/A","#N/A",Medium,"#N/A",New,Subject_yhacn,"#N/A","#N/A","#N/A","#N/A","#N/A"
a47e046a-c92b-4792-93e7-bfaed003fee4,"#N/A","#N/A",false,Web,"#N/A","#N/A",Medium,"#N/A",New,Subject_zpjkf,"#N/A","#N/A","#N/A","#N/A","#N/A"
a47e9f01-12c2-42e5-adf7-71177e99d8ad,"#N/A","#N/A",false,Web,"#N/A","#N/A",Medium,"#N/A",New,Subject_gbhde,"#N/A","#N/A","#N/A","#N/A","#N/A"
a47ee34f-7f46-426c-af89-9ecbf7560735,"#N/A","#N/A",false,Web,"#N/A","#N/A",Medium,"#N/A",New,Subject_hothz,"#N/A","#N/A","#N/A","#N/A","#N/A"
a47fc8be-164a-4c7d-8f59-bf82a93d05dc,"#N/A","#N/A",false,Web,"#N/A","#N/A",Medium,"#N/A",New,Subject_reorb,"#N/A","#N/A","#N/A","#N/A","#N/A"
a480bf24-8ce1-49da-b514-4007a0b914fd,"#N/A","#N/A",false,Web,"#N/A","#N/A",Medium,"#N/A",New,Subject_rpggp,"#N/A","#N/A","#N/A","#N/A","#N/A"
a484ce2e-abd7-4767-9ff4-0f0315bc3388,"#N/A","#N/A",false,Web,"#N/A","#N/A",Medium,"#N/A",New,Subject_qzgae,"#N/A","#N/A","#N/A","#N/A","#N/A"
a4893902-04f3-4c79-9e05-de5bcc37f5b2,"#N/A","#N/A",false,Web,"#N/A","#N/A",Medium,"#N/A",New,Subject_jaafi,"#N/A","#N/A","#N/A","#N/A","#N/A"
a48d13e0-8d2b-4609-aca2-efa124dec0a9,"#N/A","#N/A",false,Web,"#N/A","#N/A",Medium,"#N/A",New,Subject_guxkv,"#N/A","#N/A","#N/A","#N/A","#N/A"
a4902efc-9132-4fb2-b52a-d30e8f4f6109,"#N/A","#N/A",false,Web,"#N/A","#N/A",Medium,"#N/A",New,Subject_zyyow,"#N/A","#N/A","#N/A","#N/A","#N/A"
a4906736-dba8-44e7-a4c9-8bdfc2324207,"#N/A","#N/A",false,Web,"#N/A","#N/A",Medium,"#N/A",New,Subject_yliyd,"#N/A","#N/A","#N/A","#N/A","#N/A"
a4909cf2-a6d6-479e-972a-50801e3fc257,"#N/A","#N/A",false,Web,"#N/A","#N/A",Medium,"#N/A",New,Subject_ftlzr,"#N/A","#N/A","#N/A","#N/A","#N/A"
a49400a4-66c7-4f0a-ace8-e1cca862b078,"#N/A","#N/A",false,Web,"#N/A","#N/A",Medium,"#N/A",New,Subject_tcnot,"#N/A","#N/A","#N/A","#N/A","#N/A"
a49cee1f-3ebb-49ec-b874-45b6e51c84b7,"#N/A","#N/A",false,Web,"#N/A","#N/A",Medium,"#N/A",New,Subject_kojdj,"#N/A","#N/A","#N/A","#N/A","#N/A"
a49d3f43-21e7-4386-acb1-2630e9831949,"#N/A","#N/A",false,Web,"#N/A","#N/A",Medium,"#N/A",New,Subject_cffcd,"#N/A","#N/A","#N/A","#N/A","#N/A"
a49dc6e1-1b01-4e6c-86e1-e1b38f0abfe1,"#N/A","#N/A",false,Web,"#N/A","#N/A",Medium,"#N/A",New,Subject_srdjg,"#N/A","#N/A","#N/A","#N/A","#N/A"
a49f3a2b-2d24-4e02-ab3e-e5e814c1f3d5,"#N/A","#N/A",false,Web,"#N/A","#N/A",Medium,"#N/A",New,Subject_nxqvk,"#N/A","#N/A","#N/A","#N/A","#N/A"
a4a26e32-c00c-4e80-aa64-4a2e5e1103a6,"#N/A","#N/A",false,Web,"#N/A","#N/A",Medium,"#N/A",New,Subject_xbgqu,"#N/A","#N/A","#N/A","#N/A","#N/A"
a4a2cf3d-166e-4ee1-a555-bc31abc13c56,"#N/A","#N/A",false,Web,"#N/A","#N/A",Medium,"#N/A",New,Subject_txdja,"#N/A","#N/A","#N/A","#N/A","#N/A"
a4a66bb7-03cd-4c49-9662-94163707adab,"#N/A","#N/A",false,Web,"#N/A","#N/A",Medium,"#N/A",New,Subject_olvwl,"#N/A","#N/A","#N/A","#N/A","#N/A"
a4a7186b-dd2d-4d20-876a-7621a7bf5753,"#N/A","#N/A",false,Web,"#N/A","#N/A",Medium,"#N/A",New,Subject_luydq,"#N/A","#N/A","#N/A","#N/A","#N/A"
a4aade86-315a-4326-b789-c8a51c01f5fc,"#N/A","#N/A",false,Web,"#N/A","#N/A",Medium,"#N/A",New,Subject_jcrgo,"#N/A","#N/A","#N/A","#N/A","#N/A"
a4ab8fc7-34f7-42b5-bb3e-5363646f01eb,"#N/A","#N/A",false,Web,"#N/A","#N/A",Medium,"#N/A",New,Subject_nkxtz,"#N/A","#N/A","#N/A","#N/A","#N/A"
a4ac2ad5-25bc-486a-b61d-a58b73fa877b,"#N/A","#N/A",false,Web,"#N/A","#N/A",Medium,"#N/A",New,Subject_ovyvk,"#N/A","#N/A","#N/A","#N/A","#N/A"
a4af58ea-42e5-4875-95b6-919f7ee3d545,"#N/A","#N/A",false,Web,"#N/A","#N/A",Medium,"#N/A",New,Subject_uhgnb,"#N/A","#N/A","#N/A","#N/A","#N/A"
a4afde96-ac6e-4c6f-9ef8-5859dc9f7964,"#N/A","#N/A",false,Web,"#N/A","#N/A",Medium,"#N/A",New,Subject_wpwnr,"#N/A","#N/A","#N/A","#N/A","#N/A"
a4b0d54b-f152-46fd-947a-5acc88ef216a,"#N/A","#N/A",false,Web,"#N/A","#N/A",Medium,"#N/A",New,Subject_oanin,"#N/A","#N/A","#N/A","#N/A","#N/A"
a4b7c103-8053-4454-8f82-8eff15e7bb05,"#N/A","#N/A",false,Web,"#N/A","#N/A",Medium,"#N/A",New,Subject_jyxno,"#N/A","#N/A","#N/A","#N/A","#N/A"
a4bbb368-d22c-4669-8f57-b4de9a3967dc,"#N/A","#N/A",false,Web,"#N/A","#N/A",Medium,"#N/A",New,Subject_tpfjq,"#N/A","#N/A","#N/A","#N/A","#N/A"
a4bd839c-78bf-462c-88bc-ff8ba5c475be,"#N/A","#N/A",false,Web,"#N/A","#N/A",Medium,"#N/A",New,Subject_nsvdh,"#N/A","#N/A","#N/A","#N/A","#N/A"
a4bec8da-e30d-4a66-9f59-bb2ff178708e,"#N/A","#N/A",false,Web,"#N/A","#N/A",Medium,"#N/A",New,Subject_bgmqm,"#N/A","#N/A","#N/A","#N/A","#N/A"
a4c0bc56-d5c9-4bbf-bf21-615cb1ab7b00,"#N/A","#N/A",false,Web,"#N/A","#N/A",Medium,"#N/A",New,Subject_ieujr,"#N/A","#N/A","#N/A","#N/A","#N/A"
a4c84a89-dfd5-4467-a192-b12c4b9a0528,"#N/A","#N/A",false,Web,"#N/A","#N/A",Medium,"#N/A",New,Subject_yfawb,"#N/A","#N/A","#N/A","#N/A","#N/A"
a4c8aab3-c684-42d2-915b-c15829acea2f,"#N/A","#N/A",false,Web,"#N/A","#N/A",Medium,"#N/A",New,Subject_ieyjq,"#N/A","#N/A","#N/A","#N/A","#N/A"
a4c95741-de77-4c55-9dfd-002f9e5a87ee,"#N/A","#N/A",false,Web,"#N/A","#N/A",Medium,"#N/A",New,Subject_exhjl,"#N/A","#N/A","#N/A","#N/A","#N/A"
a4cf7467-5837-4b44-a659-a27afe3f1bdc,"#N/A","#N/A",false,Web,"#N/A","#N/A",Medium,"#N/A",New,Subject_rviap,"#N/A","#N/A","#N/A","#N/A","#N/A"
a4cfdf1d-a0b2-491c-8d2b-fd6e6af6b4fe,"#N/A","#N/A",false,Web,"#N/A","#N/A",Medium,"#N/A",New,Subject_apywa,"#N/A","#N/A","#N/A","#N/A","#N/A"
a4d37d89-cb1d-4167-94d8-99423c5789d2,"#N/A","#N/A",false,Web,"#N/A","#N/A",Medium,"#N/A",New,Subject_yrvzg,"#N/A","#N/A","#N/A","#N/A","#N/A"
a4d3ebcc-f69b-46b5-9cbe-a089fe84e986,"#N/A","#N/A",false,Web,"#N/A","#N/A",Medium,"#N/A",New,Subject_gtpwq,"#N/A","#N/A","#N/A","#N/A","#N/A"
a4d5111f-475e-4ae3-a295-2e277a974904,"#N/A","#N/A",false,Web,"#N/A","#N/A",Medium,"#N/A",New,Subject_nncbc,"#N/A","#N/A","#N/A","#N/A","#N/A"
a4d5fde7-f239-4901-bf8d-510215b8d2d7,"#N/A","#N/A",false,Web,"#N/A","#N/A",Medium,"#N/A",New,Subject_gzait,"#N/A","#N/A","#N/A","#N/A","#N/A"
a4dcbaa4-ea94-4b41-a393-d1fc96afe8c3,"#N/A","#N/A",false,Web,"#N/A","#N/A",Medium,"#N/A",New,Subject_easwr,"#N/A","#N/A","#N/A","#N/A","#N/A"
a4de95ea-966c-4714-9970-5d969e960081,"#N/A","#N/A",false,Web,"#N/A","#N/A",Medium,"#N/A",New,Subject_wijbo,"#N/A","#N/A","#N/A","#N/A","#N/A"
a4dfd21c-af1f-4b68-842e-de5c34db2e7d,"#N/A","#N/A",false,Web,"#N/A","#N/A",Medium,"#N/A",New,Subject_yczxc,"#N/A","#N/A","#N/A","#N/A","#N/A"
a4e05cce-2740-45e9-b138-622b1e6256cc,"#N/A","#N/A",false,Web,"#N/A","#N/A",Medium,"#N/A",New,Subject_bktet,"#N/A","#N/A","#N/A","#N/A","#N/A"
a4e77a69-0080-49bd-940c-1bc59a82dd16,"#N/A","#N/A",false,Web,"#N/A","#N/A",Medium,"#N/A",New,Subject_juymv,"#N/A","#N/A","#N/A","#N/A","#N/A"
a4e8aa70-27de-49ee-8353-6fb56808edf5,"#N/A","#N/A",false,Web,"#N/A","#N/A",Medium,"#N/A",New,Subject_ktnrq,"#N/A","#N/A","#N/A","#N/A","#N/A"
a4f21b42-412b-48f1-b822-6a0f590b4358,"#N/A","#N/A",false,Web,"#N/A","#N/A",Medium,"#N/A",New,Subject_dtzex,"#N/A","#N/A","#N/A","#N/A","#N/A"
a4f3b92e-9ff2-416b-a109-7bfa38f25a12,"#N/A","#N/A",false,Web,"#N/A","#N/A",Medium,"#N/A",New,Subject_jfqzx,"#N/A","#N/A","#N/A","#N/A","#N/A"
a4f7288b-758a-4408-bf42-b41fdf4ce621,"#N/A","#N/A",false,Web,"#N/A","#N/A",Medium,"#N/A",New,Subject_fykid,"#N/A","#N/A","#N/A","#N/A","#N/A"
a4f761c7-82bc-49e6-82a1-7530611c24ca,"#N/A","#N/A",false,Web,"#N/A","#N/A",Medium,"#N/A",New,Subject_msnpz,"#N/A","#N/A","#N/A","#N/A","#N/A"
a4f79eb5-3b0d-4ef4-928c-7e8a408684d2,"#N/A","#N/A",false,Web,"#N/A","#N/A",Medium,"#N/A",New,Subject_kjlxt,"#N/A","#N/A","#N/A","#N/A","#N/A"
a4fc3feb-3315-43d5-98e7-7d574ed11773,"#N/A","#N/A",false,Web,"#N/A","#N/A",Medium,"#N/A",New,Subject_ersgk,"#N/A","#N/A","#N/A","#N/A","#N/A"
a4fe908f-d7bb-4d03-a376-d02bc2fbd866,"#N/A","#N/A",false,Web,"#N/A","#N/A",Medium,"#N/A",New,Subject_samla,"#N/A","#N/A","#N/A","#N/A","#N/A"
a4ff103e-77e6-4c4a-948b-6d14d96e376f,"#N/A","#N/A",false,Web,"#N/A","#N/A",Medium,"#N/A",New,Subject_ljcww,"#N/A","#N/A","#N/A","#N/A","#N/A"
a5042486-1a6f-4907-a55b-46fde17032de,"#N/A","#N/A",false,Web,"#N/A","#N/A",Medium,"#N/A",New,Subject_jwzoo,"#N/A","#N/A","#N/A","#N/A","#N/A"
a50494ff-0c70-46c2-b527-dc84698635ee,"#N/A","#N/A",false,Web,"#N/A","#N/A",Medium,"#N/A",New,Subject_elfgc,"#N/A","#N/A","#N/A","#N/A","#N/A"
a505ce41-1a1e-49c1-bd1a-46c0ca14b979,"#N/A","#N/A",false,Web,"#N/A","#N/A",Medium,"#N/A",New,Subject_atwfj,"#N/A","#N/A","#N/A","#N/A","#N/A"
a50ac28c-eb86-458d-a43c-5a1f56f329d6,"#N/A","#N/A",false,Web,"#N/A","#N/A",Medium,"#N/A",New,Subject_sqlat,"#N/A","#N/A","#N/A","#N/A","#N/A"
a50c9978-4efe-4569-ba73-5ddbe16094e5,"#N/A","#N/A",false,Web,"#N/A","#N/A",Medium,"#N/A",New,Subject_ggvwx,"#N/A","#N/A","#N/A","#N/A","#N/A"
a511cb24-d49f-43f2-9a15-c232f5be69df,"#N/A","#N/A",false,Web,"#N/A","#N/A",Medium,"#N/A",New,Subject_aluhv,"#N/A","#N/A","#N/A","#N/A","#N/A"
a5154108-f679-4d8d-9f09-1e74bae3b94c,"#N/A","#N/A",false,Web,"#N/A","#N/A",Medium,"#N/A",New,Subject_ftgsp,"#N/A","#N/A","#N/A","#N/A","#N/A"
a51c4424-48de-4c5a-a51e-6c4afa0645dc,"#N/A","#N/A",false,Web,"#N/A","#N/A",Medium,"#N/A",New,Subject_grpmh,"#N/A","#N/A","#N/A","#N/A","#N/A"
a51e73f5-af62-4bd1-877d-9977aed53d08,"#N/A","#N/A",false,Web,"#N/A","#N/A",Medium,"#N/A",New,Subject_nzoec,"#N/A","#N/A","#N/A","#N/A","#N/A"
a520bcdf-3190-47c7-95ef-6169d50e9ba8,"#N/A","#N/A",false,Web,"#N/A","#N/A",Medium,"#N/A",New,Subject_uoior,"#N/A","#N/A","#N/A","#N/A","#N/A"
a522c7db-3202-4be4-b744-faa994a95cda,"#N/A","#N/A",false,Web,"#N/A","#N/A",Medium,"#N/A",New,Subject_fvoah,"#N/A","#N/A","#N/A","#N/A","#N/A"
a52a7517-ae73-41e1-9a62-c9aa8bb0b5c4,"#N/A","#N/A",false,Web,"#N/A","#N/A",Medium,"#N/A",New,Subject_qgxck,"#N/A","#N/A","#N/A","#N/A","#N/A"
a52b239e-6503-48c4-9a88-8aafe62da67a,"#N/A","#N/A",false,Web,"#N/A","#N/A",Medium,"#N/A",New,Subject_fnnuy,"#N/A","#N/A","#N/A","#N/A","#N/A"
a52ddd73-8253-42d1-8438-527a5d91942b,"#N/A","#N/A",false,Web,"#N/A","#N/A",Medium,"#N/A",New,Subject_ybrre,"#N/A","#N/A","#N/A","#N/A","#N/A"
a52e6d7d-b71b-4518-b245-d7e1006abe46,"#N/A","#N/A",false,Web,"#N/A","#N/A",Medium,"#N/A",New,Subject_wsmld,"#N/A","#N/A","#N/A","#N/A","#N/A"
a52fe1a7-0690-49cf-8d35-08b3e43342e4,"#N/A","#N/A",false,Web,"#N/A","#N/A",Medium,"#N/A",New,Subject_zrcab,"#N/A","#N/A","#N/A","#N/A","#N/A"
a534432c-9a7a-4e8a-80f7-f3f16683ed15,"#N/A","#N/A",false,Web,"#N/A","#N/A",Medium,"#N/A",New,Subject_ymbyg,"#N/A","#N/A","#N/A","#N/A","#N/A"
a53ae624-af77-4c7a-9282-2db767eac08b,"#N/A","#N/A",false,Web,"#N/A","#N/A",Medium,"#N/A",New,Subject_fdrgy,"#N/A","#N/A","#N/A","#N/A","#N/A"
a5422547-2ee4-4144-97f8-ce60785b6ae8,"#N/A","#N/A",false,Web,"#N/A","#N/A",Medium,"#N/A",New,Subject_qwupg,"#N/A","#N/A","#N/A","#N/A","#N/A"
a545e4d6-e7f1-4fcf-93c6-af92eed1ae50,"#N/A","#N/A",false,Web,"#N/A","#N/A",Medium,"#N/A",New,Subject_fuioo,"#N/A","#N/A","#N/A","#N/A","#N/A"
a54996c4-54ef-4811-964c-71a4ea6c44f3,"#N/A","#N/A",false,Web,"#N/A","#N/A",Medium,"#N/A",New,Subject_nqija,"#N/A","#N/A","#N/A","#N/A","#N/A"
a54d02dd-8718-433a-b45b-d9d74fd1b0ea,"#N/A","#N/A",false,Web,"#N/A","#N/A",Medium,"#N/A",New,Subject_fkzvi,"#N/A","#N/A","#N/A","#N/A","#N/A"
a551e8dd-2cd9-4875-be13-37720aedfabe,"#N/A","#N/A",false,Web,"#N/A","#N/A",Medium,"#N/A",New,Subject_wmecq,"#N/A","#N/A","#N/A","#N/A","#N/A"
a5555681-3b8a-491b-9f7f-cd202456f2b5,"#N/A","#N/A",false,Web,"#N/A","#N/A",Medium,"#N/A",New,Subject_vmopa,"#N/A","#N/A","#N/A","#N/A","#N/A"
a559f0e4-7ec8-44b8-8ce5-08329648046b,"#N/A","#N/A",false,Web,"#N/A","#N/A",Medium,"#N/A",New,Subject_sfswc,"#N/A","#N/A","#N/A","#N/A","#N/A"
a55c4b72-8c91-4e85-9e96-23f2aad041c8,"#N/A","#N/A",false,Web,"#N/A","#N/A",Medium,"#N/A",New,Subject_bgigm,"#N/A","#N/A","#N/A","#N/A","#N/A"
a55e13a4-1010-45e6-a40b-76adb4b77f58,"#N/A","#N/A",false,Web,"#N/A","#N/A",Medium,"#N/A",New,Subject_ruwpz,"#N/A","#N/A","#N/A","#N/A","#N/A"
a55ed686-c3cb-4274-a315-526a58db723d,"#N/A","#N/A",false,Web,"#N/A","#N/A",Medium,"#N/A",New,Subject_kgnea,"#N/A","#N/A","#N/A","#N/A","#N/A"
a560d0a2-1b5f-4004-a714-57577d847ac2,"#N/A","#N/A",false,Web,"#N/A","#N/A",Medium,"#N/A",New,Subject_nbzlz,"#N/A","#N/A","#N/A","#N/A","#N/A"
a567c397-b7a4-4408-a5aa-b495dc976365,"#N/A","#N/A",false,Web,"#N/A","#N/A",Medium,"#N/A",New,Subject_gmcvr,"#N/A","#N/A","#N/A","#N/A","#N/A"
a56be165-739c-463b-b25d-d084137d0851,"#N/A","#N/A",false,Web,"#N/A","#N/A",Medium,"#N/A",New,Subject_vhesh,"#N/A","#N/A","#N/A","#N/A","#N/A"
a572733f-df43-4f48-b152-0a67ad777312,"#N/A","#N/A",false,Web,"#N/A","#N/A",Medium,"#N/A",New,Subject_rsuzx,"#N/A","#N/A","#N/A","#N/A","#N/A"
a576cb67-91f1-41a2-82a4-f88d34767349,"#N/A","#N/A",false,Web,"#N/A","#N/A",Medium,"#N/A",New,Subject_xrhph,"#N/A","#N/A","#N/A","#N/A","#N/A"
a5775900-456c-46b6-b5c7-96f72d7bc3ef,"#N/A","#N/A",false,Web,"#N/A","#N/A",Medium,"#N/A",New,Subject_myqjs,"#N/A","#N/A","#N/A","#N/A","#N/A"
a578fc16-39ba-4cfa-b8b7-6359740e9c1d,"#N/A","#N/A",false,Web,"#N/A","#N/A",Medium,"#N/A",New,Subject_otfly,"#N/A","#N/A","#N/A","#N/A","#N/A"
a57911ca-6ab9-45c2-94fd-da64107da573,"#N/A","#N/A",false,Web,"#N/A","#N/A",Medium,"#N/A",New,Subject_onyso,"#N/A","#N/A","#N/A","#N/A","#N/A"
a579dab4-9747-4022-8bfe-12ad549ad8b4,"#N/A","#N/A",false,Web,"#N/A","#N/A",Medium,"#N/A",New,Subject_ucjel,"#N/A","#N/A","#N/A","#N/A","#N/A"
a57b608b-0a03-445b-a0fe-9b7d3359cf51,"#N/A","#N/A",false,Web,"#N/A","#N/A",Medium,"#N/A",New,Subject_vvxum,"#N/A","#N/A","#N/A","#N/A","#N/A"
a580a97e-d8e5-4d68-9e34-14a795e46e0f,"#N/A","#N/A",false,Web,"#N/A","#N/A",Medium,"#N/A",New,Subject_dgron,"#N/A","#N/A","#N/A","#N/A","#N/A"
a585c0db-0d4a-4833-82a8-14bc4335ca4c,"#N/A","#N/A",false,Web,"#N/A","#N/A",Medium,"#N/A",New,Subject_lrgop,"#N/A","#N/A","#N/A","#N/A","#N/A"
a5891b4d-7264-423c-835c-29d6267aca72,"#N/A","#N/A",false,Web,"#N/A","#N/A",Medium,"#N/A",New,Subject_ieqab,"#N/A","#N/A","#N/A","#N/A","#N/A"
a58a85f0-5b6f-4cbf-9de0-65824754826a,"#N/A","#N/A",false,Web,"#N/A","#N/A",Medium,"#N/A",New,Subject_naigk,"#N/A","#N/A","#N/A","#N/A","#N/A"
a58fcf74-0533-4259-98ae-906f31c24b1c,"#N/A","#N/A",false,Web,"#N/A","#N/A",Medium,"#N/A",New,Subject_sfqet,"#N/A","#N/A","#N/A","#N/A","#N/A"
a5975616-7b30-4bf7-bcf2-a0f9047aeac3,"#N/A","#N/A",false,Web,"#N/A","#N/A",Medium,"#N/A",New,Subject_jqrrg,"#N/A","#N/A","#N/A","#N/A","#N/A"
a598e621-8d75-45d9-83a6-8cf4c44dde43,"#N/A","#N/A",false,Web,"#N/A","#N/A",Medium,"#N/A",New,Subject_yrncu,"#N/A","#N/A","#N/A","#N/A","#N/A"
a59a7bd1-8898-4abb-b8b7-8a46fc3abddf,"#N/A","#N/A",false,Web,"#N/A","#N/A",Medium,"#N/A",New,Subject_izdup,"#N/A","#N/A","#N/A","#N/A","#N/A"
a59adfb0-049c-4c6c-929b-2ac68e8649c4,"#N/A","#N/A",false,Web,"#N/A","#N/A",Medium,"#N/A",New,Subject_bexfy,"#N/A","#N/A","#N/A","#N/A","#N/A"
a5a0c7f0-3e20-4283-839a-5753c55767f0,"#N/A","#N/A",false,Web,"#N/A","#N/A",Medium,"#N/A",New,Subject_gfdlj,"#N/A","#N/A","#N/A","#N/A","#N/A"
a5a36be0-911c-4703-ab44-d2237b5365f4,"#N/A","#N/A",false,Web,"#N/A","#N/A",Medium,"#N/A",New,Subject_lvlez,"#N/A","#N/A","#N/A","#N/A","#N/A"
a5a38fdc-59ed-4ef0-855c-ee3b269fc67a,"#N/A","#N/A",false,Web,"#N/A","#N/A",Medium,"#N/A",New,Subject_qzqcg,"#N/A","#N/A","#N/A","#N/A","#N/A"
a5a4e504-37ec-4a00-bd2d-50d597485684,"#N/A","#N/A",false,Web,"#N/A","#N/A",Medium,"#N/A",New,Subject_rhrzy,"#N/A","#N/A","#N/A","#N/A","#N/A"
a5a5951a-aa85-471d-a81a-ce4532cfab0c,"#N/A","#N/A",false,Web,"#N/A","#N/A",Medium,"#N/A",New,Subject_xhpbu,"#N/A","#N/A","#N/A","#N/A","#N/A"
a5a76638-c5c2-45fa-82ad-e5b9094a4630,"#N/A","#N/A",false,Web,"#N/A","#N/A",Medium,"#N/A",New,Subject_tbdyj,"#N/A","#N/A","#N/A","#N/A","#N/A"
a5abc3dc-3502-486d-98dc-22e729e7337b,"#N/A","#N/A",false,Web,"#N/A","#N/A",Medium,"#N/A",New,Subject_jdmrl,"#N/A","#N/A","#N/A","#N/A","#N/A"
a5ae9126-2909-451a-862d-a948ecad8fe2,"#N/A","#N/A",false,Web,"#N/A","#N/A",Medium,"#N/A",New,Subject_kofrz,"#N/A","#N/A","#N/A","#N/A","#N/A"
a5aecaba-b93a-4b08-a1f0-ae309de85b6e,"#N/A","#N/A",false,Web,"#N/A","#N/A",Medium,"#N/A",New,Subject_chpdf,"#N/A","#N/A","#N/A","#N/A","#N/A"
a5af613b-97e5-433b-b7ae-174db5849a6f,"#N/A","#N/A",false,Web,"#N/A","#N/A",Medium,"#N/A",New,Subject_sksiw,"#N/A","#N/A","#N/A","#N/A","#N/A"
a5b0a822-0f6d-4b6f-9b87-90f3ad956953,"#N/A","#N/A",false,Web,"#N/A","#N/A",Medium,"#N/A",New,Subject_zrbez,"#N/A","#N/A","#N/A","#N/A","#N/A"
a5b25781-2fe9-4692-991c-1c74947132c1,"#N/A","#N/A",false,Web,"#N/A","#N/A",Medium,"#N/A",New,Subject_unvht,"#N/A","#N/A","#N/A","#N/A","#N/A"
a5b2713c-a6e0-4031-9fb9-7f5c8d862f39,"#N/A","#N/A",false,Web,"#N/A","#N/A",Medium,"#N/A",New,Subject_mdzha,"#N/A","#N/A","#N/A","#N/A","#N/A"
a5b567ba-0bf0-465a-b9a3-4e8e80aece0c,"#N/A","#N/A",false,Web,"#N/A","#N/A",Medium,"#N/A",New,Subject_nqkru,"#N/A","#N/A","#N/A","#N/A","#N/A"
a5b88b2f-38a5-421b-bf66-902ac88d12d8,"#N/A","#N/A",false,Web,"#N/A","#N/A",Medium,"#N/A",New,Subject_zglbk,"#N/A","#N/A","#N/A","#N/A","#N/A"
a5b915e7-373f-4736-8e52-db2acb12bb62,"#N/A","#N/A",false,Web,"#N/A","#N/A",Medium,"#N/A",New,Subject_mrmwy,"#N/A","#N/A","#N/A","#N/A","#N/A"
a5b928cf-af4a-4bb1-9b5a-07cc713ccab8,"#N/A","#N/A",false,Web,"#N/A","#N/A",Medium,"#N/A",New,Subject_zgzvq,"#N/A","#N/A","#N/A","#N/A","#N/A"
a5bb00a3-f293-43d4-9830-31520b2a3216,"#N/A","#N/A",false,Web,"#N/A","#N/A",Medium,"#N/A",New,Subject_obvmh,"#N/A","#N/A","#N/A","#N/A","#N/A"
a5bb0570-a78e-4eaa-ab4a-d4ff21faa1fb,"#N/A","#N/A",false,Web,"#N/A","#N/A",Medium,"#N/A",New,Subject_xtgeq,"#N/A","#N/A","#N/A","#N/A","#N/A"
a5c13407-5e1b-4c80-a852-854c9b071322,"#N/A","#N/A",false,Web,"#N/A","#N/A",Medium,"#N/A",New,Subject_qoasn,"#N/A","#N/A","#N/A","#N/A","#N/A"
a5c2062b-686f-4686-af03-9068f6bd8956,"#N/A","#N/A",false,Web,"#N/A","#N/A",Medium,"#N/A",New,Subject_dektb,"#N/A","#N/A","#N/A","#N/A","#N/A"
a5c51264-f7a0-41ee-9fea-fba44f4303e2,"#N/A","#N/A",false,Web,"#N/A","#N/A",Medium,"#N/A",New,Subject_eubfy,"#N/A","#N/A","#N/A","#N/A","#N/A"
a5c8a3da-c573-4f30-ad04-d0733b6ce0fc,"#N/A","#N/A",false,Web,"#N/A","#N/A",Medium,"#N/A",New,Subject_ezfmd,"#N/A","#N/A","#N/A","#N/A","#N/A"
a5cbfa36-bb12-43c5-b6d0-8aa8c38ab4bd,"#N/A","#N/A",false,Web,"#N/A","#N/A",Medium,"#N/A",New,Subject_wrgyt,"#N/A","#N/A","#N/A","#N/A","#N/A"
a5cc74a2-9903-44a3-b49b-4694d78977fd,"#N/A","#N/A",false,Web,"#N/A","#N/A",Medium,"#N/A",New,Subject_tugmh,"#N/A","#N/A","#N/A","#N/A","#N/A"
a5cfbf86-3486-4d7d-9e65-59c0e792ddbd,"#N/A","#N/A",false,Web,"#N/A","#N/A",Medium,"#N/A",New,Subject_vgijq,"#N/A","#N/A","#N/A","#N/A","#N/A"
a5d145a0-b627-49be-9f0b-058bcd0e90cd,"#N/A","#N/A",false,Web,"#N/A","#N/A",Medium,"#N/A",New,Subject_hrklp,"#N/A","#N/A","#N/A","#N/A","#N/A"
a5d62309-9f72-4627-aab7-cd3a887ec02d,"#N/A","#N/A",false,Web,"#N/A","#N/A",Medium,"#N/A",New,Subject_zvhke,"#N/A","#N/A","#N/A","#N/A","#N/A"
a5d70761-779d-4d4e-805c-40a00eaf4033,"#N/A","#N/A",false,Web,"#N/A","#N/A",Medium,"#N/A",New,Subject_wiisx,"#N/A","#N/A","#N/A","#N/A","#N/A"
a5db3af1-df7a-4a45-b0cc-dc02a4ce98c2,"#N/A","#N/A",false,Web,"#N/A","#N/A",Medium,"#N/A",New,Subject_rttij,"#N/A","#N/A","#N/A","#N/A","#N/A"
a5dd81f3-f096-46d1-b7ba-e991e9677ccd,"#N/A","#N/A",false,Web,"#N/A","#N/A",Medium,"#N/A",New,Subject_uuyay,"#N/A","#N/A","#N/A","#N/A","#N/A"
a5e24caf-12e5-409f-9211-0ed6810f2746,"#N/A","#N/A",false,Web,"#N/A","#N/A",Medium,"#N/A",New,Subject_qhnjf,"#N/A","#N/A","#N/A","#N/A","#N/A"
a5e3d5fe-d91a-4b9b-aa20-d52bea0c4203,"#N/A","#N/A",false,Web,"#N/A","#N/A",Medium,"#N/A",New,Subject_sqpul,"#N/A","#N/A","#N/A","#N/A","#N/A"
a5e45c4f-363c-4512-95c6-973a04b80737,"#N/A","#N/A",false,Web,"#N/A","#N/A",Medium,"#N/A",New,Subject_exikp,"#N/A","#N/A","#N/A","#N/A","#N/A"
a5e6af68-de8e-4121-acd3-4bba4e43076e,"#N/A","#N/A",false,Web,"#N/A","#N/A",Medium,"#N/A",New,Subject_ptkmo,"#N/A","#N/A","#N/A","#N/A","#N/A"
a5e797d3-bebc-4c9f-9be2-643fdb29a9b2,"#N/A","#N/A",false,Web,"#N/A","#N/A",Medium,"#N/A",New,Subject_feuum,"#N/A","#N/A","#N/A","#N/A","#N/A"
a5e7c5e4-82ad-4549-934a-a9d52a305793,"#N/A","#N/A",false,Web,"#N/A","#N/A",Medium,"#N/A",New,Subject_pnfqe,"#N/A","#N/A","#N/A","#N/A","#N/A"
a5e9d4da-5f4f-4e1c-8f3b-0a6f42631297,"#N/A","#N/A",false,Web,"#N/A","#N/A",Medium,"#N/A",New,Subject_byfde,"#N/A","#N/A","#N/A","#N/A","#N/A"
a5ea5f9a-1009-4d72-a887-d29083450cc7,"#N/A","#N/A",false,Web,"#N/A","#N/A",Medium,"#N/A",New,Subject_unvht,"#N/A","#N/A","#N/A","#N/A","#N/A"
a5edf6bb-68ff-4335-9010-3a0ed4a29dc6,"#N/A","#N/A",false,Web,"#N/A","#N/A",Medium,"#N/A",New,Subject_haqhs,"#N/A","#N/A","#N/A","#N/A","#N/A"
a5ee1dd2-835c-4901-a049-0b2b75fbc37f,"#N/A","#N/A",false,Web,"#N/A","#N/A",Medium,"#N/A",New,Subject_iikjw,"#N/A","#N/A","#N/A","#N/A","#N/A"
a5f1d7c3-c7ba-42f2-8d78-acc47ccdb981,"#N/A","#N/A",false,Web,"#N/A","#N/A",Medium,"#N/A",New,Subject_usjbg,"#N/A","#N/A","#N/A","#N/A","#N/A"
a5f53771-5c30-4e54-950e-8012a15b0385,"#N/A","#N/A",false,Web,"#N/A","#N/A",Medium,"#N/A",New,Subject_mptfv,"#N/A","#N/A","#N/A","#N/A","#N/A"
a5fa12f5-2425-4506-8534-14ec755a4a35,"#N/A","#N/A",false,Web,"#N/A","#N/A",Medium,"#N/A",New,Subject_wgoxo,"#N/A","#N/A","#N/A","#N/A","#N/A"
a5fa159b-647d-4460-a1b0-e9187ce20e77,"#N/A","#N/A",false,Web,"#N/A","#N/A",Medium,"#N/A",New,Subject_esuqc,"#N/A","#N/A","#N/A","#N/A","#N/A"
a5ffa984-e7fa-4fde-ae65-efd56cd63527,"#N/A","#N/A",false,Web,"#N/A","#N/A",Medium,"#N/A",New,Subject_tlyfg,"#N/A","#N/A","#N/A","#N/A","#N/A"
a60024f0-ada8-49cb-a3c9-2c7dc1fab4b8,"#N/A","#N/A",false,Web,"#N/A","#N/A",Medium,"#N/A",New,Subject_yvjcx,"#N/A","#N/A","#N/A","#N/A","#N/A"
a60563a5-fcd0-486b-bd65-9b13900d6162,"#N/A","#N/A",false,Web,"#N/A","#N/A",Medium,"#N/A",New,Subject_vccoo,"#N/A","#N/A","#N/A","#N/A","#N/A"
a6091590-1632-4f1f-b725-9331604118b6,"#N/A","#N/A",false,Web,"#N/A","#N/A",Medium,"#N/A",New,Subject_nfauy,"#N/A","#N/A","#N/A","#N/A","#N/A"
a609575a-f666-4ebd-9e34-9494a3520a70,"#N/A","#N/A",false,Web,"#N/A","#N/A",Medium,"#N/A",New,Subject_zvkyd,"#N/A","#N/A","#N/A","#N/A","#N/A"
a609d760-0429-4a87-b35f-4c29acb26815,"#N/A","#N/A",false,Web,"#N/A","#N/A",Medium,"#N/A",New,Subject_hothz,"#N/A","#N/A","#N/A","#N/A","#N/A"
a61c8308-b585-4b27-a136-74e69e410129,"#N/A","#N/A",false,Web,"#N/A","#N/A",Medium,"#N/A",New,Subject_drmsj,"#N/A","#N/A","#N/A","#N/A","#N/A"
a61f9f99-e60a-41d8-8644-fda42d1b93e7,"#N/A","#N/A",false,Web,"#N/A","#N/A",Medium,"#N/A",New,Subject_rrrzw,"#N/A","#N/A","#N/A","#N/A","#N/A"
a622272b-bd7e-44b1-bf54-c7d5ed280616,"#N/A","#N/A",false,Web,"#N/A","#N/A",Medium,"#N/A",New,Subject_nvsqx,"#N/A","#N/A","#N/A","#N/A","#N/A"
a6237883-109e-4b57-bf8c-2c119f7d252b,"#N/A","#N/A",false,Web,"#N/A","#N/A",Medium,"#N/A",New,Subject_chydu,"#N/A","#N/A","#N/A","#N/A","#N/A"
a6254dc4-bfb1-4fbc-88c4-f87a691422d2,"#N/A","#N/A",false,Web,"#N/A","#N/A",Medium,"#N/A",New,Subject_wjyky,"#N/A","#N/A","#N/A","#N/A","#N/A"
a62766d5-757c-4f61-a539-356c4491a1fc,"#N/A","#N/A",false,Web,"#N/A","#N/A",Medium,"#N/A",New,Subject_kbbkd,"#N/A","#N/A","#N/A","#N/A","#N/A"
a627acd0-228f-45b3-8f67-0aac159e90e9,"#N/A","#N/A",false,Web,"#N/A","#N/A",Medium,"#N/A",New,Subject_ekjgb,"#N/A","#N/A","#N/A","#N/A","#N/A"
a6294475-d306-4728-84b4-f4c7c00fe9f8,"#N/A","#N/A",false,Web,"#N/A","#N/A",Medium,"#N/A",New,Subject_ipwvh,"#N/A","#N/A","#N/A","#N/A","#N/A"
a62b2a73-9d7a-41ce-8990-a49d3eec302d,"#N/A","#N/A",false,Web,"#N/A","#N/A",Medium,"#N/A",New,Subject_zwrgd,"#N/A","#N/A","#N/A","#N/A","#N/A"
a62bd727-8c42-4efd-b4dc-4b0343776e52,"#N/A","#N/A",false,Web,"#N/A","#N/A",Medium,"#N/A",New,Subject_fzqds,"#N/A","#N/A","#N/A","#N/A","#N/A"
a62d2e01-e9e1-47bb-beb6-e6f4a39744db,"#N/A","#N/A",false,Web,"#N/A","#N/A",Medium,"#N/A",New,Subject_vippo,"#N/A","#N/A","#N/A","#N/A","#N/A"
a62f07e7-210f-48c5-abe4-dde505d9f415,"#N/A","#N/A",false,Web,"#N/A","#N/A",Medium,"#N/A",New,Subject_uwdyk,"#N/A","#N/A","#N/A","#N/A","#N/A"
a6312e51-78d3-4321-895c-120115eb357b,"#N/A","#N/A",false,Web,"#N/A","#N/A",Medium,"#N/A",New,Subject_cobtc,"#N/A","#N/A","#N/A","#N/A","#N/A"
a63311dd-e15b-41e1-a479-4ba11a3050af,"#N/A","#N/A",false,Web,"#N/A","#N/A",Medium,"#N/A",New,Subject_mbzmb,"#N/A","#N/A","#N/A","#N/A","#N/A"
a6357ad2-3db8-4755-b08e-14de8668278c,"#N/A","#N/A",false,Web,"#N/A","#N/A",Medium,"#N/A",New,Subject_gcocr,"#N/A","#N/A","#N/A","#N/A","#N/A"
a6367d39-8c2c-4006-9bc1-3e1714534cc1,"#N/A","#N/A",false,Web,"#N/A","#N/A",Medium,"#N/A",New,Subject_osnua,"#N/A","#N/A","#N/A","#N/A","#N/A"
a6383241-e592-4e68-bcdc-2752bb5c1fc5,"#N/A","#N/A",false,Web,"#N/A","#N/A",Medium,"#N/A",New,Subject_jwwum,"#N/A","#N/A","#N/A","#N/A","#N/A"
a63849b8-e36a-4fcf-9f8a-33ee01231d03,"#N/A","#N/A",false,Web,"#N/A","#N/A",Medium,"#N/A",New,Subject_mqszi,"#N/A","#N/A","#N/A","#N/A","#N/A"
a6386af7-95a1-4f61-b8cd-4181d8e76961,"#N/A","#N/A",false,Web,"#N/A","#N/A",Medium,"#N/A",New,Subject_rwfnq,"#N/A","#N/A","#N/A","#N/A","#N/A"
a638c28b-db81-4527-835b-b580ee1b2606,"#N/A","#N/A",false,Web,"#N/A","#N/A",Medium,"#N/A",New,Subject_lkpxc,"#N/A","#N/A","#N/A","#N/A","#N/A"
a63bb43d-672b-449b-833d-e02677edd144,"#N/A","#N/A",false,Web,"#N/A","#N/A",Medium,"#N/A",New,Subject_jccpy,"#N/A","#N/A","#N/A","#N/A","#N/A"
a63cae76-ae88-4c64-9bf6-ed01012ef2c9,"#N/A","#N/A",false,Web,"#N/A","#N/A",Medium,"#N/A",New,Subject_iytno,"#N/A","#N/A","#N/A","#N/A","#N/A"
a643ee18-fb2e-4ecb-bea6-0f90e94bccc9,"#N/A","#N/A",false,Web,"#N/A","#N/A",Medium,"#N/A",New,Subject_gbcpz,"#N/A","#N/A","#N/A","#N/A","#N/A"
a644386e-898f-4ab9-a050-0079e898888e,"#N/A","#N/A",false,Web,"#N/A","#N/A",Medium,"#N/A",New,Subject_kbnvp,"#N/A","#N/A","#N/A","#N/A","#N/A"
a6475706-6617-470a-9569-92e01affdff6,"#N/A","#N/A",false,Web,"#N/A","#N/A",Medium,"#N/A",New,Subject_rcrgu,"#N/A","#N/A","#N/A","#N/A","#N/A"
a6497e86-28d8-4e28-a046-4ea41d9d1d7e,"#N/A","#N/A",false,Web,"#N/A","#N/A",Medium,"#N/A",New,Subject_gswqw,"#N/A","#N/A","#N/A","#N/A","#N/A"
a64b63c6-4672-43af-9a1e-86bc56ad8220,"#N/A","#N/A",false,Web,"#N/A","#N/A",Medium,"#N/A",New,Subject_dkhjo,"#N/A","#N/A","#N/A","#N/A","#N/A"
a64fa2e8-e662-480f-9ae4-9c12702a844a,"#N/A","#N/A",false,Web,"#N/A","#N/A",Medium,"#N/A",New,Subject_irecp,"#N/A","#N/A","#N/A","#N/A","#N/A"
a652dae3-0f2a-472e-a53b-2afee5682dde,"#N/A","#N/A",false,Web,"#N/A","#N/A",Medium,"#N/A",New,Subject_ccxjn,"#N/A","#N/A","#N/A","#N/A","#N/A"
a655341c-3040-4e95-91d4-ec30412f6ca1,"#N/A","#N/A",false,Web,"#N/A","#N/A",Medium,"#N/A",New,Subject_wtwmb,"#N/A","#N/A","#N/A","#N/A","#N/A"
a6574ab2-2a8c-4a82-8405-e404c90d9576,"#N/A","#N/A",false,Web,"#N/A","#N/A",Medium,"#N/A",New,Subject_ryhep,"#N/A","#N/A","#N/A","#N/A","#N/A"
a658e553-a96a-45b2-997e-599e72f4bef9,"#N/A","#N/A",false,Web,"#N/A","#N/A",Medium,"#N/A",New,Subject_idqim,"#N/A","#N/A","#N/A","#N/A","#N/A"
a65bd7e2-4539-475b-a75f-8bceec2d3a8f,"#N/A","#N/A",false,Web,"#N/A","#N/A",Medium,"#N/A",New,Subject_vwfdy,"#N/A","#N/A","#N/A","#N/A","#N/A"
a65ce4c4-acfd-4f2f-abd2-837d9be294eb,"#N/A","#N/A",false,Web,"#N/A","#N/A",Medium,"#N/A",New,Subject_xlmjl,"#N/A","#N/A","#N/A","#N/A","#N/A"
a65d5699-b6a4-4489-9840-bf83e96597c5,"#N/A","#N/A",false,Web,"#N/A","#N/A",Medium,"#N/A",New,Subject_cvpuq,"#N/A","#N/A","#N/A","#N/A","#N/A"
a65de503-a39b-4672-86cb-36b9109d139c,"#N/A","#N/A",false,Web,"#N/A","#N/A",Medium,"#N/A",New,Subject_jjgvx,"#N/A","#N/A","#N/A","#N/A","#N/A"
a65ea376-f977-4972-b8cb-42082070fe40,"#N/A","#N/A",false,Web,"#N/A","#N/A",Medium,"#N/A",New,Subject_cfvpb,"#N/A","#N/A","#N/A","#N/A","#N/A"
a65f4665-bcbb-4c24-a501-2211502cb66b,"#N/A","#N/A",false,Web,"#N/A","#N/A",Medium,"#N/A",New,Subject_jmpow,"#N/A","#N/A","#N/A","#N/A","#N/A"
a6685792-0c6d-4f78-b7a0-c83553b65ed3,"#N/A","#N/A",false,Web,"#N/A","#N/A",Medium,"#N/A",New,Subject_wscjs,"#N/A","#N/A","#N/A","#N/A","#N/A"
a66957bc-4f3b-4d45-83d3-39307f5057fc,"#N/A","#N/A",false,Web,"#N/A","#N/A",Medium,"#N/A",New,Subject_kzcvr,"#N/A","#N/A","#N/A","#N/A","#N/A"
a669b0ac-e49e-4b6e-a7da-87f5d1fcbab5,"#N/A","#N/A",false,Web,"#N/A","#N/A",Medium,"#N/A",New,Subject_vhwiw,"#N/A","#N/A","#N/A","#N/A","#N/A"
a66c42f3-c709-44b8-8bb5-8d7c518cf9c5,"#N/A","#N/A",false,Web,"#N/A","#N/A",Medium,"#N/A",New,Subject_sxddr,"#N/A","#N/A","#N/A","#N/A","#N/A"
a66c6f08-4d38-4700-a50f-5c8791b73b03,"#N/A","#N/A",false,Web,"#N/A","#N/A",Medium,"#N/A",New,Subject_wzgnf,"#N/A","#N/A","#N/A","#N/A","#N/A"
a675c7e1-a5b7-43ab-b2ce-faedb30658bc,"#N/A","#N/A",false,Web,"#N/A","#N/A",Medium,"#N/A",New,Subject_uabkm,"#N/A","#N/A","#N/A","#N/A","#N/A"
a67e7be3-a447-4f0f-9b75-6d7ac898d4cb,"#N/A","#N/A",false,Web,"#N/A","#N/A",Medium,"#N/A",New,Subject_hkwyv,"#N/A","#N/A","#N/A","#N/A","#N/A"
a67f84c8-65f6-4ce1-84d5-02d3960d336f,"#N/A","#N/A",false,Web,"#N/A","#N/A",Medium,"#N/A",New,Subject_gcyph,"#N/A","#N/A","#N/A","#N/A","#N/A"
a681c93b-2f8e-4dfd-99de-1b58d3c004be,"#N/A","#N/A",false,Web,"#N/A","#N/A",Medium,"#N/A",New,Subject_qgkuq,"#N/A","#N/A","#N/A","#N/A","#N/A"
a68d8f0f-5eca-4818-87f2-bfd44d01e0b2,"#N/A","#N/A",false,Web,"#N/A","#N/A",Medium,"#N/A",New,Subject_sorip,"#N/A","#N/A","#N/A","#N/A","#N/A"
a68d9936-9b95-4701-bf4a-a3d4323cf3cf,"#N/A","#N/A",false,Web,"#N/A","#N/A",Medium,"#N/A",New,Subject_caowx,"#N/A","#N/A","#N/A","#N/A","#N/A"
a68fbdb3-9870-4c04-9a37-c770f30d17a6,"#N/A","#N/A",false,Web,"#N/A","#N/A",Medium,"#N/A",New,Subject_scrwm,"#N/A","#N/A","#N/A","#N/A","#N/A"
a69325a4-7b1e-4651-980e-eb5af2157f74,"#N/A","#N/A",false,Web,"#N/A","#N/A",Medium,"#N/A",New,Subject_ynagx,"#N/A","#N/A","#N/A","#N/A","#N/A"
a6944fe2-bf8b-4eb8-93a9-d1003376b071,"#N/A","#N/A",false,Web,"#N/A","#N/A",Medium,"#N/A",New,Subject_bmxfv,"#N/A","#N/A","#N/A","#N/A","#N/A"
a696a606-cceb-4961-8db8-c66f9cb476eb,"#N/A","#N/A",false,Web,"#N/A","#N/A",Medium,"#N/A",New,Subject_iveoy,"#N/A","#N/A","#N/A","#N/A","#N/A"
a697270f-155d-4187-b758-ad630373971e,"#N/A","#N/A",false,Web,"#N/A","#N/A",Medium,"#N/A",New,Subject_faaec,"#N/A","#N/A","#N/A","#N/A","#N/A"
a699514e-a9ca-4e8a-88fa-95023eb93689,"#N/A","#N/A",false,Web,"#N/A","#N/A",Medium,"#N/A",New,Subject_dkaid,"#N/A","#N/A","#N/A","#N/A","#N/A"
a69c0a17-e0a0-4c90-be06-f81854491034,"#N/A","#N/A",false,Web,"#N/A","#N/A",Medium,"#N/A",New,Subject_kikak,"#N/A","#N/A","#N/A","#N/A","#N/A"
a69f5a38-ea28-4e4d-9fe9-0a960f91e654,"#N/A","#N/A",false,Web,"#N/A","#N/A",Medium,"#N/A",New,Subject_vwbbb,"#N/A","#N/A","#N/A","#N/A","#N/A"
a6a44ca1-8119-4e98-9954-a9ef290d9023,"#N/A","#N/A",false,Web,"#N/A","#N/A",Medium,"#N/A",New,Subject_ykcbp,"#N/A","#N/A","#N/A","#N/A","#N/A"
a6a7cb94-74f5-48f9-9b79-7595698d3718,"#N/A","#N/A",false,Web,"#N/A","#N/A",Medium,"#N/A",New,Subject_evifu,"#N/A","#N/A","#N/A","#N/A","#N/A"
a6a9aa3f-0c86-452d-8074-c64913cb0abb,"#N/A","#N/A",false,Web,"#N/A","#N/A",Medium,"#N/A",New,Subject_nxhym,"#N/A","#N/A","#N/A","#N/A","#N/A"
a6abb23b-6d05-4f59-84ca-3c4ac38edf79,"#N/A","#N/A",false,Web,"#N/A","#N/A",Medium,"#N/A",New,Subject_icryn,"#N/A","#N/A","#N/A","#N/A","#N/A"
a6b213f2-b357-4669-95f9-cbd6cb9b5ff3,"#N/A","#N/A",false,Web,"#N/A","#N/A",Medium,"#N/A",New,Subject_srxku,"#N/A","#N/A","#N/A","#N/A","#N/A"
a6b35bd1-4095-4bb6-93ae-767e599eeddf,"#N/A","#N/A",false,Web,"#N/A","#N/A",Medium,"#N/A",New,Subject_wtyjb,"#N/A","#N/A","#N/A","#N/A","#N/A"
a6b36e7c-b32a-4c2e-8110-2859ba6f957e,"#N/A","#N/A",false,Web,"#N/A","#N/A",Medium,"#N/A",New,Subject_vazxf,"#N/A","#N/A","#N/A","#N/A","#N/A"
a6b562b4-97a4-4c5a-9ddd-2102ced376f2,"#N/A","#N/A",false,Web,"#N/A","#N/A",Medium,"#N/A",New,Subject_ippnh,"#N/A","#N/A","#N/A","#N/A","#N/A"
a6b84b46-d30e-4902-a54b-9241ad818eca,"#N/A","#N/A",false,Web,"#N/A","#N/A",Medium,"#N/A",New,Subject_cvrgb,"#N/A","#N/A","#N/A","#N/A","#N/A"
a6b9df9f-46a6-44cd-b7f1-73bdec7bb279,"#N/A","#N/A",false,Web,"#N/A","#N/A",Medium,"#N/A",New,Subject_ttjkv,"#N/A","#N/A","#N/A","#N/A","#N/A"
a6b9f493-e416-4841-985d-b289bee8fcf8,"#N/A","#N/A",false,Web,"#N/A","#N/A",Medium,"#N/A",New,Subject_wyfsw,"#N/A","#N/A","#N/A","#N/A","#N/A"
a6bc19c5-da95-40fe-80b9-17c21e616728,"#N/A","#N/A",false,Web,"#N/A","#N/A",Medium,"#N/A",New,Subject_pxmwv,"#N/A","#N/A","#N/A","#N/A","#N/A"
a6c1e5a9-095c-42dc-90cc-b889895f3ea2,"#N/A","#N/A",false,Web,"#N/A","#N/A",Medium,"#N/A",New,Subject_jibkm,"#N/A","#N/A","#N/A","#N/A","#N/A"
a6c3931d-c40a-49ec-9beb-34a057d0de75,"#N/A","#N/A",false,Web,"#N/A","#N/A",Medium,"#N/A",New,Subject_lkeiy,"#N/A","#N/A","#N/A","#N/A","#N/A"
a6c9be66-9353-4b01-9818-8c7e3796531b,"#N/A","#N/A",false,Web,"#N/A","#N/A",Medium,"#N/A",New,Subject_vxdqx,"#N/A","#N/A","#N/A","#N/A","#N/A"
a6cae7b5-0b85-48c9-a267-df1f72f89360,"#N/A","#N/A",false,Web,"#N/A","#N/A",Medium,"#N/A",New,Subject_siqss,"#N/A","#N/A","#N/A","#N/A","#N/A"
a6cd0dcf-69d5-4221-8578-59c1c2a1a50e,"#N/A","#N/A",false,Web,"#N/A","#N/A",Medium,"#N/A",New,Subject_bqhmc,"#N/A","#N/A","#N/A","#N/A","#N/A"
a6cdf3eb-5482-4cdd-834c-e38ce38b9cf1,"#N/A","#N/A",false,Web,"#N/A","#N/A",Medium,"#N/A",New,Subject_rvxbb,"#N/A","#N/A","#N/A","#N/A","#N/A"
a6ce0535-e95c-4bd2-bf53-4366ca4e6c6e,"#N/A","#N/A",false,Web,"#N/A","#N/A",Medium,"#N/A",New,Subject_aekxi,"#N/A","#N/A","#N/A","#N/A","#N/A"
a6d0284d-304b-4799-b23e-14d14722ef7d,"#N/A","#N/A",false,Web,"#N/A","#N/A",Medium,"#N/A",New,Subject_uybhs,"#N/A","#N/A","#N/A","#N/A","#N/A"
a6d128bb-0cef-42ad-9379-2803792025a8,"#N/A","#N/A",false,Web,"#N/A","#N/A",Medium,"#N/A",New,Subject_qcpod,"#N/A","#N/A","#N/A","#N/A","#N/A"
a6d2a183-9d5c-4491-8310-74e384520496,"#N/A","#N/A",false,Web,"#N/A","#N/A",Medium,"#N/A",New,Subject_rphil,"#N/A","#N/A","#N/A","#N/A","#N/A"
a6d9e0eb-68ca-44e4-9b32-efbef6204d82,"#N/A","#N/A",false,Web,"#N/A","#N/A",Medium,"#N/A",New,Subject_wwmhi,"#N/A","#N/A","#N/A","#N/A","#N/A"
a6d9e35c-e8c9-48dc-be3e-e2fe6b34e4d7,"#N/A","#N/A",false,Web,"#N/A","#N/A",Medium,"#N/A",New,Subject_iwzjb,"#N/A","#N/A","#N/A","#N/A","#N/A"
a6df02de-a026-48a6-86c6-d0ab0079eb6b,"#N/A","#N/A",false,Web,"#N/A","#N/A",Medium,"#N/A",New,Subject_lenev,"#N/A","#N/A","#N/A","#N/A","#N/A"
a6e2970a-66d5-438f-a7d0-acd450bdce01,"#N/A","#N/A",false,Web,"#N/A","#N/A",Medium,"#N/A",New,Subject_dxbpc,"#N/A","#N/A","#N/A","#N/A","#N/A"
a6e5e276-6e88-4e5c-b44b-d9750319309d,"#N/A","#N/A",false,Web,"#N/A","#N/A",Medium,"#N/A",New,Subject_eemjh,"#N/A","#N/A","#N/A","#N/A","#N/A"
a6ec379b-0ae1-42e7-98d2-c01af22defc0,"#N/A","#N/A",false,Web,"#N/A","#N/A",Medium,"#N/A",New,Subject_broly,"#N/A","#N/A","#N/A","#N/A","#N/A"
a6f09d2c-c830-4399-8795-4fde3d1d50bf,"#N/A","#N/A",false,Web,"#N/A","#N/A",Medium,"#N/A",New,Subject_vskdd,"#N/A","#N/A","#N/A","#N/A","#N/A"
a6f8878e-d929-45c3-9fba-646bb81848d8,"#N/A","#N/A",false,Web,"#N/A","#N/A",Medium,"#N/A",New,Subject_bwawb,"#N/A","#N/A","#N/A","#N/A","#N/A"
a6fb45a4-f7d2-4084-8388-4572aa993818,"#N/A","#N/A",false,Web,"#N/A","#N/A",Medium,"#N/A",New,Subject_wbnca,"#N/A","#N/A","#N/A","#N/A","#N/A"
a6fc651f-120f-4175-bd87-3d043439481a,"#N/A","#N/A",false,Web,"#N/A","#N/A",Medium,"#N/A",New,Subject_wtdrm,"#N/A","#N/A","#N/A","#N/A","#N/A"
a6fd1eac-b95a-41c2-9694-8581d21f6a38,"#N/A","#N/A",false,Web,"#N/A","#N/A",Medium,"#N/A",New,Subject_zrwwi,"#N/A","#N/A","#N/A","#N/A","#N/A"
a6fd2a34-5f40-4fb5-bdc4-b8690b4c2a91,"#N/A","#N/A",false,Web,"#N/A","#N/A",Medium,"#N/A",New,Subject_wrmuk,"#N/A","#N/A","#N/A","#N/A","#N/A"
a6fda7ba-404a-4972-bd53-1dd205605b13,"#N/A","#N/A",false,Web,"#N/A","#N/A",Medium,"#N/A",New,Subject_zxacv,"#N/A","#N/A","#N/A","#N/A","#N/A"
a6feb32a-ec05-44ab-bffb-11b9566cb4d1,"#N/A","#N/A",false,Web,"#N/A","#N/A",Medium,"#N/A",New,Subject_kcjpg,"#N/A","#N/A","#N/A","#N/A","#N/A"
a6ffa025-8124-4a21-8104-af30523813ad,"#N/A","#N/A",false,Web,"#N/A","#N/A",Medium,"#N/A",New,Subject_geuov,"#N/A","#N/A","#N/A","#N/A","#N/A"
a701d59e-529c-4156-8c87-a36f4e2db601,"#N/A","#N/A",false,Web,"#N/A","#N/A",Medium,"#N/A",New,Subject_egfjf,"#N/A","#N/A","#N/A","#N/A","#N/A"
a7037896-a023-4e91-bc6f-52e242829950,"#N/A","#N/A",false,Web,"#N/A","#N/A",Medium,"#N/A",New,Subject_bpozd,"#N/A","#N/A","#N/A","#N/A","#N/A"
a705277f-ba3f-4c95-8e84-e237a27f6dda,"#N/A","#N/A",false,Web,"#N/A","#N/A",Medium,"#N/A",New,Subject_xipbo,"#N/A","#N/A","#N/A","#N/A","#N/A"
a705fb95-300c-4d32-aa67-062df451a273,"#N/A","#N/A",false,Web,"#N/A","#N/A",Medium,"#N/A",New,Subject_qhzjf,"#N/A","#N/A","#N/A","#N/A","#N/A"
a707c1ec-91b9-4dc1-8773-27cbd7d87591,"#N/A","#N/A",false,Web,"#N/A","#N/A",Medium,"#N/A",New,Subject_cxkrg,"#N/A","#N/A","#N/A","#N/A","#N/A"
a70a4298-5b2b-456b-af1a-b13ec948dfde,"#N/A","#N/A",false,Web,"#N/A","#N/A",Medium,"#N/A",New,Subject_ngbzx,"#N/A","#N/A","#N/A","#N/A","#N/A"
a70f1fc6-a597-493e-b071-11abd55dec78,"#N/A","#N/A",false,Web,"#N/A","#N/A",Medium,"#N/A",New,Subject_htpfa,"#N/A","#N/A","#N/A","#N/A","#N/A"
a70f3bde-be92-4aa1-962c-e61c9662489b,"#N/A","#N/A",false,Web,"#N/A","#N/A",Medium,"#N/A",New,Subject_jinqu,"#N/A","#N/A","#N/A","#N/A","#N/A"
a70f9f8c-f3dd-4c1a-b687-eab803495294,"#N/A","#N/A",false,Web,"#N/A","#N/A",Medium,"#N/A",New,Subject_oaubt,"#N/A","#N/A","#N/A","#N/A","#N/A"
a7105fc9-5ad0-4149-b76e-59f0b554e32f,"#N/A","#N/A",false,Web,"#N/A","#N/A",Medium,"#N/A",New,Subject_zidzc,"#N/A","#N/A","#N/A","#N/A","#N/A"
a71508ee-ebf5-40d1-9bad-a59e634081ba,"#N/A","#N/A",false,Web,"#N/A","#N/A",Medium,"#N/A",New,Subject_nwbvx,"#N/A","#N/A","#N/A","#N/A","#N/A"
a7162013-becf-4233-81a5-dd5cda14df40,"#N/A","#N/A",false,Web,"#N/A","#N/A",Medium,"#N/A",New,Subject_yprah,"#N/A","#N/A","#N/A","#N/A","#N/A"
a720e9cf-8d2c-4332-9c35-c31be6237641,"#N/A","#N/A",false,Web,"#N/A","#N/A",Medium,"#N/A",New,Subject_yjzel,"#N/A","#N/A","#N/A","#N/A","#N/A"
a721496b-0828-4ede-9b69-cd109154e5cf,"#N/A","#N/A",false,Web,"#N/A","#N/A",Medium,"#N/A",New,Subject_dacwz,"#N/A","#N/A","#N/A","#N/A","#N/A"
a724e96f-399f-4b38-bedd-509787d41f63,"#N/A","#N/A",false,Web,"#N/A","#N/A",Medium,"#N/A",New,Subject_mjdys,"#N/A","#N/A","#N/A","#N/A","#N/A"
a724ea71-00d3-452f-b108-9bd9ac62246b,"#N/A","#N/A",false,Web,"#N/A","#N/A",Medium,"#N/A",New,Subject_njtiw,"#N/A","#N/A","#N/A","#N/A","#N/A"
a7274ebc-1f75-4d1a-99a0-366cb1d1aebb,"#N/A","#N/A",false,Web,"#N/A","#N/A",Medium,"#N/A",New,Subject_nklex,"#N/A","#N/A","#N/A","#N/A","#N/A"
a729fad2-adc9-466c-90f4-12ccd7895336,"#N/A","#N/A",false,Web,"#N/A","#N/A",Medium,"#N/A",New,Subject_epucp,"#N/A","#N/A","#N/A","#N/A","#N/A"
a72d0255-e4b0-4f31-ba6a-251f4a05a2ba,"#N/A","#N/A",false,Web,"#N/A","#N/A",Medium,"#N/A",New,Subject_rdbch,"#N/A","#N/A","#N/A","#N/A","#N/A"
a72ee925-d049-43c9-8e5d-4c4291dc7f51,"#N/A","#N/A",false,Web,"#N/A","#N/A",Medium,"#N/A",New,Subject_ukyxg,"#N/A","#N/A","#N/A","#N/A","#N/A"
a732589d-a805-44cd-a887-4bc7d85769b1,"#N/A","#N/A",false,Web,"#N/A","#N/A",Medium,"#N/A",New,Subject_rejfg,"#N/A","#N/A","#N/A","#N/A","#N/A"
a7376a73-38a9-4638-8164-98fab21f642c,"#N/A","#N/A",false,Web,"#N/A","#N/A",Medium,"#N/A",New,Subject_xegde,"#N/A","#N/A","#N/A","#N/A","#N/A"
a738ff3e-1f53-4498-beb5-cdee499b7b98,"#N/A","#N/A",false,Web,"#N/A","#N/A",Medium,"#N/A",New,Subject_kuddw,"#N/A","#N/A","#N/A","#N/A","#N/A"
a73ac572-0a0a-4c8b-9054-17fb30bbcd06,"#N/A","#N/A",false,Web,"#N/A","#N/A",Medium,"#N/A",New,Subject_lavxm,"#N/A","#N/A","#N/A","#N/A","#N/A"
a73fe47c-0731-45b5-a69c-ce9ab6602fd4,"#N/A","#N/A",false,Web,"#N/A","#N/A",Medium,"#N/A",New,Subject_hxgwd,"#N/A","#N/A","#N/A","#N/A","#N/A"
a73fe680-b87b-4c4b-a300-5f129356a61c,"#N/A","#N/A",false,Web,"#N/A","#N/A",Medium,"#N/A",New,Subject_gjfrr,"#N/A","#N/A","#N/A","#N/A","#N/A"
a742e475-1ef9-4492-bf30-82ee4c6ede7c,"#N/A","#N/A",false,Web,"#N/A","#N/A",Medium,"#N/A",New,Subject_qjbyk,"#N/A","#N/A","#N/A","#N/A","#N/A"
a745910b-2a2c-491b-930d-2ebe6bb80adb,"#N/A","#N/A",false,Web,"#N/A","#N/A",Medium,"#N/A",New,Subject_nwrqd,"#N/A","#N/A","#N/A","#N/A","#N/A"
a747c98d-f44b-4daa-ab9e-0ad034757d42,"#N/A","#N/A",false,Web,"#N/A","#N/A",Medium,"#N/A",New,Subject_iiioe,"#N/A","#N/A","#N/A","#N/A","#N/A"
a74e6d02-720c-48ee-ac15-9a86dcaa89a6,"#N/A","#N/A",false,Web,"#N/A","#N/A",Medium,"#N/A",New,Subject_kjurt,"#N/A","#N/A","#N/A","#N/A","#N/A"
a74ee0d1-39f2-4ee3-af04-f88a4e451fba,"#N/A","#N/A",false,Web,"#N/A","#N/A",Medium,"#N/A",New,Subject_dswvz,"#N/A","#N/A","#N/A","#N/A","#N/A"
a7520761-a798-4235-9a46-94f0b1a37104,"#N/A","#N/A",false,Web,"#N/A","#N/A",Medium,"#N/A",New,Subject_ubyfq,"#N/A","#N/A","#N/A","#N/A","#N/A"
a752c612-8c70-4231-a4ad-38ea13db1552,"#N/A","#N/A",false,Web,"#N/A","#N/A",Medium,"#N/A",New,Subject_tgcgj,"#N/A","#N/A","#N/A","#N/A","#N/A"
a752e48d-d68f-493a-bd80-835c391fa1c1,"#N/A","#N/A",false,Web,"#N/A","#N/A",Medium,"#N/A",New,Subject_aofhz,"#N/A","#N/A","#N/A","#N/A","#N/A"
a754dbb6-d43e-4a15-b325-014d677aafc2,"#N/A","#N/A",false,Web,"#N/A","#N/A",Medium,"#N/A",New,Subject_vvdou,"#N/A","#N/A","#N/A","#N/A","#N/A"
a75a8616-42aa-4fd7-a7fd-6f049d23b455,"#N/A","#N/A",false,Web,"#N/A","#N/A",Medium,"#N/A",New,Subject_cpjlc,"#N/A","#N/A","#N/A","#N/A","#N/A"
a75ab885-450e-4d8d-9c25-55073174288b,"#N/A","#N/A",false,Web,"#N/A","#N/A",Medium,"#N/A",New,Subject_vqbgo,"#N/A","#N/A","#N/A","#N/A","#N/A"
a75b15f2-b950-443d-a518-7f804b21e5d9,"#N/A","#N/A",false,Web,"#N/A","#N/A",Medium,"#N/A",New,Subject_ueadu,"#N/A","#N/A","#N/A","#N/A","#N/A"
a75fed3d-f68f-40d9-ac7e-b3c7329a5095,"#N/A","#N/A",false,Web,"#N/A","#N/A",Medium,"#N/A",New,Subject_kqkzs,"#N/A","#N/A","#N/A","#N/A","#N/A"
a764ed43-f1df-40ec-8468-6a81b89c4331,"#N/A","#N/A",false,Web,"#N/A","#N/A",Medium,"#N/A",New,Subject_wcamn,"#N/A","#N/A","#N/A","#N/A","#N/A"
a76ba3b2-bcc4-4a0b-bc00-c7e3226ee826,"#N/A","#N/A",false,Web,"#N/A","#N/A",Medium,"#N/A",New,Subject_qgjrc,"#N/A","#N/A","#N/A","#N/A","#N/A"
a76ca0b4-1b18-4417-ac6f-894625a06749,"#N/A","#N/A",false,Web,"#N/A","#N/A",Medium,"#N/A",New,Subject_ummck,"#N/A","#N/A","#N/A","#N/A","#N/A"
a76f6a84-6b0a-4f03-8cc1-e798671ca978,"#N/A","#N/A",false,Web,"#N/A","#N/A",Medium,"#N/A",New,Subject_luatu,"#N/A","#N/A","#N/A","#N/A","#N/A"
a77048d8-1b02-4fa6-b576-03b41fc7a9e8,"#N/A","#N/A",false,Web,"#N/A","#N/A",Medium,"#N/A",New,Subject_vbrqc,"#N/A","#N/A","#N/A","#N/A","#N/A"
a770eb9a-ea44-482a-9929-d346804104bd,"#N/A","#N/A",false,Web,"#N/A","#N/A",Medium,"#N/A",New,Subject_vribd,"#N/A","#N/A","#N/A","#N/A","#N/A"
a778a3ef-f3c4-4182-b7b6-a0ce85942fbe,"#N/A","#N/A",false,Web,"#N/A","#N/A",Medium,"#N/A",New,Subject_yryxt,"#N/A","#N/A","#N/A","#N/A","#N/A"
a77a1005-52a0-40c3-9c06-0472a94c654d,"#N/A","#N/A",false,Web,"#N/A","#N/A",Medium,"#N/A",New,Subject_zmvmi,"#N/A","#N/A","#N/A","#N/A","#N/A"
a77ffe1a-a117-47e5-8ee7-a7c6aefc1cf9,"#N/A","#N/A",false,Web,"#N/A","#N/A",Medium,"#N/A",New,Subject_diiag,"#N/A","#N/A","#N/A","#N/A","#N/A"
a78325cd-f46a-47c8-b5a3-dcdee3e68c17,"#N/A","#N/A",false,Web,"#N/A","#N/A",Medium,"#N/A",New,Subject_fyozq,"#N/A","#N/A","#N/A","#N/A","#N/A"
a7837327-3e8b-4312-9c84-41f0c33546a3,"#N/A","#N/A",false,Web,"#N/A","#N/A",Medium,"#N/A",New,Subject_dsilj,"#N/A","#N/A","#N/A","#N/A","#N/A"
a78554ce-48fb-4630-8400-95321d40b64c,"#N/A","#N/A",false,Web,"#N/A","#N/A",Medium,"#N/A",New,Subject_skalz,"#N/A","#N/A","#N/A","#N/A","#N/A"
a786e15b-4503-433a-aa9d-9e7a85cd0aee,"#N/A","#N/A",false,Web,"#N/A","#N/A",Medium,"#N/A",New,Subject_nlbqe,"#N/A","#N/A","#N/A","#N/A","#N/A"
a787161b-a225-4a81-affe-76225defe411,"#N/A","#N/A",false,Web,"#N/A","#N/A",Medium,"#N/A",New,Subject_znozg,"#N/A","#N/A","#N/A","#N/A","#N/A"
a78dde24-2f08-455a-a50d-e861aceb43a6,"#N/A","#N/A",false,Web,"#N/A","#N/A",Medium,"#N/A",New,Subject_brsrc,"#N/A","#N/A","#N/A","#N/A","#N/A"
a78e7405-2213-4f96-8a80-263a4a807f9d,"#N/A","#N/A",false,Web,"#N/A","#N/A",Medium,"#N/A",New,Subject_prjrz,"#N/A","#N/A","#N/A","#N/A","#N/A"
a79086bd-e690-4689-9dc1-1a0eac3989c2,"#N/A","#N/A",false,Web,"#N/A","#N/A",Medium,"#N/A",New,Subject_cwcrj,"#N/A","#N/A","#N/A","#N/A","#N/A"
a790a336-45f8-405f-a41b-60d17bb88713,"#N/A","#N/A",false,Web,"#N/A","#N/A",Medium,"#N/A",New,Subject_rdzzq,"#N/A","#N/A","#N/A","#N/A","#N/A"
a792d0bf-80b7-4ccb-a6ed-8cf53f14c751,"#N/A","#N/A",false,Web,"#N/A","#N/A",Medium,"#N/A",New,Subject_jkjuk,"#N/A","#N/A","#N/A","#N/A","#N/A"
a79641c0-2e8a-424a-9e4c-e340c03b02b4,"#N/A","#N/A",false,Web,"#N/A","#N/A",Medium,"#N/A",New,Subject_qudms,"#N/A","#N/A","#N/A","#N/A","#N/A"
a7970c7f-0920-406c-b760-9c95aab68ef5,"#N/A","#N/A",false,Web,"#N/A","#N/A",Medium,"#N/A",New,Subject_uiftu,"#N/A","#N/A","#N/A","#N/A","#N/A"
a79c59dd-1a65-4a1f-9798-2aeb2f5b88f7,"#N/A","#N/A",false,Web,"#N/A","#N/A",Medium,"#N/A",New,Subject_kakxd,"#N/A","#N/A","#N/A","#N/A","#N/A"
a79ce544-7082-4baa-9d7c-8bbb99980bbd,"#N/A","#N/A",false,Web,"#N/A","#N/A",Medium,"#N/A",New,Subject_gdtuh,"#N/A","#N/A","#N/A","#N/A","#N/A"
a79f1ca6-b260-4fa6-bbce-f4f330b2f8d9,"#N/A","#N/A",false,Web,"#N/A","#N/A",Medium,"#N/A",New,Subject_bndxe,"#N/A","#N/A","#N/A","#N/A","#N/A"
a79f7d6c-ce25-4471-86a8-c219b260a20e,"#N/A","#N/A",false,Web,"#N/A","#N/A",Medium,"#N/A",New,Subject_smtoj,"#N/A","#N/A","#N/A","#N/A","#N/A"
a79fc0c4-8896-4847-9635-fc97af5fa8d6,"#N/A","#N/A",false,Web,"#N/A","#N/A",Medium,"#N/A",New,Subject_uanhd,"#N/A","#N/A","#N/A","#N/A","#N/A"
a7a2572b-fd00-4766-a788-58f4e4f685f5,"#N/A","#N/A",false,Web,"#N/A","#N/A",Medium,"#N/A",New,Subject_xbngb,"#N/A","#N/A","#N/A","#N/A","#N/A"
a7a3055b-f6d3-4866-be48-13fbb24af13d,"#N/A","#N/A",false,Web,"#N/A","#N/A",Medium,"#N/A",New,Subject_jdkbj,"#N/A","#N/A","#N/A","#N/A","#N/A"
a7a32e54-88e9-47be-af85-61cc722e1dcb,"#N/A","#N/A",false,Web,"#N/A","#N/A",Medium,"#N/A",New,Subject_ccsfo,"#N/A","#N/A","#N/A","#N/A","#N/A"
a7acbbe6-719c-4225-bf05-d9120585c9a3,"#N/A","#N/A",false,Web,"#N/A","#N/A",Medium,"#N/A",New,Subject_unkyr,"#N/A","#N/A","#N/A","#N/A","#N/A"
a7b0dd44-abb4-4874-9894-10123f586d0d,"#N/A","#N/A",false,Web,"#N/A","#N/A",Medium,"#N/A",New,Subject_qwado,"#N/A","#N/A","#N/A","#N/A","#N/A"
a7b2eb04-7c09-4147-a140-f80d01500290,"#N/A","#N/A",false,Web,"#N/A","#N/A",Medium,"#N/A",New,Subject_wvacj,"#N/A","#N/A","#N/A","#N/A","#N/A"
a7ba208d-aa84-4ccb-85cf-77a1035dabb7,"#N/A","#N/A",false,Web,"#N/A","#N/A",Medium,"#N/A",New,Subject_kraso,"#N/A","#N/A","#N/A","#N/A","#N/A"
a7bbc055-e81c-40d9-b186-f9e87abf4bb4,"#N/A","#N/A",false,Web,"#N/A","#N/A",Medium,"#N/A",New,Subject_vzzoj,"#N/A","#N/A","#N/A","#N/A","#N/A"
a7bf8772-a825-4889-ad7b-021d54f0745f,"#N/A","#N/A",false,Web,"#N/A","#N/A",Medium,"#N/A",New,Subject_hpgzw,"#N/A","#N/A","#N/A","#N/A","#N/A"
a7c34b79-9127-4962-9cc8-d459976803f3,"#N/A","#N/A",false,Web,"#N/A","#N/A",Medium,"#N/A",New,Subject_cdfmb,"#N/A","#N/A","#N/A","#N/A","#N/A"
a7c5195b-32f6-488d-9665-1fc895b0eb4c,"#N/A","#N/A",false,Web,"#N/A","#N/A",Medium,"#N/A",New,Subject_dqwvs,"#N/A","#N/A","#N/A","#N/A","#N/A"
a7c6e0b6-6e19-459f-9ce5-e79604d19392,"#N/A","#N/A",false,Web,"#N/A","#N/A",Medium,"#N/A",New,Subject_jkojx,"#N/A","#N/A","#N/A","#N/A","#N/A"
a7c7f7b0-f835-4f30-9ff2-bd42386f5d47,"#N/A","#N/A",false,Web,"#N/A","#N/A",Medium,"#N/A",New,Subject_yqvoo,"#N/A","#N/A","#N/A","#N/A","#N/A"
a7c93eec-0c30-403f-9568-422b2a9755f1,"#N/A","#N/A",false,Web,"#N/A","#N/A",Medium,"#N/A",New,Subject_ajgfl,"#N/A","#N/A","#N/A","#N/A","#N/A"
a7c9bf34-05fc-4666-a662-0ae73f879317,"#N/A","#N/A",false,Web,"#N/A","#N/A",Medium,"#N/A",New,Subject_rbjfh,"#N/A","#N/A","#N/A","#N/A","#N/A"
a7cbd447-79af-420f-9f36-51ff53195626,"#N/A","#N/A",false,Web,"#N/A","#N/A",Medium,"#N/A",New,Subject_xgglc,"#N/A","#N/A","#N/A","#N/A","#N/A"
a7ccdf47-e761-4f86-834d-88657c0d6aee,"#N/A","#N/A",false,Web,"#N/A","#N/A",Medium,"#N/A",New,Subject_ciwpo,"#N/A","#N/A","#N/A","#N/A","#N/A"
a7cd33ff-5ce3-4164-8760-856ad1a9ea25,"#N/A","#N/A",false,Web,"#N/A","#N/A",Medium,"#N/A",New,Subject_riuan,"#N/A","#N/A","#N/A","#N/A","#N/A"
a7cd6f16-2569-4dcb-a2ec-0d11ad23afff,"#N/A","#N/A",false,Web,"#N/A","#N/A",Medium,"#N/A",New,Subject_owbkx,"#N/A","#N/A","#N/A","#N/A","#N/A"
a7d433fc-e5d7-4a4b-9ae7-eeacd65e8294,"#N/A","#N/A",false,Web,"#N/A","#N/A",Medium,"#N/A",New,Subject_vlnna,"#N/A","#N/A","#N/A","#N/A","#N/A"
a7d4710a-fd2f-4da2-92c3-03054e39b149,"#N/A","#N/A",false,Web,"#N/A","#N/A",Medium,"#N/A",New,Subject_dnpnl,"#N/A","#N/A","#N/A","#N/A","#N/A"
a7d7c7e5-582b-4247-9a86-2ee4d4ac84d7,"#N/A","#N/A",false,Web,"#N/A","#N/A",Medium,"#N/A",New,Subject_nkahb,"#N/A","#N/A","#N/A","#N/A","#N/A"
a7d89955-6d68-4049-90f1-e104db2ce9ed,"#N/A","#N/A",false,Web,"#N/A","#N/A",Medium,"#N/A",New,Subject_hfplo,"#N/A","#N/A","#N/A","#N/A","#N/A"
a7da1d24-041c-4b83-b8f0-43832d5b0ce9,"#N/A","#N/A",false,Web,"#N/A","#N/A",Medium,"#N/A",New,Subject_fgfsu,"#N/A","#N/A","#N/A","#N/A","#N/A"
a7dbd6f7-1029-4f41-b8e1-66bc4769c290,"#N/A","#N/A",false,Web,"#N/A","#N/A",Medium,"#N/A",New,Subject_jtunf,"#N/A","#N/A","#N/A","#N/A","#N/A"
a7e333ca-9da5-4021-930c-613cc24fed2e,"#N/A","#N/A",false,Web,"#N/A","#N/A",Medium,"#N/A",New,Subject_rqfne,"#N/A","#N/A","#N/A","#N/A","#N/A"
a7e417b0-67ed-4c06-8cf7-f6d36ebe5c06,"#N/A","#N/A",false,Web,"#N/A","#N/A",Medium,"#N/A",New,Subject_jegwb,"#N/A","#N/A","#N/A","#N/A","#N/A"
a7e5aaa7-3bde-4f73-baa6-408c1e925c52,"#N/A","#N/A",false,Web,"#N/A","#N/A",Medium,"#N/A",New,Subject_lyekf,"#N/A","#N/A","#N/A","#N/A","#N/A"
a7e9b12e-1546-4828-b47d-5ed1b5cd8a7e,"#N/A","#N/A",false,Web,"#N/A","#N/A",Medium,"#N/A",New,Subject_kiwiu,"#N/A","#N/A","#N/A","#N/A","#N/A"
a7efbe99-2f2f-43d5-89fb-cfb1ff1fa600,"#N/A","#N/A",false,Web,"#N/A","#N/A",Medium,"#N/A",New,Subject_dokvc,"#N/A","#N/A","#N/A","#N/A","#N/A"
a7f0c13f-6898-4227-b1f0-402e2204fc8a,"#N/A","#N/A",false,Web,"#N/A","#N/A",Medium,"#N/A",New,Subject_klhyn,"#N/A","#N/A","#N/A","#N/A","#N/A"
a7f14e25-c0c3-42bc-b287-712fe0904bf5,"#N/A","#N/A",false,Web,"#N/A","#N/A",Medium,"#N/A",New,Subject_ccfxl,"#N/A","#N/A","#N/A","#N/A","#N/A"
a80127cf-4523-45da-870f-4f9065651c4c,"#N/A","#N/A",false,Web,"#N/A","#N/A",Medium,"#N/A",New,Subject_antyn,"#N/A","#N/A","#N/A","#N/A","#N/A"
a8021b79-bd19-4f7a-871c-6d4bb81fbefc,"#N/A","#N/A",false,Web,"#N/A","#N/A",Medium,"#N/A",New,Subject_bxatv,"#N/A","#N/A","#N/A","#N/A","#N/A"
a8023259-ce37-4f2e-a5f6-9d983d975d1e,"#N/A","#N/A",false,Web,"#N/A","#N/A",Medium,"#N/A",New,Subject_khwdz,"#N/A","#N/A","#N/A","#N/A","#N/A"
a8032c9e-1f09-4249-aaee-d340f472845a,"#N/A","#N/A",false,Web,"#N/A","#N/A",Medium,"#N/A",New,Subject_zbtwx,"#N/A","#N/A","#N/A","#N/A","#N/A"
a80acb3a-061e-45a8-837c-e50ca8cdf805,"#N/A","#N/A",false,Web,"#N/A","#N/A",Medium,"#N/A",New,Subject_jjdrh,"#N/A","#N/A","#N/A","#N/A","#N/A"
a80e0908-b323-44a1-8c01-dd03afd32d77,"#N/A","#N/A",false,Web,"#N/A","#N/A",Medium,"#N/A",New,Subject_yljtk,"#N/A","#N/A","#N/A","#N/A","#N/A"
a80fc661-9ec6-4d57-907a-f9acdc12bda5,"#N/A","#N/A",false,Web,"#N/A","#N/A",Medium,"#N/A",New,Subject_uwsbh,"#N/A","#N/A","#N/A","#N/A","#N/A"
a8117221-0cf5-4f48-93ba-248b6931ca9d,"#N/A","#N/A",false,Web,"#N/A","#N/A",Medium,"#N/A",New,Subject_mzdxh,"#N/A","#N/A","#N/A","#N/A","#N/A"
a81231ed-aea4-43f4-b0f1-234222aca7a3,"#N/A","#N/A",false,Web,"#N/A","#N/A",Medium,"#N/A",New,Subject_cifyv,"#N/A","#N/A","#N/A","#N/A","#N/A"
a81251d4-4246-47e6-993d-b3dbe510b4e2,"#N/A","#N/A",false,Web,"#N/A","#N/A",Medium,"#N/A",New,Subject_pstcs,"#N/A","#N/A","#N/A","#N/A","#N/A"
a8135788-47d7-4bd1-ad3c-09201653489f,"#N/A","#N/A",false,Web,"#N/A","#N/A",Medium,"#N/A",New,Subject_sgqgp,"#N/A","#N/A","#N/A","#N/A","#N/A"
a814817d-ea56-4de2-a16d-6a78b618b4d1,"#N/A","#N/A",false,Web,"#N/A","#N/A",Medium,"#N/A",New,Subject_hjtqb,"#N/A","#N/A","#N/A","#N/A","#N/A"
a8164983-2361-45fa-b16c-b29d58a6f386,"#N/A","#N/A",false,Web,"#N/A","#N/A",Medium,"#N/A",New,Subject_ykmfu,"#N/A","#N/A","#N/A","#N/A","#N/A"
a8178cc4-f78b-4017-ad3f-6e71abbdf21e,"#N/A","#N/A",false,Web,"#N/A","#N/A",Medium,"#N/A",New,Subject_mopfn,"#N/A","#N/A","#N/A","#N/A","#N/A"
a8183712-fb6c-4b98-b781-312cb2dc5da4,"#N/A","#N/A",false,Web,"#N/A","#N/A",Medium,"#N/A",New,Subject_blxkc,"#N/A","#N/A","#N/A","#N/A","#N/A"
a81987ff-d540-4108-ae5a-f32583e7f4e3,"#N/A","#N/A",false,Web,"#N/A","#N/A",Medium,"#N/A",New,Subject_dvnhd,"#N/A","#N/A","#N/A","#N/A","#N/A"
a81a19cb-1a20-442e-95d9-018ff2246985,"#N/A","#N/A",false,Web,"#N/A","#N/A",Medium,"#N/A",New,Subject_bbofk,"#N/A","#N/A","#N/A","#N/A","#N/A"
a821acbf-b2ec-4dd1-9dd3-43e3c1fb5729,"#N/A","#N/A",false,Web,"#N/A","#N/A",Medium,"#N/A",New,Subject_omjfn,"#N/A","#N/A","#N/A","#N/A","#N/A"
a827c482-71a3-4afc-a8de-dcca6cf4b816,"#N/A","#N/A",false,Web,"#N/A","#N/A",Medium,"#N/A",New,Subject_qefis,"#N/A","#N/A","#N/A","#N/A","#N/A"
a828e3cc-1c61-4c04-8c3c-1dde808ae3a9,"#N/A","#N/A",false,Web,"#N/A","#N/A",Medium,"#N/A",New,Subject_opffs,"#N/A","#N/A","#N/A","#N/A","#N/A"
a82e6d0f-48c8-4a06-8ae4-b5e978bbb7c2,"#N/A","#N/A",false,Web,"#N/A","#N/A",Medium,"#N/A",New,Subject_olibp,"#N/A","#N/A","#N/A","#N/A","#N/A"
a831240d-2a4e-42a1-abbd-20cec46f8452,"#N/A","#N/A",false,Web,"#N/A","#N/A",Medium,"#N/A",New,Subject_zetje,"#N/A","#N/A","#N/A","#N/A","#N/A"
a83a2f6d-deb9-48fc-93c5-0530da069255,"#N/A","#N/A",false,Web,"#N/A","#N/A",Medium,"#N/A",New,Subject_wiisx,"#N/A","#N/A","#N/A","#N/A","#N/A"
a83a7519-3d09-41e1-9c3a-d5f26421758c,"#N/A","#N/A",false,Web,"#N/A","#N/A",Medium,"#N/A",New,Subject_vdjks,"#N/A","#N/A","#N/A","#N/A","#N/A"
a83bcb43-6f78-4681-97b8-5caddde03fcf,"#N/A","#N/A",false,Web,"#N/A","#N/A",Medium,"#N/A",New,Subject_qivyw,"#N/A","#N/A","#N/A","#N/A","#N/A"
a83ced62-ee12-48eb-8320-c076ead2e2dc,"#N/A","#N/A",false,Web,"#N/A","#N/A",Medium,"#N/A",New,Subject_telzw,"#N/A","#N/A","#N/A","#N/A","#N/A"
a8421890-3201-40be-ad3d-50845ff247dd,"#N/A","#N/A",false,Web,"#N/A","#N/A",Medium,"#N/A",New,Subject_bpfal,"#N/A","#N/A","#N/A","#N/A","#N/A"
a842fe4f-92f1-4faa-a267-be3e714321ae,"#N/A","#N/A",false,Web,"#N/A","#N/A",Medium,"#N/A",New,Subject_nobpm,"#N/A","#N/A","#N/A","#N/A","#N/A"
a8458cab-dfd9-4ea2-b7d5-e6ab4b2f57c3,"#N/A","#N/A",false,Web,"#N/A","#N/A",Medium,"#N/A",New,Subject_arkyc,"#N/A","#N/A","#N/A","#N/A","#N/A"
a847dd5f-178e-4307-873a-86afe484e4d7,"#N/A","#N/A",false,Web,"#N/A","#N/A",Medium,"#N/A",New,Subject_annmv,"#N/A","#N/A","#N/A","#N/A","#N/A"
a84c2549-91ce-4740-8d59-9e45a1d4bdcd,"#N/A","#N/A",false,Web,"#N/A","#N/A",Medium,"#N/A",New,Subject_tylqx,"#N/A","#N/A","#N/A","#N/A","#N/A"
a8513bb0-0cc0-49aa-90af-2d1c912a1789,"#N/A","#N/A",false,Web,"#N/A","#N/A",Medium,"#N/A",New,Subject_yazqo,"#N/A","#N/A","#N/A","#N/A","#N/A"
a8541e56-df94-40e5-ba76-938b7e267523,"#N/A","#N/A",false,Web,"#N/A","#N/A",Medium,"#N/A",New,Subject_eondg,"#N/A","#N/A","#N/A","#N/A","#N/A"
a85a55fb-2639-4b94-b7ce-02eb3fcc5d6a,"#N/A","#N/A",false,Web,"#N/A","#N/A",Medium,"#N/A",New,Subject_xwmen,"#N/A","#N/A","#N/A","#N/A","#N/A"
a85ed303-55d5-4e2e-8f5d-921bef53981f,"#N/A","#N/A",false,Web,"#N/A","#N/A",Medium,"#N/A",New,Subject_tdunl,"#N/A","#N/A","#N/A","#N/A","#N/A"
a85f2fe0-00f3-4454-b6a7-0bea3ab6cd9a,"#N/A","#N/A",false,Web,"#N/A","#N/A",Medium,"#N/A",New,Subject_pwxpz,"#N/A","#N/A","#N/A","#N/A","#N/A"
a85f4ed3-6ae8-42f8-905b-9fd88b99ffd3,"#N/A","#N/A",false,Web,"#N/A","#N/A",Medium,"#N/A",New,Subject_uagli,"#N/A","#N/A","#N/A","#N/A","#N/A"
a85fffac-d849-44c6-8316-d405da3bb02f,"#N/A","#N/A",false,Web,"#N/A","#N/A",Medium,"#N/A",New,Subject_kefvf,"#N/A","#N/A","#N/A","#N/A","#N/A"
a86be224-a773-46b2-8f43-10f9d9ff537f,"#N/A","#N/A",false,Web,"#N/A","#N/A",Medium,"#N/A",New,Subject_vdtpu,"#N/A","#N/A","#N/A","#N/A","#N/A"
a86dae19-cc91-4dfe-997a-9637387427c5,"#N/A","#N/A",false,Web,"#N/A","#N/A",Medium,"#N/A",New,Subject_zgxtc,"#N/A","#N/A","#N/A","#N/A","#N/A"
a86f8823-cf36-4e51-babc-10d061bdf61c,"#N/A","#N/A",false,Web,"#N/A","#N/A",Medium,"#N/A",New,Subject_hbiwu,"#N/A","#N/A","#N/A","#N/A","#N/A"
a871d7a5-e5ff-4239-920d-6926551059f8,"#N/A","#N/A",false,Web,"#N/A","#N/A",Medium,"#N/A",New,Subject_wgbxn,"#N/A","#N/A","#N/A","#N/A","#N/A"
a8740424-67f7-4b57-bd56-47878bccad4d,"#N/A","#N/A",false,Web,"#N/A","#N/A",Medium,"#N/A",New,Subject_irpnx,"#N/A","#N/A","#N/A","#N/A","#N/A"
a880b914-23f2-4af5-933f-28b8270c26ff,"#N/A","#N/A",false,Web,"#N/A","#N/A",Medium,"#N/A",New,Subject_cmmpr,"#N/A","#N/A","#N/A","#N/A","#N/A"
a8814a53-7f71-43ff-803f-9f6d6cf3ec78,"#N/A","#N/A",false,Web,"#N/A","#N/A",Medium,"#N/A",New,Subject_zxyid,"#N/A","#N/A","#N/A","#N/A","#N/A"
a887fa87-f9b0-4339-80a7-668b75b91b84,"#N/A","#N/A",false,Web,"#N/A","#N/A",Medium,"#N/A",New,Subject_qdbty,"#N/A","#N/A","#N/A","#N/A","#N/A"
a889ce03-a501-429e-aa6a-2e77eda88936,"#N/A","#N/A",false,Web,"#N/A","#N/A",Medium,"#N/A",New,Subject_xzfsx,"#N/A","#N/A","#N/A","#N/A","#N/A"
a88a8e89-332f-4351-a135-399b108996cb,"#N/A","#N/A",false,Web,"#N/A","#N/A",Medium,"#N/A",New,Subject_bwopu,"#N/A","#N/A","#N/A","#N/A","#N/A"
a88e017e-a3a2-4263-93a5-62d879b671c1,"#N/A","#N/A",false,Web,"#N/A","#N/A",Medium,"#N/A",New,Subject_mwiug,"#N/A","#N/A","#N/A","#N/A","#N/A"
a88e96ec-ddf0-4679-8070-5d09f6f75fd2,"#N/A","#N/A",false,Web,"#N/A","#N/A",Medium,"#N/A",New,Subject_sdopj,"#N/A","#N/A","#N/A","#N/A","#N/A"
a8901ebf-4697-44bb-bf1e-22070bda57d3,"#N/A","#N/A",false,Web,"#N/A","#N/A",Medium,"#N/A",New,Subject_aztfv,"#N/A","#N/A","#N/A","#N/A","#N/A"
a8926cd2-34aa-4f5c-be74-30755e86344a,"#N/A","#N/A",false,Web,"#N/A","#N/A",Medium,"#N/A",New,Subject_jdilm,"#N/A","#N/A","#N/A","#N/A","#N/A"
a8947ea9-cac1-4477-bcaa-cb62f40d179e,"#N/A","#N/A",false,Web,"#N/A","#N/A",Medium,"#N/A",New,Subject_hfhfz,"#N/A","#N/A","#N/A","#N/A","#N/A"
a89590b2-c1fe-45a8-97dc-3804cb6f85c4,"#N/A","#N/A",false,Web,"#N/A","#N/A",Medium,"#N/A",New,Subject_nbunv,"#N/A","#N/A","#N/A","#N/A","#N/A"
a898fa2c-6ff4-4379-81c6-e442c872cea4,"#N/A","#N/A",false,Web,"#N/A","#N/A",Medium,"#N/A",New,Subject_wgdbh,"#N/A","#N/A","#N/A","#N/A","#N/A"
a89cf1ec-ec52-4056-bb55-1dbef0761e91,"#N/A","#N/A",false,Web,"#N/A","#N/A",Medium,"#N/A",New,Subject_elzue,"#N/A","#N/A","#N/A","#N/A","#N/A"
a89da34e-5038-4b24-9670-74e92f98f9ac,"#N/A","#N/A",false,Web,"#N/A","#N/A",Medium,"#N/A",New,Subject_xqdft,"#N/A","#N/A","#N/A","#N/A","#N/A"
a89f3b32-0c53-4306-b3ca-516edef9f784,"#N/A","#N/A",false,Web,"#N/A","#N/A",Medium,"#N/A",New,Subject_acpeq,"#N/A","#N/A","#N/A","#N/A","#N/A"
a8a1ddd5-3cd9-4ff9-ba09-72abba2d3fa8,"#N/A","#N/A",false,Web,"#N/A","#N/A",Medium,"#N/A",New,Subject_llnft,"#N/A","#N/A","#N/A","#N/A","#N/A"
a8a3d476-f8ee-4883-b9d1-ec3e01735eda,"#N/A","#N/A",false,Web,"#N/A","#N/A",Medium,"#N/A",New,Subject_tpvcu,"#N/A","#N/A","#N/A","#N/A","#N/A"
a8a6713a-e554-4d12-95e8-31d5f51e1659,"#N/A","#N/A",false,Web,"#N/A","#N/A",Medium,"#N/A",New,Subject_elnzl,"#N/A","#N/A","#N/A","#N/A","#N/A"
a8a84ccf-d431-4390-9391-7e3bd3e989ba,"#N/A","#N/A",false,Web,"#N/A","#N/A",Medium,"#N/A",New,Subject_msmqh,"#N/A","#N/A","#N/A","#N/A","#N/A"
a8ab2028-2f20-4d91-83e5-a49ed776d161,"#N/A","#N/A",false,Web,"#N/A","#N/A",Medium,"#N/A",New,Subject_vfavd,"#N/A","#N/A","#N/A","#N/A","#N/A"
a8ab4717-e766-4f83-8d49-7a034cbafcea,"#N/A","#N/A",false,Web,"#N/A","#N/A",Medium,"#N/A",New,Subject_natog,"#N/A","#N/A","#N/A","#N/A","#N/A"
a8ab775b-9ef1-4bcb-8924-744b90cb45bc,"#N/A","#N/A",false,Web,"#N/A","#N/A",Medium,"#N/A",New,Subject_lvrye,"#N/A","#N/A","#N/A","#N/A","#N/A"
a8b9be25-5a84-4b83-887f-f23696b5ec4d,"#N/A","#N/A",false,Web,"#N/A","#N/A",Medium,"#N/A",New,Subject_yyesf,"#N/A","#N/A","#N/A","#N/A","#N/A"
a8baaf29-76e9-406b-ae5f-4e13288ad1c1,"#N/A","#N/A",false,Web,"#N/A","#N/A",Medium,"#N/A",New,Subject_qdshc,"#N/A","#N/A","#N/A","#N/A","#N/A"
a8bb9952-5e81-4809-a618-da2d7b2d3347,"#N/A","#N/A",false,Web,"#N/A","#N/A",Medium,"#N/A",New,Subject_ntcqr,"#N/A","#N/A","#N/A","#N/A","#N/A"
a8bee403-8fce-46ec-8ded-76cbad72234a,"#N/A","#N/A",false,Web,"#N/A","#N/A",Medium,"#N/A",New,Subject_petiv,"#N/A","#N/A","#N/A","#N/A","#N/A"
a8c38744-f1cf-4cc7-917a-8b2f69148f7f,"#N/A","#N/A",false,Web,"#N/A","#N/A",Medium,"#N/A",New,Subject_uamlu,"#N/A","#N/A","#N/A","#N/A","#N/A"
a8c3db1e-f415-4cb3-bfbd-98b6b9c49c62,"#N/A","#N/A",false,Web,"#N/A","#N/A",Medium,"#N/A",New,Subject_najcs,"#N/A","#N/A","#N/A","#N/A","#N/A"
a8d44408-4e0a-46ec-a735-f85df587ca9f,"#N/A","#N/A",false,Web,"#N/A","#N/A",Medium,"#N/A",New,Subject_jeaab,"#N/A","#N/A","#N/A","#N/A","#N/A"
a8d6a596-2154-4cc8-8fee-184b88acb74b,"#N/A","#N/A",false,Web,"#N/A","#N/A",Medium,"#N/A",New,Subject_cykod,"#N/A","#N/A","#N/A","#N/A","#N/A"
a8d856b5-6848-486e-b0f6-56e645725ced,"#N/A","#N/A",false,Web,"#N/A","#N/A",Medium,"#N/A",New,Subject_bvdrg,"#N/A","#N/A","#N/A","#N/A","#N/A"
a8db04a5-9323-4fe7-a337-b547a2bece93,"#N/A","#N/A",false,Web,"#N/A","#N/A",Medium,"#N/A",New,Subject_luqya,"#N/A","#N/A","#N/A","#N/A","#N/A"
a8de4b3a-f02f-4a4f-a7f8-64ae98d77b63,"#N/A","#N/A",false,Web,"#N/A","#N/A",Medium,"#N/A",New,Subject_lhldk,"#N/A","#N/A","#N/A","#N/A","#N/A"
a8df68be-aad7-4c1e-9fb8-a4a88ad38a5d,"#N/A","#N/A",false,Web,"#N/A","#N/A",Medium,"#N/A",New,Subject_tqpxz,"#N/A","#N/A","#N/A","#N/A","#N/A"
a8e9ad31-0272-4f83-a031-cb5e835fba9e,"#N/A","#N/A",false,Web,"#N/A","#N/A",Medium,"#N/A",New,Subject_djmlu,"#N/A","#N/A","#N/A","#N/A","#N/A"
a8ee9cc5-eef8-46c8-a6f2-8104a8699cad,"#N/A","#N/A",false,Web,"#N/A","#N/A",Medium,"#N/A",New,Subject_wlmdc,"#N/A","#N/A","#N/A","#N/A","#N/A"
a8f071eb-e04b-4ca8-a0ec-bbb80fe165cc,"#N/A","#N/A",false,Web,"#N/A","#N/A",Medium,"#N/A",New,Subject_wvfrr,"#N/A","#N/A","#N/A","#N/A","#N/A"
a8f1a3aa-589a-4362-a4cd-9cd9ff200752,"#N/A","#N/A",false,Web,"#N/A","#N/A",Medium,"#N/A",New,Subject_vopbm,"#N/A","#N/A","#N/A","#N/A","#N/A"
a8f1fabe-7b5c-4a45-98e8-e044747f2e65,"#N/A","#N/A",false,Web,"#N/A","#N/A",Medium,"#N/A",New,Subject_tyira,"#N/A","#N/A","#N/A","#N/A","#N/A"
a8f36b81-6285-411e-a794-25932fc2c152,"#N/A","#N/A",false,Web,"#N/A","#N/A",Medium,"#N/A",New,Subject_qhbpa,"#N/A","#N/A","#N/A","#N/A","#N/A"
a8f72b4e-bea8-409e-88ca-26014a7cae53,"#N/A","#N/A",false,Web,"#N/A","#N/A",Medium,"#N/A",New,Subject_bxecc,"#N/A","#N/A","#N/A","#N/A","#N/A"
a8f9a506-0900-4dd2-a93b-99e83889510a,"#N/A","#N/A",false,Web,"#N/A","#N/A",Medium,"#N/A",New,Subject_czxdy,"#N/A","#N/A","#N/A","#N/A","#N/A"
a8fa47e5-6503-47c8-a2d8-720b66cdf81c,"#N/A","#N/A",false,Web,"#N/A","#N/A",Medium,"#N/A",New,Subject_bgsix,"#N/A","#N/A","#N/A","#N/A","#N/A"
a8fa492f-3b21-485a-b017-59fe6a606c7e,"#N/A","#N/A",false,Web,"#N/A","#N/A",Medium,"#N/A",New,Subject_fzlon,"#N/A","#N/A","#N/A","#N/A","#N/A"
a8facd9d-2117-4dab-9e54-3f46989031e6,"#N/A","#N/A",false,Web,"#N/A","#N/A",Medium,"#N/A",New,Subject_mtwgb,"#N/A","#N/A","#N/A","#N/A","#N/A"
a8fbf044-009a-406c-9c4d-708cef9468b8,"#N/A","#N/A",false,Web,"#N/A","#N/A",Medium,"#N/A",New,Subject_djtco,"#N/A","#N/A","#N/A","#N/A","#N/A"
a8fd0f68-f092-4610-ac05-6a73fc1e8ccc,"#N/A","#N/A",false,Web,"#N/A","#N/A",Medium,"#N/A",New,Subject_thmgb,"#N/A","#N/A","#N/A","#N/A","#N/A"
a8fe1f74-a17e-4721-9fb2-168c05950839,"#N/A","#N/A",false,Web,"#N/A","#N/A",Medium,"#N/A",New,Subject_qablv,"#N/A","#N/A","#N/A","#N/A","#N/A"
a8fee1ad-49c7-4dec-858e-3851e7ecf1e7,"#N/A","#N/A",false,Web,"#N/A","#N/A",Medium,"#N/A",New,Subject_wwaul,"#N/A","#N/A","#N/A","#N/A","#N/A"
a901787a-4031-41f9-821d-22a9c0c89fb5,"#N/A","#N/A",false,Web,"#N/A","#N/A",Medium,"#N/A",New,Subject_lcvxy,"#N/A","#N/A","#N/A","#N/A","#N/A"
a903c867-5ebf-4c5d-9cb8-ed675ea533e9,"#N/A","#N/A",false,Web,"#N/A","#N/A",Medium,"#N/A",New,Subject_ztoqn,"#N/A","#N/A","#N/A","#N/A","#N/A"
a9041abd-6c86-4595-b8a4-cd016a74f4f4,"#N/A","#N/A",false,Web,"#N/A","#N/A",Medium,"#N/A",New,Subject_nitgj,"#N/A","#N/A","#N/A","#N/A","#N/A"
a906c632-c464-4915-983d-b3abe4740eae,"#N/A","#N/A",false,Web,"#N/A","#N/A",Medium,"#N/A",New,Subject_uuner,"#N/A","#N/A","#N/A","#N/A","#N/A"
a907e913-9c82-461b-b6fc-beb597c8ab41,"#N/A","#N/A",false,Web,"#N/A","#N/A",Medium,"#N/A",New,Subject_nhhzb,"#N/A","#N/A","#N/A","#N/A","#N/A"
a90b2dbc-a1b4-48a6-a21a-eb7f20a1ee32,"#N/A","#N/A",false,Web,"#N/A","#N/A",Medium,"#N/A",New,Subject_ritdb,"#N/A","#N/A","#N/A","#N/A","#N/A"
a90f9b24-7f33-4972-b6ad-4d8b80c390be,"#N/A","#N/A",false,Web,"#N/A","#N/A",Medium,"#N/A",New,Subject_nxiyg,"#N/A","#N/A","#N/A","#N/A","#N/A"
a911de51-8ec1-417d-8e37-709effd0d690,"#N/A","#N/A",false,Web,"#N/A","#N/A",Medium,"#N/A",New,Subject_aarxi,"#N/A","#N/A","#N/A","#N/A","#N/A"
a912ae31-c4c8-4d02-aff2-5d1dbd028ee7,"#N/A","#N/A",false,Web,"#N/A","#N/A",Medium,"#N/A",New,Subject_mpxsc,"#N/A","#N/A","#N/A","#N/A","#N/A"
a9150094-5072-423e-961b-df9dbdfa03aa,"#N/A","#N/A",false,Web,"#N/A","#N/A",Medium,"#N/A",New,Subject_hxvno,"#N/A","#N/A","#N/A","#N/A","#N/A"
a915e846-5b8e-4113-9834-dcd1883605aa,"#N/A","#N/A",false,Web,"#N/A","#N/A",Medium,"#N/A",New,Subject_wecoi,"#N/A","#N/A","#N/A","#N/A","#N/A"
a91ee1c4-88ea-4273-8bfc-01983d3e6e3b,"#N/A","#N/A",false,Web,"#N/A","#N/A",Medium,"#N/A",New,Subject_etzth,"#N/A","#N/A","#N/A","#N/A","#N/A"
a91f02ce-6655-4c1d-8505-dd19ffe28bd5,"#N/A","#N/A",false,Web,"#N/A","#N/A",Medium,"#N/A",New,Subject_dmkcm,"#N/A","#N/A","#N/A","#N/A","#N/A"
a9225e0f-8bc6-48a2-a290-fdc80f00cd6f,"#N/A","#N/A",false,Web,"#N/A","#N/A",Medium,"#N/A",New,Subject_altmn,"#N/A","#N/A","#N/A","#N/A","#N/A"
a926b05d-60c6-43cd-9cd0-cd9529a55400,"#N/A","#N/A",false,Web,"#N/A","#N/A",Medium,"#N/A",New,Subject_cmvgz,"#N/A","#N/A","#N/A","#N/A","#N/A"
a927ec2f-bef8-4bdb-9ac3-6846c5509064,"#N/A","#N/A",false,Web,"#N/A","#N/A",Medium,"#N/A",New,Subject_mdypn,"#N/A","#N/A","#N/A","#N/A","#N/A"
a929a9fe-f9f7-471f-9112-2a24bab59bee,"#N/A","#N/A",false,Web,"#N/A","#N/A",Medium,"#N/A",New,Subject_ltckw,"#N/A","#N/A","#N/A","#N/A","#N/A"
a92a59c0-0b46-4229-8cbe-d1f6be2ba585,"#N/A","#N/A",false,Web,"#N/A","#N/A",Medium,"#N/A",New,Subject_nfrji,"#N/A","#N/A","#N/A","#N/A","#N/A"
a92ae38c-df6e-41fb-b56b-369a752284a4,"#N/A","#N/A",false,Web,"#N/A","#N/A",Medium,"#N/A",New,Subject_okjvy,"#N/A","#N/A","#N/A","#N/A","#N/A"
a92b6a6d-0e62-443a-b195-7492977dbf0e,"#N/A","#N/A",false,Web,"#N/A","#N/A",Medium,"#N/A",New,Subject_dhlsc,"#N/A","#N/A","#N/A","#N/A","#N/A"
a92e8099-148c-423d-9605-088bf06e872c,"#N/A","#N/A",false,Web,"#N/A","#N/A",Medium,"#N/A",New,Subject_yacpn,"#N/A","#N/A","#N/A","#N/A","#N/A"
a9305b34-753b-4c2c-9781-7f3de634ecd9,"#N/A","#N/A",false,Web,"#N/A","#N/A",Medium,"#N/A",New,Subject_rhnnh,"#N/A","#N/A","#N/A","#N/A","#N/A"
a9368074-5da0-4c23-bd55-09da85e639ac,"#N/A","#N/A",false,Web,"#N/A","#N/A",Medium,"#N/A",New,Subject_axkjp,"#N/A","#N/A","#N/A","#N/A","#N/A"
a93682be-43a6-4bd8-a6da-e35ccd893b98,"#N/A","#N/A",false,Web,"#N/A","#N/A",Medium,"#N/A",New,Subject_kbutt,"#N/A","#N/A","#N/A","#N/A","#N/A"
a938f494-7edd-4e20-a14d-638018183067,"#N/A","#N/A",false,Web,"#N/A","#N/A",Medium,"#N/A",New,Subject_mnfbw,"#N/A","#N/A","#N/A","#N/A","#N/A"
a939e52a-029b-4ed1-856e-c4c9a63a56d3,"#N/A","#N/A",false,Web,"#N/A","#N/A",Medium,"#N/A",New,Subject_jnxjg,"#N/A","#N/A","#N/A","#N/A","#N/A"
a93b01e7-9c90-4898-9aaa-fe7dd501ccab,"#N/A","#N/A",false,Web,"#N/A","#N/A",Medium,"#N/A",New,Subject_oaubt,"#N/A","#N/A","#N/A","#N/A","#N/A"
a93c27ba-0968-41d9-89e8-68c8aa87f8e0,"#N/A","#N/A",false,Web,"#N/A","#N/A",Medium,"#N/A",New,Subject_kkoto,"#N/A","#N/A","#N/A","#N/A","#N/A"
a93e1f82-e09a-4dce-a1c8-cd49323a26b5,"#N/A","#N/A",false,Web,"#N/A","#N/A",Medium,"#N/A",New,Subject_gwpqf,"#N/A","#N/A","#N/A","#N/A","#N/A"
a942c865-613e-4f34-bdd8-94d4d8dd515e,"#N/A","#N/A",false,Web,"#N/A","#N/A",Medium,"#N/A",New,Subject_scfbc,"#N/A","#N/A","#N/A","#N/A","#N/A"
a942e0cb-d6b0-47c6-a711-e078a883169e,"#N/A","#N/A",false,Web,"#N/A","#N/A",Medium,"#N/A",New,Subject_bocku,"#N/A","#N/A","#N/A","#N/A","#N/A"
a94467bd-dc83-4565-8298-545d07e7c459,"#N/A","#N/A",false,Web,"#N/A","#N/A",Medium,"#N/A",New,Subject_tqsvr,"#N/A","#N/A","#N/A","#N/A","#N/A"
a94993c0-a666-4dc7-8c64-b5cf30655806,"#N/A","#N/A",false,Web,"#N/A","#N/A",Medium,"#N/A",New,Subject_luvfa,"#N/A","#N/A","#N/A","#N/A","#N/A"
a94b04cc-a74d-474f-b940-24a9d5782e8b,"#N/A","#N/A",false,Web,"#N/A","#N/A",Medium,"#N/A",New,Subject_vgbkb,"#N/A","#N/A","#N/A","#N/A","#N/A"
a94c6d9b-76a2-4f05-a5db-bd3fc6eb5a82,"#N/A","#N/A",false,Web,"#N/A","#N/A",Medium,"#N/A",New,Subject_iuctt,"#N/A","#N/A","#N/A","#N/A","#N/A"
a94d765c-2784-4ee1-992f-3e5b8ec16683,"#N/A","#N/A",false,Web,"#N/A","#N/A",Medium,"#N/A",New,Subject_ccsfo,"#N/A","#N/A","#N/A","#N/A","#N/A"
a94f974b-0f60-4a07-a02f-7bb6100a8ef7,"#N/A","#N/A",false,Web,"#N/A","#N/A",Medium,"#N/A",New,Subject_wjysy,"#N/A","#N/A","#N/A","#N/A","#N/A"
a95207fa-7490-468f-981f-aab5938d8172,"#N/A","#N/A",false,Web,"#N/A","#N/A",Medium,"#N/A",New,Subject_dzzzx,"#N/A","#N/A","#N/A","#N/A","#N/A"
a952a32a-8c2e-4005-83d9-463bb76851fe,"#N/A","#N/A",false,Web,"#N/A","#N/A",Medium,"#N/A",New,Subject_rnkcr,"#N/A","#N/A","#N/A","#N/A","#N/A"
a958459b-1273-40d3-ac5f-55f824428e73,"#N/A","#N/A",false,Web,"#N/A","#N/A",Medium,"#N/A",New,Subject_rwpwv,"#N/A","#N/A","#N/A","#N/A","#N/A"
a95b977c-b142-4d39-b5a4-d06ba6468de4,"#N/A","#N/A",false,Web,"#N/A","#N/A",Medium,"#N/A",New,Subject_axyda,"#N/A","#N/A","#N/A","#N/A","#N/A"
a95c62ab-47d6-442a-b7ee-ca45e1f73fd8,"#N/A","#N/A",false,Web,"#N/A","#N/A",Medium,"#N/A",New,Subject_rjwhp,"#N/A","#N/A","#N/A","#N/A","#N/A"
a95dd32d-1515-439b-8e0f-81cad55320a1,"#N/A","#N/A",false,Web,"#N/A","#N/A",Medium,"#N/A",New,Subject_zauog,"#N/A","#N/A","#N/A","#N/A","#N/A"
a9602a8c-c2da-4899-ac9f-edf871355d2a,"#N/A","#N/A",false,Web,"#N/A","#N/A",Medium,"#N/A",New,Subject_dymjy,"#N/A","#N/A","#N/A","#N/A","#N/A"
a9605a88-cff8-4f20-a9ba-b614bb0af9af,"#N/A","#N/A",false,Web,"#N/A","#N/A",Medium,"#N/A",New,Subject_xzezn,"#N/A","#N/A","#N/A","#N/A","#N/A"
a96476af-8692-435b-8cae-f9427e572028,"#N/A","#N/A",false,Web,"#N/A","#N/A",Medium,"#N/A",New,Subject_qsvrr,"#N/A","#N/A","#N/A","#N/A","#N/A"
a9647fa0-58fa-4117-90a1-267b8425a44b,"#N/A","#N/A",false,Web,"#N/A","#N/A",Medium,"#N/A",New,Subject_nzoih,"#N/A","#N/A","#N/A","#N/A","#N/A"
a9650a2e-770e-4227-9f89-81d54eb345b7,"#N/A","#N/A",false,Web,"#N/A","#N/A",Medium,"#N/A",New,Subject_rwcts,"#N/A","#N/A","#N/A","#N/A","#N/A"
a966c6ce-5b9c-4116-b8d3-e2b01e790c13,"#N/A","#N/A",false,Web,"#N/A","#N/A",Medium,"#N/A",New,Subject_mvnwy,"#N/A","#N/A","#N/A","#N/A","#N/A"
a968a325-603c-4f76-988d-8fbbd07ebed7,"#N/A","#N/A",false,Web,"#N/A","#N/A",Medium,"#N/A",New,Subject_ddbch,"#N/A","#N/A","#N/A","#N/A","#N/A"
a969935c-2812-4e02-a1aa-99a2484f511c,"#N/A","#N/A",false,Web,"#N/A","#N/A",Medium,"#N/A",New,Subject_ganoj,"#N/A","#N/A","#N/A","#N/A","#N/A"
a96bcc81-427c-4e51-85a2-e50a6596e904,"#N/A","#N/A",false,Web,"#N/A","#N/A",Medium,"#N/A",New,Subject_vjsgh,"#N/A","#N/A","#N/A","#N/A","#N/A"
a96c6153-5966-4e20-90c8-94c31b41675b,"#N/A","#N/A",false,Web,"#N/A","#N/A",Medium,"#N/A",New,Subject_ehxqj,"#N/A","#N/A","#N/A","#N/A","#N/A"
a96ca5de-e458-45f6-a326-5191227d1188,"#N/A","#N/A",false,Web,"#N/A","#N/A",Medium,"#N/A",New,Subject_cscvo,"#N/A","#N/A","#N/A","#N/A","#N/A"
a971308e-cf97-4c72-b175-d7a4c77cf530,"#N/A","#N/A",false,Web,"#N/A","#N/A",Medium,"#N/A",New,Subject_tbbig,"#N/A","#N/A","#N/A","#N/A","#N/A"
a9780ab4-7204-4025-a5a2-5fd27065bd51,"#N/A","#N/A",false,Web,"#N/A","#N/A",Medium,"#N/A",New,Subject_oiley,"#N/A","#N/A","#N/A","#N/A","#N/A"
a978cda4-2a6d-4417-a545-b17c4a459c3f,"#N/A","#N/A",false,Web,"#N/A","#N/A",Medium,"#N/A",New,Subject_pqiky,"#N/A","#N/A","#N/A","#N/A","#N/A"
a980ddb8-b6ce-4fb3-bf82-2156e7ea07c9,"#N/A","#N/A",false,Web,"#N/A","#N/A",Medium,"#N/A",New,Subject_xifmp,"#N/A","#N/A","#N/A","#N/A","#N/A"
a98c79bc-7800-4f65-96b7-1e66f1ecbb47,"#N/A","#N/A",false,Web,"#N/A","#N/A",Medium,"#N/A",New,Subject_ntfxi,"#N/A","#N/A","#N/A","#N/A","#N/A"
a98c9edb-590a-491b-be0f-0bc98de0ce85,"#N/A","#N/A",false,Web,"#N/A","#N/A",Medium,"#N/A",New,Subject_gbflu,"#N/A","#N/A","#N/A","#N/A","#N/A"
a98d4a68-f940-4b14-9cb7-82b40578e476,"#N/A","#N/A",false,Web,"#N/A","#N/A",Medium,"#N/A",New,Subject_tlije,"#N/A","#N/A","#N/A","#N/A","#N/A"
a991a76e-0545-4a97-8433-be807887c358,"#N/A","#N/A",false,Web,"#N/A","#N/A",Medium,"#N/A",New,Subject_kwzlw,"#N/A","#N/A","#N/A","#N/A","#N/A"
a9981160-659c-4db3-ace1-c76676db3e1d,"#N/A","#N/A",false,Web,"#N/A","#N/A",Medium,"#N/A",New,Subject_duyoa,"#N/A","#N/A","#N/A","#N/A","#N/A"
a999df4c-3e2d-423f-ac0c-d19ebbe2a739,"#N/A","#N/A",false,Web,"#N/A","#N/A",Medium,"#N/A",New,Subject_bipjy,"#N/A","#N/A","#N/A","#N/A","#N/A"
a99dd98a-5696-43b1-ad7f-503c181a255a,"#N/A","#N/A",false,Web,"#N/A","#N/A",Medium,"#N/A",New,Subject_ktlxe,"#N/A","#N/A","#N/A","#N/A","#N/A"
a99e5aa7-27b0-4c66-8d4b-d28720e54c21,"#N/A","#N/A",false,Web,"#N/A","#N/A",Medium,"#N/A",New,Subject_omdaj,"#N/A","#N/A","#N/A","#N/A","#N/A"
a9a3945f-f87b-459f-b408-76cca7171c5f,"#N/A","#N/A",false,Web,"#N/A","#N/A",Medium,"#N/A",New,Subject_dmfvu,"#N/A","#N/A","#N/A","#N/A","#N/A"
a9a767f9-f1d4-4ca3-834f-4a30216694fe,"#N/A","#N/A",false,Web,"#N/A","#N/A",Medium,"#N/A",New,Subject_whccm,"#N/A","#N/A","#N/A","#N/A","#N/A"
a9ae2014-8675-4048-8a17-345baeed2f20,"#N/A","#N/A",false,Web,"#N/A","#N/A",Medium,"#N/A",New,Subject_ybula,"#N/A","#N/A","#N/A","#N/A","#N/A"
a9b0e5c5-6030-4471-91df-87f8e4db4f00,"#N/A","#N/A",false,Web,"#N/A","#N/A",Medium,"#N/A",New,Subject_uwras,"#N/A","#N/A","#N/A","#N/A","#N/A"
a9b1bc27-5c4f-415d-b8a9-0bc0b0acd1d2,"#N/A","#N/A",false,Web,"#N/A","#N/A",Medium,"#N/A",New,Subject_qursz,"#N/A","#N/A","#N/A","#N/A","#N/A"
a9b8789a-9a1d-4e12-847c-5d29afbe68f8,"#N/A","#N/A",false,Web,"#N/A","#N/A",Medium,"#N/A",New,Subject_siqss,"#N/A","#N/A","#N/A","#N/A","#N/A"
a9bae101-959a-4550-b732-8263caf4df73,"#N/A","#N/A",false,Web,"#N/A","#N/A",Medium,"#N/A",New,Subject_dcbvp,"#N/A","#N/A","#N/A","#N/A","#N/A"
a9bbc0b8-0cd7-4d5f-8e39-25296f915cbe,"#N/A","#N/A",false,Web,"#N/A","#N/A",Medium,"#N/A",New,Subject_xoydh,"#N/A","#N/A","#N/A","#N/A","#N/A"
a9c77800-83a7-4c27-b4f5-a9ee690a981d,"#N/A","#N/A",false,Web,"#N/A","#N/A",Medium,"#N/A",New,Subject_dcnhk,"#N/A","#N/A","#N/A","#N/A","#N/A"
a9cde73c-d1f7-4812-b0b2-c6c7a88d9c94,"#N/A","#N/A",false,Web,"#N/A","#N/A",Medium,"#N/A",New,Subject_ftvhh,"#N/A","#N/A","#N/A","#N/A","#N/A"
a9cfe786-4be9-4f29-8fa5-3eb22ea64b46,"#N/A","#N/A",false,Web,"#N/A","#N/A",Medium,"#N/A",New,Subject_lrsed,"#N/A","#N/A","#N/A","#N/A","#N/A"
a9d392c4-d8d2-4045-a81e-c9f61db66914,"#N/A","#N/A",false,Web,"#N/A","#N/A",Medium,"#N/A",New,Subject_hvtuz,"#N/A","#N/A","#N/A","#N/A","#N/A"
a9d51c15-3911-4e4a-b909-fb506967ddf2,"#N/A","#N/A",false,Web,"#N/A","#N/A",Medium,"#N/A",New,Subject_lobce,"#N/A","#N/A","#N/A","#N/A","#N/A"
a9d7f437-e98b-414b-901c-8c0d769307d6,"#N/A","#N/A",false,Web,"#N/A","#N/A",Medium,"#N/A",New,Subject_hhdvt,"#N/A","#N/A","#N/A","#N/A","#N/A"
a9e754eb-086e-457a-be67-126aeabb6c8b,"#N/A","#N/A",false,Web,"#N/A","#N/A",Medium,"#N/A",New,Subject_cunyu,"#N/A","#N/A","#N/A","#N/A","#N/A"
a9e991c1-61d1-4878-bc71-d5c01e243188,"#N/A","#N/A",false,Web,"#N/A","#N/A",Medium,"#N/A",New,Subject_iixhr,"#N/A","#N/A","#N/A","#N/A","#N/A"
a9ea0777-4b3e-4f0c-b5de-342c8ed3ec7b,"#N/A","#N/A",false,Web,"#N/A","#N/A",Medium,"#N/A",New,Subject_gwfvm,"#N/A","#N/A","#N/A","#N/A","#N/A"
a9ec75d7-d3ae-4d8d-a539-ad6624df21c4,"#N/A","#N/A",false,Web,"#N/A","#N/A",Medium,"#N/A",New,Subject_nzlrx,"#N/A","#N/A","#N/A","#N/A","#N/A"
a9ed150c-8e8f-4091-934a-47581a11be09,"#N/A","#N/A",false,Web,"#N/A","#N/A",Medium,"#N/A",New,Subject_fmpui,"#N/A","#N/A","#N/A","#N/A","#N/A"
a9ef4aac-8a29-452c-b154-2436c4a26acc,"#N/A","#N/A",false,Web,"#N/A","#N/A",Medium,"#N/A",New,Subject_ubitc,"#N/A","#N/A","#N/A","#N/A","#N/A"
a9f05ae1-a3e3-4812-b052-a3beba767b7d,"#N/A","#N/A",false,Web,"#N/A","#N/A",Medium,"#N/A",New,Subject_tnnek,"#N/A","#N/A","#N/A","#N/A","#N/A"
a9f257c6-2057-4765-9e55-3f0083ef23e9,"#N/A","#N/A",false,Web,"#N/A","#N/A",Medium,"#N/A",New,Subject_djdxk,"#N/A","#N/A","#N/A","#N/A","#N/A"
a9f6fd68-626a-43aa-aeb6-e2db43a74994,"#N/A","#N/A",false,Web,"#N/A","#N/A",Medium,"#N/A",New,Subject_ztuxe,"#N/A","#N/A","#N/A","#N/A","#N/A"
a9f70a4d-1df2-4709-8eec-383faaac3481,"#N/A","#N/A",false,Web,"#N/A","#N/A",Medium,"#N/A",New,Subject_xdefd,"#N/A","#N/A","#N/A","#N/A","#N/A"
a9f85fa4-e61c-4e8a-b0d6-f4f45ab4f9ab,"#N/A","#N/A",false,Web,"#N/A","#N/A",Medium,"#N/A",New,Subject_xznbp,"#N/A","#N/A","#N/A","#N/A","#N/A"
aa03a64a-c026-4632-a4b3-f7f78d5a35bf,"#N/A","#N/A",false,Web,"#N/A","#N/A",Medium,"#N/A",New,Subject_tepye,"#N/A","#N/A","#N/A","#N/A","#N/A"
aa06d909-922e-44ed-8134-c033ef67eabd,"#N/A","#N/A",false,Web,"#N/A","#N/A",Medium,"#N/A",New,Subject_vqjzk,"#N/A","#N/A","#N/A","#N/A","#N/A"
aa089104-a662-42d8-bcb8-6231c985d8e7,"#N/A","#N/A",false,Web,"#N/A","#N/A",Medium,"#N/A",New,Subject_pxsua,"#N/A","#N/A","#N/A","#N/A","#N/A"
aa0e9d3d-5ebb-4385-b19b-4f6a9c50f6be,"#N/A","#N/A",false,Web,"#N/A","#N/A",Medium,"#N/A",New,Subject_bqyty,"#N/A","#N/A","#N/A","#N/A","#N/A"
aa0eddf8-a777-4b13-9c67-ea1f214ecf44,"#N/A","#N/A",false,Web,"#N/A","#N/A",Medium,"#N/A",New,Subject_erqpp,"#N/A","#N/A","#N/A","#N/A","#N/A"
aa14a25e-b6fa-4ed3-9eb6-5ad347e7d19f,"#N/A","#N/A",false,Web,"#N/A","#N/A",Medium,"#N/A",New,Subject_wnvep,"#N/A","#N/A","#N/A","#N/A","#N/A"
aa15aa15-12ae-48c0-af3a-6b94a7981979,"#N/A","#N/A",false,Web,"#N/A","#N/A",Medium,"#N/A",New,Subject_lujtq,"#N/A","#N/A","#N/A","#N/A","#N/A"
aa16ad0f-7e71-40a4-a843-94793239fbd6,"#N/A","#N/A",false,Web,"#N/A","#N/A",Medium,"#N/A",New,Subject_ilpma,"#N/A","#N/A","#N/A","#N/A","#N/A"
aa17173c-9c00-4943-a6a5-2941db63b448,"#N/A","#N/A",false,Web,"#N/A","#N/A",Medium,"#N/A",New,Subject_nsrmj,"#N/A","#N/A","#N/A","#N/A","#N/A"
aa1d07a2-eb1c-4028-8c4f-669a1cb2b757,"#N/A","#N/A",false,Web,"#N/A","#N/A",Medium,"#N/A",New,Subject_wcqnr,"#N/A","#N/A","#N/A","#N/A","#N/A"
aa1d1507-4da9-4853-9781-2921269df52f,"#N/A","#N/A",false,Web,"#N/A","#N/A",Medium,"#N/A",New,Subject_qdjyv,"#N/A","#N/A","#N/A","#N/A","#N/A"
aa1e52a1-d37f-45aa-87c8-23b3f2cfeed7,"#N/A","#N/A",false,Web,"#N/A","#N/A",Medium,"#N/A",New,Subject_jcfhm,"#N/A","#N/A","#N/A","#N/A","#N/A"
aa2176c8-7266-4f15-9711-8a4c4f027864,"#N/A","#N/A",false,Web,"#N/A","#N/A",Medium,"#N/A",New,Subject_tktgo,"#N/A","#N/A","#N/A","#N/A","#N/A"
aa21fd04-5212-45d1-908c-634cca8d6109,"#N/A","#N/A",false,Web,"#N/A","#N/A",Medium,"#N/A",New,Subject_lgsyw,"#N/A","#N/A","#N/A","#N/A","#N/A"
aa26b06e-ce03-4f63-92d3-b99165a34de4,"#N/A","#N/A",false,Web,"#N/A","#N/A",Medium,"#N/A",New,Subject_itrkz,"#N/A","#N/A","#N/A","#N/A","#N/A"
aa27799a-d7c0-4639-ac38-bf0d47e8c20f,"#N/A","#N/A",false,Web,"#N/A","#N/A",Medium,"#N/A",New,Subject_rlrkq,"#N/A","#N/A","#N/A","#N/A","#N/A"
aa2d19c4-363f-42e8-95f6-6f18df56f5dd,"#N/A","#N/A",false,Web,"#N/A","#N/A",Medium,"#N/A",New,Subject_icmhb,"#N/A","#N/A","#N/A","#N/A","#N/A"
aa2e3209-180a-4a57-9828-830e90ffbcbc,"#N/A","#N/A",false,Web,"#N/A","#N/A",Medium,"#N/A",New,Subject_xyjjx,"#N/A","#N/A","#N/A","#N/A","#N/A"
aa3121cd-ff87-494d-aa7b-6a7933eaaa39,"#N/A","#N/A",false,Web,"#N/A","#N/A",Medium,"#N/A",New,Subject_jakik,"#N/A","#N/A","#N/A","#N/A","#N/A"
aa31a3bb-7504-4c6a-bf4b-131cc2d5dcae,"#N/A","#N/A",false,Web,"#N/A","#N/A",Medium,"#N/A",New,Subject_xwpml,"#N/A","#N/A","#N/A","#N/A","#N/A"
aa32090b-9845-4b33-9adc-57707dc06b4f,"#N/A","#N/A",false,Web,"#N/A","#N/A",Medium,"#N/A",New,Subject_pnhii,"#N/A","#N/A","#N/A","#N/A","#N/A"
aa35d25b-0189-470d-8e2b-504929c8e14b,"#N/A","#N/A",false,Web,"#N/A","#N/A",Medium,"#N/A",New,Subject_slofn,"#N/A","#N/A","#N/A","#N/A","#N/A"
aa3c3549-f46c-474d-88b2-fbb1d5f252ad,"#N/A","#N/A",false,Web,"#N/A","#N/A",Medium,"#N/A",New,Subject_yfuqe,"#N/A","#N/A","#N/A","#N/A","#N/A"
aa3de284-da1e-42d5-a346-1dd68ff28cf6,"#N/A","#N/A",false,Web,"#N/A","#N/A",Medium,"#N/A",New,Subject_bnglb,"#N/A","#N/A","#N/A","#N/A","#N/A"
aa3de371-9a71-4db7-a9c0-1028f26e5412,"#N/A","#N/A",false,Web,"#N/A","#N/A",Medium,"#N/A",New,Subject_jmtja,"#N/A","#N/A","#N/A","#N/A","#N/A"
aa464d2e-53f2-459b-a752-d5a8ec064748,"#N/A","#N/A",false,Web,"#N/A","#N/A",Medium,"#N/A",New,Subject_zvexd,"#N/A","#N/A","#N/A","#N/A","#N/A"
aa53d1af-9db1-46c6-bec9-77e06349fc86,"#N/A","#N/A",false,Web,"#N/A","#N/A",Medium,"#N/A",New,Subject_rwnlo,"#N/A","#N/A","#N/A","#N/A","#N/A"
aa53f3a6-50c8-481f-ac7a-bb9a5bfc558d,"#N/A","#N/A",false,Web,"#N/A","#N/A",Medium,"#N/A",New,Subject_wsshc,"#N/A","#N/A","#N/A","#N/A","#N/A"
aa5592a4-5d5f-41eb-bd75-55324fb0751c,"#N/A","#N/A",false,Web,"#N/A","#N/A",Medium,"#N/A",New,Subject_rjbdk,"#N/A","#N/A","#N/A","#N/A","#N/A"
aa587f3f-14ff-45c2-bf69-5ce2f13ae199,"#N/A","#N/A",false,Web,"#N/A","#N/A",Medium,"#N/A",New,Subject_pqrgs,"#N/A","#N/A","#N/A","#N/A","#N/A"
aa5d14b9-3e05-4838-a247-7074a9f5d81d,"#N/A","#N/A",false,Web,"#N/A","#N/A",Medium,"#N/A",New,Subject_emzbi,"#N/A","#N/A","#N/A","#N/A","#N/A"
aa633fdc-3ce4-4801-8edb-c60452e535e8,"#N/A","#N/A",false,Web,"#N/A","#N/A",Medium,"#N/A",New,Subject_otfvr,"#N/A","#N/A","#N/A","#N/A","#N/A"
aa68ef13-5391-4040-902e-0395e209ab5c,"#N/A","#N/A",false,Web,"#N/A","#N/A",Medium,"#N/A",New,Subject_ynckx,"#N/A","#N/A","#N/A","#N/A","#N/A"
aa6a32f1-3639-423c-85bd-8006abdc79e4,"#N/A","#N/A",false,Web,"#N/A","#N/A",Medium,"#N/A",New,Subject_dcyjd,"#N/A","#N/A","#N/A","#N/A","#N/A"
aa6b2585-518a-4f27-a31d-197b62978f2c,"#N/A","#N/A",false,Web,"#N/A","#N/A",Medium,"#N/A",New,Subject_nlxsc,"#N/A","#N/A","#N/A","#N/A","#N/A"
aa6d4a17-8611-47f2-9784-069105945766,"#N/A","#N/A",false,Web,"#N/A","#N/A",Medium,"#N/A",New,Subject_ajvxv,"#N/A","#N/A","#N/A","#N/A","#N/A"
aa70f3bf-b15d-41c9-9d6d-5480ecfe5a66,"#N/A","#N/A",false,Web,"#N/A","#N/A",Medium,"#N/A",New,Subject_upvvo,"#N/A","#N/A","#N/A","#N/A","#N/A"
aa763128-bd9b-40df-87f4-bb6c754269e2,"#N/A","#N/A",false,Web,"#N/A","#N/A",Medium,"#N/A",New,Subject_djjjy,"#N/A","#N/A","#N/A","#N/A","#N/A"
aa798139-bd9b-4ece-ad7c-97427d316a3b,"#N/A","#N/A",false,Web,"#N/A","#N/A",Medium,"#N/A",New,Subject_gokiy,"#N/A","#N/A","#N/A","#N/A","#N/A"
aa7a42a9-ab1f-4240-982b-98c74df50daa,"#N/A","#N/A",false,Web,"#N/A","#N/A",Medium,"#N/A",New,Subject_zrbez,"#N/A","#N/A","#N/A","#N/A","#N/A"
aa7a6b3e-2527-410c-9bc9-08c7a28f7db5,"#N/A","#N/A",false,Web,"#N/A","#N/A",Medium,"#N/A",New,Subject_olxdv,"#N/A","#N/A","#N/A","#N/A","#N/A"
aa80eae1-aa18-4344-b116-91320e316f36,"#N/A","#N/A",false,Web,"#N/A","#N/A",Medium,"#N/A",New,Subject_drwqu,"#N/A","#N/A","#N/A","#N/A","#N/A"
aa857a05-64f3-4e1e-b0e8-15010a3c9b79,"#N/A","#N/A",false,Web,"#N/A","#N/A",Medium,"#N/A",New,Subject_aismh,"#N/A","#N/A","#N/A","#N/A","#N/A"
aa86ffc5-bb48-483a-a584-cf548af5c96c,"#N/A","#N/A",false,Web,"#N/A","#N/A",Medium,"#N/A",New,Subject_gpqtj,"#N/A","#N/A","#N/A","#N/A","#N/A"
aa885b4b-8644-4e6c-a2df-3e7faa5c8008,"#N/A","#N/A",false,Web,"#N/A","#N/A",Medium,"#N/A",New,Subject_ygzxd,"#N/A","#N/A","#N/A","#N/A","#N/A"
aa8cc386-2ea0-4e8f-95c7-c7d113503403,"#N/A","#N/A",false,Web,"#N/A","#N/A",Medium,"#N/A",New,Subject_uiftu,"#N/A","#N/A","#N/A","#N/A","#N/A"
aa8f0b2d-b0ea-4f1e-a88e-f18086fbc8ba,"#N/A","#N/A",false,Web,"#N/A","#N/A",Medium,"#N/A",New,Subject_xzonp,"#N/A","#N/A","#N/A","#N/A","#N/A"
aa940de1-3ba6-403e-bb03-75faf4534391,"#N/A","#N/A",false,Web,"#N/A","#N/A",Medium,"#N/A",New,Subject_bbded,"#N/A","#N/A","#N/A","#N/A","#N/A"
aa94e323-344c-480b-a2fb-440b36ced2b0,"#N/A","#N/A",false,Web,"#N/A","#N/A",Medium,"#N/A",New,Subject_vmokp,"#N/A","#N/A","#N/A","#N/A","#N/A"
aa970a41-392b-4706-92ac-0daef7130fc4,"#N/A","#N/A",false,Web,"#N/A","#N/A",Medium,"#N/A",New,Subject_jsjeo,"#N/A","#N/A","#N/A","#N/A","#N/A"
aa98534b-f528-4ef4-b77a-8c7cb14fd88e,"#N/A","#N/A",false,Web,"#N/A","#N/A",Medium,"#N/A",New,Subject_elexx,"#N/A","#N/A","#N/A","#N/A","#N/A"
aa9badfc-c5d5-4b25-9ebf-7da65fba64bc,"#N/A","#N/A",false,Web,"#N/A","#N/A",Medium,"#N/A",New,Subject_lveah,"#N/A","#N/A","#N/A","#N/A","#N/A"
aaa3ed25-2f1d-4ccf-95f2-2cc7645be8db,"#N/A","#N/A",false,Web,"#N/A","#N/A",Medium,"#N/A",New,Subject_jfhpg,"#N/A","#N/A","#N/A","#N/A","#N/A"
aaa482dd-9831-4307-aa91-03220aa72bfa,"#N/A","#N/A",false,Web,"#N/A","#N/A",Medium,"#N/A",New,Subject_mnpts,"#N/A","#N/A","#N/A","#N/A","#N/A"
aaa4beb2-6eac-4bc2-99cb-502889dfdb33,"#N/A","#N/A",false,Web,"#N/A","#N/A",Medium,"#N/A",New,Subject_eybdl,"#N/A","#N/A","#N/A","#N/A","#N/A"
aaa50d7b-ee69-49ca-a83f-20b4e7560324,"#N/A","#N/A",false,Web,"#N/A","#N/A",Medium,"#N/A",New,Subject_recnz,"#N/A","#N/A","#N/A","#N/A","#N/A"
aaae0395-97c3-463e-ab85-a3f353b43fb3,"#N/A","#N/A",false,Web,"#N/A","#N/A",Medium,"#N/A",New,Subject_wnjsj,"#N/A","#N/A","#N/A","#N/A","#N/A"
aaaf3815-329b-4d21-b61f-63d09081c618,"#N/A","#N/A",false,Web,"#N/A","#N/A",Medium,"#N/A",New,Subject_joofl,"#N/A","#N/A","#N/A","#N/A","#N/A"
aab0c1d4-6ea5-4102-8d59-708513ad0631,"#N/A","#N/A",false,Web,"#N/A","#N/A",Medium,"#N/A",New,Subject_rmijd,"#N/A","#N/A","#N/A","#N/A","#N/A"
aab7a0cb-d147-42fe-a54a-8a9f2ef75f86,"#N/A","#N/A",false,Web,"#N/A","#N/A",Medium,"#N/A",New,Subject_ullnc,"#N/A","#N/A","#N/A","#N/A","#N/A"
aab7afb4-29f0-4ba3-ae3e-575f2e379c75,"#N/A","#N/A",false,Web,"#N/A","#N/A",Medium,"#N/A",New,Subject_qrijy,"#N/A","#N/A","#N/A","#N/A","#N/A"
aabba089-3577-471e-ab73-0922fab323a2,"#N/A","#N/A",false,Web,"#N/A","#N/A",Medium,"#N/A",New,Subject_mdmvl,"#N/A","#N/A","#N/A","#N/A","#N/A"
aabef23e-bb27-4131-bfa5-9ba66f7e8e2f,"#N/A","#N/A",false,Web,"#N/A","#N/A",Medium,"#N/A",New,Subject_xnwcz,"#N/A","#N/A","#N/A","#N/A","#N/A"
aac056b5-a1b7-4881-89ae-582917666f99,"#N/A","#N/A",false,Web,"#N/A","#N/A",Medium,"#N/A",New,Subject_wspdn,"#N/A","#N/A","#N/A","#N/A","#N/A"
aac1b6e9-36db-4d03-a085-2e3dfd5e0a10,"#N/A","#N/A",false,Web,"#N/A","#N/A",Medium,"#N/A",New,Subject_ajjfc,"#N/A","#N/A","#N/A","#N/A","#N/A"
aac24fea-bf37-4188-9fa9-6d5624238bae,"#N/A","#N/A",false,Web,"#N/A","#N/A",Medium,"#N/A",New,Subject_kkimf,"#N/A","#N/A","#N/A","#N/A","#N/A"
aac29506-5519-4f02-9a29-2a096fd682a8,"#N/A","#N/A",false,Web,"#N/A","#N/A",Medium,"#N/A",New,Subject_nlkcd,"#N/A","#N/A","#N/A","#N/A","#N/A"
aac4b4bf-d43b-4548-b625-2a2832d93374,"#N/A","#N/A",false,Web,"#N/A","#N/A",Medium,"#N/A",New,Subject_dandp,"#N/A","#N/A","#N/A","#N/A","#N/A"
aaca6f59-6da1-4d66-8635-411b089dc643,"#N/A","#N/A",false,Web,"#N/A","#N/A",Medium,"#N/A",New,Subject_jophn,"#N/A","#N/A","#N/A","#N/A","#N/A"
aacba375-a89b-445d-acf6-771b3f4e0c08,"#N/A","#N/A",false,Web,"#N/A","#N/A",Medium,"#N/A",New,Subject_sqegt,"#N/A","#N/A","#N/A","#N/A","#N/A"
aacfd862-7fd7-4b9b-bd69-1473f1ca0c72,"#N/A","#N/A",false,Web,"#N/A","#N/A",Medium,"#N/A",New,Subject_tsjom,"#N/A","#N/A","#N/A","#N/A","#N/A"
aad067a8-7d06-46c0-aa65-70fd67469eb5,"#N/A","#N/A",false,Web,"#N/A","#N/A",Medium,"#N/A",New,Subject_gzhmj,"#N/A","#N/A","#N/A","#N/A","#N/A"
aad19194-9dde-48a5-9834-f70d6cc51523,"#N/A","#N/A",false,Web,"#N/A","#N/A",Medium,"#N/A",New,Subject_xocyj,"#N/A","#N/A","#N/A","#N/A","#N/A"
aad1bbbb-a5e8-4ca4-8aa5-5aebc4905f6c,"#N/A","#N/A",false,Web,"#N/A","#N/A",Medium,"#N/A",New,Subject_oqvff,"#N/A","#N/A","#N/A","#N/A","#N/A"
aad4d343-f3e8-4641-8b54-21f5d480bb33,"#N/A","#N/A",false,Web,"#N/A","#N/A",Medium,"#N/A",New,Subject_fplkd,"#N/A","#N/A","#N/A","#N/A","#N/A"
aad5a61a-104d-42f0-9509-92cd14255de9,"#N/A","#N/A",false,Web,"#N/A","#N/A",Medium,"#N/A",New,Subject_fvzqp,"#N/A","#N/A","#N/A","#N/A","#N/A"
aad5e6f8-9ba3-45d8-bfad-1f6a76266150,"#N/A","#N/A",false,Web,"#N/A","#N/A",Medium,"#N/A",New,Subject_aegto,"#N/A","#N/A","#N/A","#N/A","#N/A"
aad6766b-7306-42ab-b72e-fd5faafff687,"#N/A","#N/A",false,Web,"#N/A","#N/A",Medium,"#N/A",New,Subject_cjhji,"#N/A","#N/A","#N/A","#N/A","#N/A"
aada23a4-75b5-426f-b6fa-f370d269a914,"#N/A","#N/A",false,Web,"#N/A","#N/A",Medium,"#N/A",New,Subject_ivwth,"#N/A","#N/A","#N/A","#N/A","#N/A"
aadab395-8927-42e2-bd5c-c492575a6e1e,"#N/A","#N/A",false,Web,"#N/A","#N/A",Medium,"#N/A",New,Subject_vsvnw,"#N/A","#N/A","#N/A","#N/A","#N/A"
aadad129-324e-480a-b1f3-a7099618ec56,"#N/A","#N/A",false,Web,"#N/A","#N/A",Medium,"#N/A",New,Subject_yxlql,"#N/A","#N/A","#N/A","#N/A","#N/A"
aadb807a-0970-454d-acad-86955dc83c47,"#N/A","#N/A",false,Web,"#N/A","#N/A",Medium,"#N/A",New,Subject_fwjwf,"#N/A","#N/A","#N/A","#N/A","#N/A"
aadcf6fa-de74-41db-857b-bd6306343254,"#N/A","#N/A",false,Web,"#N/A","#N/A",Medium,"#N/A",New,Subject_jhqqx,"#N/A","#N/A","#N/A","#N/A","#N/A"
aae3b4b3-dee0-4161-8c52-af75a63b7509,"#N/A","#N/A",false,Web,"#N/A","#N/A",Medium,"#N/A",New,Subject_xkaxi,"#N/A","#N/A","#N/A","#N/A","#N/A"
aae6486d-67fe-4ecb-b1e7-a1e7d2b19648,"#N/A","#N/A",false,Web,"#N/A","#N/A",Medium,"#N/A",New,Subject_avaqp,"#N/A","#N/A","#N/A","#N/A","#N/A"
aaecd942-3e29-426c-a6b2-c14ecb3c23b9,"#N/A","#N/A",false,Web,"#N/A","#N/A",Medium,"#N/A",New,Subject_chvqr,"#N/A","#N/A","#N/A","#N/A","#N/A"
aaed8409-044f-47c5-b943-3f6be40b907e,"#N/A","#N/A",false,Web,"#N/A","#N/A",Medium,"#N/A",New,Subject_vtdkf,"#N/A","#N/A","#N/A","#N/A","#N/A"
aaeec6b1-2b98-4143-a47b-2968286c3bdc,"#N/A","#N/A",false,Web,"#N/A","#N/A",Medium,"#N/A",New,Subject_wyayv,"#N/A","#N/A","#N/A","#N/A","#N/A"
aaef73b3-dddb-4ff9-aa49-f91a49cc5e26,"#N/A","#N/A",false,Web,"#N/A","#N/A",Medium,"#N/A",New,Subject_ccmwq,"#N/A","#N/A","#N/A","#N/A","#N/A"
aaf7600f-4df1-4207-8ad5-0a941b1d1c2a,"#N/A","#N/A",false,Web,"#N/A","#N/A",Medium,"#N/A",New,Subject_xsiut,"#N/A","#N/A","#N/A","#N/A","#N/A"
aafa6d4d-2074-4d2c-a14c-c641e9dc964d,"#N/A","#N/A",false,Web,"#N/A","#N/A",Medium,"#N/A",New,Subject_nukot,"#N/A","#N/A","#N/A","#N/A","#N/A"
aaff30a2-34f4-46f2-80a2-d8990d64a153,"#N/A","#N/A",false,Web,"#N/A","#N/A",Medium,"#N/A",New,Subject_ijkmx,"#N/A","#N/A","#N/A","#N/A","#N/A"
ab0132bf-b21b-4467-b4a2-b8820fa281d8,"#N/A","#N/A",false,Web,"#N/A","#N/A",Medium,"#N/A",New,Subject_jaxvz,"#N/A","#N/A","#N/A","#N/A","#N/A"
ab0333ef-0db4-4905-9fea-3e318f11b1d0,"#N/A","#N/A",false,Web,"#N/A","#N/A",Medium,"#N/A",New,Subject_rphui,"#N/A","#N/A","#N/A","#N/A","#N/A"
ab046ce0-8123-4c45-b653-6fa93cf9ef01,"#N/A","#N/A",false,Web,"#N/A","#N/A",Medium,"#N/A",New,Subject_cdusv,"#N/A","#N/A","#N/A","#N/A","#N/A"
ab07186f-a3c9-4afd-805d-7cc5a4e852eb,"#N/A","#N/A",false,Web,"#N/A","#N/A",Medium,"#N/A",New,Subject_rrugu,"#N/A","#N/A","#N/A","#N/A","#N/A"
ab0f3e4d-7f65-442b-a0b5-cda8f0ffe6a4,"#N/A","#N/A",false,Web,"#N/A","#N/A",Medium,"#N/A",New,Subject_avepr,"#N/A","#N/A","#N/A","#N/A","#N/A"
ab0f58c1-16db-43f4-9875-027ec65c27d5,"#N/A","#N/A",false,Web,"#N/A","#N/A",Medium,"#N/A",New,Subject_yweku,"#N/A","#N/A","#N/A","#N/A","#N/A"
ab115e45-9ed0-496e-b23d-dbf2cd1b0559,"#N/A","#N/A",false,Web,"#N/A","#N/A",Medium,"#N/A",New,Subject_vjiqd,"#N/A","#N/A","#N/A","#N/A","#N/A"
ab195923-9d68-4fff-8190-33ed460a6453,"#N/A","#N/A",false,Web,"#N/A","#N/A",Medium,"#N/A",New,Subject_lgnuv,"#N/A","#N/A","#N/A","#N/A","#N/A"
ab1b51b7-c10b-467b-992d-45e49c567cbc,"#N/A","#N/A",false,Web,"#N/A","#N/A",Medium,"#N/A",New,Subject_reyyk,"#N/A","#N/A","#N/A","#N/A","#N/A"
ab1dbd47-2368-4d80-89d4-6598544c8425,"#N/A","#N/A",false,Web,"#N/A","#N/A",Medium,"#N/A",New,Subject_rwyqj,"#N/A","#N/A","#N/A","#N/A","#N/A"
ab22c8d1-6b67-4a2b-849f-66de3b3e0c91,"#N/A","#N/A",false,Web,"#N/A","#N/A",Medium,"#N/A",New,Subject_aptpz,"#N/A","#N/A","#N/A","#N/A","#N/A"
ab23e07b-783c-409f-8378-dcde8ffdaab4,"#N/A","#N/A",false,Web,"#N/A","#N/A",Medium,"#N/A",New,Subject_cfqig,"#N/A","#N/A","#N/A","#N/A","#N/A"
ab27d52f-2730-4491-9121-9f56449a9c23,"#N/A","#N/A",false,Web,"#N/A","#N/A",Medium,"#N/A",New,Subject_jvgqi,"#N/A","#N/A","#N/A","#N/A","#N/A"
ab2b0bbd-fe29-4cec-a3ea-cb395bd02209,"#N/A","#N/A",false,Web,"#N/A","#N/A",Medium,"#N/A",New,Subject_msqmj,"#N/A","#N/A","#N/A","#N/A","#N/A"
ab2b4cbc-07d1-44c6-b2ff-050a7566da30,"#N/A","#N/A",false,Web,"#N/A","#N/A",Medium,"#N/A",New,Subject_nwvxo,"#N/A","#N/A","#N/A","#N/A","#N/A"
ab30ae74-2bd6-48e3-9221-e1f3ada7a9ca,"#N/A","#N/A",false,Web,"#N/A","#N/A",Medium,"#N/A",New,Subject_urgyi,"#N/A","#N/A","#N/A","#N/A","#N/A"
ab31f082-7cd9-4bb6-8e3c-3287d5e69ec1,"#N/A","#N/A",false,Web,"#N/A","#N/A",Medium,"#N/A",New,Subject_uknkp,"#N/A","#N/A","#N/A","#N/A","#N/A"
ab34c39d-8c51-4596-a06b-e21c5448f4d3,"#N/A","#N/A",false,Web,"#N/A","#N/A",Medium,"#N/A",New,Subject_anvlo,"#N/A","#N/A","#N/A","#N/A","#N/A"
ab38ea75-d0ed-4679-8e6d-b488a4eb1265,"#N/A","#N/A",false,Web,"#N/A","#N/A",Medium,"#N/A",New,Subject_ajyus,"#N/A","#N/A","#N/A","#N/A","#N/A"
ab3f91a5-43de-4a9a-b100-382997de2e18,"#N/A","#N/A",false,Web,"#N/A","#N/A",Medium,"#N/A",New,Subject_iwwly,"#N/A","#N/A","#N/A","#N/A","#N/A"
ab41d0d4-9448-4f8f-952c-addf07c1d432,"#N/A","#N/A",false,Web,"#N/A","#N/A",Medium,"#N/A",New,Subject_rrtnx,"#N/A","#N/A","#N/A","#N/A","#N/A"
ab45e66b-4837-4be2-b26b-49c7f8c3a31d,"#N/A","#N/A",false,Web,"#N/A","#N/A",Medium,"#N/A",New,Subject_ezfmd,"#N/A","#N/A","#N/A","#N/A","#N/A"
ab48316a-ad8d-4b05-a0ae-f7c307a940c0,"#N/A","#N/A",false,Web,"#N/A","#N/A",Medium,"#N/A",New,Subject_uabuy,"#N/A","#N/A","#N/A","#N/A","#N/A"
ab4e409b-02c7-4e18-9648-41d953788759,"#N/A","#N/A",false,Web,"#N/A","#N/A",Medium,"#N/A",New,Subject_sylqs,"#N/A","#N/A","#N/A","#N/A","#N/A"
ab4f9e36-eae2-4caf-baa6-e883c0df6331,"#N/A","#N/A",false,Web,"#N/A","#N/A",Medium,"#N/A",New,Subject_ovjuj,"#N/A","#N/A","#N/A","#N/A","#N/A"
ab55846a-acbe-4b98-8581-74001fd29583,"#N/A","#N/A",false,Web,"#N/A","#N/A",Medium,"#N/A",New,Subject_uibjw,"#N/A","#N/A","#N/A","#N/A","#N/A"
ab58ef5a-7672-4f13-b8e2-d3733ee81bf1,"#N/A","#N/A",false,Web,"#N/A","#N/A",Medium,"#N/A",New,Subject_zqllr,"#N/A","#N/A","#N/A","#N/A","#N/A"
ab58f788-8da9-4279-b896-d6d261502ffa,"#N/A","#N/A",false,Web,"#N/A","#N/A",Medium,"#N/A",New,Subject_sgbfi,"#N/A","#N/A","#N/A","#N/A","#N/A"
ab597d75-7d32-45cc-a1b7-2825e7a34cf4,"#N/A","#N/A",false,Web,"#N/A","#N/A",Medium,"#N/A",New,Subject_ltons,"#N/A","#N/A","#N/A","#N/A","#N/A"
ab5b0847-6eca-4fb9-b8d1-8dd2e3adc738,"#N/A","#N/A",false,Web,"#N/A","#N/A",Medium,"#N/A",New,Subject_jvics,"#N/A","#N/A","#N/A","#N/A","#N/A"
ab5b17d1-6023-488f-a06a-b9bc9c04d50a,"#N/A","#N/A",false,Web,"#N/A","#N/A",Medium,"#N/A",New,Subject_svptj,"#N/A","#N/A","#N/A","#N/A","#N/A"
ab6339bb-ad1a-40b5-976f-c7220980e332,"#N/A","#N/A",false,Web,"#N/A","#N/A",Medium,"#N/A",New,Subject_vpptk,"#N/A","#N/A","#N/A","#N/A","#N/A"
ab694a75-90cd-475f-a37a-e9383d22b6a9,"#N/A","#N/A",false,Web,"#N/A","#N/A",Medium,"#N/A",New,Subject_oolwc,"#N/A","#N/A","#N/A","#N/A","#N/A"
ab6f7053-ee2d-449b-a2d9-0446ff835523,"#N/A","#N/A",false,Web,"#N/A","#N/A",Medium,"#N/A",New,Subject_sknmv,"#N/A","#N/A","#N/A","#N/A","#N/A"
ab71bf60-eb76-4117-82f2-8d1b51ce8526,"#N/A","#N/A",false,Web,"#N/A","#N/A",Medium,"#N/A",New,Subject_gfeza,"#N/A","#N/A","#N/A","#N/A","#N/A"
ab74fd43-9590-4893-8f7a-b25fa77396c3,"#N/A","#N/A",false,Web,"#N/A","#N/A",Medium,"#N/A",New,Subject_rvjpf,"#N/A","#N/A","#N/A","#N/A","#N/A"
ab75ffd5-6273-400f-a856-8e70c064a607,"#N/A","#N/A",false,Web,"#N/A","#N/A",Medium,"#N/A",New,Subject_tdchi,"#N/A","#N/A","#N/A","#N/A","#N/A"
ab761a54-827c-4752-8749-cb40f5b8e5c8,"#N/A","#N/A",false,Web,"#N/A","#N/A",Medium,"#N/A",New,Subject_bskyb,"#N/A","#N/A","#N/A","#N/A","#N/A"
ab77a43d-dadc-4a28-a0bb-d860b41f42ec,"#N/A","#N/A",false,Web,"#N/A","#N/A",Medium,"#N/A",New,Subject_ixaly,"#N/A","#N/A","#N/A","#N/A","#N/A"
ab7d7e42-7ee7-4455-8bd1-0dbfc522aa22,"#N/A","#N/A",false,Web,"#N/A","#N/A",Medium,"#N/A",New,Subject_ehfne,"#N/A","#N/A","#N/A","#N/A","#N/A"
ab819a67-90b5-4b33-8839-0a8990888885,"#N/A","#N/A",false,Web,"#N/A","#N/A",Medium,"#N/A",New,Subject_quvtk,"#N/A","#N/A","#N/A","#N/A","#N/A"
ab84013f-19e0-43f5-b787-83257e6231c0,"#N/A","#N/A",false,Web,"#N/A","#N/A",Medium,"#N/A",New,Subject_asjhd,"#N/A","#N/A","#N/A","#N/A","#N/A"
ab87a460-4471-446d-adb3-e710ece2f8ec,"#N/A","#N/A",false,Web,"#N/A","#N/A",Medium,"#N/A",New,Subject_biglu,"#N/A","#N/A","#N/A","#N/A","#N/A"
ab8928e6-c254-408f-a49d-6afac666114b,"#N/A","#N/A",false,Web,"#N/A","#N/A",Medium,"#N/A",New,Subject_vzciw,"#N/A","#N/A","#N/A","#N/A","#N/A"
ab8dda78-c114-447f-8887-ec94a5af27bd,"#N/A","#N/A",false,Web,"#N/A","#N/A",Medium,"#N/A",New,Subject_ycrwu,"#N/A","#N/A","#N/A","#N/A","#N/A"
ab8e646a-2767-424d-92d2-dfba4a280316,"#N/A","#N/A",false,Web,"#N/A","#N/A",Medium,"#N/A",New,Subject_yvmyi,"#N/A","#N/A","#N/A","#N/A","#N/A"
ab9084ab-c3bb-4560-853a-5b2a84d9245d,"#N/A","#N/A",false,Web,"#N/A","#N/A",Medium,"#N/A",New,Subject_mrdya,"#N/A","#N/A","#N/A","#N/A","#N/A"
ab92ae5e-558e-41b0-99cf-7c1d200fe116,"#N/A","#N/A",false,Web,"#N/A","#N/A",Medium,"#N/A",New,Subject_fovqt,"#N/A","#N/A","#N/A","#N/A","#N/A"
ab93c8e6-478c-496a-9e52-bbb668a67f9c,"#N/A","#N/A",false,Web,"#N/A","#N/A",Medium,"#N/A",New,Subject_hcfld,"#N/A","#N/A","#N/A","#N/A","#N/A"
ab94b982-b27b-4fad-8544-7ba6d8f189ca,"#N/A","#N/A",false,Web,"#N/A","#N/A",Medium,"#N/A",New,Subject_goqgj,"#N/A","#N/A","#N/A","#N/A","#N/A"
ab97aa9e-652a-43b6-b0fc-9e8c4bb82127,"#N/A","#N/A",false,Web,"#N/A","#N/A",Medium,"#N/A",New,Subject_rsaky,"#N/A","#N/A","#N/A","#N/A","#N/A"
ab9d9adc-2b88-40be-955f-0088b6d1b6bb,"#N/A","#N/A",false,Web,"#N/A","#N/A",Medium,"#N/A",New,Subject_mmxqv,"#N/A","#N/A","#N/A","#N/A","#N/A"
aba9cac6-a93c-46c9-9b15-d70edb325689,"#N/A","#N/A",false,Web,"#N/A","#N/A",Medium,"#N/A",New,Subject_uhiej,"#N/A","#N/A","#N/A","#N/A","#N/A"
abadacee-3f99-4a8d-8257-47a3826aa04e,"#N/A","#N/A",false,Web,"#N/A","#N/A",Medium,"#N/A",New,Subject_vqbgo,"#N/A","#N/A","#N/A","#N/A","#N/A"
abadd107-eb00-45be-bac9-35efdeaa61c3,"#N/A","#N/A",false,Web,"#N/A","#N/A",Medium,"#N/A",New,Subject_iieoq,"#N/A","#N/A","#N/A","#N/A","#N/A"
abb312cb-0462-4513-9cca-512d138a8494,"#N/A","#N/A",false,Web,"#N/A","#N/A",Medium,"#N/A",New,Subject_howpl,"#N/A","#N/A","#N/A","#N/A","#N/A"
abb32663-4602-44e2-afd9-9ece0597e258,"#N/A","#N/A",false,Web,"#N/A","#N/A",Medium,"#N/A",New,Subject_hgbjl,"#N/A","#N/A","#N/A","#N/A","#N/A"
abbc5f24-b595-4443-a95c-7ed31a10fb3e,"#N/A","#N/A",false,Web,"#N/A","#N/A",Medium,"#N/A",New,Subject_yuqkb,"#N/A","#N/A","#N/A","#N/A","#N/A"
abbeb821-5ff0-4907-b82f-23e00b09dc5f,"#N/A","#N/A",false,Web,"#N/A","#N/A",Medium,"#N/A",New,Subject_qkruj,"#N/A","#N/A","#N/A","#N/A","#N/A"
abc1b8e9-3dda-4275-9f6d-5fa1143b915b,"#N/A","#N/A",false,Web,"#N/A","#N/A",Medium,"#N/A",New,Subject_okobx,"#N/A","#N/A","#N/A","#N/A","#N/A"
abc24fa1-5933-445e-99a8-721438db0b62,"#N/A","#N/A",false,Web,"#N/A","#N/A",Medium,"#N/A",New,Subject_xkssp,"#N/A","#N/A","#N/A","#N/A","#N/A"
abc51e8c-39fe-4589-84a1-2a943d63e24d,"#N/A","#N/A",false,Web,"#N/A","#N/A",Medium,"#N/A",New,Subject_xiyht,"#N/A","#N/A","#N/A","#N/A","#N/A"
abc527db-1b77-48a9-9f73-b56900c2c003,"#N/A","#N/A",false,Web,"#N/A","#N/A",Medium,"#N/A",New,Subject_cjlop,"#N/A","#N/A","#N/A","#N/A","#N/A"
abcada0d-4c7b-47f7-b1be-5e0e76850433,"#N/A","#N/A",false,Web,"#N/A","#N/A",Medium,"#N/A",New,Subject_wcfyz,"#N/A","#N/A","#N/A","#N/A","#N/A"
abcc0b30-c77b-4e40-919d-fea89472967c,"#N/A","#N/A",false,Web,"#N/A","#N/A",Medium,"#N/A",New,Subject_rqzkk,"#N/A","#N/A","#N/A","#N/A","#N/A"
abcc7428-6773-41bc-9c86-918b44546fd0,"#N/A","#N/A",false,Web,"#N/A","#N/A",Medium,"#N/A",New,Subject_ceynv,"#N/A","#N/A","#N/A","#N/A","#N/A"
abd269fa-89b8-49f2-8616-f6332d5a36cc,"#N/A","#N/A",false,Web,"#N/A","#N/A",Medium,"#N/A",New,Subject_mpecd,"#N/A","#N/A","#N/A","#N/A","#N/A"
abd4deae-3267-43cf-9934-0c42e8aebcbb,"#N/A","#N/A",false,Web,"#N/A","#N/A",Medium,"#N/A",New,Subject_vnxhp,"#N/A","#N/A","#N/A","#N/A","#N/A"
abd53406-9cda-4ed2-9203-c68cd11a671a,"#N/A","#N/A",false,Web,"#N/A","#N/A",Medium,"#N/A",New,Subject_xzgan,"#N/A","#N/A","#N/A","#N/A","#N/A"
abdaf0ee-12a5-4c38-ba27-b23a46d22aff,"#N/A","#N/A",false,Web,"#N/A","#N/A",Medium,"#N/A",New,Subject_tgxpj,"#N/A","#N/A","#N/A","#N/A","#N/A"
abe0c8cf-36ff-4c39-8191-0aa5c29acc42,"#N/A","#N/A",false,Web,"#N/A","#N/A",Medium,"#N/A",New,Subject_dxnlj,"#N/A","#N/A","#N/A","#N/A","#N/A"
abe46289-c56d-49fd-9f96-7ceb125148cd,"#N/A","#N/A",false,Web,"#N/A","#N/A",Medium,"#N/A",New,Subject_jvsmc,"#N/A","#N/A","#N/A","#N/A","#N/A"
abe9cb95-b2cf-41bb-a179-84b71dedc094,"#N/A","#N/A",false,Web,"#N/A","#N/A",Medium,"#N/A",New,Subject_tmwvm,"#N/A","#N/A","#N/A","#N/A","#N/A"
abeb0e5a-c55b-493d-bf62-5ae29a00056f,"#N/A","#N/A",false,Web,"#N/A","#N/A",Medium,"#N/A",New,Subject_mjbmr,"#N/A","#N/A","#N/A","#N/A","#N/A"
abec121c-1e42-4ce4-8ad9-123143251ca9,"#N/A","#N/A",false,Web,"#N/A","#N/A",Medium,"#N/A",New,Subject_nyksb,"#N/A","#N/A","#N/A","#N/A","#N/A"
abee39cf-ee60-4f83-8c25-da06fcc20f30,"#N/A","#N/A",false,Web,"#N/A","#N/A",Medium,"#N/A",New,Subject_bltuw,"#N/A","#N/A","#N/A","#N/A","#N/A"
abeed425-816f-4141-b470-f1584af13795,"#N/A","#N/A",false,Web,"#N/A","#N/A",Medium,"#N/A",New,Subject_cbmie,"#N/A","#N/A","#N/A","#N/A","#N/A"
abf1ab5b-b5ec-4e2d-b2f7-b37d35efe8f6,"#N/A","#N/A",false,Web,"#N/A","#N/A",Medium,"#N/A",New,Subject_mteep,"#N/A","#N/A","#N/A","#N/A","#N/A"
abf352ba-74a9-4b57-85b7-27e216fd25b4,"#N/A","#N/A",false,Web,"#N/A","#N/A",Medium,"#N/A",New,Subject_regyb,"#N/A","#N/A","#N/A","#N/A","#N/A"
abf57332-4aad-453f-a5d5-b8acfbc838bf,"#N/A","#N/A",false,Web,"#N/A","#N/A",Medium,"#N/A",New,Subject_ulisk,"#N/A","#N/A","#N/A","#N/A","#N/A"
abf58e5e-be74-4dbf-9bcf-bd484838ec2a,"#N/A","#N/A",false,Web,"#N/A","#N/A",Medium,"#N/A",New,Subject_zwpcr,"#N/A","#N/A","#N/A","#N/A","#N/A"
abf831f2-2bcc-4997-b6f4-266079f64d51,"#N/A","#N/A",false,Web,"#N/A","#N/A",Medium,"#N/A",New,Subject_qtkxi,"#N/A","#N/A","#N/A","#N/A","#N/A"
abf889ee-dcdf-48d6-803c-9a86f9bcf9b8,"#N/A","#N/A",false,Web,"#N/A","#N/A",Medium,"#N/A",New,Subject_lwwne,"#N/A","#N/A","#N/A","#N/A","#N/A"
abf9d9fd-40da-4bb4-9fd6-2d3f0f97c912,"#N/A","#N/A",false,Web,"#N/A","#N/A",Medium,"#N/A",New,Subject_hrnvb,"#N/A","#N/A","#N/A","#N/A","#N/A"
abfa3261-c294-4825-9443-e11c30e50506,"#N/A","#N/A",false,Web,"#N/A","#N/A",Medium,"#N/A",New,Subject_rbcrd,"#N/A","#N/A","#N/A","#N/A","#N/A"
abfa9b62-30c9-44bb-98fb-e9897a56e2fc,"#N/A","#N/A",false,Web,"#N/A","#N/A",Medium,"#N/A",New,Subject_emzqg,"#N/A","#N/A","#N/A","#N/A","#N/A"
abfaa6b0-ffa1-4f38-8e08-3b5b3ff8c117,"#N/A","#N/A",false,Web,"#N/A","#N/A",Medium,"#N/A",New,Subject_rbund,"#N/A","#N/A","#N/A","#N/A","#N/A"
abfb9142-47d8-4a4d-b229-525feab0f4df,"#N/A","#N/A",false,Web,"#N/A","#N/A",Medium,"#N/A",New,Subject_ndfgc,"#N/A","#N/A","#N/A","#N/A","#N/A"
abfcd162-89e5-4b92-b6c1-184c10122dfb,"#N/A","#N/A",false,Web,"#N/A","#N/A",Medium,"#N/A",New,Subject_zlrzx,"#N/A","#N/A","#N/A","#N/A","#N/A"
abfe5d35-11c2-4e42-8ded-401417295418,"#N/A","#N/A",false,Web,"#N/A","#N/A",Medium,"#N/A",New,Subject_admkd,"#N/A","#N/A","#N/A","#N/A","#N/A"
ac002d2e-a38c-4201-bef1-2ea04ac1f983,"#N/A","#N/A",false,Web,"#N/A","#N/A",Medium,"#N/A",New,Subject_repnj,"#N/A","#N/A","#N/A","#N/A","#N/A"
ac060720-41d8-4c2a-b735-3969b23ace24,"#N/A","#N/A",false,Web,"#N/A","#N/A",Medium,"#N/A",New,Subject_rbdiq,"#N/A","#N/A","#N/A","#N/A","#N/A"
ac0b4bbb-087a-494e-9735-2d2482e1656e,"#N/A","#N/A",false,Web,"#N/A","#N/A",Medium,"#N/A",New,Subject_gymru,"#N/A","#N/A","#N/A","#N/A","#N/A"
ac0bc1ba-e5b1-4c73-bc25-8e75e1cfef39,"#N/A","#N/A",false,Web,"#N/A","#N/A",Medium,"#N/A",New,Subject_yojuz,"#N/A","#N/A","#N/A","#N/A","#N/A"
ac0f8d6e-0599-4915-9b11-e04097db0c72,"#N/A","#N/A",false,Web,"#N/A","#N/A",Medium,"#N/A",New,Subject_ccuoh,"#N/A","#N/A","#N/A","#N/A","#N/A"
ac113c86-507b-4340-bc94-feb2d3cd6675,"#N/A","#N/A",false,Web,"#N/A","#N/A",Medium,"#N/A",New,Subject_iihbj,"#N/A","#N/A","#N/A","#N/A","#N/A"
ac118531-ecd7-4987-a842-b6eb932941e5,"#N/A","#N/A",false,Web,"#N/A","#N/A",Medium,"#N/A",New,Subject_xmwzq,"#N/A","#N/A","#N/A","#N/A","#N/A"
ac142974-e811-4421-84e2-efcc23fbd2b9,"#N/A","#N/A",false,Web,"#N/A","#N/A",Medium,"#N/A",New,Subject_dlflm,"#N/A","#N/A","#N/A","#N/A","#N/A"
ac14624d-f3c8-441a-ba6b-ffe673a5736a,"#N/A","#N/A",false,Web,"#N/A","#N/A",Medium,"#N/A",New,Subject_yfggn,"#N/A","#N/A","#N/A","#N/A","#N/A"
ac14cf15-c96e-4b90-ae97-c5bc1ca37e65,"#N/A","#N/A",false,Web,"#N/A","#N/A",Medium,"#N/A",New,Subject_snlxo,"#N/A","#N/A","#N/A","#N/A","#N/A"
ac156649-a8eb-4dfb-9274-7c55f8f84489,"#N/A","#N/A",false,Web,"#N/A","#N/A",Medium,"#N/A",New,Subject_mwzsk,"#N/A","#N/A","#N/A","#N/A","#N/A"
ac1a49b6-2d25-4032-9fca-81b1731c9f1f,"#N/A","#N/A",false,Web,"#N/A","#N/A",Medium,"#N/A",New,Subject_zbjzp,"#N/A","#N/A","#N/A","#N/A","#N/A"
ac1b8bd0-2e36-4cba-92ef-084dc038df14,"#N/A","#N/A",false,Web,"#N/A","#N/A",Medium,"#N/A",New,Subject_igpcp,"#N/A","#N/A","#N/A","#N/A","#N/A"
ac1dd188-1c71-4044-8a02-ccaf1bf0d236,"#N/A","#N/A",false,Web,"#N/A","#N/A",Medium,"#N/A",New,Subject_lftvl,"#N/A","#N/A","#N/A","#N/A","#N/A"
ac233a7a-0b85-4cbd-95a5-eb6b1a90c518,"#N/A","#N/A",false,Web,"#N/A","#N/A",Medium,"#N/A",New,Subject_ruugy,"#N/A","#N/A","#N/A","#N/A","#N/A"
ac2542dc-7c5f-4930-b7a6-26ceaad17898,"#N/A","#N/A",false,Web,"#N/A","#N/A",Medium,"#N/A",New,Subject_xmwzq,"#N/A","#N/A","#N/A","#N/A","#N/A"
ac295b54-56ca-4f6f-a91f-a81a6d43bd67,"#N/A","#N/A",false,Web,"#N/A","#N/A",Medium,"#N/A",New,Subject_zxrvl,"#N/A","#N/A","#N/A","#N/A","#N/A"
ac2de2c4-c485-4ae9-9946-912eafe10c42,"#N/A","#N/A",false,Web,"#N/A","#N/A",Medium,"#N/A",New,Subject_qcthy,"#N/A","#N/A","#N/A","#N/A","#N/A"
ac30dd16-b14f-44d0-a958-71516fc6c9a7,"#N/A","#N/A",false,Web,"#N/A","#N/A",Medium,"#N/A",New,Subject_duxnr,"#N/A","#N/A","#N/A","#N/A","#N/A"
ac330add-6ea3-4158-b4d1-0ca0ad469c07,"#N/A","#N/A",false,Web,"#N/A","#N/A",Medium,"#N/A",New,Subject_cuikp,"#N/A","#N/A","#N/A","#N/A","#N/A"
ac348d47-367b-4af8-abaf-f87838aff882,"#N/A","#N/A",false,Web,"#N/A","#N/A",Medium,"#N/A",New,Subject_lwgjw,"#N/A","#N/A","#N/A","#N/A","#N/A"
ac35a456-195d-47a5-91ea-91c8c4d76470,"#N/A","#N/A",false,Web,"#N/A","#N/A",Medium,"#N/A",New,Subject_megkn,"#N/A","#N/A","#N/A","#N/A","#N/A"
ac36e485-4102-4628-bdf9-9e83af3f74ce,"#N/A","#N/A",false,Web,"#N/A","#N/A",Medium,"#N/A",New,Subject_zglwh,"#N/A","#N/A","#N/A","#N/A","#N/A"
ac39adf0-8329-45e3-b298-4db4efce897a,"#N/A","#N/A",false,Web,"#N/A","#N/A",Medium,"#N/A",New,Subject_lhaiv,"#N/A","#N/A","#N/A","#N/A","#N/A"
ac3eff12-ec73-427c-99c5-4bd8257352e2,"#N/A","#N/A",false,Web,"#N/A","#N/A",Medium,"#N/A",New,Subject_kuupd,"#N/A","#N/A","#N/A","#N/A","#N/A"
ac3f055e-2176-498b-b777-2456c5944a69,"#N/A","#N/A",false,Web,"#N/A","#N/A",Medium,"#N/A",New,Subject_evqpv,"#N/A","#N/A","#N/A","#N/A","#N/A"
ac4180a5-fadc-47f0-b87c-6499e91fccda,"#N/A","#N/A",false,Web,"#N/A","#N/A",Medium,"#N/A",New,Subject_kabjx,"#N/A","#N/A","#N/A","#N/A","#N/A"
ac4361f7-f784-43ec-8a4e-d38abe09f0d9,"#N/A","#N/A",false,Web,"#N/A","#N/A",Medium,"#N/A",New,Subject_zmxxo,"#N/A","#N/A","#N/A","#N/A","#N/A"
ac455e05-0b8c-45ec-9e95-62271541d493,"#N/A","#N/A",false,Web,"#N/A","#N/A",Medium,"#N/A",New,Subject_speob,"#N/A","#N/A","#N/A","#N/A","#N/A"
ac466cc7-14be-4e70-8090-909fc2850ab6,"#N/A","#N/A",false,Web,"#N/A","#N/A",Medium,"#N/A",New,Subject_rumwc,"#N/A","#N/A","#N/A","#N/A","#N/A"
ac4af508-d440-4d94-9560-5ac6befc3611,"#N/A","#N/A",false,Web,"#N/A","#N/A",Medium,"#N/A",New,Subject_lvizt,"#N/A","#N/A","#N/A","#N/A","#N/A"
ac50aacd-b119-4510-8b26-0ac544d5bcce,"#N/A","#N/A",false,Web,"#N/A","#N/A",Medium,"#N/A",New,Subject_vvxub,"#N/A","#N/A","#N/A","#N/A","#N/A"
ac53c00f-36d1-48d7-bcaa-ff761e186688,"#N/A","#N/A",false,Web,"#N/A","#N/A",Medium,"#N/A",New,Subject_tfdjt,"#N/A","#N/A","#N/A","#N/A","#N/A"
ac53c3ed-c0ce-4051-a74b-75f57a0d696a,"#N/A","#N/A",false,Web,"#N/A","#N/A",Medium,"#N/A",New,Subject_lcwka,"#N/A","#N/A","#N/A","#N/A","#N/A"
ac55471e-0ab3-4c3a-848e-9e1eea92f938,"#N/A","#N/A",false,Web,"#N/A","#N/A",Medium,"#N/A",New,Subject_zqaql,"#N/A","#N/A","#N/A","#N/A","#N/A"
ac5938e8-674f-4a37-8f46-5e07ced2dca2,"#N/A","#N/A",false,Web,"#N/A","#N/A",Medium,"#N/A",New,Subject_pmqyb,"#N/A","#N/A","#N/A","#N/A","#N/A"
ac5c910a-53e6-4b0a-94d6-b82772688455,"#N/A","#N/A",false,Web,"#N/A","#N/A",Medium,"#N/A",New,Subject_yovgk,"#N/A","#N/A","#N/A","#N/A","#N/A"
ac5cbbb1-f6b6-4efb-bbb5-9d92a37b3b60,"#N/A","#N/A",false,Web,"#N/A","#N/A",Medium,"#N/A",New,Subject_gncor,"#N/A","#N/A","#N/A","#N/A","#N/A"
ac5e8abe-3203-43c2-914e-0c83fae98632,"#N/A","#N/A",false,Web,"#N/A","#N/A",Medium,"#N/A",New,Subject_bhaft,"#N/A","#N/A","#N/A","#N/A","#N/A"
ac5ea2ea-6c40-4036-9f29-cfd01c2c3bca,"#N/A","#N/A",false,Web,"#N/A","#N/A",Medium,"#N/A",New,Subject_cmcfy,"#N/A","#N/A","#N/A","#N/A","#N/A"
ac5fd7ea-fd32-451a-a590-64b597a17b4b,"#N/A","#N/A",false,Web,"#N/A","#N/A",Medium,"#N/A",New,Subject_stmhv,"#N/A","#N/A","#N/A","#N/A","#N/A"
ac60f17c-ad92-47b9-915d-2e70be1bd7b9,"#N/A","#N/A",false,Web,"#N/A","#N/A",Medium,"#N/A",New,Subject_pqrpd,"#N/A","#N/A","#N/A","#N/A","#N/A"
ac616d0c-89e2-4589-bad9-265a4fcaa261,"#N/A","#N/A",false,Web,"#N/A","#N/A",Medium,"#N/A",New,Subject_ezbxu,"#N/A","#N/A","#N/A","#N/A","#N/A"
ac6325d5-a1ec-4a6c-b981-bffd6ad93741,"#N/A","#N/A",false,Web,"#N/A","#N/A",Medium,"#N/A",New,Subject_qxzye,"#N/A","#N/A","#N/A","#N/A","#N/A"
ac6469ea-ef44-454a-bdf3-14bcd53aa341,"#N/A","#N/A",false,Web,"#N/A","#N/A",Medium,"#N/A",New,Subject_xyism,"#N/A","#N/A","#N/A","#N/A","#N/A"
ac64cb36-816b-4190-ade8-c281efedf0ec,"#N/A","#N/A",false,Web,"#N/A","#N/A",Medium,"#N/A",New,Subject_ezdqa,"#N/A","#N/A","#N/A","#N/A","#N/A"
ac6594e2-4eed-4d9f-9562-996742784e2d,"#N/A","#N/A",false,Web,"#N/A","#N/A",Medium,"#N/A",New,Subject_pxejh,"#N/A","#N/A","#N/A","#N/A","#N/A"
ac659a4d-e327-4f05-89a3-f6f654aeaf40,"#N/A","#N/A",false,Web,"#N/A","#N/A",Medium,"#N/A",New,Subject_ijhca,"#N/A","#N/A","#N/A","#N/A","#N/A"
ac6ab631-e02f-4abf-9822-c7a0991dd4d7,"#N/A","#N/A",false,Web,"#N/A","#N/A",Medium,"#N/A",New,Subject_cjffp,"#N/A","#N/A","#N/A","#N/A","#N/A"
ac6cec8c-5d4b-48b8-a345-e3136ca31a0c,"#N/A","#N/A",false,Web,"#N/A","#N/A",Medium,"#N/A",New,Subject_ssvmg,"#N/A","#N/A","#N/A","#N/A","#N/A"
ac6d5b33-e9f5-4624-96f9-c37eb7e3789c,"#N/A","#N/A",false,Web,"#N/A","#N/A",Medium,"#N/A",New,Subject_mzzvd,"#N/A","#N/A","#N/A","#N/A","#N/A"
ac72d407-4098-428f-8938-016d42726eb2,"#N/A","#N/A",false,Web,"#N/A","#N/A",Medium,"#N/A",New,Subject_dlzyk,"#N/A","#N/A","#N/A","#N/A","#N/A"
ac76598e-9793-4dd4-9518-a552ded259c8,"#N/A","#N/A",false,Web,"#N/A","#N/A",Medium,"#N/A",New,Subject_sneow,"#N/A","#N/A","#N/A","#N/A","#N/A"
ac770277-ee20-4600-819a-2903880d4f67,"#N/A","#N/A",false,Web,"#N/A","#N/A",Medium,"#N/A",New,Subject_fhklc,"#N/A","#N/A","#N/A","#N/A","#N/A"
ac783164-845a-499b-a9a1-6e102b0df2f2,"#N/A","#N/A",false,Web,"#N/A","#N/A",Medium,"#N/A",New,Subject_csoax,"#N/A","#N/A","#N/A","#N/A","#N/A"
ac7d0840-be6b-40b3-80b9-0fc8efd83d06,"#N/A","#N/A",false,Web,"#N/A","#N/A",Medium,"#N/A",New,Subject_clwya,"#N/A","#N/A","#N/A","#N/A","#N/A"
ac802a5e-8d95-4312-aff9-ed0349df3907,"#N/A","#N/A",false,Web,"#N/A","#N/A",Medium,"#N/A",New,Subject_kuftn,"#N/A","#N/A","#N/A","#N/A","#N/A"
ac805f24-2f91-4ef3-86c7-619f0b36a440,"#N/A","#N/A",false,Web,"#N/A","#N/A",Medium,"#N/A",New,Subject_mcuon,"#N/A","#N/A","#N/A","#N/A","#N/A"
ac820dbb-5857-42b7-8b3c-8a0f45f0c8f5,"#N/A","#N/A",false,Web,"#N/A","#N/A",Medium,"#N/A",New,Subject_kdclc,"#N/A","#N/A","#N/A","#N/A","#N/A"
ac8793f3-593f-4834-8d7e-f0beb4410411,"#N/A","#N/A",false,Web,"#N/A","#N/A",Medium,"#N/A",New,Subject_ccegg,"#N/A","#N/A","#N/A","#N/A","#N/A"
ac8969d6-5c00-4518-9b3c-320fda38f7ec,"#N/A","#N/A",false,Web,"#N/A","#N/A",Medium,"#N/A",New,Subject_rnkcr,"#N/A","#N/A","#N/A","#N/A","#N/A"
ac89707f-32bb-4140-9e94-16efe055c0fe,"#N/A","#N/A",false,Web,"#N/A","#N/A",Medium,"#N/A",New,Subject_vqfbl,"#N/A","#N/A","#N/A","#N/A","#N/A"
ac90b192-5691-4393-b34b-9f0e5f075ea4,"#N/A","#N/A",false,Web,"#N/A","#N/A",Medium,"#N/A",New,Subject_bfqix,"#N/A","#N/A","#N/A","#N/A","#N/A"
ac92873c-1223-417d-8b94-a79a679db75f,"#N/A","#N/A",false,Web,"#N/A","#N/A",Medium,"#N/A",New,Subject_fojng,"#N/A","#N/A","#N/A","#N/A","#N/A"
ac943740-14ba-457c-9cde-4ad71a44ebad,"#N/A","#N/A",false,Web,"#N/A","#N/A",Medium,"#N/A",New,Subject_hrpnh,"#N/A","#N/A","#N/A","#N/A","#N/A"
ac949514-edc6-4338-b686-a2e0e10c98da,"#N/A","#N/A",false,Web,"#N/A","#N/A",Medium,"#N/A",New,Subject_arxwr,"#N/A","#N/A","#N/A","#N/A","#N/A"
ac97116b-4326-4504-afd7-bc6bda7b1650,"#N/A","#N/A",false,Web,"#N/A","#N/A",Medium,"#N/A",New,Subject_xgsbj,"#N/A","#N/A","#N/A","#N/A","#N/A"
ac9ef620-de9f-4948-9673-35f5a599b5f7,"#N/A","#N/A",false,Web,"#N/A","#N/A",Medium,"#N/A",New,Subject_dglqy,"#N/A","#N/A","#N/A","#N/A","#N/A"
aca2b51a-6681-4894-9314-a38e6ff05df8,"#N/A","#N/A",false,Web,"#N/A","#N/A",Medium,"#N/A",New,Subject_lntfr,"#N/A","#N/A","#N/A","#N/A","#N/A"
aca31334-b904-4c5e-b1a1-4b4161391b5c,"#N/A","#N/A",false,Web,"#N/A","#N/A",Medium,"#N/A",New,Subject_nxiyg,"#N/A","#N/A","#N/A","#N/A","#N/A"
aca8ed17-087b-4f04-9358-e0fc780cf7e1,"#N/A","#N/A",false,Web,"#N/A","#N/A",Medium,"#N/A",New,Subject_jqebh,"#N/A","#N/A","#N/A","#N/A","#N/A"
acaa8493-deb9-4bfa-a25a-651cf58dab16,"#N/A","#N/A",false,Web,"#N/A","#N/A",Medium,"#N/A",New,Subject_pqyek,"#N/A","#N/A","#N/A","#N/A","#N/A"
acaa9b73-3347-4b33-9042-7c6ee2d0fa09,"#N/A","#N/A",false,Web,"#N/A","#N/A",Medium,"#N/A",New,Subject_ihxqc,"#N/A","#N/A","#N/A","#N/A","#N/A"
acab486c-9a1b-4f7c-8904-8af83272b1c1,"#N/A","#N/A",false,Web,"#N/A","#N/A",Medium,"#N/A",New,Subject_zhcof,"#N/A","#N/A","#N/A","#N/A","#N/A"
acadfbee-01da-422d-8b83-36530a701d06,"#N/A","#N/A",false,Web,"#N/A","#N/A",Medium,"#N/A",New,Subject_ogxdd,"#N/A","#N/A","#N/A","#N/A","#N/A"
acb39a41-c259-4c5f-a1b7-7977d8c70682,"#N/A","#N/A",false,Web,"#N/A","#N/A",Medium,"#N/A",New,Subject_dgabj,"#N/A","#N/A","#N/A","#N/A","#N/A"
acb5e3a4-712f-463f-b930-9e36bc29f569,"#N/A","#N/A",false,Web,"#N/A","#N/A",Medium,"#N/A",New,Subject_ojrwc,"#N/A","#N/A","#N/A","#N/A","#N/A"
acb6c9bc-cb5f-493e-b788-764fdc6e8a63,"#N/A","#N/A",false,Web,"#N/A","#N/A",Medium,"#N/A",New,Subject_mrouv,"#N/A","#N/A","#N/A","#N/A","#N/A"
acba9bc8-56ef-407a-a5cd-c1be73be54bc,"#N/A","#N/A",false,Web,"#N/A","#N/A",Medium,"#N/A",New,Subject_vpbei,"#N/A","#N/A","#N/A","#N/A","#N/A"
acbb33b6-6a33-4c21-ac16-33764dc24ada,"#N/A","#N/A",false,Web,"#N/A","#N/A",Medium,"#N/A",New,Subject_xtpwq,"#N/A","#N/A","#N/A","#N/A","#N/A"
acbe068f-8ae9-4170-90b6-efa24923f57f,"#N/A","#N/A",false,Web,"#N/A","#N/A",Medium,"#N/A",New,Subject_qsvyv,"#N/A","#N/A","#N/A","#N/A","#N/A"
acc15ba2-39fa-4223-8f05-71d7011923be,"#N/A","#N/A",false,Web,"#N/A","#N/A",Medium,"#N/A",New,Subject_iieoq,"#N/A","#N/A","#N/A","#N/A","#N/A"
acc6ee63-8776-40c0-a04f-eb416ad5f49c,"#N/A","#N/A",false,Web,"#N/A","#N/A",Medium,"#N/A",New,Subject_ehlqf,"#N/A","#N/A","#N/A","#N/A","#N/A"
acc7299d-5888-49a7-ad34-1b069718c53c,"#N/A","#N/A",false,Web,"#N/A","#N/A",Medium,"#N/A",New,Subject_klnsl,"#N/A","#N/A","#N/A","#N/A","#N/A"
accc18e2-6323-4f60-a647-1ea1f7e2aa4b,"#N/A","#N/A",false,Web,"#N/A","#N/A",Medium,"#N/A",New,Subject_cuhdi,"#N/A","#N/A","#N/A","#N/A","#N/A"
accd08b7-14d3-4861-8460-5d6ba6d45544,"#N/A","#N/A",false,Web,"#N/A","#N/A",Medium,"#N/A",New,Subject_crdgx,"#N/A","#N/A","#N/A","#N/A","#N/A"
acd25b32-dd3f-4353-ae9f-f7f930d80fc0,"#N/A","#N/A",false,Web,"#N/A","#N/A",Medium,"#N/A",New,Subject_jmwfc,"#N/A","#N/A","#N/A","#N/A","#N/A"
acd285ff-b688-4981-a397-e391aeede6af,"#N/A","#N/A",false,Web,"#N/A","#N/A",Medium,"#N/A",New,Subject_wxzzd,"#N/A","#N/A","#N/A","#N/A","#N/A"
acd43444-86d6-470f-aad2-96a9c47b9048,"#N/A","#N/A",false,Web,"#N/A","#N/A",Medium,"#N/A",New,Subject_bjksv,"#N/A","#N/A","#N/A","#N/A","#N/A"
acd52245-f79a-41b2-926b-1f762cfc5ab9,"#N/A","#N/A",false,Web,"#N/A","#N/A",Medium,"#N/A",New,Subject_vbdeo,"#N/A","#N/A","#N/A","#N/A","#N/A"
acd52544-e9e1-4db7-ad4f-e47d9d5a2679,"#N/A","#N/A",false,Web,"#N/A","#N/A",Medium,"#N/A",New,Subject_pwtdc,"#N/A","#N/A","#N/A","#N/A","#N/A"
acd5ed83-e81d-4ece-ae5c-d42b137f65c7,"#N/A","#N/A",false,Web,"#N/A","#N/A",Medium,"#N/A",New,Subject_zqtet,"#N/A","#N/A","#N/A","#N/A","#N/A"
acd78377-4f56-498b-8efd-be6046b57da5,"#N/A","#N/A",false,Web,"#N/A","#N/A",Medium,"#N/A",New,Subject_eityt,"#N/A","#N/A","#N/A","#N/A","#N/A"
acda6b80-e6c6-4f02-8df5-f3a4d8cc9adc,"#N/A","#N/A",false,Web,"#N/A","#N/A",Medium,"#N/A",New,Subject_jjrpn,"#N/A","#N/A","#N/A","#N/A","#N/A"
acda7de1-6b7b-48ab-8aa5-0dc159511e21,"#N/A","#N/A",false,Web,"#N/A","#N/A",Medium,"#N/A",New,Subject_xghzt,"#N/A","#N/A","#N/A","#N/A","#N/A"
acdc4738-f6c5-416b-8263-cbf89d6ec40e,"#N/A","#N/A",false,Web,"#N/A","#N/A",Medium,"#N/A",New,Subject_qjwic,"#N/A","#N/A","#N/A","#N/A","#N/A"
acdd5f7a-8211-4bb2-94af-88acbca7322f,"#N/A","#N/A",false,Web,"#N/A","#N/A",Medium,"#N/A",New,Subject_rtpgt,"#N/A","#N/A","#N/A","#N/A","#N/A"
ace4c349-95a7-4bde-94ca-767e7989f1e4,"#N/A","#N/A",false,Web,"#N/A","#N/A",Medium,"#N/A",New,Subject_gdizm,"#N/A","#N/A","#N/A","#N/A","#N/A"
acf57d0d-59c9-49c5-9555-2e42ddedafb3,"#N/A","#N/A",false,Web,"#N/A","#N/A",Medium,"#N/A",New,Subject_jltem,"#N/A","#N/A","#N/A","#N/A","#N/A"
acfcafe0-68c6-4c3f-9f92-a2075425150a,"#N/A","#N/A",false,Web,"#N/A","#N/A",Medium,"#N/A",New,Subject_aatqx,"#N/A","#N/A","#N/A","#N/A","#N/A"
acfcb9cf-1d64-4f48-b347-c478aeb7df8d,"#N/A","#N/A",false,Web,"#N/A","#N/A",Medium,"#N/A",New,Subject_zwrgd,"#N/A","#N/A","#N/A","#N/A","#N/A"
ad004efe-29a5-4782-a693-79d98259a615,"#N/A","#N/A",false,Web,"#N/A","#N/A",Medium,"#N/A",New,Subject_eagos,"#N/A","#N/A","#N/A","#N/A","#N/A"
ad030364-343d-425f-b253-49627a58a107,"#N/A","#N/A",false,Web,"#N/A","#N/A",Medium,"#N/A",New,Subject_vcozi,"#N/A","#N/A","#N/A","#N/A","#N/A"
ad059742-f1de-4181-8ef7-b3cc1c68080e,"#N/A","#N/A",false,Web,"#N/A","#N/A",Medium,"#N/A",New,Subject_ljgzp,"#N/A","#N/A","#N/A","#N/A","#N/A"
ad07a8d1-a550-441b-a1a5-4f700197a9a7,"#N/A","#N/A",false,Web,"#N/A","#N/A",Medium,"#N/A",New,Subject_sykfq,"#N/A","#N/A","#N/A","#N/A","#N/A"
ad0879e4-2141-4160-aeef-c965c1687214,"#N/A","#N/A",false,Web,"#N/A","#N/A",Medium,"#N/A",New,Subject_xblvk,"#N/A","#N/A","#N/A","#N/A","#N/A"
ad0a2685-ff63-49ca-b7b3-61ff0a8a31a4,"#N/A","#N/A",false,Web,"#N/A","#N/A",Medium,"#N/A",New,Subject_rcnst,"#N/A","#N/A","#N/A","#N/A","#N/A"
ad0a3749-5e0e-43fb-a71d-8b7d2b2cc0db,"#N/A","#N/A",false,Web,"#N/A","#N/A",Medium,"#N/A",New,Subject_yoxqb,"#N/A","#N/A","#N/A","#N/A","#N/A"
ad0c5512-5f28-4c56-942a-b95b29ae8430,"#N/A","#N/A",false,Web,"#N/A","#N/A",Medium,"#N/A",New,Subject_hqgvr,"#N/A","#N/A","#N/A","#N/A","#N/A"
ad109f1e-cec6-4b97-a178-41fcbdcfb2fa,"#N/A","#N/A",false,Web,"#N/A","#N/A",Medium,"#N/A",New,Subject_lhgja,"#N/A","#N/A","#N/A","#N/A","#N/A"
ad10f98b-b990-46bf-a4a2-1899e6e39929,"#N/A","#N/A",false,Web,"#N/A","#N/A",Medium,"#N/A",New,Subject_xqwvq,"#N/A","#N/A","#N/A","#N/A","#N/A"
ad124063-d14c-40df-8886-de48b12f09a2,"#N/A","#N/A",false,Web,"#N/A","#N/A",Medium,"#N/A",New,Subject_cclck,"#N/A","#N/A","#N/A","#N/A","#N/A"
ad134887-3196-4769-bf46-54b325a3f751,"#N/A","#N/A",false,Web,"#N/A","#N/A",Medium,"#N/A",New,Subject_oqoft,"#N/A","#N/A","#N/A","#N/A","#N/A"
ad15553b-448e-47de-9f23-e494c224b149,"#N/A","#N/A",false,Web,"#N/A","#N/A",Medium,"#N/A",New,Subject_cvmbl,"#N/A","#N/A","#N/A","#N/A","#N/A"
ad18b0b3-5887-4c5d-af8a-bc5795890b0d,"#N/A","#N/A",false,Web,"#N/A","#N/A",Medium,"#N/A",New,Subject_xwlnm,"#N/A","#N/A","#N/A","#N/A","#N/A"
ad1acba9-96d4-4eaf-b76c-ae716bd181be,"#N/A","#N/A",false,Web,"#N/A","#N/A",Medium,"#N/A",New,Subject_oodrd,"#N/A","#N/A","#N/A","#N/A","#N/A"
ad1c12bc-8b7b-4bb6-8dcc-7664e0335db5,"#N/A","#N/A",false,Web,"#N/A","#N/A",Medium,"#N/A",New,Subject_ymssr,"#N/A","#N/A","#N/A","#N/A","#N/A"
ad1e2140-448f-4bd8-b3b5-2eaaec782680,"#N/A","#N/A",false,Web,"#N/A","#N/A",Medium,"#N/A",New,Subject_jgmob,"#N/A","#N/A","#N/A","#N/A","#N/A"
ad1fc824-7b99-484e-b40d-07d0223767aa,"#N/A","#N/A",false,Web,"#N/A","#N/A",Medium,"#N/A",New,Subject_ceklp,"#N/A","#N/A","#N/A","#N/A","#N/A"
ad26e1d5-fb1a-490c-b6f7-168a08be9f35,"#N/A","#N/A",false,Web,"#N/A","#N/A",Medium,"#N/A",New,Subject_gwabc,"#N/A","#N/A","#N/A","#N/A","#N/A"
ad27a727-593b-472f-b0dd-d6669c38e439,"#N/A","#N/A",false,Web,"#N/A","#N/A",Medium,"#N/A",New,Subject_kamal,"#N/A","#N/A","#N/A","#N/A","#N/A"
ad2c215f-58db-408a-a61a-3686e1f62aa4,"#N/A","#N/A",false,Web,"#N/A","#N/A",Medium,"#N/A",New,Subject_drhmy,"#N/A","#N/A","#N/A","#N/A","#N/A"
ad2c6b64-cf93-4f0d-9453-f2780a7f60d9,"#N/A","#N/A",false,Web,"#N/A","#N/A",Medium,"#N/A",New,Subject_zlzzx,"#N/A","#N/A","#N/A","#N/A","#N/A"
ad2dda8c-3fbb-43d3-afea-6444f8bf6262,"#N/A","#N/A",false,Web,"#N/A","#N/A",Medium,"#N/A",New,Subject_bkkfq,"#N/A","#N/A","#N/A","#N/A","#N/A"
ad2e163e-5db9-49fb-9943-daa6568c002e,"#N/A","#N/A",false,Web,"#N/A","#N/A",Medium,"#N/A",New,Subject_wmopf,"#N/A","#N/A","#N/A","#N/A","#N/A"
ad2e3a2d-746d-4aba-8d8c-fca28c76417d,"#N/A","#N/A",false,Web,"#N/A","#N/A",Medium,"#N/A",New,Subject_seqfl,"#N/A","#N/A","#N/A","#N/A","#N/A"
ad323cd1-93fe-467f-a295-f2b4631e2cb2,"#N/A","#N/A",false,Web,"#N/A","#N/A",Medium,"#N/A",New,Subject_yatyk,"#N/A","#N/A","#N/A","#N/A","#N/A"
ad38d0d8-a760-4518-98f9-71273536ff34,"#N/A","#N/A",false,Web,"#N/A","#N/A",Medium,"#N/A",New,Subject_qneti,"#N/A","#N/A","#N/A","#N/A","#N/A"
ad3f5bd6-213d-491c-ab6d-d91c82cceefe,"#N/A","#N/A",false,Web,"#N/A","#N/A",Medium,"#N/A",New,Subject_srvts,"#N/A","#N/A","#N/A","#N/A","#N/A"
ad40c320-d8c3-42ca-9899-4ad2cf812718,"#N/A","#N/A",false,Web,"#N/A","#N/A",Medium,"#N/A",New,Subject_lzjns,"#N/A","#N/A","#N/A","#N/A","#N/A"
ad4288d7-f815-4ca2-af58-77c84348f013,"#N/A","#N/A",false,Web,"#N/A","#N/A",Medium,"#N/A",New,Subject_tazpx,"#N/A","#N/A","#N/A","#N/A","#N/A"
ad4338d6-9b21-44e1-85df-fe4661aef65d,"#N/A","#N/A",false,Web,"#N/A","#N/A",Medium,"#N/A",New,Subject_ifoqs,"#N/A","#N/A","#N/A","#N/A","#N/A"
ad44e3b4-e285-4c84-bef5-6469b065edf2,"#N/A","#N/A",false,Web,"#N/A","#N/A",Medium,"#N/A",New,Subject_wgsry,"#N/A","#N/A","#N/A","#N/A","#N/A"
ad451e8c-0757-40fe-90cd-a46417ccefc0,"#N/A","#N/A",false,Web,"#N/A","#N/A",Medium,"#N/A",New,Subject_sgrew,"#N/A","#N/A","#N/A","#N/A","#N/A"
ad4c9e3f-8edc-4311-b0b1-0249c9b28120,"#N/A","#N/A",false,Web,"#N/A","#N/A",Medium,"#N/A",New,Subject_jbabm,"#N/A","#N/A","#N/A","#N/A","#N/A"
ad4d88c1-419b-487f-9ad9-76eb8262de52,"#N/A","#N/A",false,Web,"#N/A","#N/A",Medium,"#N/A",New,Subject_cyenh,"#N/A","#N/A","#N/A","#N/A","#N/A"
ad4e4078-31d3-45ad-a351-2ebae226e728,"#N/A","#N/A",false,Web,"#N/A","#N/A",Medium,"#N/A",New,Subject_jmqar,"#N/A","#N/A","#N/A","#N/A","#N/A"
ad507e75-afcb-48c3-abd1-eb5b21f88bfa,"#N/A","#N/A",false,Web,"#N/A","#N/A",Medium,"#N/A",New,Subject_cdrcy,"#N/A","#N/A","#N/A","#N/A","#N/A"
ad517cd5-6933-4b35-9cee-ef235225450a,"#N/A","#N/A",false,Web,"#N/A","#N/A",Medium,"#N/A",New,Subject_rxkbf,"#N/A","#N/A","#N/A","#N/A","#N/A"
ad544617-0052-4722-9dbd-49c3c4b9ba7b,"#N/A","#N/A",false,Web,"#N/A","#N/A",Medium,"#N/A",New,Subject_lfetz,"#N/A","#N/A","#N/A","#N/A","#N/A"
ad58054d-418c-40e7-82a5-7164fd22f05d,"#N/A","#N/A",false,Web,"#N/A","#N/A",Medium,"#N/A",New,Subject_gkzsh,"#N/A","#N/A","#N/A","#N/A","#N/A"
ad5a5087-b136-48d1-b0ee-d0d391c362d2,"#N/A","#N/A",false,Web,"#N/A","#N/A",Medium,"#N/A",New,Subject_dbsik,"#N/A","#N/A","#N/A","#N/A","#N/A"
ad5ccd27-9c09-44b8-8582-104da6f10eb0,"#N/A","#N/A",false,Web,"#N/A","#N/A",Medium,"#N/A",New,Subject_yyrhg,"#N/A","#N/A","#N/A","#N/A","#N/A"
ad6438ed-b9bd-4f83-8a47-f5a8dd2887d4,"#N/A","#N/A",false,Web,"#N/A","#N/A",Medium,"#N/A",New,Subject_sxggh,"#N/A","#N/A","#N/A","#N/A","#N/A"
ad66b586-47d8-4a11-a9e4-5a2566ad3869,"#N/A","#N/A",false,Web,"#N/A","#N/A",Medium,"#N/A",New,Subject_rcfrv,"#N/A","#N/A","#N/A","#N/A","#N/A"
ad66d4d1-d41e-410c-ab8c-0337f31459f4,"#N/A","#N/A",false,Web,"#N/A","#N/A",Medium,"#N/A",New,Subject_pkxwe,"#N/A","#N/A","#N/A","#N/A","#N/A"
ad695e8a-56bd-4008-981b-1471ffd47d83,"#N/A","#N/A",false,Web,"#N/A","#N/A",Medium,"#N/A",New,Subject_yokya,"#N/A","#N/A","#N/A","#N/A","#N/A"
ad69f9d8-488b-4f14-a95e-37b034ab6e8b,"#N/A","#N/A",false,Web,"#N/A","#N/A",Medium,"#N/A",New,Subject_sxesg,"#N/A","#N/A","#N/A","#N/A","#N/A"
ad6a0070-2849-409c-966c-9258cf9e2b9e,"#N/A","#N/A",false,Web,"#N/A","#N/A",Medium,"#N/A",New,Subject_rijqz,"#N/A","#N/A","#N/A","#N/A","#N/A"
ad6bfcc5-ffef-4621-b569-990ab1d8b403,"#N/A","#N/A",false,Web,"#N/A","#N/A",Medium,"#N/A",New,Subject_tpozp,"#N/A","#N/A","#N/A","#N/A","#N/A"
ad6cda5a-da29-4267-a797-d56cd793fb89,"#N/A","#N/A",false,Web,"#N/A","#N/A",Medium,"#N/A",New,Subject_zvcoj,"#N/A","#N/A","#N/A","#N/A","#N/A"
ad70b627-fcbc-4f55-8e42-e8451b7fb544,"#N/A","#N/A",false,Web,"#N/A","#N/A",Medium,"#N/A",New,Subject_ibwxm,"#N/A","#N/A","#N/A","#N/A","#N/A"
ad734f32-c1b3-4d74-975e-fb2907bfc54d,"#N/A","#N/A",false,Web,"#N/A","#N/A",Medium,"#N/A",New,Subject_yogly,"#N/A","#N/A","#N/A","#N/A","#N/A"
ad7370a0-3706-4926-adbe-d2ba3e949938,"#N/A","#N/A",false,Web,"#N/A","#N/A",Medium,"#N/A",New,Subject_rhmxa,"#N/A","#N/A","#N/A","#N/A","#N/A"
ad764c95-3952-48f9-b57b-16861084261b,"#N/A","#N/A",false,Web,"#N/A","#N/A",Medium,"#N/A",New,Subject_auiyi,"#N/A","#N/A","#N/A","#N/A","#N/A"
ad783930-2e5b-49fe-8ce7-82b0d09d33c4,"#N/A","#N/A",false,Web,"#N/A","#N/A",Medium,"#N/A",New,Subject_vdidu,"#N/A","#N/A","#N/A","#N/A","#N/A"
ad788283-cfd9-4007-bbc1-25218422df84,"#N/A","#N/A",false,Web,"#N/A","#N/A",Medium,"#N/A",New,Subject_meckm,"#N/A","#N/A","#N/A","#N/A","#N/A"
ad798480-740a-4ffd-9a9b-51b07234d4a6,"#N/A","#N/A",false,Web,"#N/A","#N/A",Medium,"#N/A",New,Subject_xtczs,"#N/A","#N/A","#N/A","#N/A","#N/A"
ad7b925f-0dea-4299-b85a-6df37c170967,"#N/A","#N/A",false,Web,"#N/A","#N/A",Medium,"#N/A",New,Subject_jhdxr,"#N/A","#N/A","#N/A","#N/A","#N/A"
ad7c616f-6e36-452f-bb76-9c2fe5fcf01b,"#N/A","#N/A",false,Web,"#N/A","#N/A",Medium,"#N/A",New,Subject_aehnj,"#N/A","#N/A","#N/A","#N/A","#N/A"
ad913775-636c-4096-8890-cdf5baca5eac,"#N/A","#N/A",false,Web,"#N/A","#N/A",Medium,"#N/A",New,Subject_qxlmk,"#N/A","#N/A","#N/A","#N/A","#N/A"
ad933f2e-839d-4c72-95fc-e6d65e3ee891,"#N/A","#N/A",false,Web,"#N/A","#N/A",Medium,"#N/A",New,Subject_hzdox,"#N/A","#N/A","#N/A","#N/A","#N/A"
ad97e4ff-d70b-4db9-b732-34f12b2b02ef,"#N/A","#N/A",false,Web,"#N/A","#N/A",Medium,"#N/A",New,Subject_zysnd,"#N/A","#N/A","#N/A","#N/A","#N/A"
ad9aa466-b2f3-4fab-8385-832fd8c9ba97,"#N/A","#N/A",false,Web,"#N/A","#N/A",Medium,"#N/A",New,Subject_etuty,"#N/A","#N/A","#N/A","#N/A","#N/A"
ad9ac0b5-a3b9-4ee0-9cf1-46804fdf152d,"#N/A","#N/A",false,Web,"#N/A","#N/A",Medium,"#N/A",New,Subject_dnzii,"#N/A","#N/A","#N/A","#N/A","#N/A"
ad9bd383-c586-4b1f-b12c-62317992c35a,"#N/A","#N/A",false,Web,"#N/A","#N/A",Medium,"#N/A",New,Subject_oigsu,"#N/A","#N/A","#N/A","#N/A","#N/A"
ad9cc648-a7d0-4722-9639-69b20f49f5f1,"#N/A","#N/A",false,Web,"#N/A","#N/A",Medium,"#N/A",New,Subject_xvakw,"#N/A","#N/A","#N/A","#N/A","#N/A"
ad9d7512-07d8-4cae-a15c-f68f9ce6da6f,"#N/A","#N/A",false,Web,"#N/A","#N/A",Medium,"#N/A",New,Subject_bhtgu,"#N/A","#N/A","#N/A","#N/A","#N/A"
ad9e554d-3bd0-4913-8bb0-a6abf5ba2c38,"#N/A","#N/A",false,Web,"#N/A","#N/A",Medium,"#N/A",New,Subject_teais,"#N/A","#N/A","#N/A","#N/A","#N/A"
ad9eafba-f0bd-4198-88a0-fdd5c3121f7e,"#N/A","#N/A",false,Web,"#N/A","#N/A",Medium,"#N/A",New,Subject_ygyur,"#N/A","#N/A","#N/A","#N/A","#N/A"
ad9ed161-e322-45bf-8e74-fac932b44c34,"#N/A","#N/A",false,Web,"#N/A","#N/A",Medium,"#N/A",New,Subject_lhgja,"#N/A","#N/A","#N/A","#N/A","#N/A"
ada1b241-b058-496c-8da5-660f235065ef,"#N/A","#N/A",false,Web,"#N/A","#N/A",Medium,"#N/A",New,Subject_gtgts,"#N/A","#N/A","#N/A","#N/A","#N/A"
ada3cb3b-d774-4a22-a472-be3d48472caf,"#N/A","#N/A",false,Web,"#N/A","#N/A",Medium,"#N/A",New,Subject_eczrn,"#N/A","#N/A","#N/A","#N/A","#N/A"
ada650c6-d8a9-4505-bd3b-2af326d78b87,"#N/A","#N/A",false,Web,"#N/A","#N/A",Medium,"#N/A",New,Subject_jfsrt,"#N/A","#N/A","#N/A","#N/A","#N/A"
adaa2e21-c586-4153-ba47-8e8710ef4f92,"#N/A","#N/A",false,Web,"#N/A","#N/A",Medium,"#N/A",New,Subject_cdhwx,"#N/A","#N/A","#N/A","#N/A","#N/A"
adaac013-48a5-4c82-a586-ccbf99f40d4d,"#N/A","#N/A",false,Web,"#N/A","#N/A",Medium,"#N/A",New,Subject_crmev,"#N/A","#N/A","#N/A","#N/A","#N/A"
adadacd8-32b9-4279-9c69-83ddafe6384f,"#N/A","#N/A",false,Web,"#N/A","#N/A",Medium,"#N/A",New,Subject_wabff,"#N/A","#N/A","#N/A","#N/A","#N/A"
adb00ec1-638b-4451-9964-eabd6ea6c942,"#N/A","#N/A",false,Web,"#N/A","#N/A",Medium,"#N/A",New,Subject_xhukl,"#N/A","#N/A","#N/A","#N/A","#N/A"
adb299fa-d234-41f5-9ddc-4f3c2598e614,"#N/A","#N/A",false,Web,"#N/A","#N/A",Medium,"#N/A",New,Subject_lxuxj,"#N/A","#N/A","#N/A","#N/A","#N/A"
adb53065-0058-4217-b579-b82874a85510,"#N/A","#N/A",false,Web,"#N/A","#N/A",Medium,"#N/A",New,Subject_hqvyp,"#N/A","#N/A","#N/A","#N/A","#N/A"
adb56699-6372-46ae-b943-d5eb82942ad5,"#N/A","#N/A",false,Web,"#N/A","#N/A",Medium,"#N/A",New,Subject_gomwa,"#N/A","#N/A","#N/A","#N/A","#N/A"
adbe48ce-612f-4275-83f4-4ceefa037206,"#N/A","#N/A",false,Web,"#N/A","#N/A",Medium,"#N/A",New,Subject_jowzh,"#N/A","#N/A","#N/A","#N/A","#N/A"
adbfb434-52f7-4359-bc75-707632fbefb5,"#N/A","#N/A",false,Web,"#N/A","#N/A",Medium,"#N/A",New,Subject_qosuz,"#N/A","#N/A","#N/A","#N/A","#N/A"
adc23b20-a6fd-4b43-85ed-b05228891061,"#N/A","#N/A",false,Web,"#N/A","#N/A",Medium,"#N/A",New,Subject_eplgj,"#N/A","#N/A","#N/A","#N/A","#N/A"
adca07ee-994a-45c0-8fc8-e86cc2610e16,"#N/A","#N/A",false,Web,"#N/A","#N/A",Medium,"#N/A",New,Subject_wyjao,"#N/A","#N/A","#N/A","#N/A","#N/A"
adcd96c3-1e86-4928-b7aa-356fb7b94765,"#N/A","#N/A",false,Web,"#N/A","#N/A",Medium,"#N/A",New,Subject_njhar,"#N/A","#N/A","#N/A","#N/A","#N/A"
add1f365-e0b6-49cb-b459-7338b08eda99,"#N/A","#N/A",false,Web,"#N/A","#N/A",Medium,"#N/A",New,Subject_kkcmy,"#N/A","#N/A","#N/A","#N/A","#N/A"
add27fce-f1ac-4e5a-88be-63e5623b49fe,"#N/A","#N/A",false,Web,"#N/A","#N/A",Medium,"#N/A",New,Subject_dlaci,"#N/A","#N/A","#N/A","#N/A","#N/A"
add33662-7b75-4e35-bf43-e4eb42768544,"#N/A","#N/A",false,Web,"#N/A","#N/A",Medium,"#N/A",New,Subject_rryzk,"#N/A","#N/A","#N/A","#N/A","#N/A"
add3d01c-71da-4dfe-a30b-74514c6a6c5c,"#N/A","#N/A",false,Web,"#N/A","#N/A",Medium,"#N/A",New,Subject_chswx,"#N/A","#N/A","#N/A","#N/A","#N/A"
addb69cd-d7a0-4e1e-ab11-7e26ca4c8191,"#N/A","#N/A",false,Web,"#N/A","#N/A",Medium,"#N/A",New,Subject_mvzfg,"#N/A","#N/A","#N/A","#N/A","#N/A"
addbf296-7a14-4807-b7a3-0e6e017d49a1,"#N/A","#N/A",false,Web,"#N/A","#N/A",Medium,"#N/A",New,Subject_jxqzq,"#N/A","#N/A","#N/A","#N/A","#N/A"
addbffca-aa06-4e67-b091-1fc8b445d02f,"#N/A","#N/A",false,Web,"#N/A","#N/A",Medium,"#N/A",New,Subject_iiolc,"#N/A","#N/A","#N/A","#N/A","#N/A"
addda75c-6ac3-420f-8dd4-55a1d4a6e572,"#N/A","#N/A",false,Web,"#N/A","#N/A",Medium,"#N/A",New,Subject_buokw,"#N/A","#N/A","#N/A","#N/A","#N/A"
ade06b01-bc50-4b8c-91a0-8f4a067ecc75,"#N/A","#N/A",false,Web,"#N/A","#N/A",Medium,"#N/A",New,Subject_iczjx,"#N/A","#N/A","#N/A","#N/A","#N/A"
ade0a008-21a1-400a-a928-1e87e207dfcc,"#N/A","#N/A",false,Web,"#N/A","#N/A",Medium,"#N/A",New,Subject_jtije,"#N/A","#N/A","#N/A","#N/A","#N/A"
ade6fffb-d5dc-4e6d-b23c-17a4fed14246,"#N/A","#N/A",false,Web,"#N/A","#N/A",Medium,"#N/A",New,Subject_yiosc,"#N/A","#N/A","#N/A","#N/A","#N/A"
adeca48a-7372-42bc-aead-9e94390e12ea,"#N/A","#N/A",false,Web,"#N/A","#N/A",Medium,"#N/A",New,Subject_utgnn,"#N/A","#N/A","#N/A","#N/A","#N/A"
adefff67-4592-423a-a88d-b46fe738b50b,"#N/A","#N/A",false,Web,"#N/A","#N/A",Medium,"#N/A",New,Subject_ytbjw,"#N/A","#N/A","#N/A","#N/A","#N/A"
adf060d9-46ad-4dec-b5a9-2a5d5e5946fe,"#N/A","#N/A",false,Web,"#N/A","#N/A",Medium,"#N/A",New,Subject_xnwwq,"#N/A","#N/A","#N/A","#N/A","#N/A"
adf0a817-2af8-4f0d-a670-3b89e12c2a9d,"#N/A","#N/A",false,Web,"#N/A","#N/A",Medium,"#N/A",New,Subject_jeakn,"#N/A","#N/A","#N/A","#N/A","#N/A"
adf4a348-d91a-4e47-b0df-0ba5f331b8f2,"#N/A","#N/A",false,Web,"#N/A","#N/A",Medium,"#N/A",New,Subject_gsdvm,"#N/A","#N/A","#N/A","#N/A","#N/A"
adf6acd0-2ff4-41e0-8ced-5a0bb0fe145b,"#N/A","#N/A",false,Web,"#N/A","#N/A",Medium,"#N/A",New,Subject_sbdjl,"#N/A","#N/A","#N/A","#N/A","#N/A"
adf82701-0a5e-41bc-98b9-2ff007b0b1e5,"#N/A","#N/A",false,Web,"#N/A","#N/A",Medium,"#N/A",New,Subject_iyhmd,"#N/A","#N/A","#N/A","#N/A","#N/A"
adf8a6b2-b2af-4a9f-b274-2d21be7d45d5,"#N/A","#N/A",false,Web,"#N/A","#N/A",Medium,"#N/A",New,Subject_ogyzl,"#N/A","#N/A","#N/A","#N/A","#N/A"
adfdc27e-b609-4fab-807c-cc95f82fcbe6,"#N/A","#N/A",false,Web,"#N/A","#N/A",Medium,"#N/A",New,Subject_zduqm,"#N/A","#N/A","#N/A","#N/A","#N/A"
adffb3ce-e0c0-43f3-be4f-16265be2a674,"#N/A","#N/A",false,Web,"#N/A","#N/A",Medium,"#N/A",New,Subject_wtdrm,"#N/A","#N/A","#N/A","#N/A","#N/A"
ae00bde7-bdbc-48c4-9682-55a560217c76,"#N/A","#N/A",false,Web,"#N/A","#N/A",Medium,"#N/A",New,Subject_qduso,"#N/A","#N/A","#N/A","#N/A","#N/A"
ae02183c-db03-484f-a1f7-85bab29a5e86,"#N/A","#N/A",false,Web,"#N/A","#N/A",Medium,"#N/A",New,Subject_ivyyl,"#N/A","#N/A","#N/A","#N/A","#N/A"
ae03ad75-0e0c-4963-a21b-446d6241e52a,"#N/A","#N/A",false,Web,"#N/A","#N/A",Medium,"#N/A",New,Subject_qemku,"#N/A","#N/A","#N/A","#N/A","#N/A"
ae067631-e79d-4f0a-88ba-784e9a68de7a,"#N/A","#N/A",false,Web,"#N/A","#N/A",Medium,"#N/A",New,Subject_oayqc,"#N/A","#N/A","#N/A","#N/A","#N/A"
ae0a29de-90d8-46df-af73-753be88065a3,"#N/A","#N/A",false,Web,"#N/A","#N/A",Medium,"#N/A",New,Subject_ljtsl,"#N/A","#N/A","#N/A","#N/A","#N/A"
ae0abe90-8b4f-425a-8c81-fe3e1d12e6eb,"#N/A","#N/A",false,Web,"#N/A","#N/A",Medium,"#N/A",New,Subject_wpjrt,"#N/A","#N/A","#N/A","#N/A","#N/A"
ae0b6969-3ce8-4ce1-80e0-a9a4d12e4e47,"#N/A","#N/A",false,Web,"#N/A","#N/A",Medium,"#N/A",New,Subject_jirhm,"#N/A","#N/A","#N/A","#N/A","#N/A"
ae0e525c-0762-4f13-96cf-3337c522cc52,"#N/A","#N/A",false,Web,"#N/A","#N/A",Medium,"#N/A",New,Subject_ffkoy,"#N/A","#N/A","#N/A","#N/A","#N/A"
ae0f992b-515c-4af9-bd49-0ab1abf54e7c,"#N/A","#N/A",false,Web,"#N/A","#N/A",Medium,"#N/A",New,Subject_rcfrv,"#N/A","#N/A","#N/A","#N/A","#N/A"
ae10a263-afa8-470d-8efc-6049d302d20f,"#N/A","#N/A",false,Web,"#N/A","#N/A",Medium,"#N/A",New,Subject_qpqxv,"#N/A","#N/A","#N/A","#N/A","#N/A"
ae15be0a-676d-4175-8a2b-3a846cfe4aef,"#N/A","#N/A",false,Web,"#N/A","#N/A",Medium,"#N/A",New,Subject_agkzk,"#N/A","#N/A","#N/A","#N/A","#N/A"
ae1b5754-226f-4335-9f6e-d204d0c1722d,"#N/A","#N/A",false,Web,"#N/A","#N/A",Medium,"#N/A",New,Subject_wazsv,"#N/A","#N/A","#N/A","#N/A","#N/A"
ae228401-1144-4fe6-aad3-c84fabea589d,"#N/A","#N/A",false,Web,"#N/A","#N/A",Medium,"#N/A",New,Subject_yfzik,"#N/A","#N/A","#N/A","#N/A","#N/A"
ae24b768-1e42-40de-ba68-466ec6ce3d12,"#N/A","#N/A",false,Web,"#N/A","#N/A",Medium,"#N/A",New,Subject_uherb,"#N/A","#N/A","#N/A","#N/A","#N/A"
ae251f62-9369-4752-9b46-13d5ca8f9680,"#N/A","#N/A",false,Web,"#N/A","#N/A",Medium,"#N/A",New,Subject_wewwt,"#N/A","#N/A","#N/A","#N/A","#N/A"
ae297ded-385e-4d00-93ad-500c91d5c5c3,"#N/A","#N/A",false,Web,"#N/A","#N/A",Medium,"#N/A",New,Subject_cuikp,"#N/A","#N/A","#N/A","#N/A","#N/A"
ae2b5fc6-49b2-4845-ae74-5c515b5dde2f,"#N/A","#N/A",false,Web,"#N/A","#N/A",Medium,"#N/A",New,Subject_lraqk,"#N/A","#N/A","#N/A","#N/A","#N/A"
ae2bf121-b2fd-4443-aea9-2dfd4de9bf4c,"#N/A","#N/A",false,Web,"#N/A","#N/A",Medium,"#N/A",New,Subject_arxwr,"#N/A","#N/A","#N/A","#N/A","#N/A"
ae2c17fc-93a0-42a5-9ac8-df51fe6da65b,"#N/A","#N/A",false,Web,"#N/A","#N/A",Medium,"#N/A",New,Subject_ypias,"#N/A","#N/A","#N/A","#N/A","#N/A"
ae325299-72d2-481d-b50a-a17ea7b8873b,"#N/A","#N/A",false,Web,"#N/A","#N/A",Medium,"#N/A",New,Subject_mpggm,"#N/A","#N/A","#N/A","#N/A","#N/A"
ae33da69-eda9-4d18-81de-ce9a6b6410b2,"#N/A","#N/A",false,Web,"#N/A","#N/A",Medium,"#N/A",New,Subject_gxhbb,"#N/A","#N/A","#N/A","#N/A","#N/A"
ae3a894a-f66c-47a8-8a9d-d79b86d490f6,"#N/A","#N/A",false,Web,"#N/A","#N/A",Medium,"#N/A",New,Subject_ywtfi,"#N/A","#N/A","#N/A","#N/A","#N/A"
ae405199-25f5-4554-835f-594535252756,"#N/A","#N/A",false,Web,"#N/A","#N/A",Medium,"#N/A",New,Subject_nochc,"#N/A","#N/A","#N/A","#N/A","#N/A"
ae41040d-04d7-4fab-be3e-332c5315bcba,"#N/A","#N/A",false,Web,"#N/A","#N/A",Medium,"#N/A",New,Subject_dgnva,"#N/A","#N/A","#N/A","#N/A","#N/A"
ae43adb7-7203-4940-a97a-2502bb207170,"#N/A","#N/A",false,Web,"#N/A","#N/A",Medium,"#N/A",New,Subject_nswsr,"#N/A","#N/A","#N/A","#N/A","#N/A"
ae4525e3-affa-461f-b4d6-eb7915da53ad,"#N/A","#N/A",false,Web,"#N/A","#N/A",Medium,"#N/A",New,Subject_useef,"#N/A","#N/A","#N/A","#N/A","#N/A"
ae47d6c6-8101-4f4e-9894-bfbd42f26b73,"#N/A","#N/A",false,Web,"#N/A","#N/A",Medium,"#N/A",New,Subject_heknx,"#N/A","#N/A","#N/A","#N/A","#N/A"
ae4bb157-e833-435a-89f6-cf194485d6ad,"#N/A","#N/A",false,Web,"#N/A","#N/A",Medium,"#N/A",New,Subject_skgdg,"#N/A","#N/A","#N/A","#N/A","#N/A"
ae4f59b0-795c-4532-852a-36eaaf56a1d1,"#N/A","#N/A",false,Web,"#N/A","#N/A",Medium,"#N/A",New,Subject_mfwtn,"#N/A","#N/A","#N/A","#N/A","#N/A"
ae4f6a1e-b568-4dd3-b509-1e30e3439fb8,"#N/A","#N/A",false,Web,"#N/A","#N/A",Medium,"#N/A",New,Subject_czlri,"#N/A","#N/A","#N/A","#N/A","#N/A"
ae50c623-ebef-4f91-97da-a90e4c43aebf,"#N/A","#N/A",false,Web,"#N/A","#N/A",Medium,"#N/A",New,Subject_lgxde,"#N/A","#N/A","#N/A","#N/A","#N/A"
ae52f60c-478b-4c25-a93f-c5c47f0035cc,"#N/A","#N/A",false,Web,"#N/A","#N/A",Medium,"#N/A",New,Subject_ctvdg,"#N/A","#N/A","#N/A","#N/A","#N/A"
ae56018e-9b5b-4642-85cc-2b76d7579d4c,"#N/A","#N/A",false,Web,"#N/A","#N/A",Medium,"#N/A",New,Subject_ovgaq,"#N/A","#N/A","#N/A","#N/A","#N/A"
ae5664b4-3383-4cc1-9095-a5f720bd33d5,"#N/A","#N/A",false,Web,"#N/A","#N/A",Medium,"#N/A",New,Subject_xroxv,"#N/A","#N/A","#N/A","#N/A","#N/A"
ae570541-6087-4697-bce7-6754ed53a8a4,"#N/A","#N/A",false,Web,"#N/A","#N/A",Medium,"#N/A",New,Subject_qecri,"#N/A","#N/A","#N/A","#N/A","#N/A"
ae59cb6f-f4cb-4acd-a516-26ff17ff232f,"#N/A","#N/A",false,Web,"#N/A","#N/A",Medium,"#N/A",New,Subject_ubbzb,"#N/A","#N/A","#N/A","#N/A","#N/A"
ae59e482-b3ab-4c2b-b9f7-5549cd871ef9,"#N/A","#N/A",false,Web,"#N/A","#N/A",Medium,"#N/A",New,Subject_sxomn,"#N/A","#N/A","#N/A","#N/A","#N/A"
ae5a3a1e-0f6c-48cf-80a5-f1e4d0ef1200,"#N/A","#N/A",false,Web,"#N/A","#N/A",Medium,"#N/A",New,Subject_lpbua,"#N/A","#N/A","#N/A","#N/A","#N/A"
ae5b409d-60ab-4be2-8ab4-dfb626f046ec,"#N/A","#N/A",false,Web,"#N/A","#N/A",Medium,"#N/A",New,Subject_ggeli,"#N/A","#N/A","#N/A","#N/A","#N/A"
ae5c3690-44b6-4007-bd73-de27116f0c11,"#N/A","#N/A",false,Web,"#N/A","#N/A",Medium,"#N/A",New,Subject_ftiyk,"#N/A","#N/A","#N/A","#N/A","#N/A"
ae5c56a9-14ea-4bf5-822a-6e6d1e83ceed,"#N/A","#N/A",false,Web,"#N/A","#N/A",Medium,"#N/A",New,Subject_lljvy,"#N/A","#N/A","#N/A","#N/A","#N/A"
ae5ece88-974c-42ba-b9ea-2dde70c82de8,"#N/A","#N/A",false,Web,"#N/A","#N/A",Medium,"#N/A",New,Subject_qespx,"#N/A","#N/A","#N/A","#N/A","#N/A"
ae5f9356-bd18-4fb1-82b0-d8a23191bb3d,"#N/A","#N/A",false,Web,"#N/A","#N/A",Medium,"#N/A",New,Subject_obvmh,"#N/A","#N/A","#N/A","#N/A","#N/A"
ae61e788-0823-4d6d-82a5-ce263a2056fc,"#N/A","#N/A",false,Web,"#N/A","#N/A",Medium,"#N/A",New,Subject_mnaat,"#N/A","#N/A","#N/A","#N/A","#N/A"
ae663fcd-9e91-4519-8165-94f519035b97,"#N/A","#N/A",false,Web,"#N/A","#N/A",Medium,"#N/A",New,Subject_fpzjq,"#N/A","#N/A","#N/A","#N/A","#N/A"
ae6c1737-5183-4cf5-812e-da54e3fa7d49,"#N/A","#N/A",false,Web,"#N/A","#N/A",Medium,"#N/A",New,Subject_pcrvb,"#N/A","#N/A","#N/A","#N/A","#N/A"
ae6c699b-b9f7-466c-9b06-8fd518e2f7f6,"#N/A","#N/A",false,Web,"#N/A","#N/A",Medium,"#N/A",New,Subject_nqxkc,"#N/A","#N/A","#N/A","#N/A","#N/A"
ae70a789-522e-4718-9cfb-9fc850e458a4,"#N/A","#N/A",false,Web,"#N/A","#N/A",Medium,"#N/A",New,Subject_trrel,"#N/A","#N/A","#N/A","#N/A","#N/A"
ae71d315-90b4-4e0e-9ef4-f7903f1d8d92,"#N/A","#N/A",false,Web,"#N/A","#N/A",Medium,"#N/A",New,Subject_ivhsm,"#N/A","#N/A","#N/A","#N/A","#N/A"
ae7c247c-cc9c-475f-8700-d581053ae681,"#N/A","#N/A",false,Web,"#N/A","#N/A",Medium,"#N/A",New,Subject_bikgu,"#N/A","#N/A","#N/A","#N/A","#N/A"
ae82e27e-b0b0-4e41-a05a-41aaa20aad6f,"#N/A","#N/A",false,Web,"#N/A","#N/A",Medium,"#N/A",New,Subject_fbqiu,"#N/A","#N/A","#N/A","#N/A","#N/A"
ae830e07-bc3f-4dcf-a7f2-36f56d196254,"#N/A","#N/A",false,Web,"#N/A","#N/A",Medium,"#N/A",New,Subject_zhozc,"#N/A","#N/A","#N/A","#N/A","#N/A"
ae8599c7-9ae7-4626-af2b-fb4acc7398dd,"#N/A","#N/A",false,Web,"#N/A","#N/A",Medium,"#N/A",New,Subject_nrpvt,"#N/A","#N/A","#N/A","#N/A","#N/A"
ae85a689-5789-442a-909c-2a4fe1971698,"#N/A","#N/A",false,Web,"#N/A","#N/A",Medium,"#N/A",New,Subject_bxzry,"#N/A","#N/A","#N/A","#N/A","#N/A"
ae8ca450-8b4c-4e14-9912-b655fad789e5,"#N/A","#N/A",false,Web,"#N/A","#N/A",Medium,"#N/A",New,Subject_owmzf,"#N/A","#N/A","#N/A","#N/A","#N/A"
ae9163e7-a2af-45a8-ad94-393d35fc70ea,"#N/A","#N/A",false,Web,"#N/A","#N/A",Medium,"#N/A",New,Subject_edvxo,"#N/A","#N/A","#N/A","#N/A","#N/A"
ae9165c3-c13b-4198-8a58-937314820ef7,"#N/A","#N/A",false,Web,"#N/A","#N/A",Medium,"#N/A",New,Subject_qjrre,"#N/A","#N/A","#N/A","#N/A","#N/A"
ae9176cc-5551-4588-b579-dc6f9e3e743e,"#N/A","#N/A",false,Web,"#N/A","#N/A",Medium,"#N/A",New,Subject_sivtu,"#N/A","#N/A","#N/A","#N/A","#N/A"
ae9785d1-e4ae-4baa-8e5d-184ac55ae28e,"#N/A","#N/A",false,Web,"#N/A","#N/A",Medium,"#N/A",New,Subject_zyhtz,"#N/A","#N/A","#N/A","#N/A","#N/A"
ae99b49d-1b92-4cae-bb49-f00c14f1e0c4,"#N/A","#N/A",false,Web,"#N/A","#N/A",Medium,"#N/A",New,Subject_ibtaz,"#N/A","#N/A","#N/A","#N/A","#N/A"
ae9a4af9-20e4-42c4-99ae-aebbf000c5f0,"#N/A","#N/A",false,Web,"#N/A","#N/A",Medium,"#N/A",New,Subject_ljydt,"#N/A","#N/A","#N/A","#N/A","#N/A"
ae9cad22-4ede-428d-b5de-a88ba5fc2dd4,"#N/A","#N/A",false,Web,"#N/A","#N/A",Medium,"#N/A",New,Subject_nevoe,"#N/A","#N/A","#N/A","#N/A","#N/A"
ae9cbf7a-690c-4f83-8727-1fa521a9b959,"#N/A","#N/A",false,Web,"#N/A","#N/A",Medium,"#N/A",New,Subject_ssitw,"#N/A","#N/A","#N/A","#N/A","#N/A"
ae9e1cec-4b2b-404c-9141-7e2b2013b770,"#N/A","#N/A",false,Web,"#N/A","#N/A",Medium,"#N/A",New,Subject_rbhjd,"#N/A","#N/A","#N/A","#N/A","#N/A"
aea42970-6070-4627-b380-8ceb57c77247,"#N/A","#N/A",false,Web,"#N/A","#N/A",Medium,"#N/A",New,Subject_pxihe,"#N/A","#N/A","#N/A","#N/A","#N/A"
aea4b730-593f-4735-b47c-e6889c3d107e,"#N/A","#N/A",false,Web,"#N/A","#N/A",Medium,"#N/A",New,Subject_xhbxx,"#N/A","#N/A","#N/A","#N/A","#N/A"
aea50912-93e9-428b-9a7c-41c482611ac7,"#N/A","#N/A",false,Web,"#N/A","#N/A",Medium,"#N/A",New,Subject_wzfcu,"#N/A","#N/A","#N/A","#N/A","#N/A"
aea5f214-9b37-4339-aef5-4576308b985f,"#N/A","#N/A",false,Web,"#N/A","#N/A",Medium,"#N/A",New,Subject_wrlge,"#N/A","#N/A","#N/A","#N/A","#N/A"
aea8bdc0-3293-44c0-91dc-09709f60b853,"#N/A","#N/A",false,Web,"#N/A","#N/A",Medium,"#N/A",New,Subject_tlctw,"#N/A","#N/A","#N/A","#N/A","#N/A"
aeabe01e-4ee0-492d-9c39-85b9e83bd7f3,"#N/A","#N/A",false,Web,"#N/A","#N/A",Medium,"#N/A",New,Subject_prybq,"#N/A","#N/A","#N/A","#N/A","#N/A"
aeb07956-40af-4991-b3e1-b34a9877ffdb,"#N/A","#N/A",false,Web,"#N/A","#N/A",Medium,"#N/A",New,Subject_kagmo,"#N/A","#N/A","#N/A","#N/A","#N/A"
aeb3177e-9310-4917-bec5-a9adfffca73d,"#N/A","#N/A",false,Web,"#N/A","#N/A",Medium,"#N/A",New,Subject_kgmdy,"#N/A","#N/A","#N/A","#N/A","#N/A"
aeb61c93-4a86-429b-a291-36f4067314db,"#N/A","#N/A",false,Web,"#N/A","#N/A",Medium,"#N/A",New,Subject_xyism,"#N/A","#N/A","#N/A","#N/A","#N/A"
aeb6c690-7a0a-445b-97a6-89b7a1fdb22c,"#N/A","#N/A",false,Web,"#N/A","#N/A",Medium,"#N/A",New,Subject_kcfzr,"#N/A","#N/A","#N/A","#N/A","#N/A"
aebb5075-6edf-4f98-8a86-3e4f9eadf11f,"#N/A","#N/A",false,Web,"#N/A","#N/A",Medium,"#N/A",New,Subject_xiowj,"#N/A","#N/A","#N/A","#N/A","#N/A"
aec36bc8-3ddc-4926-8b96-099869a5fe10,"#N/A","#N/A",false,Web,"#N/A","#N/A",Medium,"#N/A",New,Subject_mwepp,"#N/A","#N/A","#N/A","#N/A","#N/A"
aecc1c44-f05d-4699-bf5b-0757e9582289,"#N/A","#N/A",false,Web,"#N/A","#N/A",Medium,"#N/A",New,Subject_ilbsm,"#N/A","#N/A","#N/A","#N/A","#N/A"
aecc6fa6-bb81-4601-ba80-41644845805d,"#N/A","#N/A",false,Web,"#N/A","#N/A",Medium,"#N/A",New,Subject_fyqkq,"#N/A","#N/A","#N/A","#N/A","#N/A"
aecfca37-0b40-4f6d-aed1-cc5945ae0d5b,"#N/A","#N/A",false,Web,"#N/A","#N/A",Medium,"#N/A",New,Subject_ukoxc,"#N/A","#N/A","#N/A","#N/A","#N/A"
aed363b9-e29d-42ee-b0ea-b88d6ceff12c,"#N/A","#N/A",false,Web,"#N/A","#N/A",Medium,"#N/A",New,Subject_yttvp,"#N/A","#N/A","#N/A","#N/A","#N/A"
aed5bca6-662a-4701-aea1-7badcf073666,"#N/A","#N/A",false,Web,"#N/A","#N/A",Medium,"#N/A",New,Subject_xqjfi,"#N/A","#N/A","#N/A","#N/A","#N/A"
aed931e5-d668-4859-a20b-69db45ac3588,"#N/A","#N/A",false,Web,"#N/A","#N/A",Medium,"#N/A",New,Subject_witnk,"#N/A","#N/A","#N/A","#N/A","#N/A"
aedb425f-10f5-4d8c-a63b-7613d32cc8b8,"#N/A","#N/A",false,Web,"#N/A","#N/A",Medium,"#N/A",New,Subject_mwepp,"#N/A","#N/A","#N/A","#N/A","#N/A"
aedc09cc-b38b-45c1-b46c-0ed9048bd608,"#N/A","#N/A",false,Web,"#N/A","#N/A",Medium,"#N/A",New,Subject_bjrrr,"#N/A","#N/A","#N/A","#N/A","#N/A"
aedeb36b-59cc-406b-a6f1-7ab21c62037e,"#N/A","#N/A",false,Web,"#N/A","#N/A",Medium,"#N/A",New,Subject_hntgz,"#N/A","#N/A","#N/A","#N/A","#N/A"
aee10cd3-66f3-464e-8bd1-90fdc6f85809,"#N/A","#N/A",false,Web,"#N/A","#N/A",Medium,"#N/A",New,Subject_ouprc,"#N/A","#N/A","#N/A","#N/A","#N/A"
aee15180-7610-42d3-80d5-c37cba2f2a85,"#N/A","#N/A",false,Web,"#N/A","#N/A",Medium,"#N/A",New,Subject_nxfja,"#N/A","#N/A","#N/A","#N/A","#N/A"
aee3f331-f283-49a1-be96-3b9d781d34fa,"#N/A","#N/A",false,Web,"#N/A","#N/A",Medium,"#N/A",New,Subject_rfpym,"#N/A","#N/A","#N/A","#N/A","#N/A"
aee55927-a105-4f94-af69-54cd89618362,"#N/A","#N/A",false,Web,"#N/A","#N/A",Medium,"#N/A",New,Subject_dguml,"#N/A","#N/A","#N/A","#N/A","#N/A"
aee56b33-2738-4b9e-854a-3d6783d1cf99,"#N/A","#N/A",false,Web,"#N/A","#N/A",Medium,"#N/A",New,Subject_rsbpb,"#N/A","#N/A","#N/A","#N/A","#N/A"
aee82910-2e93-4953-a416-582e25040164,"#N/A","#N/A",false,Web,"#N/A","#N/A",Medium,"#N/A",New,Subject_pfyvl,"#N/A","#N/A","#N/A","#N/A","#N/A"
aee83734-9f5f-4c32-80fa-2b0034a66095,"#N/A","#N/A",false,Web,"#N/A","#N/A",Medium,"#N/A",New,Subject_wiahd,"#N/A","#N/A","#N/A","#N/A","#N/A"
aee9a898-3dcb-4343-b26e-ace4e072da14,"#N/A","#N/A",false,Web,"#N/A","#N/A",Medium,"#N/A",New,Subject_uwzai,"#N/A","#N/A","#N/A","#N/A","#N/A"
aeeb4f17-9b47-430a-8260-dc598742985a,"#N/A","#N/A",false,Web,"#N/A","#N/A",Medium,"#N/A",New,Subject_cgkki,"#N/A","#N/A","#N/A","#N/A","#N/A"
aeec902c-d939-4ff8-b137-a55a454791aa,"#N/A","#N/A",false,Web,"#N/A","#N/A",Medium,"#N/A",New,Subject_kttro,"#N/A","#N/A","#N/A","#N/A","#N/A"
aeedafc0-a5bc-44cc-8a5d-8ee8e5550d96,"#N/A","#N/A",false,Web,"#N/A","#N/A",Medium,"#N/A",New,Subject_apviw,"#N/A","#N/A","#N/A","#N/A","#N/A"
aef03469-ca29-4d45-83d5-9f1ccc912eb6,"#N/A","#N/A",false,Web,"#N/A","#N/A",Medium,"#N/A",New,Subject_awutr,"#N/A","#N/A","#N/A","#N/A","#N/A"
aef0ccfb-1cd4-4b05-9749-f6ed329d9955,"#N/A","#N/A",false,Web,"#N/A","#N/A",Medium,"#N/A",New,Subject_bjhxz,"#N/A","#N/A","#N/A","#N/A","#N/A"
aef56efa-75ee-489d-80af-0b2a69e77821,"#N/A","#N/A",false,Web,"#N/A","#N/A",Medium,"#N/A",New,Subject_jqmbc,"#N/A","#N/A","#N/A","#N/A","#N/A"
aef6cbfb-efc6-4ac9-a291-085395a14e12,"#N/A","#N/A",false,Web,"#N/A","#N/A",Medium,"#N/A",New,Subject_naobz,"#N/A","#N/A","#N/A","#N/A","#N/A"
aefcc19a-86f6-4492-af0f-97749a138a35,"#N/A","#N/A",false,Web,"#N/A","#N/A",Medium,"#N/A",New,Subject_mvcvy,"#N/A","#N/A","#N/A","#N/A","#N/A"
aefeab97-2b56-48fe-9105-4710dae5f804,"#N/A","#N/A",false,Web,"#N/A","#N/A",Medium,"#N/A",New,Subject_xogmz,"#N/A","#N/A","#N/A","#N/A","#N/A"
aeff8f71-21b4-4653-959e-8e31d311491a,"#N/A","#N/A",false,Web,"#N/A","#N/A",Medium,"#N/A",New,Subject_mzigs,"#N/A","#N/A","#N/A","#N/A","#N/A"
af00d58b-2ca4-4e4e-b555-bf311e6af6c9,"#N/A","#N/A",false,Web,"#N/A","#N/A",Medium,"#N/A",New,Subject_urtto,"#N/A","#N/A","#N/A","#N/A","#N/A"
af0216ae-9c25-44b8-9bf1-82f536f3e85f,"#N/A","#N/A",false,Web,"#N/A","#N/A",Medium,"#N/A",New,Subject_eigfk,"#N/A","#N/A","#N/A","#N/A","#N/A"
af028c48-5ff9-4a86-b143-f7a6f6a474f8,"#N/A","#N/A",false,Web,"#N/A","#N/A",Medium,"#N/A",New,Subject_mggxa,"#N/A","#N/A","#N/A","#N/A","#N/A"
af02c2f7-6a3e-4816-abc6-22553ff553a4,"#N/A","#N/A",false,Web,"#N/A","#N/A",Medium,"#N/A",New,Subject_tihps,"#N/A","#N/A","#N/A","#N/A","#N/A"
af0324a6-22c7-42b2-8ff4-61e719290326,"#N/A","#N/A",false,Web,"#N/A","#N/A",Medium,"#N/A",New,Subject_mxcdj,"#N/A","#N/A","#N/A","#N/A","#N/A"
af069da1-adc7-41d2-a1d3-9f6eb822825d,"#N/A","#N/A",false,Web,"#N/A","#N/A",Medium,"#N/A",New,Subject_vvbch,"#N/A","#N/A","#N/A","#N/A","#N/A"
af07991c-e461-4084-8ea1-f1037753adbb,"#N/A","#N/A",false,Web,"#N/A","#N/A",Medium,"#N/A",New,Subject_xsksp,"#N/A","#N/A","#N/A","#N/A","#N/A"
af089762-c195-46e6-bd16-b8d519e87c1b,"#N/A","#N/A",false,Web,"#N/A","#N/A",Medium,"#N/A",New,Subject_axoaz,"#N/A","#N/A","#N/A","#N/A","#N/A"
af0a5951-f061-4a2f-a9ec-afa44c2b7009,"#N/A","#N/A",false,Web,"#N/A","#N/A",Medium,"#N/A",New,Subject_dhcoa,"#N/A","#N/A","#N/A","#N/A","#N/A"
af0b6425-097a-4c89-8914-a728c38b4fb1,"#N/A","#N/A",false,Web,"#N/A","#N/A",Medium,"#N/A",New,Subject_hwnxs,"#N/A","#N/A","#N/A","#N/A","#N/A"
af0bf460-20a4-4c8c-8b72-711b3763f22e,"#N/A","#N/A",false,Web,"#N/A","#N/A",Medium,"#N/A",New,Subject_fpion,"#N/A","#N/A","#N/A","#N/A","#N/A"
af0f5d10-ec46-46fd-9532-890b91033790,"#N/A","#N/A",false,Web,"#N/A","#N/A",Medium,"#N/A",New,Subject_lvcdr,"#N/A","#N/A","#N/A","#N/A","#N/A"
af0f8115-df8c-49fc-a39e-0a0dd3cdbe4e,"#N/A","#N/A",false,Web,"#N/A","#N/A",Medium,"#N/A",New,Subject_kydbe,"#N/A","#N/A","#N/A","#N/A","#N/A"
af1049f7-3b11-43a4-a66d-7be063b7a122,"#N/A","#N/A",false,Web,"#N/A","#N/A",Medium,"#N/A",New,Subject_gnanq,"#N/A","#N/A","#N/A","#N/A","#N/A"
af11e0c2-4958-4117-b173-aa049dbb2b45,"#N/A","#N/A",false,Web,"#N/A","#N/A",Medium,"#N/A",New,Subject_ofruy,"#N/A","#N/A","#N/A","#N/A","#N/A"
af16e776-bfb2-4f02-9d97-c9530b9ab67e,"#N/A","#N/A",false,Web,"#N/A","#N/A",Medium,"#N/A",New,Subject_xokec,"#N/A","#N/A","#N/A","#N/A","#N/A"
af17062a-c6e2-4495-b9de-5e6fac52af54,"#N/A","#N/A",false,Web,"#N/A","#N/A",Medium,"#N/A",New,Subject_syjop,"#N/A","#N/A","#N/A","#N/A","#N/A"
af17603d-514d-41fc-828e-42ab9b29b8eb,"#N/A","#N/A",false,Web,"#N/A","#N/A",Medium,"#N/A",New,Subject_iwggf,"#N/A","#N/A","#N/A","#N/A","#N/A"
af18526a-459d-4945-8e62-224032c5d51d,"#N/A","#N/A",false,Web,"#N/A","#N/A",Medium,"#N/A",New,Subject_yjpwj,"#N/A","#N/A","#N/A","#N/A","#N/A"
af2146a1-7395-4ec6-8f86-6deef9f034b5,"#N/A","#N/A",false,Web,"#N/A","#N/A",Medium,"#N/A",New,Subject_phdsx,"#N/A","#N/A","#N/A","#N/A","#N/A"
af21706e-ac40-4f02-8c43-8294544fe260,"#N/A","#N/A",false,Web,"#N/A","#N/A",Medium,"#N/A",New,Subject_thmtw,"#N/A","#N/A","#N/A","#N/A","#N/A"
af25b64d-3c9c-4881-921c-17166603c9f4,"#N/A","#N/A",false,Web,"#N/A","#N/A",Medium,"#N/A",New,Subject_fkwxn,"#N/A","#N/A","#N/A","#N/A","#N/A"
af2686b8-aba7-46e8-8261-c8d357f0d149,"#N/A","#N/A",false,Web,"#N/A","#N/A",Medium,"#N/A",New,Subject_csstw,"#N/A","#N/A","#N/A","#N/A","#N/A"
af2d1466-34c1-413d-bfee-a6bbe0c2186c,"#N/A","#N/A",false,Web,"#N/A","#N/A",Medium,"#N/A",New,Subject_loncg,"#N/A","#N/A","#N/A","#N/A","#N/A"
af2d4ae7-3ca5-4ac3-8e14-5efcabd1c68b,"#N/A","#N/A",false,Web,"#N/A","#N/A",Medium,"#N/A",New,Subject_qogpe,"#N/A","#N/A","#N/A","#N/A","#N/A"
af2e0261-1999-468e-ae22-b2201ea940b7,"#N/A","#N/A",false,Web,"#N/A","#N/A",Medium,"#N/A",New,Subject_rpggp,"#N/A","#N/A","#N/A","#N/A","#N/A"
af304eec-1297-48fa-a85d-3af013ed24f3,"#N/A","#N/A",false,Web,"#N/A","#N/A",Medium,"#N/A",New,Subject_bmuuj,"#N/A","#N/A","#N/A","#N/A","#N/A"
af311f64-bd0a-4ed2-b3b0-d23a2c984ae4,"#N/A","#N/A",false,Web,"#N/A","#N/A",Medium,"#N/A",New,Subject_vgiya,"#N/A","#N/A","#N/A","#N/A","#N/A"
af38149a-a38f-4dce-9402-8e5ff670d7d9,"#N/A","#N/A",false,Web,"#N/A","#N/A",Medium,"#N/A",New,Subject_rprys,"#N/A","#N/A","#N/A","#N/A","#N/A"
af3f20c8-ad3d-43bb-9daf-cab81c8221bf,"#N/A","#N/A",false,Web,"#N/A","#N/A",Medium,"#N/A",New,Subject_ujxbr,"#N/A","#N/A","#N/A","#N/A","#N/A"
af3ff512-7df3-476e-bf98-4f4e8a7e76c2,"#N/A","#N/A",false,Web,"#N/A","#N/A",Medium,"#N/A",New,Subject_gmvbr,"#N/A","#N/A","#N/A","#N/A","#N/A"
af4113fb-c8cf-4b91-a4e7-b5d49db506b9,"#N/A","#N/A",false,Web,"#N/A","#N/A",Medium,"#N/A",New,Subject_pvczo,"#N/A","#N/A","#N/A","#N/A","#N/A"
af41e026-e25e-4182-82c3-6d81af98c51a,"#N/A","#N/A",false,Web,"#N/A","#N/A",Medium,"#N/A",New,Subject_zqqqe,"#N/A","#N/A","#N/A","#N/A","#N/A"
af43f492-7aaa-4973-a0be-f01d08c91aea,"#N/A","#N/A",false,Web,"#N/A","#N/A",Medium,"#N/A",New,Subject_nlvvp,"#N/A","#N/A","#N/A","#N/A","#N/A"
af463912-43b2-4aed-a364-1c116fb436a6,"#N/A","#N/A",false,Web,"#N/A","#N/A",Medium,"#N/A",New,Subject_bealo,"#N/A","#N/A","#N/A","#N/A","#N/A"
af492a2b-fc21-4cbb-828a-900fdecc73cb,"#N/A","#N/A",false,Web,"#N/A","#N/A",Medium,"#N/A",New,Subject_nuegr,"#N/A","#N/A","#N/A","#N/A","#N/A"
af4cd99b-9d1c-414e-b4ee-da9e947fffd3,"#N/A","#N/A",false,Web,"#N/A","#N/A",Medium,"#N/A",New,Subject_htvgo,"#N/A","#N/A","#N/A","#N/A","#N/A"
af559b49-2e4e-4f1b-bee6-a3d13772d467,"#N/A","#N/A",false,Web,"#N/A","#N/A",Medium,"#N/A",New,Subject_iwrqr,"#N/A","#N/A","#N/A","#N/A","#N/A"
af5897ef-9d62-4bc0-abd7-fa4462282307,"#N/A","#N/A",false,Web,"#N/A","#N/A",Medium,"#N/A",New,Subject_osebg,"#N/A","#N/A","#N/A","#N/A","#N/A"
af5af5b6-6c59-43f2-9393-2882ce254d95,"#N/A","#N/A",false,Web,"#N/A","#N/A",Medium,"#N/A",New,Subject_chlhy,"#N/A","#N/A","#N/A","#N/A","#N/A"
af607ec0-76e0-4dcb-808a-fc161f3283b5,"#N/A","#N/A",false,Web,"#N/A","#N/A",Medium,"#N/A",New,Subject_utkpr,"#N/A","#N/A","#N/A","#N/A","#N/A"
af64de18-dd16-429e-abef-2f3a66402273,"#N/A","#N/A",false,Web,"#N/A","#N/A",Medium,"#N/A",New,Subject_dmzki,"#N/A","#N/A","#N/A","#N/A","#N/A"
af652ffb-e843-41f1-995f-644d4888fe39,"#N/A","#N/A",false,Web,"#N/A","#N/A",Medium,"#N/A",New,Subject_luser,"#N/A","#N/A","#N/A","#N/A","#N/A"
af686cd5-d0a4-49f1-99de-76cfa5edbaed,"#N/A","#N/A",false,Web,"#N/A","#N/A",Medium,"#N/A",New,Subject_cplfo,"#N/A","#N/A","#N/A","#N/A","#N/A"
af69432c-8971-4f43-a1e8-a3fc1d54fe84,"#N/A","#N/A",false,Web,"#N/A","#N/A",Medium,"#N/A",New,Subject_lxnxs,"#N/A","#N/A","#N/A","#N/A","#N/A"
af6c458d-1d87-4bf1-b912-75d9e90e01be,"#N/A","#N/A",false,Web,"#N/A","#N/A",Medium,"#N/A",New,Subject_gdxzy,"#N/A","#N/A","#N/A","#N/A","#N/A"
af6e5705-3b12-4114-963c-450e05f52db5,"#N/A","#N/A",false,Web,"#N/A","#N/A",Medium,"#N/A",New,Subject_jnyyi,"#N/A","#N/A","#N/A","#N/A","#N/A"
af75a37c-440b-4b57-a573-43b699ed912c,"#N/A","#N/A",false,Web,"#N/A","#N/A",Medium,"#N/A",New,Subject_dehlq,"#N/A","#N/A","#N/A","#N/A","#N/A"
af7862fa-0428-41fc-83f9-ec85e24b4e7b,"#N/A","#N/A",false,Web,"#N/A","#N/A",Medium,"#N/A",New,Subject_ghllm,"#N/A","#N/A","#N/A","#N/A","#N/A"
af7d22a3-6674-4f12-8c7b-f95fa6d681c0,"#N/A","#N/A",false,Web,"#N/A","#N/A",Medium,"#N/A",New,Subject_ibsvi,"#N/A","#N/A","#N/A","#N/A","#N/A"
af7dd15a-fddc-4e9c-9c56-8743dfeb4c6f,"#N/A","#N/A",false,Web,"#N/A","#N/A",Medium,"#N/A",New,Subject_qfbrs,"#N/A","#N/A","#N/A","#N/A","#N/A"
af7f4671-6fdf-455d-b8a6-6b779609885e,"#N/A","#N/A",false,Web,"#N/A","#N/A",Medium,"#N/A",New,Subject_xixfo,"#N/A","#N/A","#N/A","#N/A","#N/A"
af7fbe1c-d64b-45ad-9a36-86e1a2058c4f,"#N/A","#N/A",false,Web,"#N/A","#N/A",Medium,"#N/A",New,Subject_nfakl,"#N/A","#N/A","#N/A","#N/A","#N/A"
af825d14-69c8-4fb2-9379-42470eb108bb,"#N/A","#N/A",false,Web,"#N/A","#N/A",Medium,"#N/A",New,Subject_jxppm,"#N/A","#N/A","#N/A","#N/A","#N/A"
af8530a3-43bc-43b7-97d2-7f1f3e39afc8,"#N/A","#N/A",false,Web,"#N/A","#N/A",Medium,"#N/A",New,Subject_vkcxz,"#N/A","#N/A","#N/A","#N/A","#N/A"
af85bee1-eceb-4ac4-b811-ae6e2b159bf1,"#N/A","#N/A",false,Web,"#N/A","#N/A",Medium,"#N/A",New,Subject_mrqdn,"#N/A","#N/A","#N/A","#N/A","#N/A"
af8678a4-4f08-44b3-b09c-1d55494f8fa9,"#N/A","#N/A",false,Web,"#N/A","#N/A",Medium,"#N/A",New,Subject_eygzj,"#N/A","#N/A","#N/A","#N/A","#N/A"
af8719e7-0a1c-4928-8a3c-92dd1314d719,"#N/A","#N/A",false,Web,"#N/A","#N/A",Medium,"#N/A",New,Subject_cbbix,"#N/A","#N/A","#N/A","#N/A","#N/A"
af896131-0ee4-4629-acf9-b695b1db21da,"#N/A","#N/A",false,Web,"#N/A","#N/A",Medium,"#N/A",New,Subject_cduiv,"#N/A","#N/A","#N/A","#N/A","#N/A"
af8a9337-6053-4a91-b19f-7151012cc980,"#N/A","#N/A",false,Web,"#N/A","#N/A",Medium,"#N/A",New,Subject_aafzw,"#N/A","#N/A","#N/A","#N/A","#N/A"
af8a944c-2fb4-44f2-8534-9e9f54b388a1,"#N/A","#N/A",false,Web,"#N/A","#N/A",Medium,"#N/A",New,Subject_owpft,"#N/A","#N/A","#N/A","#N/A","#N/A"
af9231ad-5934-4bd9-8aa0-c2e2de6a8bc7,"#N/A","#N/A",false,Web,"#N/A","#N/A",Medium,"#N/A",New,Subject_bvncu,"#N/A","#N/A","#N/A","#N/A","#N/A"
af92c606-c4cd-4152-a3ae-7f67a7e0f5c8,"#N/A","#N/A",false,Web,"#N/A","#N/A",Medium,"#N/A",New,Subject_lhkay,"#N/A","#N/A","#N/A","#N/A","#N/A"
af971e8e-ee66-49ba-936b-871a2c3f7556,"#N/A","#N/A",false,Web,"#N/A","#N/A",Medium,"#N/A",New,Subject_ytmsv,"#N/A","#N/A","#N/A","#N/A","#N/A"
af9ab71f-9128-41a1-ac54-6ce79bf42651,"#N/A","#N/A",false,Web,"#N/A","#N/A",Medium,"#N/A",New,Subject_fbijj,"#N/A","#N/A","#N/A","#N/A","#N/A"
af9dfcc8-d955-4f1e-8a68-c612638d3e5d,"#N/A","#N/A",false,Web,"#N/A","#N/A",Medium,"#N/A",New,Subject_qahds,"#N/A","#N/A","#N/A","#N/A","#N/A"
afa79eb4-956e-410b-b15f-0898d9ea505f,"#N/A","#N/A",false,Web,"#N/A","#N/A",Medium,"#N/A",New,Subject_hpefn,"#N/A","#N/A","#N/A","#N/A","#N/A"
afaa4445-836c-4f51-89ba-2468de2f67a7,"#N/A","#N/A",false,Web,"#N/A","#N/A",Medium,"#N/A",New,Subject_lvrye,"#N/A","#N/A","#N/A","#N/A","#N/A"
afac97be-af95-4611-b6ac-4d2a26fbcdbf,"#N/A","#N/A",false,Web,"#N/A","#N/A",Medium,"#N/A",New,Subject_jhqqx,"#N/A","#N/A","#N/A","#N/A","#N/A"
afaf3f2d-4f49-4170-a152-ee75d619f82c,"#N/A","#N/A",false,Web,"#N/A","#N/A",Medium,"#N/A",New,Subject_vkorn,"#N/A","#N/A","#N/A","#N/A","#N/A"
afb17dfb-4ba1-4a6e-9fbc-e5358f013fda,"#N/A","#N/A",false,Web,"#N/A","#N/A",Medium,"#N/A",New,Subject_epvko,"#N/A","#N/A","#N/A","#N/A","#N/A"
afb18dd6-3a04-4956-a87a-d9601a2d87e7,"#N/A","#N/A",false,Web,"#N/A","#N/A",Medium,"#N/A",New,Subject_aznmf,"#N/A","#N/A","#N/A","#N/A","#N/A"
afb1b164-3760-46e7-b125-765a108792bc,"#N/A","#N/A",false,Web,"#N/A","#N/A",Medium,"#N/A",New,Subject_kqwyp,"#N/A","#N/A","#N/A","#N/A","#N/A"
afb228cc-8171-40d9-94e1-eb3073aec8cc,"#N/A","#N/A",false,Web,"#N/A","#N/A",Medium,"#N/A",New,Subject_mixae,"#N/A","#N/A","#N/A","#N/A","#N/A"
afb3c94c-6576-4793-853a-6805090286bd,"#N/A","#N/A",false,Web,"#N/A","#N/A",Medium,"#N/A",New,Subject_ddjnq,"#N/A","#N/A","#N/A","#N/A","#N/A"
afb5572d-574e-4b8c-9805-b12a7d19b6e4,"#N/A","#N/A",false,Web,"#N/A","#N/A",Medium,"#N/A",New,Subject_pffkj,"#N/A","#N/A","#N/A","#N/A","#N/A"
afba6329-2a16-415b-b8de-d0464d29e232,"#N/A","#N/A",false,Web,"#N/A","#N/A",Medium,"#N/A",New,Subject_mvurc,"#N/A","#N/A","#N/A","#N/A","#N/A"
afba64dd-7eb7-4a72-876c-5c0b43014ea2,"#N/A","#N/A",false,Web,"#N/A","#N/A",Medium,"#N/A",New,Subject_uverb,"#N/A","#N/A","#N/A","#N/A","#N/A"
afbc6f50-3e87-43f9-9272-44d6e665fef0,"#N/A","#N/A",false,Web,"#N/A","#N/A",Medium,"#N/A",New,Subject_rhrzy,"#N/A","#N/A","#N/A","#N/A","#N/A"
afbcd1c9-332b-47b4-a1d9-b56ee861d98e,"#N/A","#N/A",false,Web,"#N/A","#N/A",Medium,"#N/A",New,Subject_babfk,"#N/A","#N/A","#N/A","#N/A","#N/A"
afbe703f-f7a1-415a-9cb6-4467a5c9e063,"#N/A","#N/A",false,Web,"#N/A","#N/A",Medium,"#N/A",New,Subject_uzhib,"#N/A","#N/A","#N/A","#N/A","#N/A"
afbf2356-954f-4fb1-9633-f17aa9fb62dd,"#N/A","#N/A",false,Web,"#N/A","#N/A",Medium,"#N/A",New,Subject_jiljn,"#N/A","#N/A","#N/A","#N/A","#N/A"
afc2556f-7ba7-463d-aea2-f5c851054a64,"#N/A","#N/A",false,Web,"#N/A","#N/A",Medium,"#N/A",New,Subject_pgaqn,"#N/A","#N/A","#N/A","#N/A","#N/A"
afc30983-bc94-4d93-9199-37829405955d,"#N/A","#N/A",false,Web,"#N/A","#N/A",Medium,"#N/A",New,Subject_hxgwd,"#N/A","#N/A","#N/A","#N/A","#N/A"
afc336d0-bee9-4785-b4a9-43154da12cdf,"#N/A","#N/A",false,Web,"#N/A","#N/A",Medium,"#N/A",New,Subject_bbhst,"#N/A","#N/A","#N/A","#N/A","#N/A"
afc60869-a41d-466c-96d4-96b402e791de,"#N/A","#N/A",false,Web,"#N/A","#N/A",Medium,"#N/A",New,Subject_dkbif,"#N/A","#N/A","#N/A","#N/A","#N/A"
afc69c7e-0026-4839-b931-3325fe12d2f0,"#N/A","#N/A",false,Web,"#N/A","#N/A",Medium,"#N/A",New,Subject_cbgko,"#N/A","#N/A","#N/A","#N/A","#N/A"
afc6cce5-d996-413c-9cfc-5218189f492a,"#N/A","#N/A",false,Web,"#N/A","#N/A",Medium,"#N/A",New,Subject_wlytl,"#N/A","#N/A","#N/A","#N/A","#N/A"
afc8b0eb-56f3-4770-a3b6-9da0ef3c8ad7,"#N/A","#N/A",false,Web,"#N/A","#N/A",Medium,"#N/A",New,Subject_yatiz,"#N/A","#N/A","#N/A","#N/A","#N/A"
afc9b610-aeff-485a-affb-01733d206b2e,"#N/A","#N/A",false,Web,"#N/A","#N/A",Medium,"#N/A",New,Subject_kjeda,"#N/A","#N/A","#N/A","#N/A","#N/A"
afcb5b46-cc26-4ecb-8730-c4b7bba55353,"#N/A","#N/A",false,Web,"#N/A","#N/A",Medium,"#N/A",New,Subject_xojkw,"#N/A","#N/A","#N/A","#N/A","#N/A"
afd2119c-d59d-49bd-ac8f-2b1e61473ba4,"#N/A","#N/A",false,Web,"#N/A","#N/A",Medium,"#N/A",New,Subject_hgseh,"#N/A","#N/A","#N/A","#N/A","#N/A"
afd4a93b-e2c1-450b-9cff-e8800fd07146,"#N/A","#N/A",false,Web,"#N/A","#N/A",Medium,"#N/A",New,Subject_gntsz,"#N/A","#N/A","#N/A","#N/A","#N/A"
afda5d49-0b27-4f39-9768-73ef89cbadb2,"#N/A","#N/A",false,Web,"#N/A","#N/A",Medium,"#N/A",New,Subject_hfehy,"#N/A","#N/A","#N/A","#N/A","#N/A"
afdb09a0-422c-4c28-970f-867d0829d73c,"#N/A","#N/A",false,Web,"#N/A","#N/A",Medium,"#N/A",New,Subject_sbwjn,"#N/A","#N/A","#N/A","#N/A","#N/A"
afdbd9d8-1472-4330-82ce-fa20b315c409,"#N/A","#N/A",false,Web,"#N/A","#N/A",Medium,"#N/A",New,Subject_xeqgz,"#N/A","#N/A","#N/A","#N/A","#N/A"
afddf24a-e13a-4127-857a-3e2eb8e478a0,"#N/A","#N/A",false,Web,"#N/A","#N/A",Medium,"#N/A",New,Subject_zlodf,"#N/A","#N/A","#N/A","#N/A","#N/A"
afdeaf79-fa8e-4b4c-b5a3-44d470b0807e,"#N/A","#N/A",false,Web,"#N/A","#N/A",Medium,"#N/A",New,Subject_fofuf,"#N/A","#N/A","#N/A","#N/A","#N/A"
afe27bfc-e3b2-4f93-acc6-1132265420c7,"#N/A","#N/A",false,Web,"#N/A","#N/A",Medium,"#N/A",New,Subject_mgima,"#N/A","#N/A","#N/A","#N/A","#N/A"
afe366d8-cb1f-4999-8c0c-f4de83119752,"#N/A","#N/A",false,Web,"#N/A","#N/A",Medium,"#N/A",New,Subject_epgrf,"#N/A","#N/A","#N/A","#N/A","#N/A"
afe36d6c-15e8-406f-9886-038472846e9d,"#N/A","#N/A",false,Web,"#N/A","#N/A",Medium,"#N/A",New,Subject_pxxod,"#N/A","#N/A","#N/A","#N/A","#N/A"
afe4c308-6c59-4d1d-9379-4907d07cca4b,"#N/A","#N/A",false,Web,"#N/A","#N/A",Medium,"#N/A",New,Subject_qicyv,"#N/A","#N/A","#N/A","#N/A","#N/A"
afe5029a-3a79-4c61-82bb-0645deb908d6,"#N/A","#N/A",false,Web,"#N/A","#N/A",Medium,"#N/A",New,Subject_gwqaa,"#N/A","#N/A","#N/A","#N/A","#N/A"
afe97be7-0335-4503-b320-3b7de052d5b2,"#N/A","#N/A",false,Web,"#N/A","#N/A",Medium,"#N/A",New,Subject_lymss,"#N/A","#N/A","#N/A","#N/A","#N/A"
afeb1de1-8b34-4588-9a01-dd6dcda82c9b,"#N/A","#N/A",false,Web,"#N/A","#N/A",Medium,"#N/A",New,Subject_drttp,"#N/A","#N/A","#N/A","#N/A","#N/A"
aff356b9-6c31-430e-925d-e9a0d2036bf4,"#N/A","#N/A",false,Web,"#N/A","#N/A",Medium,"#N/A",New,Subject_aigdl,"#N/A","#N/A","#N/A","#N/A","#N/A"
aff6afb7-0ce6-4655-8186-4e50f3055b5f,"#N/A","#N/A",false,Web,"#N/A","#N/A",Medium,"#N/A",New,Subject_nnzap,"#N/A","#N/A","#N/A","#N/A","#N/A"
aff6b624-06e8-42e0-afe9-9405387ffb31,"#N/A","#N/A",false,Web,"#N/A","#N/A",Medium,"#N/A",New,Subject_tiycl,"#N/A","#N/A","#N/A","#N/A","#N/A"
aff6f31f-a6c1-40b2-bd78-d7b2f77c9add,"#N/A","#N/A",false,Web,"#N/A","#N/A",Medium,"#N/A",New,Subject_kcwrq,"#N/A","#N/A","#N/A","#N/A","#N/A"
aff9f6aa-cbaf-419c-9240-6f39eb9b3965,"#N/A","#N/A",false,Web,"#N/A","#N/A",Medium,"#N/A",New,Subject_jcblt,"#N/A","#N/A","#N/A","#N/A","#N/A"
affc0f65-90b8-41e1-8af9-5b17c779c7a8,"#N/A","#N/A",false,Web,"#N/A","#N/A",Medium,"#N/A",New,Subject_awmwv,"#N/A","#N/A","#N/A","#N/A","#N/A"
affd59c7-07bd-48f1-aeb1-29be42f9b30e,"#N/A","#N/A",false,Web,"#N/A","#N/A",Medium,"#N/A",New,Subject_cglrt,"#N/A","#N/A","#N/A","#N/A","#N/A"
affe7e7d-3aca-45f8-adc5-9b9ac07fbc4a,"#N/A","#N/A",false,Web,"#N/A","#N/A",Medium,"#N/A",New,Subject_kryav,"#N/A","#N/A","#N/A","#N/A","#N/A"
affe8e47-1553-4a0d-a992-1fe557945521,"#N/A","#N/A",false,Web,"#N/A","#N/A",Medium,"#N/A",New,Subject_aekxi,"#N/A","#N/A","#N/A","#N/A","#N/A"
afffe702-a08f-481d-a304-f3bc05d5f504,"#N/A","#N/A",false,Web,"#N/A","#N/A",Medium,"#N/A",New,Subject_uobfs,"#N/A","#N/A","#N/A","#N/A","#N/A"
b005dacb-7f48-499b-8dc7-d1d14159c001,"#N/A","#N/A",false,Web,"#N/A","#N/A",Medium,"#N/A",New,Subject_upvfb,"#N/A","#N/A","#N/A","#N/A","#N/A"
b0074a7a-5eb1-4e71-bf5f-ed0eb064b464,"#N/A","#N/A",false,Web,"#N/A","#N/A",Medium,"#N/A",New,Subject_wfkoe,"#N/A","#N/A","#N/A","#N/A","#N/A"
b0081840-2855-4a8c-b08a-b358ee0308aa,"#N/A","#N/A",false,Web,"#N/A","#N/A",Medium,"#N/A",New,Subject_rjddv,"#N/A","#N/A","#N/A","#N/A","#N/A"
b00be314-45b9-4ade-a53f-586e6f1740e0,"#N/A","#N/A",false,Web,"#N/A","#N/A",Medium,"#N/A",New,Subject_asrgz,"#N/A","#N/A","#N/A","#N/A","#N/A"
b00d4219-d4e3-479c-9e1c-fadde9805d26,"#N/A","#N/A",false,Web,"#N/A","#N/A",Medium,"#N/A",New,Subject_jtdbk,"#N/A","#N/A","#N/A","#N/A","#N/A"
b00e81eb-8155-48c2-af7e-5b47bc4c4f95,"#N/A","#N/A",false,Web,"#N/A","#N/A",Medium,"#N/A",New,Subject_ymbin,"#N/A","#N/A","#N/A","#N/A","#N/A"
b015548e-5dfd-44a7-b87e-86c98201e435,"#N/A","#N/A",false,Web,"#N/A","#N/A",Medium,"#N/A",New,Subject_diktj,"#N/A","#N/A","#N/A","#N/A","#N/A"
b0196c1a-390a-4bc8-b37e-9dfda3a45576,"#N/A","#N/A",false,Web,"#N/A","#N/A",Medium,"#N/A",New,Subject_yfcfs,"#N/A","#N/A","#N/A","#N/A","#N/A"
b01a9cfc-df6c-4c0b-8871-b01e97213dbd,"#N/A","#N/A",false,Web,"#N/A","#N/A",Medium,"#N/A",New,Subject_lvzmb,"#N/A","#N/A","#N/A","#N/A","#N/A"
b01b4817-b1a6-41b9-aac2-d75563b76359,"#N/A","#N/A",false,Web,"#N/A","#N/A",Medium,"#N/A",New,Subject_obayx,"#N/A","#N/A","#N/A","#N/A","#N/A"
b01d4885-a0af-4fd3-a0c8-47f9d5ee2656,"#N/A","#N/A",false,Web,"#N/A","#N/A",Medium,"#N/A",New,Subject_hcugi,"#N/A","#N/A","#N/A","#N/A","#N/A"
b01d8a21-78d1-4e96-91bb-85820bc7d759,"#N/A","#N/A",false,Web,"#N/A","#N/A",Medium,"#N/A",New,Subject_penzc,"#N/A","#N/A","#N/A","#N/A","#N/A"
b021711d-8b20-4ed7-9e89-340e80c963ab,"#N/A","#N/A",false,Web,"#N/A","#N/A",Medium,"#N/A",New,Subject_anvwr,"#N/A","#N/A","#N/A","#N/A","#N/A"
b023adee-2529-481d-bde0-006e3a021f54,"#N/A","#N/A",false,Web,"#N/A","#N/A",Medium,"#N/A",New,Subject_sbzgo,"#N/A","#N/A","#N/A","#N/A","#N/A"
b0250235-8e35-4fc1-b8be-8056478af0bb,"#N/A","#N/A",false,Web,"#N/A","#N/A",Medium,"#N/A",New,Subject_zocoh,"#N/A","#N/A","#N/A","#N/A","#N/A"
b025aed2-07c0-44f8-8761-c54641f52e47,"#N/A","#N/A",false,Web,"#N/A","#N/A",Medium,"#N/A",New,Subject_qpegy,"#N/A","#N/A","#N/A","#N/A","#N/A"
b02b811c-0172-4e7d-af15-e56c899fdb55,"#N/A","#N/A",false,Web,"#N/A","#N/A",Medium,"#N/A",New,Subject_dirly,"#N/A","#N/A","#N/A","#N/A","#N/A"
b02d6575-2e35-4555-9d57-52947effb18c,"#N/A","#N/A",false,Web,"#N/A","#N/A",Medium,"#N/A",New,Subject_pponm,"#N/A","#N/A","#N/A","#N/A","#N/A"
b02e993d-ba89-44d0-b261-b7501e9f3550,"#N/A","#N/A",false,Web,"#N/A","#N/A",Medium,"#N/A",New,Subject_lfjge,"#N/A","#N/A","#N/A","#N/A","#N/A"
b02f1703-eb5b-4513-96ef-2c50f623b454,"#N/A","#N/A",false,Web,"#N/A","#N/A",Medium,"#N/A",New,Subject_ivank,"#N/A","#N/A","#N/A","#N/A","#N/A"
b036ebd9-e991-4157-ad33-36b0cb501e39,"#N/A","#N/A",false,Web,"#N/A","#N/A",Medium,"#N/A",New,Subject_gikxg,"#N/A","#N/A","#N/A","#N/A","#N/A"
b03a2325-ffb7-4f1b-8d0d-d642196c22cc,"#N/A","#N/A",false,Web,"#N/A","#N/A",Medium,"#N/A",New,Subject_isrrg,"#N/A","#N/A","#N/A","#N/A","#N/A"
b03ed5e0-4260-4847-8a23-bbc6af46990c,"#N/A","#N/A",false,Web,"#N/A","#N/A",Medium,"#N/A",New,Subject_deluh,"#N/A","#N/A","#N/A","#N/A","#N/A"
b03f6e2f-9b6c-4529-b4db-213c0034fd47,"#N/A","#N/A",false,Web,"#N/A","#N/A",Medium,"#N/A",New,Subject_avjbe,"#N/A","#N/A","#N/A","#N/A","#N/A"
b0406f9b-4701-4aaf-976a-9449baacd33f,"#N/A","#N/A",false,Web,"#N/A","#N/A",Medium,"#N/A",New,Subject_owofv,"#N/A","#N/A","#N/A","#N/A","#N/A"
b040b131-afd5-41fd-afe8-595fdae5fa04,"#N/A","#N/A",false,Web,"#N/A","#N/A",Medium,"#N/A",New,Subject_qstaa,"#N/A","#N/A","#N/A","#N/A","#N/A"
b043c150-acb5-4868-b39b-b697056b8b2f,"#N/A","#N/A",false,Web,"#N/A","#N/A",Medium,"#N/A",New,Subject_sejyp,"#N/A","#N/A","#N/A","#N/A","#N/A"
b0448aed-5c66-4511-98d4-ee98596442d4,"#N/A","#N/A",false,Web,"#N/A","#N/A",Medium,"#N/A",New,Subject_tjogy,"#N/A","#N/A","#N/A","#N/A","#N/A"
b044e800-72ac-44e4-a773-b64131db2dd0,"#N/A","#N/A",false,Web,"#N/A","#N/A",Medium,"#N/A",New,Subject_wvlun,"#N/A","#N/A","#N/A","#N/A","#N/A"
b048fee5-ecf6-41ce-bcc5-a11d032608b9,"#N/A","#N/A",false,Web,"#N/A","#N/A",Medium,"#N/A",New,Subject_clrfv,"#N/A","#N/A","#N/A","#N/A","#N/A"
b04f78a7-dec0-4f34-b168-6937a0f9c708,"#N/A","#N/A",false,Web,"#N/A","#N/A",Medium,"#N/A",New,Subject_spoiw,"#N/A","#N/A","#N/A","#N/A","#N/A"
b05154fb-058e-4fd3-8ace-55eca3035286,"#N/A","#N/A",false,Web,"#N/A","#N/A",Medium,"#N/A",New,Subject_ujcvf,"#N/A","#N/A","#N/A","#N/A","#N/A"
b052df79-f699-4771-942b-4b559b24d52e,"#N/A","#N/A",false,Web,"#N/A","#N/A",Medium,"#N/A",New,Subject_dvkaq,"#N/A","#N/A","#N/A","#N/A","#N/A"
b0537b9a-a130-43ad-bd69-984fa6a4869a,"#N/A","#N/A",false,Web,"#N/A","#N/A",Medium,"#N/A",New,Subject_gdxtu,"#N/A","#N/A","#N/A","#N/A","#N/A"
b05770ac-ec55-4bfd-a4cd-b231c9544c74,"#N/A","#N/A",false,Web,"#N/A","#N/A",Medium,"#N/A",New,Subject_rqzkk,"#N/A","#N/A","#N/A","#N/A","#N/A"
b05bd2ef-a293-4ea4-8289-f9aed7cb4721,"#N/A","#N/A",false,Web,"#N/A","#N/A",Medium,"#N/A",New,Subject_zslwd,"#N/A","#N/A","#N/A","#N/A","#N/A"
b05f0c13-ff55-465e-ba25-c125b5bda5aa,"#N/A","#N/A",false,Web,"#N/A","#N/A",Medium,"#N/A",New,Subject_cwttx,"#N/A","#N/A","#N/A","#N/A","#N/A"
b060a4f4-7239-49e1-b1ee-fc9597e58639,"#N/A","#N/A",false,Web,"#N/A","#N/A",Medium,"#N/A",New,Subject_zhhcu,"#N/A","#N/A","#N/A","#N/A","#N/A"
b0614fea-8418-444d-821d-63e30395fb85,"#N/A","#N/A",false,Web,"#N/A","#N/A",Medium,"#N/A",New,Subject_isaig,"#N/A","#N/A","#N/A","#N/A","#N/A"
b0624d87-20e5-4e76-b92e-a7c240925bd2,"#N/A","#N/A",false,Web,"#N/A","#N/A",Medium,"#N/A",New,Subject_fbalu,"#N/A","#N/A","#N/A","#N/A","#N/A"
b0677eeb-1581-4776-b163-5f5d4e80fd1a,"#N/A","#N/A",false,Web,"#N/A","#N/A",Medium,"#N/A",New,Subject_mcpbj,"#N/A","#N/A","#N/A","#N/A","#N/A"
b06896be-f686-4d7e-acac-dc3305be1928,"#N/A","#N/A",false,Web,"#N/A","#N/A",Medium,"#N/A",New,Subject_szwag,"#N/A","#N/A","#N/A","#N/A","#N/A"
b06d1fc6-5548-4f42-a64f-bba415ac1d30,"#N/A","#N/A",false,Web,"#N/A","#N/A",Medium,"#N/A",New,Subject_noyxj,"#N/A","#N/A","#N/A","#N/A","#N/A"
b0710692-4994-4864-823c-5d8f6543fb73,"#N/A","#N/A",false,Web,"#N/A","#N/A",Medium,"#N/A",New,Subject_jeswc,"#N/A","#N/A","#N/A","#N/A","#N/A"
b071dad5-d3c9-4537-afbb-b4b0356ede47,"#N/A","#N/A",false,Web,"#N/A","#N/A",Medium,"#N/A",New,Subject_lsnqv,"#N/A","#N/A","#N/A","#N/A","#N/A"
b076ac49-4fc0-4027-a15f-557015063e1e,"#N/A","#N/A",false,Web,"#N/A","#N/A",Medium,"#N/A",New,Subject_prgax,"#N/A","#N/A","#N/A","#N/A","#N/A"
b07dffd6-b1b2-4362-815d-839c7f83240f,"#N/A","#N/A",false,Web,"#N/A","#N/A",Medium,"#N/A",New,Subject_bqmbl,"#N/A","#N/A","#N/A","#N/A","#N/A"
b0806742-173d-41f5-9c13-ce72449d6c84,"#N/A","#N/A",false,Web,"#N/A","#N/A",Medium,"#N/A",New,Subject_wfcoq,"#N/A","#N/A","#N/A","#N/A","#N/A"
b0816459-ebe4-4cf6-a13a-3f005ab7585e,"#N/A","#N/A",false,Web,"#N/A","#N/A",Medium,"#N/A",New,Subject_nyqny,"#N/A","#N/A","#N/A","#N/A","#N/A"
b08263ab-d521-43a6-b363-02c5d20728ba,"#N/A","#N/A",false,Web,"#N/A","#N/A",Medium,"#N/A",New,Subject_kezrg,"#N/A","#N/A","#N/A","#N/A","#N/A"
b0842454-4c81-4c1c-95a4-3cd89d40aa25,"#N/A","#N/A",false,Web,"#N/A","#N/A",Medium,"#N/A",New,Subject_pnrhn,"#N/A","#N/A","#N/A","#N/A","#N/A"
b090a0ff-78fe-458e-ae7a-29e6fdd6af22,"#N/A","#N/A",false,Web,"#N/A","#N/A",Medium,"#N/A",New,Subject_ffeee,"#N/A","#N/A","#N/A","#N/A","#N/A"
b09959c3-2d90-4e05-8bb2-066a66083ab1,"#N/A","#N/A",false,Web,"#N/A","#N/A",Medium,"#N/A",New,Subject_vjkkn,"#N/A","#N/A","#N/A","#N/A","#N/A"
b09b18b1-2012-4dd4-9091-3cc26f734459,"#N/A","#N/A",false,Web,"#N/A","#N/A",Medium,"#N/A",New,Subject_ynnqf,"#N/A","#N/A","#N/A","#N/A","#N/A"
b09e2f7b-6539-4996-a871-9d37c1387bdd,"#N/A","#N/A",false,Web,"#N/A","#N/A",Medium,"#N/A",New,Subject_nhjdy,"#N/A","#N/A","#N/A","#N/A","#N/A"
b0a067e6-1bcb-4125-9a6a-ded981941374,"#N/A","#N/A",false,Web,"#N/A","#N/A",Medium,"#N/A",New,Subject_ivqhm,"#N/A","#N/A","#N/A","#N/A","#N/A"
b0a08d98-ef30-456f-a29d-0b88907f40e7,"#N/A","#N/A",false,Web,"#N/A","#N/A",Medium,"#N/A",New,Subject_kgbcl,"#N/A","#N/A","#N/A","#N/A","#N/A"
b0a22a1a-0a8d-45c2-942c-378c93b9a3a8,"#N/A","#N/A",false,Web,"#N/A","#N/A",Medium,"#N/A",New,Subject_rborr,"#N/A","#N/A","#N/A","#N/A","#N/A"
b0a3cc89-185c-4fb0-9390-d3de0fcc7d2a,"#N/A","#N/A",false,Web,"#N/A","#N/A",Medium,"#N/A",New,Subject_oyrxn,"#N/A","#N/A","#N/A","#N/A","#N/A"
b0a5039b-2b00-46b2-a1c0-20462e048893,"#N/A","#N/A",false,Web,"#N/A","#N/A",Medium,"#N/A",New,Subject_gtdku,"#N/A","#N/A","#N/A","#N/A","#N/A"
b0a9b004-a0a0-4193-b954-8baed94b9396,"#N/A","#N/A",false,Web,"#N/A","#N/A",Medium,"#N/A",New,Subject_gjpdj,"#N/A","#N/A","#N/A","#N/A","#N/A"
b0aa6989-2a44-4742-a35e-1fa53aeeccd1,"#N/A","#N/A",false,Web,"#N/A","#N/A",Medium,"#N/A",New,Subject_ruizt,"#N/A","#N/A","#N/A","#N/A","#N/A"
b0ac66a3-4228-430c-af5c-aa72c56d4eac,"#N/A","#N/A",false,Web,"#N/A","#N/A",Medium,"#N/A",New,Subject_wjrrq,"#N/A","#N/A","#N/A","#N/A","#N/A"
b0b4b4f5-da8b-4175-b2ff-72b6ece7488f,"#N/A","#N/A",false,Web,"#N/A","#N/A",Medium,"#N/A",New,Subject_jrywz,"#N/A","#N/A","#N/A","#N/A","#N/A"
b0b4e82d-42e8-4265-bdd7-10f224a6412a,"#N/A","#N/A",false,Web,"#N/A","#N/A",Medium,"#N/A",New,Subject_unqds,"#N/A","#N/A","#N/A","#N/A","#N/A"
b0bb9fdb-37a5-44d8-aa9f-b440893013e8,"#N/A","#N/A",false,Web,"#N/A","#N/A",Medium,"#N/A",New,Subject_xszfg,"#N/A","#N/A","#N/A","#N/A","#N/A"
b0bc5922-6ff4-400a-a6ca-f8842ab2139f,"#N/A","#N/A",false,Web,"#N/A","#N/A",Medium,"#N/A",New,Subject_azhoz,"#N/A","#N/A","#N/A","#N/A","#N/A"
b0bde30a-bbca-4fe8-83a0-e63f8aa26ae9,"#N/A","#N/A",false,Web,"#N/A","#N/A",Medium,"#N/A",New,Subject_uxnlq,"#N/A","#N/A","#N/A","#N/A","#N/A"
b0c3df36-fbd1-4fb0-8fa2-f972c0a6f9bd,"#N/A","#N/A",false,Web,"#N/A","#N/A",Medium,"#N/A",New,Subject_aeden,"#N/A","#N/A","#N/A","#N/A","#N/A"
b0c48d62-38be-4709-98e0-4c7e6cf39181,"#N/A","#N/A",false,Web,"#N/A","#N/A",Medium,"#N/A",New,Subject_bzsjo,"#N/A","#N/A","#N/A","#N/A","#N/A"
b0c8dbbc-9295-4cd8-a48e-d5c19d773bfc,"#N/A","#N/A",false,Web,"#N/A","#N/A",Medium,"#N/A",New,Subject_kzhjs,"#N/A","#N/A","#N/A","#N/A","#N/A"
b0c97980-d3f9-4500-ab73-6f2af6b49180,"#N/A","#N/A",false,Web,"#N/A","#N/A",Medium,"#N/A",New,Subject_nrxsh,"#N/A","#N/A","#N/A","#N/A","#N/A"
b0ca575b-a543-4a41-ade5-2381cbe031c8,"#N/A","#N/A",false,Web,"#N/A","#N/A",Medium,"#N/A",New,Subject_fydrx,"#N/A","#N/A","#N/A","#N/A","#N/A"
b0d35343-5334-429e-b78a-0fdbf554c91a,"#N/A","#N/A",false,Web,"#N/A","#N/A",Medium,"#N/A",New,Subject_wplis,"#N/A","#N/A","#N/A","#N/A","#N/A"
b0d3a34b-543d-4642-a478-7783bf82187e,"#N/A","#N/A",false,Web,"#N/A","#N/A",Medium,"#N/A",New,Subject_rwpwv,"#N/A","#N/A","#N/A","#N/A","#N/A"
b0d61402-01b4-4ba5-8178-ebb0a28c75d0,"#N/A","#N/A",false,Web,"#N/A","#N/A",Medium,"#N/A",New,Subject_bfhbb,"#N/A","#N/A","#N/A","#N/A","#N/A"
b0d61ab9-7bec-43ad-b1fe-098a1ffd1cb7,"#N/A","#N/A",false,Web,"#N/A","#N/A",Medium,"#N/A",New,Subject_hzhqs,"#N/A","#N/A","#N/A","#N/A","#N/A"
b0dcc590-d90e-4556-9b9e-35aadd3bbf68,"#N/A","#N/A",false,Web,"#N/A","#N/A",Medium,"#N/A",New,Subject_jxppm,"#N/A","#N/A","#N/A","#N/A","#N/A"
b0dd6a07-62eb-42d7-910c-369c98320229,"#N/A","#N/A",false,Web,"#N/A","#N/A",Medium,"#N/A",New,Subject_vvtcu,"#N/A","#N/A","#N/A","#N/A","#N/A"
b0e2abfc-0a32-41d1-a7f9-d0b8803c10c3,"#N/A","#N/A",false,Web,"#N/A","#N/A",Medium,"#N/A",New,Subject_rvzzj,"#N/A","#N/A","#N/A","#N/A","#N/A"
b0e54244-d86c-485f-acd7-8c26add51c82,"#N/A","#N/A",false,Web,"#N/A","#N/A",Medium,"#N/A",New,Subject_khofr,"#N/A","#N/A","#N/A","#N/A","#N/A"
b0e67d31-e50f-46bd-9038-39e9be1ef58e,"#N/A","#N/A",false,Web,"#N/A","#N/A",Medium,"#N/A",New,Subject_lgbbx,"#N/A","#N/A","#N/A","#N/A","#N/A"
b0e8c28e-cd63-46ff-affc-d52a4a15f201,"#N/A","#N/A",false,Web,"#N/A","#N/A",Medium,"#N/A",New,Subject_rtyak,"#N/A","#N/A","#N/A","#N/A","#N/A"
b0edf576-b040-4eba-b610-04814b5ebbaf,"#N/A","#N/A",false,Web,"#N/A","#N/A",Medium,"#N/A",New,Subject_pavsl,"#N/A","#N/A","#N/A","#N/A","#N/A"
b0f652a5-f642-4fe8-939c-3b0139a3a66d,"#N/A","#N/A",false,Web,"#N/A","#N/A",Medium,"#N/A",New,Subject_divdm,"#N/A","#N/A","#N/A","#N/A","#N/A"
b0f6a30a-a1ed-4d35-a71e-f483f038998a,"#N/A","#N/A",false,Web,"#N/A","#N/A",Medium,"#N/A",New,Subject_btmsg,"#N/A","#N/A","#N/A","#N/A","#N/A"
b0f704b3-4bb9-4cf2-a6cf-3bc2388487a0,"#N/A","#N/A",false,Web,"#N/A","#N/A",Medium,"#N/A",New,Subject_czdqh,"#N/A","#N/A","#N/A","#N/A","#N/A"
b0f71f7b-b56a-4c1e-98a8-e980137b9c78,"#N/A","#N/A",false,Web,"#N/A","#N/A",Medium,"#N/A",New,Subject_fciyh,"#N/A","#N/A","#N/A","#N/A","#N/A"
b0f78dbf-be08-4bde-acf1-c28be66e0e3a,"#N/A","#N/A",false,Web,"#N/A","#N/A",Medium,"#N/A",New,Subject_gkjjo,"#N/A","#N/A","#N/A","#N/A","#N/A"
b0f9fd34-c8ba-4037-b4fa-262f340b69e4,"#N/A","#N/A",false,Web,"#N/A","#N/A",Medium,"#N/A",New,Subject_tbbfk,"#N/A","#N/A","#N/A","#N/A","#N/A"
b0ff3398-a799-48d0-9517-096d43d347c7,"#N/A","#N/A",false,Web,"#N/A","#N/A",Medium,"#N/A",New,Subject_givtu,"#N/A","#N/A","#N/A","#N/A","#N/A"
b103257b-bbba-4b66-9946-5cd07f846d6a,"#N/A","#N/A",false,Web,"#N/A","#N/A",Medium,"#N/A",New,Subject_leojn,"#N/A","#N/A","#N/A","#N/A","#N/A"
b103599d-8900-44e9-8e3f-934b3b346902,"#N/A","#N/A",false,Web,"#N/A","#N/A",Medium,"#N/A",New,Subject_ittev,"#N/A","#N/A","#N/A","#N/A","#N/A"
b1084778-7624-4291-b190-57f621e2d545,"#N/A","#N/A",false,Web,"#N/A","#N/A",Medium,"#N/A",New,Subject_ijeor,"#N/A","#N/A","#N/A","#N/A","#N/A"
b109f673-bfdd-4239-95ba-2ef74165e14c,"#N/A","#N/A",false,Web,"#N/A","#N/A",Medium,"#N/A",New,Subject_gxfdk,"#N/A","#N/A","#N/A","#N/A","#N/A"
b10a15b4-e658-4f4c-935f-4c5a5123db44,"#N/A","#N/A",false,Web,"#N/A","#N/A",Medium,"#N/A",New,Subject_cglwp,"#N/A","#N/A","#N/A","#N/A","#N/A"
b10aadf0-2c4d-454c-9658-5a3c0736e6c9,"#N/A","#N/A",false,Web,"#N/A","#N/A",Medium,"#N/A",New,Subject_icnpa,"#N/A","#N/A","#N/A","#N/A","#N/A"
b10aba17-eb46-4451-9e89-a8061a65461e,"#N/A","#N/A",false,Web,"#N/A","#N/A",Medium,"#N/A",New,Subject_fzexd,"#N/A","#N/A","#N/A","#N/A","#N/A"
b10f9db9-64a8-4468-955f-1fd1714094df,"#N/A","#N/A",false,Web,"#N/A","#N/A",Medium,"#N/A",New,Subject_sqbnh,"#N/A","#N/A","#N/A","#N/A","#N/A"
b1121a7c-e253-4042-9ae4-0f93189cdcb4,"#N/A","#N/A",false,Web,"#N/A","#N/A",Medium,"#N/A",New,Subject_hjtqb,"#N/A","#N/A","#N/A","#N/A","#N/A"
b1181a03-a7d3-4b6b-9128-203187ba2d26,"#N/A","#N/A",false,Web,"#N/A","#N/A",Medium,"#N/A",New,Subject_arzef,"#N/A","#N/A","#N/A","#N/A","#N/A"
b11a6ff2-85ac-4af8-8764-d080152670f4,"#N/A","#N/A",false,Web,"#N/A","#N/A",Medium,"#N/A",New,Subject_uykcj,"#N/A","#N/A","#N/A","#N/A","#N/A"
b11b7ca2-d40f-4b34-a97b-ac027a2e4338,"#N/A","#N/A",false,Web,"#N/A","#N/A",Medium,"#N/A",New,Subject_woiwt,"#N/A","#N/A","#N/A","#N/A","#N/A"
b11bfd04-4984-4e44-8715-760c187d87e9,"#N/A","#N/A",false,Web,"#N/A","#N/A",Medium,"#N/A",New,Subject_ijnff,"#N/A","#N/A","#N/A","#N/A","#N/A"
b11cbdf1-eb47-43c8-ac53-27041eb98cb5,"#N/A","#N/A",false,Web,"#N/A","#N/A",Medium,"#N/A",New,Subject_ptgtp,"#N/A","#N/A","#N/A","#N/A","#N/A"
b1215dae-ca9c-46ba-a5d0-9fc56a84567b,"#N/A","#N/A",false,Web,"#N/A","#N/A",Medium,"#N/A",New,Subject_izmfx,"#N/A","#N/A","#N/A","#N/A","#N/A"
b1246d53-3325-49fe-b1ec-363302a39c60,"#N/A","#N/A",false,Web,"#N/A","#N/A",Medium,"#N/A",New,Subject_arxgs,"#N/A","#N/A","#N/A","#N/A","#N/A"
b1260326-d3af-4f0f-b217-aaf5342bff69,"#N/A","#N/A",false,Web,"#N/A","#N/A",Medium,"#N/A",New,Subject_pgcou,"#N/A","#N/A","#N/A","#N/A","#N/A"
b126b837-f67e-44be-87c3-7b8cf6c7848b,"#N/A","#N/A",false,Web,"#N/A","#N/A",Medium,"#N/A",New,Subject_avrqb,"#N/A","#N/A","#N/A","#N/A","#N/A"
b1288b26-19ec-46d4-856a-dfb909ad2647,"#N/A","#N/A",false,Web,"#N/A","#N/A",Medium,"#N/A",New,Subject_deegl,"#N/A","#N/A","#N/A","#N/A","#N/A"
b12a9831-a42a-4938-8044-55d78e166248,"#N/A","#N/A",false,Web,"#N/A","#N/A",Medium,"#N/A",New,Subject_caroa,"#N/A","#N/A","#N/A","#N/A","#N/A"
b1319834-dd91-4526-bc1f-18c2d6c1b4fc,"#N/A","#N/A",false,Web,"#N/A","#N/A",Medium,"#N/A",New,Subject_qxafl,"#N/A","#N/A","#N/A","#N/A","#N/A"
b1392f6c-568a-41d9-9c69-1e100ecf99b3,"#N/A","#N/A",false,Web,"#N/A","#N/A",Medium,"#N/A",New,Subject_lsdlb,"#N/A","#N/A","#N/A","#N/A","#N/A"
b13a1563-ade0-4290-b62d-05b1a21ff57a,"#N/A","#N/A",false,Web,"#N/A","#N/A",Medium,"#N/A",New,Subject_ewhct,"#N/A","#N/A","#N/A","#N/A","#N/A"
b13b6df3-d43a-42ca-af42-8534493f5d19,"#N/A","#N/A",false,Web,"#N/A","#N/A",Medium,"#N/A",New,Subject_xkbir,"#N/A","#N/A","#N/A","#N/A","#N/A"
b13e51b8-7aae-438f-a06c-f15625dee709,"#N/A","#N/A",false,Web,"#N/A","#N/A",Medium,"#N/A",New,Subject_ahkyh,"#N/A","#N/A","#N/A","#N/A","#N/A"
b141da9b-1cf9-4a7b-bbda-8e6fdb912782,"#N/A","#N/A",false,Web,"#N/A","#N/A",Medium,"#N/A",New,Subject_kcsbg,"#N/A","#N/A","#N/A","#N/A","#N/A"
b144ca1c-8cfb-494e-a27c-6ba2503c4f7f,"#N/A","#N/A",false,Web,"#N/A","#N/A",Medium,"#N/A",New,Subject_njeln,"#N/A","#N/A","#N/A","#N/A","#N/A"
b14c6e00-a883-487a-a8b2-a588ffc49345,"#N/A","#N/A",false,Web,"#N/A","#N/A",Medium,"#N/A",New,Subject_hfidr,"#N/A","#N/A","#N/A","#N/A","#N/A"
b14f6187-0545-4a31-b035-a84bdc545e73,"#N/A","#N/A",false,Web,"#N/A","#N/A",Medium,"#N/A",New,Subject_yukpd,"#N/A","#N/A","#N/A","#N/A","#N/A"
b150daf4-3eb9-4bea-8a82-4598f5c392d4,"#N/A","#N/A",false,Web,"#N/A","#N/A",Medium,"#N/A",New,Subject_ycqwi,"#N/A","#N/A","#N/A","#N/A","#N/A"
b152d9f1-c4ab-43b8-a039-52f45ce62522,"#N/A","#N/A",false,Web,"#N/A","#N/A",Medium,"#N/A",New,Subject_pfphm,"#N/A","#N/A","#N/A","#N/A","#N/A"
b1533894-719b-468c-a77d-577e8d363c47,"#N/A","#N/A",false,Web,"#N/A","#N/A",Medium,"#N/A",New,Subject_wgnpv,"#N/A","#N/A","#N/A","#N/A","#N/A"
b1551b25-41aa-4a1a-a4ca-1bc2c3f0f418,"#N/A","#N/A",false,Web,"#N/A","#N/A",Medium,"#N/A",New,Subject_dkrkh,"#N/A","#N/A","#N/A","#N/A","#N/A"
b155908d-92e2-4cac-a063-9178e3f13d80,"#N/A","#N/A",false,Web,"#N/A","#N/A",Medium,"#N/A",New,Subject_ccuoh,"#N/A","#N/A","#N/A","#N/A","#N/A"
b157a98d-9a3c-4916-9aba-bee82dfd1ce9,"#N/A","#N/A",false,Web,"#N/A","#N/A",Medium,"#N/A",New,Subject_fnxwa,"#N/A","#N/A","#N/A","#N/A","#N/A"
b157e6bd-5d74-4113-a44f-5cb086b6efbb,"#N/A","#N/A",false,Web,"#N/A","#N/A",Medium,"#N/A",New,Subject_drtzq,"#N/A","#N/A","#N/A","#N/A","#N/A"
b1583196-e64b-4438-8f1e-0603efaef020,"#N/A","#N/A",false,Web,"#N/A","#N/A",Medium,"#N/A",New,Subject_kphmb,"#N/A","#N/A","#N/A","#N/A","#N/A"
b15d04da-ddc5-4a94-8d73-a043b016b8b0,"#N/A","#N/A",false,Web,"#N/A","#N/A",Medium,"#N/A",New,Subject_kxhxt,"#N/A","#N/A","#N/A","#N/A","#N/A"
b15e75c8-54bb-4503-b610-0cc526a7845e,"#N/A","#N/A",false,Web,"#N/A","#N/A",Medium,"#N/A",New,Subject_tcpbf,"#N/A","#N/A","#N/A","#N/A","#N/A"
b163eefb-f87a-4748-b2a4-d93f7e27881c,"#N/A","#N/A",false,Web,"#N/A","#N/A",Medium,"#N/A",New,Subject_zxfce,"#N/A","#N/A","#N/A","#N/A","#N/A"
b164b468-3bd5-44f9-b6f3-357b0bdd9645,"#N/A","#N/A",false,Web,"#N/A","#N/A",Medium,"#N/A",New,Subject_ddizl,"#N/A","#N/A","#N/A","#N/A","#N/A"
b165fc0f-cf14-4a85-b36f-46503abd93e5,"#N/A","#N/A",false,Web,"#N/A","#N/A",Medium,"#N/A",New,Subject_yyert,"#N/A","#N/A","#N/A","#N/A","#N/A"
b167a1d8-b40d-495d-959d-d0e43cb5bf66,"#N/A","#N/A",false,Web,"#N/A","#N/A",Medium,"#N/A",New,Subject_bwlqy,"#N/A","#N/A","#N/A","#N/A","#N/A"
b16b9422-7523-4cbb-aace-c048d1ac5e45,"#N/A","#N/A",false,Web,"#N/A","#N/A",Medium,"#N/A",New,Subject_xdpmo,"#N/A","#N/A","#N/A","#N/A","#N/A"
b1736186-ba92-4f8c-901b-776677c24fce,"#N/A","#N/A",false,Web,"#N/A","#N/A",Medium,"#N/A",New,Subject_pbwsy,"#N/A","#N/A","#N/A","#N/A","#N/A"
b1768584-6409-49c6-b34c-c1c84d74ebf8,"#N/A","#N/A",false,Web,"#N/A","#N/A",Medium,"#N/A",New,Subject_cjcgb,"#N/A","#N/A","#N/A","#N/A","#N/A"
b178314f-19b0-48ee-8ee6-688d8e4ae012,"#N/A","#N/A",false,Web,"#N/A","#N/A",Medium,"#N/A",New,Subject_vcizt,"#N/A","#N/A","#N/A","#N/A","#N/A"
b17fe246-7c87-49f1-ae8b-4fc682514d39,"#N/A","#N/A",false,Web,"#N/A","#N/A",Medium,"#N/A",New,Subject_cepbm,"#N/A","#N/A","#N/A","#N/A","#N/A"
b1806061-6e86-438c-a575-fd4ddd42de96,"#N/A","#N/A",false,Web,"#N/A","#N/A",Medium,"#N/A",New,Subject_ndywm,"#N/A","#N/A","#N/A","#N/A","#N/A"
b184c763-a448-43d9-8088-85b85975a1e6,"#N/A","#N/A",false,Web,"#N/A","#N/A",Medium,"#N/A",New,Subject_kynis,"#N/A","#N/A","#N/A","#N/A","#N/A"
b18517f0-9ef6-4835-8bfc-eae5ec297b18,"#N/A","#N/A",false,Web,"#N/A","#N/A",Medium,"#N/A",New,Subject_culte,"#N/A","#N/A","#N/A","#N/A","#N/A"
b186721f-9b8f-441e-9c9d-19a06024d2fc,"#N/A","#N/A",false,Web,"#N/A","#N/A",Medium,"#N/A",New,Subject_pyvsm,"#N/A","#N/A","#N/A","#N/A","#N/A"
b189c095-d181-4803-a2bb-6dce0e24bfb6,"#N/A","#N/A",false,Web,"#N/A","#N/A",Medium,"#N/A",New,Subject_oaeoc,"#N/A","#N/A","#N/A","#N/A","#N/A"
b18cc670-f90d-4427-9ced-014a2e6d43ab,"#N/A","#N/A",false,Web,"#N/A","#N/A",Medium,"#N/A",New,Subject_wnvep,"#N/A","#N/A","#N/A","#N/A","#N/A"
b18ce873-31cb-4def-8d6c-f40fc5bb3d99,"#N/A","#N/A",false,Web,"#N/A","#N/A",Medium,"#N/A",New,Subject_gwwmq,"#N/A","#N/A","#N/A","#N/A","#N/A"
b18f0ea7-3411-446b-bbe8-23f1c810d1e8,"#N/A","#N/A",false,Web,"#N/A","#N/A",Medium,"#N/A",New,Subject_yzeat,"#N/A","#N/A","#N/A","#N/A","#N/A"
b18f2e53-2eda-44f6-9131-c64412c4303e,"#N/A","#N/A",false,Web,"#N/A","#N/A",Medium,"#N/A",New,Subject_hltnc,"#N/A","#N/A","#N/A","#N/A","#N/A"
b1908bb5-b3e1-4cb9-9af9-732104d9b51c,"#N/A","#N/A",false,Web,"#N/A","#N/A",Medium,"#N/A",New,Subject_vioww,"#N/A","#N/A","#N/A","#N/A","#N/A"
b191c94f-19d4-4a42-a9cc-4d1a3eea6297,"#N/A","#N/A",false,Web,"#N/A","#N/A",Medium,"#N/A",New,Subject_fahna,"#N/A","#N/A","#N/A","#N/A","#N/A"
b194b506-3184-4858-83eb-34f6fe163047,"#N/A","#N/A",false,Web,"#N/A","#N/A",Medium,"#N/A",New,Subject_nteij,"#N/A","#N/A","#N/A","#N/A","#N/A"
b1965dde-2d13-4d95-b815-5995645c8a51,"#N/A","#N/A",false,Web,"#N/A","#N/A",Medium,"#N/A",New,Subject_woacq,"#N/A","#N/A","#N/A","#N/A","#N/A"
b19ab383-461b-412f-862f-cf4229827cca,"#N/A","#N/A",false,Web,"#N/A","#N/A",Medium,"#N/A",New,Subject_medom,"#N/A","#N/A","#N/A","#N/A","#N/A"
b19c8737-63f8-4296-b0fe-1535108dcce3,"#N/A","#N/A",false,Web,"#N/A","#N/A",Medium,"#N/A",New,Subject_xhpbu,"#N/A","#N/A","#N/A","#N/A","#N/A"
b19e6ed6-1271-4f17-9f81-0b453cacd79b,"#N/A","#N/A",false,Web,"#N/A","#N/A",Medium,"#N/A",New,Subject_zoaxn,"#N/A","#N/A","#N/A","#N/A","#N/A"
b19f439b-79ec-4890-9333-753a8e8297e4,"#N/A","#N/A",false,Web,"#N/A","#N/A",Medium,"#N/A",New,Subject_dfuev,"#N/A","#N/A","#N/A","#N/A","#N/A"
b1a44d4f-3a96-4ed9-8070-451ac158313f,"#N/A","#N/A",false,Web,"#N/A","#N/A",Medium,"#N/A",New,Subject_kgtsd,"#N/A","#N/A","#N/A","#N/A","#N/A"
b1a4ef40-c5bb-4279-9c55-2ec75b6443d4,"#N/A","#N/A",false,Web,"#N/A","#N/A",Medium,"#N/A",New,Subject_nlglv,"#N/A","#N/A","#N/A","#N/A","#N/A"
b1a57ad9-e956-4119-b976-89e54e92b24b,"#N/A","#N/A",false,Web,"#N/A","#N/A",Medium,"#N/A",New,Subject_bjwdb,"#N/A","#N/A","#N/A","#N/A","#N/A"
b1a57d48-df45-4d1e-b104-ac1a81a574cb,"#N/A","#N/A",false,Web,"#N/A","#N/A",Medium,"#N/A",New,Subject_wkrrj,"#N/A","#N/A","#N/A","#N/A","#N/A"
b1a732ea-beb3-4bbc-af26-07e96b44540e,"#N/A","#N/A",false,Web,"#N/A","#N/A",Medium,"#N/A",New,Subject_xuxvx,"#N/A","#N/A","#N/A","#N/A","#N/A"
b1a75e3e-c908-4f97-9878-3f22f8ceefe2,"#N/A","#N/A",false,Web,"#N/A","#N/A",Medium,"#N/A",New,Subject_cntfx,"#N/A","#N/A","#N/A","#N/A","#N/A"
b1a87583-33b1-44c2-9600-40742e1f44ce,"#N/A","#N/A",false,Web,"#N/A","#N/A",Medium,"#N/A",New,Subject_hiuvy,"#N/A","#N/A","#N/A","#N/A","#N/A"
b1ac5c11-7451-4efb-ab83-6ab129608138,"#N/A","#N/A",false,Web,"#N/A","#N/A",Medium,"#N/A",New,Subject_boqhs,"#N/A","#N/A","#N/A","#N/A","#N/A"
b1ad8a7d-6230-42df-a715-6367de59b6b1,"#N/A","#N/A",false,Web,"#N/A","#N/A",Medium,"#N/A",New,Subject_hpmhg,"#N/A","#N/A","#N/A","#N/A","#N/A"
b1b1c94b-cf3c-4f3e-b642-d5c92dddaf96,"#N/A","#N/A",false,Web,"#N/A","#N/A",Medium,"#N/A",New,Subject_ylqby,"#N/A","#N/A","#N/A","#N/A","#N/A"
b1b34ece-3777-4a9e-adfc-fc8d896bb63e,"#N/A","#N/A",false,Web,"#N/A","#N/A",Medium,"#N/A",New,Subject_sssdb,"#N/A","#N/A","#N/A","#N/A","#N/A"
b1b3c9e8-0182-49f7-ae17-0df1b30f8653,"#N/A","#N/A",false,Web,"#N/A","#N/A",Medium,"#N/A",New,Subject_uvhfa,"#N/A","#N/A","#N/A","#N/A","#N/A"
b1b40519-bd2a-4602-8523-6e72b0f4e288,"#N/A","#N/A",false,Web,"#N/A","#N/A",Medium,"#N/A",New,Subject_pivsz,"#N/A","#N/A","#N/A","#N/A","#N/A"
b1b6971a-ed17-4f37-a85d-1540b801b613,"#N/A","#N/A",false,Web,"#N/A","#N/A",Medium,"#N/A",New,Subject_gjudr,"#N/A","#N/A","#N/A","#N/A","#N/A"
b1b76cf7-633b-4867-a29d-42e0073627e7,"#N/A","#N/A",false,Web,"#N/A","#N/A",Medium,"#N/A",New,Subject_ngoce,"#N/A","#N/A","#N/A","#N/A","#N/A"
b1baff79-8a98-4700-8c68-be17a4d4f3b0,"#N/A","#N/A",false,Web,"#N/A","#N/A",Medium,"#N/A",New,Subject_qvfkd,"#N/A","#N/A","#N/A","#N/A","#N/A"
b1bfc540-2456-4a6a-a98d-f96131d7f6d1,"#N/A","#N/A",false,Web,"#N/A","#N/A",Medium,"#N/A",New,Subject_ywkid,"#N/A","#N/A","#N/A","#N/A","#N/A"
b1c460d6-9f7b-4f49-b99f-39ea87121be4,"#N/A","#N/A",false,Web,"#N/A","#N/A",Medium,"#N/A",New,Subject_iieww,"#N/A","#N/A","#N/A","#N/A","#N/A"
b1cc5d8b-5bf0-4784-80dd-7627851077b7,"#N/A","#N/A",false,Web,"#N/A","#N/A",Medium,"#N/A",New,Subject_egmei,"#N/A","#N/A","#N/A","#N/A","#N/A"
b1d1d293-cced-49c4-9a3a-a09780088973,"#N/A","#N/A",false,Web,"#N/A","#N/A",Medium,"#N/A",New,Subject_xspdp,"#N/A","#N/A","#N/A","#N/A","#N/A"
b1d31908-ad39-4433-9d2d-792f365f66db,"#N/A","#N/A",false,Web,"#N/A","#N/A",Medium,"#N/A",New,Subject_fqlro,"#N/A","#N/A","#N/A","#N/A","#N/A"
b1d42cab-20d7-43db-857c-f91c04be3014,"#N/A","#N/A",false,Web,"#N/A","#N/A",Medium,"#N/A",New,Subject_cqpei,"#N/A","#N/A","#N/A","#N/A","#N/A"
b1dc2a0e-6102-4363-8283-904be3cb8b3e,"#N/A","#N/A",false,Web,"#N/A","#N/A",Medium,"#N/A",New,Subject_lppaz,"#N/A","#N/A","#N/A","#N/A","#N/A"
b1ddc542-f4dc-4bc0-a42c-f466d4d470c4,"#N/A","#N/A",false,Web,"#N/A","#N/A",Medium,"#N/A",New,Subject_lvyud,"#N/A","#N/A","#N/A","#N/A","#N/A"
b1dfa7e6-ab31-4442-9f64-6ac598e94edd,"#N/A","#N/A",false,Web,"#N/A","#N/A",Medium,"#N/A",New,Subject_eslnc,"#N/A","#N/A","#N/A","#N/A","#N/A"
b1e1ca24-7750-4915-9e64-f0ec4d0e66d4,"#N/A","#N/A",false,Web,"#N/A","#N/A",Medium,"#N/A",New,Subject_tddqs,"#N/A","#N/A","#N/A","#N/A","#N/A"
b1e4ba6a-8bc8-4d09-b9c8-e8d3746fab29,"#N/A","#N/A",false,Web,"#N/A","#N/A",Medium,"#N/A",New,Subject_xrhrj,"#N/A","#N/A","#N/A","#N/A","#N/A"
b1e985cd-5d5a-4604-9037-1c6cf38ad114,"#N/A","#N/A",false,Web,"#N/A","#N/A",Medium,"#N/A",New,Subject_twigf,"#N/A","#N/A","#N/A","#N/A","#N/A"
b1e99134-e9a3-4c6f-acda-790430e36ff7,"#N/A","#N/A",false,Web,"#N/A","#N/A",Medium,"#N/A",New,Subject_zlvui,"#N/A","#N/A","#N/A","#N/A","#N/A"
b1ea45be-d203-4584-9490-dcb03f433fdd,"#N/A","#N/A",false,Web,"#N/A","#N/A",Medium,"#N/A",New,Subject_dqbgp,"#N/A","#N/A","#N/A","#N/A","#N/A"
b1ea7eb9-b5d7-43d1-8401-0ab72888d127,"#N/A","#N/A",false,Web,"#N/A","#N/A",Medium,"#N/A",New,Subject_lnupx,"#N/A","#N/A","#N/A","#N/A","#N/A"
b1eadbc3-9a85-40f7-8a4e-e6f6ab62dbe6,"#N/A","#N/A",false,Web,"#N/A","#N/A",Medium,"#N/A",New,Subject_pglxb,"#N/A","#N/A","#N/A","#N/A","#N/A"
b1ed66d2-80df-44be-a2b5-21df5cc18103,"#N/A","#N/A",false,Web,"#N/A","#N/A",Medium,"#N/A",New,Subject_oknjv,"#N/A","#N/A","#N/A","#N/A","#N/A"
b1f14f98-b775-48b9-a98f-1d2ae813ddc4,"#N/A","#N/A",false,Web,"#N/A","#N/A",Medium,"#N/A",New,Subject_fjoqf,"#N/A","#N/A","#N/A","#N/A","#N/A"
b1f1aed0-cd14-4210-ba11-c029e8251460,"#N/A","#N/A",false,Web,"#N/A","#N/A",Medium,"#N/A",New,Subject_pshfc,"#N/A","#N/A","#N/A","#N/A","#N/A"
b1f2ff06-da87-4b37-bfda-e0e3ba148adf,"#N/A","#N/A",false,Web,"#N/A","#N/A",Medium,"#N/A",New,Subject_zofbh,"#N/A","#N/A","#N/A","#N/A","#N/A"
b1f38073-ea2f-44e5-a660-5c86e599d4d5,"#N/A","#N/A",false,Web,"#N/A","#N/A",Medium,"#N/A",New,Subject_bkhvc,"#N/A","#N/A","#N/A","#N/A","#N/A"
b1f38388-710a-494b-9621-98e12bf28b6d,"#N/A","#N/A",false,Web,"#N/A","#N/A",Medium,"#N/A",New,Subject_pqkbx,"#N/A","#N/A","#N/A","#N/A","#N/A"
b1f4a517-0bd3-4fa9-ac1a-bc3655ec52e1,"#N/A","#N/A",false,Web,"#N/A","#N/A",Medium,"#N/A",New,Subject_xeyzx,"#N/A","#N/A","#N/A","#N/A","#N/A"
b1f5bde8-5e84-4c9b-a8d4-25d070c73ff7,"#N/A","#N/A",false,Web,"#N/A","#N/A",Medium,"#N/A",New,Subject_rumwc,"#N/A","#N/A","#N/A","#N/A","#N/A"
b1f6eb5e-2ff7-447d-9aad-106c84a31f9e,"#N/A","#N/A",false,Web,"#N/A","#N/A",Medium,"#N/A",New,Subject_ghatd,"#N/A","#N/A","#N/A","#N/A","#N/A"
b1f6f2e4-8614-49b2-91d2-e7f3d5527631,"#N/A","#N/A",false,Web,"#N/A","#N/A",Medium,"#N/A",New,Subject_oytvv,"#N/A","#N/A","#N/A","#N/A","#N/A"
b1f9e805-580b-4e8c-a059-8373f0bbe7aa,"#N/A","#N/A",false,Web,"#N/A","#N/A",Medium,"#N/A",New,Subject_tplqv,"#N/A","#N/A","#N/A","#N/A","#N/A"
b1fcd2b1-40b8-4b3e-8e13-9a379f41abea,"#N/A","#N/A",false,Web,"#N/A","#N/A",Medium,"#N/A",New,Subject_gzhmj,"#N/A","#N/A","#N/A","#N/A","#N/A"
b200d79c-86a7-4a3d-9443-ac47143efabe,"#N/A","#N/A",false,Web,"#N/A","#N/A",Medium,"#N/A",New,Subject_dkriq,"#N/A","#N/A","#N/A","#N/A","#N/A"
b2021e16-5cd4-4eb4-82bb-f374d209c983,"#N/A","#N/A",false,Web,"#N/A","#N/A",Medium,"#N/A",New,Subject_jefqm,"#N/A","#N/A","#N/A","#N/A","#N/A"
b206f49f-5041-4900-90d4-e8348e21fb7a,"#N/A","#N/A",false,Web,"#N/A","#N/A",Medium,"#N/A",New,Subject_nfjpm,"#N/A","#N/A","#N/A","#N/A","#N/A"
b207b087-d841-41da-8dcf-78b84388072d,"#N/A","#N/A",false,Web,"#N/A","#N/A",Medium,"#N/A",New,Subject_sdhjg,"#N/A","#N/A","#N/A","#N/A","#N/A"
b209896c-8b98-421b-8f45-293442e8a0b8,"#N/A","#N/A",false,Web,"#N/A","#N/A",Medium,"#N/A",New,Subject_xzuqb,"#N/A","#N/A","#N/A","#N/A","#N/A"
b209c20f-98ba-4300-9a48-445f1c61849f,"#N/A","#N/A",false,Web,"#N/A","#N/A",Medium,"#N/A",New,Subject_jligr,"#N/A","#N/A","#N/A","#N/A","#N/A"
b20b98e3-3789-4d7f-98e0-209e05e41d46,"#N/A","#N/A",false,Web,"#N/A","#N/A",Medium,"#N/A",New,Subject_kkjyf,"#N/A","#N/A","#N/A","#N/A","#N/A"
b20d0cc6-d735-451f-99a3-82f5e43a4722,"#N/A","#N/A",false,Web,"#N/A","#N/A",Medium,"#N/A",New,Subject_qcdab,"#N/A","#N/A","#N/A","#N/A","#N/A"
b20d324d-4564-459f-b5fd-b61ba656e67a,"#N/A","#N/A",false,Web,"#N/A","#N/A",Medium,"#N/A",New,Subject_vfzpq,"#N/A","#N/A","#N/A","#N/A","#N/A"
b20e1dee-b0fb-49fa-8ce5-d88912ad2cc2,"#N/A","#N/A",false,Web,"#N/A","#N/A",Medium,"#N/A",New,Subject_wefpo,"#N/A","#N/A","#N/A","#N/A","#N/A"
b20ecefe-c28b-4d8e-bfc3-a7bdb7ea2039,"#N/A","#N/A",false,Web,"#N/A","#N/A",Medium,"#N/A",New,Subject_izurg,"#N/A","#N/A","#N/A","#N/A","#N/A"
b213083c-aad2-4a3f-a862-d0bb96eb7331,"#N/A","#N/A",false,Web,"#N/A","#N/A",Medium,"#N/A",New,Subject_pmfqu,"#N/A","#N/A","#N/A","#N/A","#N/A"
b2157c91-5428-41c1-a795-104a34aa9ea4,"#N/A","#N/A",false,Web,"#N/A","#N/A",Medium,"#N/A",New,Subject_bhwxk,"#N/A","#N/A","#N/A","#N/A","#N/A"
b21b5aab-e629-445a-bc4f-8893c04ed003,"#N/A","#N/A",false,Web,"#N/A","#N/A",Medium,"#N/A",New,Subject_fpbrn,"#N/A","#N/A","#N/A","#N/A","#N/A"
b21d1ed0-7fd8-4bd8-9e22-5a206bd583c6,"#N/A","#N/A",false,Web,"#N/A","#N/A",Medium,"#N/A",New,Subject_qvnqk,"#N/A","#N/A","#N/A","#N/A","#N/A"
b21d82e9-23d8-42f2-a95d-8c14d989c4da,"#N/A","#N/A",false,Web,"#N/A","#N/A",Medium,"#N/A",New,Subject_fizfz,"#N/A","#N/A","#N/A","#N/A","#N/A"
b2203314-da3c-47b1-8b2b-a9af0f15d8b5,"#N/A","#N/A",false,Web,"#N/A","#N/A",Medium,"#N/A",New,Subject_ksuju,"#N/A","#N/A","#N/A","#N/A","#N/A"
b22ffcc0-a342-41c9-b98d-d94fa84119d6,"#N/A","#N/A",false,Web,"#N/A","#N/A",Medium,"#N/A",New,Subject_bjgvi,"#N/A","#N/A","#N/A","#N/A","#N/A"
b2306998-911c-4cf9-90bf-075d99440659,"#N/A","#N/A",false,Web,"#N/A","#N/A",Medium,"#N/A",New,Subject_wcaye,"#N/A","#N/A","#N/A","#N/A","#N/A"
b231d24a-b092-415a-bb96-95e10a2c01a2,"#N/A","#N/A",false,Web,"#N/A","#N/A",Medium,"#N/A",New,Subject_zlhsr,"#N/A","#N/A","#N/A","#N/A","#N/A"
b2324ec9-bbf7-44c1-89f3-9aa4ebb69191,"#N/A","#N/A",false,Web,"#N/A","#N/A",Medium,"#N/A",New,Subject_kdgqq,"#N/A","#N/A","#N/A","#N/A","#N/A"
b234712b-fd60-4522-af49-1a9f135019b3,"#N/A","#N/A",false,Web,"#N/A","#N/A",Medium,"#N/A",New,Subject_huotc,"#N/A","#N/A","#N/A","#N/A","#N/A"
b234fdb9-a2ea-40ab-b99f-55b42a2de1a5,"#N/A","#N/A",false,Web,"#N/A","#N/A",Medium,"#N/A",New,Subject_xynfr,"#N/A","#N/A","#N/A","#N/A","#N/A"
b2377a89-6d47-4161-b3d2-601cfb5fb97b,"#N/A","#N/A",false,Web,"#N/A","#N/A",Medium,"#N/A",New,Subject_olksr,"#N/A","#N/A","#N/A","#N/A","#N/A"
b238ad1c-e7c8-406a-b299-089c5c521d65,"#N/A","#N/A",false,Web,"#N/A","#N/A",Medium,"#N/A",New,Subject_adrwp,"#N/A","#N/A","#N/A","#N/A","#N/A"
b2397abf-a6e8-4181-a871-d8edc281aff4,"#N/A","#N/A",false,Web,"#N/A","#N/A",Medium,"#N/A",New,Subject_xnext,"#N/A","#N/A","#N/A","#N/A","#N/A"
b23c95c4-d191-4975-8603-65b2b7c21461,"#N/A","#N/A",false,Web,"#N/A","#N/A",Medium,"#N/A",New,Subject_jifpt,"#N/A","#N/A","#N/A","#N/A","#N/A"
b2406383-69d9-4030-b5f7-48eee83a25e9,"#N/A","#N/A",false,Web,"#N/A","#N/A",Medium,"#N/A",New,Subject_apaxd,"#N/A","#N/A","#N/A","#N/A","#N/A"
b2460559-6f32-479f-befa-ed49ffebca04,"#N/A","#N/A",false,Web,"#N/A","#N/A",Medium,"#N/A",New,Subject_meysd,"#N/A","#N/A","#N/A","#N/A","#N/A"
b247eacf-8e3c-4ba0-878b-5739b1a6365a,"#N/A","#N/A",false,Web,"#N/A","#N/A",Medium,"#N/A",New,Subject_eekkl,"#N/A","#N/A","#N/A","#N/A","#N/A"
b247ede6-27ef-4fc2-9032-cf6302e6c928,"#N/A","#N/A",false,Web,"#N/A","#N/A",Medium,"#N/A",New,Subject_exhei,"#N/A","#N/A","#N/A","#N/A","#N/A"
b24873fd-d36d-43c2-bfa4-b3415782fbeb,"#N/A","#N/A",false,Web,"#N/A","#N/A",Medium,"#N/A",New,Subject_ptxia,"#N/A","#N/A","#N/A","#N/A","#N/A"
b24a7edb-0268-4f4a-a143-016efe9e8885,"#N/A","#N/A",false,Web,"#N/A","#N/A",Medium,"#N/A",New,Subject_vgxlv,"#N/A","#N/A","#N/A","#N/A","#N/A"
b24f55e7-c8af-4fae-879e-3d25c658d788,"#N/A","#N/A",false,Web,"#N/A","#N/A",Medium,"#N/A",New,Subject_rpjym,"#N/A","#N/A","#N/A","#N/A","#N/A"
b2527d8b-edd6-4ca8-b9af-9d890a32b715,"#N/A","#N/A",false,Web,"#N/A","#N/A",Medium,"#N/A",New,Subject_kjgqc,"#N/A","#N/A","#N/A","#N/A","#N/A"
b2530f03-e56c-4f4a-af24-21314d3b6214,"#N/A","#N/A",false,Web,"#N/A","#N/A",Medium,"#N/A",New,Subject_imvio,"#N/A","#N/A","#N/A","#N/A","#N/A"
b2556735-7220-4e67-b975-239ad1ba16a7,"#N/A","#N/A",false,Web,"#N/A","#N/A",Medium,"#N/A",New,Subject_urkhx,"#N/A","#N/A","#N/A","#N/A","#N/A"
b258efa6-78ca-4433-9667-864a9409ea95,"#N/A","#N/A",false,Web,"#N/A","#N/A",Medium,"#N/A",New,Subject_qruhw,"#N/A","#N/A","#N/A","#N/A","#N/A"
b25aa50d-5696-4f66-8c99-fafc1dd66685,"#N/A","#N/A",false,Web,"#N/A","#N/A",Medium,"#N/A",New,Subject_goaer,"#N/A","#N/A","#N/A","#N/A","#N/A"
b25c3728-0437-4ab5-9ebc-ca1aff444233,"#N/A","#N/A",false,Web,"#N/A","#N/A",Medium,"#N/A",New,Subject_yfrtg,"#N/A","#N/A","#N/A","#N/A","#N/A"
b2613e06-5919-453b-b58c-d4feea8bb531,"#N/A","#N/A",false,Web,"#N/A","#N/A",Medium,"#N/A",New,Subject_rfbvs,"#N/A","#N/A","#N/A","#N/A","#N/A"
b2622ec7-202f-42a8-839e-2de3070ff8d4,"#N/A","#N/A",false,Web,"#N/A","#N/A",Medium,"#N/A",New,Subject_afidu,"#N/A","#N/A","#N/A","#N/A","#N/A"
b26a1468-c5ed-4d13-9014-529f710a96c8,"#N/A","#N/A",false,Web,"#N/A","#N/A",Medium,"#N/A",New,Subject_mwpwd,"#N/A","#N/A","#N/A","#N/A","#N/A"
b272f3d3-7281-4e8e-b94f-7740031d4b79,"#N/A","#N/A",false,Web,"#N/A","#N/A",Medium,"#N/A",New,Subject_znabh,"#N/A","#N/A","#N/A","#N/A","#N/A"
b274c830-458b-4a35-9542-f38989465733,"#N/A","#N/A",false,Web,"#N/A","#N/A",Medium,"#N/A",New,Subject_srape,"#N/A","#N/A","#N/A","#N/A","#N/A"
b27ab957-cc16-4802-a345-b6964e5fd402,"#N/A","#N/A",false,Web,"#N/A","#N/A",Medium,"#N/A",New,Subject_lubdr,"#N/A","#N/A","#N/A","#N/A","#N/A"
b27e51c0-9736-474b-bb71-b34c59150066,"#N/A","#N/A",false,Web,"#N/A","#N/A",Medium,"#N/A",New,Subject_tvrvt,"#N/A","#N/A","#N/A","#N/A","#N/A"
b27e9825-0c00-45d6-8f96-6f4acda38b78,"#N/A","#N/A",false,Web,"#N/A","#N/A",Medium,"#N/A",New,Subject_vngxp,"#N/A","#N/A","#N/A","#N/A","#N/A"
b282952a-a65c-4e7d-9716-5e5d177014ea,"#N/A","#N/A",false,Web,"#N/A","#N/A",Medium,"#N/A",New,Subject_uhiru,"#N/A","#N/A","#N/A","#N/A","#N/A"
b284439c-ac94-4c71-8f50-79088a1eaf27,"#N/A","#N/A",false,Web,"#N/A","#N/A",Medium,"#N/A",New,Subject_ysxxb,"#N/A","#N/A","#N/A","#N/A","#N/A"
b2864aab-0e83-4921-8a9e-dd7dd8aa1d59,"#N/A","#N/A",false,Web,"#N/A","#N/A",Medium,"#N/A",New,Subject_jfsrt,"#N/A","#N/A","#N/A","#N/A","#N/A"
b2880d7f-e596-4e61-9e3d-25da6106d707,"#N/A","#N/A",false,Web,"#N/A","#N/A",Medium,"#N/A",New,Subject_iiago,"#N/A","#N/A","#N/A","#N/A","#N/A"
b288d2c0-d832-4be2-8192-1317f19c3632,"#N/A","#N/A",false,Web,"#N/A","#N/A",Medium,"#N/A",New,Subject_lkjjh,"#N/A","#N/A","#N/A","#N/A","#N/A"
b28b215b-8392-4da8-b489-1530d32fa5b9,"#N/A","#N/A",false,Web,"#N/A","#N/A",Medium,"#N/A",New,Subject_tpvck,"#N/A","#N/A","#N/A","#N/A","#N/A"
b28b7959-ca3a-4031-a5c1-93e7266790bc,"#N/A","#N/A",false,Web,"#N/A","#N/A",Medium,"#N/A",New,Subject_tjfok,"#N/A","#N/A","#N/A","#N/A","#N/A"
b28ec121-401e-4505-b9fb-c53f33153200,"#N/A","#N/A",false,Web,"#N/A","#N/A",Medium,"#N/A",New,Subject_wlytl,"#N/A","#N/A","#N/A","#N/A","#N/A"
b28ec234-5320-4892-9208-9809414530d5,"#N/A","#N/A",false,Web,"#N/A","#N/A",Medium,"#N/A",New,Subject_dgxxx,"#N/A","#N/A","#N/A","#N/A","#N/A"
b28f6429-1c1e-4e6a-ac8a-f03aca4fc2b7,"#N/A","#N/A",false,Web,"#N/A","#N/A",Medium,"#N/A",New,Subject_oxzoh,"#N/A","#N/A","#N/A","#N/A","#N/A"
b2902997-4e98-4684-966f-33da61fd11b4,"#N/A","#N/A",false,Web,"#N/A","#N/A",Medium,"#N/A",New,Subject_mczhy,"#N/A","#N/A","#N/A","#N/A","#N/A"
b291116d-0958-4681-9df0-96c79977415f,"#N/A","#N/A",false,Web,"#N/A","#N/A",Medium,"#N/A",New,Subject_ccoov,"#N/A","#N/A","#N/A","#N/A","#N/A"
b293bba5-b03e-4724-aeda-3f89d1124047,"#N/A","#N/A",false,Web,"#N/A","#N/A",Medium,"#N/A",New,Subject_dyaza,"#N/A","#N/A","#N/A","#N/A","#N/A"
b29993ab-7d00-4c07-b300-82cea029c9eb,"#N/A","#N/A",false,Web,"#N/A","#N/A",Medium,"#N/A",New,Subject_mtraj,"#N/A","#N/A","#N/A","#N/A","#N/A"
b29bf5eb-a498-4bf5-8565-719ed004bd3c,"#N/A","#N/A",false,Web,"#N/A","#N/A",Medium,"#N/A",New,Subject_cyggv,"#N/A","#N/A","#N/A","#N/A","#N/A"
b2a5c739-4618-4318-8609-d6c6b7fe673b,"#N/A","#N/A",false,Web,"#N/A","#N/A",Medium,"#N/A",New,Subject_nvhdu,"#N/A","#N/A","#N/A","#N/A","#N/A"
b2aa50bd-e971-47c2-86a4-fceedd907cb6,"#N/A","#N/A",false,Web,"#N/A","#N/A",Medium,"#N/A",New,Subject_gxtnv,"#N/A","#N/A","#N/A","#N/A","#N/A"
b2aec4a4-68e7-4190-80bd-0e681b8cb018,"#N/A","#N/A",false,Web,"#N/A","#N/A",Medium,"#N/A",New,Subject_rrmgn,"#N/A","#N/A","#N/A","#N/A","#N/A"
b2b084d8-6884-42a0-9fab-06c9575ca6d7,"#N/A","#N/A",false,Web,"#N/A","#N/A",Medium,"#N/A",New,Subject_qmmjz,"#N/A","#N/A","#N/A","#N/A","#N/A"
b2b9d37a-4581-4271-9edc-c7c75db5f772,"#N/A","#N/A",false,Web,"#N/A","#N/A",Medium,"#N/A",New,Subject_ulhuf,"#N/A","#N/A","#N/A","#N/A","#N/A"
b2bad06d-c333-486a-8fa1-81612984950e,"#N/A","#N/A",false,Web,"#N/A","#N/A",Medium,"#N/A",New,Subject_ynlgl,"#N/A","#N/A","#N/A","#N/A","#N/A"
b2bb92f5-c8f2-4a9a-88bd-5786ee4caeaf,"#N/A","#N/A",false,Web,"#N/A","#N/A",Medium,"#N/A",New,Subject_ofguf,"#N/A","#N/A","#N/A","#N/A","#N/A"
b2bce55e-58de-4963-b06f-10ba45668deb,"#N/A","#N/A",false,Web,"#N/A","#N/A",Medium,"#N/A",New,Subject_mzfdy,"#N/A","#N/A","#N/A","#N/A","#N/A"
b2be48cf-bbcb-4b2a-b2a7-985d168548dc,"#N/A","#N/A",false,Web,"#N/A","#N/A",Medium,"#N/A",New,Subject_lpmdx,"#N/A","#N/A","#N/A","#N/A","#N/A"
b2be521c-ed32-4c61-87b4-0d0c5d6ab075,"#N/A","#N/A",false,Web,"#N/A","#N/A",Medium,"#N/A",New,Subject_wtlkz,"#N/A","#N/A","#N/A","#N/A","#N/A"
b2c00dee-ecda-4777-974b-b941953e0c6e,"#N/A","#N/A",false,Web,"#N/A","#N/A",Medium,"#N/A",New,Subject_vhdsy,"#N/A","#N/A","#N/A","#N/A","#N/A"
b2c0190c-9440-478e-ab36-f7edb978f13a,"#N/A","#N/A",false,Web,"#N/A","#N/A",Medium,"#N/A",New,Subject_dkbye,"#N/A","#N/A","#N/A","#N/A","#N/A"
b2c17c1a-6150-4be5-9ffa-8ec7a5fc10a8,"#N/A","#N/A",false,Web,"#N/A","#N/A",Medium,"#N/A",New,Subject_xfpaq,"#N/A","#N/A","#N/A","#N/A","#N/A"
b2c44531-cfcd-40ff-a40b-02b046cb8b40,"#N/A","#N/A",false,Web,"#N/A","#N/A",Medium,"#N/A",New,Subject_mnyvp,"#N/A","#N/A","#N/A","#N/A","#N/A"
b2c5f826-9a98-4c99-b341-552e67150fa0,"#N/A","#N/A",false,Web,"#N/A","#N/A",Medium,"#N/A",New,Subject_jqghs,"#N/A","#N/A","#N/A","#N/A","#N/A"
b2c6ef8e-3f49-4ae2-9c8a-34cd8cd2e043,"#N/A","#N/A",false,Web,"#N/A","#N/A",Medium,"#N/A",New,Subject_iednf,"#N/A","#N/A","#N/A","#N/A","#N/A"
b2c737f1-28e7-4b2b-8f11-b2b190704e90,"#N/A","#N/A",false,Web,"#N/A","#N/A",Medium,"#N/A",New,Subject_mkzlc,"#N/A","#N/A","#N/A","#N/A","#N/A"
b2c8df41-4293-43a0-85c7-f4cfc393310d,"#N/A","#N/A",false,Web,"#N/A","#N/A",Medium,"#N/A",New,Subject_rtdbb,"#N/A","#N/A","#N/A","#N/A","#N/A"
b2cc72a8-aa02-40e4-8d68-26f5cadfdf4e,"#N/A","#N/A",false,Web,"#N/A","#N/A",Medium,"#N/A",New,Subject_ciwpo,"#N/A","#N/A","#N/A","#N/A","#N/A"
b2ce6a42-430c-4212-82c4-702771a5af38,"#N/A","#N/A",false,Web,"#N/A","#N/A",Medium,"#N/A",New,Subject_btzqz,"#N/A","#N/A","#N/A","#N/A","#N/A"
b2ce6c0b-6149-46d2-9bb0-3056ee785e3a,"#N/A","#N/A",false,Web,"#N/A","#N/A",Medium,"#N/A",New,Subject_leljf,"#N/A","#N/A","#N/A","#N/A","#N/A"
b2cf5043-583d-4015-8f30-be21905246c5,"#N/A","#N/A",false,Web,"#N/A","#N/A",Medium,"#N/A",New,Subject_oqvpa,"#N/A","#N/A","#N/A","#N/A","#N/A"
b2cfd742-6cfd-4154-b8c9-06d537131612,"#N/A","#N/A",false,Web,"#N/A","#N/A",Medium,"#N/A",New,Subject_rniqd,"#N/A","#N/A","#N/A","#N/A","#N/A"
b2d0c7fa-ccd1-413a-977f-0c8354416e46,"#N/A","#N/A",false,Web,"#N/A","#N/A",Medium,"#N/A",New,Subject_arvim,"#N/A","#N/A","#N/A","#N/A","#N/A"
b2d53ce0-1b7b-4198-ab6b-fafb6b51c4f7,"#N/A","#N/A",false,Web,"#N/A","#N/A",Medium,"#N/A",New,Subject_goohq,"#N/A","#N/A","#N/A","#N/A","#N/A"
b2dc69c6-953a-412a-86ce-fa8841ae2015,"#N/A","#N/A",false,Web,"#N/A","#N/A",Medium,"#N/A",New,Subject_nwvlu,"#N/A","#N/A","#N/A","#N/A","#N/A"
b2dca7b3-6cb9-42c1-ae41-2abf2d92be74,"#N/A","#N/A",false,Web,"#N/A","#N/A",Medium,"#N/A",New,Subject_smbij,"#N/A","#N/A","#N/A","#N/A","#N/A"
b2dffaa1-7b03-45f8-8b2d-086661b8f063,"#N/A","#N/A",false,Web,"#N/A","#N/A",Medium,"#N/A",New,Subject_javxs,"#N/A","#N/A","#N/A","#N/A","#N/A"
b2e12579-52c2-4385-be42-80e7aa690a12,"#N/A","#N/A",false,Web,"#N/A","#N/A",Medium,"#N/A",New,Subject_odfdl,"#N/A","#N/A","#N/A","#N/A","#N/A"
b2e1c193-be6f-460a-ba9a-d2d726120d90,"#N/A","#N/A",false,Web,"#N/A","#N/A",Medium,"#N/A",New,Subject_wdgqn,"#N/A","#N/A","#N/A","#N/A","#N/A"
b2e8663a-d1eb-4500-96c1-67609f752272,"#N/A","#N/A",false,Web,"#N/A","#N/A",Medium,"#N/A",New,Subject_xdefd,"#N/A","#N/A","#N/A","#N/A","#N/A"
b2ea06c8-f83d-4489-a0e0-4d5885f8f515,"#N/A","#N/A",false,Web,"#N/A","#N/A",Medium,"#N/A",New,Subject_wwdfc,"#N/A","#N/A","#N/A","#N/A","#N/A"
b2ec6f49-7816-4352-ac4e-73b76bbdbb7a,"#N/A","#N/A",false,Web,"#N/A","#N/A",Medium,"#N/A",New,Subject_dbxua,"#N/A","#N/A","#N/A","#N/A","#N/A"
b2ee6406-7a16-4dc4-be97-a39089d6d460,"#N/A","#N/A",false,Web,"#N/A","#N/A",Medium,"#N/A",New,Subject_hymxd,"#N/A","#N/A","#N/A","#N/A","#N/A"
b2ef6ed7-4110-4549-af2d-8df4031e7a38,"#N/A","#N/A",false,Web,"#N/A","#N/A",Medium,"#N/A",New,Subject_yqjxp,"#N/A","#N/A","#N/A","#N/A","#N/A"
b2efdc84-3223-45d5-896a-33a91b54888e,"#N/A","#N/A",false,Web,"#N/A","#N/A",Medium,"#N/A",New,Subject_rtvah,"#N/A","#N/A","#N/A","#N/A","#N/A"
b2f02dcf-1b9e-4272-824b-85f33311d1b3,"#N/A","#N/A",false,Web,"#N/A","#N/A",Medium,"#N/A",New,Subject_hwpvv,"#N/A","#N/A","#N/A","#N/A","#N/A"
b2f0986c-f8cc-4f1f-85ef-df68a1b6a023,"#N/A","#N/A",false,Web,"#N/A","#N/A",Medium,"#N/A",New,Subject_swhad,"#N/A","#N/A","#N/A","#N/A","#N/A"
b2f1695c-d4a3-4916-81eb-7abec3ffbaed,"#N/A","#N/A",false,Web,"#N/A","#N/A",Medium,"#N/A",New,Subject_ugkzk,"#N/A","#N/A","#N/A","#N/A","#N/A"
b2f1e8fd-5804-42a7-81b0-5299f3dbdbaf,"#N/A","#N/A",false,Web,"#N/A","#N/A",Medium,"#N/A",New,Subject_ddbua,"#N/A","#N/A","#N/A","#N/A","#N/A"
b2f2a774-fb0a-416f-a217-5ea5c66653a7,"#N/A","#N/A",false,Web,"#N/A","#N/A",Medium,"#N/A",New,Subject_mopii,"#N/A","#N/A","#N/A","#N/A","#N/A"
b2f5aa4f-d927-4b5e-af4b-5842211ebfda,"#N/A","#N/A",false,Web,"#N/A","#N/A",Medium,"#N/A",New,Subject_woqgv,"#N/A","#N/A","#N/A","#N/A","#N/A"
b2f5b8ed-86bc-4f2c-8ed9-8fa5c356abed,"#N/A","#N/A",false,Web,"#N/A","#N/A",Medium,"#N/A",New,Subject_mogvd,"#N/A","#N/A","#N/A","#N/A","#N/A"
b2f5f77a-479b-437c-b22a-9639dfae3661,"#N/A","#N/A",false,Web,"#N/A","#N/A",Medium,"#N/A",New,Subject_pwuqk,"#N/A","#N/A","#N/A","#N/A","#N/A"
b2f7c65d-ae8e-4009-a1f6-1b5031d1e9e0,"#N/A","#N/A",false,Web,"#N/A","#N/A",Medium,"#N/A",New,Subject_ovlbo,"#N/A","#N/A","#N/A","#N/A","#N/A"
b2f8d47b-124d-41ac-b729-afb2e8c980b3,"#N/A","#N/A",false,Web,"#N/A","#N/A",Medium,"#N/A",New,Subject_ptjnt,"#N/A","#N/A","#N/A","#N/A","#N/A"
b2fd3aa9-80db-4e69-99ea-9258dda61470,"#N/A","#N/A",false,Web,"#N/A","#N/A",Medium,"#N/A",New,Subject_jypkx,"#N/A","#N/A","#N/A","#N/A","#N/A"
b301efdc-7ff7-4ad2-8be3-242f69f9bee7,"#N/A","#N/A",false,Web,"#N/A","#N/A",Medium,"#N/A",New,Subject_rkuhp,"#N/A","#N/A","#N/A","#N/A","#N/A"
b303bcf6-284e-4f74-a6e1-238b85afb775,"#N/A","#N/A",false,Web,"#N/A","#N/A",Medium,"#N/A",New,Subject_vyogz,"#N/A","#N/A","#N/A","#N/A","#N/A"
b305abfb-439f-433a-95f2-592ce3be5984,"#N/A","#N/A",false,Web,"#N/A","#N/A",Medium,"#N/A",New,Subject_kogqw,"#N/A","#N/A","#N/A","#N/A","#N/A"
b306fcf1-5dcb-42a0-a5e2-2f0e6d69ba7d,"#N/A","#N/A",false,Web,"#N/A","#N/A",Medium,"#N/A",New,Subject_bofxe,"#N/A","#N/A","#N/A","#N/A","#N/A"
b307a66c-ef22-47f0-9031-bf937a974741,"#N/A","#N/A",false,Web,"#N/A","#N/A",Medium,"#N/A",New,Subject_omcxu,"#N/A","#N/A","#N/A","#N/A","#N/A"
b3091c74-521e-4b5b-8371-96de68db8d56,"#N/A","#N/A",false,Web,"#N/A","#N/A",Medium,"#N/A",New,Subject_zlvui,"#N/A","#N/A","#N/A","#N/A","#N/A"
b30964bd-1a42-4eb5-9f3d-1eb155229056,"#N/A","#N/A",false,Web,"#N/A","#N/A",Medium,"#N/A",New,Subject_mvmbp,"#N/A","#N/A","#N/A","#N/A","#N/A"
b30ae898-64c8-4d36-9e42-61b4842003b7,"#N/A","#N/A",false,Web,"#N/A","#N/A",Medium,"#N/A",New,Subject_tuqud,"#N/A","#N/A","#N/A","#N/A","#N/A"
b30dec7b-ccf4-4ff8-9fe0-d9363eac037c,"#N/A","#N/A",false,Web,"#N/A","#N/A",Medium,"#N/A",New,Subject_rzodv,"#N/A","#N/A","#N/A","#N/A","#N/A"
b30e75da-b31d-432d-834a-8946757e0341,"#N/A","#N/A",false,Web,"#N/A","#N/A",Medium,"#N/A",New,Subject_ozwcv,"#N/A","#N/A","#N/A","#N/A","#N/A"
b30eab16-e796-4e46-8818-14e3e2d626c1,"#N/A","#N/A",false,Web,"#N/A","#N/A",Medium,"#N/A",New,Subject_fqada,"#N/A","#N/A","#N/A","#N/A","#N/A"
b3112eb1-2283-4031-9812-1bc9428c6de0,"#N/A","#N/A",false,Web,"#N/A","#N/A",Medium,"#N/A",New,Subject_qtnun,"#N/A","#N/A","#N/A","#N/A","#N/A"
b312f908-9fe1-4166-a442-20c0848a67d7,"#N/A","#N/A",false,Web,"#N/A","#N/A",Medium,"#N/A",New,Subject_hipxe,"#N/A","#N/A","#N/A","#N/A","#N/A"
b31821fb-6f2e-4245-92f1-217f6859c198,"#N/A","#N/A",false,Web,"#N/A","#N/A",Medium,"#N/A",New,Subject_bpuqz,"#N/A","#N/A","#N/A","#N/A","#N/A"
b31bdce9-ebc4-4bda-b47c-8996cc077b86,"#N/A","#N/A",false,Web,"#N/A","#N/A",Medium,"#N/A",New,Subject_qsbuv,"#N/A","#N/A","#N/A","#N/A","#N/A"
b31e0669-f08d-417b-84d1-7f1d9ddd8c85,"#N/A","#N/A",false,Web,"#N/A","#N/A",Medium,"#N/A",New,Subject_qdkeu,"#N/A","#N/A","#N/A","#N/A","#N/A"
b3230d4f-383d-4746-8a2a-e0567fadcad1,"#N/A","#N/A",false,Web,"#N/A","#N/A",Medium,"#N/A",New,Subject_xkuag,"#N/A","#N/A","#N/A","#N/A","#N/A"
b326cd03-3bc1-4e78-bde6-d9e637943d4c,"#N/A","#N/A",false,Web,"#N/A","#N/A",Medium,"#N/A",New,Subject_ehbmp,"#N/A","#N/A","#N/A","#N/A","#N/A"
b328688c-361f-453e-9a04-b29ca29276d5,"#N/A","#N/A",false,Web,"#N/A","#N/A",Medium,"#N/A",New,Subject_bgabf,"#N/A","#N/A","#N/A","#N/A","#N/A"
b32bc3e9-d7f2-4a9f-9e63-d5d658af3d44,"#N/A","#N/A",false,Web,"#N/A","#N/A",Medium,"#N/A",New,Subject_egysu,"#N/A","#N/A","#N/A","#N/A","#N/A"
b32be703-3c96-4f5c-ac1c-f612d0aa9979,"#N/A","#N/A",false,Web,"#N/A","#N/A",Medium,"#N/A",New,Subject_ftmcr,"#N/A","#N/A","#N/A","#N/A","#N/A"
b32fe576-d35e-405d-9df9-e6e947402ed7,"#N/A","#N/A",false,Web,"#N/A","#N/A",Medium,"#N/A",New,Subject_nxivr,"#N/A","#N/A","#N/A","#N/A","#N/A"
b33077ae-257b-43bc-aa63-ff56efb57659,"#N/A","#N/A",false,Web,"#N/A","#N/A",Medium,"#N/A",New,Subject_mpecd,"#N/A","#N/A","#N/A","#N/A","#N/A"
b33342bf-f6d0-4566-8078-c8e88bd8f41b,"#N/A","#N/A",false,Web,"#N/A","#N/A",Medium,"#N/A",New,Subject_msijz,"#N/A","#N/A","#N/A","#N/A","#N/A"
b335c855-076a-4ecf-bae3-868d384bdd42,"#N/A","#N/A",false,Web,"#N/A","#N/A",Medium,"#N/A",New,Subject_rpbyq,"#N/A","#N/A","#N/A","#N/A","#N/A"
b33852aa-0e2b-4b06-8a8a-e1390cd3a69d,"#N/A","#N/A",false,Web,"#N/A","#N/A",Medium,"#N/A",New,Subject_ceiti,"#N/A","#N/A","#N/A","#N/A","#N/A"
b338c854-d415-4b70-a241-2d9d17b72da3,"#N/A","#N/A",false,Web,"#N/A","#N/A",Medium,"#N/A",New,Subject_rpine,"#N/A","#N/A","#N/A","#N/A","#N/A"
b3397c86-8c6a-4c3b-8920-8054f5b20d70,"#N/A","#N/A",false,Web,"#N/A","#N/A",Medium,"#N/A",New,Subject_couiv,"#N/A","#N/A","#N/A","#N/A","#N/A"
b339a83e-1fca-4343-875c-3193960e41b0,"#N/A","#N/A",false,Web,"#N/A","#N/A",Medium,"#N/A",New,Subject_nwcue,"#N/A","#N/A","#N/A","#N/A","#N/A"
b33e2c0e-f743-468d-aa46-b9063e83e294,"#N/A","#N/A",false,Web,"#N/A","#N/A",Medium,"#N/A",New,Subject_lhkay,"#N/A","#N/A","#N/A","#N/A","#N/A"
b340cb1e-fb3d-4b0f-84a8-3fe61b5feb3a,"#N/A","#N/A",false,Web,"#N/A","#N/A",Medium,"#N/A",New,Subject_hvaqq,"#N/A","#N/A","#N/A","#N/A","#N/A"
b3425a0a-e8e2-4940-a38c-540e5214ad8e,"#N/A","#N/A",false,Web,"#N/A","#N/A",Medium,"#N/A",New,Subject_tpabs,"#N/A","#N/A","#N/A","#N/A","#N/A"
b3427d2d-4938-4cda-85fb-bf10b7678633,"#N/A","#N/A",false,Web,"#N/A","#N/A",Medium,"#N/A",New,Subject_gnixy,"#N/A","#N/A","#N/A","#N/A","#N/A"
b3473469-1a55-4d2a-8050-ac4482d66bfc,"#N/A","#N/A",false,Web,"#N/A","#N/A",Medium,"#N/A",New,Subject_pyqwe,"#N/A","#N/A","#N/A","#N/A","#N/A"
b3488e7e-db4d-4675-b364-01598fcbd9b1,"#N/A","#N/A",false,Web,"#N/A","#N/A",Medium,"#N/A",New,Subject_pusap,"#N/A","#N/A","#N/A","#N/A","#N/A"
b34b0b05-b517-4515-8843-68b20b56eba9,"#N/A","#N/A",false,Web,"#N/A","#N/A",Medium,"#N/A",New,Subject_qydjo,"#N/A","#N/A","#N/A","#N/A","#N/A"
b34b4c54-f678-49aa-a88d-acdc53586a7d,"#N/A","#N/A",false,Web,"#N/A","#N/A",Medium,"#N/A",New,Subject_bviey,"#N/A","#N/A","#N/A","#N/A","#N/A"
b34d023e-e68a-428f-8271-c20049b91bf3,"#N/A","#N/A",false,Web,"#N/A","#N/A",Medium,"#N/A",New,Subject_vqfwe,"#N/A","#N/A","#N/A","#N/A","#N/A"
b352266d-bfc4-4338-a52b-129c480f8ed6,"#N/A","#N/A",false,Web,"#N/A","#N/A",Medium,"#N/A",New,Subject_kxctf,"#N/A","#N/A","#N/A","#N/A","#N/A"
b352b3b6-51d2-431c-b607-75e32e2f5e91,"#N/A","#N/A",false,Web,"#N/A","#N/A",Medium,"#N/A",New,Subject_cpgld,"#N/A","#N/A","#N/A","#N/A","#N/A"
b354fa0d-39ba-4d30-8463-200b1fe344a9,"#N/A","#N/A",false,Web,"#N/A","#N/A",Medium,"#N/A",New,Subject_xjump,"#N/A","#N/A","#N/A","#N/A","#N/A"
b3573dee-057b-4648-b021-5c42d7d0d3d7,"#N/A","#N/A",false,Web,"#N/A","#N/A",Medium,"#N/A",New,Subject_lmhnc,"#N/A","#N/A","#N/A","#N/A","#N/A"
b357c659-0f60-42f2-b735-5dd6c19dae8c,"#N/A","#N/A",false,Web,"#N/A","#N/A",Medium,"#N/A",New,Subject_xyitz,"#N/A","#N/A","#N/A","#N/A","#N/A"
b3626943-c9cd-4732-b2a1-806682bc26a2,"#N/A","#N/A",false,Web,"#N/A","#N/A",Medium,"#N/A",New,Subject_llnft,"#N/A","#N/A","#N/A","#N/A","#N/A"
b363a138-9c34-41b1-b371-8a69fe70806e,"#N/A","#N/A",false,Web,"#N/A","#N/A",Medium,"#N/A",New,Subject_whjel,"#N/A","#N/A","#N/A","#N/A","#N/A"
b3666cc1-1f9e-4892-a498-c822d94f2194,"#N/A","#N/A",false,Web,"#N/A","#N/A",Medium,"#N/A",New,Subject_hnuud,"#N/A","#N/A","#N/A","#N/A","#N/A"
b366d317-b044-43c6-a376-ef5309f32492,"#N/A","#N/A",false,Web,"#N/A","#N/A",Medium,"#N/A",New,Subject_awvfv,"#N/A","#N/A","#N/A","#N/A","#N/A"
b367f4c6-e428-45f2-b02c-38c5431103c3,"#N/A","#N/A",false,Web,"#N/A","#N/A",Medium,"#N/A",New,Subject_jvnhv,"#N/A","#N/A","#N/A","#N/A","#N/A"
b36d1f36-dceb-4f11-be1e-d685e20ee442,"#N/A","#N/A",false,Web,"#N/A","#N/A",Medium,"#N/A",New,Subject_kxrbi,"#N/A","#N/A","#N/A","#N/A","#N/A"
b376e877-fd2b-44c1-bd4e-588138e628d8,"#N/A","#N/A",false,Web,"#N/A","#N/A",Medium,"#N/A",New,Subject_wtuik,"#N/A","#N/A","#N/A","#N/A","#N/A"
b3778945-fdd7-401d-bcdc-ad2e2b33337e,"#N/A","#N/A",false,Web,"#N/A","#N/A",Medium,"#N/A",New,Subject_lhkft,"#N/A","#N/A","#N/A","#N/A","#N/A"
b37877b8-c103-4495-9de6-8a9445f9a5ce,"#N/A","#N/A",false,Web,"#N/A","#N/A",Medium,"#N/A",New,Subject_yxdtn,"#N/A","#N/A","#N/A","#N/A","#N/A"
b379d586-88db-4273-8b16-bd0f7abb8818,"#N/A","#N/A",false,Web,"#N/A","#N/A",Medium,"#N/A",New,Subject_tfxbg,"#N/A","#N/A","#N/A","#N/A","#N/A"
b37b7ab6-d9a9-4353-9b7c-4e828d5630f9,"#N/A","#N/A",false,Web,"#N/A","#N/A",Medium,"#N/A",New,Subject_aljss,"#N/A","#N/A","#N/A","#N/A","#N/A"
b384abb2-559e-4994-adf6-2399a5bb3830,"#N/A","#N/A",false,Web,"#N/A","#N/A",Medium,"#N/A",New,Subject_eyqbk,"#N/A","#N/A","#N/A","#N/A","#N/A"
b385b34e-ee7e-4e79-885e-a49ab0f4ec51,"#N/A","#N/A",false,Web,"#N/A","#N/A",Medium,"#N/A",New,Subject_tbdrc,"#N/A","#N/A","#N/A","#N/A","#N/A"
b385c85b-478a-47a3-bccc-d82455266a37,"#N/A","#N/A",false,Web,"#N/A","#N/A",Medium,"#N/A",New,Subject_hyuyg,"#N/A","#N/A","#N/A","#N/A","#N/A"
b3871cb1-f90d-45a2-83f4-7b6e04272956,"#N/A","#N/A",false,Web,"#N/A","#N/A",Medium,"#N/A",New,Subject_ygfkk,"#N/A","#N/A","#N/A","#N/A","#N/A"
b38821f8-5313-459a-9b93-7adf513a5f57,"#N/A","#N/A",false,Web,"#N/A","#N/A",Medium,"#N/A",New,Subject_jyqdo,"#N/A","#N/A","#N/A","#N/A","#N/A"
b389dcfa-4bf0-44c9-991e-5850a37af087,"#N/A","#N/A",false,Web,"#N/A","#N/A",Medium,"#N/A",New,Subject_bbigh,"#N/A","#N/A","#N/A","#N/A","#N/A"
b38aedd0-2f79-4459-8277-01fc51b9cb86,"#N/A","#N/A",false,Web,"#N/A","#N/A",Medium,"#N/A",New,Subject_zpagn,"#N/A","#N/A","#N/A","#N/A","#N/A"
b38b1586-dac7-4044-85b7-b7d69794947d,"#N/A","#N/A",false,Web,"#N/A","#N/A",Medium,"#N/A",New,Subject_ytbck,"#N/A","#N/A","#N/A","#N/A","#N/A"
b38c078a-510f-42bf-b4e7-eba81540b031,"#N/A","#N/A",false,Web,"#N/A","#N/A",Medium,"#N/A",New,Subject_ovemd,"#N/A","#N/A","#N/A","#N/A","#N/A"
b38cae6d-62f7-424c-a6f6-ae23aa96081d,"#N/A","#N/A",false,Web,"#N/A","#N/A",Medium,"#N/A",New,Subject_kakxy,"#N/A","#N/A","#N/A","#N/A","#N/A"
b38d5417-204f-4a00-87c9-ac7339f1d06f,"#N/A","#N/A",false,Web,"#N/A","#N/A",Medium,"#N/A",New,Subject_xiejn,"#N/A","#N/A","#N/A","#N/A","#N/A"
b391cfa8-e0e2-4729-ac31-8d021ab7e762,"#N/A","#N/A",false,Web,"#N/A","#N/A",Medium,"#N/A",New,Subject_webcv,"#N/A","#N/A","#N/A","#N/A","#N/A"
b3941141-40bd-4749-a875-d829bba3a5d0,"#N/A","#N/A",false,Web,"#N/A","#N/A",Medium,"#N/A",New,Subject_pkgjh,"#N/A","#N/A","#N/A","#N/A","#N/A"
b39bc49a-8fac-418c-b03b-ad3d578e179c,"#N/A","#N/A",false,Web,"#N/A","#N/A",Medium,"#N/A",New,Subject_wnzod,"#N/A","#N/A","#N/A","#N/A","#N/A"
b39cbd03-9333-4f83-b5ee-ac7bbd2dfae7,"#N/A","#N/A",false,Web,"#N/A","#N/A",Medium,"#N/A",New,Subject_fvqsn,"#N/A","#N/A","#N/A","#N/A","#N/A"
b39e2310-fabd-4f1f-b9b7-cac6a3c55702,"#N/A","#N/A",false,Web,"#N/A","#N/A",Medium,"#N/A",New,Subject_htetg,"#N/A","#N/A","#N/A","#N/A","#N/A"
b39e403b-25ba-4292-90b1-110cfd4f173e,"#N/A","#N/A",false,Web,"#N/A","#N/A",Medium,"#N/A",New,Subject_ofrzc,"#N/A","#N/A","#N/A","#N/A","#N/A"
b3a1b6d9-2f4e-4aec-b225-83c9d2172d68,"#N/A","#N/A",false,Web,"#N/A","#N/A",Medium,"#N/A",New,Subject_rehcp,"#N/A","#N/A","#N/A","#N/A","#N/A"
b3a41096-cd11-474e-8bb5-4f58161aecfd,"#N/A","#N/A",false,Web,"#N/A","#N/A",Medium,"#N/A",New,Subject_crixz,"#N/A","#N/A","#N/A","#N/A","#N/A"
b3ae2729-5f5f-4f24-b1e1-85a0e8f441c2,"#N/A","#N/A",false,Web,"#N/A","#N/A",Medium,"#N/A",New,Subject_ivudf,"#N/A","#N/A","#N/A","#N/A","#N/A"
b3aeb1cd-40f0-46e7-9573-385b46bd364c,"#N/A","#N/A",false,Web,"#N/A","#N/A",Medium,"#N/A",New,Subject_tmxll,"#N/A","#N/A","#N/A","#N/A","#N/A"
b3b2073e-65b3-4042-8db9-31202979eb13,"#N/A","#N/A",false,Web,"#N/A","#N/A",Medium,"#N/A",New,Subject_ooint,"#N/A","#N/A","#N/A","#N/A","#N/A"
b3b287e5-1cf2-4747-b443-a6cef8cb9e1c,"#N/A","#N/A",false,Web,"#N/A","#N/A",Medium,"#N/A",New,Subject_yucmy,"#N/A","#N/A","#N/A","#N/A","#N/A"
b3b32bf2-5a24-4d00-8c84-9d7665d79ed0,"#N/A","#N/A",false,Web,"#N/A","#N/A",Medium,"#N/A",New,Subject_uousl,"#N/A","#N/A","#N/A","#N/A","#N/A"
b3b48f76-3213-439e-bf60-7f7a702e1961,"#N/A","#N/A",false,Web,"#N/A","#N/A",Medium,"#N/A",New,Subject_cjlop,"#N/A","#N/A","#N/A","#N/A","#N/A"
b3b6aa08-862b-4922-85f7-83f973c1bc3b,"#N/A","#N/A",false,Web,"#N/A","#N/A",Medium,"#N/A",New,Subject_jmagu,"#N/A","#N/A","#N/A","#N/A","#N/A"
b3baa27e-8f8b-4a46-b1bd-36369fda5ec5,"#N/A","#N/A",false,Web,"#N/A","#N/A",Medium,"#N/A",New,Subject_lnatk,"#N/A","#N/A","#N/A","#N/A","#N/A"
b3bbb4eb-e420-42c4-84d4-b0c7979ae461,"#N/A","#N/A",false,Web,"#N/A","#N/A",Medium,"#N/A",New,Subject_autoj,"#N/A","#N/A","#N/A","#N/A","#N/A"
b3bc07f8-74ef-4ed7-8807-17340c3bfc87,"#N/A","#N/A",false,Web,"#N/A","#N/A",Medium,"#N/A",New,Subject_ziqay,"#N/A","#N/A","#N/A","#N/A","#N/A"
b3bc74be-aabe-4a17-93c2-ecd7be6916ed,"#N/A","#N/A",false,Web,"#N/A","#N/A",Medium,"#N/A",New,Subject_esuev,"#N/A","#N/A","#N/A","#N/A","#N/A"
b3c08a46-ab19-4012-a77e-698794c5bb18,"#N/A","#N/A",false,Web,"#N/A","#N/A",Medium,"#N/A",New,Subject_thpna,"#N/A","#N/A","#N/A","#N/A","#N/A"
b3c49543-e315-46fb-84e3-6a86b49b343a,"#N/A","#N/A",false,Web,"#N/A","#N/A",Medium,"#N/A",New,Subject_lmumv,"#N/A","#N/A","#N/A","#N/A","#N/A"
b3c989ac-efcd-4084-96c8-992d77449acc,"#N/A","#N/A",false,Web,"#N/A","#N/A",Medium,"#N/A",New,Subject_uroxn,"#N/A","#N/A","#N/A","#N/A","#N/A"
b3cdfb5f-2e93-45cf-9893-47e9cf72d22f,"#N/A","#N/A",false,Web,"#N/A","#N/A",Medium,"#N/A",New,Subject_glytp,"#N/A","#N/A","#N/A","#N/A","#N/A"
b3d141e4-2126-4607-9df7-9bf3bb087277,"#N/A","#N/A",false,Web,"#N/A","#N/A",Medium,"#N/A",New,Subject_icfdf,"#N/A","#N/A","#N/A","#N/A","#N/A"
b3d257f8-7849-40e8-b26b-f4ce47faec72,"#N/A","#N/A",false,Web,"#N/A","#N/A",Medium,"#N/A",New,Subject_draou,"#N/A","#N/A","#N/A","#N/A","#N/A"
b3d26baf-7ab3-47d3-bc40-42a81eaf4c4c,"#N/A","#N/A",false,Web,"#N/A","#N/A",Medium,"#N/A",New,Subject_ooaqh,"#N/A","#N/A","#N/A","#N/A","#N/A"
b3d47e45-d544-48c3-b373-fd658cb133f3,"#N/A","#N/A",false,Web,"#N/A","#N/A",Medium,"#N/A",New,Subject_nbexe,"#N/A","#N/A","#N/A","#N/A","#N/A"
b3d7e60f-25d4-450c-a0ec-f534ba223ce0,"#N/A","#N/A",false,Web,"#N/A","#N/A",Medium,"#N/A",New,Subject_hejvo,"#N/A","#N/A","#N/A","#N/A","#N/A"
b3dadec8-1faf-4e95-9c63-03190cf28fbd,"#N/A","#N/A",false,Web,"#N/A","#N/A",Medium,"#N/A",New,Subject_ofrzl,"#N/A","#N/A","#N/A","#N/A","#N/A"
b3ded809-58e1-43a4-9979-a29546ff2351,"#N/A","#N/A",false,Web,"#N/A","#N/A",Medium,"#N/A",New,Subject_tcdvt,"#N/A","#N/A","#N/A","#N/A","#N/A"
b3e2f9d5-367b-48f0-afdd-16fc9c9210d0,"#N/A","#N/A",false,Web,"#N/A","#N/A",Medium,"#N/A",New,Subject_ozdlw,"#N/A","#N/A","#N/A","#N/A","#N/A"
b3e9ff0c-3faa-4e52-9242-d964a0008f43,"#N/A","#N/A",false,Web,"#N/A","#N/A",Medium,"#N/A",New,Subject_dxlpd,"#N/A","#N/A","#N/A","#N/A","#N/A"
b3f01589-671c-4687-9c06-b548d1fea433,"#N/A","#N/A",false,Web,"#N/A","#N/A",Medium,"#N/A",New,Subject_eivvl,"#N/A","#N/A","#N/A","#N/A","#N/A"
b3f17080-6093-4b5f-a1fe-f92584a14467,"#N/A","#N/A",false,Web,"#N/A","#N/A",Medium,"#N/A",New,Subject_iuxjs,"#N/A","#N/A","#N/A","#N/A","#N/A"
b3f30f51-15ff-4730-aa0d-869db97e5039,"#N/A","#N/A",false,Web,"#N/A","#N/A",Medium,"#N/A",New,Subject_eodgf,"#N/A","#N/A","#N/A","#N/A","#N/A"
b3f3cbb4-55c6-4f7f-ae17-27b10ead52b2,"#N/A","#N/A",false,Web,"#N/A","#N/A",Medium,"#N/A",New,Subject_ervdo,"#N/A","#N/A","#N/A","#N/A","#N/A"
b3f785d6-1fa9-4f1d-bb89-46a998858e28,"#N/A","#N/A",false,Web,"#N/A","#N/A",Medium,"#N/A",New,Subject_efgxb,"#N/A","#N/A","#N/A","#N/A","#N/A"
b3f95164-a54e-461e-8417-e9f71d9e4df5,"#N/A","#N/A",false,Web,"#N/A","#N/A",Medium,"#N/A",New,Subject_atxei,"#N/A","#N/A","#N/A","#N/A","#N/A"
b3fe19fc-82ab-4965-8ef1-129c5b2d0b82,"#N/A","#N/A",false,Web,"#N/A","#N/A",Medium,"#N/A",New,Subject_vynfj,"#N/A","#N/A","#N/A","#N/A","#N/A"
b403f786-2518-4f3e-9b08-f88de8bddee8,"#N/A","#N/A",false,Web,"#N/A","#N/A",Medium,"#N/A",New,Subject_egwch,"#N/A","#N/A","#N/A","#N/A","#N/A"
b4053ddd-56aa-44f8-97ff-4bae3ffb25b9,"#N/A","#N/A",false,Web,"#N/A","#N/A",Medium,"#N/A",New,Subject_brgxq,"#N/A","#N/A","#N/A","#N/A","#N/A"
b40970fb-b5c0-474c-9230-5a661bc2cab2,"#N/A","#N/A",false,Web,"#N/A","#N/A",Medium,"#N/A",New,Subject_elgkj,"#N/A","#N/A","#N/A","#N/A","#N/A"
b40a55af-c2f6-41fc-8a14-f09afff20579,"#N/A","#N/A",false,Web,"#N/A","#N/A",Medium,"#N/A",New,Subject_xjlzd,"#N/A","#N/A","#N/A","#N/A","#N/A"
b40c011a-3bb4-41ad-bd95-1bba645eb036,"#N/A","#N/A",false,Web,"#N/A","#N/A",Medium,"#N/A",New,Subject_iozhx,"#N/A","#N/A","#N/A","#N/A","#N/A"
b40f067f-eb08-4cad-80c7-4335f07706fd,"#N/A","#N/A",false,Web,"#N/A","#N/A",Medium,"#N/A",New,Subject_tvlol,"#N/A","#N/A","#N/A","#N/A","#N/A"
b410d1c2-8064-4c51-ac97-ef09e35d9deb,"#N/A","#N/A",false,Email,"#N/A","#N/A",Medium,"#N/A",Escalated,SUBJECT_EDITED,"#N/A","#N/A","#N/A","#N/A","#N/A"
b412f260-93de-41a8-93d1-36edfaf7cc0a,"#N/A","#N/A",false,Web,"#N/A","#N/A",Medium,"#N/A",New,Subject_gklfl,"#N/A","#N/A","#N/A","#N/A","#N/A"
b41962b5-d54e-45f3-8592-ac0f9dfb9c0e,"#N/A","#N/A",false,Web,"#N/A","#N/A",Medium,"#N/A",New,Subject_aedrc,"#N/A","#N/A","#N/A","#N/A","#N/A"
b419b765-924e-49df-ad5f-7d34543f5070,"#N/A","#N/A",false,Web,"#N/A","#N/A",Medium,"#N/A",New,Subject_pkwxx,"#N/A","#N/A","#N/A","#N/A","#N/A"
b41c84ff-6756-4714-ad4b-530669ada258,"#N/A","#N/A",false,Web,"#N/A","#N/A",Medium,"#N/A",New,Subject_jvmso,"#N/A","#N/A","#N/A","#N/A","#N/A"
b41e8ce3-50a7-4a5e-86e7-20687ce484be,"#N/A","#N/A",false,Web,"#N/A","#N/A",Medium,"#N/A",New,Subject_vimey,"#N/A","#N/A","#N/A","#N/A","#N/A"
b4287d85-6267-45e2-afcc-65b0dfc3a342,"#N/A","#N/A",false,Web,"#N/A","#N/A",Medium,"#N/A",New,Subject_mfzgl,"#N/A","#N/A","#N/A","#N/A","#N/A"
b42aa552-0424-43b7-8db5-1c0db6fa12b7,"#N/A","#N/A",false,Web,"#N/A","#N/A",Medium,"#N/A",New,Subject_pnjqy,"#N/A","#N/A","#N/A","#N/A","#N/A"
b42d4114-b983-4d33-974f-45f3867ac4cf,"#N/A","#N/A",false,Web,"#N/A","#N/A",Medium,"#N/A",New,Subject_xcstv,"#N/A","#N/A","#N/A","#N/A","#N/A"
b4323c08-2d5e-4da3-9bbf-fc8566485542,"#N/A","#N/A",false,Web,"#N/A","#N/A",Medium,"#N/A",New,Subject_cmupz,"#N/A","#N/A","#N/A","#N/A","#N/A"
b4326c0c-c231-4072-a38c-753fbb0188fb,"#N/A","#N/A",false,Web,"#N/A","#N/A",Medium,"#N/A",New,Subject_fewdp,"#N/A","#N/A","#N/A","#N/A","#N/A"
b433c60e-5b39-4eca-9613-34d8cfc0fd2a,"#N/A","#N/A",false,Web,"#N/A","#N/A",Medium,"#N/A",New,Subject_edkdj,"#N/A","#N/A","#N/A","#N/A","#N/A"
b4380f8e-7153-468b-801a-7c8f0f8c5dfc,"#N/A","#N/A",false,Web,"#N/A","#N/A",Medium,"#N/A",New,Subject_zjlrf,"#N/A","#N/A","#N/A","#N/A","#N/A"
b43834ef-18c8-47aa-b683-fd9e828a1a3f,"#N/A","#N/A",false,Web,"#N/A","#N/A",Medium,"#N/A",New,Subject_susll,"#N/A","#N/A","#N/A","#N/A","#N/A"
b43e6606-a6c1-48e9-9534-54d8c66b8515,"#N/A","#N/A",false,Web,"#N/A","#N/A",Medium,"#N/A",New,Subject_szwag,"#N/A","#N/A","#N/A","#N/A","#N/A"
b4424032-2eb8-4e54-9f2a-074e8364f801,"#N/A","#N/A",false,Web,"#N/A","#N/A",Medium,"#N/A",New,Subject_aybfi,"#N/A","#N/A","#N/A","#N/A","#N/A"
b4446b56-2da8-4305-ad47-f1ef2fb4a0de,"#N/A","#N/A",false,Web,"#N/A","#N/A",Medium,"#N/A",New,Subject_zyuxy,"#N/A","#N/A","#N/A","#N/A","#N/A"
b446ed67-c84f-4d0c-a0e1-ca4754e1c074,"#N/A","#N/A",false,Web,"#N/A","#N/A",Medium,"#N/A",New,Subject_aklas,"#N/A","#N/A","#N/A","#N/A","#N/A"
b4475eea-9ad1-47b1-9a02-43d84f1bd20e,"#N/A","#N/A",false,Web,"#N/A","#N/A",Medium,"#N/A",New,Subject_smsjo,"#N/A","#N/A","#N/A","#N/A","#N/A"
b4485085-a34d-40d1-9731-aaaf0a688987,"#N/A","#N/A",false,Web,"#N/A","#N/A",Medium,"#N/A",New,Subject_xvktt,"#N/A","#N/A","#N/A","#N/A","#N/A"
b44b7b68-db70-4922-adc5-3ec0a7eb5f7d,"#N/A","#N/A",false,Web,"#N/A","#N/A",Medium,"#N/A",New,Subject_pixbh,"#N/A","#N/A","#N/A","#N/A","#N/A"
b44fb868-a857-4886-b7b4-683fc9b3ac3d,"#N/A","#N/A",false,Web,"#N/A","#N/A",Medium,"#N/A",New,Subject_defpl,"#N/A","#N/A","#N/A","#N/A","#N/A"
b450d24b-1fd0-476a-871d-829ed2712f99,"#N/A","#N/A",false,Web,"#N/A","#N/A",Medium,"#N/A",New,Subject_anekq,"#N/A","#N/A","#N/A","#N/A","#N/A"
b4511b1c-8170-4f36-adf6-7476e43b2359,"#N/A","#N/A",false,Web,"#N/A","#N/A",Medium,"#N/A",New,Subject_khfjx,"#N/A","#N/A","#N/A","#N/A","#N/A"
b4515a26-3827-4692-9577-806fc730b047,"#N/A","#N/A",false,Web,"#N/A","#N/A",Medium,"#N/A",New,Subject_lwnpj,"#N/A","#N/A","#N/A","#N/A","#N/A"
b451ecba-472e-4053-938a-25909f3a7aea,"#N/A","#N/A",false,Web,"#N/A","#N/A",Medium,"#N/A",New,Subject_uflta,"#N/A","#N/A","#N/A","#N/A","#N/A"
b453df52-6464-4a86-b9c6-a8adca8b2910,"#N/A","#N/A",false,Web,"#N/A","#N/A",Medium,"#N/A",New,Subject_bfgry,"#N/A","#N/A","#N/A","#N/A","#N/A"
b4563fae-27f7-48f2-96ca-cbc327c1fc6c,"#N/A","#N/A",false,Web,"#N/A","#N/A",Medium,"#N/A",New,Subject_ptswi,"#N/A","#N/A","#N/A","#N/A","#N/A"
b4581552-e83a-4c1e-9156-2dff18f4ac21,"#N/A","#N/A",false,Web,"#N/A","#N/A",Medium,"#N/A",New,Subject_kbrmv,"#N/A","#N/A","#N/A","#N/A","#N/A"
b458dc39-4bb9-4e3e-9bea-cbb7c65962b6,"#N/A","#N/A",false,Web,"#N/A","#N/A",Medium,"#N/A",New,Subject_zajrx,"#N/A","#N/A","#N/A","#N/A","#N/A"
b45f995f-361b-40b5-aa9a-9fcdcc025754,"#N/A","#N/A",false,Web,"#N/A","#N/A",Medium,"#N/A",New,Subject_fyqze,"#N/A","#N/A","#N/A","#N/A","#N/A"
b4608aab-3ab3-4e4e-91de-7d86ec1bd43a,"#N/A","#N/A",false,Web,"#N/A","#N/A",Medium,"#N/A",New,Subject_lxjxw,"#N/A","#N/A","#N/A","#N/A","#N/A"
b464662a-166f-4a01-b8ba-c99bd4a002a5,"#N/A","#N/A",false,Web,"#N/A","#N/A",Medium,"#N/A",New,Subject_fwzxe,"#N/A","#N/A","#N/A","#N/A","#N/A"
b4699e59-5fa2-4ac5-aeb7-d7bc77530b9e,"#N/A","#N/A",false,Web,"#N/A","#N/A",Medium,"#N/A",New,Subject_tufnl,"#N/A","#N/A","#N/A","#N/A","#N/A"
b469c38c-219b-4ae1-9e31-ba74a582c9c3,"#N/A","#N/A",false,Web,"#N/A","#N/A",Medium,"#N/A",New,Subject_cnozi,"#N/A","#N/A","#N/A","#N/A","#N/A"
b46c9ae1-38fe-4b33-92a6-c329bdb2cc9b,"#N/A","#N/A",false,Web,"#N/A","#N/A",Medium,"#N/A",New,Subject_okvvk,"#N/A","#N/A","#N/A","#N/A","#N/A"
b46ce32a-bc3a-459e-acf6-f248e5c4b491,"#N/A","#N/A",false,Web,"#N/A","#N/A",Medium,"#N/A",New,Subject_jsibc,"#N/A","#N/A","#N/A","#N/A","#N/A"
b478be4a-59ac-4b2b-9cf3-e65dec7e9a81,"#N/A","#N/A",false,Web,"#N/A","#N/A",Medium,"#N/A",New,Subject_iudso,"#N/A","#N/A","#N/A","#N/A","#N/A"
b47ac62a-03a9-4ca3-aa7c-c28b21392092,"#N/A","#N/A",false,Web,"#N/A","#N/A",Medium,"#N/A",New,Subject_ykpjq,"#N/A","#N/A","#N/A","#N/A","#N/A"
b47bf687-3050-46b9-8fe6-f5b1798aaa31,"#N/A","#N/A",false,Web,"#N/A","#N/A",Medium,"#N/A",New,Subject_ucmnv,"#N/A","#N/A","#N/A","#N/A","#N/A"
b47ee65d-0e64-4818-b9bf-892f8771b8c7,"#N/A","#N/A",false,Web,"#N/A","#N/A",Medium,"#N/A",New,Subject_vgore,"#N/A","#N/A","#N/A","#N/A","#N/A"
b47ff0d3-63a9-4f3a-9ee3-2a83a42d13fe,"#N/A","#N/A",false,Web,"#N/A","#N/A",Medium,"#N/A",New,Subject_uwlyx,"#N/A","#N/A","#N/A","#N/A","#N/A"
b481367c-a5ed-4b23-9ab1-0e0ba4797ee7,"#N/A","#N/A",false,Web,"#N/A","#N/A",Medium,"#N/A",New,Subject_ajgfu,"#N/A","#N/A","#N/A","#N/A","#N/A"
b483c34c-02e7-4671-947e-ceecbd337c4e,"#N/A","#N/A",false,Web,"#N/A","#N/A",Medium,"#N/A",New,Subject_ysqka,"#N/A","#N/A","#N/A","#N/A","#N/A"
b4842d98-d08f-4b08-b2e3-bb9560369de4,"#N/A","#N/A",false,Web,"#N/A","#N/A",Medium,"#N/A",New,Subject_xxeoe,"#N/A","#N/A","#N/A","#N/A","#N/A"
b485eac6-38db-4cd1-b66e-e11cf3a82f51,"#N/A","#N/A",false,Web,"#N/A","#N/A",Medium,"#N/A",New,Subject_szngb,"#N/A","#N/A","#N/A","#N/A","#N/A"
b485fdbf-1e39-471a-abe4-15916dddd463,"#N/A","#N/A",false,Web,"#N/A","#N/A",Medium,"#N/A",New,Subject_bencd,"#N/A","#N/A","#N/A","#N/A","#N/A"
b487fcb9-f896-4e19-acf0-febb4dc16435,"#N/A","#N/A",false,Web,"#N/A","#N/A",Medium,"#N/A",New,Subject_rjjsj,"#N/A","#N/A","#N/A","#N/A","#N/A"
b48a6245-aa4f-4edc-bc95-7fdef2e69b56,"#N/A","#N/A",false,Web,"#N/A","#N/A",Medium,"#N/A",New,Subject_fkvup,"#N/A","#N/A","#N/A","#N/A","#N/A"
b48b3963-1891-44ae-956f-6b51f8210506,"#N/A","#N/A",false,Web,"#N/A","#N/A",Medium,"#N/A",New,Subject_qrxeo,"#N/A","#N/A","#N/A","#N/A","#N/A"
b491d6a5-5fcd-41a7-b5fd-303a8a761715,"#N/A","#N/A",false,Web,"#N/A","#N/A",Medium,"#N/A",New,Subject_yoent,"#N/A","#N/A","#N/A","#N/A","#N/A"
b493a7b3-b106-4d99-8b3c-2e7d96a86850,"#N/A","#N/A",false,Web,"#N/A","#N/A",Medium,"#N/A",New,Subject_kidnk,"#N/A","#N/A","#N/A","#N/A","#N/A"
b495ecae-c5b9-4908-818f-6b3aca69aaa9,"#N/A","#N/A",false,Web,"#N/A","#N/A",Medium,"#N/A",New,Subject_oloau,"#N/A","#N/A","#N/A","#N/A","#N/A"
b499ebad-3fb2-4a36-a62e-f19b0fafa012,"#N/A","#N/A",false,Web,"#N/A","#N/A",Medium,"#N/A",New,Subject_pfdhd,"#N/A","#N/A","#N/A","#N/A","#N/A"
b49a9e67-0cf6-4547-8cf2-832d838526ab,"#N/A","#N/A",false,Web,"#N/A","#N/A",Medium,"#N/A",New,Subject_azvzn,"#N/A","#N/A","#N/A","#N/A","#N/A"
b49f2386-27d7-4efc-b255-2787609dfb90,"#N/A","#N/A",false,Web,"#N/A","#N/A",Medium,"#N/A",New,Subject_fsbhv,"#N/A","#N/A","#N/A","#N/A","#N/A"
b49f85f7-1827-431e-8633-9f09ae9dd9cc,"#N/A","#N/A",false,Web,"#N/A","#N/A",Medium,"#N/A",New,Subject_pnnau,"#N/A","#N/A","#N/A","#N/A","#N/A"
b4a18346-ee28-4fc0-8b0a-bf0b5174219b,"#N/A","#N/A",false,Web,"#N/A","#N/A",Medium,"#N/A",New,Subject_klkqc,"#N/A","#N/A","#N/A","#N/A","#N/A"
b4a23a75-7819-461e-9cf5-f955ba194c4e,"#N/A","#N/A",false,Web,"#N/A","#N/A",Medium,"#N/A",New,Subject_gwnnm,"#N/A","#N/A","#N/A","#N/A","#N/A"
b4a30a31-d916-40de-8116-2c257b7b9059,"#N/A","#N/A",false,Web,"#N/A","#N/A",Medium,"#N/A",New,Subject_dpprb,"#N/A","#N/A","#N/A","#N/A","#N/A"
b4a420a2-bbbc-49a8-be62-65a49d9deafb,"#N/A","#N/A",false,Web,"#N/A","#N/A",Medium,"#N/A",New,Subject_kajuf,"#N/A","#N/A","#N/A","#N/A","#N/A"
b4a539d9-e0d4-49b7-9082-330c7c865db3,"#N/A","#N/A",false,Web,"#N/A","#N/A",Medium,"#N/A",New,Subject_xxyhb,"#N/A","#N/A","#N/A","#N/A","#N/A"
b4b1db29-4522-4faa-8169-86d1ee2ca1b0,"#N/A","#N/A",false,Web,"#N/A","#N/A",Medium,"#N/A",New,Subject_nnjci,"#N/A","#N/A","#N/A","#N/A","#N/A"
b4b76aef-f560-456b-a86a-ce69c85f11bb,"#N/A","#N/A",false,Web,"#N/A","#N/A",Medium,"#N/A",New,Subject_czmxq,"#N/A","#N/A","#N/A","#N/A","#N/A"
b4b812af-23b2-422c-9b94-315d5278ee5b,"#N/A","#N/A",false,Web,"#N/A","#N/A",Medium,"#N/A",New,Subject_okvnp,"#N/A","#N/A","#N/A","#N/A","#N/A"
b4b8c7ad-287f-4f05-a3cc-eeb6f54c1272,"#N/A","#N/A",false,Web,"#N/A","#N/A",Medium,"#N/A",New,Subject_afcqi,"#N/A","#N/A","#N/A","#N/A","#N/A"
b4bb2099-9e9b-4c84-b951-afc466872055,"#N/A","#N/A",false,Web,"#N/A","#N/A",Medium,"#N/A",New,Subject_qqqen,"#N/A","#N/A","#N/A","#N/A","#N/A"
b4c1bb83-dd08-4678-938c-7b80eafe7b3c,"#N/A","#N/A",false,Web,"#N/A","#N/A",Medium,"#N/A",New,Subject_eprxr,"#N/A","#N/A","#N/A","#N/A","#N/A"
b4c1dd96-617c-4f64-9037-0f0d54f1cacb,"#N/A","#N/A",false,Web,"#N/A","#N/A",Medium,"#N/A",New,Subject_nfsol,"#N/A","#N/A","#N/A","#N/A","#N/A"
b4c8147a-80dd-43d1-bdad-6ccc193725e5,"#N/A","#N/A",false,Web,"#N/A","#N/A",Medium,"#N/A",New,Subject_mjvmw,"#N/A","#N/A","#N/A","#N/A","#N/A"
b4ceb8ea-ffdd-4cd4-9f4a-fea8df671cef,"#N/A","#N/A",false,Web,"#N/A","#N/A",Medium,"#N/A",New,Subject_anbgw,"#N/A","#N/A","#N/A","#N/A","#N/A"
b4d30ab4-7af5-4f31-b191-d2e9e28e64c5,"#N/A","#N/A",false,Web,"#N/A","#N/A",Medium,"#N/A",New,Subject_jcrpf,"#N/A","#N/A","#N/A","#N/A","#N/A"
b4d68b55-a67d-41b8-a456-7fec38d0351f,"#N/A","#N/A",false,Web,"#N/A","#N/A",Medium,"#N/A",New,Subject_wbizd,"#N/A","#N/A","#N/A","#N/A","#N/A"
b4d845a4-5f43-429e-8d10-fae5f3430830,"#N/A","#N/A",false,Web,"#N/A","#N/A",Medium,"#N/A",New,Subject_nwdhx,"#N/A","#N/A","#N/A","#N/A","#N/A"
b4d8f268-e439-4314-8476-9d984ae5c692,"#N/A","#N/A",false,Web,"#N/A","#N/A",Medium,"#N/A",New,Subject_djdpg,"#N/A","#N/A","#N/A","#N/A","#N/A"
b4daf167-7f86-4cf2-a0db-61a38d38fd97,"#N/A","#N/A",false,Web,"#N/A","#N/A",Medium,"#N/A",New,Subject_wiahd,"#N/A","#N/A","#N/A","#N/A","#N/A"
b4e3f8f6-78c1-49bf-801a-a1c936a2061e,"#N/A","#N/A",false,Web,"#N/A","#N/A",Medium,"#N/A",New,Subject_xghey,"#N/A","#N/A","#N/A","#N/A","#N/A"
b4e59e3d-9f76-47d1-8a2f-01ce146df459,"#N/A","#N/A",false,Web,"#N/A","#N/A",Medium,"#N/A",New,Subject_zndoc,"#N/A","#N/A","#N/A","#N/A","#N/A"
b4e7fdb3-f831-4adf-8040-e6cf0182d1e2,"#N/A","#N/A",false,Web,"#N/A","#N/A",Medium,"#N/A",New,Subject_edwgz,"#N/A","#N/A","#N/A","#N/A","#N/A"
b4e9cc3b-8a8d-446e-be19-8c9135bef028,"#N/A","#N/A",false,Web,"#N/A","#N/A",Medium,"#N/A",New,Subject_rplsw,"#N/A","#N/A","#N/A","#N/A","#N/A"
b4f277fe-4efa-4ab5-bf9c-3fe0a0386357,"#N/A","#N/A",false,Web,"#N/A","#N/A",Medium,"#N/A",New,Subject_xaxpp,"#N/A","#N/A","#N/A","#N/A","#N/A"
b4f2e6cd-c3ce-4532-902d-7cd9b0846d5e,"#N/A","#N/A",false,Web,"#N/A","#N/A",Medium,"#N/A",New,Subject_qxews,"#N/A","#N/A","#N/A","#N/A","#N/A"
b4f35b3e-8ef9-4002-86c3-5510911857fd,"#N/A","#N/A",false,Web,"#N/A","#N/A",Medium,"#N/A",New,Subject_pnfqe,"#N/A","#N/A","#N/A","#N/A","#N/A"
b4f40613-915b-4d17-a474-8106d4d8d306,"#N/A","#N/A",false,Web,"#N/A","#N/A",Medium,"#N/A",New,Subject_tjdal,"#N/A","#N/A","#N/A","#N/A","#N/A"
b4f68493-3a90-4d90-9398-1f51f6afc13d,"#N/A","#N/A",false,Web,"#N/A","#N/A",Medium,"#N/A",New,Subject_znvdt,"#N/A","#N/A","#N/A","#N/A","#N/A"
b4f73be5-a76b-4849-a1d5-e68841cea26e,"#N/A","#N/A",false,Web,"#N/A","#N/A",Medium,"#N/A",New,Subject_aehkw,"#N/A","#N/A","#N/A","#N/A","#N/A"
b4f7dcaf-c174-4bea-bec1-eba52c305a20,"#N/A","#N/A",false,Web,"#N/A","#N/A",Medium,"#N/A",New,Subject_lapfv,"#N/A","#N/A","#N/A","#N/A","#N/A"
b4f83790-6ae9-425d-bcc1-2a3798794022,"#N/A","#N/A",false,Web,"#N/A","#N/A",Medium,"#N/A",New,Subject_stqwc,"#N/A","#N/A","#N/A","#N/A","#N/A"
b4ffce0c-d1b2-4f61-a335-b00370755fba,"#N/A","#N/A",false,Web,"#N/A","#N/A",Medium,"#N/A",New,Subject_rvabc,"#N/A","#N/A","#N/A","#N/A","#N/A"
b5028345-0899-4f74-b4d7-52236ef9fb23,"#N/A","#N/A",false,Web,"#N/A","#N/A",Medium,"#N/A",New,Subject_fcmjg,"#N/A","#N/A","#N/A","#N/A","#N/A"
b50e1d8f-de98-485b-9272-256b7dda2fdd,"#N/A","#N/A",false,Web,"#N/A","#N/A",Medium,"#N/A",New,Subject_ikarz,"#N/A","#N/A","#N/A","#N/A","#N/A"
b51021c4-dd7e-42fe-9dc9-67f5356ebb1f,"#N/A","#N/A",false,Web,"#N/A","#N/A",Medium,"#N/A",New,Subject_lydkk,"#N/A","#N/A","#N/A","#N/A","#N/A"
b5142cb6-852d-457a-9c47-a4f9c2837d43,"#N/A","#N/A",false,Web,"#N/A","#N/A",Medium,"#N/A",New,Subject_mmvkh,"#N/A","#N/A","#N/A","#N/A","#N/A"
b51517e3-9bf7-4f1d-a7a3-d26c29472678,"#N/A","#N/A",false,Web,"#N/A","#N/A",Medium,"#N/A",New,Subject_elkhe,"#N/A","#N/A","#N/A","#N/A","#N/A"
b5177576-fa0b-478e-8510-714d2b45c851,"#N/A","#N/A",false,Web,"#N/A","#N/A",Medium,"#N/A",New,Subject_hoaim,"#N/A","#N/A","#N/A","#N/A","#N/A"
b51b84a8-a77f-4709-a0ea-45987c800574,"#N/A","#N/A",false,Web,"#N/A","#N/A",Medium,"#N/A",New,Subject_fshie,"#N/A","#N/A","#N/A","#N/A","#N/A"
b521ae51-20c6-42f7-be10-ef3142b69e0a,"#N/A","#N/A",false,Web,"#N/A","#N/A",Medium,"#N/A",New,Subject_zummn,"#N/A","#N/A","#N/A","#N/A","#N/A"
b522b5d4-e4a4-4f85-bdf1-f452d80c8d07,"#N/A","#N/A",false,Web,"#N/A","#N/A",Medium,"#N/A",New,Subject_mnpeu,"#N/A","#N/A","#N/A","#N/A","#N/A"
b52552bd-42e4-4b6b-bdb0-7ed099f46818,"#N/A","#N/A",false,Web,"#N/A","#N/A",Medium,"#N/A",New,Subject_ucxdy,"#N/A","#N/A","#N/A","#N/A","#N/A"
b5261a64-0c0c-4f8b-aa62-16c31133c998,"#N/A","#N/A",false,Web,"#N/A","#N/A",Medium,"#N/A",New,Subject_djfse,"#N/A","#N/A","#N/A","#N/A","#N/A"
b5268150-e483-4e95-a916-cbffaeddd765,"#N/A","#N/A",false,Web,"#N/A","#N/A",Medium,"#N/A",New,Subject_weawf,"#N/A","#N/A","#N/A","#N/A","#N/A"
b526afe4-477e-44d7-a63d-dc22091b585d,"#N/A","#N/A",false,Web,"#N/A","#N/A",Medium,"#N/A",New,Subject_yzalf,"#N/A","#N/A","#N/A","#N/A","#N/A"
b527b2f4-2df9-47ed-90d9-9f413134e380,"#N/A","#N/A",false,Web,"#N/A","#N/A",Medium,"#N/A",New,Subject_vxlha,"#N/A","#N/A","#N/A","#N/A","#N/A"
b52855e2-6134-4755-88d3-4419718faa47,"#N/A","#N/A",false,Web,"#N/A","#N/A",Medium,"#N/A",New,Subject_ulmxu,"#N/A","#N/A","#N/A","#N/A","#N/A"
b52e718a-662e-468a-85b0-acac7a7a3ceb,"#N/A","#N/A",false,Web,"#N/A","#N/A",Medium,"#N/A",New,Subject_dkdaw,"#N/A","#N/A","#N/A","#N/A","#N/A"
b52fd2db-90ed-4eb5-b7ec-e2d5fe487f06,"#N/A","#N/A",false,Web,"#N/A","#N/A",Medium,"#N/A",New,Subject_qioma,"#N/A","#N/A","#N/A","#N/A","#N/A"
b5358b07-cd5f-4f75-9f57-b1a1e3f7beb3,"#N/A","#N/A",false,Web,"#N/A","#N/A",Medium,"#N/A",New,Subject_ifuui,"#N/A","#N/A","#N/A","#N/A","#N/A"
b538c929-8e60-49ac-aa60-a28ecea572eb,"#N/A","#N/A",false,Web,"#N/A","#N/A",Medium,"#N/A",New,Subject_gieln,"#N/A","#N/A","#N/A","#N/A","#N/A"
b539422a-ad3c-4524-99b4-8135fb012673,"#N/A","#N/A",false,Web,"#N/A","#N/A",Medium,"#N/A",New,Subject_ktker,"#N/A","#N/A","#N/A","#N/A","#N/A"
b53addc5-6e31-446c-bcf4-bcc0f999543e,"#N/A","#N/A",false,Web,"#N/A","#N/A",Medium,"#N/A",New,Subject_sekfs,"#N/A","#N/A","#N/A","#N/A","#N/A"
b53d073d-a2e4-4724-8fde-b970f68f5bba,"#N/A","#N/A",false,Web,"#N/A","#N/A",Medium,"#N/A",New,Subject_dxnlj,"#N/A","#N/A","#N/A","#N/A","#N/A"
b5412fbb-8f7b-4487-a960-106d035e3138,"#N/A","#N/A",false,Web,"#N/A","#N/A",Medium,"#N/A",New,Subject_jyjpi,"#N/A","#N/A","#N/A","#N/A","#N/A"
b5468a12-a52d-42dd-a916-70270f0f7924,"#N/A","#N/A",false,Web,"#N/A","#N/A",Medium,"#N/A",New,Subject_trkeu,"#N/A","#N/A","#N/A","#N/A","#N/A"
b5468a34-c1c0-4c8b-9110-17e0a73162bd,"#N/A","#N/A",false,Web,"#N/A","#N/A",Medium,"#N/A",New,Subject_zdspp,"#N/A","#N/A","#N/A","#N/A","#N/A"
b547d936-99da-474a-9ae8-d8a32be4d78d,"#N/A","#N/A",false,Web,"#N/A","#N/A",Medium,"#N/A",New,Subject_phtsz,"#N/A","#N/A","#N/A","#N/A","#N/A"
b54bfc54-34be-4f31-ad74-771c7864e337,"#N/A","#N/A",false,Web,"#N/A","#N/A",Medium,"#N/A",New,Subject_ndyqs,"#N/A","#N/A","#N/A","#N/A","#N/A"
b5502693-ba73-454d-9a9a-0c8e5df57034,"#N/A","#N/A",false,Web,"#N/A","#N/A",Medium,"#N/A",New,Subject_excnt,"#N/A","#N/A","#N/A","#N/A","#N/A"
b552e4d8-c9ae-4d01-a603-1bac169bc2c8,"#N/A","#N/A",false,Web,"#N/A","#N/A",Medium,"#N/A",New,Subject_lioag,"#N/A","#N/A","#N/A","#N/A","#N/A"
b555a172-56b2-454f-997f-b1bef75fd106,"#N/A","#N/A",false,Web,"#N/A","#N/A",Medium,"#N/A",New,Subject_xuzkg,"#N/A","#N/A","#N/A","#N/A","#N/A"
b5563aa7-49e7-4b8c-aafe-d5dfd5c0a70b,"#N/A","#N/A",false,Web,"#N/A","#N/A",Medium,"#N/A",New,Subject_usfug,"#N/A","#N/A","#N/A","#N/A","#N/A"
b55bc84f-95dd-4857-8c37-65c3327e830f,"#N/A","#N/A",false,Web,"#N/A","#N/A",Medium,"#N/A",New,Subject_dvotm,"#N/A","#N/A","#N/A","#N/A","#N/A"
b55dae36-0b0c-4186-a217-75d224b02f0a,"#N/A","#N/A",false,Web,"#N/A","#N/A",Medium,"#N/A",New,Subject_ujxuv,"#N/A","#N/A","#N/A","#N/A","#N/A"
b55ee69e-41e0-4115-8c16-0fb37ca3a133,"#N/A","#N/A",false,Web,"#N/A","#N/A",Medium,"#N/A",New,Subject_jisfm,"#N/A","#N/A","#N/A","#N/A","#N/A"
b55f367b-3f9d-4297-a5ef-f547547995ef,"#N/A","#N/A",false,Web,"#N/A","#N/A",Medium,"#N/A",New,Subject_cvuob,"#N/A","#N/A","#N/A","#N/A","#N/A"
b55ffdd8-2f1d-46e8-8f7b-ac4a4bc84a93,"#N/A","#N/A",false,Web,"#N/A","#N/A",Medium,"#N/A",New,Subject_fzexd,"#N/A","#N/A","#N/A","#N/A","#N/A"
b5617ff9-681c-4347-bba5-2d25ab3fc0d8,"#N/A","#N/A",false,Web,"#N/A","#N/A",Medium,"#N/A",New,Subject_uffrb,"#N/A","#N/A","#N/A","#N/A","#N/A"
b563c079-897b-4820-8a68-862769297809,"#N/A","#N/A",false,Web,"#N/A","#N/A",Medium,"#N/A",New,Subject_luugo,"#N/A","#N/A","#N/A","#N/A","#N/A"
b563feb3-0e93-46c9-88a5-72759e261e6a,"#N/A","#N/A",false,Web,"#N/A","#N/A",Medium,"#N/A",New,Subject_dbtpn,"#N/A","#N/A","#N/A","#N/A","#N/A"
b5654839-c593-4766-8b43-fbe31bbdb1d7,"#N/A","#N/A",false,Web,"#N/A","#N/A",Medium,"#N/A",New,Subject_ivwul,"#N/A","#N/A","#N/A","#N/A","#N/A"
b567a386-7c94-403b-baac-682b33625091,"#N/A","#N/A",false,Web,"#N/A","#N/A",Medium,"#N/A",New,Subject_nkdja,"#N/A","#N/A","#N/A","#N/A","#N/A"
b56aca0c-f06e-4205-9fb3-863b3c16d5a6,"#N/A","#N/A",false,Web,"#N/A","#N/A",Medium,"#N/A",New,Subject_piysb,"#N/A","#N/A","#N/A","#N/A","#N/A"
b56ba363-0f45-412c-a9e7-1e655b0a8fa6,"#N/A","#N/A",false,Web,"#N/A","#N/A",Medium,"#N/A",New,Subject_tlawd,"#N/A","#N/A","#N/A","#N/A","#N/A"
b56c2edd-ad45-4297-8ba3-01dd7ffa6d06,"#N/A","#N/A",false,Web,"#N/A","#N/A",Medium,"#N/A",New,Subject_vfqmk,"#N/A","#N/A","#N/A","#N/A","#N/A"
b56efc5c-501b-4be8-a825-0f461583a9a6,"#N/A","#N/A",false,Web,"#N/A","#N/A",Medium,"#N/A",New,Subject_xlzsz,"#N/A","#N/A","#N/A","#N/A","#N/A"
b56f16ed-59c1-4647-8c62-2ecb45ab0ae6,"#N/A","#N/A",false,Web,"#N/A","#N/A",Medium,"#N/A",New,Subject_mmcpw,"#N/A","#N/A","#N/A","#N/A","#N/A"
b5724e32-3084-4efa-86f5-ec93ff37104c,"#N/A","#N/A",false,Web,"#N/A","#N/A",Medium,"#N/A",New,Subject_bqans,"#N/A","#N/A","#N/A","#N/A","#N/A"
b5731617-b522-44a3-b792-70dda768ea4b,"#N/A","#N/A",false,Web,"#N/A","#N/A",Medium,"#N/A",New,Subject_pivaa,"#N/A","#N/A","#N/A","#N/A","#N/A"
b574a1e2-ce00-4893-a99d-1563ec0a98dd,"#N/A","#N/A",false,Web,"#N/A","#N/A",Medium,"#N/A",New,Subject_vbnjr,"#N/A","#N/A","#N/A","#N/A","#N/A"
b5763340-1ed8-40ec-bb57-f0035331d931,"#N/A","#N/A",false,Web,"#N/A","#N/A",Medium,"#N/A",New,Subject_mshhg,"#N/A","#N/A","#N/A","#N/A","#N/A"
b5767698-fa11-4919-8f0b-6fa4bd2f9d50,"#N/A","#N/A",false,Web,"#N/A","#N/A",Medium,"#N/A",New,Subject_ttazk,"#N/A","#N/A","#N/A","#N/A","#N/A"
b5769b41-54f7-4ea4-87a0-22cbb782961f,"#N/A","#N/A",false,Web,"#N/A","#N/A",Medium,"#N/A",New,Subject_qhhnc,"#N/A","#N/A","#N/A","#N/A","#N/A"
b577fcd0-3657-44a2-9553-2b31c38514e5,"#N/A","#N/A",false,Web,"#N/A","#N/A",Medium,"#N/A",New,Subject_sbhrt,"#N/A","#N/A","#N/A","#N/A","#N/A"
b57ad6df-8000-4390-aa93-132aa0458d58,"#N/A","#N/A",false,Web,"#N/A","#N/A",Medium,"#N/A",New,Subject_ojugf,"#N/A","#N/A","#N/A","#N/A","#N/A"
b57d53ac-ed33-442a-8003-bc25e119237c,"#N/A","#N/A",false,Web,"#N/A","#N/A",Medium,"#N/A",New,Subject_cfjex,"#N/A","#N/A","#N/A","#N/A","#N/A"
b57ea27f-52ef-4e31-a4d4-e5d4b46e8086,"#N/A","#N/A",false,Web,"#N/A","#N/A",Medium,"#N/A",New,Subject_xflth,"#N/A","#N/A","#N/A","#N/A","#N/A"
b57f71bf-ddd1-41e8-811f-a8ad278d2eab,"#N/A","#N/A",false,Web,"#N/A","#N/A",Medium,"#N/A",New,Subject_hzrht,"#N/A","#N/A","#N/A","#N/A","#N/A"
b5844fcc-0e56-4bd0-9490-c8f2d4f13cb8,"#N/A","#N/A",false,Web,"#N/A","#N/A",Medium,"#N/A",New,Subject_gixjh,"#N/A","#N/A","#N/A","#N/A","#N/A"
b584d684-11be-4e41-b27f-05242ffd1efc,"#N/A","#N/A",false,Web,"#N/A","#N/A",Medium,"#N/A",New,Subject_vzopd,"#N/A","#N/A","#N/A","#N/A","#N/A"
b5868bf8-367c-45c1-b99a-0d3ef5f37540,"#N/A","#N/A",false,Web,"#N/A","#N/A",Medium,"#N/A",New,Subject_sonwb,"#N/A","#N/A","#N/A","#N/A","#N/A"
b58e9ce4-016f-451f-b387-97b3585cc8e8,"#N/A","#N/A",false,Web,"#N/A","#N/A",Medium,"#N/A",New,Subject_unbmj,"#N/A","#N/A","#N/A","#N/A","#N/A"
b58ed335-7640-4036-80e9-bc9273486fe1,"#N/A","#N/A",false,Web,"#N/A","#N/A",Medium,"#N/A",New,Subject_cfiia,"#N/A","#N/A","#N/A","#N/A","#N/A"
b5922d60-6640-4edf-bb51-c30fc8122133,"#N/A","#N/A",false,Web,"#N/A","#N/A",Medium,"#N/A",New,Subject_uzmmd,"#N/A","#N/A","#N/A","#N/A","#N/A"
b5922e2f-bb6d-4b25-a9c8-edf02369e6e6,"#N/A","#N/A",false,Web,"#N/A","#N/A",Medium,"#N/A",New,Subject_qzimc,"#N/A","#N/A","#N/A","#N/A","#N/A"
b5944153-a417-43dc-8bbb-fd235e949fbf,"#N/A","#N/A",false,Web,"#N/A","#N/A",Medium,"#N/A",New,Subject_pgdgw,"#N/A","#N/A","#N/A","#N/A","#N/A"
b5966e57-faf5-40dc-a8fa-911bc33f8717,"#N/A","#N/A",false,Web,"#N/A","#N/A",Medium,"#N/A",New,Subject_zijfm,"#N/A","#N/A","#N/A","#N/A","#N/A"
b599f2c9-4d10-4307-8f9a-d7e4d9523f8f,"#N/A","#N/A",false,Web,"#N/A","#N/A",Medium,"#N/A",New,Subject_uqojx,"#N/A","#N/A","#N/A","#N/A","#N/A"
b59a1912-774a-44c9-a1d2-ec47dc7e95bc,"#N/A","#N/A",false,Web,"#N/A","#N/A",Medium,"#N/A",New,Subject_mppnv,"#N/A","#N/A","#N/A","#N/A","#N/A"
b59a90db-7a53-42ce-b99d-3ffa979ae25d,"#N/A","#N/A",false,Web,"#N/A","#N/A",Medium,"#N/A",New,Subject_ufuxu,"#N/A","#N/A","#N/A","#N/A","#N/A"
b59e71b5-d91a-4953-8835-e50b453c0b18,"#N/A","#N/A",false,Web,"#N/A","#N/A",Medium,"#N/A",New,Subject_dorrb,"#N/A","#N/A","#N/A","#N/A","#N/A"
b5a1b9bf-8a19-4490-b615-0ca1898429a1,"#N/A","#N/A",false,Web,"#N/A","#N/A",Medium,"#N/A",New,Subject_ufopz,"#N/A","#N/A","#N/A","#N/A","#N/A"
b5a22915-aa61-41be-aca1-9c854670859a,"#N/A","#N/A",false,Web,"#N/A","#N/A",Medium,"#N/A",New,Subject_afukr,"#N/A","#N/A","#N/A","#N/A","#N/A"
b5a2cdd1-c03c-453a-920f-cda1da247817,"#N/A","#N/A",false,Web,"#N/A","#N/A",Medium,"#N/A",New,Subject_hvkme,"#N/A","#N/A","#N/A","#N/A","#N/A"
b5a46eb2-a2bf-4af8-a6de-9ea10f6c8e92,"#N/A","#N/A",false,Web,"#N/A","#N/A",Medium,"#N/A",New,Subject_ngdib,"#N/A","#N/A","#N/A","#N/A","#N/A"
b5aa2dd6-820a-48e9-bd29-e5108fbc4144,"#N/A","#N/A",false,Web,"#N/A","#N/A",Medium,"#N/A",New,Subject_amrjf,"#N/A","#N/A","#N/A","#N/A","#N/A"
b5aec086-a7c4-4150-91b1-e5ef33540e33,"#N/A","#N/A",false,Web,"#N/A","#N/A",Medium,"#N/A",New,Subject_zauog,"#N/A","#N/A","#N/A","#N/A","#N/A"
b5b273cc-d614-4bd5-822a-459eb9cd59a0,"#N/A","#N/A",false,Web,"#N/A","#N/A",Medium,"#N/A",New,Subject_dlhhq,"#N/A","#N/A","#N/A","#N/A","#N/A"
b5b61f2a-72b4-4d59-be3a-a71f0125756e,"#N/A","#N/A",false,Web,"#N/A","#N/A",Medium,"#N/A",New,Subject_vkjmh,"#N/A","#N/A","#N/A","#N/A","#N/A"
b5bbccc4-c49f-4a97-8596-175a028e154b,"#N/A","#N/A",false,Web,"#N/A","#N/A",Medium,"#N/A",New,Subject_igcsb,"#N/A","#N/A","#N/A","#N/A","#N/A"
b5bd8ae0-0236-409f-ab49-d3b99aa02926,"#N/A","#N/A",false,Web,"#N/A","#N/A",Medium,"#N/A",New,Subject_hvaqq,"#N/A","#N/A","#N/A","#N/A","#N/A"
b5bded22-7069-41cd-aeca-8b2d4c7b2f58,"#N/A","#N/A",false,Web,"#N/A","#N/A",Medium,"#N/A",New,Subject_xcdxn,"#N/A","#N/A","#N/A","#N/A","#N/A"
b5c0e076-e628-40aa-9e74-bb884f4540ce,"#N/A","#N/A",false,Web,"#N/A","#N/A",Medium,"#N/A",New,Subject_wyasp,"#N/A","#N/A","#N/A","#N/A","#N/A"
b5c8e5c7-bdb1-4ad0-a588-e61990d5e373,"#N/A","#N/A",false,Web,"#N/A","#N/A",Medium,"#N/A",New,Subject_zzilk,"#N/A","#N/A","#N/A","#N/A","#N/A"
b5caedab-afc8-4f50-813a-dcdfd0b1e2ec,"#N/A","#N/A",false,Web,"#N/A","#N/A",Medium,"#N/A",New,Subject_ubtva,"#N/A","#N/A","#N/A","#N/A","#N/A"
b5cbf7aa-1e1e-4b56-b144-1137ba658793,"#N/A","#N/A",false,Web,"#N/A","#N/A",Medium,"#N/A",New,Subject_kfyjw,"#N/A","#N/A","#N/A","#N/A","#N/A"
b5d37df9-7569-46ec-b237-076bb97e0951,"#N/A","#N/A",false,Web,"#N/A","#N/A",Medium,"#N/A",New,Subject_bdpyj,"#N/A","#N/A","#N/A","#N/A","#N/A"
b5d5a952-476d-4d55-9246-e054b6f1f6c0,"#N/A","#N/A",false,Web,"#N/A","#N/A",Medium,"#N/A",New,Subject_pbbbj,"#N/A","#N/A","#N/A","#N/A","#N/A"
b5d6c21b-85ba-4488-b8d4-a9afb82b6cd7,"#N/A","#N/A",false,Web,"#N/A","#N/A",Medium,"#N/A",New,Subject_rdwik,"#N/A","#N/A","#N/A","#N/A","#N/A"
b5db64e1-f9a3-4460-8661-977c0c519967,"#N/A","#N/A",false,Web,"#N/A","#N/A",Medium,"#N/A",New,Subject_tplrn,"#N/A","#N/A","#N/A","#N/A","#N/A"
b5df1567-f801-4c0e-b90e-3eaa6922b162,"#N/A","#N/A",false,Web,"#N/A","#N/A",Medium,"#N/A",New,Subject_ysvel,"#N/A","#N/A","#N/A","#N/A","#N/A"
b5e82db3-e6dd-4c64-80fb-d3881e15a61c,"#N/A","#N/A",false,Web,"#N/A","#N/A",Medium,"#N/A",New,Subject_dbirx,"#N/A","#N/A","#N/A","#N/A","#N/A"
b5ec1145-b268-4ea4-b973-cb5bbbbcb154,"#N/A","#N/A",false,Web,"#N/A","#N/A",Medium,"#N/A",New,Subject_zzmov,"#N/A","#N/A","#N/A","#N/A","#N/A"
b5ecb5e8-a52e-40f2-9ea5-90a305b8bc1e,"#N/A","#N/A",false,Web,"#N/A","#N/A",Medium,"#N/A",New,Subject_bxzry,"#N/A","#N/A","#N/A","#N/A","#N/A"
b5ee5398-a0ef-4b73-a3b9-ee97f92e317f,"#N/A","#N/A",false,Web,"#N/A","#N/A",Medium,"#N/A",New,Subject_kwlkl,"#N/A","#N/A","#N/A","#N/A","#N/A"
b5ee9316-8ef7-4d00-bbdd-e33f9696fb0d,"#N/A","#N/A",false,Web,"#N/A","#N/A",Medium,"#N/A",New,Subject_qraae,"#N/A","#N/A","#N/A","#N/A","#N/A"
b5f10e14-7ddf-49ad-8fc5-9ae730f89b37,"#N/A","#N/A",false,Web,"#N/A","#N/A",Medium,"#N/A",New,Subject_nswsr,"#N/A","#N/A","#N/A","#N/A","#N/A"
b5f7372f-bbe0-4717-880d-298c1dfd213f,"#N/A","#N/A",false,Web,"#N/A","#N/A",Medium,"#N/A",New,Subject_onajw,"#N/A","#N/A","#N/A","#N/A","#N/A"
b5f84d27-a2ee-40b3-aeb7-889c6d7d446c,"#N/A","#N/A",false,Web,"#N/A","#N/A",Medium,"#N/A",New,Subject_lnutm,"#N/A","#N/A","#N/A","#N/A","#N/A"
b5f850a2-927f-4b75-94a0-8df247cfbe34,"#N/A","#N/A",false,Web,"#N/A","#N/A",Medium,"#N/A",New,Subject_hhvpj,"#N/A","#N/A","#N/A","#N/A","#N/A"
b5f9a540-2a09-4c00-ab1c-cc4b27c98cfc,"#N/A","#N/A",false,Web,"#N/A","#N/A",Medium,"#N/A",New,Subject_mhvod,"#N/A","#N/A","#N/A","#N/A","#N/A"
b5fc69ea-eefc-47a7-a8f9-4a8572e1cb19,"#N/A","#N/A",false,Web,"#N/A","#N/A",Medium,"#N/A",New,Subject_zuolv,"#N/A","#N/A","#N/A","#N/A","#N/A"
b601177e-5da8-4980-979c-5e24b79e91f2,"#N/A","#N/A",false,Web,"#N/A","#N/A",Medium,"#N/A",New,Subject_gwhor,"#N/A","#N/A","#N/A","#N/A","#N/A"
b6026bee-2354-47ab-88c2-ea0e7590056e,"#N/A","#N/A",false,Web,"#N/A","#N/A",Medium,"#N/A",New,Subject_pyaai,"#N/A","#N/A","#N/A","#N/A","#N/A"
b602d67a-3056-4bdc-b14e-fd8735c81ee7,"#N/A","#N/A",false,Web,"#N/A","#N/A",Medium,"#N/A",New,Subject_hnbmp,"#N/A","#N/A","#N/A","#N/A","#N/A"
b602f6c9-e57e-429e-b261-17f30e12434c,"#N/A","#N/A",false,Web,"#N/A","#N/A",Medium,"#N/A",New,Subject_yuchg,"#N/A","#N/A","#N/A","#N/A","#N/A"
b603cb0b-98b9-4f32-aa82-55575e2e6218,"#N/A","#N/A",false,Web,"#N/A","#N/A",Medium,"#N/A",New,Subject_ajvml,"#N/A","#N/A","#N/A","#N/A","#N/A"
b604c0ac-a1ac-4fb9-8145-ad71f4b08408,"#N/A","#N/A",false,Web,"#N/A","#N/A",Medium,"#N/A",New,Subject_gruak,"#N/A","#N/A","#N/A","#N/A","#N/A"
b60840eb-69af-4d56-b3cd-28f426c724db,"#N/A","#N/A",false,Web,"#N/A","#N/A",Medium,"#N/A",New,Subject_kkvzn,"#N/A","#N/A","#N/A","#N/A","#N/A"
b6098a4c-76cf-46eb-92a4-2c5b4b285916,"#N/A","#N/A",false,Web,"#N/A","#N/A",Medium,"#N/A",New,Subject_uqrbz,"#N/A","#N/A","#N/A","#N/A","#N/A"
b60bce7a-f823-435e-8e5a-92fba242a542,"#N/A","#N/A",false,Web,"#N/A","#N/A",Medium,"#N/A",New,Subject_ovgjc,"#N/A","#N/A","#N/A","#N/A","#N/A"
b60f005d-88eb-4886-a7ed-0f7223c6475f,"#N/A","#N/A",false,Web,"#N/A","#N/A",Medium,"#N/A",New,Subject_rmrwg,"#N/A","#N/A","#N/A","#N/A","#N/A"
b61786d3-054e-4bfb-a5f7-51906cbe7650,"#N/A","#N/A",false,Web,"#N/A","#N/A",Medium,"#N/A",New,Subject_egfpr,"#N/A","#N/A","#N/A","#N/A","#N/A"
b6196dd5-04dc-4c00-b8ed-3a5e03bffe8d,"#N/A","#N/A",false,Web,"#N/A","#N/A",Medium,"#N/A",New,Subject_kngdx,"#N/A","#N/A","#N/A","#N/A","#N/A"
b619aeec-f38d-4d1b-a17f-c96228866e2c,"#N/A","#N/A",false,Web,"#N/A","#N/A",Medium,"#N/A",New,Subject_kpmgo,"#N/A","#N/A","#N/A","#N/A","#N/A"
b61a601e-0129-4cff-828c-8db5e96d099c,"#N/A","#N/A",false,Web,"#N/A","#N/A",Medium,"#N/A",New,Subject_ugjoz,"#N/A","#N/A","#N/A","#N/A","#N/A"
b61b33f5-4b08-45cc-a810-804e7986df6e,"#N/A","#N/A",false,Web,"#N/A","#N/A",Medium,"#N/A",New,Subject_wuadj,"#N/A","#N/A","#N/A","#N/A","#N/A"
b622e3c6-e41e-4d91-95c7-93048d5619a1,"#N/A","#N/A",false,Web,"#N/A","#N/A",Medium,"#N/A",New,Subject_huymg,"#N/A","#N/A","#N/A","#N/A","#N/A"
b6283142-b389-463c-91b5-7430aa284e8d,"#N/A","#N/A",false,Web,"#N/A","#N/A",Medium,"#N/A",New,Subject_zjksa,"#N/A","#N/A","#N/A","#N/A","#N/A"
b6298be6-d772-4bb6-ae00-a3d188cb16e7,"#N/A","#N/A",false,Web,"#N/A","#N/A",Medium,"#N/A",New,Subject_jjjwx,"#N/A","#N/A","#N/A","#N/A","#N/A"
b629def0-5678-48ec-a8ef-8dd45436012e,"#N/A","#N/A",false,Web,"#N/A","#N/A",Medium,"#N/A",New,Subject_cksqy,"#N/A","#N/A","#N/A","#N/A","#N/A"
b62a808f-5498-4bb0-b55c-28c8820d8b10,"#N/A","#N/A",false,Web,"#N/A","#N/A",Medium,"#N/A",New,Subject_qadld,"#N/A","#N/A","#N/A","#N/A","#N/A"
b63098e5-4e63-4b6d-8b57-de4604ce6967,"#N/A","#N/A",false,Web,"#N/A","#N/A",Medium,"#N/A",New,Subject_hekzw,"#N/A","#N/A","#N/A","#N/A","#N/A"
b6336873-ca40-4d90-9458-85a8740fc8cb,"#N/A","#N/A",false,Web,"#N/A","#N/A",Medium,"#N/A",New,Subject_upbuc,"#N/A","#N/A","#N/A","#N/A","#N/A"
b635ea3c-dc32-4650-8d4b-4d42f0762ced,"#N/A","#N/A",false,Web,"#N/A","#N/A",Medium,"#N/A",New,Subject_wbhvx,"#N/A","#N/A","#N/A","#N/A","#N/A"
b636f44e-f42d-428a-b615-3501045da29e,"#N/A","#N/A",false,Web,"#N/A","#N/A",Medium,"#N/A",New,Subject_wctbv,"#N/A","#N/A","#N/A","#N/A","#N/A"
b63a8d2f-f6b9-439b-a828-e4042075d84f,"#N/A","#N/A",false,Web,"#N/A","#N/A",Medium,"#N/A",New,Subject_gffes,"#N/A","#N/A","#N/A","#N/A","#N/A"
b63c8f7c-062d-4068-be0f-c0eaf0c99fbe,"#N/A","#N/A",false,Web,"#N/A","#N/A",Medium,"#N/A",New,Subject_bufsg,"#N/A","#N/A","#N/A","#N/A","#N/A"
b641b3cf-07bc-4f2a-8e2d-04ba2d785316,"#N/A","#N/A",false,Web,"#N/A","#N/A",Medium,"#N/A",New,Subject_yaiqo,"#N/A","#N/A","#N/A","#N/A","#N/A"
b6445213-d36f-4a6a-8a1d-3b1973d57e27,"#N/A","#N/A",false,Web,"#N/A","#N/A",Medium,"#N/A",New,Subject_hzjpp,"#N/A","#N/A","#N/A","#N/A","#N/A"
b644d3fd-ac27-4dab-b89d-b1769448b863,"#N/A","#N/A",false,Web,"#N/A","#N/A",Medium,"#N/A",New,Subject_fsqaw,"#N/A","#N/A","#N/A","#N/A","#N/A"
b647abf1-a0d6-487f-9dc3-bc6529ec4fa7,"#N/A","#N/A",false,Web,"#N/A","#N/A",Medium,"#N/A",New,Subject_bphtl,"#N/A","#N/A","#N/A","#N/A","#N/A"
b648a662-b4f4-4899-8555-69c88757423c,"#N/A","#N/A",false,Web,"#N/A","#N/A",Medium,"#N/A",New,Subject_pxjla,"#N/A","#N/A","#N/A","#N/A","#N/A"
b64aa409-b7d1-4b3a-9daf-161b9b060fc6,"#N/A","#N/A",false,Web,"#N/A","#N/A",Medium,"#N/A",New,Subject_dxwaf,"#N/A","#N/A","#N/A","#N/A","#N/A"
b64e3b60-8886-4278-a0a7-ff937d9ecebd,"#N/A","#N/A",false,Web,"#N/A","#N/A",Medium,"#N/A",New,Subject_rikeg,"#N/A","#N/A","#N/A","#N/A","#N/A"
b64f6313-01a2-4719-a666-358beda35b4b,"#N/A","#N/A",false,Web,"#N/A","#N/A",Medium,"#N/A",New,Subject_qtqiw,"#N/A","#N/A","#N/A","#N/A","#N/A"
b64fffca-a061-441d-9e49-c6f588690b64,"#N/A","#N/A",false,Web,"#N/A","#N/A",Medium,"#N/A",New,Subject_cyevz,"#N/A","#N/A","#N/A","#N/A","#N/A"
b658a0da-a6d4-479d-9d82-e3f2395775dd,"#N/A","#N/A",false,Web,"#N/A","#N/A",Medium,"#N/A",New,Subject_bzlbv,"#N/A","#N/A","#N/A","#N/A","#N/A"
b6598b76-0294-4bb8-a1cd-ebb604e1dcd7,"#N/A","#N/A",false,Web,"#N/A","#N/A",Medium,"#N/A",New,Subject_cxbxo,"#N/A","#N/A","#N/A","#N/A","#N/A"
b65b8289-ffea-4ab4-b2fe-e508c415f95e,"#N/A","#N/A",false,Web,"#N/A","#N/A",Medium,"#N/A",New,Subject_gcehq,"#N/A","#N/A","#N/A","#N/A","#N/A"
b65bd1aa-abfa-4f49-af15-8a6d047be7cc,"#N/A","#N/A",false,Web,"#N/A","#N/A",Medium,"#N/A",New,Subject_pgbep,"#N/A","#N/A","#N/A","#N/A","#N/A"
b6611dbf-c5f7-4d93-bc2d-4fd601ef8407,"#N/A","#N/A",false,Web,"#N/A","#N/A",Medium,"#N/A",New,Subject_kthsj,"#N/A","#N/A","#N/A","#N/A","#N/A"
b6621c7d-2e69-4f01-b372-911017f0ab5f,"#N/A","#N/A",false,Web,"#N/A","#N/A",Medium,"#N/A",New,Subject_vsbcg,"#N/A","#N/A","#N/A","#N/A","#N/A"
b6680ab2-f68e-43f7-ad0c-fe2d67d09c12,"#N/A","#N/A",false,Web,"#N/A","#N/A",Medium,"#N/A",New,Subject_fitfz,"#N/A","#N/A","#N/A","#N/A","#N/A"
b669cdcf-a6c1-45aa-ae42-ddddfb24c802,"#N/A","#N/A",false,Web,"#N/A","#N/A",Medium,"#N/A",New,Subject_jczsv,"#N/A","#N/A","#N/A","#N/A","#N/A"
b66abf86-fe87-45ea-8bf2-9581ae16ef36,"#N/A","#N/A",false,Web,"#N/A","#N/A",Medium,"#N/A",New,Subject_qcxag,"#N/A","#N/A","#N/A","#N/A","#N/A"
b66b473e-6e04-40a3-b230-1428ede9a111,"#N/A","#N/A",false,Web,"#N/A","#N/A",Medium,"#N/A",New,Subject_zcexe,"#N/A","#N/A","#N/A","#N/A","#N/A"
b66c2d81-a99c-4a5e-beeb-12d6f918472b,"#N/A","#N/A",false,Web,"#N/A","#N/A",Medium,"#N/A",New,Subject_jxwlx,"#N/A","#N/A","#N/A","#N/A","#N/A"
b679841f-5e90-4d89-a33e-7c03993ffee2,"#N/A","#N/A",false,Web,"#N/A","#N/A",Medium,"#N/A",New,Subject_etvgk,"#N/A","#N/A","#N/A","#N/A","#N/A"
b67f1a79-8483-4ca5-aaff-5e60bd157444,"#N/A","#N/A",false,Web,"#N/A","#N/A",Medium,"#N/A",New,Subject_epwyt,"#N/A","#N/A","#N/A","#N/A","#N/A"
b68047c8-03e5-4e84-aa83-aa839db8adcd,"#N/A","#N/A",false,Web,"#N/A","#N/A",Medium,"#N/A",New,Subject_epgrf,"#N/A","#N/A","#N/A","#N/A","#N/A"
b68256ca-2627-470d-b85a-f7e309feef4b,"#N/A","#N/A",false,Web,"#N/A","#N/A",Medium,"#N/A",New,Subject_xwrhw,"#N/A","#N/A","#N/A","#N/A","#N/A"
b682d950-1f18-4826-be3f-e6f9b39aa729,"#N/A","#N/A",false,Web,"#N/A","#N/A",Medium,"#N/A",New,Subject_mmshe,"#N/A","#N/A","#N/A","#N/A","#N/A"
b68dca59-6e1e-494b-ba88-03d58ac9e598,"#N/A","#N/A",false,Web,"#N/A","#N/A",Medium,"#N/A",New,Subject_kejhp,"#N/A","#N/A","#N/A","#N/A","#N/A"
b68eb20b-3e1b-481d-8fb4-a0bafdd68b37,"#N/A","#N/A",false,Web,"#N/A","#N/A",Medium,"#N/A",New,Subject_iufbr,"#N/A","#N/A","#N/A","#N/A","#N/A"
b68fd2b1-09b8-4d3c-a3a7-9b57e007c16a,"#N/A","#N/A",false,Web,"#N/A","#N/A",Medium,"#N/A",New,Subject_sealx,"#N/A","#N/A","#N/A","#N/A","#N/A"
b691c26f-0b59-4842-84c1-f5fc3172b906,"#N/A","#N/A",false,Web,"#N/A","#N/A",Medium,"#N/A",New,Subject_lcpiz,"#N/A","#N/A","#N/A","#N/A","#N/A"
b6933b25-6392-4d1e-800e-4043eed8d067,"#N/A","#N/A",false,Web,"#N/A","#N/A",Medium,"#N/A",New,Subject_vcaho,"#N/A","#N/A","#N/A","#N/A","#N/A"
b69c7367-8044-4578-ba33-8a01924e7e00,"#N/A","#N/A",false,Web,"#N/A","#N/A",Medium,"#N/A",New,Subject_poual,"#N/A","#N/A","#N/A","#N/A","#N/A"
b6a61257-ec3d-4dd8-a729-fa4390372fa8,"#N/A","#N/A",false,Web,"#N/A","#N/A",Medium,"#N/A",New,Subject_veyov,"#N/A","#N/A","#N/A","#N/A","#N/A"
b6a6f8fa-8131-405c-a447-74c6fc938e20,"#N/A","#N/A",false,Web,"#N/A","#N/A",Medium,"#N/A",New,Subject_auugz,"#N/A","#N/A","#N/A","#N/A","#N/A"
b6a8dafe-ed40-4961-a31b-738666c3166e,"#N/A","#N/A",false,Web,"#N/A","#N/A",Medium,"#N/A",New,Subject_twnzc,"#N/A","#N/A","#N/A","#N/A","#N/A"
b6ae1195-eedf-49c3-b1b4-8943297e80b1,"#N/A","#N/A",false,Web,"#N/A","#N/A",Medium,"#N/A",New,Subject_eovds,"#N/A","#N/A","#N/A","#N/A","#N/A"
b6af1e17-2b9c-4f25-8d77-5eb6b720e2cf,"#N/A","#N/A",false,Web,"#N/A","#N/A",Medium,"#N/A",New,Subject_jchdz,"#N/A","#N/A","#N/A","#N/A","#N/A"
b6afdcbd-61c3-492c-a36c-eea684162c52,"#N/A","#N/A",false,Web,"#N/A","#N/A",Medium,"#N/A",New,Subject_tndtc,"#N/A","#N/A","#N/A","#N/A","#N/A"
b6b3c582-ef6e-46ef-a098-792fa02c76a2,"#N/A","#N/A",false,Web,"#N/A","#N/A",Medium,"#N/A",New,Subject_naynu,"#N/A","#N/A","#N/A","#N/A","#N/A"
b6b58004-9ef4-40bf-8bee-6c5e4d1c0e0b,"#N/A","#N/A",false,Web,"#N/A","#N/A",Medium,"#N/A",New,Subject_nyfie,"#N/A","#N/A","#N/A","#N/A","#N/A"
b6b70713-a63e-45cc-9ef7-dc70517db517,"#N/A","#N/A",false,Web,"#N/A","#N/A",Medium,"#N/A",New,Subject_tfnxn,"#N/A","#N/A","#N/A","#N/A","#N/A"
b6ba5ae6-9fb6-48cf-9b2f-a827de7b203f,"#N/A","#N/A",false,Web,"#N/A","#N/A",Medium,"#N/A",New,Subject_cdbgp,"#N/A","#N/A","#N/A","#N/A","#N/A"
b6c14a0d-a4a7-4c74-944a-64d2e1cec15e,"#N/A","#N/A",false,Web,"#N/A","#N/A",Medium,"#N/A",New,Subject_ubdru,"#N/A","#N/A","#N/A","#N/A","#N/A"
b6c56ef2-78d8-44ec-9708-f26b7940ec7a,"#N/A","#N/A",false,Web,"#N/A","#N/A",Medium,"#N/A",New,Subject_qecri,"#N/A","#N/A","#N/A","#N/A","#N/A"
b6c93445-f600-4bec-9452-17871e6ab98a,"#N/A","#N/A",false,Web,"#N/A","#N/A",Medium,"#N/A",New,Subject_wetvj,"#N/A","#N/A","#N/A","#N/A","#N/A"
b6c9ad5f-1865-4f0e-916c-2bf6e66ab048,"#N/A","#N/A",false,Web,"#N/A","#N/A",Medium,"#N/A",New,Subject_ysbpr,"#N/A","#N/A","#N/A","#N/A","#N/A"
b6caf03f-856d-44fc-adc9-22b7c9f0ad56,"#N/A","#N/A",false,Web,"#N/A","#N/A",Medium,"#N/A",New,Subject_wxbzo,"#N/A","#N/A","#N/A","#N/A","#N/A"
b6d25869-0f0f-462d-b617-ed0184819433,"#N/A","#N/A",false,Web,"#N/A","#N/A",Medium,"#N/A",New,Subject_iubnb,"#N/A","#N/A","#N/A","#N/A","#N/A"
b6d71fed-d32e-49a2-a7ae-062ec2e97e7f,"#N/A","#N/A",false,Web,"#N/A","#N/A",Medium,"#N/A",New,Subject_tlzot,"#N/A","#N/A","#N/A","#N/A","#N/A"
b6d8e681-0b8c-4e1c-8c55-cfe1a80858a0,"#N/A","#N/A",false,Web,"#N/A","#N/A",Medium,"#N/A",New,Subject_pdblj,"#N/A","#N/A","#N/A","#N/A","#N/A"
b6daf64c-f156-42ce-b864-a84af076a0f0,"#N/A","#N/A",false,Web,"#N/A","#N/A",Medium,"#N/A",New,Subject_tiola,"#N/A","#N/A","#N/A","#N/A","#N/A"
b6df821a-0e40-40bd-9ac3-a7eaa2df9a64,"#N/A","#N/A",false,Web,"#N/A","#N/A",Medium,"#N/A",New,Subject_xbgqu,"#N/A","#N/A","#N/A","#N/A","#N/A"
b6e434a1-d57d-409a-bb6a-5909302d23b5,"#N/A","#N/A",false,Web,"#N/A","#N/A",Medium,"#N/A",New,Subject_ompdu,"#N/A","#N/A","#N/A","#N/A","#N/A"
b6e5dbd4-2685-4f7f-9f02-d4f4bd5bb2e8,"#N/A","#N/A",false,Web,"#N/A","#N/A",Medium,"#N/A",New,Subject_fkppa,"#N/A","#N/A","#N/A","#N/A","#N/A"
b6e6f453-77bd-42f0-9055-decd8760437d,"#N/A","#N/A",false,Web,"#N/A","#N/A",Medium,"#N/A",New,Subject_xrugp,"#N/A","#N/A","#N/A","#N/A","#N/A"
b6ee7036-e5c2-4525-8be0-f676a80be5f7,"#N/A","#N/A",false,Web,"#N/A","#N/A",Medium,"#N/A",New,Subject_xnuxp,"#N/A","#N/A","#N/A","#N/A","#N/A"
b6f30739-7c88-41a8-b4f1-53e64f5aa0d3,"#N/A","#N/A",false,Web,"#N/A","#N/A",Medium,"#N/A",New,Subject_fnzfm,"#N/A","#N/A","#N/A","#N/A","#N/A"
b6f373de-ba4f-4a72-bbd1-8b01e4dd38d1,"#N/A","#N/A",false,Web,"#N/A","#N/A",Medium,"#N/A",New,Subject_nfakl,"#N/A","#N/A","#N/A","#N/A","#N/A"
b6fcc6b0-9721-4590-8365-2c3a8b3877c5,"#N/A","#N/A",false,Web,"#N/A","#N/A",Medium,"#N/A",New,Subject_sngrk,"#N/A","#N/A","#N/A","#N/A","#N/A"
b6fcec53-a2d0-4db7-8fa1-a098e517a5fa,"#N/A","#N/A",false,Web,"#N/A","#N/A",Medium,"#N/A",New,Subject_jrlep,"#N/A","#N/A","#N/A","#N/A","#N/A"
b704092d-8951-4f61-a023-7033333c020e,"#N/A","#N/A",false,Web,"#N/A","#N/A",Medium,"#N/A",New,Subject_anrxu,"#N/A","#N/A","#N/A","#N/A","#N/A"
b70623e6-412a-4c43-8706-b289eed3c3d7,"#N/A","#N/A",false,Web,"#N/A","#N/A",Medium,"#N/A",New,Subject_afego,"#N/A","#N/A","#N/A","#N/A","#N/A"
b70940ba-1b08-4f1f-acc0-c796e76c4d91,"#N/A","#N/A",false,Web,"#N/A","#N/A",Medium,"#N/A",New,Subject_ejctt,"#N/A","#N/A","#N/A","#N/A","#N/A"
b70c6e66-13a0-43ab-8b13-363b8c4483cc,"#N/A","#N/A",false,Web,"#N/A","#N/A",Medium,"#N/A",New,Subject_bfzbg,"#N/A","#N/A","#N/A","#N/A","#N/A"
b70e4c7c-2c5b-4169-bdc6-038787cd7fab,"#N/A","#N/A",false,Web,"#N/A","#N/A",Medium,"#N/A",New,Subject_eafoy,"#N/A","#N/A","#N/A","#N/A","#N/A"
b7121167-7635-4818-ba96-62064332cf4c,"#N/A","#N/A",false,Web,"#N/A","#N/A",Medium,"#N/A",New,Subject_hcfgy,"#N/A","#N/A","#N/A","#N/A","#N/A"
b717e173-d6c5-4527-ae41-d21c76b40eca,"#N/A","#N/A",false,Web,"#N/A","#N/A",Medium,"#N/A",New,Subject_vlbvt,"#N/A","#N/A","#N/A","#N/A","#N/A"
b718fcb8-b5ce-44f5-8694-22442f20a3b0,"#N/A","#N/A",false,Web,"#N/A","#N/A",Medium,"#N/A",New,Subject_rctwl,"#N/A","#N/A","#N/A","#N/A","#N/A"
b71abf62-f680-4841-b394-a68433e828bb,"#N/A","#N/A",false,Web,"#N/A","#N/A",Medium,"#N/A",New,Subject_ssadq,"#N/A","#N/A","#N/A","#N/A","#N/A"
b71d7bce-00d0-4415-a95f-cf78e6195d6c,"#N/A","#N/A",false,Web,"#N/A","#N/A",Medium,"#N/A",New,Subject_ldzyp,"#N/A","#N/A","#N/A","#N/A","#N/A"
b71e4873-bf54-4faa-ae8d-2c18034b4658,"#N/A","#N/A",false,Web,"#N/A","#N/A",Medium,"#N/A",New,Subject_kzpgm,"#N/A","#N/A","#N/A","#N/A","#N/A"
b71f8113-0e2e-4ec7-be31-52722e20c882,"#N/A","#N/A",false,Web,"#N/A","#N/A",Medium,"#N/A",New,Subject_yepgt,"#N/A","#N/A","#N/A","#N/A","#N/A"
b724256c-ef21-4abc-a25d-58285a7605c9,"#N/A","#N/A",false,Web,"#N/A","#N/A",Medium,"#N/A",New,Subject_yvhjd,"#N/A","#N/A","#N/A","#N/A","#N/A"
b72b6c83-9d63-47f6-aa9b-1d3b3800b64b,"#N/A","#N/A",false,Web,"#N/A","#N/A",Medium,"#N/A",New,Subject_sbnzn,"#N/A","#N/A","#N/A","#N/A","#N/A"
b72d4242-e349-44df-a452-49a7abac9cb2,"#N/A","#N/A",false,Web,"#N/A","#N/A",Medium,"#N/A",New,Subject_kvxsd,"#N/A","#N/A","#N/A","#N/A","#N/A"
b730f316-bdf9-4424-9739-d303211bec7f,"#N/A","#N/A",false,Web,"#N/A","#N/A",Medium,"#N/A",New,Subject_umfvo,"#N/A","#N/A","#N/A","#N/A","#N/A"
b731eedb-f4a6-4b56-8529-3346354b7aed,"#N/A","#N/A",false,Web,"#N/A","#N/A",Medium,"#N/A",New,Subject_uvwuc,"#N/A","#N/A","#N/A","#N/A","#N/A"
b7325db0-6b0c-490a-9260-cfab973ff9b9,"#N/A","#N/A",false,Web,"#N/A","#N/A",Medium,"#N/A",New,Subject_xfvtx,"#N/A","#N/A","#N/A","#N/A","#N/A"
b732691f-0b84-450e-a994-acb0307b2509,"#N/A","#N/A",false,Web,"#N/A","#N/A",Medium,"#N/A",New,Subject_giqfm,"#N/A","#N/A","#N/A","#N/A","#N/A"
b7334d93-f705-4b41-87d7-83f3484d8f93,"#N/A","#N/A",false,Web,"#N/A","#N/A",Medium,"#N/A",New,Subject_ndesm,"#N/A","#N/A","#N/A","#N/A","#N/A"
b7349358-4151-4454-9aca-17fbe045988f,"#N/A","#N/A",false,Web,"#N/A","#N/A",Medium,"#N/A",New,Subject_ewzhw,"#N/A","#N/A","#N/A","#N/A","#N/A"
b7356633-f8ec-4dba-89a6-58b4af39441d,"#N/A","#N/A",false,Web,"#N/A","#N/A",Medium,"#N/A",New,Subject_lxeeo,"#N/A","#N/A","#N/A","#N/A","#N/A"
b7373e56-496d-4552-ace5-eac4b45a3031,"#N/A","#N/A",false,Web,"#N/A","#N/A",Medium,"#N/A",New,Subject_ojrwc,"#N/A","#N/A","#N/A","#N/A","#N/A"
b73faf51-f79e-4525-b67b-3794a923bb31,"#N/A","#N/A",false,Web,"#N/A","#N/A",Medium,"#N/A",New,Subject_iiopv,"#N/A","#N/A","#N/A","#N/A","#N/A"
b74013ac-60e6-41f0-813b-287e1880bc14,"#N/A","#N/A",false,Web,"#N/A","#N/A",Medium,"#N/A",New,Subject_ysdxc,"#N/A","#N/A","#N/A","#N/A","#N/A"
b740efa3-1486-4e08-946f-83006e65e61a,"#N/A","#N/A",false,Web,"#N/A","#N/A",Medium,"#N/A",New,Subject_wmecq,"#N/A","#N/A","#N/A","#N/A","#N/A"
b741b729-0736-42f7-8790-91b900b8faf7,"#N/A","#N/A",false,Web,"#N/A","#N/A",Medium,"#N/A",New,Subject_vlsvg,"#N/A","#N/A","#N/A","#N/A","#N/A"
b745fb40-1d7c-425d-92ea-fe0704cf4a2a,"#N/A","#N/A",false,Web,"#N/A","#N/A",Medium,"#N/A",New,Subject_sltcm,"#N/A","#N/A","#N/A","#N/A","#N/A"
b74b355f-402d-4f3b-80d0-35a476a833b6,"#N/A","#N/A",false,Web,"#N/A","#N/A",Medium,"#N/A",New,Subject_ryidq,"#N/A","#N/A","#N/A","#N/A","#N/A"
b74e2cd8-4411-4716-9c8a-76a26c2aae41,"#N/A","#N/A",false,Web,"#N/A","#N/A",Medium,"#N/A",New,Subject_fiewm,"#N/A","#N/A","#N/A","#N/A","#N/A"
b7503bbe-e058-45df-bfc3-df9b0dd059d7,"#N/A","#N/A",false,Web,"#N/A","#N/A",Medium,"#N/A",New,Subject_sfkas,"#N/A","#N/A","#N/A","#N/A","#N/A"
b7514ca5-e957-4d3c-9285-8e6305a24423,"#N/A","#N/A",false,Web,"#N/A","#N/A",Medium,"#N/A",New,Subject_wdvyo,"#N/A","#N/A","#N/A","#N/A","#N/A"
b7598caa-8580-498f-90ac-d1c654a2fb6d,"#N/A","#N/A",false,Web,"#N/A","#N/A",Medium,"#N/A",New,Subject_qcaiq,"#N/A","#N/A","#N/A","#N/A","#N/A"
b75bcbbd-877e-41df-8661-96bf18b269ea,"#N/A","#N/A",false,Web,"#N/A","#N/A",Medium,"#N/A",New,Subject_wcusj,"#N/A","#N/A","#N/A","#N/A","#N/A"
b75c5d99-6146-4dd1-b1b9-49e63b7cab73,"#N/A","#N/A",false,Web,"#N/A","#N/A",Medium,"#N/A",New,Subject_lzmmd,"#N/A","#N/A","#N/A","#N/A","#N/A"
b75e80d3-d3ee-4746-8eac-d1ac76b954f5,"#N/A","#N/A",false,Web,"#N/A","#N/A",Medium,"#N/A",New,Subject_gfmmi,"#N/A","#N/A","#N/A","#N/A","#N/A"
b75fd800-ab4e-46d3-809c-702f90ff923d,"#N/A","#N/A",false,Web,"#N/A","#N/A",Medium,"#N/A",New,Subject_wgpcx,"#N/A","#N/A","#N/A","#N/A","#N/A"
b76176c4-f63b-4c67-8afe-cd7e14d6c1be,"#N/A","#N/A",false,Web,"#N/A","#N/A",Medium,"#N/A",New,Subject_nxqaz,"#N/A","#N/A","#N/A","#N/A","#N/A"
b764a03c-6787-496a-9355-0ea9f1b268a5,"#N/A","#N/A",false,Web,"#N/A","#N/A",Medium,"#N/A",New,Subject_osebg,"#N/A","#N/A","#N/A","#N/A","#N/A"
b764b3e2-9f4a-48fe-a548-15dae7967481,"#N/A","#N/A",false,Web,"#N/A","#N/A",Medium,"#N/A",New,Subject_cgkrp,"#N/A","#N/A","#N/A","#N/A","#N/A"
b7658a30-899b-4aed-a990-3886342cf6bc,"#N/A","#N/A",false,Web,"#N/A","#N/A",Medium,"#N/A",New,Subject_sdopo,"#N/A","#N/A","#N/A","#N/A","#N/A"
b7675c2c-6332-4054-9330-f918370ac98a,"#N/A","#N/A",false,Web,"#N/A","#N/A",Medium,"#N/A",New,Subject_chwav,"#N/A","#N/A","#N/A","#N/A","#N/A"
b7684c2d-4207-4779-8664-aa9bd4ad29d6,"#N/A","#N/A",false,Web,"#N/A","#N/A",Medium,"#N/A",New,Subject_lskki,"#N/A","#N/A","#N/A","#N/A","#N/A"
b76c19dc-7c14-47f3-8c8e-680f1d221917,"#N/A","#N/A",false,Web,"#N/A","#N/A",Medium,"#N/A",New,Subject_jeoxp,"#N/A","#N/A","#N/A","#N/A","#N/A"
b771806c-8f2d-4438-9734-dcb67c0312c4,"#N/A","#N/A",false,Web,"#N/A","#N/A",Medium,"#N/A",New,Subject_pywnm,"#N/A","#N/A","#N/A","#N/A","#N/A"
b7719988-5bc2-4c3c-9341-49bf91ce36b7,"#N/A","#N/A",false,Web,"#N/A","#N/A",Medium,"#N/A",New,Subject_vyzia,"#N/A","#N/A","#N/A","#N/A","#N/A"
b77232bb-084a-49fe-a35b-413da39b24ab,"#N/A","#N/A",false,Web,"#N/A","#N/A",Medium,"#N/A",New,Subject_scdsb,"#N/A","#N/A","#N/A","#N/A","#N/A"
b778701c-5dfb-4852-9255-c8d44c276b95,"#N/A","#N/A",false,Web,"#N/A","#N/A",Medium,"#N/A",New,Subject_ixufv,"#N/A","#N/A","#N/A","#N/A","#N/A"
b7873f50-2894-4110-9365-1eb80e42eb2c,"#N/A","#N/A",false,Web,"#N/A","#N/A",Medium,"#N/A",New,Subject_amwko,"#N/A","#N/A","#N/A","#N/A","#N/A"
b787a216-adf9-4285-a1c5-d17f291812dc,"#N/A","#N/A",false,Web,"#N/A","#N/A",Medium,"#N/A",New,Subject_xxbue,"#N/A","#N/A","#N/A","#N/A","#N/A"
b78b009b-14e8-47b1-8f91-05f7d2dd1952,"#N/A","#N/A",false,Web,"#N/A","#N/A",Medium,"#N/A",New,Subject_vseck,"#N/A","#N/A","#N/A","#N/A","#N/A"
b78b7451-113e-4dd8-a0d6-a47a30068ebb,"#N/A","#N/A",false,Web,"#N/A","#N/A",Medium,"#N/A",New,Subject_mewwp,"#N/A","#N/A","#N/A","#N/A","#N/A"
b792bd13-4855-4c5f-b26c-01c4427514ba,"#N/A","#N/A",false,Web,"#N/A","#N/A",Medium,"#N/A",New,Subject_ndluy,"#N/A","#N/A","#N/A","#N/A","#N/A"
b793c40f-9f6a-4913-80be-3817fe0b42ac,"#N/A","#N/A",false,Web,"#N/A","#N/A",Medium,"#N/A",New,Subject_wmemh,"#N/A","#N/A","#N/A","#N/A","#N/A"
b79603d9-af97-4ca3-b193-41541ea47b79,"#N/A","#N/A",false,Web,"#N/A","#N/A",Medium,"#N/A",New,Subject_ioxgd,"#N/A","#N/A","#N/A","#N/A","#N/A"
b799fd37-25bd-4981-8e20-ab5b922b9f2d,"#N/A","#N/A",false,Web,"#N/A","#N/A",Medium,"#N/A",New,Subject_sdedu,"#N/A","#N/A","#N/A","#N/A","#N/A"
b79cc742-bc1f-46a7-8628-1bbe6825e192,"#N/A","#N/A",false,Web,"#N/A","#N/A",Medium,"#N/A",New,Subject_fzntn,"#N/A","#N/A","#N/A","#N/A","#N/A"
b7a59ef4-b310-4341-b4f6-e978e28e65a1,"#N/A","#N/A",false,Web,"#N/A","#N/A",Medium,"#N/A",New,Subject_okgaj,"#N/A","#N/A","#N/A","#N/A","#N/A"
b7ae1ecc-1142-463d-bf7f-67edefe9a1fe,"#N/A","#N/A",false,Web,"#N/A","#N/A",Medium,"#N/A",New,Subject_jakik,"#N/A","#N/A","#N/A","#N/A","#N/A"
b7aee5b7-29f7-43b0-913f-0271c9d30099,"#N/A","#N/A",false,Web,"#N/A","#N/A",Medium,"#N/A",New,Subject_ovcrx,"#N/A","#N/A","#N/A","#N/A","#N/A"
b7b10cfc-8d96-4cc5-b6db-cc1916f97140,"#N/A","#N/A",false,Web,"#N/A","#N/A",Medium,"#N/A",New,Subject_mxfov,"#N/A","#N/A","#N/A","#N/A","#N/A"
b7b3f75d-2a02-4996-8716-b682d86a5670,"#N/A","#N/A",false,Web,"#N/A","#N/A",Medium,"#N/A",New,Subject_mnali,"#N/A","#N/A","#N/A","#N/A","#N/A"
b7b6ac57-8376-4a40-9b3b-013d859c8f0a,"#N/A","#N/A",false,Web,"#N/A","#N/A",Medium,"#N/A",New,Subject_wigtf,"#N/A","#N/A","#N/A","#N/A","#N/A"
b7bc62d7-6c19-4136-8c09-991577fb20f2,"#N/A","#N/A",false,Web,"#N/A","#N/A",Medium,"#N/A",New,Subject_tyiim,"#N/A","#N/A","#N/A","#N/A","#N/A"
b7bd2678-18da-473b-a418-5548b89a4e46,"#N/A","#N/A",false,Web,"#N/A","#N/A",Medium,"#N/A",New,Subject_xoyoj,"#N/A","#N/A","#N/A","#N/A","#N/A"
b7c31ea2-ac46-4225-a00d-9b2dfea9843b,"#N/A","#N/A",false,Web,"#N/A","#N/A",Medium,"#N/A",New,Subject_boeas,"#N/A","#N/A","#N/A","#N/A","#N/A"
b7c68863-432c-46eb-ae84-5233c5dc75c1,"#N/A","#N/A",false,Web,"#N/A","#N/A",Medium,"#N/A",New,Subject_aexuj,"#N/A","#N/A","#N/A","#N/A","#N/A"
b7c68c21-391b-4196-b1d2-cf32cd9ee915,"#N/A","#N/A",false,Web,"#N/A","#N/A",Medium,"#N/A",New,Subject_poblj,"#N/A","#N/A","#N/A","#N/A","#N/A"
b7cc396e-f177-4a70-856d-0d907867d821,"#N/A","#N/A",false,Web,"#N/A","#N/A",Medium,"#N/A",New,Subject_gmvpv,"#N/A","#N/A","#N/A","#N/A","#N/A"
b7d130fc-872f-4b7b-aafe-9f42920f1ea6,"#N/A","#N/A",false,Web,"#N/A","#N/A",Medium,"#N/A",New,Subject_uybhs,"#N/A","#N/A","#N/A","#N/A","#N/A"
b7d1f4cf-f6c0-471d-aa21-4d7a9122be91,"#N/A","#N/A",false,Web,"#N/A","#N/A",Medium,"#N/A",New,Subject_gulzd,"#N/A","#N/A","#N/A","#N/A","#N/A"
b7d35c19-3541-4e08-80f4-b675ba12a028,"#N/A","#N/A",false,Web,"#N/A","#N/A",Medium,"#N/A",New,Subject_gfjkc,"#N/A","#N/A","#N/A","#N/A","#N/A"
b7d434b4-762e-4cde-88ac-5c64daa3ff36,"#N/A","#N/A",false,Web,"#N/A","#N/A",Medium,"#N/A",New,Subject_zshrd,"#N/A","#N/A","#N/A","#N/A","#N/A"
b7d4b1e4-4f91-44f3-81d7-6a75ac106ce7,"#N/A","#N/A",false,Web,"#N/A","#N/A",Medium,"#N/A",New,Subject_qrmcn,"#N/A","#N/A","#N/A","#N/A","#N/A"
b7d59076-36df-4601-a442-8e0fd700e995,"#N/A","#N/A",false,Web,"#N/A","#N/A",Medium,"#N/A",New,Subject_prrwj,"#N/A","#N/A","#N/A","#N/A","#N/A"
b7d86729-afe4-45af-9ed0-d4a03834e072,"#N/A","#N/A",false,Web,"#N/A","#N/A",Medium,"#N/A",New,Subject_knmgc,"#N/A","#N/A","#N/A","#N/A","#N/A"
b7d94568-b977-4e70-b91c-3b2ef2c34d67,"#N/A","#N/A",false,Web,"#N/A","#N/A",Medium,"#N/A",New,Subject_vjcks,"#N/A","#N/A","#N/A","#N/A","#N/A"
b7e7f755-6d5c-48da-beab-b9bb46ad4789,"#N/A","#N/A",false,Web,"#N/A","#N/A",Medium,"#N/A",New,Subject_kzgxq,"#N/A","#N/A","#N/A","#N/A","#N/A"
b7eb6549-1a51-4588-b3a0-e4b1836158ca,"#N/A","#N/A",false,Web,"#N/A","#N/A",Medium,"#N/A",New,Subject_nvxgn,"#N/A","#N/A","#N/A","#N/A","#N/A"
b7ebb1c3-a366-419a-81c8-a4bc3223cacb,"#N/A","#N/A",false,Web,"#N/A","#N/A",Medium,"#N/A",New,Subject_fhbet,"#N/A","#N/A","#N/A","#N/A","#N/A"
b7ed1a23-cce8-46c2-bcd4-b30b89be85ac,"#N/A","#N/A",false,Web,"#N/A","#N/A",Medium,"#N/A",New,Subject_xtpbh,"#N/A","#N/A","#N/A","#N/A","#N/A"
b7f7f391-7f03-4b26-a9b2-f6b24caa127b,"#N/A","#N/A",false,Web,"#N/A","#N/A",Medium,"#N/A",New,Subject_yoggi,"#N/A","#N/A","#N/A","#N/A","#N/A"
b7fc41f7-4103-4572-ae59-bc36c649e42a,"#N/A","#N/A",false,Web,"#N/A","#N/A",Medium,"#N/A",New,Subject_uahkt,"#N/A","#N/A","#N/A","#N/A","#N/A"
b801719e-27db-4f0e-b31b-0837e8b88e44,"#N/A","#N/A",false,Web,"#N/A","#N/A",Medium,"#N/A",New,Subject_tfnpy,"#N/A","#N/A","#N/A","#N/A","#N/A"
b804acb1-f8c6-4d90-b0ab-3d502fcc00da,"#N/A","#N/A",false,Web,"#N/A","#N/A",Medium,"#N/A",New,Subject_anxrn,"#N/A","#N/A","#N/A","#N/A","#N/A"
b809c619-ec21-41db-aacb-cdbebc1394ad,"#N/A","#N/A",false,Web,"#N/A","#N/A",Medium,"#N/A",New,Subject_csyfl,"#N/A","#N/A","#N/A","#N/A","#N/A"
b80f5dfa-c14c-484f-a0b6-0c4b4abff41a,"#N/A","#N/A",false,Web,"#N/A","#N/A",Medium,"#N/A",New,Subject_dyjxo,"#N/A","#N/A","#N/A","#N/A","#N/A"
b816007b-59de-4639-8b08-3eafca8c0edd,"#N/A","#N/A",false,Web,"#N/A","#N/A",Medium,"#N/A",New,Subject_fnfbu,"#N/A","#N/A","#N/A","#N/A","#N/A"
b8172c57-9b35-41f4-9245-db36450c5ef6,"#N/A","#N/A",false,Web,"#N/A","#N/A",Medium,"#N/A",New,Subject_xwwfc,"#N/A","#N/A","#N/A","#N/A","#N/A"
b819e0e5-2f68-40e2-990c-9316bc0d1275,"#N/A","#N/A",false,Web,"#N/A","#N/A",Medium,"#N/A",New,Subject_oamnc,"#N/A","#N/A","#N/A","#N/A","#N/A"
b81c34ba-d665-42ba-a76a-7245b53cce85,"#N/A","#N/A",false,Web,"#N/A","#N/A",Medium,"#N/A",New,Subject_aufji,"#N/A","#N/A","#N/A","#N/A","#N/A"
b81fc562-875c-4eef-ac18-4c32f4b3268a,"#N/A","#N/A",false,Web,"#N/A","#N/A",Medium,"#N/A",New,Subject_hopsb,"#N/A","#N/A","#N/A","#N/A","#N/A"
b81ffd89-d073-4fae-a880-40e59acd60a5,"#N/A","#N/A",false,Web,"#N/A","#N/A",Medium,"#N/A",New,Subject_gfdoo,"#N/A","#N/A","#N/A","#N/A","#N/A"
b82828b2-a90e-4c8c-96c3-91727f47265b,"#N/A","#N/A",false,Web,"#N/A","#N/A",Medium,"#N/A",New,Subject_lncyl,"#N/A","#N/A","#N/A","#N/A","#N/A"
b82cdb07-cde4-45b5-a883-49aa50785299,"#N/A","#N/A",false,Web,"#N/A","#N/A",Medium,"#N/A",New,Subject_cnutx,"#N/A","#N/A","#N/A","#N/A","#N/A"
b82de59f-7a4c-48f8-8278-a21567aec6ae,"#N/A","#N/A",false,Web,"#N/A","#N/A",Medium,"#N/A",New,Subject_tuwkt,"#N/A","#N/A","#N/A","#N/A","#N/A"
b834653a-d7b9-43cb-a4b8-71cd6dca64b2,"#N/A","#N/A",false,Web,"#N/A","#N/A",Medium,"#N/A",New,Subject_kkpak,"#N/A","#N/A","#N/A","#N/A","#N/A"
b83c08f5-8394-4204-b5ec-4ed585730dde,"#N/A","#N/A",false,Web,"#N/A","#N/A",Medium,"#N/A",New,Subject_oojdq,"#N/A","#N/A","#N/A","#N/A","#N/A"
b83d3340-1c3b-4c03-b021-613e81efa75e,"#N/A","#N/A",false,Web,"#N/A","#N/A",Medium,"#N/A",New,Subject_oyfko,"#N/A","#N/A","#N/A","#N/A","#N/A"
b83eb774-916f-4564-9844-1962bd9bd131,"#N/A","#N/A",false,Web,"#N/A","#N/A",Medium,"#N/A",New,Subject_bboyx,"#N/A","#N/A","#N/A","#N/A","#N/A"
b83f3ae7-f464-483c-917e-f05e03ea36fa,"#N/A","#N/A",false,Web,"#N/A","#N/A",Medium,"#N/A",New,Subject_wsloz,"#N/A","#N/A","#N/A","#N/A","#N/A"
b83f596a-716f-4217-93c8-632826d6481d,"#N/A","#N/A",false,Web,"#N/A","#N/A",Medium,"#N/A",New,Subject_zgred,"#N/A","#N/A","#N/A","#N/A","#N/A"
b83fce27-ce24-4a81-be81-ca03ee2ae3f1,"#N/A","#N/A",false,Web,"#N/A","#N/A",Medium,"#N/A",New,Subject_mqnbd,"#N/A","#N/A","#N/A","#N/A","#N/A"
b843a831-15d9-4a7e-a749-a26310bcde77,"#N/A","#N/A",false,Web,"#N/A","#N/A",Medium,"#N/A",New,Subject_zxsap,"#N/A","#N/A","#N/A","#N/A","#N/A"
b8458570-a90d-4a33-87eb-5d5c73e4539b,"#N/A","#N/A",false,Web,"#N/A","#N/A",Medium,"#N/A",New,Subject_rjxen,"#N/A","#N/A","#N/A","#N/A","#N/A"
b8483925-9170-40e5-9af7-8d25c0de31d9,"#N/A","#N/A",false,Web,"#N/A","#N/A",Medium,"#N/A",New,Subject_vuasm,"#N/A","#N/A","#N/A","#N/A","#N/A"
b84952b5-ebfe-42b3-9fb9-4839ee1fd584,"#N/A","#N/A",false,Web,"#N/A","#N/A",Medium,"#N/A",New,Subject_kicyb,"#N/A","#N/A","#N/A","#N/A","#N/A"
b84d4294-febb-4324-afbb-98283d6ca964,"#N/A","#N/A",false,Web,"#N/A","#N/A",Medium,"#N/A",New,Subject_mexsn,"#N/A","#N/A","#N/A","#N/A","#N/A"
b84f83da-b761-42dc-8ff0-8391cc7a7316,"#N/A","#N/A",false,Web,"#N/A","#N/A",Medium,"#N/A",New,Subject_qznef,"#N/A","#N/A","#N/A","#N/A","#N/A"
b852c0ec-1a1d-4593-808e-e1372a3c6900,"#N/A","#N/A",false,Web,"#N/A","#N/A",Medium,"#N/A",New,Subject_rjzsx,"#N/A","#N/A","#N/A","#N/A","#N/A"
b852ed9d-dba1-4c0e-a692-36ac2cb4decb,"#N/A","#N/A",false,Web,"#N/A","#N/A",Medium,"#N/A",New,Subject_gndjd,"#N/A","#N/A","#N/A","#N/A","#N/A"
b8537ffd-2ab1-4884-a998-60e8a23ee330,"#N/A","#N/A",false,Web,"#N/A","#N/A",Medium,"#N/A",New,Subject_qwdlw,"#N/A","#N/A","#N/A","#N/A","#N/A"
b854fdf4-023c-4d7e-bbc5-c2783a730cb4,"#N/A","#N/A",false,Web,"#N/A","#N/A",Medium,"#N/A",New,Subject_huhjo,"#N/A","#N/A","#N/A","#N/A","#N/A"
b8564370-3704-42ba-a15a-c26f9adb7307,"#N/A","#N/A",false,Web,"#N/A","#N/A",Medium,"#N/A",New,Subject_wksnq,"#N/A","#N/A","#N/A","#N/A","#N/A"
b85f1950-3b9e-4629-9ce6-098f717440e7,"#N/A","#N/A",false,Web,"#N/A","#N/A",Medium,"#N/A",New,Subject_dsarr,"#N/A","#N/A","#N/A","#N/A","#N/A"
b861c55b-ca8e-4cbf-a2b9-aa7be601f5be,"#N/A","#N/A",false,Web,"#N/A","#N/A",Medium,"#N/A",New,Subject_vlmtr,"#N/A","#N/A","#N/A","#N/A","#N/A"
b8626d7b-25f1-40a8-9e07-af6e8b082236,"#N/A","#N/A",false,Web,"#N/A","#N/A",Medium,"#N/A",New,Subject_rqghs,"#N/A","#N/A","#N/A","#N/A","#N/A"
b864fbc9-f545-46e1-a94b-67c18c0f6223,"#N/A","#N/A",false,Web,"#N/A","#N/A",Medium,"#N/A",New,Subject_omfck,"#N/A","#N/A","#N/A","#N/A","#N/A"
b86ba915-75e8-4eb1-a76a-6d7a02698fe3,"#N/A","#N/A",false,Web,"#N/A","#N/A",Medium,"#N/A",New,Subject_xihan,"#N/A","#N/A","#N/A","#N/A","#N/A"
b86cd53d-17ea-4981-b6e6-722ec048d670,"#N/A","#N/A",false,Web,"#N/A","#N/A",Medium,"#N/A",New,Subject_oppnf,"#N/A","#N/A","#N/A","#N/A","#N/A"
b86e0a19-8511-44da-b373-49b92cc95689,"#N/A","#N/A",false,Web,"#N/A","#N/A",Medium,"#N/A",New,Subject_ezpvd,"#N/A","#N/A","#N/A","#N/A","#N/A"
b8724d17-e914-4e8b-af94-bea5c7476318,"#N/A","#N/A",false,Web,"#N/A","#N/A",Medium,"#N/A",New,Subject_axtww,"#N/A","#N/A","#N/A","#N/A","#N/A"
b87306ce-d71e-4131-a4f1-352c4f21e620,"#N/A","#N/A",false,Web,"#N/A","#N/A",Medium,"#N/A",New,Subject_sfude,"#N/A","#N/A","#N/A","#N/A","#N/A"
b8754ea8-8c4c-42dc-b37c-186b9c248d9f,"#N/A","#N/A",false,Web,"#N/A","#N/A",Medium,"#N/A",New,Subject_vquql,"#N/A","#N/A","#N/A","#N/A","#N/A"
b875bd81-af03-460a-a17f-e4dbdfd5fe99,"#N/A","#N/A",false,Web,"#N/A","#N/A",Medium,"#N/A",New,Subject_bided,"#N/A","#N/A","#N/A","#N/A","#N/A"
b8766138-f7b4-4e17-be20-6ef69f43cf94,"#N/A","#N/A",false,Web,"#N/A","#N/A",Medium,"#N/A",New,Subject_sxnfg,"#N/A","#N/A","#N/A","#N/A","#N/A"
b87f5e31-632b-419c-9877-acbb0f5701b6,"#N/A","#N/A",false,Web,"#N/A","#N/A",Medium,"#N/A",New,Subject_xpvcg,"#N/A","#N/A","#N/A","#N/A","#N/A"
b8805828-a1dd-4cf5-9844-8fa5a604c124,"#N/A","#N/A",false,Web,"#N/A","#N/A",Medium,"#N/A",New,Subject_yofnj,"#N/A","#N/A","#N/A","#N/A","#N/A"
b88704a0-9f25-4b5f-b587-94cb0212d9a3,"#N/A","#N/A",false,Web,"#N/A","#N/A",Medium,"#N/A",New,Subject_gwqtq,"#N/A","#N/A","#N/A","#N/A","#N/A"
b88849a3-efca-4e2d-b33a-31730a73d05c,"#N/A","#N/A",false,Web,"#N/A","#N/A",Medium,"#N/A",New,Subject_etrre,"#N/A","#N/A","#N/A","#N/A","#N/A"
b88cc4a3-5748-4d27-9ff2-e70b88e31898,"#N/A","#N/A",false,Web,"#N/A","#N/A",Medium,"#N/A",New,Subject_nijdj,"#N/A","#N/A","#N/A","#N/A","#N/A"
b88f3475-76f2-435e-b191-0dd604567927,"#N/A","#N/A",false,Web,"#N/A","#N/A",Medium,"#N/A",New,Subject_iwsno,"#N/A","#N/A","#N/A","#N/A","#N/A"
b88fcaaf-a834-47c5-aed8-02043e9df5e2,"#N/A","#N/A",false,Web,"#N/A","#N/A",Medium,"#N/A",New,Subject_dqnxz,"#N/A","#N/A","#N/A","#N/A","#N/A"
b8971869-74aa-4926-872d-53188d711e4c,"#N/A","#N/A",false,Web,"#N/A","#N/A",Medium,"#N/A",New,Subject_gaxdd,"#N/A","#N/A","#N/A","#N/A","#N/A"
b89b46f9-c15a-4f24-a6d4-b2d3e015006c,"#N/A","#N/A",false,Web,"#N/A","#N/A",Medium,"#N/A",New,Subject_wkoub,"#N/A","#N/A","#N/A","#N/A","#N/A"
b89c272e-490c-44ae-9de4-f8627b0c9aaf,"#N/A","#N/A",false,Web,"#N/A","#N/A",Medium,"#N/A",New,Subject_dcnhk,"#N/A","#N/A","#N/A","#N/A","#N/A"
b8a0e3cf-f398-4d6f-8293-566982a3d76a,"#N/A","#N/A",false,Web,"#N/A","#N/A",Medium,"#N/A",New,Subject_amtbu,"#N/A","#N/A","#N/A","#N/A","#N/A"
b8a203f6-7085-47c0-909a-35ca28e56e96,"#N/A","#N/A",false,Web,"#N/A","#N/A",Medium,"#N/A",New,Subject_mfstt,"#N/A","#N/A","#N/A","#N/A","#N/A"
b8a5d342-8bdc-4a5e-b96c-888e4e5ffa59,"#N/A","#N/A",false,Web,"#N/A","#N/A",Medium,"#N/A",New,Subject_vgoti,"#N/A","#N/A","#N/A","#N/A","#N/A"
b8a8e38e-aa39-4ecb-b3c7-809530973fd6,"#N/A","#N/A",false,Web,"#N/A","#N/A",Medium,"#N/A",New,Subject_avxbu,"#N/A","#N/A","#N/A","#N/A","#N/A"
b8b06fbd-eb88-4fb5-a245-beeef301a7c0,"#N/A","#N/A",false,Web,"#N/A","#N/A",Medium,"#N/A",New,Subject_dcqzj,"#N/A","#N/A","#N/A","#N/A","#N/A"
b8b111df-258d-45b5-b41c-5c04ba1e33cf,"#N/A","#N/A",false,Web,"#N/A","#N/A",Medium,"#N/A",New,Subject_zuanx,"#N/A","#N/A","#N/A","#N/A","#N/A"
b8b64735-a428-4851-8c39-733dfbb0974e,"#N/A","#N/A",false,Web,"#N/A","#N/A",Medium,"#N/A",New,Subject_qibdb,"#N/A","#N/A","#N/A","#N/A","#N/A"
b8b9c5d1-5960-4145-9fd5-eecf724fc2cb,"#N/A","#N/A",false,Web,"#N/A","#N/A",Medium,"#N/A",New,Subject_wdxkp,"#N/A","#N/A","#N/A","#N/A","#N/A"
b8bbf3ff-555b-44dd-abb1-3191d1f31f90,"#N/A","#N/A",false,Web,"#N/A","#N/A",Medium,"#N/A",New,Subject_mufny,"#N/A","#N/A","#N/A","#N/A","#N/A"
b8bdf22b-9107-4137-b64c-689694e27f62,"#N/A","#N/A",false,Web,"#N/A","#N/A",Medium,"#N/A",New,Subject_perjw,"#N/A","#N/A","#N/A","#N/A","#N/A"
b8bf0aac-ae9f-46c1-b274-946ff43693a7,"#N/A","#N/A",false,Web,"#N/A","#N/A",Medium,"#N/A",New,Subject_yaarc,"#N/A","#N/A","#N/A","#N/A","#N/A"
b8bf9ec1-169c-4310-a06e-494db10ad0dc,"#N/A","#N/A",false,Web,"#N/A","#N/A",Medium,"#N/A",New,Subject_veusc,"#N/A","#N/A","#N/A","#N/A","#N/A"
b8c2225b-2baf-4dea-88fe-378ced99adb1,"#N/A","#N/A",false,Web,"#N/A","#N/A",Medium,"#N/A",New,Subject_csikr,"#N/A","#N/A","#N/A","#N/A","#N/A"
b8c3dcdd-cd8e-40e7-a261-7ea6e7474b3e,"#N/A","#N/A",false,Web,"#N/A","#N/A",Medium,"#N/A",New,Subject_rpdtm,"#N/A","#N/A","#N/A","#N/A","#N/A"
b8d03a42-2ae3-4396-bd8b-ca319067c5fc,"#N/A","#N/A",false,Web,"#N/A","#N/A",Medium,"#N/A",New,Subject_rtitk,"#N/A","#N/A","#N/A","#N/A","#N/A"
b8d1cf82-d7e4-4ad8-bf9f-ab7a3b78d67e,"#N/A","#N/A",false,Web,"#N/A","#N/A",Medium,"#N/A",New,Subject_retzz,"#N/A","#N/A","#N/A","#N/A","#N/A"
b8d20d21-0078-4f36-865e-190621b5b9a9,"#N/A","#N/A",false,Web,"#N/A","#N/A",Medium,"#N/A",New,Subject_qkruj,"#N/A","#N/A","#N/A","#N/A","#N/A"
b8d35de7-4da9-41e9-9282-daad3fe0ddb2,"#N/A","#N/A",false,Web,"#N/A","#N/A",Medium,"#N/A",New,Subject_vzgao,"#N/A","#N/A","#N/A","#N/A","#N/A"
b8d54266-be43-4713-ad86-64e8a3466303,"#N/A","#N/A",false,Web,"#N/A","#N/A",Medium,"#N/A",New,Subject_ebqeq,"#N/A","#N/A","#N/A","#N/A","#N/A"
b8d7eeae-9b46-4969-b43b-12ac08d3e897,"#N/A","#N/A",false,Web,"#N/A","#N/A",Medium,"#N/A",New,Subject_qckkg,"#N/A","#N/A","#N/A","#N/A","#N/A"
b8da175b-0b27-4675-8e98-513ab94e9653,"#N/A","#N/A",false,Web,"#N/A","#N/A",Medium,"#N/A",New,Subject_jawyd,"#N/A","#N/A","#N/A","#N/A","#N/A"
b8da88f3-f1f2-4305-b445-f2f302575dba,"#N/A","#N/A",false,Web,"#N/A","#N/A",Medium,"#N/A",New,Subject_dgnnk,"#N/A","#N/A","#N/A","#N/A","#N/A"
b8dc8583-faf7-40db-9390-78db8e42c341,"#N/A","#N/A",false,Web,"#N/A","#N/A",Medium,"#N/A",New,Subject_guyfc,"#N/A","#N/A","#N/A","#N/A","#N/A"
b8dd25f7-649c-4f67-98b5-b226dc92a43c,"#N/A","#N/A",false,Web,"#N/A","#N/A",Medium,"#N/A",New,Subject_zcqjo,"#N/A","#N/A","#N/A","#N/A","#N/A"
b8e11808-0d42-49e9-9718-ded64b20e764,"#N/A","#N/A",false,Web,"#N/A","#N/A",Medium,"#N/A",New,Subject_nfwdy,"#N/A","#N/A","#N/A","#N/A","#N/A"
b8e4d559-4ec0-468b-bb1e-edd86482ca88,"#N/A","#N/A",false,Web,"#N/A","#N/A",Medium,"#N/A",New,Subject_pnhja,"#N/A","#N/A","#N/A","#N/A","#N/A"
b8e59302-834f-4b7d-b098-5c90a69f51e7,"#N/A","#N/A",false,Web,"#N/A","#N/A",Medium,"#N/A",New,Subject_hfehy,"#N/A","#N/A","#N/A","#N/A","#N/A"
b8edf57e-608a-4734-a87d-13efa78060a1,"#N/A","#N/A",false,Web,"#N/A","#N/A",Medium,"#N/A",New,Subject_lyuyq,"#N/A","#N/A","#N/A","#N/A","#N/A"
b8f14cd5-fef5-4321-bf01-5118e7e52b8f,"#N/A","#N/A",false,Web,"#N/A","#N/A",Medium,"#N/A",New,Subject_cusxn,"#N/A","#N/A","#N/A","#N/A","#N/A"
b8f23f87-9a57-4637-b6ea-43b371a5e412,"#N/A","#N/A",false,Web,"#N/A","#N/A",Medium,"#N/A",New,Subject_araap,"#N/A","#N/A","#N/A","#N/A","#N/A"
b8f69d7f-b0c3-4830-a08a-9511b51e7d45,"#N/A","#N/A",false,Web,"#N/A","#N/A",Medium,"#N/A",New,Subject_fxrwa,"#N/A","#N/A","#N/A","#N/A","#N/A"
b8f71ed0-efb0-4dcb-8d12-71c64fdddb9c,"#N/A","#N/A",false,Web,"#N/A","#N/A",Medium,"#N/A",New,Subject_gtxzo,"#N/A","#N/A","#N/A","#N/A","#N/A"
b8fa28ac-bb68-4178-b0d8-16f747895fda,"#N/A","#N/A",false,Web,"#N/A","#N/A",Medium,"#N/A",New,Subject_brbtx,"#N/A","#N/A","#N/A","#N/A","#N/A"
b8fbf850-59f4-4589-a880-9fe3755a1fe2,"#N/A","#N/A",false,Web,"#N/A","#N/A",Medium,"#N/A",New,Subject_zlixf,"#N/A","#N/A","#N/A","#N/A","#N/A"
b8fd7e84-82cb-4040-9af1-1e6d3895ea83,"#N/A","#N/A",false,Web,"#N/A","#N/A",Medium,"#N/A",New,Subject_vrmli,"#N/A","#N/A","#N/A","#N/A","#N/A"
b8ff9225-eb9f-4357-90e8-d42f1577b071,"#N/A","#N/A",false,Web,"#N/A","#N/A",Medium,"#N/A",New,Subject_gwizl,"#N/A","#N/A","#N/A","#N/A","#N/A"
b8ffaf1f-c0a6-4779-963d-3bec84913f6d,"#N/A","#N/A",false,Web,"#N/A","#N/A",Medium,"#N/A",New,Subject_jyyro,"#N/A","#N/A","#N/A","#N/A","#N/A"
b900081b-f434-47a1-add2-3d5bd890d234,"#N/A","#N/A",false,Web,"#N/A","#N/A",Medium,"#N/A",New,Subject_mgvfa,"#N/A","#N/A","#N/A","#N/A","#N/A"
b9013e4b-025e-469b-bff9-5f0fad17051e,"#N/A","#N/A",false,Web,"#N/A","#N/A",Medium,"#N/A",New,Subject_zflyt,"#N/A","#N/A","#N/A","#N/A","#N/A"
b902c806-ed2f-4f00-8f6a-8c7c3cd18126,"#N/A","#N/A",false,Web,"#N/A","#N/A",Medium,"#N/A",New,Subject_rceez,"#N/A","#N/A","#N/A","#N/A","#N/A"
b905364f-6d65-4f46-9cd9-8e242f4d9313,"#N/A","#N/A",false,Web,"#N/A","#N/A",Medium,"#N/A",New,Subject_hqmly,"#N/A","#N/A","#N/A","#N/A","#N/A"
b9072aa3-516d-4f78-bfd0-b617e0c6a338,"#N/A","#N/A",false,Web,"#N/A","#N/A",Medium,"#N/A",New,Subject_mhojz,"#N/A","#N/A","#N/A","#N/A","#N/A"
b908eab4-cc18-4cc4-8a68-49975b32a968,"#N/A","#N/A",false,Web,"#N/A","#N/A",Medium,"#N/A",New,Subject_rjeuk,"#N/A","#N/A","#N/A","#N/A","#N/A"
b90c6dd6-f60e-4125-ac22-717788fc4f4d,"#N/A","#N/A",false,Web,"#N/A","#N/A",Medium,"#N/A",New,Subject_dwlqe,"#N/A","#N/A","#N/A","#N/A","#N/A"
b911bc28-f479-46d0-92b0-a13c03c97838,"#N/A","#N/A",false,Web,"#N/A","#N/A",Medium,"#N/A",New,Subject_qirnk,"#N/A","#N/A","#N/A","#N/A","#N/A"
b913c174-5e93-444a-ae48-3d7aabaea97f,"#N/A","#N/A",false,Web,"#N/A","#N/A",Medium,"#N/A",New,Subject_rdsxk,"#N/A","#N/A","#N/A","#N/A","#N/A"
b916a7df-a97f-4087-91bf-75d1213b7a19,"#N/A","#N/A",false,Web,"#N/A","#N/A",Medium,"#N/A",New,Subject_mbrzs,"#N/A","#N/A","#N/A","#N/A","#N/A"
b9176438-21e1-4fd0-ab2c-bf5066fc0d84,"#N/A","#N/A",false,Web,"#N/A","#N/A",Medium,"#N/A",New,Subject_bpjax,"#N/A","#N/A","#N/A","#N/A","#N/A"
b919b475-57a5-4a78-a2d4-83b21eb11ad8,"#N/A","#N/A",false,Web,"#N/A","#N/A",Medium,"#N/A",New,Subject_xlzsz,"#N/A","#N/A","#N/A","#N/A","#N/A"
b91ce1fa-39f2-4b07-8b29-41beead3c517,"#N/A","#N/A",false,Web,"#N/A","#N/A",Medium,"#N/A",New,Subject_eiepe,"#N/A","#N/A","#N/A","#N/A","#N/A"
b9207d3f-3798-400e-bdc3-35335edf7e01,"#N/A","#N/A",false,Web,"#N/A","#N/A",Medium,"#N/A",New,Subject_jacma,"#N/A","#N/A","#N/A","#N/A","#N/A"
b921d870-279f-4700-af94-704cfce8c962,"#N/A","#N/A",false,Web,"#N/A","#N/A",Medium,"#N/A",New,Subject_oxssw,"#N/A","#N/A","#N/A","#N/A","#N/A"
b9230302-f6bf-42a8-a612-1e2486ea3971,"#N/A","#N/A",false,Web,"#N/A","#N/A",Medium,"#N/A",New,Subject_nortl,"#N/A","#N/A","#N/A","#N/A","#N/A"
b9246671-79cc-4776-9a15-50bddc4d3bb3,"#N/A","#N/A",false,Web,"#N/A","#N/A",Medium,"#N/A",New,Subject_rvplz,"#N/A","#N/A","#N/A","#N/A","#N/A"
b9247747-5d08-4197-abc1-1abf40e3ff6f,"#N/A","#N/A",false,Web,"#N/A","#N/A",Medium,"#N/A",New,Subject_bdnno,"#N/A","#N/A","#N/A","#N/A","#N/A"
b9294cc6-8097-4a1f-94b2-acd5ba214b67,"#N/A","#N/A",false,Web,"#N/A","#N/A",Medium,"#N/A",New,Subject_yddbo,"#N/A","#N/A","#N/A","#N/A","#N/A"
b92a1168-b4a6-4004-868e-d90994afc349,"#N/A","#N/A",false,Web,"#N/A","#N/A",Medium,"#N/A",New,Subject_ghcix,"#N/A","#N/A","#N/A","#N/A","#N/A"
b93160dc-ecb3-48ee-8f9a-50ca330dc104,"#N/A","#N/A",false,Web,"#N/A","#N/A",Medium,"#N/A",New,Subject_hwdil,"#N/A","#N/A","#N/A","#N/A","#N/A"
b93210af-34fd-459a-b5b4-81e4e5803279,"#N/A","#N/A",false,Web,"#N/A","#N/A",Medium,"#N/A",New,Subject_rdrxu,"#N/A","#N/A","#N/A","#N/A","#N/A"
b9349647-47d0-4519-826f-5a54b6af8bf9,"#N/A","#N/A",false,Web,"#N/A","#N/A",Medium,"#N/A",New,Subject_lkkgk,"#N/A","#N/A","#N/A","#N/A","#N/A"
b93700de-4f42-4025-b1a6-2dfce22cbed7,"#N/A","#N/A",false,Web,"#N/A","#N/A",Medium,"#N/A",New,Subject_ucvlq,"#N/A","#N/A","#N/A","#N/A","#N/A"
b93a4c71-69c9-4b47-831c-225420206ec8,"#N/A","#N/A",false,Web,"#N/A","#N/A",Medium,"#N/A",New,Subject_gkdfg,"#N/A","#N/A","#N/A","#N/A","#N/A"
b93bf20f-90db-4387-a183-bfef4027a92e,"#N/A","#N/A",false,Web,"#N/A","#N/A",Medium,"#N/A",New,Subject_hsyha,"#N/A","#N/A","#N/A","#N/A","#N/A"
b93bfa53-b8c3-4e6b-bf34-73fab367bb44,"#N/A","#N/A",false,Web,"#N/A","#N/A",Medium,"#N/A",New,Subject_agwjp,"#N/A","#N/A","#N/A","#N/A","#N/A"
b93ebecc-8be3-43d4-8629-c6436762120c,"#N/A","#N/A",false,Web,"#N/A","#N/A",Medium,"#N/A",New,Subject_firox,"#N/A","#N/A","#N/A","#N/A","#N/A"
b94635a6-5143-428e-ba1c-72a867902524,"#N/A","#N/A",false,Web,"#N/A","#N/A",Medium,"#N/A",New,Subject_ifeya,"#N/A","#N/A","#N/A","#N/A","#N/A"
b946f79b-5e16-4776-9b25-b2866d56ac42,"#N/A","#N/A",false,Web,"#N/A","#N/A",Medium,"#N/A",New,Subject_uqojx,"#N/A","#N/A","#N/A","#N/A","#N/A"
b94a253c-6246-4353-8d3a-42e8c07a79e9,"#N/A","#N/A",false,Web,"#N/A","#N/A",Medium,"#N/A",New,Subject_pvpbg,"#N/A","#N/A","#N/A","#N/A","#N/A"
b958a032-490a-47c2-861a-77c4dcf7d140,"#N/A","#N/A",false,Web,"#N/A","#N/A",Medium,"#N/A",New,Subject_xmljy,"#N/A","#N/A","#N/A","#N/A","#N/A"
b95ec154-394e-480f-aef4-31f22e47fa6c,"#N/A","#N/A",false,Web,"#N/A","#N/A",Medium,"#N/A",New,Subject_hyudb,"#N/A","#N/A","#N/A","#N/A","#N/A"
b95f1897-5eef-4325-b19d-7cdd6f643536,"#N/A","#N/A",false,Web,"#N/A","#N/A",Medium,"#N/A",New,Subject_nbvsi,"#N/A","#N/A","#N/A","#N/A","#N/A"
b960fdd9-6ae0-422b-ab38-48832fa534dc,"#N/A","#N/A",false,Web,"#N/A","#N/A",Medium,"#N/A",New,Subject_sqkec,"#N/A","#N/A","#N/A","#N/A","#N/A"
b9614b4b-ea31-4bcc-adaa-2e470ccf9d69,"#N/A","#N/A",false,Web,"#N/A","#N/A",Medium,"#N/A",New,Subject_wbpxs,"#N/A","#N/A","#N/A","#N/A","#N/A"
b962f949-8e93-4d3e-80a8-40f9676b3da2,"#N/A","#N/A",false,Web,"#N/A","#N/A",Medium,"#N/A",New,Subject_gljry,"#N/A","#N/A","#N/A","#N/A","#N/A"
b964464a-efcf-44af-a5d5-2bf74ac1721b,"#N/A","#N/A",false,Web,"#N/A","#N/A",Medium,"#N/A",New,Subject_ujrlh,"#N/A","#N/A","#N/A","#N/A","#N/A"
b96585ce-c2e8-4999-8d83-074c3fd1ceb1,"#N/A","#N/A",false,Web,"#N/A","#N/A",Medium,"#N/A",New,Subject_yryxt,"#N/A","#N/A","#N/A","#N/A","#N/A"
b9676a47-4da3-4ca9-968f-dda3f46b805f,"#N/A","#N/A",false,Web,"#N/A","#N/A",Medium,"#N/A",New,Subject_qqbtt,"#N/A","#N/A","#N/A","#N/A","#N/A"
b9694d4b-422d-4f7f-9cf7-7a8bc0650320,"#N/A","#N/A",false,Web,"#N/A","#N/A",Medium,"#N/A",New,Subject_eadtt,"#N/A","#N/A","#N/A","#N/A","#N/A"
b96c3e0c-b682-4145-8de1-e4cacf035c7b,"#N/A","#N/A",false,Web,"#N/A","#N/A",Medium,"#N/A",New,Subject_swcgt,"#N/A","#N/A","#N/A","#N/A","#N/A"
b96e27c8-7ec7-4013-9ad6-c540da46372e,"#N/A","#N/A",false,Web,"#N/A","#N/A",Medium,"#N/A",New,Subject_fhdha,"#N/A","#N/A","#N/A","#N/A","#N/A"
b970338a-63ec-4f49-b4f6-261e5564556c,"#N/A","#N/A",false,Web,"#N/A","#N/A",Medium,"#N/A",New,Subject_drfbn,"#N/A","#N/A","#N/A","#N/A","#N/A"
b9703506-e7b7-497e-bde8-40e3245b65a6,"#N/A","#N/A",false,Web,"#N/A","#N/A",Medium,"#N/A",New,Subject_usooj,"#N/A","#N/A","#N/A","#N/A","#N/A"
b974bb11-0b75-47c9-b537-23f695b2f3b8,"#N/A","#N/A",false,Web,"#N/A","#N/A",Medium,"#N/A",New,Subject_yljqt,"#N/A","#N/A","#N/A","#N/A","#N/A"
b9762ccf-8872-4207-8ae2-03db20ee4ce8,"#N/A","#N/A",false,Web,"#N/A","#N/A",Medium,"#N/A",New,Subject_jbltp,"#N/A","#N/A","#N/A","#N/A","#N/A"
b9763509-1001-4862-bcf4-0a78a168f2e4,"#N/A","#N/A",false,Web,"#N/A","#N/A",Medium,"#N/A",New,Subject_whdrk,"#N/A","#N/A","#N/A","#N/A","#N/A"
b979e4e3-7b9a-4c46-9ca4-2127ccf5a50a,"#N/A","#N/A",false,Web,"#N/A","#N/A",Medium,"#N/A",New,Subject_nmrow,"#N/A","#N/A","#N/A","#N/A","#N/A"
b97b3a4a-1580-4497-b84a-c1fa2293b1e0,"#N/A","#N/A",false,Web,"#N/A","#N/A",Medium,"#N/A",New,Subject_jpsuw,"#N/A","#N/A","#N/A","#N/A","#N/A"
b9801729-b9a0-4f7f-bb2f-28b86c028e61,"#N/A","#N/A",false,Web,"#N/A","#N/A",Medium,"#N/A",New,Subject_fjucf,"#N/A","#N/A","#N/A","#N/A","#N/A"
b9809ac2-dbd6-4b45-b8f1-38278de31b78,"#N/A","#N/A",false,Web,"#N/A","#N/A",Medium,"#N/A",New,Subject_afqdv,"#N/A","#N/A","#N/A","#N/A","#N/A"
b98306a5-b39a-4dbc-85dc-d8de67170cc2,"#N/A","#N/A",false,Web,"#N/A","#N/A",Medium,"#N/A",New,Subject_ltidx,"#N/A","#N/A","#N/A","#N/A","#N/A"
b9866b3f-c854-4e7c-9532-80bf7697fe6d,"#N/A","#N/A",false,Web,"#N/A","#N/A",Medium,"#N/A",New,Subject_iozxi,"#N/A","#N/A","#N/A","#N/A","#N/A"
b9889ff3-ad2a-496a-b5e6-8a8f179bb318,"#N/A","#N/A",false,Web,"#N/A","#N/A",Medium,"#N/A",New,Subject_zwbmb,"#N/A","#N/A","#N/A","#N/A","#N/A"
b9896504-eb81-4d99-8439-7843a99efe40,"#N/A","#N/A",false,Web,"#N/A","#N/A",Medium,"#N/A",New,Subject_anhjg,"#N/A","#N/A","#N/A","#N/A","#N/A"
b98adf92-3e8b-4b36-adec-52ab87a78421,"#N/A","#N/A",false,Web,"#N/A","#N/A",Medium,"#N/A",New,Subject_vhert,"#N/A","#N/A","#N/A","#N/A","#N/A"
b98af6cd-17f5-4e07-a8c0-db1d9fecffeb,"#N/A","#N/A",false,Web,"#N/A","#N/A",Medium,"#N/A",New,Subject_otnmc,"#N/A","#N/A","#N/A","#N/A","#N/A"
b98b2041-454d-4c81-81b8-fa41d47bad68,"#N/A","#N/A",false,Web,"#N/A","#N/A",Medium,"#N/A",New,Subject_hbmio,"#N/A","#N/A","#N/A","#N/A","#N/A"
b98b551e-8d11-48b7-bc11-ef1780adad52,"#N/A","#N/A",false,Web,"#N/A","#N/A",Medium,"#N/A",New,Subject_blald,"#N/A","#N/A","#N/A","#N/A","#N/A"
b98e1809-286a-4859-b8a1-cd65359b4118,"#N/A","#N/A",false,Web,"#N/A","#N/A",Medium,"#N/A",New,Subject_cjjiz,"#N/A","#N/A","#N/A","#N/A","#N/A"
b98e8779-4390-4fa9-a048-7b6795d66b76,"#N/A","#N/A",false,Web,"#N/A","#N/A",Medium,"#N/A",New,Subject_txasb,"#N/A","#N/A","#N/A","#N/A","#N/A"
b9926145-90d4-4ba4-a04e-c28cba7cd6dc,"#N/A","#N/A",false,Web,"#N/A","#N/A",Medium,"#N/A",New,Subject_bmtwg,"#N/A","#N/A","#N/A","#N/A","#N/A"
b993387d-7aba-4cff-9958-a96382ffb0ab,"#N/A","#N/A",false,Web,"#N/A","#N/A",Medium,"#N/A",New,Subject_fntba,"#N/A","#N/A","#N/A","#N/A","#N/A"
b993511d-29aa-48c3-ab08-16260893a707,"#N/A","#N/A",false,Web,"#N/A","#N/A",Medium,"#N/A",New,Subject_jwyke,"#N/A","#N/A","#N/A","#N/A","#N/A"
b99639c1-adbe-4a99-81ac-e28251fa2c18,"#N/A","#N/A",false,Web,"#N/A","#N/A",Medium,"#N/A",New,Subject_jngcs,"#N/A","#N/A","#N/A","#N/A","#N/A"
b99b34c0-8b37-4452-a0c3-aa5e1b51239f,"#N/A","#N/A",false,Web,"#N/A","#N/A",Medium,"#N/A",New,Subject_wrxyk,"#N/A","#N/A","#N/A","#N/A","#N/A"
b99cb000-eb46-4c89-a5ac-3d5d682917fe,"#N/A","#N/A",false,Web,"#N/A","#N/A",Medium,"#N/A",New,Subject_beabu,"#N/A","#N/A","#N/A","#N/A","#N/A"
b99cb9b7-848a-4238-8d68-fb1151c9a934,"#N/A","#N/A",false,Web,"#N/A","#N/A",Medium,"#N/A",New,Subject_zrwwi,"#N/A","#N/A","#N/A","#N/A","#N/A"
b9a10aa5-bd26-4cb9-a840-13e409f1d4e1,"#N/A","#N/A",false,Web,"#N/A","#N/A",Medium,"#N/A",New,Subject_jhdem,"#N/A","#N/A","#N/A","#N/A","#N/A"
b9a268df-0c21-47c1-bcec-f14387cd8cad,"#N/A","#N/A",false,Web,"#N/A","#N/A",Medium,"#N/A",New,Subject_cxpdk,"#N/A","#N/A","#N/A","#N/A","#N/A"
b9a5d72c-9c75-4907-96ee-1e2f43889236,"#N/A","#N/A",false,Web,"#N/A","#N/A",Medium,"#N/A",New,Subject_mzhgp,"#N/A","#N/A","#N/A","#N/A","#N/A"
b9aa59ef-519d-4e70-b04a-d5727ed46898,"#N/A","#N/A",false,Web,"#N/A","#N/A",Medium,"#N/A",New,Subject_cszus,"#N/A","#N/A","#N/A","#N/A","#N/A"
b9ae1092-ef47-468f-8113-84af23b072ec,"#N/A","#N/A",false,Web,"#N/A","#N/A",Medium,"#N/A",New,Subject_avjjs,"#N/A","#N/A","#N/A","#N/A","#N/A"
b9b0f890-66de-4c77-b25a-529fceb50093,"#N/A","#N/A",false,Web,"#N/A","#N/A",Medium,"#N/A",New,Subject_kghec,"#N/A","#N/A","#N/A","#N/A","#N/A"
b9b964ae-c6a5-4804-895d-5c615007daee,"#N/A","#N/A",false,Web,"#N/A","#N/A",Medium,"#N/A",New,Subject_vjiud,"#N/A","#N/A","#N/A","#N/A","#N/A"
b9bd22d1-6d24-461e-ad54-68c1cce66851,"#N/A","#N/A",false,Web,"#N/A","#N/A",Medium,"#N/A",New,Subject_ubhei,"#N/A","#N/A","#N/A","#N/A","#N/A"
b9be74eb-f449-4492-a25d-7f3d10797178,"#N/A","#N/A",false,Web,"#N/A","#N/A",Medium,"#N/A",New,Subject_uncfi,"#N/A","#N/A","#N/A","#N/A","#N/A"
b9c2e6a7-aeb3-45ec-9c57-75049d0e71b6,"#N/A","#N/A",false,Web,"#N/A","#N/A",Medium,"#N/A",New,Subject_xuwax,"#N/A","#N/A","#N/A","#N/A","#N/A"
b9c774d3-cdd7-4e41-a58e-a82339082a16,"#N/A","#N/A",false,Web,"#N/A","#N/A",Medium,"#N/A",New,Subject_lxieo,"#N/A","#N/A","#N/A","#N/A","#N/A"
b9c8a9c8-866c-4f54-bc68-02c1f9228800,"#N/A","#N/A",false,Web,"#N/A","#N/A",Medium,"#N/A",New,Subject_syxyv,"#N/A","#N/A","#N/A","#N/A","#N/A"
b9cc5538-7bad-4221-9156-99f97b7e4927,"#N/A","#N/A",false,Web,"#N/A","#N/A",Medium,"#N/A",New,Subject_lzjns,"#N/A","#N/A","#N/A","#N/A","#N/A"
b9cec392-2290-4973-ac19-1b977462abdc,"#N/A","#N/A",false,Web,"#N/A","#N/A",Medium,"#N/A",New,Subject_hctjs,"#N/A","#N/A","#N/A","#N/A","#N/A"
b9cf35ce-56f8-43a9-8109-bd4580d5a4f6,"#N/A","#N/A",false,Web,"#N/A","#N/A",Medium,"#N/A",New,Subject_knyer,"#N/A","#N/A","#N/A","#N/A","#N/A"
b9d29ad9-a852-4ec8-8c77-cca847240cbe,"#N/A","#N/A",false,Web,"#N/A","#N/A",Medium,"#N/A",New,Subject_rhllk,"#N/A","#N/A","#N/A","#N/A","#N/A"
b9d6f01e-bd04-4f0b-95b3-1c83b04ca80f,"#N/A","#N/A",false,Web,"#N/A","#N/A",Medium,"#N/A",New,Subject_iooaj,"#N/A","#N/A","#N/A","#N/A","#N/A"
b9e0fe30-cb45-4bcc-83c1-eb91065aaef0,"#N/A","#N/A",false,Web,"#N/A","#N/A",Medium,"#N/A",New,Subject_aoigk,"#N/A","#N/A","#N/A","#N/A","#N/A"
b9e48613-29f6-41f0-8ddd-47cd98c62bc9,"#N/A","#N/A",false,Web,"#N/A","#N/A",Medium,"#N/A",New,Subject_pzsda,"#N/A","#N/A","#N/A","#N/A","#N/A"
b9e6d4e7-a809-4a11-95ae-8f1c4af81949,"#N/A","#N/A",false,Web,"#N/A","#N/A",Medium,"#N/A",New,Subject_pfwkv,"#N/A","#N/A","#N/A","#N/A","#N/A"
b9e86f6f-84af-448c-82af-487af82c0a68,"#N/A","#N/A",false,Web,"#N/A","#N/A",Medium,"#N/A",New,Subject_wpith,"#N/A","#N/A","#N/A","#N/A","#N/A"
b9f214b2-a31f-423c-928d-7fffe3274e44,"#N/A","#N/A",false,Web,"#N/A","#N/A",Medium,"#N/A",New,Subject_zwusl,"#N/A","#N/A","#N/A","#N/A","#N/A"
b9f51cd4-cbc6-4295-86e4-ec7df86a0bd7,"#N/A","#N/A",false,Web,"#N/A","#N/A",Medium,"#N/A",New,Subject_bsowx,"#N/A","#N/A","#N/A","#N/A","#N/A"
b9f5e551-e96f-4bfd-a803-b51ebceda766,"#N/A","#N/A",false,Web,"#N/A","#N/A",Medium,"#N/A",New,Subject_huwar,"#N/A","#N/A","#N/A","#N/A","#N/A"
b9f9980d-5e6c-4003-a058-baa38a78a8f5,"#N/A","#N/A",false,Web,"#N/A","#N/A",Medium,"#N/A",New,Subject_fxlrx,"#N/A","#N/A","#N/A","#N/A","#N/A"
b9f9d41d-eb09-43e6-aa7c-ad3b58afd5b3,"#N/A","#N/A",false,Web,"#N/A","#N/A",Medium,"#N/A",New,Subject_ujlqx,"#N/A","#N/A","#N/A","#N/A","#N/A"
b9fcf9dd-5508-411e-9139-fee53a99a0b8,"#N/A","#N/A",false,Web,"#N/A","#N/A",Medium,"#N/A",New,Subject_hvlxs,"#N/A","#N/A","#N/A","#N/A","#N/A"
b9fd9833-e795-4c35-8f66-c57d204cdcf6,"#N/A","#N/A",false,Web,"#N/A","#N/A",Medium,"#N/A",New,Subject_xetup,"#N/A","#N/A","#N/A","#N/A","#N/A"
ba03b38b-97da-4fba-8a9c-8f889c00e1b2,"#N/A","#N/A",false,Web,"#N/A","#N/A",Medium,"#N/A",New,Subject_tzbum,"#N/A","#N/A","#N/A","#N/A","#N/A"
ba06215b-a45f-4ba1-a533-93173e0735b5,"#N/A","#N/A",false,Web,"#N/A","#N/A",Medium,"#N/A",New,Subject_jycgu,"#N/A","#N/A","#N/A","#N/A","#N/A"
ba1291b6-f099-4720-bbcc-2163bb75c363,"#N/A","#N/A",false,Web,"#N/A","#N/A",Medium,"#N/A",New,Subject_fuvvx,"#N/A","#N/A","#N/A","#N/A","#N/A"
ba166b4e-153a-4d7f-b286-483d2b26047f,"#N/A","#N/A",false,Web,"#N/A","#N/A",Medium,"#N/A",New,Subject_rzzuo,"#N/A","#N/A","#N/A","#N/A","#N/A"
ba16c950-8c12-495f-beec-22241f396eb2,"#N/A","#N/A",false,Web,"#N/A","#N/A",Medium,"#N/A",New,Subject_zqsce,"#N/A","#N/A","#N/A","#N/A","#N/A"
ba1ce677-a5bd-451a-ac57-abef4399fb15,"#N/A","#N/A",false,Web,"#N/A","#N/A",Medium,"#N/A",New,Subject_ghswa,"#N/A","#N/A","#N/A","#N/A","#N/A"
ba2a86dd-deb4-4062-9c99-10513f98c151,"#N/A","#N/A",false,Web,"#N/A","#N/A",Medium,"#N/A",New,Subject_novtn,"#N/A","#N/A","#N/A","#N/A","#N/A"
ba30da4a-0ec1-481f-9923-5f969c05a299,"#N/A","#N/A",false,Web,"#N/A","#N/A",Medium,"#N/A",New,Subject_yrdyj,"#N/A","#N/A","#N/A","#N/A","#N/A"
ba33d9c9-cb4a-4ef2-a382-edc274e84c19,"#N/A","#N/A",false,Web,"#N/A","#N/A",Medium,"#N/A",New,Subject_ayfob,"#N/A","#N/A","#N/A","#N/A","#N/A"
ba425d11-36c0-4935-a3cd-7898f351801c,"#N/A","#N/A",false,Web,"#N/A","#N/A",Medium,"#N/A",New,Subject_mdvci,"#N/A","#N/A","#N/A","#N/A","#N/A"
ba465c9f-a4bb-4abc-a7ad-84c8441cc084,"#N/A","#N/A",false,Web,"#N/A","#N/A",Medium,"#N/A",New,Subject_cpwsg,"#N/A","#N/A","#N/A","#N/A","#N/A"
ba468ada-1cae-4b6d-84b6-02d5c201994e,"#N/A","#N/A",false,Web,"#N/A","#N/A",Medium,"#N/A",New,Subject_wgpcx,"#N/A","#N/A","#N/A","#N/A","#N/A"
ba4ee806-17e5-4fb7-b306-6e1dfa991769,"#N/A","#N/A",false,Web,"#N/A","#N/A",Medium,"#N/A",New,Subject_awmgc,"#N/A","#N/A","#N/A","#N/A","#N/A"
ba55b6fe-428f-420f-b1b2-97033e6bc7e2,"#N/A","#N/A",false,Web,"#N/A","#N/A",Medium,"#N/A",New,Subject_gffpg,"#N/A","#N/A","#N/A","#N/A","#N/A"
ba56836d-25c2-40b1-a4be-b3bdc03f7cb3,"#N/A","#N/A",false,Web,"#N/A","#N/A",Medium,"#N/A",New,Subject_jdclf,"#N/A","#N/A","#N/A","#N/A","#N/A"
ba5b687b-cd46-49e9-98b2-bcb35f8fd9b5,"#N/A","#N/A",false,Web,"#N/A","#N/A",Medium,"#N/A",New,Subject_decye,"#N/A","#N/A","#N/A","#N/A","#N/A"
ba5e1562-8633-4351-b38f-d12b1af6b158,"#N/A","#N/A",false,Web,"#N/A","#N/A",Medium,"#N/A",New,Subject_nnnud,"#N/A","#N/A","#N/A","#N/A","#N/A"
ba619dec-8524-4bad-a8f5-bbf5855f9b2b,"#N/A","#N/A",false,Web,"#N/A","#N/A",Medium,"#N/A",New,Subject_vyyjo,"#N/A","#N/A","#N/A","#N/A","#N/A"
ba626543-d140-4581-a350-aa3fc4fba797,"#N/A","#N/A",false,Web,"#N/A","#N/A",Medium,"#N/A",New,Subject_omvjk,"#N/A","#N/A","#N/A","#N/A","#N/A"
ba632da2-f853-49a6-9665-c95d5193641a,"#N/A","#N/A",false,Web,"#N/A","#N/A",Medium,"#N/A",New,Subject_dwrfh,"#N/A","#N/A","#N/A","#N/A","#N/A"
ba6bbaf2-46d4-4c48-885c-6ce46f11bd77,"#N/A","#N/A",false,Web,"#N/A","#N/A",Medium,"#N/A",New,Subject_oyxyz,"#N/A","#N/A","#N/A","#N/A","#N/A"
ba7f1846-dd18-4a6f-afd6-f9f15cd7b316,"#N/A","#N/A",false,Web,"#N/A","#N/A",Medium,"#N/A",New,Subject_qwngk,"#N/A","#N/A","#N/A","#N/A","#N/A"
ba7ff026-fc10-43ca-9df0-f39c8213b3af,"#N/A","#N/A",false,Web,"#N/A","#N/A",Medium,"#N/A",New,Subject_ncspf,"#N/A","#N/A","#N/A","#N/A","#N/A"
ba82e8d4-b40e-4951-8e95-c2795593ea5f,"#N/A","#N/A",false,Web,"#N/A","#N/A",Medium,"#N/A",New,Subject_uakxl,"#N/A","#N/A","#N/A","#N/A","#N/A"
ba8326e2-7162-4958-b46a-728c15bb3ef5,"#N/A","#N/A",false,Web,"#N/A","#N/A",Medium,"#N/A",New,Subject_jmtte,"#N/A","#N/A","#N/A","#N/A","#N/A"
ba8cfae4-bcb1-4252-9f12-715d93ef3ad3,"#N/A","#N/A",false,Web,"#N/A","#N/A",Medium,"#N/A",New,Subject_ydtva,"#N/A","#N/A","#N/A","#N/A","#N/A"
ba959d98-26c2-4687-b46c-4e5cb56cb3fb,"#N/A","#N/A",false,Web,"#N/A","#N/A",Medium,"#N/A",New,Subject_fzdlt,"#N/A","#N/A","#N/A","#N/A","#N/A"
ba95d67d-2b58-40c5-95a3-2f86779772a8,"#N/A","#N/A",false,Web,"#N/A","#N/A",Medium,"#N/A",New,Subject_fwlxg,"#N/A","#N/A","#N/A","#N/A","#N/A"
ba994316-f930-4c62-aa68-2b38d1214546,"#N/A","#N/A",false,Web,"#N/A","#N/A",Medium,"#N/A",New,Subject_ccxjn,"#N/A","#N/A","#N/A","#N/A","#N/A"
ba9c5b2f-fbd3-46d2-9d1e-ec9a7b39e781,"#N/A","#N/A",false,Web,"#N/A","#N/A",Medium,"#N/A",New,Subject_uncyk,"#N/A","#N/A","#N/A","#N/A","#N/A"
ba9d899f-b9f0-4e48-92bb-7f6e85600f99,"#N/A","#N/A",false,Web,"#N/A","#N/A",Medium,"#N/A",New,Subject_wwurs,"#N/A","#N/A","#N/A","#N/A","#N/A"
baa6daa1-3d8e-48fe-8705-3664f767c19e,"#N/A","#N/A",false,Web,"#N/A","#N/A",Medium,"#N/A",New,Subject_wmevv,"#N/A","#N/A","#N/A","#N/A","#N/A"
bab5b31c-5b72-4c33-890a-2ce7320251a9,"#N/A","#N/A",false,Web,"#N/A","#N/A",Medium,"#N/A",New,Subject_fykid,"#N/A","#N/A","#N/A","#N/A","#N/A"
bab76baf-7f9e-491d-b5f6-3c52d90171f0,"#N/A","#N/A",false,Web,"#N/A","#N/A",Medium,"#N/A",New,Subject_tosxs,"#N/A","#N/A","#N/A","#N/A","#N/A"
bab9943b-107d-45fe-a8e3-1e678c41b640,"#N/A","#N/A",false,Web,"#N/A","#N/A",Medium,"#N/A",New,Subject_hqwfa,"#N/A","#N/A","#N/A","#N/A","#N/A"
babe58ea-8fdb-4667-86c5-8c97588e62f1,"#N/A","#N/A",false,Web,"#N/A","#N/A",Medium,"#N/A",New,Subject_xxhkf,"#N/A","#N/A","#N/A","#N/A","#N/A"
bac1990c-b8c5-47d9-b3a5-819964fb5cf0,"#N/A","#N/A",false,Web,"#N/A","#N/A",Medium,"#N/A",New,Subject_xaxgq,"#N/A","#N/A","#N/A","#N/A","#N/A"
bac50c26-0f50-46a6-9801-af8e41df5d10,"#N/A","#N/A",false,Web,"#N/A","#N/A",Medium,"#N/A",New,Subject_cbrqt,"#N/A","#N/A","#N/A","#N/A","#N/A"
bac5255e-4fd5-4fb4-9f5a-ae14cf79fc6a,"#N/A","#N/A",false,Web,"#N/A","#N/A",Medium,"#N/A",New,Subject_ykdij,"#N/A","#N/A","#N/A","#N/A","#N/A"
bacb5a73-c018-422d-938f-cabd38d5ad23,"#N/A","#N/A",false,Web,"#N/A","#N/A",Medium,"#N/A",New,Subject_ylqby,"#N/A","#N/A","#N/A","#N/A","#N/A"
bacccce1-0f7b-4f75-b96c-58d10c392ad4,"#N/A","#N/A",false,Web,"#N/A","#N/A",Medium,"#N/A",New,Subject_jwvlz,"#N/A","#N/A","#N/A","#N/A","#N/A"
bacdf72c-f975-4ab9-84b0-ab0c78a26f30,"#N/A","#N/A",false,Web,"#N/A","#N/A",Medium,"#N/A",New,Subject_tmvcq,"#N/A","#N/A","#N/A","#N/A","#N/A"
bace824d-1ca5-4810-973a-eb08f31e3ea6,"#N/A","#N/A",false,Web,"#N/A","#N/A",Medium,"#N/A",New,Subject_jucdn,"#N/A","#N/A","#N/A","#N/A","#N/A"
bacf5033-539c-4da8-8849-303099daabc6,"#N/A","#N/A",false,Web,"#N/A","#N/A",Medium,"#N/A",New,Subject_lpkrk,"#N/A","#N/A","#N/A","#N/A","#N/A"
bad3d7f1-60ed-4778-b729-b47fd4ead57d,"#N/A","#N/A",false,Web,"#N/A","#N/A",Medium,"#N/A",New,Subject_kkjlf,"#N/A","#N/A","#N/A","#N/A","#N/A"
bad82b26-4e1e-4ab8-8276-9acd9d8f643f,"#N/A","#N/A",false,Web,"#N/A","#N/A",Medium,"#N/A",New,Subject_rfusx,"#N/A","#N/A","#N/A","#N/A","#N/A"
badcc338-a009-4e78-8d4d-b57a095e718e,"#N/A","#N/A",false,Web,"#N/A","#N/A",Medium,"#N/A",New,Subject_ssndq,"#N/A","#N/A","#N/A","#N/A","#N/A"
baddf1f9-ee62-48f0-b83d-488fbeade406,"#N/A","#N/A",false,Web,"#N/A","#N/A",Medium,"#N/A",New,Subject_acusy,"#N/A","#N/A","#N/A","#N/A","#N/A"
bae0091d-25bc-4235-b4d5-4a9eb48b89fe,"#N/A","#N/A",false,Web,"#N/A","#N/A",Medium,"#N/A",New,Subject_salob,"#N/A","#N/A","#N/A","#N/A","#N/A"
bae34114-a25e-48bf-bb67-df2cf920b6fa,"#N/A","#N/A",false,Web,"#N/A","#N/A",Medium,"#N/A",New,Subject_dqftx,"#N/A","#N/A","#N/A","#N/A","#N/A"
bae55f7c-5fcb-41ed-8cb0-e263baac3a3b,"#N/A","#N/A",false,Web,"#N/A","#N/A",Medium,"#N/A",New,Subject_rdkoz,"#N/A","#N/A","#N/A","#N/A","#N/A"
bae7a4b1-ea70-4047-bb21-c23dd8642a02,"#N/A","#N/A",false,Web,"#N/A","#N/A",Medium,"#N/A",New,Subject_vezad,"#N/A","#N/A","#N/A","#N/A","#N/A"
baecc6c8-b460-4dd8-9736-32d41275e0b8,"#N/A","#N/A",false,Web,"#N/A","#N/A",Medium,"#N/A",New,Subject_zbqsg,"#N/A","#N/A","#N/A","#N/A","#N/A"
baee3085-5e17-426b-94e0-dc7462975f11,"#N/A","#N/A",false,Web,"#N/A","#N/A",Medium,"#N/A",New,Subject_objzd,"#N/A","#N/A","#N/A","#N/A","#N/A"
baef2c72-fd88-4530-8667-b819b5c1b543,"#N/A","#N/A",false,Web,"#N/A","#N/A",Medium,"#N/A",New,Subject_qgklx,"#N/A","#N/A","#N/A","#N/A","#N/A"
baf063dd-e3d4-4baf-9fe9-ead558b621aa,"#N/A","#N/A",false,Web,"#N/A","#N/A",Medium,"#N/A",New,Subject_bljgz,"#N/A","#N/A","#N/A","#N/A","#N/A"
baf1ed5f-d86a-43e0-9153-323ee67007e6,"#N/A","#N/A",false,Web,"#N/A","#N/A",Medium,"#N/A",New,Subject_apgdi,"#N/A","#N/A","#N/A","#N/A","#N/A"
baf427a2-2055-4849-9e3a-c4989994ef08,"#N/A","#N/A",false,Web,"#N/A","#N/A",Medium,"#N/A",New,Subject_fawcc,"#N/A","#N/A","#N/A","#N/A","#N/A"
baf65771-8a14-4da9-8a18-1a9dba429b1d,"#N/A","#N/A",false,Web,"#N/A","#N/A",Medium,"#N/A",New,Subject_lntkg,"#N/A","#N/A","#N/A","#N/A","#N/A"
baf7908d-a7f9-4a42-bca6-0019c8b44c23,"#N/A","#N/A",false,Web,"#N/A","#N/A",Medium,"#N/A",New,Subject_mxdnj,"#N/A","#N/A","#N/A","#N/A","#N/A"
baf81163-f0ea-4c5b-9d1f-79959deedef0,"#N/A","#N/A",false,Web,"#N/A","#N/A",Medium,"#N/A",New,Subject_rflcn,"#N/A","#N/A","#N/A","#N/A","#N/A"
bafb8eff-61ac-4a58-bb78-663ee852e0b9,"#N/A","#N/A",false,Web,"#N/A","#N/A",Medium,"#N/A",New,Subject_tdcek,"#N/A","#N/A","#N/A","#N/A","#N/A"
bb0095a8-1c6f-430e-9d0a-12ab4d4dcac7,"#N/A","#N/A",false,Web,"#N/A","#N/A",Medium,"#N/A",New,Subject_koevc,"#N/A","#N/A","#N/A","#N/A","#N/A"
bb0abf69-6a55-4584-b8a9-6dd5d8fe3c3e,"#N/A","#N/A",false,Web,"#N/A","#N/A",Medium,"#N/A",New,Subject_imcpy,"#N/A","#N/A","#N/A","#N/A","#N/A"
bb0da690-07a9-4fcc-9e79-83632363cb05,"#N/A","#N/A",false,Web,"#N/A","#N/A",Medium,"#N/A",New,Subject_lzpgo,"#N/A","#N/A","#N/A","#N/A","#N/A"
bb0dd863-88b5-40df-8d5e-6d11d7af6612,"#N/A","#N/A",false,Web,"#N/A","#N/A",Medium,"#N/A",New,Subject_xvjgg,"#N/A","#N/A","#N/A","#N/A","#N/A"
bb0e688d-5e29-452a-ac30-d021a7d72201,"#N/A","#N/A",false,Web,"#N/A","#N/A",Medium,"#N/A",New,Subject_slxxn,"#N/A","#N/A","#N/A","#N/A","#N/A"
bb134eff-7531-4dac-8156-700f347a3956,"#N/A","#N/A",false,Web,"#N/A","#N/A",Medium,"#N/A",New,Subject_ggeli,"#N/A","#N/A","#N/A","#N/A","#N/A"
bb1406dd-5de0-485d-ac32-c92ebd2020fc,"#N/A","#N/A",false,Web,"#N/A","#N/A",Medium,"#N/A",New,Subject_lkapc,"#N/A","#N/A","#N/A","#N/A","#N/A"
bb16526c-f305-4a6e-9549-91dde4b1b737,"#N/A","#N/A",false,Web,"#N/A","#N/A",Medium,"#N/A",New,Subject_ctjdn,"#N/A","#N/A","#N/A","#N/A","#N/A"
bb18a631-b286-4a74-8b20-54597ace581f,"#N/A","#N/A",false,Web,"#N/A","#N/A",Medium,"#N/A",New,Subject_zrfuw,"#N/A","#N/A","#N/A","#N/A","#N/A"
bb18e19c-3b71-44b8-b91f-2e637ad294d5,"#N/A","#N/A",false,Web,"#N/A","#N/A",Medium,"#N/A",New,Subject_feasy,"#N/A","#N/A","#N/A","#N/A","#N/A"
bb1d699b-407a-4d85-8b19-e97c55c5dcbb,"#N/A","#N/A",false,Web,"#N/A","#N/A",Medium,"#N/A",New,Subject_myxyn,"#N/A","#N/A","#N/A","#N/A","#N/A"
bb1db799-f4dc-4d1b-a595-8331a4549a08,"#N/A","#N/A",false,Web,"#N/A","#N/A",Medium,"#N/A",New,Subject_lvimv,"#N/A","#N/A","#N/A","#N/A","#N/A"
bb1dcbe9-12c2-4d48-8474-fb48fc36131b,"#N/A","#N/A",false,Web,"#N/A","#N/A",Medium,"#N/A",New,Subject_hhwmk,"#N/A","#N/A","#N/A","#N/A","#N/A"
bb212e9f-1437-4746-b6ce-d491d56ed496,"#N/A","#N/A",false,Web,"#N/A","#N/A",Medium,"#N/A",New,Subject_ydwro,"#N/A","#N/A","#N/A","#N/A","#N/A"
bb23ea9d-e325-4491-bdc8-94624694ef59,"#N/A","#N/A",false,Web,"#N/A","#N/A",Medium,"#N/A",New,Subject_kyawb,"#N/A","#N/A","#N/A","#N/A","#N/A"
bb254369-427a-4139-a1b7-ceca157aa484,"#N/A","#N/A",false,Web,"#N/A","#N/A",Medium,"#N/A",New,Subject_rfsfm,"#N/A","#N/A","#N/A","#N/A","#N/A"
bb282aa6-5e70-4171-9410-e7d18a97fb6b,"#N/A","#N/A",false,Web,"#N/A","#N/A",Medium,"#N/A",New,Subject_efdac,"#N/A","#N/A","#N/A","#N/A","#N/A"
bb2c23a0-1c48-4d38-9839-7f6d322f07fb,"#N/A","#N/A",false,Web,"#N/A","#N/A",Medium,"#N/A",New,Subject_yprgw,"#N/A","#N/A","#N/A","#N/A","#N/A"
bb2edd71-99aa-49a5-ab38-7916146ff78d,"#N/A","#N/A",false,Web,"#N/A","#N/A",Medium,"#N/A",New,Subject_bteyg,"#N/A","#N/A","#N/A","#N/A","#N/A"
bb33cb6f-97e7-4a39-84cc-80665e81a4e7,"#N/A","#N/A",false,Web,"#N/A","#N/A",Medium,"#N/A",New,Subject_eokqs,"#N/A","#N/A","#N/A","#N/A","#N/A"
bb365c58-ff51-41c4-b4ad-b4c4626e3de9,"#N/A","#N/A",false,Web,"#N/A","#N/A",Medium,"#N/A",New,Subject_nskds,"#N/A","#N/A","#N/A","#N/A","#N/A"
bb38cdef-ba60-4117-a020-43f974df965b,"#N/A","#N/A",false,Web,"#N/A","#N/A",Medium,"#N/A",New,Subject_jclod,"#N/A","#N/A","#N/A","#N/A","#N/A"
bb39e87b-ee85-4cb2-8beb-9904b83dced6,"#N/A","#N/A",false,Web,"#N/A","#N/A",Medium,"#N/A",New,Subject_ydtva,"#N/A","#N/A","#N/A","#N/A","#N/A"
bb3b5fd8-908d-45ea-b248-0b0e6af0ee96,"#N/A","#N/A",false,Web,"#N/A","#N/A",Medium,"#N/A",New,Subject_dqfmv,"#N/A","#N/A","#N/A","#N/A","#N/A"
bb3edd84-0229-4df2-bdcc-e0221456e65d,"#N/A","#N/A",false,Web,"#N/A","#N/A",Medium,"#N/A",New,Subject_toroj,"#N/A","#N/A","#N/A","#N/A","#N/A"
bb434c19-fa20-4b43-8d0f-b924000f7665,"#N/A","#N/A",false,Web,"#N/A","#N/A",Medium,"#N/A",New,Subject_uzmrv,"#N/A","#N/A","#N/A","#N/A","#N/A"
bb49dcda-b29f-4f63-83fc-db4733ccdb1c,"#N/A","#N/A",false,Web,"#N/A","#N/A",Medium,"#N/A",New,Subject_czftb,"#N/A","#N/A","#N/A","#N/A","#N/A"
bb4c5977-1888-497f-a3af-cdc45d9f09bc,"#N/A","#N/A",false,Web,"#N/A","#N/A",Medium,"#N/A",New,Subject_bdjhv,"#N/A","#N/A","#N/A","#N/A","#N/A"
bb4ca15a-8ee2-4056-b269-9c2903bb30f2,"#N/A","#N/A",false,Web,"#N/A","#N/A",Medium,"#N/A",New,Subject_uxgoo,"#N/A","#N/A","#N/A","#N/A","#N/A"
bb4d2c3c-d3e8-49b9-ae8d-972f90c4a0ad,"#N/A","#N/A",false,Web,"#N/A","#N/A",Medium,"#N/A",New,Subject_dvkaq,"#N/A","#N/A","#N/A","#N/A","#N/A"
bb4d2d85-22a1-4da7-b385-c45d5cb867a4,"#N/A","#N/A",false,Web,"#N/A","#N/A",Medium,"#N/A",New,Subject_jsczo,"#N/A","#N/A","#N/A","#N/A","#N/A"
bb4d8689-d2fd-490d-ba18-f4accdcd58bc,"#N/A","#N/A",false,Web,"#N/A","#N/A",Medium,"#N/A",New,Subject_zttpw,"#N/A","#N/A","#N/A","#N/A","#N/A"
bb4f269c-8fee-4992-a922-9a40e284bb9c,"#N/A","#N/A",false,Web,"#N/A","#N/A",Medium,"#N/A",New,Subject_dxkrx,"#N/A","#N/A","#N/A","#N/A","#N/A"
bb51dd01-72b7-48c6-8e93-a8cc181832c7,"#N/A","#N/A",false,Web,"#N/A","#N/A",Medium,"#N/A",New,Subject_gutmv,"#N/A","#N/A","#N/A","#N/A","#N/A"
bb539eb4-3d3d-4ebf-b7f5-efaf45bcbc30,"#N/A","#N/A",false,Web,"#N/A","#N/A",Medium,"#N/A",New,Subject_pfnwb,"#N/A","#N/A","#N/A","#N/A","#N/A"
bb5562d0-cc49-430f-9279-b449f4bd1867,"#N/A","#N/A",false,Web,"#N/A","#N/A",Medium,"#N/A",New,Subject_tmlws,"#N/A","#N/A","#N/A","#N/A","#N/A"
bb567b9a-ffb2-4b30-b907-74c68da8a998,"#N/A","#N/A",false,Web,"#N/A","#N/A",Medium,"#N/A",New,Subject_ubakr,"#N/A","#N/A","#N/A","#N/A","#N/A"
bb56aef0-d0a1-4117-b62d-020f531cb99b,"#N/A","#N/A",false,Web,"#N/A","#N/A",Medium,"#N/A",New,Subject_cdwcc,"#N/A","#N/A","#N/A","#N/A","#N/A"
bb588d73-1278-44f0-89cb-5e2d602cfe8c,"#N/A","#N/A",false,Web,"#N/A","#N/A",Medium,"#N/A",New,Subject_vdjxu,"#N/A","#N/A","#N/A","#N/A","#N/A"
bb58faf9-6f67-4ebe-8a90-d02757b3b283,"#N/A","#N/A",false,Web,"#N/A","#N/A",Medium,"#N/A",New,Subject_kuayd,"#N/A","#N/A","#N/A","#N/A","#N/A"
bb598507-7922-4a21-9fd2-a31d4da5f560,"#N/A","#N/A",false,Web,"#N/A","#N/A",Medium,"#N/A",New,Subject_angek,"#N/A","#N/A","#N/A","#N/A","#N/A"
bb60e510-cc4b-4afd-ba64-d88d3a43db59,"#N/A","#N/A",false,Web,"#N/A","#N/A",Medium,"#N/A",New,Subject_wsvie,"#N/A","#N/A","#N/A","#N/A","#N/A"
bb65d2d3-ed7b-404a-9003-b4e55e14c05c,"#N/A","#N/A",false,Web,"#N/A","#N/A",Medium,"#N/A",New,Subject_mlpei,"#N/A","#N/A","#N/A","#N/A","#N/A"
bb668012-f65b-492a-97d2-ba48200732db,"#N/A","#N/A",false,Web,"#N/A","#N/A",Medium,"#N/A",New,Subject_fhwwi,"#N/A","#N/A","#N/A","#N/A","#N/A"
bb66f33c-808b-492b-8b32-ed2a59eb9496,"#N/A","#N/A",false,Web,"#N/A","#N/A",Medium,"#N/A",New,Subject_rjqlf,"#N/A","#N/A","#N/A","#N/A","#N/A"
bb6835bb-f0eb-4921-807a-d0c2dd5cd834,"#N/A","#N/A",false,Web,"#N/A","#N/A",Medium,"#N/A",New,Subject_wbqod,"#N/A","#N/A","#N/A","#N/A","#N/A"
bb6beba7-34f3-4da6-aae4-c1d08dc705f7,"#N/A","#N/A",false,Web,"#N/A","#N/A",Medium,"#N/A",New,Subject_jvtgp,"#N/A","#N/A","#N/A","#N/A","#N/A"
bb6c1239-b3e8-49c2-b9ec-333b3f49a5d5,"#N/A","#N/A",false,Web,"#N/A","#N/A",Medium,"#N/A",New,Subject_mttcp,"#N/A","#N/A","#N/A","#N/A","#N/A"
bb74f372-4500-4853-8142-6b5b14496ca0,"#N/A","#N/A",false,Web,"#N/A","#N/A",Medium,"#N/A",New,Subject_qvjzf,"#N/A","#N/A","#N/A","#N/A","#N/A"
bb77ef73-6dc2-4f4b-9059-1516b3e2d279,"#N/A","#N/A",false,Web,"#N/A","#N/A",Medium,"#N/A",New,Subject_prkwv,"#N/A","#N/A","#N/A","#N/A","#N/A"
bb7967cc-ab22-432f-83c6-d3dada54b212,"#N/A","#N/A",false,Web,"#N/A","#N/A",Medium,"#N/A",New,Subject_czrla,"#N/A","#N/A","#N/A","#N/A","#N/A"
bb7e3af4-82a4-4479-a121-65816a1616ca,"#N/A","#N/A",false,Web,"#N/A","#N/A",Medium,"#N/A",New,Subject_pmlzc,"#N/A","#N/A","#N/A","#N/A","#N/A"
bb7f5579-0e49-4d8b-a686-9703e913ff27,"#N/A","#N/A",false,Web,"#N/A","#N/A",Medium,"#N/A",New,Subject_ionsq,"#N/A","#N/A","#N/A","#N/A","#N/A"
bb82985a-7a48-497d-ad40-48e82ca2bad0,"#N/A","#N/A",false,Web,"#N/A","#N/A",Medium,"#N/A",New,Subject_dtmhc,"#N/A","#N/A","#N/A","#N/A","#N/A"
bb83e698-e7af-4a39-9437-b0b8e3485c31,"#N/A","#N/A",false,Web,"#N/A","#N/A",Medium,"#N/A",New,Subject_kdyyu,"#N/A","#N/A","#N/A","#N/A","#N/A"
bb853339-5748-4628-880e-5b973c545fbc,"#N/A","#N/A",false,Web,"#N/A","#N/A",Medium,"#N/A",New,Subject_mocyj,"#N/A","#N/A","#N/A","#N/A","#N/A"
bb8631c9-c25c-475d-81ed-0f15ee8926cd,"#N/A","#N/A",false,Web,"#N/A","#N/A",Medium,"#N/A",New,Subject_mtnir,"#N/A","#N/A","#N/A","#N/A","#N/A"
bb89be8d-e0f4-4692-bc06-95a2805b255e,"#N/A","#N/A",false,Web,"#N/A","#N/A",Medium,"#N/A",New,Subject_yhcvz,"#N/A","#N/A","#N/A","#N/A","#N/A"
bb8f9cd5-69d2-4b1d-8e52-0e6df45b63f9,"#N/A","#N/A",false,Web,"#N/A","#N/A",Medium,"#N/A",New,Subject_xtgeq,"#N/A","#N/A","#N/A","#N/A","#N/A"
bb920fec-d98f-49f7-abe1-615d9e740e3e,"#N/A","#N/A",false,Web,"#N/A","#N/A",Medium,"#N/A",New,Subject_zzyfk,"#N/A","#N/A","#N/A","#N/A","#N/A"
bb93c6f2-22d9-4bf5-8f03-0c124387bf43,"#N/A","#N/A",false,Web,"#N/A","#N/A",Medium,"#N/A",New,Subject_ywjsa,"#N/A","#N/A","#N/A","#N/A","#N/A"
bb953eae-dfb7-4249-9210-c79a81a65eb4,"#N/A","#N/A",false,Web,"#N/A","#N/A",Medium,"#N/A",New,Subject_wqfgf,"#N/A","#N/A","#N/A","#N/A","#N/A"
bb97c7bb-0e87-406e-a095-e15dc187115d,"#N/A","#N/A",false,Web,"#N/A","#N/A",Medium,"#N/A",New,Subject_vmaic,"#N/A","#N/A","#N/A","#N/A","#N/A"
bb99982d-92f0-4c86-91c0-0fc268fe02d6,"#N/A","#N/A",false,Web,"#N/A","#N/A",Medium,"#N/A",New,Subject_lzwus,"#N/A","#N/A","#N/A","#N/A","#N/A"
bb9b3b1d-8762-474a-8c01-164f5dfed081,"#N/A","#N/A",false,Web,"#N/A","#N/A",Medium,"#N/A",New,Subject_umnya,"#N/A","#N/A","#N/A","#N/A","#N/A"
bb9b986e-7827-463e-bcd0-a6bce461da17,"#N/A","#N/A",false,Web,"#N/A","#N/A",Medium,"#N/A",New,Subject_kcphz,"#N/A","#N/A","#N/A","#N/A","#N/A"
bba1d8eb-d86f-411f-bd3b-77627586d486,"#N/A","#N/A",false,Web,"#N/A","#N/A",Medium,"#N/A",New,Subject_lknba,"#N/A","#N/A","#N/A","#N/A","#N/A"
bba5d9d5-db0a-4f96-9ba3-24651b6eb57f,"#N/A","#N/A",false,Web,"#N/A","#N/A",Medium,"#N/A",New,Subject_cspqo,"#N/A","#N/A","#N/A","#N/A","#N/A"
bba67255-612d-4dcb-a0fa-2ff3e1c2e2dc,"#N/A","#N/A",false,Web,"#N/A","#N/A",Medium,"#N/A",New,Subject_sbipi,"#N/A","#N/A","#N/A","#N/A","#N/A"
bba6cc53-1471-4d63-971b-a90ca2c6b628,"#N/A","#N/A",false,Web,"#N/A","#N/A",Medium,"#N/A",New,Subject_rgdzq,"#N/A","#N/A","#N/A","#N/A","#N/A"
bba8c507-ddc4-4c9b-a5a6-1c043372c67d,"#N/A","#N/A",false,Web,"#N/A","#N/A",Medium,"#N/A",New,Subject_goais,"#N/A","#N/A","#N/A","#N/A","#N/A"
bbbdebe1-df65-48d0-a8e8-e390cb2366a5,"#N/A","#N/A",false,Web,"#N/A","#N/A",Medium,"#N/A",New,Subject_cvvuz,"#N/A","#N/A","#N/A","#N/A","#N/A"
bbc4ddd1-af74-4761-a992-1cb8ca62ce2c,"#N/A","#N/A",false,Web,"#N/A","#N/A",Medium,"#N/A",New,Subject_uioyd,"#N/A","#N/A","#N/A","#N/A","#N/A"
bbc53768-9e5e-4543-826d-1743e4154977,"#N/A","#N/A",false,Web,"#N/A","#N/A",Medium,"#N/A",New,Subject_bqfhf,"#N/A","#N/A","#N/A","#N/A","#N/A"
bbc60054-994d-464a-abb1-d99fc74b5beb,"#N/A","#N/A",false,Web,"#N/A","#N/A",Medium,"#N/A",New,Subject_sncyb,"#N/A","#N/A","#N/A","#N/A","#N/A"
bbc7dac8-b2c0-40ce-8bfb-d97dfb32eab8,"#N/A","#N/A",false,Web,"#N/A","#N/A",Medium,"#N/A",New,Subject_frehb,"#N/A","#N/A","#N/A","#N/A","#N/A"
bbd65456-bd4d-471c-8035-36b7387ffc59,"#N/A","#N/A",false,Web,"#N/A","#N/A",Medium,"#N/A",New,Subject_azbet,"#N/A","#N/A","#N/A","#N/A","#N/A"
bbd93150-7345-4c17-8cee-930d8e5ddc69,"#N/A","#N/A",false,Web,"#N/A","#N/A",Medium,"#N/A",New,Subject_dsqdn,"#N/A","#N/A","#N/A","#N/A","#N/A"
bbdb7a9d-966b-489f-9997-749385d835bc,"#N/A","#N/A",false,Web,"#N/A","#N/A",Medium,"#N/A",New,Subject_dvhmp,"#N/A","#N/A","#N/A","#N/A","#N/A"
bbdba393-3e75-4051-870b-c912da892392,"#N/A","#N/A",false,Web,"#N/A","#N/A",Medium,"#N/A",New,Subject_ifmbp,"#N/A","#N/A","#N/A","#N/A","#N/A"
bbdea163-9d66-474c-b4bc-ee762adaa0a9,"#N/A","#N/A",false,Web,"#N/A","#N/A",Medium,"#N/A",New,Subject_hpsff,"#N/A","#N/A","#N/A","#N/A","#N/A"
bbe25f23-7cf7-4d88-adff-04fdf106094c,"#N/A","#N/A",false,Web,"#N/A","#N/A",Medium,"#N/A",New,Subject_njkde,"#N/A","#N/A","#N/A","#N/A","#N/A"
bbe34578-dcb9-40ba-9a18-6401d5ffe92c,"#N/A","#N/A",false,Web,"#N/A","#N/A",Medium,"#N/A",New,Subject_scanf,"#N/A","#N/A","#N/A","#N/A","#N/A"
bbe4846b-2be4-4d94-83be-674fa9c2c2b4,"#N/A","#N/A",false,Web,"#N/A","#N/A",Medium,"#N/A",New,Subject_mxfov,"#N/A","#N/A","#N/A","#N/A","#N/A"
bbe6c282-3dc7-49be-8ce5-ccf19662ccd8,"#N/A","#N/A",false,Web,"#N/A","#N/A",Medium,"#N/A",New,Subject_xrtnw,"#N/A","#N/A","#N/A","#N/A","#N/A"
bbf003e3-d11e-4c08-861c-81eafedb9015,"#N/A","#N/A",false,Web,"#N/A","#N/A",Medium,"#N/A",New,Subject_teznj,"#N/A","#N/A","#N/A","#N/A","#N/A"
bbf3549f-3110-4292-b431-c689e1b00e05,"#N/A","#N/A",false,Web,"#N/A","#N/A",Medium,"#N/A",New,Subject_rviap,"#N/A","#N/A","#N/A","#N/A","#N/A"
bbf66aa3-0335-48b6-b98d-540165493543,"#N/A","#N/A",false,Web,"#N/A","#N/A",Medium,"#N/A",New,Subject_pomit,"#N/A","#N/A","#N/A","#N/A","#N/A"
bbfdca7b-91bd-44d5-aa55-4b4b71b0a987,"#N/A","#N/A",false,Web,"#N/A","#N/A",Medium,"#N/A",New,Subject_ndhjm,"#N/A","#N/A","#N/A","#N/A","#N/A"
bc008c89-9e5f-4acd-9099-2d18661cfc12,"#N/A","#N/A",false,Web,"#N/A","#N/A",Medium,"#N/A",New,Subject_hmhza,"#N/A","#N/A","#N/A","#N/A","#N/A"
bc00e8c6-6a60-43bd-b767-6f727172bd9d,"#N/A","#N/A",false,Web,"#N/A","#N/A",Medium,"#N/A",New,Subject_gyton,"#N/A","#N/A","#N/A","#N/A","#N/A"
bc035380-1541-4ed0-adfd-653ca3ad1d1e,"#N/A","#N/A",false,Web,"#N/A","#N/A",Medium,"#N/A",New,Subject_cestl,"#N/A","#N/A","#N/A","#N/A","#N/A"
bc04590d-e6ee-495d-8a4f-ed8dd9e2a1a8,"#N/A","#N/A",false,Web,"#N/A","#N/A",Medium,"#N/A",New,Subject_klvud,"#N/A","#N/A","#N/A","#N/A","#N/A"
bc0a4ed5-1323-413c-a8a3-dff257f3a092,"#N/A","#N/A",false,Web,"#N/A","#N/A",Medium,"#N/A",New,Subject_bbrct,"#N/A","#N/A","#N/A","#N/A","#N/A"
bc10b040-96be-4785-b0de-b70a91d14d6f,"#N/A","#N/A",false,Web,"#N/A","#N/A",Medium,"#N/A",New,Subject_rzmin,"#N/A","#N/A","#N/A","#N/A","#N/A"
bc11808d-1120-4e4c-a525-6b28303a4c74,"#N/A","#N/A",false,Web,"#N/A","#N/A",Medium,"#N/A",New,Subject_ppljj,"#N/A","#N/A","#N/A","#N/A","#N/A"
bc11887a-4c52-4002-bdd3-af2c7f86ac1e,"#N/A","#N/A",false,Web,"#N/A","#N/A",Medium,"#N/A",New,Subject_kavbo,"#N/A","#N/A","#N/A","#N/A","#N/A"
bc12c7cc-ccec-4de7-9ba5-a8ba1437e656,"#N/A","#N/A",false,Web,"#N/A","#N/A",Medium,"#N/A",New,Subject_gaflc,"#N/A","#N/A","#N/A","#N/A","#N/A"
bc144974-b5e8-49c3-ac01-ba53805f426e,"#N/A","#N/A",false,Web,"#N/A","#N/A",Medium,"#N/A",New,Subject_kggfg,"#N/A","#N/A","#N/A","#N/A","#N/A"
bc1a1690-60f1-4286-ad39-9ad43c432a05,"#N/A","#N/A",false,Web,"#N/A","#N/A",Medium,"#N/A",New,Subject_krifm,"#N/A","#N/A","#N/A","#N/A","#N/A"
bc1a7817-66a2-4503-a78f-8ffe5be18b4a,"#N/A","#N/A",false,Web,"#N/A","#N/A",Medium,"#N/A",New,Subject_wyayv,"#N/A","#N/A","#N/A","#N/A","#N/A"
bc1d9feb-4713-4264-89cb-149aa81e8cf0,"#N/A","#N/A",false,Web,"#N/A","#N/A",Medium,"#N/A",New,Subject_wihdg,"#N/A","#N/A","#N/A","#N/A","#N/A"
bc1de1e6-854d-4f9e-a4ab-9782b7818890,"#N/A","#N/A",false,Web,"#N/A","#N/A",Medium,"#N/A",New,Subject_plmrc,"#N/A","#N/A","#N/A","#N/A","#N/A"
bc1e7f34-1fc3-49cb-8efb-699a8c5d4f7c,"#N/A","#N/A",false,Web,"#N/A","#N/A",Medium,"#N/A",New,Subject_efkou,"#N/A","#N/A","#N/A","#N/A","#N/A"
bc1eccfa-05c5-45a9-addd-f7cea8b2933c,"#N/A","#N/A",false,Web,"#N/A","#N/A",Medium,"#N/A",New,Subject_kuwrc,"#N/A","#N/A","#N/A","#N/A","#N/A"
bc22d8f5-c6ac-41aa-98da-531b2f69450c,"#N/A","#N/A",false,Web,"#N/A","#N/A",Medium,"#N/A",New,Subject_slhnu,"#N/A","#N/A","#N/A","#N/A","#N/A"
bc22dfe2-46e3-484b-895e-da7f7ed44ea4,"#N/A","#N/A",false,Web,"#N/A","#N/A",Medium,"#N/A",New,Subject_gpdqy,"#N/A","#N/A","#N/A","#N/A","#N/A"
bc34e431-64fe-4634-92b7-dfcb2b249a21,"#N/A","#N/A",false,Web,"#N/A","#N/A",Medium,"#N/A",New,Subject_xhqdq,"#N/A","#N/A","#N/A","#N/A","#N/A"
bc34fa4f-a527-4c0e-92df-53ab6f506dde,"#N/A","#N/A",false,Web,"#N/A","#N/A",Medium,"#N/A",New,Subject_tkpih,"#N/A","#N/A","#N/A","#N/A","#N/A"
bc3507e5-66d2-427d-b81c-6fc32e1aa6dc,"#N/A","#N/A",false,Web,"#N/A","#N/A",Medium,"#N/A",New,Subject_rmfpp,"#N/A","#N/A","#N/A","#N/A","#N/A"
bc35bdba-48e0-4ddb-85a7-dc2218ec233f,"#N/A","#N/A",false,Web,"#N/A","#N/A",Medium,"#N/A",New,Subject_fxpnu,"#N/A","#N/A","#N/A","#N/A","#N/A"
bc398ba7-6a78-48fa-a819-c59892dfb49f,"#N/A","#N/A",false,Web,"#N/A","#N/A",Medium,"#N/A",New,Subject_mpxfm,"#N/A","#N/A","#N/A","#N/A","#N/A"
bc3a8043-14dc-469f-97cd-f42e7facd54a,"#N/A","#N/A",false,Web,"#N/A","#N/A",Medium,"#N/A",New,Subject_gbxhg,"#N/A","#N/A","#N/A","#N/A","#N/A"
bc3c5e11-c672-4b0d-93b8-93e8b0bc0886,"#N/A","#N/A",false,Web,"#N/A","#N/A",Medium,"#N/A",New,Subject_wabzc,"#N/A","#N/A","#N/A","#N/A","#N/A"
bc3e2b1b-bb48-4c05-a29f-90a6754e21f8,"#N/A","#N/A",false,Web,"#N/A","#N/A",Medium,"#N/A",New,Subject_fqnfu,"#N/A","#N/A","#N/A","#N/A","#N/A"
bc40905d-9bb4-4815-b03a-1601ae4f427d,"#N/A","#N/A",false,Web,"#N/A","#N/A",Medium,"#N/A",New,Subject_vjzoc,"#N/A","#N/A","#N/A","#N/A","#N/A"
bc41358e-1210-4523-b2c4-f0cb9b127ba6,"#N/A","#N/A",false,Web,"#N/A","#N/A",Medium,"#N/A",New,Subject_nucbc,"#N/A","#N/A","#N/A","#N/A","#N/A"
bc436501-8a75-4b8a-ab3c-beb4ec044808,"#N/A","#N/A",false,Web,"#N/A","#N/A",Medium,"#N/A",New,Subject_odfdl,"#N/A","#N/A","#N/A","#N/A","#N/A"
bc4498c8-6e52-4652-97fb-6c8af4e768ef,"#N/A","#N/A",false,Web,"#N/A","#N/A",Medium,"#N/A",New,Subject_wtujg,"#N/A","#N/A","#N/A","#N/A","#N/A"
bc463106-3392-46e4-9a01-8c62a422eb81,"#N/A","#N/A",false,Web,"#N/A","#N/A",Medium,"#N/A",New,Subject_jlxvy,"#N/A","#N/A","#N/A","#N/A","#N/A"
bc482591-3702-4d19-88b4-9163519bdaba,"#N/A","#N/A",false,Web,"#N/A","#N/A",Medium,"#N/A",New,Subject_fwwki,"#N/A","#N/A","#N/A","#N/A","#N/A"
bc4b54b4-f594-4749-acd0-c667dfeaf910,"#N/A","#N/A",false,Web,"#N/A","#N/A",Medium,"#N/A",New,Subject_djkmh,"#N/A","#N/A","#N/A","#N/A","#N/A"
bc514f8d-b959-4dbf-9c4b-b2968bbfbde7,"#N/A","#N/A",false,Web,"#N/A","#N/A",Medium,"#N/A",New,Subject_sujpm,"#N/A","#N/A","#N/A","#N/A","#N/A"
bc53f599-21b6-4bdc-918c-cd983a818b0d,"#N/A","#N/A",false,Web,"#N/A","#N/A",Medium,"#N/A",New,Subject_vhert,"#N/A","#N/A","#N/A","#N/A","#N/A"
bc5abb88-11ba-456c-9ccc-a77c85b5dde3,"#N/A","#N/A",false,Web,"#N/A","#N/A",Medium,"#N/A",New,Subject_jbfrf,"#N/A","#N/A","#N/A","#N/A","#N/A"
bc627d8d-8b10-40a8-9d56-d84dd6c69a16,"#N/A","#N/A",false,Web,"#N/A","#N/A",Medium,"#N/A",New,Subject_qukwi,"#N/A","#N/A","#N/A","#N/A","#N/A"
bc63a96c-6fa8-4014-8799-d72478443af1,"#N/A","#N/A",false,Web,"#N/A","#N/A",Medium,"#N/A",New,Subject_mwscf,"#N/A","#N/A","#N/A","#N/A","#N/A"
bc6738f6-2fde-459f-b741-26406fc11e1b,"#N/A","#N/A",false,Web,"#N/A","#N/A",Medium,"#N/A",New,Subject_svkqk,"#N/A","#N/A","#N/A","#N/A","#N/A"
bc69e4b9-0f16-4572-befd-049392bf27a1,"#N/A","#N/A",false,Web,"#N/A","#N/A",Medium,"#N/A",New,Subject_bqwcm,"#N/A","#N/A","#N/A","#N/A","#N/A"
bc6c4103-39a3-4924-b01f-919732466fdb,"#N/A","#N/A",false,Web,"#N/A","#N/A",Medium,"#N/A",New,Subject_smsvk,"#N/A","#N/A","#N/A","#N/A","#N/A"
bc6c598b-6095-4aea-98ef-03da6ee936ea,"#N/A","#N/A",false,Web,"#N/A","#N/A",Medium,"#N/A",New,Subject_jumjj,"#N/A","#N/A","#N/A","#N/A","#N/A"
bc6da058-b9cc-4ed1-98f4-e85a38cbd1ac,"#N/A","#N/A",false,Web,"#N/A","#N/A",Medium,"#N/A",New,Subject_yqzny,"#N/A","#N/A","#N/A","#N/A","#N/A"
bc721839-dc8f-4843-b67f-7df824b0a30d,"#N/A","#N/A",false,Web,"#N/A","#N/A",Medium,"#N/A",New,Subject_rsrlb,"#N/A","#N/A","#N/A","#N/A","#N/A"
bc722e54-ec45-4b4f-bc50-5480c85d55f9,"#N/A","#N/A",false,Web,"#N/A","#N/A",Medium,"#N/A",New,Subject_ksdpi,"#N/A","#N/A","#N/A","#N/A","#N/A"
bc73d8a5-23aa-4662-b9cc-fd65e11d2c02,"#N/A","#N/A",false,Web,"#N/A","#N/A",Medium,"#N/A",New,Subject_ncxau,"#N/A","#N/A","#N/A","#N/A","#N/A"
bc750f51-3497-4cdc-b63b-a5a2f69457fe,"#N/A","#N/A",false,Web,"#N/A","#N/A",Medium,"#N/A",New,Subject_yepgt,"#N/A","#N/A","#N/A","#N/A","#N/A"
bc75adb2-fd85-4cbd-a2f5-2567f1aa0bb1,"#N/A","#N/A",false,Web,"#N/A","#N/A",Medium,"#N/A",New,Subject_mttjn,"#N/A","#N/A","#N/A","#N/A","#N/A"
bc767195-4c14-41b6-9d2e-b20ccdc37da9,"#N/A","#N/A",false,Web,"#N/A","#N/A",Medium,"#N/A",New,Subject_uinbx,"#N/A","#N/A","#N/A","#N/A","#N/A"
bc7b24bd-7667-496a-8846-4e4df7ff7fbe,"#N/A","#N/A",false,Web,"#N/A","#N/A",Medium,"#N/A",New,Subject_pzyfr,"#N/A","#N/A","#N/A","#N/A","#N/A"
bc7c722a-9f7b-4169-991d-0a091c70e98a,"#N/A","#N/A",false,Web,"#N/A","#N/A",Medium,"#N/A",New,Subject_tlhrv,"#N/A","#N/A","#N/A","#N/A","#N/A"
bc7ed23f-9f28-4637-8de3-1bd3f3389de9,"#N/A","#N/A",false,Web,"#N/A","#N/A",Medium,"#N/A",New,Subject_msjqb,"#N/A","#N/A","#N/A","#N/A","#N/A"
bc7ef345-6a99-40b0-b5c3-ece0bd7b886f,"#N/A","#N/A",false,Web,"#N/A","#N/A",Medium,"#N/A",New,Subject_bnezu,"#N/A","#N/A","#N/A","#N/A","#N/A"
bc7fa828-a2cf-4986-8add-fad8b9fa3eeb,"#N/A","#N/A",false,Web,"#N/A","#N/A",Medium,"#N/A",New,Subject_dfdgf,"#N/A","#N/A","#N/A","#N/A","#N/A"
bc802b14-75f4-4958-b16f-be407249a6e2,"#N/A","#N/A",false,Web,"#N/A","#N/A",Medium,"#N/A",New,Subject_hoxld,"#N/A","#N/A","#N/A","#N/A","#N/A"
bc803d4a-d424-42d1-baa0-4ae091a151e3,"#N/A","#N/A",false,Web,"#N/A","#N/A",Medium,"#N/A",New,Subject_pogpg,"#N/A","#N/A","#N/A","#N/A","#N/A"
bc85cdb4-9683-4b8c-a502-cde7e07fa859,"#N/A","#N/A",false,Web,"#N/A","#N/A",Medium,"#N/A",New,Subject_gezvy,"#N/A","#N/A","#N/A","#N/A","#N/A"
bc85f101-ff6f-4d63-8837-21c1939477f6,"#N/A","#N/A",false,Web,"#N/A","#N/A",Medium,"#N/A",New,Subject_psbue,"#N/A","#N/A","#N/A","#N/A","#N/A"
bc87ed4e-0cb3-4e2f-b7ea-545e5f9757cf,"#N/A","#N/A",false,Web,"#N/A","#N/A",Medium,"#N/A",New,Subject_lybmb,"#N/A","#N/A","#N/A","#N/A","#N/A"
bc8be953-1f89-4c81-9973-cf1a09b278db,"#N/A","#N/A",false,Web,"#N/A","#N/A",Medium,"#N/A",New,Subject_yoius,"#N/A","#N/A","#N/A","#N/A","#N/A"
bc8edf99-f3dd-4f40-9702-3b8dccaefead,"#N/A","#N/A",false,Web,"#N/A","#N/A",Medium,"#N/A",New,Subject_cbmxl,"#N/A","#N/A","#N/A","#N/A","#N/A"
bc8eea69-1dc9-4f52-8c03-2f1017f4e592,"#N/A","#N/A",false,Web,"#N/A","#N/A",Medium,"#N/A",New,Subject_efzga,"#N/A","#N/A","#N/A","#N/A","#N/A"
bc929d1f-af6d-4992-8533-8f3b8857d7ba,"#N/A","#N/A",false,Web,"#N/A","#N/A",Medium,"#N/A",New,Subject_ouvlb,"#N/A","#N/A","#N/A","#N/A","#N/A"
bc93e271-520d-47f1-9a84-8e5cdb8e55c0,"#N/A","#N/A",false,Web,"#N/A","#N/A",Medium,"#N/A",New,Subject_ivujy,"#N/A","#N/A","#N/A","#N/A","#N/A"
bc9de3c1-0608-4213-9675-8efc26c9148a,"#N/A","#N/A",false,Web,"#N/A","#N/A",Medium,"#N/A",New,Subject_ghuvq,"#N/A","#N/A","#N/A","#N/A","#N/A"
bca6cdf8-b87e-4ed8-b1b2-ab18360316fd,"#N/A","#N/A",false,Web,"#N/A","#N/A",Medium,"#N/A",New,Subject_smpml,"#N/A","#N/A","#N/A","#N/A","#N/A"
bcb1d9e1-546f-4862-ad7f-cb20a41ad2a2,"#N/A","#N/A",false,Web,"#N/A","#N/A",Medium,"#N/A",New,Subject_ahwjm,"#N/A","#N/A","#N/A","#N/A","#N/A"
bcb22fe4-3f1a-4b52-b996-f6698959034f,"#N/A","#N/A",false,Web,"#N/A","#N/A",Medium,"#N/A",New,Subject_ssndq,"#N/A","#N/A","#N/A","#N/A","#N/A"
bcb81b27-ef17-4745-8795-e567c3f7e7fe,"#N/A","#N/A",false,Web,"#N/A","#N/A",Medium,"#N/A",New,Subject_txasb,"#N/A","#N/A","#N/A","#N/A","#N/A"
bcbe4290-8edb-4f90-9228-e82792809b03,"#N/A","#N/A",false,Web,"#N/A","#N/A",Medium,"#N/A",New,Subject_zvaky,"#N/A","#N/A","#N/A","#N/A","#N/A"
bcbf38e7-c17a-48b2-b4f8-162db5b7dd37,"#N/A","#N/A",false,Web,"#N/A","#N/A",Medium,"#N/A",New,Subject_afjzy,"#N/A","#N/A","#N/A","#N/A","#N/A"
bcc31cd7-a466-48b1-8c06-bdef2de2c0b9,"#N/A","#N/A",false,Web,"#N/A","#N/A",Medium,"#N/A",New,Subject_uxcqj,"#N/A","#N/A","#N/A","#N/A","#N/A"
bcc3f0f2-063a-4db3-ae54-c6b8e9becaef,"#N/A","#N/A",false,Web,"#N/A","#N/A",Medium,"#N/A",New,Subject_kkqmv,"#N/A","#N/A","#N/A","#N/A","#N/A"
bcc42a24-ead5-4c85-87e2-2b8733ec0379,"#N/A","#N/A",false,Web,"#N/A","#N/A",Medium,"#N/A",New,Subject_kqbap,"#N/A","#N/A","#N/A","#N/A","#N/A"
bcc890c0-60ea-47fa-9051-ebc7b2f7d798,"#N/A","#N/A",false,Web,"#N/A","#N/A",Medium,"#N/A",New,Subject_fnqzn,"#N/A","#N/A","#N/A","#N/A","#N/A"
bcd485bd-5628-45a5-a029-efb7346dff6f,"#N/A","#N/A",false,Web,"#N/A","#N/A",Medium,"#N/A",New,Subject_ohqyy,"#N/A","#N/A","#N/A","#N/A","#N/A"
bcd73aed-bd63-4975-b383-d2e44a97dd93,"#N/A","#N/A",false,Web,"#N/A","#N/A",Medium,"#N/A",New,Subject_vwnvb,"#N/A","#N/A","#N/A","#N/A","#N/A"
bcdb84a6-0407-41b9-a98c-e11c7f1559b5,"#N/A","#N/A",false,Web,"#N/A","#N/A",Medium,"#N/A",New,Subject_zbvvg,"#N/A","#N/A","#N/A","#N/A","#N/A"
bcddf0a4-ac82-4fb1-b987-dffeef327552,"#N/A","#N/A",false,Web,"#N/A","#N/A",Medium,"#N/A",New,Subject_ulafa,"#N/A","#N/A","#N/A","#N/A","#N/A"
bce1c46a-0850-4363-bb10-2f781a70d80b,"#N/A","#N/A",false,Web,"#N/A","#N/A",Medium,"#N/A",New,Subject_bexfy,"#N/A","#N/A","#N/A","#N/A","#N/A"
bce5b536-14b1-4ca2-8cd6-2ba2a4549285,"#N/A","#N/A",false,Web,"#N/A","#N/A",Medium,"#N/A",New,Subject_lgjal,"#N/A","#N/A","#N/A","#N/A","#N/A"
bce6fb11-1cd7-4625-a89a-a466b36a700f,"#N/A","#N/A",false,Web,"#N/A","#N/A",Medium,"#N/A",New,Subject_elfgc,"#N/A","#N/A","#N/A","#N/A","#N/A"
bce80c95-5f92-4b01-806c-c9d0d249538a,"#N/A","#N/A",false,Web,"#N/A","#N/A",Medium,"#N/A",New,Subject_vkorn,"#N/A","#N/A","#N/A","#N/A","#N/A"
bce97d5d-b975-425b-8ab9-c61ee097c630,"#N/A","#N/A",false,Web,"#N/A","#N/A",Medium,"#N/A",New,Subject_qsuxa,"#N/A","#N/A","#N/A","#N/A","#N/A"
bceb8bdb-18fe-425d-961b-ec47457bc4f0,"#N/A","#N/A",false,Web,"#N/A","#N/A",Medium,"#N/A",New,Subject_svtmu,"#N/A","#N/A","#N/A","#N/A","#N/A"
bcec6f9c-916f-47c7-b000-389ac06eb1db,"#N/A","#N/A",false,Web,"#N/A","#N/A",Medium,"#N/A",New,Subject_dpjza,"#N/A","#N/A","#N/A","#N/A","#N/A"
bcf2f944-248b-427c-b5b5-0ed4494b6d1f,"#N/A","#N/A",false,Web,"#N/A","#N/A",Medium,"#N/A",New,Subject_ehrkz,"#N/A","#N/A","#N/A","#N/A","#N/A"
bcfa93eb-f47b-4056-8b4c-ac6833fcb23c,"#N/A","#N/A",false,Web,"#N/A","#N/A",Medium,"#N/A",New,Subject_mlhoa,"#N/A","#N/A","#N/A","#N/A","#N/A"
bcfbd213-834c-4ed0-bbc2-49fc1f536a35,"#N/A","#N/A",false,Web,"#N/A","#N/A",Medium,"#N/A",New,Subject_akfhb,"#N/A","#N/A","#N/A","#N/A","#N/A"
bd00089c-d38b-47b7-8342-80c2a4c0d5e8,"#N/A","#N/A",false,Web,"#N/A","#N/A",Medium,"#N/A",New,Subject_htbcu,"#N/A","#N/A","#N/A","#N/A","#N/A"
bd0213e0-9fd1-4f06-8161-3982ab120dc3,"#N/A","#N/A",false,Web,"#N/A","#N/A",Medium,"#N/A",New,Subject_fhkkt,"#N/A","#N/A","#N/A","#N/A","#N/A"
bd0331cd-7997-45fd-8d90-8e80badd36fd,"#N/A","#N/A",false,Web,"#N/A","#N/A",Medium,"#N/A",New,Subject_omkgc,"#N/A","#N/A","#N/A","#N/A","#N/A"
bd05cb95-6199-41fc-b058-b74f2a56fa61,"#N/A","#N/A",false,Web,"#N/A","#N/A",Medium,"#N/A",New,Subject_gedfh,"#N/A","#N/A","#N/A","#N/A","#N/A"
bd06c9b5-b588-42af-b983-0b6f87e43c5e,"#N/A","#N/A",false,Web,"#N/A","#N/A",Medium,"#N/A",New,Subject_kfkzi,"#N/A","#N/A","#N/A","#N/A","#N/A"
bd092042-16dc-46db-ad15-5e8adffde81f,"#N/A","#N/A",false,Web,"#N/A","#N/A",Medium,"#N/A",New,Subject_ubbzb,"#N/A","#N/A","#N/A","#N/A","#N/A"
bd0ad60c-5d87-4d49-8102-1a5ea72454f6,"#N/A","#N/A",false,Web,"#N/A","#N/A",Medium,"#N/A",New,Subject_zafww,"#N/A","#N/A","#N/A","#N/A","#N/A"
bd0c410f-e7c0-40ee-be80-4d80e3f0b919,"#N/A","#N/A",false,Web,"#N/A","#N/A",Medium,"#N/A",New,Subject_ylcje,"#N/A","#N/A","#N/A","#N/A","#N/A"
bd14ace7-6db6-46a9-97d4-7c5efd0cd4b1,"#N/A","#N/A",false,Web,"#N/A","#N/A",Medium,"#N/A",New,Subject_hidbv,"#N/A","#N/A","#N/A","#N/A","#N/A"
bd193f66-b0ab-470a-8d6d-e4971b2f7711,"#N/A","#N/A",false,Web,"#N/A","#N/A",Medium,"#N/A",New,Subject_fmeor,"#N/A","#N/A","#N/A","#N/A","#N/A"
bd1a655d-cd83-4deb-b14a-b1142fc7caef,"#N/A","#N/A",false,Web,"#N/A","#N/A",Medium,"#N/A",New,Subject_ldmwe,"#N/A","#N/A","#N/A","#N/A","#N/A"
bd2543b9-8f02-407b-8b20-18047d860540,"#N/A","#N/A",false,Web,"#N/A","#N/A",Medium,"#N/A",New,Subject_glmpn,"#N/A","#N/A","#N/A","#N/A","#N/A"
bd276055-cb3a-42d5-bf50-8451d7c096fe,"#N/A","#N/A",false,Web,"#N/A","#N/A",Medium,"#N/A",New,Subject_csozl,"#N/A","#N/A","#N/A","#N/A","#N/A"
bd291abc-6fe1-4a6f-9fb8-2bbe825e1e31,"#N/A","#N/A",false,Web,"#N/A","#N/A",Medium,"#N/A",New,Subject_twpgw,"#N/A","#N/A","#N/A","#N/A","#N/A"
bd2989c6-1ba7-485c-9792-65717a2d9f78,"#N/A","#N/A",false,Web,"#N/A","#N/A",Medium,"#N/A",New,Subject_qtqgj,"#N/A","#N/A","#N/A","#N/A","#N/A"
bd2bfc36-5be1-4aa5-b463-df1e05bf44f4,"#N/A","#N/A",false,Web,"#N/A","#N/A",Medium,"#N/A",New,Subject_hucel,"#N/A","#N/A","#N/A","#N/A","#N/A"
bd2d6d90-1673-475c-9c95-eed219bef035,"#N/A","#N/A",false,Web,"#N/A","#N/A",Medium,"#N/A",New,Subject_jsotv,"#N/A","#N/A","#N/A","#N/A","#N/A"
bd2dd96e-8dce-450f-b61b-1dfa5f2dfb95,"#N/A","#N/A",false,Web,"#N/A","#N/A",Medium,"#N/A",New,Subject_wzovz,"#N/A","#N/A","#N/A","#N/A","#N/A"
bd30f659-30a1-44b3-bb0b-f89b93c8cc99,"#N/A","#N/A",false,Web,"#N/A","#N/A",Medium,"#N/A",New,Subject_vmaic,"#N/A","#N/A","#N/A","#N/A","#N/A"
bd33604f-9a2f-4da4-9d7f-64ce6b340388,"#N/A","#N/A",false,Web,"#N/A","#N/A",Medium,"#N/A",New,Subject_zrsup,"#N/A","#N/A","#N/A","#N/A","#N/A"
bd348444-1f51-410a-94b0-6866e0ce3eec,"#N/A","#N/A",false,Web,"#N/A","#N/A",Medium,"#N/A",New,Subject_scrwm,"#N/A","#N/A","#N/A","#N/A","#N/A"
bd349504-5611-43f2-8bca-fa50fb790541,"#N/A","#N/A",false,Web,"#N/A","#N/A",Medium,"#N/A",New,Subject_fcfuo,"#N/A","#N/A","#N/A","#N/A","#N/A"
bd3621ae-f46c-4e5d-80d6-e2f2deca5597,"#N/A","#N/A",false,Web,"#N/A","#N/A",Medium,"#N/A",New,Subject_wfmww,"#N/A","#N/A","#N/A","#N/A","#N/A"
bd37780c-a8d7-450f-bfd4-b95cabeeb62a,"#N/A","#N/A",false,Web,"#N/A","#N/A",Medium,"#N/A",New,Subject_aiyil,"#N/A","#N/A","#N/A","#N/A","#N/A"
bd3976d9-5cae-4895-9aca-cbbc692a59d4,"#N/A","#N/A",false,Web,"#N/A","#N/A",Medium,"#N/A",New,Subject_ijuev,"#N/A","#N/A","#N/A","#N/A","#N/A"
bd3f14ca-4477-4049-a637-ff1b2305664b,"#N/A","#N/A",false,Web,"#N/A","#N/A",Medium,"#N/A",New,Subject_lvcdu,"#N/A","#N/A","#N/A","#N/A","#N/A"
bd424526-9733-4eb1-9228-31607733eae5,"#N/A","#N/A",false,Web,"#N/A","#N/A",Medium,"#N/A",New,Subject_wpbkm,"#N/A","#N/A","#N/A","#N/A","#N/A"
bd44f0fa-65dd-4192-b106-e5bf028c0d42,"#N/A","#N/A",false,Web,"#N/A","#N/A",Medium,"#N/A",New,Subject_ugldn,"#N/A","#N/A","#N/A","#N/A","#N/A"
bd459c5a-feb0-42a0-8058-5a819834f2eb,"#N/A","#N/A",false,Web,"#N/A","#N/A",Medium,"#N/A",New,Subject_pwrie,"#N/A","#N/A","#N/A","#N/A","#N/A"
bd46f3a3-9be6-4649-8506-9e3d69099654,"#N/A","#N/A",false,Web,"#N/A","#N/A",Medium,"#N/A",New,Subject_snyli,"#N/A","#N/A","#N/A","#N/A","#N/A"
bd4c5e41-a4f2-4c7c-bc2d-1b3e935a3cf8,"#N/A","#N/A",false,Web,"#N/A","#N/A",Medium,"#N/A",New,Subject_uobfs,"#N/A","#N/A","#N/A","#N/A","#N/A"
bd503ea3-2147-48b9-b436-b5f6165b8c65,"#N/A","#N/A",false,Web,"#N/A","#N/A",Medium,"#N/A",New,Subject_kcbzu,"#N/A","#N/A","#N/A","#N/A","#N/A"
bd51a7e7-00f6-4aa6-ab2c-1d8a5cba5e19,"#N/A","#N/A",false,Web,"#N/A","#N/A",Medium,"#N/A",New,Subject_ekkcz,"#N/A","#N/A","#N/A","#N/A","#N/A"
bd57e2d3-2bc4-42cf-81fe-c03f8695330a,"#N/A","#N/A",false,Web,"#N/A","#N/A",Medium,"#N/A",New,Subject_golax,"#N/A","#N/A","#N/A","#N/A","#N/A"
bd585602-09d6-411e-a036-9ddad6ff2a30,"#N/A","#N/A",false,Web,"#N/A","#N/A",Medium,"#N/A",New,Subject_autoj,"#N/A","#N/A","#N/A","#N/A","#N/A"
bd585ed6-f2ce-4031-b9d3-9dc259473af9,"#N/A","#N/A",false,Web,"#N/A","#N/A",Medium,"#N/A",New,Subject_cxpto,"#N/A","#N/A","#N/A","#N/A","#N/A"
bd586fc8-6aa0-419b-a8cc-b0a1839233ed,"#N/A","#N/A",false,Web,"#N/A","#N/A",Medium,"#N/A",New,Subject_vuehi,"#N/A","#N/A","#N/A","#N/A","#N/A"
bd5f7fab-9d3a-46a2-aff7-b59b1b3108fa,"#N/A","#N/A",false,Web,"#N/A","#N/A",Medium,"#N/A",New,Subject_cisas,"#N/A","#N/A","#N/A","#N/A","#N/A"
bd63751d-a591-4fff-8e93-761571a009ab,"#N/A","#N/A",false,Web,"#N/A","#N/A",Medium,"#N/A",New,Subject_pgxnr,"#N/A","#N/A","#N/A","#N/A","#N/A"
bd63ba65-def9-4c82-9503-7d781cf9278a,"#N/A","#N/A",false,Web,"#N/A","#N/A",Medium,"#N/A",New,Subject_zawgg,"#N/A","#N/A","#N/A","#N/A","#N/A"
bd67979b-eefd-45af-8c04-03d622c1af98,"#N/A","#N/A",false,Web,"#N/A","#N/A",Medium,"#N/A",New,Subject_rxpmm,"#N/A","#N/A","#N/A","#N/A","#N/A"
bd686b41-6afa-44c9-ab1a-8a991a5b9bd9,"#N/A","#N/A",false,Web,"#N/A","#N/A",Medium,"#N/A",New,Subject_jrjxn,"#N/A","#N/A","#N/A","#N/A","#N/A"
bd6ad8d2-c1b4-4c8f-8891-f13c2367b35c,"#N/A","#N/A",false,Web,"#N/A","#N/A",Medium,"#N/A",New,Subject_feuxu,"#N/A","#N/A","#N/A","#N/A","#N/A"
bd6e66b2-d761-4cb3-8ae0-cd4bf5ec3c15,"#N/A","#N/A",false,Web,"#N/A","#N/A",Medium,"#N/A",New,Subject_nvzue,"#N/A","#N/A","#N/A","#N/A","#N/A"
bd6f73c4-e41e-4b9a-a806-3ddfd9e78db5,"#N/A","#N/A",false,Web,"#N/A","#N/A",Medium,"#N/A",New,Subject_rqxzk,"#N/A","#N/A","#N/A","#N/A","#N/A"
bd716024-16b1-41e3-b571-bb43cae0dfde,"#N/A","#N/A",false,Web,"#N/A","#N/A",Medium,"#N/A",New,Subject_zcrmc,"#N/A","#N/A","#N/A","#N/A","#N/A"
bd722963-5619-4bcf-b1aa-708ccb1da2a5,"#N/A","#N/A",false,Web,"#N/A","#N/A",Medium,"#N/A",New,Subject_hcqje,"#N/A","#N/A","#N/A","#N/A","#N/A"
bd7646fe-4d5e-4500-b5e8-8ff682f42385,"#N/A","#N/A",false,Web,"#N/A","#N/A",Medium,"#N/A",New,Subject_yfguu,"#N/A","#N/A","#N/A","#N/A","#N/A"
bd7c1df6-eb58-4f6a-a744-a47484f46fea,"#N/A","#N/A",false,Web,"#N/A","#N/A",Medium,"#N/A",New,Subject_rukxb,"#N/A","#N/A","#N/A","#N/A","#N/A"
bd7eb808-4d71-45b9-b201-d688ff2116ca,"#N/A","#N/A",false,Web,"#N/A","#N/A",Medium,"#N/A",New,Subject_epzrd,"#N/A","#N/A","#N/A","#N/A","#N/A"
bd7eea4c-1442-4a65-b9d5-71a7f5afc6ef,"#N/A","#N/A",false,Web,"#N/A","#N/A",Medium,"#N/A",New,Subject_pdngv,"#N/A","#N/A","#N/A","#N/A","#N/A"
bd7f45bd-49b3-4286-a2f3-9ecd5c70ed95,"#N/A","#N/A",false,Web,"#N/A","#N/A",Medium,"#N/A",New,Subject_hfvta,"#N/A","#N/A","#N/A","#N/A","#N/A"
bd8a6c25-fe2f-4c75-932c-7456c906dd8f,"#N/A","#N/A",false,Web,"#N/A","#N/A",Medium,"#N/A",New,Subject_tgvsh,"#N/A","#N/A","#N/A","#N/A","#N/A"
bd8c697b-51df-4383-b4c8-00aee5ff956b,"#N/A","#N/A",false,Web,"#N/A","#N/A",Medium,"#N/A",New,Subject_mjhvx,"#N/A","#N/A","#N/A","#N/A","#N/A"
bd8d7c54-c67a-48a3-9e95-616e0a73f24d,"#N/A","#N/A",false,Web,"#N/A","#N/A",Medium,"#N/A",New,Subject_nyljw,"#N/A","#N/A","#N/A","#N/A","#N/A"
bd8eb35b-ab38-4e67-8ce6-ace780223c9a,"#N/A","#N/A",false,Web,"#N/A","#N/A",Medium,"#N/A",New,Subject_icmzu,"#N/A","#N/A","#N/A","#N/A","#N/A"
bd917dbe-ebc1-4824-ac32-eb18d01cdec7,"#N/A","#N/A",false,Web,"#N/A","#N/A",Medium,"#N/A",New,Subject_wppuc,"#N/A","#N/A","#N/A","#N/A","#N/A"
bd93b8f9-ca09-4991-86bc-14e9a6f3ed9b,"#N/A","#N/A",false,Web,"#N/A","#N/A",Medium,"#N/A",New,Subject_xzbji,"#N/A","#N/A","#N/A","#N/A","#N/A"
bd950d14-c173-4906-877d-e118d41b74a0,"#N/A","#N/A",false,Web,"#N/A","#N/A",Medium,"#N/A",New,Subject_gjeln,"#N/A","#N/A","#N/A","#N/A","#N/A"
bd953234-d30c-472f-bdf2-09529afb8fb8,"#N/A","#N/A",false,Web,"#N/A","#N/A",Medium,"#N/A",New,Subject_ydrbs,"#N/A","#N/A","#N/A","#N/A","#N/A"
bd99a3d1-ce97-4c0f-b229-a10d1c2d3d9f,"#N/A","#N/A",false,Web,"#N/A","#N/A",Medium,"#N/A",New,Subject_rqemj,"#N/A","#N/A","#N/A","#N/A","#N/A"
bd9c8657-e92f-4b57-92b7-72945fe76be9,"#N/A","#N/A",false,Web,"#N/A","#N/A",Medium,"#N/A",New,Subject_ywsoe,"#N/A","#N/A","#N/A","#N/A","#N/A"
bda10c8a-f402-4d18-9d0f-a2fd8beeb5c5,"#N/A","#N/A",false,Web,"#N/A","#N/A",Medium,"#N/A",New,Subject_yqnpl,"#N/A","#N/A","#N/A","#N/A","#N/A"
bda26ddb-4dd9-4189-98f0-ec284b421968,"#N/A","#N/A",false,Web,"#N/A","#N/A",Medium,"#N/A",New,Subject_rpnwm,"#N/A","#N/A","#N/A","#N/A","#N/A"
bda2c7a9-fec8-48dd-87cc-500e8eaa6b38,"#N/A","#N/A",false,Web,"#N/A","#N/A",Medium,"#N/A",New,Subject_fwrip,"#N/A","#N/A","#N/A","#N/A","#N/A"
bda76b97-d494-4e63-b435-3f15298ce590,"#N/A","#N/A",false,Web,"#N/A","#N/A",Medium,"#N/A",New,Subject_demqc,"#N/A","#N/A","#N/A","#N/A","#N/A"
bda947d4-4ec4-4ed7-a58d-4d5879717eac,"#N/A","#N/A",false,Web,"#N/A","#N/A",Medium,"#N/A",New,Subject_seusy,"#N/A","#N/A","#N/A","#N/A","#N/A"
bdadbdd7-677b-437d-b54e-e5680bfe263d,"#N/A","#N/A",false,Web,"#N/A","#N/A",Medium,"#N/A",New,Subject_ikrwt,"#N/A","#N/A","#N/A","#N/A","#N/A"
bdb04e56-19b3-4cbd-8124-8e0372c37b5a,"#N/A","#N/A",false,Web,"#N/A","#N/A",Medium,"#N/A",New,Subject_tuqcq,"#N/A","#N/A","#N/A","#N/A","#N/A"
bdb0d967-fa61-40cb-8a33-c4922a2f4234,"#N/A","#N/A",false,Web,"#N/A","#N/A",Medium,"#N/A",New,Subject_ubsgz,"#N/A","#N/A","#N/A","#N/A","#N/A"
bdb2d462-e0f5-497e-83d8-4b9fb4caad8d,"#N/A","#N/A",false,Web,"#N/A","#N/A",Medium,"#N/A",New,Subject_pfgin,"#N/A","#N/A","#N/A","#N/A","#N/A"
bdb3a40d-5fdf-4120-aaa7-e5f8c87a35ce,"#N/A","#N/A",false,Web,"#N/A","#N/A",Medium,"#N/A",New,Subject_hzumr,"#N/A","#N/A","#N/A","#N/A","#N/A"
bdb7865b-09ce-4335-bca1-267042b48215,"#N/A","#N/A",false,Web,"#N/A","#N/A",Medium,"#N/A",New,Subject_cyjuv,"#N/A","#N/A","#N/A","#N/A","#N/A"
bdb8b8ea-744e-4a67-9cf8-cc7983f439a1,"#N/A","#N/A",false,Web,"#N/A","#N/A",Medium,"#N/A",New,Subject_uxnvb,"#N/A","#N/A","#N/A","#N/A","#N/A"
bdb8d4d1-6eb2-4339-af7f-9f8ec5b1f9fc,"#N/A","#N/A",false,Web,"#N/A","#N/A",Medium,"#N/A",New,Subject_szlpd,"#N/A","#N/A","#N/A","#N/A","#N/A"
bdbd93cf-fc69-4a28-94db-a91de888498d,"#N/A","#N/A",false,Web,"#N/A","#N/A",Medium,"#N/A",New,Subject_rmfxw,"#N/A","#N/A","#N/A","#N/A","#N/A"
bdc032ed-a5e9-4115-b2a1-d68e5f2035c5,"#N/A","#N/A",false,Web,"#N/A","#N/A",Medium,"#N/A",New,Subject_jqwlq,"#N/A","#N/A","#N/A","#N/A","#N/A"
bdc0ea9c-880a-4491-9941-7224cee512bd,"#N/A","#N/A",false,Web,"#N/A","#N/A",Medium,"#N/A",New,Subject_sxddr,"#N/A","#N/A","#N/A","#N/A","#N/A"
bdc2b5d7-3b23-456a-aa68-405850606858,"#N/A","#N/A",false,Web,"#N/A","#N/A",Medium,"#N/A",New,Subject_icmzu,"#N/A","#N/A","#N/A","#N/A","#N/A"
bdc2e34f-d221-4e91-bb36-e0f0ab414551,"#N/A","#N/A",false,Web,"#N/A","#N/A",Medium,"#N/A",New,Subject_edzyb,"#N/A","#N/A","#N/A","#N/A","#N/A"
bdc533de-2e4c-4540-8e21-4e9a0958d219,"#N/A","#N/A",false,Web,"#N/A","#N/A",Medium,"#N/A",New,Subject_vpcyp,"#N/A","#N/A","#N/A","#N/A","#N/A"
bdc69eb1-9455-4914-ad65-28767361d241,"#N/A","#N/A",false,Web,"#N/A","#N/A",Medium,"#N/A",New,Subject_thfva,"#N/A","#N/A","#N/A","#N/A","#N/A"
bdc9a0d8-ea9c-4009-a099-93a56c1093c3,"#N/A","#N/A",false,Web,"#N/A","#N/A",Medium,"#N/A",New,Subject_alewe,"#N/A","#N/A","#N/A","#N/A","#N/A"
bdc9b18c-f67f-4db1-9b7d-98c8f6ddc3dd,"#N/A","#N/A",false,Web,"#N/A","#N/A",Medium,"#N/A",New,Subject_tpasl,"#N/A","#N/A","#N/A","#N/A","#N/A"
bdca6f34-7e09-4907-8b2f-22d9642cf8d6,"#N/A","#N/A",false,Web,"#N/A","#N/A",Medium,"#N/A",New,Subject_alyfr,"#N/A","#N/A","#N/A","#N/A","#N/A"
bdca93c5-f407-4547-91c4-243f81e3e7bd,"#N/A","#N/A",false,Web,"#N/A","#N/A",Medium,"#N/A",New,Subject_jpvyu,"#N/A","#N/A","#N/A","#N/A","#N/A"
bdcaa929-9e6c-461a-972a-1b0939452092,"#N/A","#N/A",false,Web,"#N/A","#N/A",Medium,"#N/A",New,Subject_qrwjr,"#N/A","#N/A","#N/A","#N/A","#N/A"
bdcfea11-95bb-4cd2-bc9b-fe0177a93f3b,"#N/A","#N/A",false,Web,"#N/A","#N/A",Medium,"#N/A",New,Subject_gpinh,"#N/A","#N/A","#N/A","#N/A","#N/A"
bdd1a69f-eaf8-41b2-944e-ed5cd0edf93c,"#N/A","#N/A",false,Web,"#N/A","#N/A",Medium,"#N/A",New,Subject_wmdhq,"#N/A","#N/A","#N/A","#N/A","#N/A"
bdd3534d-552c-4b6e-a60e-cd837b2e23c6,"#N/A","#N/A",false,Web,"#N/A","#N/A",Medium,"#N/A",New,Subject_aerbn,"#N/A","#N/A","#N/A","#N/A","#N/A"
bdd4e48d-692f-4eda-8663-b18478347612,"#N/A","#N/A",false,Web,"#N/A","#N/A",Medium,"#N/A",New,Subject_ozwjq,"#N/A","#N/A","#N/A","#N/A","#N/A"
bdd59acd-e82d-4d72-b172-7d4b53db6c33,"#N/A","#N/A",false,Web,"#N/A","#N/A",Medium,"#N/A",New,Subject_ehoxz,"#N/A","#N/A","#N/A","#N/A","#N/A"
bdd5b57c-8e83-44cd-a922-1b192b242b32,"#N/A","#N/A",false,Web,"#N/A","#N/A",Medium,"#N/A",New,Subject_ewtgb,"#N/A","#N/A","#N/A","#N/A","#N/A"
bdd80e60-628a-4ce0-98d4-17b63ef6e259,"#N/A","#N/A",false,Web,"#N/A","#N/A",Medium,"#N/A",New,Subject_rozux,"#N/A","#N/A","#N/A","#N/A","#N/A"
bddcb434-79da-46c3-9d83-9829056ee343,"#N/A","#N/A",false,Web,"#N/A","#N/A",Medium,"#N/A",New,Subject_xncnh,"#N/A","#N/A","#N/A","#N/A","#N/A"
bddde361-0c50-4ced-acb9-93aec4637b60,"#N/A","#N/A",false,Web,"#N/A","#N/A",Medium,"#N/A",New,Subject_hmbjt,"#N/A","#N/A","#N/A","#N/A","#N/A"
bde13481-ee55-4976-b276-a05fa0ba0aee,"#N/A","#N/A",false,Web,"#N/A","#N/A",Medium,"#N/A",New,Subject_qwqnx,"#N/A","#N/A","#N/A","#N/A","#N/A"
bde2f941-db44-4576-b82b-50c9d95f09cd,"#N/A","#N/A",false,Web,"#N/A","#N/A",Medium,"#N/A",New,Subject_mrysb,"#N/A","#N/A","#N/A","#N/A","#N/A"
bde467fe-a3d1-4ac4-a443-02174c19ac8a,"#N/A","#N/A",false,Web,"#N/A","#N/A",Medium,"#N/A",New,Subject_lkqry,"#N/A","#N/A","#N/A","#N/A","#N/A"
bde83f77-ce94-45e8-ab2e-c95d1fbcb80b,"#N/A","#N/A",false,Web,"#N/A","#N/A",Medium,"#N/A",New,Subject_fhfmd,"#N/A","#N/A","#N/A","#N/A","#N/A"
bde8fd39-7321-4e62-85fa-c498fa5193a2,"#N/A","#N/A",false,Web,"#N/A","#N/A",Medium,"#N/A",New,Subject_arnng,"#N/A","#N/A","#N/A","#N/A","#N/A"
bdf47b7a-facc-47cb-be51-b0ace8e32d4e,"#N/A","#N/A",false,Web,"#N/A","#N/A",Medium,"#N/A",New,Subject_jbswc,"#N/A","#N/A","#N/A","#N/A","#N/A"
bdf61ff9-c076-4e42-80a6-2fb3b8c0a3e0,"#N/A","#N/A",false,Web,"#N/A","#N/A",Medium,"#N/A",New,Subject_kuddw,"#N/A","#N/A","#N/A","#N/A","#N/A"
bdfe850a-d3b5-4e13-8d71-2fe49a59a280,"#N/A","#N/A",false,Web,"#N/A","#N/A",Medium,"#N/A",New,Subject_xctmk,"#N/A","#N/A","#N/A","#N/A","#N/A"
bdfedf55-cccc-4ee2-8c7f-a837eac73d34,"#N/A","#N/A",false,Web,"#N/A","#N/A",Medium,"#N/A",New,Subject_jxwun,"#N/A","#N/A","#N/A","#N/A","#N/A"
be027739-4a37-444b-80b3-d147d6c1a49e,"#N/A","#N/A",false,Web,"#N/A","#N/A",Medium,"#N/A",New,Subject_lrqxw,"#N/A","#N/A","#N/A","#N/A","#N/A"
be048fd4-02b5-46be-b3e2-6c99cb6d265c,"#N/A","#N/A",false,Web,"#N/A","#N/A",Medium,"#N/A",New,Subject_dajlf,"#N/A","#N/A","#N/A","#N/A","#N/A"
be0713be-6902-4b9f-b400-ea7a59fb7f74,"#N/A","#N/A",false,Web,"#N/A","#N/A",Medium,"#N/A",New,Subject_ktnzr,"#N/A","#N/A","#N/A","#N/A","#N/A"
be0d1076-85fa-4072-86fc-65da18d55d0c,"#N/A","#N/A",false,Web,"#N/A","#N/A",Medium,"#N/A",New,Subject_wxtya,"#N/A","#N/A","#N/A","#N/A","#N/A"
be160038-ae66-4d25-9ee6-691468ad0d05,"#N/A","#N/A",false,Web,"#N/A","#N/A",Medium,"#N/A",New,Subject_qydwr,"#N/A","#N/A","#N/A","#N/A","#N/A"
be17c14d-2ffa-4814-8c83-d3a11f9cb7af,"#N/A","#N/A",false,Web,"#N/A","#N/A",Medium,"#N/A",New,Subject_nzqph,"#N/A","#N/A","#N/A","#N/A","#N/A"
be1c6db5-a673-4106-b96d-1501feb5dc84,"#N/A","#N/A",false,Web,"#N/A","#N/A",Medium,"#N/A",New,Subject_eoujt,"#N/A","#N/A","#N/A","#N/A","#N/A"
be1e971a-76e4-460b-b0f0-aab8ceee6f68,"#N/A","#N/A",false,Web,"#N/A","#N/A",Medium,"#N/A",New,Subject_wkigy,"#N/A","#N/A","#N/A","#N/A","#N/A"
be22afb7-6f14-4dc6-be76-13c352f76eaa,"#N/A","#N/A",false,Web,"#N/A","#N/A",Medium,"#N/A",New,Subject_ujjll,"#N/A","#N/A","#N/A","#N/A","#N/A"
be22bf51-c851-4008-b294-4075169aba1b,"#N/A","#N/A",false,Web,"#N/A","#N/A",Medium,"#N/A",New,Subject_vzoze,"#N/A","#N/A","#N/A","#N/A","#N/A"
be2e9191-ee45-4140-a890-ed085b729089,"#N/A","#N/A",false,Web,"#N/A","#N/A",Medium,"#N/A",New,Subject_emmaq,"#N/A","#N/A","#N/A","#N/A","#N/A"
be32cf95-a7fa-4b27-acd0-e24b6fe08048,"#N/A","#N/A",false,Web,"#N/A","#N/A",Medium,"#N/A",New,Subject_tcmws,"#N/A","#N/A","#N/A","#N/A","#N/A"
be32fa02-b707-4bef-a4cf-9fd29c354882,"#N/A","#N/A",false,Web,"#N/A","#N/A",Medium,"#N/A",New,Subject_yhcvz,"#N/A","#N/A","#N/A","#N/A","#N/A"
be372e61-afbd-41ad-ac5d-9f75fae676b9,"#N/A","#N/A",false,Web,"#N/A","#N/A",Medium,"#N/A",New,Subject_sryqz,"#N/A","#N/A","#N/A","#N/A","#N/A"
be3a5197-3a05-40bc-9d7b-9f79d1fc4258,"#N/A","#N/A",false,Web,"#N/A","#N/A",Medium,"#N/A",New,Subject_gtwgy,"#N/A","#N/A","#N/A","#N/A","#N/A"
be4055a4-0f66-4091-8717-b8be11eac852,"#N/A","#N/A",false,Web,"#N/A","#N/A",Medium,"#N/A",New,Subject_krxzq,"#N/A","#N/A","#N/A","#N/A","#N/A"
be414f07-0cca-466c-8dec-53e1aff7940e,"#N/A","#N/A",false,Web,"#N/A","#N/A",Medium,"#N/A",New,Subject_znpgl,"#N/A","#N/A","#N/A","#N/A","#N/A"
be41eb4d-5e30-4f5f-83c5-b6423758aadf,"#N/A","#N/A",false,Web,"#N/A","#N/A",Medium,"#N/A",New,Subject_ocokf,"#N/A","#N/A","#N/A","#N/A","#N/A"
be42d1b7-edf9-4ad9-a4e2-5200f1878ad2,"#N/A","#N/A",false,Web,"#N/A","#N/A",Medium,"#N/A",New,Subject_enmiq,"#N/A","#N/A","#N/A","#N/A","#N/A"
be467091-ac18-4c00-aa85-f2c283bac92c,"#N/A","#N/A",false,Web,"#N/A","#N/A",Medium,"#N/A",New,Subject_auvja,"#N/A","#N/A","#N/A","#N/A","#N/A"
be480260-0943-42a2-bd97-09a5f45f2500,"#N/A","#N/A",false,Web,"#N/A","#N/A",Medium,"#N/A",New,Subject_oncvl,"#N/A","#N/A","#N/A","#N/A","#N/A"
be489bbc-d434-4086-bf51-0d79f84c1c1b,"#N/A","#N/A",false,Web,"#N/A","#N/A",Medium,"#N/A",New,Subject_gzvod,"#N/A","#N/A","#N/A","#N/A","#N/A"
be49823b-3fde-454c-9615-52176f3a9470,"#N/A","#N/A",false,Web,"#N/A","#N/A",Medium,"#N/A",New,Subject_fpbrn,"#N/A","#N/A","#N/A","#N/A","#N/A"
be4e1653-9374-4612-95fc-247e203d8ee8,"#N/A","#N/A",false,Web,"#N/A","#N/A",Medium,"#N/A",New,Subject_gynfh,"#N/A","#N/A","#N/A","#N/A","#N/A"
be4f0fc5-5a89-4c34-87db-cefded886caa,"#N/A","#N/A",false,Web,"#N/A","#N/A",Medium,"#N/A",New,Subject_ermki,"#N/A","#N/A","#N/A","#N/A","#N/A"
be52d8c5-d2bc-42e2-a311-412f7f7c2199,"#N/A","#N/A",false,Web,"#N/A","#N/A",Medium,"#N/A",New,Subject_pkwsv,"#N/A","#N/A","#N/A","#N/A","#N/A"
be551ad4-dda7-47b6-8d63-9394e5c62a0d,"#N/A","#N/A",false,Web,"#N/A","#N/A",Medium,"#N/A",New,Subject_mbphr,"#N/A","#N/A","#N/A","#N/A","#N/A"
be55bbbc-7dd6-4686-885a-2d20960a8aa8,"#N/A","#N/A",false,Web,"#N/A","#N/A",Medium,"#N/A",New,Subject_mpczs,"#N/A","#N/A","#N/A","#N/A","#N/A"
be5796ba-b0c4-4a39-b9a3-95a9414622d6,"#N/A","#N/A",false,Web,"#N/A","#N/A",Medium,"#N/A",New,Subject_vqilg,"#N/A","#N/A","#N/A","#N/A","#N/A"
be5977ec-90be-499d-b504-934dcf156a17,"#N/A","#N/A",false,Web,"#N/A","#N/A",Medium,"#N/A",New,Subject_ymooj,"#N/A","#N/A","#N/A","#N/A","#N/A"
be5a105b-7a07-4faf-b1f6-9fbc94122d3b,"#N/A","#N/A",false,Web,"#N/A","#N/A",Medium,"#N/A",New,Subject_qiamf,"#N/A","#N/A","#N/A","#N/A","#N/A"
be5cb0cd-2c52-4e5f-923a-b4282080c074,"#N/A","#N/A",false,Web,"#N/A","#N/A",Medium,"#N/A",New,Subject_uzute,"#N/A","#N/A","#N/A","#N/A","#N/A"
be5d4bb5-4f3d-4bd2-89a9-567cfcb43707,"#N/A","#N/A",false,Web,"#N/A","#N/A",Medium,"#N/A",New,Subject_ymknf,"#N/A","#N/A","#N/A","#N/A","#N/A"
be6a761d-2233-403a-93f0-0430841bbdeb,"#N/A","#N/A",false,Web,"#N/A","#N/A",Medium,"#N/A",New,Subject_ekrcr,"#N/A","#N/A","#N/A","#N/A","#N/A"
be6e408c-5e92-4dbc-83ba-63c7a89cf445,"#N/A","#N/A",false,Web,"#N/A","#N/A",Medium,"#N/A",New,Subject_xjvzl,"#N/A","#N/A","#N/A","#N/A","#N/A"
be6e9ad7-44cc-447b-a5c2-1194ad114c2a,"#N/A","#N/A",false,Web,"#N/A","#N/A",Medium,"#N/A",New,Subject_xjram,"#N/A","#N/A","#N/A","#N/A","#N/A"
be711f79-b516-4f29-b9da-b8f622afeaa8,"#N/A","#N/A",false,Web,"#N/A","#N/A",Medium,"#N/A",New,Subject_oggwz,"#N/A","#N/A","#N/A","#N/A","#N/A"
be736411-f011-4140-8ba4-07990e5d435c,"#N/A","#N/A",false,Web,"#N/A","#N/A",Medium,"#N/A",New,Subject_gdxyi,"#N/A","#N/A","#N/A","#N/A","#N/A"
be764bbf-e572-4ea5-96b9-c8ab651dddc0,"#N/A","#N/A",false,Web,"#N/A","#N/A",Medium,"#N/A",New,Subject_zlond,"#N/A","#N/A","#N/A","#N/A","#N/A"
be769fbb-710b-4a5c-b386-d49128fd4707,"#N/A","#N/A",false,Web,"#N/A","#N/A",Medium,"#N/A",New,Subject_gczki,"#N/A","#N/A","#N/A","#N/A","#N/A"
be7a6367-47b5-41fc-aeb2-1581b977b71e,"#N/A","#N/A",false,Web,"#N/A","#N/A",Medium,"#N/A",New,Subject_ryjdc,"#N/A","#N/A","#N/A","#N/A","#N/A"
be7a9b7b-e450-4679-a4e7-1c5b047f3118,"#N/A","#N/A",false,Web,"#N/A","#N/A",Medium,"#N/A",New,Subject_uqfrv,"#N/A","#N/A","#N/A","#N/A","#N/A"
be7c422a-f37e-4c14-9ab4-609b1105393b,"#N/A","#N/A",false,Web,"#N/A","#N/A",Medium,"#N/A",New,Subject_pbhux,"#N/A","#N/A","#N/A","#N/A","#N/A"
be7c929a-b0fc-4ee0-9588-b84ee5b7a82a,"#N/A","#N/A",false,Web,"#N/A","#N/A",Medium,"#N/A",New,Subject_qfcmy,"#N/A","#N/A","#N/A","#N/A","#N/A"
be7e08ef-4179-4cae-9550-3fbda864f42d,"#N/A","#N/A",false,Web,"#N/A","#N/A",Medium,"#N/A",New,Subject_mvoux,"#N/A","#N/A","#N/A","#N/A","#N/A"
be7f8a1a-9933-4367-be8e-2a176d57e183,"#N/A","#N/A",false,Web,"#N/A","#N/A",Medium,"#N/A",New,Subject_clutt,"#N/A","#N/A","#N/A","#N/A","#N/A"
be804dc7-21ec-4e34-a378-337f9b2590f6,"#N/A","#N/A",false,Web,"#N/A","#N/A",Medium,"#N/A",New,Subject_tkbbd,"#N/A","#N/A","#N/A","#N/A","#N/A"
be81c62a-cfc4-4778-9162-af9d220f4b23,"#N/A","#N/A",false,Web,"#N/A","#N/A",Medium,"#N/A",New,Subject_plyxb,"#N/A","#N/A","#N/A","#N/A","#N/A"
be863754-8dc4-4b75-8ce6-a505b07a6754,"#N/A","#N/A",false,Web,"#N/A","#N/A",Medium,"#N/A",New,Subject_fjpac,"#N/A","#N/A","#N/A","#N/A","#N/A"
be86b685-8307-46a1-9230-ac295019a5a2,"#N/A","#N/A",false,Web,"#N/A","#N/A",Medium,"#N/A",New,Subject_aovgr,"#N/A","#N/A","#N/A","#N/A","#N/A"
be8ce039-3fb7-452f-af67-a71175cb0aeb,"#N/A","#N/A",false,Web,"#N/A","#N/A",Medium,"#N/A",New,Subject_azxcf,"#N/A","#N/A","#N/A","#N/A","#N/A"
be8ee083-c900-45df-9e9f-fc0ab8e8b031,"#N/A","#N/A",false,Web,"#N/A","#N/A",Medium,"#N/A",New,Subject_wweof,"#N/A","#N/A","#N/A","#N/A","#N/A"
be923d76-e215-4e7f-ab44-127c79d33dac,"#N/A","#N/A",false,Web,"#N/A","#N/A",Medium,"#N/A",New,Subject_ckanj,"#N/A","#N/A","#N/A","#N/A","#N/A"
be947179-b67f-41cc-b76a-1678984613b4,"#N/A","#N/A",false,Web,"#N/A","#N/A",Medium,"#N/A",New,Subject_cwjqu,"#N/A","#N/A","#N/A","#N/A","#N/A"
be99e0e0-7ebf-42f2-a590-eb5528d7a607,"#N/A","#N/A",false,Web,"#N/A","#N/A",Medium,"#N/A",New,Subject_xldrd,"#N/A","#N/A","#N/A","#N/A","#N/A"
be9b8ccd-2b1b-42d7-aec5-a410478a6fc5,"#N/A","#N/A",false,Web,"#N/A","#N/A",Medium,"#N/A",New,Subject_pukgm,"#N/A","#N/A","#N/A","#N/A","#N/A"
be9d076f-d39b-4a6d-bfc9-ddd67e33cd43,"#N/A","#N/A",false,Web,"#N/A","#N/A",Medium,"#N/A",New,Subject_wrvdg,"#N/A","#N/A","#N/A","#N/A","#N/A"
be9fca0c-0458-45a8-8615-a4b69661e112,"#N/A","#N/A",false,Web,"#N/A","#N/A",Medium,"#N/A",New,Subject_nlmvk,"#N/A","#N/A","#N/A","#N/A","#N/A"
bea1d279-ae1c-4187-a673-e71e1b5e69bd,"#N/A","#N/A",false,Web,"#N/A","#N/A",Medium,"#N/A",New,Subject_ztwyq,"#N/A","#N/A","#N/A","#N/A","#N/A"
bea3474b-e951-40fc-a23e-8c505c78077b,"#N/A","#N/A",false,Web,"#N/A","#N/A",Medium,"#N/A",New,Subject_vvxev,"#N/A","#N/A","#N/A","#N/A","#N/A"
bea4a05b-4837-4a86-b83c-ffa0c189c8b6,"#N/A","#N/A",false,Web,"#N/A","#N/A",Medium,"#N/A",New,Subject_vribd,"#N/A","#N/A","#N/A","#N/A","#N/A"
bea6170a-fe4d-4d79-bcdf-312f090cd8a3,"#N/A","#N/A",false,Web,"#N/A","#N/A",Medium,"#N/A",New,Subject_qnqcl,"#N/A","#N/A","#N/A","#N/A","#N/A"
bea7109f-dd1b-4086-8ed1-ee8ecfb8b5db,"#N/A","#N/A",false,Web,"#N/A","#N/A",Medium,"#N/A",New,Subject_yjzlv,"#N/A","#N/A","#N/A","#N/A","#N/A"
beac1dad-2923-41b7-b6c3-9d7f1c46a5ad,"#N/A","#N/A",false,Web,"#N/A","#N/A",Medium,"#N/A",New,Subject_pstcs,"#N/A","#N/A","#N/A","#N/A","#N/A"
beac9b54-49b2-4996-ab5f-3af0b3e64b78,"#N/A","#N/A",false,Web,"#N/A","#N/A",Medium,"#N/A",New,Subject_lycjw,"#N/A","#N/A","#N/A","#N/A","#N/A"
beafd83f-e3dc-4ec4-add3-8f117692a096,"#N/A","#N/A",false,Web,"#N/A","#N/A",Medium,"#N/A",New,Subject_klxno,"#N/A","#N/A","#N/A","#N/A","#N/A"
beafff4d-c34c-43df-b453-0186951c07de,"#N/A","#N/A",false,Web,"#N/A","#N/A",Medium,"#N/A",New,Subject_dwdhx,"#N/A","#N/A","#N/A","#N/A","#N/A"
beb2e887-bfb2-436d-a751-ca72ece3c46b,"#N/A","#N/A",false,Web,"#N/A","#N/A",Medium,"#N/A",New,Subject_ukxgj,"#N/A","#N/A","#N/A","#N/A","#N/A"
beb3cbe9-0554-4b0d-92db-97d73f5d5df7,"#N/A","#N/A",false,Web,"#N/A","#N/A",Medium,"#N/A",New,Subject_xbszc,"#N/A","#N/A","#N/A","#N/A","#N/A"
beb56305-1ff4-4d09-b2a2-ca46b3c46708,"#N/A","#N/A",false,Web,"#N/A","#N/A",Medium,"#N/A",New,Subject_yjcnf,"#N/A","#N/A","#N/A","#N/A","#N/A"
bec3a066-4c86-465b-9511-19b14592fe73,"#N/A","#N/A",false,Web,"#N/A","#N/A",Medium,"#N/A",New,Subject_amfum,"#N/A","#N/A","#N/A","#N/A","#N/A"
bec7c537-6970-4754-a29a-8f148e629575,"#N/A","#N/A",false,Web,"#N/A","#N/A",Medium,"#N/A",New,Subject_xrhrj,"#N/A","#N/A","#N/A","#N/A","#N/A"
beccf678-8432-477c-b2e7-76662d760272,"#N/A","#N/A",false,Web,"#N/A","#N/A",Medium,"#N/A",New,Subject_fbbzx,"#N/A","#N/A","#N/A","#N/A","#N/A"
becf6e8b-3009-4228-a393-b50f0138e667,"#N/A","#N/A",false,Web,"#N/A","#N/A",Medium,"#N/A",New,Subject_enmvl,"#N/A","#N/A","#N/A","#N/A","#N/A"
bed0aee0-79ef-4b8f-87ee-2d862f381371,"#N/A","#N/A",false,Web,"#N/A","#N/A",Medium,"#N/A",New,Subject_tgxph,"#N/A","#N/A","#N/A","#N/A","#N/A"
bed82e93-5693-4071-81d0-a2300dfd8990,"#N/A","#N/A",false,Web,"#N/A","#N/A",Medium,"#N/A",New,Subject_bhwxk,"#N/A","#N/A","#N/A","#N/A","#N/A"
bedeaaac-1ee6-4a16-8e4e-285c05f6b9bd,"#N/A","#N/A",false,Web,"#N/A","#N/A",Medium,"#N/A",New,Subject_bgmjj,"#N/A","#N/A","#N/A","#N/A","#N/A"
bedecab5-f85c-480a-9e0b-857d6c382ba1,"#N/A","#N/A",false,Web,"#N/A","#N/A",Medium,"#N/A",New,Subject_uxuho,"#N/A","#N/A","#N/A","#N/A","#N/A"
bee1eff0-9c27-4320-80a6-ffc2b21a812a,"#N/A","#N/A",false,Web,"#N/A","#N/A",Medium,"#N/A",New,Subject_plznr,"#N/A","#N/A","#N/A","#N/A","#N/A"
bee66692-3189-42a1-9998-c6f07924ba13,"#N/A","#N/A",false,Web,"#N/A","#N/A",Medium,"#N/A",New,Subject_jnboe,"#N/A","#N/A","#N/A","#N/A","#N/A"
bee8753c-e945-4be9-b06f-149dee04500a,"#N/A","#N/A",false,Web,"#N/A","#N/A",Medium,"#N/A",New,Subject_dpwzl,"#N/A","#N/A","#N/A","#N/A","#N/A"
bee9731a-00d3-49c6-b23a-6c172d95b6ab,"#N/A","#N/A",false,Web,"#N/A","#N/A",Medium,"#N/A",New,Subject_arkyo,"#N/A","#N/A","#N/A","#N/A","#N/A"
beee43a3-80d5-48ee-b7ae-95eb83950d51,"#N/A","#N/A",false,Web,"#N/A","#N/A",Medium,"#N/A",New,Subject_nkpte,"#N/A","#N/A","#N/A","#N/A","#N/A"
beeff3fa-a1f6-4a37-9acf-1f5606841386,"#N/A","#N/A",false,Web,"#N/A","#N/A",Medium,"#N/A",New,Subject_hzsfr,"#N/A","#N/A","#N/A","#N/A","#N/A"
bef0c53f-7a89-4ab1-a7a6-3d642673e401,"#N/A","#N/A",false,Web,"#N/A","#N/A",Medium,"#N/A",New,Subject_gteax,"#N/A","#N/A","#N/A","#N/A","#N/A"
bef1faba-90c8-4cfb-9b1a-d1d0203961e5,"#N/A","#N/A",false,Web,"#N/A","#N/A",Medium,"#N/A",New,Subject_iozxi,"#N/A","#N/A","#N/A","#N/A","#N/A"
bef35478-54d6-4d13-a139-9d404d609e91,"#N/A","#N/A",false,Web,"#N/A","#N/A",Medium,"#N/A",New,Subject_juwsw,"#N/A","#N/A","#N/A","#N/A","#N/A"
bef40983-8697-4900-b0d5-58281f8b0a04,"#N/A","#N/A",false,Web,"#N/A","#N/A",Medium,"#N/A",New,Subject_evqpv,"#N/A","#N/A","#N/A","#N/A","#N/A"
bf06ae8d-dfc0-49ad-8878-f98fcfa44469,"#N/A","#N/A",false,Web,"#N/A","#N/A",Medium,"#N/A",New,Subject_fybeu,"#N/A","#N/A","#N/A","#N/A","#N/A"
bf097af2-9f9e-4776-ab62-c46980deb649,"#N/A","#N/A",false,Web,"#N/A","#N/A",Medium,"#N/A",New,Subject_hghak,"#N/A","#N/A","#N/A","#N/A","#N/A"
bf0bf563-97fe-48b0-90b5-20b5a2f1c295,"#N/A","#N/A",false,Web,"#N/A","#N/A",Medium,"#N/A",New,Subject_qfwxq,"#N/A","#N/A","#N/A","#N/A","#N/A"
bf0f959a-614a-4ff0-a0b7-c6434a8572dc,"#N/A","#N/A",false,Web,"#N/A","#N/A",Medium,"#N/A",New,Subject_jruvs,"#N/A","#N/A","#N/A","#N/A","#N/A"
bf109ddd-7208-4bbb-858b-3108d643b23b,"#N/A","#N/A",false,Web,"#N/A","#N/A",Medium,"#N/A",New,Subject_tzbws,"#N/A","#N/A","#N/A","#N/A","#N/A"
bf146965-e4f6-4339-82a2-9a88a9831ebe,"#N/A","#N/A",false,Web,"#N/A","#N/A",Medium,"#N/A",New,Subject_tolbi,"#N/A","#N/A","#N/A","#N/A","#N/A"
bf1639fe-dd9b-4490-90a5-3456350da61a,"#N/A","#N/A",false,Web,"#N/A","#N/A",Medium,"#N/A",New,Subject_llkti,"#N/A","#N/A","#N/A","#N/A","#N/A"
bf18f423-b34e-46f2-8e6e-4565ed6fd996,"#N/A","#N/A",false,Web,"#N/A","#N/A",Medium,"#N/A",New,Subject_hfwbl,"#N/A","#N/A","#N/A","#N/A","#N/A"
bf1c5df7-4a21-46bf-8e4e-158cf9d926a2,"#N/A","#N/A",false,Web,"#N/A","#N/A",Medium,"#N/A",New,Subject_nbofp,"#N/A","#N/A","#N/A","#N/A","#N/A"
bf1dbfce-9f88-4cd6-8efe-4399903e94f3,"#N/A","#N/A",false,Web,"#N/A","#N/A",Medium,"#N/A",New,Subject_yudxh,"#N/A","#N/A","#N/A","#N/A","#N/A"
bf227f2d-15d2-4a89-a84c-91acf0b63cb0,"#N/A","#N/A",false,Web,"#N/A","#N/A",Medium,"#N/A",New,Subject_arbpi,"#N/A","#N/A","#N/A","#N/A","#N/A"
bf251410-6d59-437b-b9d4-a036cb438d61,"#N/A","#N/A",false,Web,"#N/A","#N/A",Medium,"#N/A",New,Subject_bdqgs,"#N/A","#N/A","#N/A","#N/A","#N/A"
bf262eb5-3e5f-4d75-b290-771f8fe63c9d,"#N/A","#N/A",false,Web,"#N/A","#N/A",Medium,"#N/A",New,Subject_lgkcs,"#N/A","#N/A","#N/A","#N/A","#N/A"
bf2ca26f-65d4-4967-b30d-3cb110d073b9,"#N/A","#N/A",false,Web,"#N/A","#N/A",Medium,"#N/A",New,Subject_ghruf,"#N/A","#N/A","#N/A","#N/A","#N/A"
bf2d0a3c-572a-4516-9be6-8ba1b0cedaf7,"#N/A","#N/A",false,Web,"#N/A","#N/A",Medium,"#N/A",New,Subject_pmyst,"#N/A","#N/A","#N/A","#N/A","#N/A"
bf2e39ab-b4e2-4973-a860-9a581b83b6ec,"#N/A","#N/A",false,Web,"#N/A","#N/A",Medium,"#N/A",New,Subject_ibsvi,"#N/A","#N/A","#N/A","#N/A","#N/A"
bf2e7d86-261f-411d-8489-d72fe64ec633,"#N/A","#N/A",false,Web,"#N/A","#N/A",Medium,"#N/A",New,Subject_oioxq,"#N/A","#N/A","#N/A","#N/A","#N/A"
bf2f68c4-667f-4fa8-b5ab-a7acb8e1677c,"#N/A","#N/A",false,Web,"#N/A","#N/A",Medium,"#N/A",New,Subject_cwwer,"#N/A","#N/A","#N/A","#N/A","#N/A"
bf2fb811-bb8a-4ad8-85bd-bf1005ba0fa7,"#N/A","#N/A",false,Web,"#N/A","#N/A",Medium,"#N/A",New,Subject_omfle,"#N/A","#N/A","#N/A","#N/A","#N/A"
bf310921-d6d3-48f9-bbd0-05d8dc8b5d02,"#N/A","#N/A",false,Web,"#N/A","#N/A",Medium,"#N/A",New,Subject_idyyi,"#N/A","#N/A","#N/A","#N/A","#N/A"
bf323ac0-6eb1-493f-b8f0-dfe244919d2d,"#N/A","#N/A",false,Web,"#N/A","#N/A",Medium,"#N/A",New,Subject_rvpzd,"#N/A","#N/A","#N/A","#N/A","#N/A"
bf3341a1-5d8d-46d1-8de1-0c78212ab919,"#N/A","#N/A",false,Web,"#N/A","#N/A",Medium,"#N/A",New,Subject_whdqb,"#N/A","#N/A","#N/A","#N/A","#N/A"
bf37ccc5-7661-48ba-89f4-1545b8dfab75,"#N/A","#N/A",false,Web,"#N/A","#N/A",Medium,"#N/A",New,Subject_scuay,"#N/A","#N/A","#N/A","#N/A","#N/A"
bf3a6788-9fc4-4297-b165-04f44612dd47,"#N/A","#N/A",false,Web,"#N/A","#N/A",Medium,"#N/A",New,Subject_kfehf,"#N/A","#N/A","#N/A","#N/A","#N/A"
bf400c96-cb15-4eb1-9a44-e2cb6b3a5b92,"#N/A","#N/A",false,Web,"#N/A","#N/A",Medium,"#N/A",New,Subject_ksbfi,"#N/A","#N/A","#N/A","#N/A","#N/A"
bf40e77c-ac8a-4c10-a1c2-3111635206e1,"#N/A","#N/A",false,Web,"#N/A","#N/A",Medium,"#N/A",New,Subject_zrgty,"#N/A","#N/A","#N/A","#N/A","#N/A"
bf41a2a5-310c-47ae-9674-805cb5403768,"#N/A","#N/A",false,Web,"#N/A","#N/A",Medium,"#N/A",New,Subject_tuwkt,"#N/A","#N/A","#N/A","#N/A","#N/A"
bf444685-2651-4583-863b-aa1fffd12fd8,"#N/A","#N/A",false,Web,"#N/A","#N/A",Medium,"#N/A",New,Subject_xdxui,"#N/A","#N/A","#N/A","#N/A","#N/A"
bf45f1ef-080a-4e87-9aee-33e730a8b309,"#N/A","#N/A",false,Web,"#N/A","#N/A",Medium,"#N/A",New,Subject_hqrvf,"#N/A","#N/A","#N/A","#N/A","#N/A"
bf46266d-0684-435a-9e8d-d6f463e412e0,"#N/A","#N/A",false,Email,"#N/A","#N/A",Medium,"#N/A",On Hold,test_test,"#N/A","#N/A","#N/A","#N/A","#N/A"
bf49c845-42e7-4c58-833a-5291106045ac,"#N/A","#N/A",false,Web,"#N/A","#N/A",Medium,"#N/A",New,Subject_mqrww,"#N/A","#N/A","#N/A","#N/A","#N/A"
bf4a039c-9362-45c9-972a-1bb550b5dff7,"#N/A","#N/A",false,Web,"#N/A","#N/A",Medium,"#N/A",New,Subject_tsprw,"#N/A","#N/A","#N/A","#N/A","#N/A"
bf4b3c53-6b4c-448a-8ba2-a7afad0b8b2f,"#N/A","#N/A",false,Web,"#N/A","#N/A",Medium,"#N/A",New,Subject_phntg,"#N/A","#N/A","#N/A","#N/A","#N/A"
bf4b91a1-5946-4d28-8d13-94073dd5e44f,"#N/A","#N/A",false,Web,"#N/A","#N/A",Medium,"#N/A",New,Subject_zzyrj,"#N/A","#N/A","#N/A","#N/A","#N/A"
bf4cba47-8747-45b6-b38b-543ecd3ab59a,"#N/A","#N/A",false,Web,"#N/A","#N/A",Medium,"#N/A",New,Subject_qmoju,"#N/A","#N/A","#N/A","#N/A","#N/A"
bf4dc93e-16e7-4d72-948b-05b93774fb72,"#N/A","#N/A",false,Web,"#N/A","#N/A",Medium,"#N/A",New,Subject_hyjyz,"#N/A","#N/A","#N/A","#N/A","#N/A"
bf4e6b78-a391-4a76-bf26-f2179b270903,"#N/A","#N/A",false,Web,"#N/A","#N/A",Medium,"#N/A",New,Subject_ithkq,"#N/A","#N/A","#N/A","#N/A","#N/A"
bf55de4e-76b8-4bb6-bca8-5883660d3f4b,"#N/A","#N/A",false,Web,"#N/A","#N/A",Medium,"#N/A",New,Subject_bnutw,"#N/A","#N/A","#N/A","#N/A","#N/A"
bf592407-ddc5-49fd-8b0b-6a4174bf3ab8,"#N/A","#N/A",false,Web,"#N/A","#N/A",Medium,"#N/A",New,Subject_rmwwi,"#N/A","#N/A","#N/A","#N/A","#N/A"
bf59c0d5-5566-4780-b849-e786ba0eacdd,"#N/A","#N/A",false,Web,"#N/A","#N/A",Medium,"#N/A",New,Subject_fybqq,"#N/A","#N/A","#N/A","#N/A","#N/A"
bf5a8df1-336d-4c76-8671-12d9f0c9b60e,"#N/A","#N/A",false,Web,"#N/A","#N/A",Medium,"#N/A",New,Subject_fjqzi,"#N/A","#N/A","#N/A","#N/A","#N/A"
bf5c1838-867f-4b5a-b530-a84212b1ea98,"#N/A","#N/A",false,Web,"#N/A","#N/A",Medium,"#N/A",New,Subject_hyadr,"#N/A","#N/A","#N/A","#N/A","#N/A"
bf64abd3-d472-49ce-90c5-1cf70be1e2f7,"#N/A","#N/A",false,Web,"#N/A","#N/A",Medium,"#N/A",New,Subject_ozbyh,"#N/A","#N/A","#N/A","#N/A","#N/A"
bf69ba95-6f44-4ec0-8616-57fbff5a720d,"#N/A","#N/A",false,Web,"#N/A","#N/A",Medium,"#N/A",New,Subject_kqnrq,"#N/A","#N/A","#N/A","#N/A","#N/A"
bf73a64e-55d7-4ede-ae5d-29c832239751,"#N/A","#N/A",false,Web,"#N/A","#N/A",Medium,"#N/A",New,Subject_kkqmv,"#N/A","#N/A","#N/A","#N/A","#N/A"
bf76897c-7845-421d-92ff-54752c245c0a,"#N/A","#N/A",false,Web,"#N/A","#N/A",Medium,"#N/A",New,Subject_ihlfi,"#N/A","#N/A","#N/A","#N/A","#N/A"
bf78f42f-c387-43f0-b6a5-9345da657334,"#N/A","#N/A",false,Web,"#N/A","#N/A",Medium,"#N/A",New,Subject_vouci,"#N/A","#N/A","#N/A","#N/A","#N/A"
bf8059f6-5cd7-40d2-9805-64c8feaa50ce,"#N/A","#N/A",false,Web,"#N/A","#N/A",Medium,"#N/A",New,Subject_ucgdl,"#N/A","#N/A","#N/A","#N/A","#N/A"
bf81e236-9ce2-40b0-9eb0-40baf2eaeb9f,"#N/A","#N/A",false,Web,"#N/A","#N/A",Medium,"#N/A",New,Subject_mshhg,"#N/A","#N/A","#N/A","#N/A","#N/A"
bf85a048-34ce-4e3c-b0ed-d93c7cb77758,"#N/A","#N/A",false,Web,"#N/A","#N/A",Medium,"#N/A",New,Subject_ukctt,"#N/A","#N/A","#N/A","#N/A","#N/A"
bf87927d-3c21-4fca-a037-8529ad695d69,"#N/A","#N/A",false,Web,"#N/A","#N/A",Medium,"#N/A",New,Subject_htnkb,"#N/A","#N/A","#N/A","#N/A","#N/A"
bf8a719c-a675-48fb-8e4a-aaa47ee38a5c,"#N/A","#N/A",false,Web,"#N/A","#N/A",Medium,"#N/A",New,Subject_qbqid,"#N/A","#N/A","#N/A","#N/A","#N/A"
bf904126-725e-41c5-9a7d-8a4145a8db13,"#N/A","#N/A",false,Web,"#N/A","#N/A",Medium,"#N/A",New,Subject_noqyf,"#N/A","#N/A","#N/A","#N/A","#N/A"
bf927cf3-80ee-4441-b47a-a584ed39180d,"#N/A","#N/A",false,Web,"#N/A","#N/A",Medium,"#N/A",New,Subject_dyzdb,"#N/A","#N/A","#N/A","#N/A","#N/A"
bf93d4b4-7824-4eeb-82e0-015fd4889bbc,"#N/A","#N/A",false,Web,"#N/A","#N/A",Medium,"#N/A",New,Subject_gyxyp,"#N/A","#N/A","#N/A","#N/A","#N/A"
bf93de7b-9613-4cda-87dd-2d48ffea2635,"#N/A","#N/A",false,Web,"#N/A","#N/A",Medium,"#N/A",New,Subject_siwev,"#N/A","#N/A","#N/A","#N/A","#N/A"
bf977726-0650-4ad3-9910-844ed24d958a,"#N/A","#N/A",false,Web,"#N/A","#N/A",Medium,"#N/A",New,Subject_nsjqk,"#N/A","#N/A","#N/A","#N/A","#N/A"
bf97806c-e889-4f53-a250-eb719a3e3a8d,"#N/A","#N/A",false,Web,"#N/A","#N/A",Medium,"#N/A",New,Subject_udsrk,"#N/A","#N/A","#N/A","#N/A","#N/A"
bf985975-f37b-428d-bffa-33e6775c296b,"#N/A","#N/A",false,Web,"#N/A","#N/A",Medium,"#N/A",New,Subject_lgfxt,"#N/A","#N/A","#N/A","#N/A","#N/A"
bf9af736-1099-419a-8a16-8319c2533899,"#N/A","#N/A",false,Web,"#N/A","#N/A",Medium,"#N/A",New,Subject_ptzbh,"#N/A","#N/A","#N/A","#N/A","#N/A"
bf9dedfe-326c-4a7a-bf6c-8b353bb790dc,"#N/A","#N/A",false,Web,"#N/A","#N/A",Medium,"#N/A",New,Subject_bpajl,"#N/A","#N/A","#N/A","#N/A","#N/A"
bf9e915f-f5c4-4860-bba8-4c093b3889ca,"#N/A","#N/A",false,Web,"#N/A","#N/A",Medium,"#N/A",New,Subject_tagvn,"#N/A","#N/A","#N/A","#N/A","#N/A"
bfa061d8-207d-4b38-ac70-c36a3387d533,"#N/A","#N/A",false,Web,"#N/A","#N/A",Medium,"#N/A",New,Subject_iozso,"#N/A","#N/A","#N/A","#N/A","#N/A"
bfa3d84d-569b-420c-8435-b0f48cab0603,"#N/A","#N/A",false,Web,"#N/A","#N/A",Medium,"#N/A",New,Subject_sfude,"#N/A","#N/A","#N/A","#N/A","#N/A"
bfa4b2b8-536b-4531-8392-cc6fbc99fa7f,"#N/A","#N/A",false,Web,"#N/A","#N/A",Medium,"#N/A",New,Subject_zkztg,"#N/A","#N/A","#N/A","#N/A","#N/A"
bfa5adbf-063d-40fd-9f5a-af71b4641e9c,"#N/A","#N/A",false,Web,"#N/A","#N/A",Medium,"#N/A",New,Subject_aiolq,"#N/A","#N/A","#N/A","#N/A","#N/A"
bfa8a45e-4857-4fa8-a5f6-be38b47ddbaf,"#N/A","#N/A",false,Web,"#N/A","#N/A",Medium,"#N/A",New,Subject_acusy,"#N/A","#N/A","#N/A","#N/A","#N/A"
bfaf5568-520c-4da0-b6c1-b8d12eb631c2,"#N/A","#N/A",false,Web,"#N/A","#N/A",Medium,"#N/A",New,Subject_hxvtv,"#N/A","#N/A","#N/A","#N/A","#N/A"
bfb5f88f-3236-4767-b8ac-8cbb73e9ff9d,"#N/A","#N/A",false,Web,"#N/A","#N/A",Medium,"#N/A",New,Subject_ipoig,"#N/A","#N/A","#N/A","#N/A","#N/A"
bfba0be3-f17a-4346-827c-a26bf1827947,"#N/A","#N/A",false,Web,"#N/A","#N/A",Medium,"#N/A",New,Subject_zeonk,"#N/A","#N/A","#N/A","#N/A","#N/A"
bfbf980b-ef73-432c-95d4-334268da3407,"#N/A","#N/A",false,Web,"#N/A","#N/A",Medium,"#N/A",New,Subject_qnqcl,"#N/A","#N/A","#N/A","#N/A","#N/A"
bfc285e3-12ac-45dd-873e-c0012b7944d4,"#N/A","#N/A",false,Web,"#N/A","#N/A",Medium,"#N/A",New,Subject_kkwfo,"#N/A","#N/A","#N/A","#N/A","#N/A"
bfc2c2b4-477e-419b-96b0-49a876703f4d,"#N/A","#N/A",false,Web,"#N/A","#N/A",Medium,"#N/A",New,Subject_gvxrr,"#N/A","#N/A","#N/A","#N/A","#N/A"
bfc37794-8fad-49cd-93b8-63c3ea2a4fa5,"#N/A","#N/A",false,Web,"#N/A","#N/A",Medium,"#N/A",New,Subject_hdlqt,"#N/A","#N/A","#N/A","#N/A","#N/A"
bfc875ac-96cb-4333-8ae5-3de4cd51d838,"#N/A","#N/A",false,Web,"#N/A","#N/A",Medium,"#N/A",New,Subject_dsepy,"#N/A","#N/A","#N/A","#N/A","#N/A"
bfc8803b-373b-4431-8329-f8a80bfa4512,"#N/A","#N/A",false,Web,"#N/A","#N/A",Medium,"#N/A",New,Subject_oqgoe,"#N/A","#N/A","#N/A","#N/A","#N/A"
bfccb24b-d6ce-4d75-a116-cd1dae5a24f2,"#N/A","#N/A",false,Web,"#N/A","#N/A",Medium,"#N/A",New,Subject_yqttv,"#N/A","#N/A","#N/A","#N/A","#N/A"
bfce4044-60be-4a18-87fc-9515ce805e1c,"#N/A","#N/A",false,Web,"#N/A","#N/A",Medium,"#N/A",New,Subject_sygpc,"#N/A","#N/A","#N/A","#N/A","#N/A"
bfcf614a-be17-4c38-a41b-f77b5c8cd72b,"#N/A","#N/A",false,Web,"#N/A","#N/A",Medium,"#N/A",New,Subject_gikfx,"#N/A","#N/A","#N/A","#N/A","#N/A"
bfd1d03f-1e8e-4bce-8d9a-6366b626ca9d,"#N/A","#N/A",false,Web,"#N/A","#N/A",Medium,"#N/A",New,Subject_crmbg,"#N/A","#N/A","#N/A","#N/A","#N/A"
bfdfca74-e67d-4533-a1ae-10cadfd3a6fe,"#N/A","#N/A",false,Web,"#N/A","#N/A",Medium,"#N/A",New,Subject_cehxi,"#N/A","#N/A","#N/A","#N/A","#N/A"
bfe0529f-25c2-4091-a37f-1e0d1dee2b9b,"#N/A","#N/A",false,Web,"#N/A","#N/A",Medium,"#N/A",New,Subject_vimai,"#N/A","#N/A","#N/A","#N/A","#N/A"
bfe829b6-380d-43cb-b3ba-85093faeb373,"#N/A","#N/A",false,Web,"#N/A","#N/A",Medium,"#N/A",New,Subject_iusnh,"#N/A","#N/A","#N/A","#N/A","#N/A"
bfea082f-2125-449e-9731-70235315d2a0,"#N/A","#N/A",false,Web,"#N/A","#N/A",Medium,"#N/A",New,Subject_cyzxs,"#N/A","#N/A","#N/A","#N/A","#N/A"
bfea1a47-6ba2-4d3c-a253-498288fbd8c5,"#N/A","#N/A",false,Web,"#N/A","#N/A",Medium,"#N/A",New,Subject_mfuzy,"#N/A","#N/A","#N/A","#N/A","#N/A"
bfeb1ece-25f7-4ebd-8459-936673b8c3fb,"#N/A","#N/A",false,Web,"#N/A","#N/A",Medium,"#N/A",New,Subject_dflwh,"#N/A","#N/A","#N/A","#N/A","#N/A"
bfec36e4-5f10-4f0d-b0b2-f25efb0d1bea,"#N/A","#N/A",false,Web,"#N/A","#N/A",Medium,"#N/A",New,Subject_nswgw,"#N/A","#N/A","#N/A","#N/A","#N/A"
bfec8946-897e-4664-923f-919e14440cee,"#N/A","#N/A",false,Web,"#N/A","#N/A",Medium,"#N/A",New,Subject_aphxu,"#N/A","#N/A","#N/A","#N/A","#N/A"
bfed603b-cacc-4c35-a818-b6d2e9528c8e,"#N/A","#N/A",false,Web,"#N/A","#N/A",Medium,"#N/A",New,Subject_ooecd,"#N/A","#N/A","#N/A","#N/A","#N/A"
bfeda962-257b-4e71-ac48-38542728d19f,"#N/A","#N/A",false,Web,"#N/A","#N/A",Medium,"#N/A",New,Subject_jhbsb,"#N/A","#N/A","#N/A","#N/A","#N/A"
bff04449-1090-49c9-a6bd-2d843488a5a8,"#N/A","#N/A",false,Web,"#N/A","#N/A",Medium,"#N/A",New,Subject_vfbze,"#N/A","#N/A","#N/A","#N/A","#N/A"
bff052f5-3923-408a-838c-0ecd53326af0,"#N/A","#N/A",false,Web,"#N/A","#N/A",Medium,"#N/A",New,Subject_bwgzv,"#N/A","#N/A","#N/A","#N/A","#N/A"
bff3cec3-69bc-46a4-9751-0f63547b5212,"#N/A","#N/A",false,Web,"#N/A","#N/A",Medium,"#N/A",New,Subject_wssly,"#N/A","#N/A","#N/A","#N/A","#N/A"
bff51f10-77af-46fe-bf8e-4b354a7dc784,"#N/A","#N/A",false,Web,"#N/A","#N/A",Medium,"#N/A",New,Subject_rdsuz,"#N/A","#N/A","#N/A","#N/A","#N/A"
bff6dee8-b506-4963-987e-4aa6f25bb460,"#N/A","#N/A",false,Web,"#N/A","#N/A",Medium,"#N/A",New,Subject_yyiyx,"#N/A","#N/A","#N/A","#N/A","#N/A"
bfff493a-2906-4e1e-b925-2f4562ed96ea,"#N/A","#N/A",false,Web,"#N/A","#N/A",Medium,"#N/A",New,Subject_stqer,"#N/A","#N/A","#N/A","#N/A","#N/A"
c0043df9-2c1a-48d6-b789-2a6482c5cd36,"#N/A","#N/A",false,Web,"#N/A","#N/A",Medium,"#N/A",New,Subject_ftpjq,"#N/A","#N/A","#N/A","#N/A","#N/A"
c007d7a3-c074-47ce-822a-d795bb99c9cf,"#N/A","#N/A",false,Web,"#N/A","#N/A",Medium,"#N/A",New,Subject_vrmli,"#N/A","#N/A","#N/A","#N/A","#N/A"
c0097a1b-de64-44f3-8dbc-ae0d8cb742c6,"#N/A","#N/A",false,Web,"#N/A","#N/A",Medium,"#N/A",New,Subject_lmymn,"#N/A","#N/A","#N/A","#N/A","#N/A"
c00ab796-e0b4-4139-900d-8854a25be0d0,"#N/A","#N/A",false,Web,"#N/A","#N/A",Medium,"#N/A",New,Subject_eeiqd,"#N/A","#N/A","#N/A","#N/A","#N/A"
c00c56b9-3678-4dd2-b752-139b0e8a34a5,"#N/A","#N/A",false,Web,"#N/A","#N/A",Medium,"#N/A",New,Subject_vlylh,"#N/A","#N/A","#N/A","#N/A","#N/A"
c010c2bb-85dc-40d6-87d4-e617e6a6e4df,"#N/A","#N/A",false,Web,"#N/A","#N/A",Medium,"#N/A",New,Subject_huxjc,"#N/A","#N/A","#N/A","#N/A","#N/A"
c0123b63-95d3-441a-bac4-0143cadb79e9,"#N/A","#N/A",false,Web,"#N/A","#N/A",Medium,"#N/A",New,Subject_efukq,"#N/A","#N/A","#N/A","#N/A","#N/A"
c0127693-25d3-4cbc-b8e7-10d8732e0a23,"#N/A","#N/A",false,Web,"#N/A","#N/A",Medium,"#N/A",New,Subject_tpabs,"#N/A","#N/A","#N/A","#N/A","#N/A"
c012787e-684e-44a9-9cf0-0e1272d08ea4,"#N/A","#N/A",false,Web,"#N/A","#N/A",Medium,"#N/A",New,Subject_nezbz,"#N/A","#N/A","#N/A","#N/A","#N/A"
c0136105-19e7-4979-a185-8885bd57289c,"#N/A","#N/A",false,Web,"#N/A","#N/A",Medium,"#N/A",New,Subject_huzni,"#N/A","#N/A","#N/A","#N/A","#N/A"
c015cbdc-16da-4de9-a820-da0f078e285a,"#N/A","#N/A",false,Web,"#N/A","#N/A",Medium,"#N/A",New,Subject_zjdcw,"#N/A","#N/A","#N/A","#N/A","#N/A"
c015edab-02c9-489f-ba6a-d0543d4ee4c4,"#N/A","#N/A",false,Web,"#N/A","#N/A",Medium,"#N/A",New,Subject_jjcso,"#N/A","#N/A","#N/A","#N/A","#N/A"
c0175497-dcd2-465e-b7af-78662138c4a4,"#N/A","#N/A",false,Web,"#N/A","#N/A",Medium,"#N/A",New,Subject_qdejc,"#N/A","#N/A","#N/A","#N/A","#N/A"
c01a80c6-16d0-4d56-b212-e3eee0752c4b,"#N/A","#N/A",false,Web,"#N/A","#N/A",Medium,"#N/A",New,Subject_nqxxe,"#N/A","#N/A","#N/A","#N/A","#N/A"
c0256bbb-50ac-4076-a169-a48508c13341,"#N/A","#N/A",false,Web,"#N/A","#N/A",Medium,"#N/A",New,Subject_adolu,"#N/A","#N/A","#N/A","#N/A","#N/A"
c02954c6-412d-40cd-858b-03bbe30e716b,"#N/A","#N/A",false,Web,"#N/A","#N/A",Medium,"#N/A",New,Subject_ogjkn,"#N/A","#N/A","#N/A","#N/A","#N/A"
c0296553-a530-465e-8615-7085f0f02b5c,"#N/A","#N/A",false,Web,"#N/A","#N/A",Medium,"#N/A",New,Subject_tprxi,"#N/A","#N/A","#N/A","#N/A","#N/A"
c02a9a8e-b207-4c7a-bcf5-552754df72d1,"#N/A","#N/A",false,Web,"#N/A","#N/A",Medium,"#N/A",New,Subject_ehgfs,"#N/A","#N/A","#N/A","#N/A","#N/A"
c02db934-c3c1-452a-a5fc-fefdad4d6c6a,"#N/A","#N/A",false,Web,"#N/A","#N/A",Medium,"#N/A",New,Subject_scfxz,"#N/A","#N/A","#N/A","#N/A","#N/A"
c037c233-4c20-40c0-a99e-665dda36d603,"#N/A","#N/A",false,Web,"#N/A","#N/A",Medium,"#N/A",New,Subject_zomgq,"#N/A","#N/A","#N/A","#N/A","#N/A"
c037dbcc-207e-4762-84dc-d76c5fd5ff21,"#N/A","#N/A",false,Web,"#N/A","#N/A",Medium,"#N/A",New,Subject_hilkm,"#N/A","#N/A","#N/A","#N/A","#N/A"
c03cf4d4-5330-437c-b1e1-79631a742cdf,"#N/A","#N/A",false,Web,"#N/A","#N/A",Medium,"#N/A",New,Subject_cgxin,"#N/A","#N/A","#N/A","#N/A","#N/A"
c04807cf-0e4a-4086-a8c7-3ce9183dd049,"#N/A","#N/A",false,Web,"#N/A","#N/A",Medium,"#N/A",New,Subject_kyqcw,"#N/A","#N/A","#N/A","#N/A","#N/A"
c0496218-3f22-4ed0-8ade-ba34cc6d8943,"#N/A","#N/A",false,Web,"#N/A","#N/A",Medium,"#N/A",New,Subject_zlwiu,"#N/A","#N/A","#N/A","#N/A","#N/A"
c04985a7-f8c0-4bd1-ae8e-2ee3553d58f6,"#N/A","#N/A",false,Web,"#N/A","#N/A",Medium,"#N/A",New,Subject_gzepq,"#N/A","#N/A","#N/A","#N/A","#N/A"
c04c469f-b65c-4cb6-943c-99bae69edc7c,"#N/A","#N/A",false,Web,"#N/A","#N/A",Medium,"#N/A",New,Subject_sibmr,"#N/A","#N/A","#N/A","#N/A","#N/A"
c04f0677-f438-4169-a05f-cbf9c1a86f1c,"#N/A","#N/A",false,Web,"#N/A","#N/A",Medium,"#N/A",New,Subject_rphdp,"#N/A","#N/A","#N/A","#N/A","#N/A"
c04f2347-3dc2-4665-b3cb-0cdca158cd13,"#N/A","#N/A",false,Web,"#N/A","#N/A",Medium,"#N/A",New,Subject_ddtky,"#N/A","#N/A","#N/A","#N/A","#N/A"
c051a811-0a5a-49f0-bdb4-7176dcc06ee0,"#N/A","#N/A",false,Web,"#N/A","#N/A",Medium,"#N/A",New,Subject_jgyrj,"#N/A","#N/A","#N/A","#N/A","#N/A"
c052c5ef-bce4-4cfb-83c2-40c3fe675b06,"#N/A","#N/A",false,Web,"#N/A","#N/A",Medium,"#N/A",New,Subject_ygshm,"#N/A","#N/A","#N/A","#N/A","#N/A"
c0544210-4f05-4660-98fd-3520b0c80b9c,"#N/A","#N/A",false,Web,"#N/A","#N/A",Medium,"#N/A",New,Subject_nmxlq,"#N/A","#N/A","#N/A","#N/A","#N/A"
c0584cb1-4a95-4be7-abf7-153d95c9d253,"#N/A","#N/A",false,Web,"#N/A","#N/A",Medium,"#N/A",New,Subject_nwiiy,"#N/A","#N/A","#N/A","#N/A","#N/A"
c05b1078-e7cd-4fa2-804b-06d7e5e25bef,"#N/A","#N/A",false,Web,"#N/A","#N/A",Medium,"#N/A",New,Subject_zehnk,"#N/A","#N/A","#N/A","#N/A","#N/A"
c05bcfb4-5e6b-49b3-a938-7f5ef80ed8dd,"#N/A","#N/A",false,Web,"#N/A","#N/A",Medium,"#N/A",New,Subject_qasnm,"#N/A","#N/A","#N/A","#N/A","#N/A"
c063a22b-447d-41e0-b778-00bf1c2c6dda,"#N/A","#N/A",false,Web,"#N/A","#N/A",Medium,"#N/A",New,Subject_spcmo,"#N/A","#N/A","#N/A","#N/A","#N/A"
c0665877-a15d-4683-8888-597cf421afc7,"#N/A","#N/A",false,Web,"#N/A","#N/A",Medium,"#N/A",New,Subject_jffcr,"#N/A","#N/A","#N/A","#N/A","#N/A"
c068dfff-dea0-4a66-8d4a-ca5280658c4a,"#N/A","#N/A",false,Web,"#N/A","#N/A",Medium,"#N/A",New,Subject_gkzyg,"#N/A","#N/A","#N/A","#N/A","#N/A"
c06a7966-5c50-41ad-a569-d6923d45a091,"#N/A","#N/A",false,Web,"#N/A","#N/A",Medium,"#N/A",New,Subject_trehi,"#N/A","#N/A","#N/A","#N/A","#N/A"
c06bafc0-084e-4a63-bd04-3099c7534462,"#N/A","#N/A",false,Web,"#N/A","#N/A",Medium,"#N/A",New,Subject_zsapg,"#N/A","#N/A","#N/A","#N/A","#N/A"
c07200c4-23a3-4bfc-b13b-b248de63dfa5,"#N/A","#N/A",false,Web,"#N/A","#N/A",Medium,"#N/A",New,Subject_yvylf,"#N/A","#N/A","#N/A","#N/A","#N/A"
c073de25-421e-4f60-acdc-dfb8030cff9f,"#N/A","#N/A",false,Web,"#N/A","#N/A",Medium,"#N/A",New,Subject_jewan,"#N/A","#N/A","#N/A","#N/A","#N/A"
c078a50d-f8b0-4c99-9b08-b10c3715e570,"#N/A","#N/A",false,Web,"#N/A","#N/A",Medium,"#N/A",New,Subject_eoipd,"#N/A","#N/A","#N/A","#N/A","#N/A"
c07b9e0c-0bb4-4b21-90b5-fbae42e6be51,"#N/A","#N/A",false,Web,"#N/A","#N/A",Medium,"#N/A",New,Subject_tpaye,"#N/A","#N/A","#N/A","#N/A","#N/A"
c07bc67a-b98f-4daa-9456-36e41ea21956,"#N/A","#N/A",false,Web,"#N/A","#N/A",Medium,"#N/A",New,Subject_kaxrj,"#N/A","#N/A","#N/A","#N/A","#N/A"
c07bf7de-2cb6-4ba1-934d-e464a1b46235,"#N/A","#N/A",false,Web,"#N/A","#N/A",Medium,"#N/A",New,Subject_wuekh,"#N/A","#N/A","#N/A","#N/A","#N/A"
c07c4422-6450-4f35-a48c-c51514b38c65,"#N/A","#N/A",false,Web,"#N/A","#N/A",Medium,"#N/A",New,Subject_vmufs,"#N/A","#N/A","#N/A","#N/A","#N/A"
c07c470b-0bcd-4873-b84f-b3a9db2adcd0,"#N/A","#N/A",false,Web,"#N/A","#N/A",Medium,"#N/A",New,Subject_ubovs,"#N/A","#N/A","#N/A","#N/A","#N/A"
c07e6c10-6d1f-4bd7-b7b4-a3b7f2988b6b,"#N/A","#N/A",false,Web,"#N/A","#N/A",Medium,"#N/A",New,Subject_oyrbi,"#N/A","#N/A","#N/A","#N/A","#N/A"
c07ec7a6-7312-4ac0-95a3-11d9923f59c0,"#N/A","#N/A",false,Web,"#N/A","#N/A",Medium,"#N/A",New,Subject_jdlif,"#N/A","#N/A","#N/A","#N/A","#N/A"
c081bb7f-ac8e-43a4-a373-bf87258abe05,"#N/A","#N/A",false,Web,"#N/A","#N/A",Medium,"#N/A",New,Subject_llrgw,"#N/A","#N/A","#N/A","#N/A","#N/A"
c0854bd8-f2a7-4d43-83e4-57f76ec315fb,"#N/A","#N/A",false,Web,"#N/A","#N/A",Medium,"#N/A",New,Subject_cbbue,"#N/A","#N/A","#N/A","#N/A","#N/A"
c08ba088-85ca-4ba6-9750-c92036440843,"#N/A","#N/A",false,Web,"#N/A","#N/A",Medium,"#N/A",New,Subject_gbwhv,"#N/A","#N/A","#N/A","#N/A","#N/A"
c08f8dfd-06c7-4c99-88d0-b58f04e80b1f,"#N/A","#N/A",false,Web,"#N/A","#N/A",Medium,"#N/A",New,Subject_hazhk,"#N/A","#N/A","#N/A","#N/A","#N/A"
c0905208-92ef-44c1-95b4-ef6376c3175d,"#N/A","#N/A",false,Web,"#N/A","#N/A",Medium,"#N/A",New,Subject_lhquy,"#N/A","#N/A","#N/A","#N/A","#N/A"
c0925c46-b3b0-447d-a539-8038352d703d,"#N/A","#N/A",false,Web,"#N/A","#N/A",Medium,"#N/A",New,Subject_nanct,"#N/A","#N/A","#N/A","#N/A","#N/A"
c0938332-8916-4916-9178-c5ea9a33ca1a,"#N/A","#N/A",false,Web,"#N/A","#N/A",Medium,"#N/A",New,Subject_nkshr,"#N/A","#N/A","#N/A","#N/A","#N/A"
c093f1d8-9c93-4c15-bee6-cbc5c33704c1,"#N/A","#N/A",false,Web,"#N/A","#N/A",Medium,"#N/A",New,Subject_earer,"#N/A","#N/A","#N/A","#N/A","#N/A"
c095119c-e85c-48a7-ad80-8d0cdca9e04a,"#N/A","#N/A",false,Web,"#N/A","#N/A",Medium,"#N/A",New,Subject_petiv,"#N/A","#N/A","#N/A","#N/A","#N/A"
c0a1aac6-b097-4e83-841b-6cec6d75632b,"#N/A","#N/A",false,Web,"#N/A","#N/A",Medium,"#N/A",New,Subject_xqmrw,"#N/A","#N/A","#N/A","#N/A","#N/A"
c0a4076f-7019-46b5-98cb-908e4e2b7d02,"#N/A","#N/A",false,Web,"#N/A","#N/A",Medium,"#N/A",New,Subject_cskhp,"#N/A","#N/A","#N/A","#N/A","#N/A"
c0a45cab-aa04-4c98-a36a-de777049a73e,"#N/A","#N/A",false,Web,"#N/A","#N/A",Medium,"#N/A",New,Subject_llkti,"#N/A","#N/A","#N/A","#N/A","#N/A"
c0a45e8c-9e98-434c-9076-d84aaacf2c92,"#N/A","#N/A",false,Web,"#N/A","#N/A",Medium,"#N/A",New,Subject_jztbi,"#N/A","#N/A","#N/A","#N/A","#N/A"
c0a4fb54-0642-4749-8683-99c40e821611,"#N/A","#N/A",false,Web,"#N/A","#N/A",Medium,"#N/A",New,Subject_nmahl,"#N/A","#N/A","#N/A","#N/A","#N/A"
c0a5dd78-5f53-4311-ae9f-8a2e4d85082e,"#N/A","#N/A",false,Web,"#N/A","#N/A",Medium,"#N/A",New,Subject_pmjsy,"#N/A","#N/A","#N/A","#N/A","#N/A"
c0af1b8c-55be-430c-b1ca-96a7053803a9,"#N/A","#N/A",false,Web,"#N/A","#N/A",Medium,"#N/A",New,Subject_rbhjd,"#N/A","#N/A","#N/A","#N/A","#N/A"
c0b53831-a419-44f6-a4c2-0826d1f71c64,"#N/A","#N/A",false,Web,"#N/A","#N/A",Medium,"#N/A",New,Subject_kmbiz,"#N/A","#N/A","#N/A","#N/A","#N/A"
c0b73e8b-946e-4002-acdd-0fd95cf28f86,"#N/A","#N/A",false,Web,"#N/A","#N/A",Medium,"#N/A",New,Subject_gxawr,"#N/A","#N/A","#N/A","#N/A","#N/A"
c0b9550c-7149-4c1c-8a88-190ef3c1fffe,"#N/A","#N/A",false,Web,"#N/A","#N/A",Medium,"#N/A",New,Subject_bkoec,"#N/A","#N/A","#N/A","#N/A","#N/A"
c0b9ff12-b894-4bc2-a1cc-11f4fbc58c3e,"#N/A","#N/A",false,Web,"#N/A","#N/A",Medium,"#N/A",New,Subject_xojkw,"#N/A","#N/A","#N/A","#N/A","#N/A"
c0c340c8-8b51-4296-872a-8933c4a7a563,"#N/A","#N/A",false,Web,"#N/A","#N/A",Medium,"#N/A",New,Subject_vdkth,"#N/A","#N/A","#N/A","#N/A","#N/A"
c0c72be8-2d92-4844-aa52-1f8980b16808,"#N/A","#N/A",false,Web,"#N/A","#N/A",Medium,"#N/A",New,Subject_nbxgk,"#N/A","#N/A","#N/A","#N/A","#N/A"
c0c85ae1-b67a-437e-8ae5-f68d7f2eee2c,"#N/A","#N/A",false,Web,"#N/A","#N/A",Medium,"#N/A",New,Subject_zpvrh,"#N/A","#N/A","#N/A","#N/A","#N/A"
c0c97235-845d-4374-b23d-86079dc56cf1,"#N/A","#N/A",false,Web,"#N/A","#N/A",Medium,"#N/A",New,Subject_hnmdw,"#N/A","#N/A","#N/A","#N/A","#N/A"
c0cc32c4-632b-4815-a87b-2d42723f05b6,"#N/A","#N/A",false,Web,"#N/A","#N/A",Medium,"#N/A",New,Subject_juzie,"#N/A","#N/A","#N/A","#N/A","#N/A"
c0cf54f5-2529-4213-ad57-9663fc2e1a54,"#N/A","#N/A",false,Web,"#N/A","#N/A",Medium,"#N/A",New,Subject_ifeya,"#N/A","#N/A","#N/A","#N/A","#N/A"
c0d1be40-ad26-4f30-8fd1-f25ced537cc7,"#N/A","#N/A",false,Web,"#N/A","#N/A",Medium,"#N/A",New,Subject_jkrua,"#N/A","#N/A","#N/A","#N/A","#N/A"
c0d4b809-fcba-4231-a96f-0940b1e0f8a0,"#N/A","#N/A",false,Web,"#N/A","#N/A",Medium,"#N/A",New,Subject_yhsmy,"#N/A","#N/A","#N/A","#N/A","#N/A"
c0d4f3c2-5851-4417-95a1-27cf70896251,"#N/A","#N/A",false,Web,"#N/A","#N/A",Medium,"#N/A",New,Subject_txhey,"#N/A","#N/A","#N/A","#N/A","#N/A"
c0d89604-f1ed-4013-9556-70819ba48a21,"#N/A","#N/A",false,Web,"#N/A","#N/A",Medium,"#N/A",New,Subject_ckapv,"#N/A","#N/A","#N/A","#N/A","#N/A"
c0d8c47c-efe2-410b-8555-313360620726,"#N/A","#N/A",false,Web,"#N/A","#N/A",Medium,"#N/A",New,Subject_rfrks,"#N/A","#N/A","#N/A","#N/A","#N/A"
c0db52b1-be9b-4b9f-81bf-1b00641a4382,"#N/A","#N/A",false,Web,"#N/A","#N/A",Medium,"#N/A",New,Subject_bdeoi,"#N/A","#N/A","#N/A","#N/A","#N/A"
c0dcaa94-f7f7-4132-a323-3c451b34deb0,"#N/A","#N/A",false,Web,"#N/A","#N/A",Medium,"#N/A",New,Subject_fgupv,"#N/A","#N/A","#N/A","#N/A","#N/A"
c0e775c5-dd33-43d3-8ff1-0f0d0148571f,"#N/A","#N/A",false,Web,"#N/A","#N/A",Medium,"#N/A",New,Subject_cnvct,"#N/A","#N/A","#N/A","#N/A","#N/A"
c0ec5318-9593-4753-88bd-e5f9c56f3eea,"#N/A","#N/A",false,Web,"#N/A","#N/A",Medium,"#N/A",New,Subject_vrarm,"#N/A","#N/A","#N/A","#N/A","#N/A"
c0ef0ec1-f0ec-47ec-9dd8-3b2116ea72f9,"#N/A","#N/A",false,Web,"#N/A","#N/A",Medium,"#N/A",New,Subject_dyegd,"#N/A","#N/A","#N/A","#N/A","#N/A"
c0f0f8ca-2bac-46b5-a4fa-8850a1a07b35,"#N/A","#N/A",false,Web,"#N/A","#N/A",Medium,"#N/A",New,Subject_utzxn,"#N/A","#N/A","#N/A","#N/A","#N/A"
c0f463db-85f8-4f74-84c0-8a23ca69610d,"#N/A","#N/A",false,Web,"#N/A","#N/A",Medium,"#N/A",New,Subject_amfum,"#N/A","#N/A","#N/A","#N/A","#N/A"
c0f7535f-ed6b-44b2-9a93-1b6077f31044,"#N/A","#N/A",false,Web,"#N/A","#N/A",Medium,"#N/A",New,Subject_dmyqk,"#N/A","#N/A","#N/A","#N/A","#N/A"
c0f839ef-461a-4a00-8514-680ff4ef12ba,"#N/A","#N/A",false,Web,"#N/A","#N/A",Medium,"#N/A",New,Subject_dtxdv,"#N/A","#N/A","#N/A","#N/A","#N/A"
c0fc0716-d823-4e94-a802-b696d7949b50,"#N/A","#N/A",false,Web,"#N/A","#N/A",Medium,"#N/A",New,Subject_vqlim,"#N/A","#N/A","#N/A","#N/A","#N/A"
c0fe36de-39fb-4eb5-b412-2a9cf3803832,"#N/A","#N/A",false,Web,"#N/A","#N/A",Medium,"#N/A",New,Subject_ughjb,"#N/A","#N/A","#N/A","#N/A","#N/A"
c0fed432-9e22-4647-9c62-daf93cb8f079,"#N/A","#N/A",false,Web,"#N/A","#N/A",Medium,"#N/A",New,Subject_xtrjy,"#N/A","#N/A","#N/A","#N/A","#N/A"
c0ff56e5-51aa-4bca-a0ef-6ecbeba0843e,"#N/A","#N/A",false,Web,"#N/A","#N/A",Medium,"#N/A",New,Subject_beocg,"#N/A","#N/A","#N/A","#N/A","#N/A"
c0ffa7ec-c32e-47f0-8a49-69f4bd7e94f7,"#N/A","#N/A",false,Web,"#N/A","#N/A",Medium,"#N/A",New,Subject_efsbh,"#N/A","#N/A","#N/A","#N/A","#N/A"
c1027f26-115b-49d3-81f0-a11c7184009f,"#N/A","#N/A",false,Web,"#N/A","#N/A",Medium,"#N/A",New,Subject_uolul,"#N/A","#N/A","#N/A","#N/A","#N/A"
c10887a5-d9a1-4f50-a022-ffbfb6793f7f,"#N/A","#N/A",false,Web,"#N/A","#N/A",Medium,"#N/A",New,Subject_cwsvs,"#N/A","#N/A","#N/A","#N/A","#N/A"
c10d7d59-9a27-44c6-96ec-6cb38035eb39,"#N/A","#N/A",false,Web,"#N/A","#N/A",Medium,"#N/A",New,Subject_bgcgg,"#N/A","#N/A","#N/A","#N/A","#N/A"
c1111833-3551-44f3-b515-18193be06652,"#N/A","#N/A",false,Web,"#N/A","#N/A",Medium,"#N/A",New,Subject_ughjb,"#N/A","#N/A","#N/A","#N/A","#N/A"
c112f156-e351-48cf-af44-a5102bb4fe91,"#N/A","#N/A",false,Web,"#N/A","#N/A",Medium,"#N/A",New,Subject_wpith,"#N/A","#N/A","#N/A","#N/A","#N/A"
c114b1fe-cab8-433c-a73b-705bb5c0b0e5,"#N/A","#N/A",false,Web,"#N/A","#N/A",Medium,"#N/A",New,Subject_unasp,"#N/A","#N/A","#N/A","#N/A","#N/A"
c1192059-18ae-49ac-a698-b9f1bf074573,"#N/A","#N/A",false,Web,"#N/A","#N/A",Medium,"#N/A",New,Subject_lgjal,"#N/A","#N/A","#N/A","#N/A","#N/A"
c11a97db-9d9d-4ddf-9a21-3aef0a8dac28,"#N/A","#N/A",false,Web,"#N/A","#N/A",Medium,"#N/A",New,Subject_vqqkb,"#N/A","#N/A","#N/A","#N/A","#N/A"
c11dce49-84fa-43ae-bafd-a12389789ac7,"#N/A","#N/A",false,Web,"#N/A","#N/A",Medium,"#N/A",New,Subject_sloql,"#N/A","#N/A","#N/A","#N/A","#N/A"
c120e413-561b-4be1-8503-8f38799acb6f,"#N/A","#N/A",false,Web,"#N/A","#N/A",Medium,"#N/A",New,Subject_miryf,"#N/A","#N/A","#N/A","#N/A","#N/A"
c121087f-403c-438c-890d-4badce80647a,"#N/A","#N/A",false,Web,"#N/A","#N/A",Medium,"#N/A",New,Subject_czluk,"#N/A","#N/A","#N/A","#N/A","#N/A"
c1211dd8-8763-4409-81cc-86d7a59e15aa,"#N/A","#N/A",false,Web,"#N/A","#N/A",Medium,"#N/A",New,Subject_orkok,"#N/A","#N/A","#N/A","#N/A","#N/A"
c124063c-15b3-4470-aff2-d98763f65944,"#N/A","#N/A",false,Web,"#N/A","#N/A",Medium,"#N/A",New,Subject_rwfnq,"#N/A","#N/A","#N/A","#N/A","#N/A"
c1288620-07e7-4a64-a0ee-f49448933ed3,"#N/A","#N/A",false,Web,"#N/A","#N/A",Medium,"#N/A",New,Subject_jaxrn,"#N/A","#N/A","#N/A","#N/A","#N/A"
c12adc9d-48cf-4895-bd5a-0f1441673fc5,"#N/A","#N/A",false,Web,"#N/A","#N/A",Medium,"#N/A",New,Subject_zfbtt,"#N/A","#N/A","#N/A","#N/A","#N/A"
c12c64e7-62cd-40ab-876e-d02c210dcdb7,"#N/A","#N/A",false,Web,"#N/A","#N/A",Medium,"#N/A",New,Subject_dvlgr,"#N/A","#N/A","#N/A","#N/A","#N/A"
c12dd1fe-2ad7-4564-8ab0-815c79574012,"#N/A","#N/A",false,Web,"#N/A","#N/A",Medium,"#N/A",New,Subject_ypglx,"#N/A","#N/A","#N/A","#N/A","#N/A"
c12e3c4d-0c5d-4fa0-9700-b8362b6d2285,"#N/A","#N/A",false,Web,"#N/A","#N/A",Medium,"#N/A",New,Subject_nrogt,"#N/A","#N/A","#N/A","#N/A","#N/A"
c12efacb-606b-49eb-941b-8d7731b04d84,"#N/A","#N/A",false,Web,"#N/A","#N/A",Medium,"#N/A",New,Subject_dwxhq,"#N/A","#N/A","#N/A","#N/A","#N/A"
c131727c-552a-461c-ad5c-f76755d1c223,"#N/A","#N/A",false,Web,"#N/A","#N/A",Medium,"#N/A",New,Subject_bzbhr,"#N/A","#N/A","#N/A","#N/A","#N/A"
c1335f9d-318e-442c-b1d3-7098b7b5a042,"#N/A","#N/A",false,Web,"#N/A","#N/A",Medium,"#N/A",New,Subject_lsdlb,"#N/A","#N/A","#N/A","#N/A","#N/A"
c13941e5-dd09-4529-8d50-3e77ce269325,"#N/A","#N/A",false,Web,"#N/A","#N/A",Medium,"#N/A",New,Subject_nanpb,"#N/A","#N/A","#N/A","#N/A","#N/A"
c13b1c20-8bfb-477e-896d-945b6e1b80f8,"#N/A","#N/A",false,Web,"#N/A","#N/A",Medium,"#N/A",New,Subject_lmtti,"#N/A","#N/A","#N/A","#N/A","#N/A"
c13ba794-6e0a-4465-a5c9-994a9725806f,"#N/A","#N/A",false,Web,"#N/A","#N/A",Medium,"#N/A",New,Subject_cglrt,"#N/A","#N/A","#N/A","#N/A","#N/A"
c13c1c6c-17be-4e1d-ae0c-f5e5058ed93b,"#N/A","#N/A",false,Web,"#N/A","#N/A",Medium,"#N/A",New,Subject_pkbhx,"#N/A","#N/A","#N/A","#N/A","#N/A"
c13ebee3-12b7-4bef-89b6-8d4fbe7493bb,"#N/A","#N/A",false,Web,"#N/A","#N/A",Medium,"#N/A",New,Subject_zwlxu,"#N/A","#N/A","#N/A","#N/A","#N/A"
c13fc02d-e469-4bfe-a9e2-3454937c2c22,"#N/A","#N/A",false,Web,"#N/A","#N/A",Medium,"#N/A",New,Subject_grrxn,"#N/A","#N/A","#N/A","#N/A","#N/A"
c1412dd6-2522-4fed-9039-1c151d70a7a6,"#N/A","#N/A",false,Web,"#N/A","#N/A",Medium,"#N/A",New,Subject_wfsnf,"#N/A","#N/A","#N/A","#N/A","#N/A"
c1419246-39e7-4d5b-af40-1d29a085bab2,"#N/A","#N/A",false,Web,"#N/A","#N/A",Medium,"#N/A",New,Subject_kvvml,"#N/A","#N/A","#N/A","#N/A","#N/A"
c14e0cd8-6a03-4ffe-85bc-95df2f567fda,"#N/A","#N/A",false,Web,"#N/A","#N/A",Medium,"#N/A",New,Subject_caumg,"#N/A","#N/A","#N/A","#N/A","#N/A"
c151362b-a02a-4b3c-9d9e-393049ac0b0e,"#N/A","#N/A",false,Web,"#N/A","#N/A",Medium,"#N/A",New,Subject_eywho,"#N/A","#N/A","#N/A","#N/A","#N/A"
c1519206-384d-4adc-a5de-2f74d8ff300f,"#N/A","#N/A",false,Web,"#N/A","#N/A",Medium,"#N/A",New,Subject_prybq,"#N/A","#N/A","#N/A","#N/A","#N/A"
c1567e73-629a-41fa-9049-4394e0d14111,"#N/A","#N/A",false,Web,"#N/A","#N/A",Medium,"#N/A",New,Subject_wdxkp,"#N/A","#N/A","#N/A","#N/A","#N/A"
c15bd03f-4baa-462a-9058-3d289900d53d,"#N/A","#N/A",false,Web,"#N/A","#N/A",Medium,"#N/A",New,Subject_tjonu,"#N/A","#N/A","#N/A","#N/A","#N/A"
c15c7c03-035d-4e4e-bdc1-0e7877583022,"#N/A","#N/A",false,Web,"#N/A","#N/A",Medium,"#N/A",New,Subject_wvpyh,"#N/A","#N/A","#N/A","#N/A","#N/A"
c1629996-5566-44df-9c20-f7f65d51b005,"#N/A","#N/A",false,Web,"#N/A","#N/A",Medium,"#N/A",New,Subject_jmaat,"#N/A","#N/A","#N/A","#N/A","#N/A"
c162df56-c75e-431f-88ee-c4587b120dfe,"#N/A","#N/A",false,Web,"#N/A","#N/A",Medium,"#N/A",New,Subject_mrmux,"#N/A","#N/A","#N/A","#N/A","#N/A"
c1685e03-0cdf-4259-bbef-55401f385849,"#N/A","#N/A",false,Web,"#N/A","#N/A",Medium,"#N/A",New,Subject_bdlyy,"#N/A","#N/A","#N/A","#N/A","#N/A"
c1687333-0c92-4be1-9db0-d4b9b510663a,"#N/A","#N/A",false,Web,"#N/A","#N/A",Medium,"#N/A",New,Subject_tzqrn,"#N/A","#N/A","#N/A","#N/A","#N/A"
c16b1883-0b97-404c-b90b-f1a1a61baf66,"#N/A","#N/A",false,Web,"#N/A","#N/A",Medium,"#N/A",New,Subject_jpkbd,"#N/A","#N/A","#N/A","#N/A","#N/A"
c16f7645-8dfa-4809-8d0d-e87fa04c74f4,"#N/A","#N/A",false,Web,"#N/A","#N/A",Medium,"#N/A",New,Subject_zpmqt,"#N/A","#N/A","#N/A","#N/A","#N/A"
c17082ba-4143-4041-99d1-bae111e6c078,"#N/A","#N/A",false,Web,"#N/A","#N/A",Medium,"#N/A",New,Subject_ilynk,"#N/A","#N/A","#N/A","#N/A","#N/A"
c175622a-e56c-47d8-b697-17752fdaaf74,"#N/A","#N/A",false,Web,"#N/A","#N/A",Medium,"#N/A",New,Subject_hdvkp,"#N/A","#N/A","#N/A","#N/A","#N/A"
c175cf90-4da5-408b-a067-4274e59d966b,"#N/A","#N/A",false,Web,"#N/A","#N/A",Medium,"#N/A",New,Subject_yowsb,"#N/A","#N/A","#N/A","#N/A","#N/A"
c178346c-f75b-4625-ae6d-70d830c9aef8,"#N/A","#N/A",false,Web,"#N/A","#N/A",Medium,"#N/A",New,Subject_jcqfe,"#N/A","#N/A","#N/A","#N/A","#N/A"
c17b1aa6-016f-4662-b96c-38f6b58a2e16,"#N/A","#N/A",false,Web,"#N/A","#N/A",Medium,"#N/A",New,Subject_ikgqk,"#N/A","#N/A","#N/A","#N/A","#N/A"
c17cd1e2-98ed-4ba0-8389-11ed65affe81,"#N/A","#N/A",false,Web,"#N/A","#N/A",Medium,"#N/A",New,Subject_samyf,"#N/A","#N/A","#N/A","#N/A","#N/A"
c17d0f87-7c84-491c-8245-837574a9c50c,"#N/A","#N/A",false,Web,"#N/A","#N/A",Medium,"#N/A",New,Subject_ltylm,"#N/A","#N/A","#N/A","#N/A","#N/A"
c181010d-5397-4c67-ac3b-504b90a7c6ce,"#N/A","#N/A",false,Web,"#N/A","#N/A",Medium,"#N/A",New,Subject_inghy,"#N/A","#N/A","#N/A","#N/A","#N/A"
c18191b5-0f06-488d-895c-e88d4dea2b49,"#N/A","#N/A",false,Web,"#N/A","#N/A",Medium,"#N/A",New,Subject_zsyfs,"#N/A","#N/A","#N/A","#N/A","#N/A"
c18566e2-fc0e-4886-bbe7-31d4fa27cd05,"#N/A","#N/A",false,Web,"#N/A","#N/A",Medium,"#N/A",New,Subject_zbilp,"#N/A","#N/A","#N/A","#N/A","#N/A"
c1856e01-01ad-4da5-b0a6-7e8eb7af758b,"#N/A","#N/A",false,Web,"#N/A","#N/A",Medium,"#N/A",New,Subject_ortlb,"#N/A","#N/A","#N/A","#N/A","#N/A"
c1859631-df46-42de-84c3-2e4a986db49c,"#N/A","#N/A",false,Web,"#N/A","#N/A",Medium,"#N/A",New,Subject_tzflm,"#N/A","#N/A","#N/A","#N/A","#N/A"
c186abfc-b321-4b7e-8808-8882b00f9823,"#N/A","#N/A",false,Web,"#N/A","#N/A",Medium,"#N/A",New,Subject_wazdk,"#N/A","#N/A","#N/A","#N/A","#N/A"
c18a53d9-877f-465e-93c7-eb7b51ad97c4,"#N/A","#N/A",false,Web,"#N/A","#N/A",Medium,"#N/A",New,Subject_obdku,"#N/A","#N/A","#N/A","#N/A","#N/A"
c18bd355-ff2e-413a-98f0-d7d1bdb87d21,"#N/A","#N/A",false,Web,"#N/A","#N/A",Medium,"#N/A",New,Subject_blxce,"#N/A","#N/A","#N/A","#N/A","#N/A"
c18c7015-b920-4c32-80ca-0b378fa424c6,"#N/A","#N/A",false,Web,"#N/A","#N/A",Medium,"#N/A",New,Subject_bxiqf,"#N/A","#N/A","#N/A","#N/A","#N/A"
c18cfbbb-ce1d-4b7d-af77-beb3f5fe8012,"#N/A","#N/A",false,Web,"#N/A","#N/A",Medium,"#N/A",New,Subject_cryvc,"#N/A","#N/A","#N/A","#N/A","#N/A"
c18f69fb-35e3-4f75-a940-50e95f194346,"#N/A","#N/A",false,Web,"#N/A","#N/A",Medium,"#N/A",New,Subject_mijar,"#N/A","#N/A","#N/A","#N/A","#N/A"
c1904eb8-cdfe-4e07-bf70-51ee39662966,"#N/A","#N/A",false,Web,"#N/A","#N/A",Medium,"#N/A",New,Subject_zndhp,"#N/A","#N/A","#N/A","#N/A","#N/A"
c19174e5-ce6a-4f0e-a4c4-424e61e310ff,"#N/A","#N/A",false,Web,"#N/A","#N/A",Medium,"#N/A",New,Subject_bgosm,"#N/A","#N/A","#N/A","#N/A","#N/A"
c191ec41-0035-494a-b358-8a67b475eff9,"#N/A","#N/A",false,Web,"#N/A","#N/A",Medium,"#N/A",New,Subject_yhfac,"#N/A","#N/A","#N/A","#N/A","#N/A"
c19348c0-24b0-4586-867b-6ea6005af596,"#N/A","#N/A",false,Web,"#N/A","#N/A",Medium,"#N/A",New,Subject_ztbny,"#N/A","#N/A","#N/A","#N/A","#N/A"
c193b78a-9e9e-4097-a15d-e0361cee9521,"#N/A","#N/A",false,Web,"#N/A","#N/A",Medium,"#N/A",New,Subject_kxscq,"#N/A","#N/A","#N/A","#N/A","#N/A"
c193f7fd-37fa-477a-aa6e-ae687a4e5e20,"#N/A","#N/A",false,Web,"#N/A","#N/A",Medium,"#N/A",New,Subject_kwqxh,"#N/A","#N/A","#N/A","#N/A","#N/A"
c1952a13-df66-4ca7-a472-884e66b29f0f,"#N/A","#N/A",false,Web,"#N/A","#N/A",Medium,"#N/A",New,Subject_dhpnz,"#N/A","#N/A","#N/A","#N/A","#N/A"
c1987897-db15-4062-a9ac-a212986801c9,"#N/A","#N/A",false,Web,"#N/A","#N/A",Medium,"#N/A",New,Subject_aznmf,"#N/A","#N/A","#N/A","#N/A","#N/A"
c19950bf-b20d-4ef9-b353-b095c4cc5f86,"#N/A","#N/A",false,Web,"#N/A","#N/A",Medium,"#N/A",New,Subject_lxolq,"#N/A","#N/A","#N/A","#N/A","#N/A"
c19bdb65-37eb-4c0f-8572-4aa254380393,"#N/A","#N/A",false,Web,"#N/A","#N/A",Medium,"#N/A",New,Subject_beiqz,"#N/A","#N/A","#N/A","#N/A","#N/A"
c19d3f3d-a6be-430a-a6a1-104bf2f516bc,"#N/A","#N/A",false,Web,"#N/A","#N/A",Medium,"#N/A",New,Subject_sxuut,"#N/A","#N/A","#N/A","#N/A","#N/A"
c19e2333-3e24-47b8-9f36-cb3cdd35e049,"#N/A","#N/A",false,Web,"#N/A","#N/A",Medium,"#N/A",New,Subject_ihzzd,"#N/A","#N/A","#N/A","#N/A","#N/A"
c19e4f40-c922-4f03-b7ba-964474dd8666,"#N/A","#N/A",false,Web,"#N/A","#N/A",Medium,"#N/A",New,Subject_gbflu,"#N/A","#N/A","#N/A","#N/A","#N/A"
c19eaf96-6a42-459d-9ff8-e5f8cb773553,"#N/A","#N/A",false,Web,"#N/A","#N/A",Medium,"#N/A",New,Subject_vpazk,"#N/A","#N/A","#N/A","#N/A","#N/A"
c19f91f8-a306-4f0f-acab-116a306b1f2c,"#N/A","#N/A",false,Web,"#N/A","#N/A",Medium,"#N/A",New,Subject_ycpkt,"#N/A","#N/A","#N/A","#N/A","#N/A"
c1a026df-5aa3-41f8-beec-c94838325523,"#N/A","#N/A",false,Web,"#N/A","#N/A",Medium,"#N/A",New,Subject_fkzvi,"#N/A","#N/A","#N/A","#N/A","#N/A"
c1a09603-1fd1-4759-bdde-52fe18cb9964,"#N/A","#N/A",false,Web,"#N/A","#N/A",Medium,"#N/A",New,Subject_aaqza,"#N/A","#N/A","#N/A","#N/A","#N/A"
c1a1743a-758e-4a3d-b1a3-12578a5db3d0,"#N/A","#N/A",false,Web,"#N/A","#N/A",Medium,"#N/A",New,Subject_nrnxo,"#N/A","#N/A","#N/A","#N/A","#N/A"
c1a97594-cec9-4366-b8b4-e87619f438f8,"#N/A","#N/A",false,Web,"#N/A","#N/A",Medium,"#N/A",New,Subject_mhcvk,"#N/A","#N/A","#N/A","#N/A","#N/A"
c1a9cfa4-ef1e-4ef8-9d5d-cd9b63507137,"#N/A","#N/A",false,Web,"#N/A","#N/A",Medium,"#N/A",New,Subject_xkuag,"#N/A","#N/A","#N/A","#N/A","#N/A"
c1ac831f-3c07-4a09-a12a-5fe0832902aa,"#N/A","#N/A",false,Web,"#N/A","#N/A",Medium,"#N/A",New,Subject_tgnes,"#N/A","#N/A","#N/A","#N/A","#N/A"
c1b19af4-9c40-45d7-a747-ab7c5c9e1235,"#N/A","#N/A",false,Web,"#N/A","#N/A",Medium,"#N/A",New,Subject_esetf,"#N/A","#N/A","#N/A","#N/A","#N/A"
c1b4d692-dabf-4e5d-87db-0ba3f090f4c0,"#N/A","#N/A",false,Web,"#N/A","#N/A",Medium,"#N/A",New,Subject_nbfof,"#N/A","#N/A","#N/A","#N/A","#N/A"
c1b50512-a1b7-4f92-88ff-696a9d864d8b,"#N/A","#N/A",false,Web,"#N/A","#N/A",Medium,"#N/A",New,Subject_kfazz,"#N/A","#N/A","#N/A","#N/A","#N/A"
c1b606fe-70f5-45d1-a76b-d550879c06d0,"#N/A","#N/A",false,Web,"#N/A","#N/A",Medium,"#N/A",New,Subject_tdkwo,"#N/A","#N/A","#N/A","#N/A","#N/A"
c1b795fb-1503-4fd4-989c-f3a6bec31d91,"#N/A","#N/A",false,Web,"#N/A","#N/A",Medium,"#N/A",New,Subject_ygsga,"#N/A","#N/A","#N/A","#N/A","#N/A"
c1b7d5d3-288b-41c1-9221-9cdd576e77fd,"#N/A","#N/A",false,Web,"#N/A","#N/A",Medium,"#N/A",New,Subject_zfzmm,"#N/A","#N/A","#N/A","#N/A","#N/A"
c1baf0a9-a313-41a6-92be-809640111d41,"#N/A","#N/A",false,Web,"#N/A","#N/A",Medium,"#N/A",New,Subject_ikarz,"#N/A","#N/A","#N/A","#N/A","#N/A"
c1bcb7ad-fada-4378-9fd3-a03c965c2bff,"#N/A","#N/A",false,Web,"#N/A","#N/A",Medium,"#N/A",New,Subject_vutnq,"#N/A","#N/A","#N/A","#N/A","#N/A"
c1bf290b-921b-47c1-8886-7add12db850e,"#N/A","#N/A",false,Web,"#N/A","#N/A",Medium,"#N/A",New,Subject_wognl,"#N/A","#N/A","#N/A","#N/A","#N/A"
c1c05b98-6418-4101-bbb8-5ee79b9f6f53,"#N/A","#N/A",false,Web,"#N/A","#N/A",Medium,"#N/A",New,Subject_iuonf,"#N/A","#N/A","#N/A","#N/A","#N/A"
c1c8f9e4-2f30-48f0-b62e-3d29f219e90e,"#N/A","#N/A",false,Web,"#N/A","#N/A",Medium,"#N/A",New,Subject_bqsxz,"#N/A","#N/A","#N/A","#N/A","#N/A"
c1ca7d0a-31ed-4925-ae08-12026f2ce42b,"#N/A","#N/A",false,Web,"#N/A","#N/A",Medium,"#N/A",New,Subject_pylkm,"#N/A","#N/A","#N/A","#N/A","#N/A"
c1cbef56-d71a-4f51-9ee7-d3a3bcb21a62,"#N/A","#N/A",false,Web,"#N/A","#N/A",Medium,"#N/A",New,Subject_cegsl,"#N/A","#N/A","#N/A","#N/A","#N/A"
c1cc9889-8f78-4489-b0a1-b245a4e18fe7,"#N/A","#N/A",false,Web,"#N/A","#N/A",Medium,"#N/A",New,Subject_refkj,"#N/A","#N/A","#N/A","#N/A","#N/A"
c1d09c96-155c-406d-81f8-379da23c5160,"#N/A","#N/A",false,Web,"#N/A","#N/A",Medium,"#N/A",New,Subject_nqrxh,"#N/A","#N/A","#N/A","#N/A","#N/A"
c1d1b860-8929-4ff2-b217-44fecaae7ae2,"#N/A","#N/A",false,Web,"#N/A","#N/A",Medium,"#N/A",New,Subject_jrywz,"#N/A","#N/A","#N/A","#N/A","#N/A"
c1d4c970-4999-4b3d-9751-4ea010150dfe,"#N/A","#N/A",false,Web,"#N/A","#N/A",Medium,"#N/A",New,Subject_bbfwe,"#N/A","#N/A","#N/A","#N/A","#N/A"
c1d70bac-5214-4d95-8250-fd0c15174c4a,"#N/A","#N/A",false,Web,"#N/A","#N/A",Medium,"#N/A",New,Subject_icesb,"#N/A","#N/A","#N/A","#N/A","#N/A"
c1d93907-ba81-49d1-a80b-d496ba9929af,"#N/A","#N/A",false,Web,"#N/A","#N/A",Medium,"#N/A",New,Subject_thhll,"#N/A","#N/A","#N/A","#N/A","#N/A"
c1dd7017-3fd0-44b7-8eb2-7088fd732f0f,"#N/A","#N/A",false,Web,"#N/A","#N/A",Medium,"#N/A",New,Subject_kdsus,"#N/A","#N/A","#N/A","#N/A","#N/A"
c1e03c70-f28b-4dde-b16b-dbf7e9dfe2d8,"#N/A","#N/A",false,Web,"#N/A","#N/A",Medium,"#N/A",New,Subject_thyag,"#N/A","#N/A","#N/A","#N/A","#N/A"
c1e916ec-1eca-4ec4-b8c5-d4cfbbc2e82e,"#N/A","#N/A",false,Web,"#N/A","#N/A",Medium,"#N/A",New,Subject_ebgfd,"#N/A","#N/A","#N/A","#N/A","#N/A"
c1e93745-1b85-4f36-a33f-7e9976fafbbd,"#N/A","#N/A",false,Web,"#N/A","#N/A",Medium,"#N/A",New,Subject_zxyud,"#N/A","#N/A","#N/A","#N/A","#N/A"
c1eb2fa2-bcc7-4b67-a4f6-ce7a9b84ce30,"#N/A","#N/A",false,Web,"#N/A","#N/A",Medium,"#N/A",New,Subject_wsary,"#N/A","#N/A","#N/A","#N/A","#N/A"
c1eb8dba-7bb6-4858-8494-aceff3c5b1bb,"#N/A","#N/A",false,Web,"#N/A","#N/A",Medium,"#N/A",New,Subject_xydru,"#N/A","#N/A","#N/A","#N/A","#N/A"
c1ec9055-04a5-4981-967f-70c6bc5bac28,"#N/A","#N/A",false,Web,"#N/A","#N/A",Medium,"#N/A",New,Subject_sfkus,"#N/A","#N/A","#N/A","#N/A","#N/A"
c1ecb9b7-3f89-4778-a32b-5dcf4fe2141f,"#N/A","#N/A",false,Web,"#N/A","#N/A",Medium,"#N/A",New,Subject_tkzwq,"#N/A","#N/A","#N/A","#N/A","#N/A"
c1ecd3d3-4e03-4d1b-b1f9-748ba11b8eb1,"#N/A","#N/A",false,Web,"#N/A","#N/A",Medium,"#N/A",New,Subject_dxhli,"#N/A","#N/A","#N/A","#N/A","#N/A"
c1efe4f9-eb4a-4f28-9125-588be5c50302,"#N/A","#N/A",false,Web,"#N/A","#N/A",Medium,"#N/A",New,Subject_eykan,"#N/A","#N/A","#N/A","#N/A","#N/A"
c1f25824-53e8-47e0-a781-e395361517cc,"#N/A","#N/A",false,Web,"#N/A","#N/A",Medium,"#N/A",New,Subject_zzgrm,"#N/A","#N/A","#N/A","#N/A","#N/A"
c1f334df-ec97-4a08-8b74-22304d56b2e0,"#N/A","#N/A",false,Web,"#N/A","#N/A",Medium,"#N/A",New,Subject_ewtjc,"#N/A","#N/A","#N/A","#N/A","#N/A"
c1f3c093-974f-4b8e-9545-57b37fd84b41,"#N/A","#N/A",false,Web,"#N/A","#N/A",Medium,"#N/A",New,Subject_nbdxq,"#N/A","#N/A","#N/A","#N/A","#N/A"
c1f90aba-d523-4b26-8d33-4d7639877fb5,"#N/A","#N/A",false,Web,"#N/A","#N/A",Medium,"#N/A",New,Subject_vrpvo,"#N/A","#N/A","#N/A","#N/A","#N/A"
c1fe64ca-d976-4307-8bca-f49b3817c4e3,"#N/A","#N/A",false,Web,"#N/A","#N/A",Medium,"#N/A",New,Subject_jflom,"#N/A","#N/A","#N/A","#N/A","#N/A"
c2001a42-7097-4741-86ed-4c3d97a40020,"#N/A","#N/A",false,Web,"#N/A","#N/A",Medium,"#N/A",New,Subject_ikyqt,"#N/A","#N/A","#N/A","#N/A","#N/A"
c2033e24-a2fc-413a-b99e-40e364f5e023,"#N/A","#N/A",false,Web,"#N/A","#N/A",Medium,"#N/A",New,Subject_niedw,"#N/A","#N/A","#N/A","#N/A","#N/A"
c2070f13-91ef-4b66-beb1-9c1c302a9bb6,"#N/A","#N/A",false,Web,"#N/A","#N/A",Medium,"#N/A",New,Subject_kiopj,"#N/A","#N/A","#N/A","#N/A","#N/A"
c2087193-374f-4240-89e8-d5458c0fc6c9,"#N/A","#N/A",false,Web,"#N/A","#N/A",Medium,"#N/A",New,Subject_lkytj,"#N/A","#N/A","#N/A","#N/A","#N/A"
c20c28bd-45a3-4632-82e6-72f6350009ad,"#N/A","#N/A",false,Web,"#N/A","#N/A",Medium,"#N/A",New,Subject_glzxr,"#N/A","#N/A","#N/A","#N/A","#N/A"
c2133a16-4519-403a-9f82-be352117767e,"#N/A","#N/A",false,Web,"#N/A","#N/A",Medium,"#N/A",New,Subject_gbayy,"#N/A","#N/A","#N/A","#N/A","#N/A"
c213e995-4db1-466a-8072-1a79d08b091c,"#N/A","#N/A",false,Web,"#N/A","#N/A",Medium,"#N/A",New,Subject_sbbff,"#N/A","#N/A","#N/A","#N/A","#N/A"
c2176f39-bdcc-4fbb-8982-1aba4809fdfd,"#N/A","#N/A",false,Web,"#N/A","#N/A",Medium,"#N/A",New,Subject_fdyrb,"#N/A","#N/A","#N/A","#N/A","#N/A"
c2203123-68c7-4ade-8ca4-a55973e9b8cc,"#N/A","#N/A",false,Web,"#N/A","#N/A",Medium,"#N/A",New,Subject_cvpwt,"#N/A","#N/A","#N/A","#N/A","#N/A"
c221cad4-f71a-4ddd-bfc8-a5a7ff1c506a,"#N/A","#N/A",false,Web,"#N/A","#N/A",Medium,"#N/A",New,Subject_emzqg,"#N/A","#N/A","#N/A","#N/A","#N/A"
c225aabd-4d5f-4a7f-87f3-3de03b98c05f,"#N/A","#N/A",false,Web,"#N/A","#N/A",Medium,"#N/A",New,Subject_dyzvv,"#N/A","#N/A","#N/A","#N/A","#N/A"
c22a5745-a2a8-4316-8f25-2c274916e7c9,"#N/A","#N/A",false,Web,"#N/A","#N/A",Medium,"#N/A",New,Subject_wlvlo,"#N/A","#N/A","#N/A","#N/A","#N/A"
c22a8aa3-8cec-4795-9db2-24cb6abf0d3b,"#N/A","#N/A",false,Web,"#N/A","#N/A",Medium,"#N/A",New,Subject_lqtls,"#N/A","#N/A","#N/A","#N/A","#N/A"
c22c1238-17da-475e-8d19-d53dfe7293c2,"#N/A","#N/A",false,Web,"#N/A","#N/A",Medium,"#N/A",New,Subject_ogvdq,"#N/A","#N/A","#N/A","#N/A","#N/A"
c22cde20-7bc2-4756-8449-b7f33385ca8f,"#N/A","#N/A",false,Web,"#N/A","#N/A",Medium,"#N/A",New,Subject_kqihi,"#N/A","#N/A","#N/A","#N/A","#N/A"
c233beb9-bd9f-4e7b-a7a4-a75f562025e7,"#N/A","#N/A",false,Web,"#N/A","#N/A",Medium,"#N/A",New,Subject_pwprd,"#N/A","#N/A","#N/A","#N/A","#N/A"
c2345aad-a1ee-47de-97e5-8fc95ffdd290,"#N/A","#N/A",false,Web,"#N/A","#N/A",Medium,"#N/A",New,Subject_daoue,"#N/A","#N/A","#N/A","#N/A","#N/A"
c236226d-bbae-4727-9c19-3aa66ac97b01,"#N/A","#N/A",false,Web,"#N/A","#N/A",Medium,"#N/A",New,Subject_rjeuk,"#N/A","#N/A","#N/A","#N/A","#N/A"
c2374ef5-9d7e-421b-8689-b2e87a9e5171,"#N/A","#N/A",false,Web,"#N/A","#N/A",Medium,"#N/A",New,Subject_mqlia,"#N/A","#N/A","#N/A","#N/A","#N/A"
c23f7440-b9e0-462c-a19f-75ad1c3c4c44,"#N/A","#N/A",false,Web,"#N/A","#N/A",Medium,"#N/A",New,Subject_ljyef,"#N/A","#N/A","#N/A","#N/A","#N/A"
c24723f8-bd51-4ebc-80b6-a47ad6664445,"#N/A","#N/A",false,Web,"#N/A","#N/A",Medium,"#N/A",New,Subject_gcfax,"#N/A","#N/A","#N/A","#N/A","#N/A"
c2488317-0bb4-4e42-9c94-83676098ebf9,"#N/A","#N/A",false,Web,"#N/A","#N/A",Medium,"#N/A",New,Subject_lbnqc,"#N/A","#N/A","#N/A","#N/A","#N/A"
c24a8248-8b16-4a7b-84d7-caf931867ad3,"#N/A","#N/A",false,Web,"#N/A","#N/A",Medium,"#N/A",New,Subject_lfjge,"#N/A","#N/A","#N/A","#N/A","#N/A"
c24b6119-669a-47e6-b9b6-b560bbeaca51,"#N/A","#N/A",false,Web,"#N/A","#N/A",Medium,"#N/A",New,Subject_yhhqh,"#N/A","#N/A","#N/A","#N/A","#N/A"
c24bdd99-b440-4297-8f53-cdb249122964,"#N/A","#N/A",false,Web,"#N/A","#N/A",Medium,"#N/A",New,Subject_lyyhx,"#N/A","#N/A","#N/A","#N/A","#N/A"
c24e80c3-54b5-4f1a-8684-500ccc66e9cc,"#N/A","#N/A",false,Web,"#N/A","#N/A",Medium,"#N/A",New,Subject_trjoh,"#N/A","#N/A","#N/A","#N/A","#N/A"
c2558fcd-3771-4173-8d7e-57526be30267,"#N/A","#N/A",false,Web,"#N/A","#N/A",Medium,"#N/A",New,Subject_uymuy,"#N/A","#N/A","#N/A","#N/A","#N/A"
c255e719-7872-4e8c-9dc5-7544e6e85b66,"#N/A","#N/A",false,Web,"#N/A","#N/A",Medium,"#N/A",New,Subject_vxred,"#N/A","#N/A","#N/A","#N/A","#N/A"
c256bac1-56dd-4004-bfb6-b2d2b24f90fd,"#N/A","#N/A",false,Web,"#N/A","#N/A",Medium,"#N/A",New,Subject_skcab,"#N/A","#N/A","#N/A","#N/A","#N/A"
c2585ae5-5686-45d2-9084-1c01451128b9,"#N/A","#N/A",false,Web,"#N/A","#N/A",Medium,"#N/A",New,Subject_lhfsr,"#N/A","#N/A","#N/A","#N/A","#N/A"
c259d3be-0ff2-4a9c-9571-a4fd4ded393a,"#N/A","#N/A",false,Web,"#N/A","#N/A",Medium,"#N/A",New,Subject_whvlr,"#N/A","#N/A","#N/A","#N/A","#N/A"
c25dbf98-2b9c-4c51-b8bd-2e3f84969cb1,"#N/A","#N/A",false,Web,"#N/A","#N/A",Medium,"#N/A",New,Subject_pkwvp,"#N/A","#N/A","#N/A","#N/A","#N/A"
c260ca32-0c9c-42eb-91f7-efcec574815d,"#N/A","#N/A",false,Web,"#N/A","#N/A",Medium,"#N/A",New,Subject_jhrsk,"#N/A","#N/A","#N/A","#N/A","#N/A"
c262f917-fc60-465f-8171-84ea178569ff,"#N/A","#N/A",false,Web,"#N/A","#N/A",Medium,"#N/A",New,Subject_nyola,"#N/A","#N/A","#N/A","#N/A","#N/A"
c26ab579-cded-4621-9e19-8d536882f3d1,"#N/A","#N/A",false,Web,"#N/A","#N/A",Medium,"#N/A",New,Subject_bpuxw,"#N/A","#N/A","#N/A","#N/A","#N/A"
c26e6fc0-d090-48d7-a835-42f9a8c95f12,"#N/A","#N/A",false,Web,"#N/A","#N/A",Medium,"#N/A",New,Subject_oyfko,"#N/A","#N/A","#N/A","#N/A","#N/A"
c26e87b0-e1a9-4ca9-9878-88f627a4cf81,"#N/A","#N/A",false,Web,"#N/A","#N/A",Medium,"#N/A",New,Subject_evphx,"#N/A","#N/A","#N/A","#N/A","#N/A"
c270217f-ac12-4d64-9251-2884f6526b8a,"#N/A","#N/A",false,Web,"#N/A","#N/A",Medium,"#N/A",New,Subject_usmce,"#N/A","#N/A","#N/A","#N/A","#N/A"
c2710d10-2fc9-4cb5-8279-c9018dac4df9,"#N/A","#N/A",false,Web,"#N/A","#N/A",Medium,"#N/A",New,Subject_xdcip,"#N/A","#N/A","#N/A","#N/A","#N/A"
c2722776-50ff-4685-be91-2b4db6682c44,"#N/A","#N/A",false,Web,"#N/A","#N/A",Medium,"#N/A",New,Subject_lukhp,"#N/A","#N/A","#N/A","#N/A","#N/A"
c27667ab-2a77-4739-8013-852cf3101627,"#N/A","#N/A",false,Web,"#N/A","#N/A",Medium,"#N/A",New,Subject_jkctm,"#N/A","#N/A","#N/A","#N/A","#N/A"
c277f563-114d-4e0d-9bce-b3526787a6d5,"#N/A","#N/A",false,Web,"#N/A","#N/A",Medium,"#N/A",New,Subject_fpjup,"#N/A","#N/A","#N/A","#N/A","#N/A"
c2784235-73e9-4998-a583-5f282cb06829,"#N/A","#N/A",false,Web,"#N/A","#N/A",Medium,"#N/A",New,Subject_xckmy,"#N/A","#N/A","#N/A","#N/A","#N/A"
c27b75ca-ee4b-4922-bf32-8a322b9aa536,"#N/A","#N/A",false,Web,"#N/A","#N/A",Medium,"#N/A",New,Subject_aimpe,"#N/A","#N/A","#N/A","#N/A","#N/A"
c2809328-d911-454f-a941-553fce5039db,"#N/A","#N/A",false,Web,"#N/A","#N/A",Medium,"#N/A",New,Subject_plwae,"#N/A","#N/A","#N/A","#N/A","#N/A"
c2869588-64b9-4a80-adb4-99ac6754da5e,"#N/A","#N/A",false,Web,"#N/A","#N/A",Medium,"#N/A",New,Subject_ongut,"#N/A","#N/A","#N/A","#N/A","#N/A"
c2871561-41ec-4c48-bf4e-cc52d1987512,"#N/A","#N/A",false,Web,"#N/A","#N/A",Medium,"#N/A",New,Subject_xjiek,"#N/A","#N/A","#N/A","#N/A","#N/A"
c288b1dd-8ff8-4ce5-bc47-ad3b8a61556a,"#N/A","#N/A",false,Web,"#N/A","#N/A",Medium,"#N/A",New,Subject_zyyiw,"#N/A","#N/A","#N/A","#N/A","#N/A"
c28ec487-0062-4f5f-9340-3ff0db80e4ca,"#N/A","#N/A",false,Web,"#N/A","#N/A",Medium,"#N/A",New,Subject_scqpr,"#N/A","#N/A","#N/A","#N/A","#N/A"
c2934522-00a8-44eb-8c23-e7420f8c9def,"#N/A","#N/A",false,Web,"#N/A","#N/A",Medium,"#N/A",New,Subject_fxwoa,"#N/A","#N/A","#N/A","#N/A","#N/A"
c2956696-4212-4c47-8746-84bd66298865,"#N/A","#N/A",false,Web,"#N/A","#N/A",Medium,"#N/A",New,Subject_ceywi,"#N/A","#N/A","#N/A","#N/A","#N/A"
c2957580-9e8c-415b-b883-82c5cb2ebcef,"#N/A","#N/A",false,Web,"#N/A","#N/A",Medium,"#N/A",New,Subject_dyawa,"#N/A","#N/A","#N/A","#N/A","#N/A"
c2995017-3822-4ea1-9cab-80efdf4ae15e,"#N/A","#N/A",false,Web,"#N/A","#N/A",Medium,"#N/A",New,Subject_nfiom,"#N/A","#N/A","#N/A","#N/A","#N/A"
c29a24c3-a162-4ced-a347-b419cbda88bc,"#N/A","#N/A",false,Web,"#N/A","#N/A",Medium,"#N/A",New,Subject_czkcz,"#N/A","#N/A","#N/A","#N/A","#N/A"
c2a05a23-3957-45c1-be78-01c9edd6c077,"#N/A","#N/A",false,Web,"#N/A","#N/A",Medium,"#N/A",New,Subject_snlvi,"#N/A","#N/A","#N/A","#N/A","#N/A"
c2a187ba-5297-4bf7-9801-b2ab41be13ae,"#N/A","#N/A",false,Web,"#N/A","#N/A",Medium,"#N/A",New,Subject_kzflu,"#N/A","#N/A","#N/A","#N/A","#N/A"
c2a9d73b-c951-45a1-a14c-3efcbbdc6a73,"#N/A","#N/A",false,Web,"#N/A","#N/A",Medium,"#N/A",New,Subject_naief,"#N/A","#N/A","#N/A","#N/A","#N/A"
c2ae21ad-c9f9-4fa9-8b4b-a28c93c232fb,"#N/A","#N/A",false,Web,"#N/A","#N/A",Medium,"#N/A",New,Subject_bhcch,"#N/A","#N/A","#N/A","#N/A","#N/A"
c2b2a825-7317-4a32-980c-0625f3385b3f,"#N/A","#N/A",false,Web,"#N/A","#N/A",Medium,"#N/A",New,Subject_zbtub,"#N/A","#N/A","#N/A","#N/A","#N/A"
c2b3a51c-6d41-40fe-aac1-8b4f4e3545da,"#N/A","#N/A",false,Web,"#N/A","#N/A",Medium,"#N/A",New,Subject_npjlv,"#N/A","#N/A","#N/A","#N/A","#N/A"
c2b41552-85e5-4b73-ab56-ff36fba8b411,"#N/A","#N/A",false,Web,"#N/A","#N/A",Medium,"#N/A",New,Subject_fzatu,"#N/A","#N/A","#N/A","#N/A","#N/A"
c2bc2435-3574-4985-a2a4-9610c030b2ed,"#N/A","#N/A",false,Web,"#N/A","#N/A",Medium,"#N/A",New,Subject_mxxwj,"#N/A","#N/A","#N/A","#N/A","#N/A"
c2be5b58-9258-469f-afca-22221c1b1e6e,"#N/A","#N/A",false,Web,"#N/A","#N/A",Medium,"#N/A",New,Subject_oxnhx,"#N/A","#N/A","#N/A","#N/A","#N/A"
c2c25870-f151-429a-8746-89fa0d6e3baa,"#N/A","#N/A",false,Web,"#N/A","#N/A",Medium,"#N/A",New,Subject_execb,"#N/A","#N/A","#N/A","#N/A","#N/A"
c2c3ceb4-f378-41c9-9ee8-abf6ac3b3862,"#N/A","#N/A",false,Web,"#N/A","#N/A",Medium,"#N/A",New,Subject_sfbzw,"#N/A","#N/A","#N/A","#N/A","#N/A"
c2c650a2-8c19-4e05-becf-4b6071403569,"#N/A","#N/A",false,Web,"#N/A","#N/A",Medium,"#N/A",New,Subject_rghik,"#N/A","#N/A","#N/A","#N/A","#N/A"
c2c89004-9eff-4c53-8c55-0a89731ed279,"#N/A","#N/A",false,Web,"#N/A","#N/A",Medium,"#N/A",New,Subject_sqanl,"#N/A","#N/A","#N/A","#N/A","#N/A"
c2c9d50e-2d55-424d-9317-3f0ae2cb0d00,"#N/A","#N/A",false,Web,"#N/A","#N/A",Medium,"#N/A",New,Subject_meoqk,"#N/A","#N/A","#N/A","#N/A","#N/A"
c2cfd60d-070e-4f1a-8de9-499f0a71ea6e,"#N/A","#N/A",false,Web,"#N/A","#N/A",Medium,"#N/A",New,Subject_fqrav,"#N/A","#N/A","#N/A","#N/A","#N/A"
c2d628d5-eace-408f-a9b9-b2b6875dd736,"#N/A","#N/A",false,Web,"#N/A","#N/A",Medium,"#N/A",New,Subject_qvyai,"#N/A","#N/A","#N/A","#N/A","#N/A"
c2dbfb87-88f1-4408-b95f-8053fe8ded8f,"#N/A","#N/A",false,Web,"#N/A","#N/A",Medium,"#N/A",New,Subject_gtbth,"#N/A","#N/A","#N/A","#N/A","#N/A"
c2decc3f-4a23-4e6d-b34e-fec7d9dbe19c,"#N/A","#N/A",false,Web,"#N/A","#N/A",Medium,"#N/A",New,Subject_hkfpp,"#N/A","#N/A","#N/A","#N/A","#N/A"
c2e0d202-7f26-4257-8585-71c8838f01b7,"#N/A","#N/A",false,Web,"#N/A","#N/A",Medium,"#N/A",New,Subject_wsxyu,"#N/A","#N/A","#N/A","#N/A","#N/A"
c2e32894-7dee-4c32-8efd-ba9449c9498f,"#N/A","#N/A",false,Web,"#N/A","#N/A",Medium,"#N/A",New,Subject_admkd,"#N/A","#N/A","#N/A","#N/A","#N/A"
c2e47eca-6b57-4d54-b4da-6778b3d597a0,"#N/A","#N/A",false,Web,"#N/A","#N/A",Medium,"#N/A",New,Subject_wbyvk,"#N/A","#N/A","#N/A","#N/A","#N/A"
c2e5266e-73e9-417b-89d1-51ef26b66f17,"#N/A","#N/A",false,Web,"#N/A","#N/A",Medium,"#N/A",New,Subject_xpmps,"#N/A","#N/A","#N/A","#N/A","#N/A"
c2e5c798-626f-4b5b-90dc-de356f308fd4,"#N/A","#N/A",false,Web,"#N/A","#N/A",Medium,"#N/A",New,Subject_gheth,"#N/A","#N/A","#N/A","#N/A","#N/A"
c2e63db3-135a-4a30-bf36-f0d1ce9bdffa,"#N/A","#N/A",false,Web,"#N/A","#N/A",Medium,"#N/A",New,Subject_jhnas,"#N/A","#N/A","#N/A","#N/A","#N/A"
c2e8225f-8071-47c6-98d0-b3f734c9386e,"#N/A","#N/A",false,Web,"#N/A","#N/A",Medium,"#N/A",New,Subject_vueaq,"#N/A","#N/A","#N/A","#N/A","#N/A"
c2ea26e5-f0ce-4511-843e-9298abc74257,"#N/A","#N/A",false,Web,"#N/A","#N/A",Medium,"#N/A",New,Subject_nifid,"#N/A","#N/A","#N/A","#N/A","#N/A"
c2edb9c1-5b63-4ee8-97b1-b71262a55bce,"#N/A","#N/A",false,Web,"#N/A","#N/A",Medium,"#N/A",New,Subject_eclyb,"#N/A","#N/A","#N/A","#N/A","#N/A"
c2f0af7e-803e-41fc-a072-9dce76a830a4,"#N/A","#N/A",false,Web,"#N/A","#N/A",Medium,"#N/A",New,Subject_eytoh,"#N/A","#N/A","#N/A","#N/A","#N/A"
c2f729a6-ac62-40a1-bd98-4c4a5298cbe5,"#N/A","#N/A",false,Web,"#N/A","#N/A",Medium,"#N/A",New,Subject_sgfna,"#N/A","#N/A","#N/A","#N/A","#N/A"
c2fa7e1e-a725-4218-b6c7-17aa3077ab5f,"#N/A","#N/A",false,Web,"#N/A","#N/A",Medium,"#N/A",New,Subject_wqvmw,"#N/A","#N/A","#N/A","#N/A","#N/A"
c2fcc559-6257-4952-b295-b10564a61ab3,"#N/A","#N/A",false,Web,"#N/A","#N/A",Medium,"#N/A",New,Subject_wribt,"#N/A","#N/A","#N/A","#N/A","#N/A"
c3039219-9b44-444f-861c-404971df5e91,"#N/A","#N/A",false,Web,"#N/A","#N/A",Medium,"#N/A",New,Subject_svimn,"#N/A","#N/A","#N/A","#N/A","#N/A"
c307b790-e16f-47b7-8872-6323342e668c,"#N/A","#N/A",false,Web,"#N/A","#N/A",Medium,"#N/A",New,Subject_htbms,"#N/A","#N/A","#N/A","#N/A","#N/A"
c30a78b5-1082-4bd5-bab9-29aaf8e6232a,"#N/A","#N/A",false,Web,"#N/A","#N/A",Medium,"#N/A",New,Subject_kuhna,"#N/A","#N/A","#N/A","#N/A","#N/A"
c30d1887-b8d1-4dec-a0fd-c2bf68e47920,"#N/A","#N/A",false,Web,"#N/A","#N/A",Medium,"#N/A",New,Subject_vvnce,"#N/A","#N/A","#N/A","#N/A","#N/A"
c30e3f1f-5256-4ea8-86cc-47e140ff2507,"#N/A","#N/A",false,Web,"#N/A","#N/A",Medium,"#N/A",New,Subject_uivdu,"#N/A","#N/A","#N/A","#N/A","#N/A"
c310b5c5-8f2d-4cfb-96e4-cb471dbfb65c,"#N/A","#N/A",false,Web,"#N/A","#N/A",Medium,"#N/A",New,Subject_ufkfc,"#N/A","#N/A","#N/A","#N/A","#N/A"
c31834c6-2888-4d0f-9684-9d83f2b08170,"#N/A","#N/A",false,Web,"#N/A","#N/A",Medium,"#N/A",New,Subject_dleum,"#N/A","#N/A","#N/A","#N/A","#N/A"
c31c20df-ffa5-4512-94c9-f24b18390da5,"#N/A","#N/A",false,Web,"#N/A","#N/A",Medium,"#N/A",New,Subject_pyenf,"#N/A","#N/A","#N/A","#N/A","#N/A"
c3202f32-a7dd-450d-a366-027897aabc03,"#N/A","#N/A",false,Web,"#N/A","#N/A",Medium,"#N/A",New,Subject_iceru,"#N/A","#N/A","#N/A","#N/A","#N/A"
c32c6ce8-a199-4b22-bc3c-b8d31b239b14,"#N/A","#N/A",false,Web,"#N/A","#N/A",Medium,"#N/A",New,Subject_dgonn,"#N/A","#N/A","#N/A","#N/A","#N/A"
c330a1c5-7b3a-4da7-b17b-eb1b3154fdb0,"#N/A","#N/A",false,Web,"#N/A","#N/A",Medium,"#N/A",New,Subject_nvzgn,"#N/A","#N/A","#N/A","#N/A","#N/A"
c3346ee7-c9a8-41e7-9474-08138f6c1242,"#N/A","#N/A",false,Web,"#N/A","#N/A",Medium,"#N/A",New,Subject_vdxsx,"#N/A","#N/A","#N/A","#N/A","#N/A"
c33a72d7-a8dc-4d0e-895d-3dafc1daf6c7,"#N/A","#N/A",false,Web,"#N/A","#N/A",Medium,"#N/A",New,Subject_aagfm,"#N/A","#N/A","#N/A","#N/A","#N/A"
c3430ad8-16d2-4b47-afa3-6d8122fac3b4,"#N/A","#N/A",false,Web,"#N/A","#N/A",Medium,"#N/A",New,Subject_yklux,"#N/A","#N/A","#N/A","#N/A","#N/A"
c343f416-30dd-40c0-93eb-bafbd02ef592,"#N/A","#N/A",false,Web,"#N/A","#N/A",Medium,"#N/A",New,Subject_ygkbo,"#N/A","#N/A","#N/A","#N/A","#N/A"
c3463ed5-84bb-4b11-8afd-db1c02dc2a42,"#N/A","#N/A",false,Web,"#N/A","#N/A",Medium,"#N/A",New,Subject_yyphc,"#N/A","#N/A","#N/A","#N/A","#N/A"
c34c09f5-caee-44b3-ac86-11894da09983,"#N/A","#N/A",false,Web,"#N/A","#N/A",Medium,"#N/A",New,Subject_abljn,"#N/A","#N/A","#N/A","#N/A","#N/A"
c34fcc04-0c30-4625-a055-83018a858d69,"#N/A","#N/A",false,Web,"#N/A","#N/A",Medium,"#N/A",New,Subject_gosoh,"#N/A","#N/A","#N/A","#N/A","#N/A"
c354404d-77e3-481b-80a4-24e2229f024b,"#N/A","#N/A",false,Web,"#N/A","#N/A",Medium,"#N/A",New,Subject_fypmr,"#N/A","#N/A","#N/A","#N/A","#N/A"
c35c73b7-97e9-47d1-afb8-de3e60e3ca0f,"#N/A","#N/A",false,Web,"#N/A","#N/A",Medium,"#N/A",New,Subject_ssmvf,"#N/A","#N/A","#N/A","#N/A","#N/A"
c35d08b9-4f83-4349-96b2-e2bd4043b33c,"#N/A","#N/A",false,Web,"#N/A","#N/A",Medium,"#N/A",New,Subject_osoqn,"#N/A","#N/A","#N/A","#N/A","#N/A"
c35ecb87-ff2c-4ec9-b898-733852a35f1c,"#N/A","#N/A",false,Web,"#N/A","#N/A",Medium,"#N/A",New,Subject_elzrt,"#N/A","#N/A","#N/A","#N/A","#N/A"
c35eee1a-bad9-43db-b70d-03749bafe413,"#N/A","#N/A",false,Web,"#N/A","#N/A",Medium,"#N/A",New,Subject_huwar,"#N/A","#N/A","#N/A","#N/A","#N/A"
c35ff829-b27b-4962-baee-960c474abf27,"#N/A","#N/A",false,Web,"#N/A","#N/A",Medium,"#N/A",New,Subject_tfjgv,"#N/A","#N/A","#N/A","#N/A","#N/A"
c3632a53-200d-4a21-8997-24c109493957,"#N/A","#N/A",false,Web,"#N/A","#N/A",Medium,"#N/A",New,Subject_rjzsx,"#N/A","#N/A","#N/A","#N/A","#N/A"
c36678c0-ddff-4975-be18-36f0ca17e80f,"#N/A","#N/A",false,Web,"#N/A","#N/A",Medium,"#N/A",New,Subject_kjfqp,"#N/A","#N/A","#N/A","#N/A","#N/A"
c367e1db-de53-41e4-88ac-86439235da84,"#N/A","#N/A",false,Web,"#N/A","#N/A",Medium,"#N/A",New,Subject_ffptd,"#N/A","#N/A","#N/A","#N/A","#N/A"
c3748500-8ba1-4ea6-bb2f-1d2969d7c488,"#N/A","#N/A",false,Web,"#N/A","#N/A",Medium,"#N/A",New,Subject_pefim,"#N/A","#N/A","#N/A","#N/A","#N/A"
c37673b6-48a6-41a4-9927-309a7adfc509,"#N/A","#N/A",false,Web,"#N/A","#N/A",Medium,"#N/A",New,Subject_osnid,"#N/A","#N/A","#N/A","#N/A","#N/A"
c3777ea1-bd47-4a12-811d-797b0c298ea7,"#N/A","#N/A",false,Web,"#N/A","#N/A",Medium,"#N/A",New,Subject_ujjer,"#N/A","#N/A","#N/A","#N/A","#N/A"
c37a75cf-6f84-484f-8e20-f7c142f359f8,"#N/A","#N/A",false,Web,"#N/A","#N/A",Medium,"#N/A",New,Subject_dlrlx,"#N/A","#N/A","#N/A","#N/A","#N/A"
c385004d-cb1a-4d80-8fad-a409aa781030,"#N/A","#N/A",false,Web,"#N/A","#N/A",Medium,"#N/A",New,Subject_rxyuz,"#N/A","#N/A","#N/A","#N/A","#N/A"
c38526bf-5053-4eb4-b515-713e3bda592d,"#N/A","#N/A",false,Web,"#N/A","#N/A",Medium,"#N/A",New,Subject_supjp,"#N/A","#N/A","#N/A","#N/A","#N/A"
c3888a62-0d4f-44de-afba-c11a21241ef7,"#N/A","#N/A",false,Web,"#N/A","#N/A",Medium,"#N/A",New,Subject_kqkzs,"#N/A","#N/A","#N/A","#N/A","#N/A"
c38bd583-2a98-479b-9f7f-d4ffc83ed37a,"#N/A","#N/A",false,Web,"#N/A","#N/A",Medium,"#N/A",New,Subject_zzkrw,"#N/A","#N/A","#N/A","#N/A","#N/A"
c3936f14-9c92-4710-8e0f-cbf12f685d4b,"#N/A","#N/A",false,Web,"#N/A","#N/A",Medium,"#N/A",New,Subject_xbtzs,"#N/A","#N/A","#N/A","#N/A","#N/A"
c396057c-97d0-47c3-a34e-14c040037965,"#N/A","#N/A",false,Web,"#N/A","#N/A",Medium,"#N/A",New,Subject_lagsf,"#N/A","#N/A","#N/A","#N/A","#N/A"
c39828f0-de86-413d-ae1f-0eff3c08aee3,"#N/A","#N/A",false,Web,"#N/A","#N/A",Medium,"#N/A",New,Subject_zzabj,"#N/A","#N/A","#N/A","#N/A","#N/A"
c399fc6f-3df9-4ae4-90f0-85b9543af93c,"#N/A","#N/A",false,Web,"#N/A","#N/A",Medium,"#N/A",New,Subject_uusyk,"#N/A","#N/A","#N/A","#N/A","#N/A"
c39fa741-6748-467f-9a01-ce4681a1e935,"#N/A","#N/A",false,Web,"#N/A","#N/A",Medium,"#N/A",New,Subject_cnwwn,"#N/A","#N/A","#N/A","#N/A","#N/A"
c39fef25-5d05-4622-a711-e94966eded1b,"#N/A","#N/A",false,Web,"#N/A","#N/A",Medium,"#N/A",New,Subject_wvokb,"#N/A","#N/A","#N/A","#N/A","#N/A"
c3a60531-6e3e-42db-b1d1-1253226f93bb,"#N/A","#N/A",false,Web,"#N/A","#N/A",Medium,"#N/A",New,Subject_ydogy,"#N/A","#N/A","#N/A","#N/A","#N/A"
c3a79539-c0f6-49ef-90e4-c8e032730bc0,"#N/A","#N/A",false,Web,"#N/A","#N/A",Medium,"#N/A",New,Subject_wgovd,"#N/A","#N/A","#N/A","#N/A","#N/A"
c3a7efbe-3dda-4d53-9fcc-3ac5c2a772f3,"#N/A","#N/A",false,Web,"#N/A","#N/A",Medium,"#N/A",New,Subject_wxkre,"#N/A","#N/A","#N/A","#N/A","#N/A"
c3af155b-7ec1-48a2-a21c-6ca3c86f5cfe,"#N/A","#N/A",false,Web,"#N/A","#N/A",Medium,"#N/A",New,Subject_xsdzc,"#N/A","#N/A","#N/A","#N/A","#N/A"
c3b08654-59bb-430b-9427-acd1074081ef,"#N/A","#N/A",false,Web,"#N/A","#N/A",Medium,"#N/A",New,Subject_ydwtd,"#N/A","#N/A","#N/A","#N/A","#N/A"
c3b392ad-3fc5-400e-91ff-4bca94355033,"#N/A","#N/A",false,Web,"#N/A","#N/A",Medium,"#N/A",New,Subject_ptzqy,"#N/A","#N/A","#N/A","#N/A","#N/A"
c3b8f5a6-91b0-4667-90e5-b8fa9a4720db,"#N/A","#N/A",false,Web,"#N/A","#N/A",Medium,"#N/A",New,Subject_wevni,"#N/A","#N/A","#N/A","#N/A","#N/A"
c3b9840e-4aa3-48e5-912a-69e72156f5de,"#N/A","#N/A",false,Web,"#N/A","#N/A",Medium,"#N/A",New,Subject_hnwca,"#N/A","#N/A","#N/A","#N/A","#N/A"
c3bb3730-1bab-4581-8c83-baece2256529,"#N/A","#N/A",false,Web,"#N/A","#N/A",Medium,"#N/A",New,Subject_teyzg,"#N/A","#N/A","#N/A","#N/A","#N/A"
c3bbd316-f3bd-4cad-981a-bd801b2d79bf,"#N/A","#N/A",false,Web,"#N/A","#N/A",Medium,"#N/A",New,Subject_ldbbi,"#N/A","#N/A","#N/A","#N/A","#N/A"
c3be0f18-7bb1-408c-a5ea-33c4f163c3f1,"#N/A","#N/A",false,Web,"#N/A","#N/A",Medium,"#N/A",New,Subject_iiioe,"#N/A","#N/A","#N/A","#N/A","#N/A"
c3c05d08-f544-4bc6-9e82-46d41b347a4f,"#N/A","#N/A",false,Web,"#N/A","#N/A",Medium,"#N/A",New,Subject_gkmbj,"#N/A","#N/A","#N/A","#N/A","#N/A"
c3c148fe-ddd2-4bdf-bd10-25bccac6a42c,"#N/A","#N/A",false,Web,"#N/A","#N/A",Medium,"#N/A",New,Subject_paena,"#N/A","#N/A","#N/A","#N/A","#N/A"
c3c7d19b-1de5-4084-a5ba-719ba67b5eef,"#N/A","#N/A",false,Web,"#N/A","#N/A",Medium,"#N/A",New,Subject_axtww,"#N/A","#N/A","#N/A","#N/A","#N/A"
c3caa8e7-b1ce-405d-b6db-406d8ac7bc57,"#N/A","#N/A",false,Web,"#N/A","#N/A",Medium,"#N/A",New,Subject_rypib,"#N/A","#N/A","#N/A","#N/A","#N/A"
c3cbd8f8-520b-48b4-9636-ca5b5aa60f0d,"#N/A","#N/A",false,Web,"#N/A","#N/A",Medium,"#N/A",New,Subject_cujky,"#N/A","#N/A","#N/A","#N/A","#N/A"
c3cfb01f-41c1-48a8-8131-4fd24d82d8c2,"#N/A","#N/A",false,Web,"#N/A","#N/A",Medium,"#N/A",New,Subject_rpndq,"#N/A","#N/A","#N/A","#N/A","#N/A"
c3cfdba9-dfaf-4ae4-99f5-203cf5202c4a,"#N/A","#N/A",false,Web,"#N/A","#N/A",Medium,"#N/A",New,Subject_kfzww,"#N/A","#N/A","#N/A","#N/A","#N/A"
c3d3e30d-1b40-43c0-876b-6df48d3e254a,"#N/A","#N/A",false,Web,"#N/A","#N/A",Medium,"#N/A",New,Subject_ykcbp,"#N/A","#N/A","#N/A","#N/A","#N/A"
c3dc3abd-28c2-4b55-8c4d-b4caaa71a14d,"#N/A","#N/A",false,Web,"#N/A","#N/A",Medium,"#N/A",New,Subject_yvded,"#N/A","#N/A","#N/A","#N/A","#N/A"
c3e52b5c-6b62-4421-b159-4a1d52ecfb15,"#N/A","#N/A",false,Web,"#N/A","#N/A",Medium,"#N/A",New,Subject_dijys,"#N/A","#N/A","#N/A","#N/A","#N/A"
c3ea2287-c51b-4346-9663-ec24675a3a9f,"#N/A","#N/A",false,Web,"#N/A","#N/A",Medium,"#N/A",New,Subject_xqdft,"#N/A","#N/A","#N/A","#N/A","#N/A"
c3ea28cb-908b-46cb-96cb-eec2513a443b,"#N/A","#N/A",false,Web,"#N/A","#N/A",Medium,"#N/A",New,Subject_xfetj,"#N/A","#N/A","#N/A","#N/A","#N/A"
c3ea52c8-5715-411a-87d7-0614c5f1d82a,"#N/A","#N/A",false,Web,"#N/A","#N/A",Medium,"#N/A",New,Subject_gymru,"#N/A","#N/A","#N/A","#N/A","#N/A"
c3ef2d9c-5813-488d-a6ac-6fe684fcaf31,"#N/A","#N/A",false,Web,"#N/A","#N/A",Medium,"#N/A",New,Subject_kptqc,"#N/A","#N/A","#N/A","#N/A","#N/A"
c3f1b4f9-0431-478c-aba3-6a83a2d9321d,"#N/A","#N/A",false,Web,"#N/A","#N/A",Medium,"#N/A",New,Subject_qcyce,"#N/A","#N/A","#N/A","#N/A","#N/A"
c3f28cb2-3fa5-4207-a4ee-1b5c77147033,"#N/A","#N/A",false,Web,"#N/A","#N/A",Medium,"#N/A",New,Subject_owrxw,"#N/A","#N/A","#N/A","#N/A","#N/A"
c3f317fb-bf55-4b4a-8178-b8be1ba7dc26,"#N/A","#N/A",false,Web,"#N/A","#N/A",Medium,"#N/A",New,Subject_dcqdl,"#N/A","#N/A","#N/A","#N/A","#N/A"
c3f41594-a034-4069-a1a6-76422735e7b1,"#N/A","#N/A",false,Web,"#N/A","#N/A",Medium,"#N/A",New,Subject_boulb,"#N/A","#N/A","#N/A","#N/A","#N/A"
c3f4780c-fa24-42b6-882b-ca7d58139db1,"#N/A","#N/A",false,Web,"#N/A","#N/A",Medium,"#N/A",New,Subject_egweo,"#N/A","#N/A","#N/A","#N/A","#N/A"
c3f62598-fbc9-43c0-b404-ef507d7c05ed,"#N/A","#N/A",false,Web,"#N/A","#N/A",Medium,"#N/A",New,Subject_zmnij,"#N/A","#N/A","#N/A","#N/A","#N/A"
c3f76314-b331-4be6-9748-e3133ad7eee1,"#N/A","#N/A",false,Web,"#N/A","#N/A",Medium,"#N/A",New,Subject_efqyw,"#N/A","#N/A","#N/A","#N/A","#N/A"
c3f892ba-323d-4e42-8dbc-532082192929,"#N/A","#N/A",false,Web,"#N/A","#N/A",Medium,"#N/A",New,Subject_bqzub,"#N/A","#N/A","#N/A","#N/A","#N/A"
c3f8ef28-e63e-4385-b7fb-b0da4945eb2e,"#N/A","#N/A",false,Web,"#N/A","#N/A",Medium,"#N/A",New,Subject_hajsu,"#N/A","#N/A","#N/A","#N/A","#N/A"
c3ffb76a-89e3-4cd4-9df0-6b238ae9bed9,"#N/A","#N/A",false,Web,"#N/A","#N/A",Medium,"#N/A",New,Subject_qovmu,"#N/A","#N/A","#N/A","#N/A","#N/A"
c3ffcb1d-cc03-421d-a197-933b92fbaffa,"#N/A","#N/A",false,Web,"#N/A","#N/A",Medium,"#N/A",New,Subject_tgmlm,"#N/A","#N/A","#N/A","#N/A","#N/A"
c4005e96-344c-4687-9095-b831a5c2b518,"#N/A","#N/A",false,Web,"#N/A","#N/A",Medium,"#N/A",New,Subject_kglln,"#N/A","#N/A","#N/A","#N/A","#N/A"
c403c3cb-2853-452f-b465-5eb03a3f78d2,"#N/A","#N/A",false,Web,"#N/A","#N/A",Medium,"#N/A",New,Subject_daekb,"#N/A","#N/A","#N/A","#N/A","#N/A"
c4059385-84c1-4444-976d-d447bcc76af4,"#N/A","#N/A",false,Web,"#N/A","#N/A",Medium,"#N/A",New,Subject_xabjy,"#N/A","#N/A","#N/A","#N/A","#N/A"
c409a9bd-75b2-4b92-b1e9-f6615424dce9,"#N/A","#N/A",false,Web,"#N/A","#N/A",Medium,"#N/A",New,Subject_jblvs,"#N/A","#N/A","#N/A","#N/A","#N/A"
c40e0755-b239-4b87-9406-b54789f68788,"#N/A","#N/A",false,Web,"#N/A","#N/A",Medium,"#N/A",New,Subject_ovptc,"#N/A","#N/A","#N/A","#N/A","#N/A"
c40ef00b-2846-4297-a230-6c7faa72bdb7,"#N/A","#N/A",false,Web,"#N/A","#N/A",Medium,"#N/A",New,Subject_zqwao,"#N/A","#N/A","#N/A","#N/A","#N/A"
c4122394-f8e9-4f97-8b48-1e16896f0cdd,"#N/A","#N/A",false,Web,"#N/A","#N/A",Medium,"#N/A",New,Subject_wevcq,"#N/A","#N/A","#N/A","#N/A","#N/A"
c41513f9-727b-4a3d-863b-40274ceda3da,"#N/A","#N/A",false,Web,"#N/A","#N/A",Medium,"#N/A",New,Subject_ymooj,"#N/A","#N/A","#N/A","#N/A","#N/A"
c41713a6-2e4b-40fe-aab9-d6c84867b3a7,"#N/A","#N/A",false,Web,"#N/A","#N/A",Medium,"#N/A",New,Subject_tyxig,"#N/A","#N/A","#N/A","#N/A","#N/A"
c4185da7-3548-4ce1-98e3-c25129b73af6,"#N/A","#N/A",false,Web,"#N/A","#N/A",Medium,"#N/A",New,Subject_tqczy,"#N/A","#N/A","#N/A","#N/A","#N/A"
c41c1e93-6643-4ae5-ba6a-efcc966dd304,"#N/A","#N/A",false,Web,"#N/A","#N/A",Medium,"#N/A",New,Subject_psipv,"#N/A","#N/A","#N/A","#N/A","#N/A"
c421f106-0dc3-4040-ac88-a3926ab4a409,"#N/A","#N/A",false,Web,"#N/A","#N/A",Medium,"#N/A",New,Subject_crmbg,"#N/A","#N/A","#N/A","#N/A","#N/A"
c4235a79-ab2a-486f-bb88-662635c6811a,"#N/A","#N/A",false,Web,"#N/A","#N/A",Medium,"#N/A",New,Subject_aqcfa,"#N/A","#N/A","#N/A","#N/A","#N/A"
c42798ef-b3a5-4824-a97b-5b58bae33fa9,"#N/A","#N/A",false,Web,"#N/A","#N/A",Medium,"#N/A",New,Subject_rkbch,"#N/A","#N/A","#N/A","#N/A","#N/A"
c42cb707-51f3-4be4-8f78-2411af7a73c0,"#N/A","#N/A",false,Web,"#N/A","#N/A",Medium,"#N/A",New,Subject_siifw,"#N/A","#N/A","#N/A","#N/A","#N/A"
c42e6e74-4ac7-4549-85cf-6cd4e2c4e07b,"#N/A","#N/A",false,Web,"#N/A","#N/A",Medium,"#N/A",New,Subject_ctdfq,"#N/A","#N/A","#N/A","#N/A","#N/A"
c42ef2fd-597a-48f4-9f8f-a8d0fc919b5a,"#N/A","#N/A",false,Web,"#N/A","#N/A",Medium,"#N/A",New,Subject_jfvgv,"#N/A","#N/A","#N/A","#N/A","#N/A"
c42f8a3d-4267-4f0a-b05e-01376ec37507,"#N/A","#N/A",false,Web,"#N/A","#N/A",Medium,"#N/A",New,Subject_leuvh,"#N/A","#N/A","#N/A","#N/A","#N/A"
c43633d1-f214-4c20-b38a-16af44c7288a,"#N/A","#N/A",false,Web,"#N/A","#N/A",Medium,"#N/A",New,Subject_tmiqw,"#N/A","#N/A","#N/A","#N/A","#N/A"
c4367812-e00f-4bad-b63a-2604ddb640eb,"#N/A","#N/A",false,Web,"#N/A","#N/A",Medium,"#N/A",New,Subject_cvpgq,"#N/A","#N/A","#N/A","#N/A","#N/A"
c437286a-fe53-4895-a204-6ea008bf7265,"#N/A","#N/A",false,Web,"#N/A","#N/A",Medium,"#N/A",New,Subject_xtpfu,"#N/A","#N/A","#N/A","#N/A","#N/A"
c4418f10-61ca-4f50-b75d-97d03f1e3731,"#N/A","#N/A",false,Web,"#N/A","#N/A",Medium,"#N/A",New,Subject_tbxpw,"#N/A","#N/A","#N/A","#N/A","#N/A"
c441bf7a-cacd-4839-85f4-620ccea5895d,"#N/A","#N/A",false,Web,"#N/A","#N/A",Medium,"#N/A",New,Subject_mcuon,"#N/A","#N/A","#N/A","#N/A","#N/A"
c4441c5b-94de-4944-bf85-21f0a7ff1d63,"#N/A","#N/A",false,Web,"#N/A","#N/A",Medium,"#N/A",New,Subject_nrrkl,"#N/A","#N/A","#N/A","#N/A","#N/A"
c4449eb5-05ff-4bda-a64e-890457ad4b13,"#N/A","#N/A",false,Web,"#N/A","#N/A",Medium,"#N/A",New,Subject_kqnjm,"#N/A","#N/A","#N/A","#N/A","#N/A"
c44d30e4-a244-4c11-b689-6c639499e789,"#N/A","#N/A",false,Web,"#N/A","#N/A",Medium,"#N/A",New,Subject_tiuhi,"#N/A","#N/A","#N/A","#N/A","#N/A"
c450bbdb-5dc2-462d-9c0a-b3cec95da7d0,"#N/A","#N/A",false,Web,"#N/A","#N/A",Medium,"#N/A",New,Subject_lczia,"#N/A","#N/A","#N/A","#N/A","#N/A"
c45296ed-cc1c-4d36-8868-fd02ea1449ee,"#N/A","#N/A",false,Web,"#N/A","#N/A",Medium,"#N/A",New,Subject_acpeq,"#N/A","#N/A","#N/A","#N/A","#N/A"
c4544925-9e19-48e7-952d-31121efbe761,"#N/A","#N/A",false,Web,"#N/A","#N/A",Medium,"#N/A",New,Subject_gdhil,"#N/A","#N/A","#N/A","#N/A","#N/A"
c4548758-b93d-461a-8261-8dcf27509fc1,"#N/A","#N/A",false,Web,"#N/A","#N/A",Medium,"#N/A",New,Subject_xpwxb,"#N/A","#N/A","#N/A","#N/A","#N/A"
c456db0f-8d95-4bd7-b4a3-66df7e967ceb,"#N/A","#N/A",false,Web,"#N/A","#N/A",Medium,"#N/A",New,Subject_ohsdo,"#N/A","#N/A","#N/A","#N/A","#N/A"
c45858ee-faa6-4cb9-9d67-a45d9f8852c2,"#N/A","#N/A",false,Web,"#N/A","#N/A",Medium,"#N/A",New,Subject_wrlny,"#N/A","#N/A","#N/A","#N/A","#N/A"
c459688c-1ca4-4577-9e83-8bb75b95e9ee,"#N/A","#N/A",false,Web,"#N/A","#N/A",Medium,"#N/A",New,Subject_pdngv,"#N/A","#N/A","#N/A","#N/A","#N/A"
c45a78d6-feb4-4430-897c-b21ef8ec0861,"#N/A","#N/A",false,Web,"#N/A","#N/A",Medium,"#N/A",New,Subject_ikahh,"#N/A","#N/A","#N/A","#N/A","#N/A"
c45df3ba-cbb3-4ab8-a3af-32df6254e1fd,"#N/A","#N/A",false,Web,"#N/A","#N/A",Medium,"#N/A",New,Subject_ipwvh,"#N/A","#N/A","#N/A","#N/A","#N/A"
c45e037c-71dc-4595-945b-86001df3627d,"#N/A","#N/A",false,Web,"#N/A","#N/A",Medium,"#N/A",New,Subject_qogla,"#N/A","#N/A","#N/A","#N/A","#N/A"
c463bf68-6b45-423f-ab89-7bb09e597160,"#N/A","#N/A",false,Web,"#N/A","#N/A",Medium,"#N/A",New,Subject_crdgx,"#N/A","#N/A","#N/A","#N/A","#N/A"
c465f0ed-0c53-4e11-b6d6-fd424a9d16b3,"#N/A","#N/A",false,Web,"#N/A","#N/A",Medium,"#N/A",New,Subject_djxjv,"#N/A","#N/A","#N/A","#N/A","#N/A"
c46676cd-903d-4663-bdac-f02827efa558,"#N/A","#N/A",false,Web,"#N/A","#N/A",Medium,"#N/A",New,Subject_fripi,"#N/A","#N/A","#N/A","#N/A","#N/A"
c467a455-765a-4504-b00b-1a78403d0535,"#N/A","#N/A",false,Web,"#N/A","#N/A",Medium,"#N/A",New,Subject_citef,"#N/A","#N/A","#N/A","#N/A","#N/A"
c46854a0-92a6-4011-b376-957831d4fa03,"#N/A","#N/A",false,Web,"#N/A","#N/A",Medium,"#N/A",New,Subject_niocz,"#N/A","#N/A","#N/A","#N/A","#N/A"
c468baf5-4742-47e9-9a61-dec49ca2e6a5,"#N/A","#N/A",false,Web,"#N/A","#N/A",Medium,"#N/A",New,Subject_evroh,"#N/A","#N/A","#N/A","#N/A","#N/A"
c4699b4d-5b3c-4722-a0a9-9210380d1bb2,"#N/A","#N/A",false,Web,"#N/A","#N/A",Medium,"#N/A",New,Subject_vqlyp,"#N/A","#N/A","#N/A","#N/A","#N/A"
c469b065-154a-40c4-8fa2-4dc4ec9c04f7,"#N/A","#N/A",false,Web,"#N/A","#N/A",Medium,"#N/A",New,Subject_mqouy,"#N/A","#N/A","#N/A","#N/A","#N/A"
c46d3188-8cc3-4d07-ba67-60c9ee7b3e3f,"#N/A","#N/A",false,Web,"#N/A","#N/A",Medium,"#N/A",New,Subject_owfie,"#N/A","#N/A","#N/A","#N/A","#N/A"
c4749184-b94d-4e6e-b8d7-4f2bd6a54c89,"#N/A","#N/A",false,Web,"#N/A","#N/A",Medium,"#N/A",New,Subject_vxuam,"#N/A","#N/A","#N/A","#N/A","#N/A"
c47ff3a0-cb7a-452b-ad30-c5289967e8e3,"#N/A","#N/A",false,Web,"#N/A","#N/A",Medium,"#N/A",New,Subject_ukluw,"#N/A","#N/A","#N/A","#N/A","#N/A"
c4801b2a-38c3-4c91-bda0-3be5c30835dc,"#N/A","#N/A",false,Web,"#N/A","#N/A",Medium,"#N/A",New,Subject_ztmmm,"#N/A","#N/A","#N/A","#N/A","#N/A"
c4838239-a03e-41c2-8cca-c4753fbf52fb,"#N/A","#N/A",false,Web,"#N/A","#N/A",Medium,"#N/A",New,Subject_feygj,"#N/A","#N/A","#N/A","#N/A","#N/A"
c4858ced-cc3c-4bc9-8dfe-594a3bdbe369,"#N/A","#N/A",false,Web,"#N/A","#N/A",Medium,"#N/A",New,Subject_irinv,"#N/A","#N/A","#N/A","#N/A","#N/A"
c485b430-a493-4e75-8543-c6ac49dabac1,"#N/A","#N/A",false,Web,"#N/A","#N/A",Medium,"#N/A",New,Subject_dmycg,"#N/A","#N/A","#N/A","#N/A","#N/A"
c487a52f-1f02-4719-8481-1c69b510350f,"#N/A","#N/A",false,Web,"#N/A","#N/A",Medium,"#N/A",New,Subject_qfaqe,"#N/A","#N/A","#N/A","#N/A","#N/A"
c487e432-78d1-40b4-b997-7f0d8614bd72,"#N/A","#N/A",false,Web,"#N/A","#N/A",Medium,"#N/A",New,Subject_jeyrt,"#N/A","#N/A","#N/A","#N/A","#N/A"
c4885625-48ec-4f15-be4b-6451028cdbae,"#N/A","#N/A",false,Web,"#N/A","#N/A",Medium,"#N/A",New,Subject_jigsz,"#N/A","#N/A","#N/A","#N/A","#N/A"
c488793b-ec64-40b7-8fc7-b5d52891ec2d,"#N/A","#N/A",false,Web,"#N/A","#N/A",Medium,"#N/A",New,Subject_daoue,"#N/A","#N/A","#N/A","#N/A","#N/A"
c490bc95-7456-40c1-a8b2-0081ce8e65e3,"#N/A","#N/A",false,Web,"#N/A","#N/A",Medium,"#N/A",New,Subject_hxpsk,"#N/A","#N/A","#N/A","#N/A","#N/A"
c49368fb-9ce9-497c-b791-427f0e549569,"#N/A","#N/A",false,Web,"#N/A","#N/A",Medium,"#N/A",New,Subject_evynr,"#N/A","#N/A","#N/A","#N/A","#N/A"
c4984d87-0c79-4d61-86b1-79af4e33f6d6,"#N/A","#N/A",false,Web,"#N/A","#N/A",Medium,"#N/A",New,Subject_xjuyp,"#N/A","#N/A","#N/A","#N/A","#N/A"
c49958ec-2e03-41b7-ab51-72b0afa0deb5,"#N/A","#N/A",false,Web,"#N/A","#N/A",Medium,"#N/A",New,Subject_ksejn,"#N/A","#N/A","#N/A","#N/A","#N/A"
c49989cd-7329-4d60-aa54-9b1e8e34399f,"#N/A","#N/A",false,Web,"#N/A","#N/A",Medium,"#N/A",New,Subject_lwlxv,"#N/A","#N/A","#N/A","#N/A","#N/A"
c49a1f10-d5b2-4a3c-946d-01f6fbe29677,"#N/A","#N/A",false,Web,"#N/A","#N/A",Medium,"#N/A",New,Subject_kubpz,"#N/A","#N/A","#N/A","#N/A","#N/A"
c49ba17c-c33d-4ac0-b0cb-c03042a420eb,"#N/A","#N/A",false,Web,"#N/A","#N/A",Medium,"#N/A",New,Subject_ovluc,"#N/A","#N/A","#N/A","#N/A","#N/A"
c4a3485a-2055-4954-999b-98991125f5f9,"#N/A","#N/A",false,Web,"#N/A","#N/A",Medium,"#N/A",New,Subject_bqmbl,"#N/A","#N/A","#N/A","#N/A","#N/A"
c4a4a49b-8a32-4db0-aeec-b74c2012bb73,"#N/A","#N/A",false,Web,"#N/A","#N/A",Medium,"#N/A",New,Subject_qtpib,"#N/A","#N/A","#N/A","#N/A","#N/A"
c4a54386-fbd1-438f-86ef-5494f6da1697,"#N/A","#N/A",false,Web,"#N/A","#N/A",Medium,"#N/A",New,Subject_gvpyy,"#N/A","#N/A","#N/A","#N/A","#N/A"
c4a58024-674f-49f8-97d1-8087322340e5,"#N/A","#N/A",false,Web,"#N/A","#N/A",Medium,"#N/A",New,Subject_xchcw,"#N/A","#N/A","#N/A","#N/A","#N/A"
c4a74f39-5ae3-457d-869b-8b78b82c9376,"#N/A","#N/A",false,Web,"#N/A","#N/A",Medium,"#N/A",New,Subject_ffwue,"#N/A","#N/A","#N/A","#N/A","#N/A"
c4a7a20c-49e3-4eb8-a96d-95961af6c34c,"#N/A","#N/A",false,Web,"#N/A","#N/A",Medium,"#N/A",New,Subject_quoyn,"#N/A","#N/A","#N/A","#N/A","#N/A"
c4ab9d14-0f96-4017-8976-41764d87df68,"#N/A","#N/A",false,Web,"#N/A","#N/A",Medium,"#N/A",New,Subject_gngnp,"#N/A","#N/A","#N/A","#N/A","#N/A"
c4b43cc3-247a-4c18-8f53-6a78409f2a33,"#N/A","#N/A",false,Web,"#N/A","#N/A",Medium,"#N/A",New,Subject_ggmbr,"#N/A","#N/A","#N/A","#N/A","#N/A"
c4b5b09b-6bf4-45ad-8eed-f36d0c735238,"#N/A","#N/A",false,Web,"#N/A","#N/A",Medium,"#N/A",New,Subject_hvwrg,"#N/A","#N/A","#N/A","#N/A","#N/A"
c4bb06f3-c20a-4dfc-a285-d8148f22197b,"#N/A","#N/A",false,Web,"#N/A","#N/A",Medium,"#N/A",New,Subject_vmopa,"#N/A","#N/A","#N/A","#N/A","#N/A"
c4bcc919-6907-4467-b1c8-8ff39219913d,"#N/A","#N/A",false,Web,"#N/A","#N/A",Medium,"#N/A",New,Subject_ecyka,"#N/A","#N/A","#N/A","#N/A","#N/A"
c4bd628f-5547-4a8b-953a-9ce987aca4a5,"#N/A","#N/A",false,Web,"#N/A","#N/A",Medium,"#N/A",New,Subject_nzfab,"#N/A","#N/A","#N/A","#N/A","#N/A"
c4be36a6-641c-4fa7-aa37-8ced84383da2,"#N/A","#N/A",false,Web,"#N/A","#N/A",Medium,"#N/A",New,Subject_luopk,"#N/A","#N/A","#N/A","#N/A","#N/A"
c4bee71f-d609-48e2-a009-f80a9a1f7dc0,"#N/A","#N/A",false,Web,"#N/A","#N/A",Medium,"#N/A",New,Subject_nuwaz,"#N/A","#N/A","#N/A","#N/A","#N/A"
c4c0bdeb-91e9-435c-b33c-6fcfc6100afc,"#N/A","#N/A",false,Web,"#N/A","#N/A",Medium,"#N/A",New,Subject_gvlzt,"#N/A","#N/A","#N/A","#N/A","#N/A"
c4c1ad97-1b0e-456b-99eb-aca3a820e398,"#N/A","#N/A",false,Web,"#N/A","#N/A",Medium,"#N/A",New,Subject_oiayl,"#N/A","#N/A","#N/A","#N/A","#N/A"
c4c440eb-c524-4e19-be18-83670d6ad8fd,"#N/A","#N/A",false,Web,"#N/A","#N/A",Medium,"#N/A",New,Subject_hmhiw,"#N/A","#N/A","#N/A","#N/A","#N/A"
c4c6297e-fa90-412e-a432-3d400402973f,"#N/A","#N/A",false,Web,"#N/A","#N/A",Medium,"#N/A",New,Subject_ieqkf,"#N/A","#N/A","#N/A","#N/A","#N/A"
c4c76600-6179-49c1-9571-bd118b9f0c64,"#N/A","#N/A",false,Web,"#N/A","#N/A",Medium,"#N/A",New,Subject_fslaf,"#N/A","#N/A","#N/A","#N/A","#N/A"
c4cb4c2a-b597-4073-a152-63650c5c0b65,"#N/A","#N/A",false,Web,"#N/A","#N/A",Medium,"#N/A",New,Subject_xhssf,"#N/A","#N/A","#N/A","#N/A","#N/A"
c4d2e38e-6604-47e7-96cb-c40e65ca2e08,"#N/A","#N/A",false,Web,"#N/A","#N/A",Medium,"#N/A",New,Subject_qjicp,"#N/A","#N/A","#N/A","#N/A","#N/A"
c4d7203a-8e6e-42b2-b77f-836499c6f851,"#N/A","#N/A",false,Web,"#N/A","#N/A",Medium,"#N/A",New,Subject_velos,"#N/A","#N/A","#N/A","#N/A","#N/A"
c4d77791-613b-40b5-a0be-698c63dfb202,"#N/A","#N/A",false,Web,"#N/A","#N/A",Medium,"#N/A",New,Subject_ozbyh,"#N/A","#N/A","#N/A","#N/A","#N/A"
c4d82779-a6be-41c4-b250-428ef171f61e,"#N/A","#N/A",false,Web,"#N/A","#N/A",Medium,"#N/A",New,Subject_brlnn,"#N/A","#N/A","#N/A","#N/A","#N/A"
c4db3c73-a83d-4cc9-8a63-6d4cd78d80f0,"#N/A","#N/A",false,Web,"#N/A","#N/A",Medium,"#N/A",New,Subject_fbbzx,"#N/A","#N/A","#N/A","#N/A","#N/A"
c4dc3384-f7fa-4e4c-af31-8e08ca20f6fe,"#N/A","#N/A",false,Web,"#N/A","#N/A",Medium,"#N/A",New,Subject_slukr,"#N/A","#N/A","#N/A","#N/A","#N/A"
c4ddf71b-de2b-4005-b139-a3debf3cd63a,"#N/A","#N/A",false,Web,"#N/A","#N/A",Medium,"#N/A",New,Subject_cosyt,"#N/A","#N/A","#N/A","#N/A","#N/A"
c4df7496-ef45-4751-b1a0-4e4d0306dd3f,"#N/A","#N/A",false,Web,"#N/A","#N/A",Medium,"#N/A",New,Subject_yugfp,"#N/A","#N/A","#N/A","#N/A","#N/A"
c4dfd857-03a9-4b8e-b2bc-2c22c17b35c5,"#N/A","#N/A",false,Web,"#N/A","#N/A",Medium,"#N/A",New,Subject_gwita,"#N/A","#N/A","#N/A","#N/A","#N/A"
c4e5c311-55a6-4f9d-8bb6-e2afe0867e97,"#N/A","#N/A",false,Web,"#N/A","#N/A",Medium,"#N/A",New,Subject_fhviv,"#N/A","#N/A","#N/A","#N/A","#N/A"
c4e651f8-c9b3-4d97-ae12-c0df5ab76e2c,"#N/A","#N/A",false,Web,"#N/A","#N/A",Medium,"#N/A",New,Subject_odjfp,"#N/A","#N/A","#N/A","#N/A","#N/A"
c4e68134-b3c7-4c68-9129-0a833dd4d571,"#N/A","#N/A",false,Web,"#N/A","#N/A",Medium,"#N/A",New,Subject_neqfp,"#N/A","#N/A","#N/A","#N/A","#N/A"
c4e6ab9a-3271-40f5-b24b-6ada5215b879,"#N/A","#N/A",false,Web,"#N/A","#N/A",Medium,"#N/A",New,Subject_ztxvt,"#N/A","#N/A","#N/A","#N/A","#N/A"
c4e7e562-085b-4816-b94c-5c70eceb1fcd,"#N/A","#N/A",false,Web,"#N/A","#N/A",Medium,"#N/A",New,Subject_wqpsv,"#N/A","#N/A","#N/A","#N/A","#N/A"
c4eb39ef-858b-41ef-a3d4-5f2691e744d2,"#N/A","#N/A",false,Web,"#N/A","#N/A",Medium,"#N/A",New,Subject_htnkb,"#N/A","#N/A","#N/A","#N/A","#N/A"
c4efa5ab-98e2-4d7f-acf2-7202d02ed5bf,"#N/A","#N/A",false,Web,"#N/A","#N/A",Medium,"#N/A",New,Subject_pzqio,"#N/A","#N/A","#N/A","#N/A","#N/A"
c4f31a6e-7eb8-4db9-8539-ac7bc265060f,"#N/A","#N/A",false,Web,"#N/A","#N/A",Medium,"#N/A",New,Subject_iyqma,"#N/A","#N/A","#N/A","#N/A","#N/A"
c4f4fe20-8c6b-4762-9bc8-bf10079efe32,"#N/A","#N/A",false,Web,"#N/A","#N/A",Medium,"#N/A",New,Subject_bmbvb,"#N/A","#N/A","#N/A","#N/A","#N/A"
c4f7489c-ce7b-4153-b422-5eb21bbdb84d,"#N/A","#N/A",false,Web,"#N/A","#N/A",Medium,"#N/A",New,Subject_ahnvp,"#N/A","#N/A","#N/A","#N/A","#N/A"
c4f91957-48ca-4d8d-8392-04954fc8d6f4,"#N/A","#N/A",false,Web,"#N/A","#N/A",Medium,"#N/A",New,Subject_dcxaj,"#N/A","#N/A","#N/A","#N/A","#N/A"
c4fa22c7-499f-41b4-a8b9-4fb2d18a92d9,"#N/A","#N/A",false,Web,"#N/A","#N/A",Medium,"#N/A",New,Subject_sknmv,"#N/A","#N/A","#N/A","#N/A","#N/A"
c4fbb65f-a193-45b3-aee4-e1183f399e5a,"#N/A","#N/A",false,Web,"#N/A","#N/A",Medium,"#N/A",New,Subject_dlflm,"#N/A","#N/A","#N/A","#N/A","#N/A"
c4fd6aa5-3507-4fec-a9c4-e2ace3b6dd04,"#N/A","#N/A",false,Web,"#N/A","#N/A",Medium,"#N/A",New,Subject_bnfmb,"#N/A","#N/A","#N/A","#N/A","#N/A"
c4fdcd0f-5fcc-4a54-8174-5f38c5bdabd3,"#N/A","#N/A",false,Web,"#N/A","#N/A",Medium,"#N/A",New,Subject_fwvgv,"#N/A","#N/A","#N/A","#N/A","#N/A"
c500ac59-d8e9-43ad-b664-b0bd7a6d7de6,"#N/A","#N/A",false,Web,"#N/A","#N/A",Medium,"#N/A",New,Subject_hipxe,"#N/A","#N/A","#N/A","#N/A","#N/A"
c5025b47-ca42-4e73-8531-f20961c9162c,"#N/A","#N/A",false,Web,"#N/A","#N/A",Medium,"#N/A",New,Subject_ccdlb,"#N/A","#N/A","#N/A","#N/A","#N/A"
c502b3ac-6d2b-48e8-8612-7832542663f7,"#N/A","#N/A",false,Web,"#N/A","#N/A",Medium,"#N/A",New,Subject_vgrkv,"#N/A","#N/A","#N/A","#N/A","#N/A"
c505b211-c670-4bb3-b76a-54308f6160c1,"#N/A","#N/A",false,Web,"#N/A","#N/A",Medium,"#N/A",New,Subject_zmwec,"#N/A","#N/A","#N/A","#N/A","#N/A"
c505c178-b2bd-4bd0-84d8-b6474ed478a9,"#N/A","#N/A",false,Web,"#N/A","#N/A",Medium,"#N/A",New,Subject_jroxz,"#N/A","#N/A","#N/A","#N/A","#N/A"
c506380f-86e0-4a06-ac8c-bad6df164253,"#N/A","#N/A",false,Web,"#N/A","#N/A",Medium,"#N/A",New,Subject_lagsf,"#N/A","#N/A","#N/A","#N/A","#N/A"
c50c0fe0-e65b-47d4-81e4-16fa20996f3a,"#N/A","#N/A",false,Web,"#N/A","#N/A",Medium,"#N/A",New,Subject_dlchr,"#N/A","#N/A","#N/A","#N/A","#N/A"
c50db3e5-51f4-4248-afd9-411eceb39b07,"#N/A","#N/A",false,Web,"#N/A","#N/A",Medium,"#N/A",New,Subject_miryf,"#N/A","#N/A","#N/A","#N/A","#N/A"
c50f5554-c5ee-43dc-95b1-df0864bd31e3,"#N/A","#N/A",false,Web,"#N/A","#N/A",Medium,"#N/A",New,Subject_euihc,"#N/A","#N/A","#N/A","#N/A","#N/A"
c512f0e3-2bd3-4b30-ab60-de4c6677e6b6,"#N/A","#N/A",false,Web,"#N/A","#N/A",Medium,"#N/A",New,Subject_wrlge,"#N/A","#N/A","#N/A","#N/A","#N/A"
c518aacc-96eb-4e1b-8cd2-23ab12a7e443,"#N/A","#N/A",false,Web,"#N/A","#N/A",Medium,"#N/A",New,Subject_xvdjh,"#N/A","#N/A","#N/A","#N/A","#N/A"
c518cac5-9157-4f1c-9e80-cbf94b176b37,"#N/A","#N/A",false,Web,"#N/A","#N/A",Medium,"#N/A",New,Subject_cfbbw,"#N/A","#N/A","#N/A","#N/A","#N/A"
c51af979-e4bc-448d-a26b-0943de618059,"#N/A","#N/A",false,Web,"#N/A","#N/A",Medium,"#N/A",New,Subject_gysrg,"#N/A","#N/A","#N/A","#N/A","#N/A"
c52c311e-d3c1-4240-b200-9fddd7bfc369,"#N/A","#N/A",false,Web,"#N/A","#N/A",Medium,"#N/A",New,Subject_tbuvq,"#N/A","#N/A","#N/A","#N/A","#N/A"
c52fe174-6ac3-4259-91ca-a2b4ac71d134,"#N/A","#N/A",false,Web,"#N/A","#N/A",Medium,"#N/A",New,Subject_ieveb,"#N/A","#N/A","#N/A","#N/A","#N/A"
c534f99b-53a9-4034-b0b7-a0656cc4ba0e,"#N/A","#N/A",false,Web,"#N/A","#N/A",Medium,"#N/A",New,Subject_adnkl,"#N/A","#N/A","#N/A","#N/A","#N/A"
c535e7a3-ff2e-42f5-92c3-f325d5a758fc,"#N/A","#N/A",false,Web,"#N/A","#N/A",Medium,"#N/A",New,Subject_kyawb,"#N/A","#N/A","#N/A","#N/A","#N/A"
c5361c93-1977-4ba6-950c-2a16147478fc,"#N/A","#N/A",false,Web,"#N/A","#N/A",Medium,"#N/A",New,Subject_qeltd,"#N/A","#N/A","#N/A","#N/A","#N/A"
c5369c59-8cd7-4966-9224-b5d9449ae4df,"#N/A","#N/A",false,Web,"#N/A","#N/A",Medium,"#N/A",New,Subject_ehoxz,"#N/A","#N/A","#N/A","#N/A","#N/A"
c5390e6c-06aa-4113-9159-b5d754708575,"#N/A","#N/A",false,Web,"#N/A","#N/A",Medium,"#N/A",New,Subject_nqmcm,"#N/A","#N/A","#N/A","#N/A","#N/A"
c53ae6f8-f8b6-467c-8072-b1f1166d38d4,"#N/A","#N/A",false,Web,"#N/A","#N/A",Medium,"#N/A",New,Subject_fghzp,"#N/A","#N/A","#N/A","#N/A","#N/A"
c54190b9-8a83-4bc6-8f43-26d647aa7467,"#N/A","#N/A",false,Web,"#N/A","#N/A",Medium,"#N/A",New,Subject_dkkfg,"#N/A","#N/A","#N/A","#N/A","#N/A"
c546b89a-779f-43ec-b804-d461214ae125,"#N/A","#N/A",false,Web,"#N/A","#N/A",Medium,"#N/A",New,Subject_ciatq,"#N/A","#N/A","#N/A","#N/A","#N/A"
c546f41b-21d1-4009-952b-c16694112a9f,"#N/A","#N/A",false,Web,"#N/A","#N/A",Medium,"#N/A",New,Subject_lduif,"#N/A","#N/A","#N/A","#N/A","#N/A"
c547ff07-148b-4b4b-9f87-7c0fbd28c00b,"#N/A","#N/A",false,Web,"#N/A","#N/A",Medium,"#N/A",New,Subject_khzfd,"#N/A","#N/A","#N/A","#N/A","#N/A"
c54d4313-a33e-4e5e-8ba3-d4167721f634,"#N/A","#N/A",false,Web,"#N/A","#N/A",Medium,"#N/A",New,Subject_htxmc,"#N/A","#N/A","#N/A","#N/A","#N/A"
c54fd6e4-f9ed-4105-9f79-296072416b66,"#N/A","#N/A",false,Web,"#N/A","#N/A",Medium,"#N/A",New,Subject_wwurs,"#N/A","#N/A","#N/A","#N/A","#N/A"
c558e2ad-f64b-4034-ae4e-0f85c3fb8bc1,"#N/A","#N/A",false,Web,"#N/A","#N/A",Medium,"#N/A",New,Subject_gudal,"#N/A","#N/A","#N/A","#N/A","#N/A"
c55d211a-8a92-4fc3-80b2-a75fc6d818a3,"#N/A","#N/A",false,Web,"#N/A","#N/A",Medium,"#N/A",New,Subject_yfzik,"#N/A","#N/A","#N/A","#N/A","#N/A"
c55df0ae-b5d5-4241-8370-77325d35e612,"#N/A","#N/A",false,Web,"#N/A","#N/A",Medium,"#N/A",New,Subject_zvfbb,"#N/A","#N/A","#N/A","#N/A","#N/A"
c55e3409-6672-4e0a-afe7-bc3e00d826b4,"#N/A","#N/A",false,Web,"#N/A","#N/A",Medium,"#N/A",New,Subject_gdpxo,"#N/A","#N/A","#N/A","#N/A","#N/A"
c565370d-61e5-41bf-a194-4ac48068ae1a,"#N/A","#N/A",false,Web,"#N/A","#N/A",Medium,"#N/A",New,Subject_znbef,"#N/A","#N/A","#N/A","#N/A","#N/A"
c565bb8f-b0d7-4597-8cd4-f7f9e7da543b,"#N/A","#N/A",false,Web,"#N/A","#N/A",Medium,"#N/A",New,Subject_wvapc,"#N/A","#N/A","#N/A","#N/A","#N/A"
c5665613-27c9-4748-a338-48006d2d43d8,"#N/A","#N/A",false,Web,"#N/A","#N/A",Medium,"#N/A",New,Subject_mcflk,"#N/A","#N/A","#N/A","#N/A","#N/A"
c56903d4-6802-49d7-a191-f159ca014493,"#N/A","#N/A",false,Web,"#N/A","#N/A",Medium,"#N/A",New,Subject_pmdbc,"#N/A","#N/A","#N/A","#N/A","#N/A"
c5695c1e-7f61-4b82-ac1b-4180890ad762,"#N/A","#N/A",false,Web,"#N/A","#N/A",Medium,"#N/A",New,Subject_ezuni,"#N/A","#N/A","#N/A","#N/A","#N/A"
c56a9e01-67ca-49c1-b8a7-7a857e567fe4,"#N/A","#N/A",false,Web,"#N/A","#N/A",Medium,"#N/A",New,Subject_guzow,"#N/A","#N/A","#N/A","#N/A","#N/A"
c56bc149-164c-4cab-83a2-8e9c65dd3338,"#N/A","#N/A",false,Web,"#N/A","#N/A",Medium,"#N/A",New,Subject_brgul,"#N/A","#N/A","#N/A","#N/A","#N/A"
c56f0ff9-04d1-4f6e-805f-47624eaf7536,"#N/A","#N/A",false,Web,"#N/A","#N/A",Medium,"#N/A",New,Subject_gffpg,"#N/A","#N/A","#N/A","#N/A","#N/A"
c56fda6f-f562-4b92-aedd-c4af8a166990,"#N/A","#N/A",false,Web,"#N/A","#N/A",Medium,"#N/A",New,Subject_ejdsp,"#N/A","#N/A","#N/A","#N/A","#N/A"
c5738181-cdd6-4aa5-8bb8-090c91dc8439,"#N/A","#N/A",false,Web,"#N/A","#N/A",Medium,"#N/A",New,Subject_hrrcd,"#N/A","#N/A","#N/A","#N/A","#N/A"
c578a762-1780-4daa-aae3-4cd18d6cb0e9,"#N/A","#N/A",false,Web,"#N/A","#N/A",Medium,"#N/A",New,Subject_insbq,"#N/A","#N/A","#N/A","#N/A","#N/A"
c57a5c23-4241-49b1-bf7e-b927ea2e7fd9,"#N/A","#N/A",false,Web,"#N/A","#N/A",Medium,"#N/A",New,Subject_mljuv,"#N/A","#N/A","#N/A","#N/A","#N/A"
c57c46e1-b3d4-4d76-9f07-1406f9a43550,"#N/A","#N/A",false,Web,"#N/A","#N/A",Medium,"#N/A",New,Subject_uyswy,"#N/A","#N/A","#N/A","#N/A","#N/A"
c57e1605-eb47-485e-bec4-291065b6ccb4,"#N/A","#N/A",false,Web,"#N/A","#N/A",Medium,"#N/A",New,Subject_qgilw,"#N/A","#N/A","#N/A","#N/A","#N/A"
c5823345-a213-486b-b449-f7a9d7d8a77c,"#N/A","#N/A",false,Web,"#N/A","#N/A",Medium,"#N/A",New,Subject_wdakj,"#N/A","#N/A","#N/A","#N/A","#N/A"
c5847937-6807-4faa-a37e-d605ce6391ae,"#N/A","#N/A",false,Web,"#N/A","#N/A",Medium,"#N/A",New,Subject_sgrew,"#N/A","#N/A","#N/A","#N/A","#N/A"
c586dc29-2401-4bf9-a355-bde7b712ad57,"#N/A","#N/A",false,Web,"#N/A","#N/A",Medium,"#N/A",New,Subject_ngcnz,"#N/A","#N/A","#N/A","#N/A","#N/A"
c587e3a8-1567-412a-b9a7-9c331275c0a9,"#N/A","#N/A",false,Web,"#N/A","#N/A",Medium,"#N/A",New,Subject_zamzl,"#N/A","#N/A","#N/A","#N/A","#N/A"
c5884f48-c363-4ff8-9391-f85bf43eaf09,"#N/A","#N/A",false,Web,"#N/A","#N/A",Medium,"#N/A",New,Subject_tkfqq,"#N/A","#N/A","#N/A","#N/A","#N/A"
c58dbab6-602a-4832-bc4d-83ab1d228f8a,"#N/A","#N/A",false,Web,"#N/A","#N/A",Medium,"#N/A",New,Subject_jmbbt,"#N/A","#N/A","#N/A","#N/A","#N/A"
c58ed3f0-1c71-4932-8b1d-574a346cdda3,"#N/A","#N/A",false,Web,"#N/A","#N/A",Medium,"#N/A",New,Subject_rhiqv,"#N/A","#N/A","#N/A","#N/A","#N/A"
c590185b-4c35-4a6b-9c68-2119f39ae01c,"#N/A","#N/A",false,Web,"#N/A","#N/A",Medium,"#N/A",New,Subject_wokkd,"#N/A","#N/A","#N/A","#N/A","#N/A"
c597b981-f912-4bc6-8bb7-a742eb26f005,"#N/A","#N/A",false,Web,"#N/A","#N/A",Medium,"#N/A",New,Subject_udhhr,"#N/A","#N/A","#N/A","#N/A","#N/A"
c59a43af-9bfb-47a7-9968-c4e5844b4a8b,"#N/A","#N/A",false,Web,"#N/A","#N/A",Medium,"#N/A",New,Subject_uuqvz,"#N/A","#N/A","#N/A","#N/A","#N/A"
c59bc0ea-0a71-47a3-9bad-36ed458ba505,"#N/A","#N/A",false,Web,"#N/A","#N/A",Medium,"#N/A",New,Subject_ituym,"#N/A","#N/A","#N/A","#N/A","#N/A"
c5a040c8-a9ca-40d1-a3a5-6c327f3fb4b0,"#N/A","#N/A",false,Web,"#N/A","#N/A",Medium,"#N/A",New,Subject_vqhik,"#N/A","#N/A","#N/A","#N/A","#N/A"
c5a4502d-aebf-4420-99d9-9a1a77381bcf,"#N/A","#N/A",false,Web,"#N/A","#N/A",Medium,"#N/A",New,Subject_mtwlx,"#N/A","#N/A","#N/A","#N/A","#N/A"
c5aaa447-5f48-4d54-bcef-1bbc7d1e3b7c,"#N/A","#N/A",false,Web,"#N/A","#N/A",Medium,"#N/A",New,Subject_qczsh,"#N/A","#N/A","#N/A","#N/A","#N/A"
c5b7c02f-3d3c-4444-bb82-122f3503810b,"#N/A","#N/A",false,Web,"#N/A","#N/A",Medium,"#N/A",New,Subject_lbves,"#N/A","#N/A","#N/A","#N/A","#N/A"
c5bca99f-5d82-4dc6-8038-fc24dd856992,"#N/A","#N/A",false,Web,"#N/A","#N/A",Medium,"#N/A",New,Subject_njwun,"#N/A","#N/A","#N/A","#N/A","#N/A"
c5bdb123-7404-4718-b73d-974fd1dfbcfb,"#N/A","#N/A",false,Web,"#N/A","#N/A",Medium,"#N/A",New,Subject_iefzu,"#N/A","#N/A","#N/A","#N/A","#N/A"
c5c212eb-1c61-4bd1-9695-057df70b16c0,"#N/A","#N/A",false,Web,"#N/A","#N/A",Medium,"#N/A",New,Subject_zvogn,"#N/A","#N/A","#N/A","#N/A","#N/A"
c5c39301-2189-4425-95c8-7e4a4623a9c4,"#N/A","#N/A",false,Web,"#N/A","#N/A",Medium,"#N/A",New,Subject_hruze,"#N/A","#N/A","#N/A","#N/A","#N/A"
c5c42115-00fe-47d5-b5ae-e244c7132907,"#N/A","#N/A",false,Web,"#N/A","#N/A",Medium,"#N/A",New,Subject_ymlhv,"#N/A","#N/A","#N/A","#N/A","#N/A"
c5c4af35-5607-4531-bfe9-d09551ad1f6f,"#N/A","#N/A",false,Web,"#N/A","#N/A",Medium,"#N/A",New,Subject_ptxeu,"#N/A","#N/A","#N/A","#N/A","#N/A"
c5c68479-c6d8-4d95-af46-ae93e734540c,"#N/A","#N/A",false,Web,"#N/A","#N/A",Medium,"#N/A",New,Subject_pplsw,"#N/A","#N/A","#N/A","#N/A","#N/A"
c5c7ad4d-7f1d-4575-82b2-feb02d17a28b,"#N/A","#N/A",false,Web,"#N/A","#N/A",Medium,"#N/A",New,Subject_ibemx,"#N/A","#N/A","#N/A","#N/A","#N/A"
c5c8493f-7e81-4766-a3ce-60473b355f38,"#N/A","#N/A",false,Web,"#N/A","#N/A",Medium,"#N/A",New,Subject_sxire,"#N/A","#N/A","#N/A","#N/A","#N/A"
c5c8b8af-597a-4e4d-88d5-10d4d0df8151,"#N/A","#N/A",false,Web,"#N/A","#N/A",Medium,"#N/A",New,Subject_ogrqt,"#N/A","#N/A","#N/A","#N/A","#N/A"
c5c90721-1956-4f4b-a11d-3ac18a41f1f8,"#N/A","#N/A",false,Web,"#N/A","#N/A",Medium,"#N/A",New,Subject_ambep,"#N/A","#N/A","#N/A","#N/A","#N/A"
c5cc7e89-7e79-437b-98ec-1e88c35da23a,"#N/A","#N/A",false,Web,"#N/A","#N/A",Medium,"#N/A",New,Subject_yjglf,"#N/A","#N/A","#N/A","#N/A","#N/A"
c5d11ce2-5f4b-476b-8245-8d8913ec2e15,"#N/A","#N/A",false,Web,"#N/A","#N/A",Medium,"#N/A",New,Subject_hcymv,"#N/A","#N/A","#N/A","#N/A","#N/A"
c5d18a92-3bc5-4390-af55-b3c52f5361c0,"#N/A","#N/A",false,Web,"#N/A","#N/A",Medium,"#N/A",New,Subject_lwpof,"#N/A","#N/A","#N/A","#N/A","#N/A"
c5d7cf67-2f92-4aed-b845-8e3b018f66c5,"#N/A","#N/A",false,Web,"#N/A","#N/A",Medium,"#N/A",New,Subject_poubl,"#N/A","#N/A","#N/A","#N/A","#N/A"
c5dfc71f-bc23-4f4a-a0d8-03ae914d1019,"#N/A","#N/A",false,Web,"#N/A","#N/A",Medium,"#N/A",New,Subject_aujlh,"#N/A","#N/A","#N/A","#N/A","#N/A"
c5e02700-e7a2-4a9d-88b4-c72e238fafc1,"#N/A","#N/A",false,Web,"#N/A","#N/A",Medium,"#N/A",New,Subject_fcgfr,"#N/A","#N/A","#N/A","#N/A","#N/A"
c5e366f8-05ee-453d-8de0-90a30d812c86,"#N/A","#N/A",false,Web,"#N/A","#N/A",Medium,"#N/A",New,Subject_pvbuu,"#N/A","#N/A","#N/A","#N/A","#N/A"
c5e44f4d-bb03-4a77-a763-116112702705,"#N/A","#N/A",false,Web,"#N/A","#N/A",Medium,"#N/A",New,Subject_qddbe,"#N/A","#N/A","#N/A","#N/A","#N/A"
c5e5adfc-1026-44c6-a5d3-ef542332375a,"#N/A","#N/A",false,Web,"#N/A","#N/A",Medium,"#N/A",New,Subject_caveo,"#N/A","#N/A","#N/A","#N/A","#N/A"
c5e6cc12-3bc3-4687-a13e-52e060951815,"#N/A","#N/A",false,Web,"#N/A","#N/A",Medium,"#N/A",New,Subject_dfbuk,"#N/A","#N/A","#N/A","#N/A","#N/A"
c5e8fa92-684b-4d8f-92b2-268378768887,"#N/A","#N/A",false,Web,"#N/A","#N/A",Medium,"#N/A",New,Subject_lnkaa,"#N/A","#N/A","#N/A","#N/A","#N/A"
c5e9a52e-13c7-4279-b0df-7ee009fb62a9,"#N/A","#N/A",false,Web,"#N/A","#N/A",Medium,"#N/A",New,Subject_ptksa,"#N/A","#N/A","#N/A","#N/A","#N/A"
c5e9c174-f4cf-4dee-9688-38e08d87c3ad,"#N/A","#N/A",false,Web,"#N/A","#N/A",Medium,"#N/A",New,Subject_rirkk,"#N/A","#N/A","#N/A","#N/A","#N/A"
c5e9c3d5-0c43-44bd-9292-94fb8a7025dd,"#N/A","#N/A",false,Web,"#N/A","#N/A",Medium,"#N/A",New,Subject_upgtu,"#N/A","#N/A","#N/A","#N/A","#N/A"
c5ea84bf-c492-48c5-add7-9c9276f93194,"#N/A","#N/A",false,Web,"#N/A","#N/A",Medium,"#N/A",New,Subject_ujarc,"#N/A","#N/A","#N/A","#N/A","#N/A"
c5ea9100-b18b-4f4d-8014-2c96947b9513,"#N/A","#N/A",false,Web,"#N/A","#N/A",Medium,"#N/A",New,Subject_ycqwi,"#N/A","#N/A","#N/A","#N/A","#N/A"
c5eb68ba-a943-4c1b-a844-18c549fb4c41,"#N/A","#N/A",false,Web,"#N/A","#N/A",Medium,"#N/A",New,Subject_gzdcl,"#N/A","#N/A","#N/A","#N/A","#N/A"
c5ef4246-ce18-486b-8540-623cc57e27f7,"#N/A","#N/A",false,Web,"#N/A","#N/A",Medium,"#N/A",New,Subject_hkcom,"#N/A","#N/A","#N/A","#N/A","#N/A"
c5efc26b-7bed-4fe2-9e0a-e37c380cc773,"#N/A","#N/A",false,Web,"#N/A","#N/A",Medium,"#N/A",New,Subject_zacwv,"#N/A","#N/A","#N/A","#N/A","#N/A"
c5efd668-7f82-4f03-8f16-41f3e1a8d667,"#N/A","#N/A",false,Web,"#N/A","#N/A",Medium,"#N/A",New,Subject_gppwn,"#N/A","#N/A","#N/A","#N/A","#N/A"
c5f0f85e-4edc-4d59-b6e9-85c2cc52ad26,"#N/A","#N/A",false,Web,"#N/A","#N/A",Medium,"#N/A",New,Subject_ndzws,"#N/A","#N/A","#N/A","#N/A","#N/A"
c5f10778-d828-470e-980c-a466136231f0,"#N/A","#N/A",false,Web,"#N/A","#N/A",Medium,"#N/A",New,Subject_mxzxw,"#N/A","#N/A","#N/A","#N/A","#N/A"
c5f796f9-3fdb-4971-b834-b96563d0b227,"#N/A","#N/A",false,Web,"#N/A","#N/A",Medium,"#N/A",New,Subject_uucqh,"#N/A","#N/A","#N/A","#N/A","#N/A"
c5fa7446-b339-4864-a7d4-00f6dd7ec507,"#N/A","#N/A",false,Web,"#N/A","#N/A",Medium,"#N/A",New,Subject_uixbm,"#N/A","#N/A","#N/A","#N/A","#N/A"
c603ce0d-57b9-4eea-84f0-2c942220386e,"#N/A","#N/A",false,Web,"#N/A","#N/A",Medium,"#N/A",New,Subject_lbhgy,"#N/A","#N/A","#N/A","#N/A","#N/A"
c6042357-c634-4093-8ff0-146a6dc79af9,"#N/A","#N/A",false,Web,"#N/A","#N/A",Medium,"#N/A",New,Subject_izgeu,"#N/A","#N/A","#N/A","#N/A","#N/A"
c6062d69-08ea-4728-ba1e-d7a313b1816f,"#N/A","#N/A",false,Web,"#N/A","#N/A",Medium,"#N/A",New,Subject_uwras,"#N/A","#N/A","#N/A","#N/A","#N/A"
c6101e51-6f9e-444a-8712-d2c2ca20bb24,"#N/A","#N/A",false,Web,"#N/A","#N/A",Medium,"#N/A",New,Subject_unxoa,"#N/A","#N/A","#N/A","#N/A","#N/A"
c6104be0-fcc9-4be8-85b9-32ab71375b51,"#N/A","#N/A",false,Web,"#N/A","#N/A",Medium,"#N/A",New,Subject_hcqje,"#N/A","#N/A","#N/A","#N/A","#N/A"
c610f181-3395-4d59-a0e3-733e345d347e,"#N/A","#N/A",false,Web,"#N/A","#N/A",Medium,"#N/A",New,Subject_clbob,"#N/A","#N/A","#N/A","#N/A","#N/A"
c6155ac4-891b-400e-b7dc-8ee1d3c69892,"#N/A","#N/A",false,Web,"#N/A","#N/A",Medium,"#N/A",New,Subject_jlxvy,"#N/A","#N/A","#N/A","#N/A","#N/A"
c6161318-04ef-4f38-81d0-4bc18e77c2fd,"#N/A","#N/A",false,Web,"#N/A","#N/A",Medium,"#N/A",New,Subject_vzrmq,"#N/A","#N/A","#N/A","#N/A","#N/A"
c618fce1-979e-4d65-9026-d18f82567b4d,"#N/A","#N/A",false,Web,"#N/A","#N/A",Medium,"#N/A",New,Subject_zaazb,"#N/A","#N/A","#N/A","#N/A","#N/A"
c61d4b94-eb9d-40c1-98b1-098e059bd936,"#N/A","#N/A",false,Web,"#N/A","#N/A",Medium,"#N/A",New,Subject_gswhx,"#N/A","#N/A","#N/A","#N/A","#N/A"
c6230baa-fdf9-436b-a4b3-e7f5335ede6c,"#N/A","#N/A",false,Web,"#N/A","#N/A",Medium,"#N/A",New,Subject_zockv,"#N/A","#N/A","#N/A","#N/A","#N/A"
c6248b2c-163b-4b0f-a08b-ca0436937cde,"#N/A","#N/A",false,Web,"#N/A","#N/A",Medium,"#N/A",New,Subject_wlpry,"#N/A","#N/A","#N/A","#N/A","#N/A"
c62dcdf3-7afe-4d9b-af3b-9d7936962d43,"#N/A","#N/A",false,Web,"#N/A","#N/A",Medium,"#N/A",New,Subject_kfobj,"#N/A","#N/A","#N/A","#N/A","#N/A"
c62e3d2d-4e95-48b1-b69e-17646dfd967f,"#N/A","#N/A",false,Web,"#N/A","#N/A",Medium,"#N/A",New,Subject_uobfh,"#N/A","#N/A","#N/A","#N/A","#N/A"
c62e8fa7-769c-4ba1-8314-001a0118bef2,"#N/A","#N/A",false,Web,"#N/A","#N/A",Medium,"#N/A",New,Subject_txdja,"#N/A","#N/A","#N/A","#N/A","#N/A"
c6325513-fd40-4320-82a8-018e3f42fb25,"#N/A","#N/A",false,Web,"#N/A","#N/A",Medium,"#N/A",New,Subject_briaz,"#N/A","#N/A","#N/A","#N/A","#N/A"
c6339857-2902-472e-92f4-b654d55d9559,"#N/A","#N/A",false,Web,"#N/A","#N/A",Medium,"#N/A",New,Subject_qhfkc,"#N/A","#N/A","#N/A","#N/A","#N/A"
c6384a2c-ec74-4a92-ba15-6fa8ffd5b162,"#N/A","#N/A",false,Web,"#N/A","#N/A",Medium,"#N/A",New,Subject_yrepx,"#N/A","#N/A","#N/A","#N/A","#N/A"
c63c788e-c42e-4d18-8056-bcfeabd05019,"#N/A","#N/A",false,Web,"#N/A","#N/A",Medium,"#N/A",New,Subject_uxpaf,"#N/A","#N/A","#N/A","#N/A","#N/A"
c63c8276-2a32-4d1b-b2a9-c356553fe011,"#N/A","#N/A",false,Web,"#N/A","#N/A",Medium,"#N/A",New,Subject_uqsvd,"#N/A","#N/A","#N/A","#N/A","#N/A"
c640dfbb-be3f-4563-b1d2-72c1ac627813,"#N/A","#N/A",false,Web,"#N/A","#N/A",Medium,"#N/A",New,Subject_atejm,"#N/A","#N/A","#N/A","#N/A","#N/A"
c6410159-97b3-481f-971a-c47d91e7e715,"#N/A","#N/A",false,Web,"#N/A","#N/A",Medium,"#N/A",New,Subject_ihppr,"#N/A","#N/A","#N/A","#N/A","#N/A"
c643192e-a6a4-4419-9e10-e42a6b493f94,"#N/A","#N/A",false,Web,"#N/A","#N/A",Medium,"#N/A",New,Subject_pnvie,"#N/A","#N/A","#N/A","#N/A","#N/A"
c645af90-84d6-4faa-9852-b53c267799a0,"#N/A","#N/A",false,Web,"#N/A","#N/A",Medium,"#N/A",New,Subject_maoih,"#N/A","#N/A","#N/A","#N/A","#N/A"
c6472410-53ac-43f7-92ae-8f03b9d8df28,"#N/A","#N/A",false,Web,"#N/A","#N/A",Medium,"#N/A",New,Subject_rqjkj,"#N/A","#N/A","#N/A","#N/A","#N/A"
c64a5863-6cb7-4388-b863-54a73d159080,"#N/A","#N/A",false,Web,"#N/A","#N/A",Medium,"#N/A",New,Subject_xwrtx,"#N/A","#N/A","#N/A","#N/A","#N/A"
c64bb3eb-59da-4d6f-9e70-1a238d9ae6bd,"#N/A","#N/A",false,Web,"#N/A","#N/A",Medium,"#N/A",New,Subject_iemtt,"#N/A","#N/A","#N/A","#N/A","#N/A"
c64e98b8-9822-4af9-b92b-52cd7f115223,"#N/A","#N/A",false,Web,"#N/A","#N/A",Medium,"#N/A",New,Subject_hhtqm,"#N/A","#N/A","#N/A","#N/A","#N/A"
c64ee8d8-1d8e-4de2-9636-09149aa97008,"#N/A","#N/A",false,Web,"#N/A","#N/A",Medium,"#N/A",New,Subject_rpyce,"#N/A","#N/A","#N/A","#N/A","#N/A"
c64fe508-eecd-42e4-b7ed-013e0a451a9a,"#N/A","#N/A",false,Web,"#N/A","#N/A",Medium,"#N/A",New,Subject_cawjl,"#N/A","#N/A","#N/A","#N/A","#N/A"
c652ee89-4acd-4e3a-928e-cac6a20b0f63,"#N/A","#N/A",false,Web,"#N/A","#N/A",Medium,"#N/A",New,Subject_vznfj,"#N/A","#N/A","#N/A","#N/A","#N/A"
c65521c3-84ac-411f-8fef-105672c13279,"#N/A","#N/A",false,Web,"#N/A","#N/A",Medium,"#N/A",New,Subject_bqutm,"#N/A","#N/A","#N/A","#N/A","#N/A"
c6563004-67d8-4ccc-9c0c-10998ee070c2,"#N/A","#N/A",false,Web,"#N/A","#N/A",Medium,"#N/A",New,Subject_uyzqk,"#N/A","#N/A","#N/A","#N/A","#N/A"
c6598fe5-89e6-4d41-bd0f-0ddbc0f056ff,"#N/A","#N/A",false,Web,"#N/A","#N/A",Medium,"#N/A",New,Subject_egest,"#N/A","#N/A","#N/A","#N/A","#N/A"
c65a6c3d-6fed-49a8-af9b-267a7dfc93f5,"#N/A","#N/A",false,Web,"#N/A","#N/A",Medium,"#N/A",New,Subject_tgcun,"#N/A","#N/A","#N/A","#N/A","#N/A"
c65bb6ac-8765-4b71-a670-ee10d3f9034d,"#N/A","#N/A",false,Web,"#N/A","#N/A",Medium,"#N/A",New,Subject_vofic,"#N/A","#N/A","#N/A","#N/A","#N/A"
c66ad073-cfbe-4231-8cb5-c732f5bbe859,"#N/A","#N/A",false,Web,"#N/A","#N/A",Medium,"#N/A",New,Subject_gswhx,"#N/A","#N/A","#N/A","#N/A","#N/A"
c66cdb39-f937-4409-9ce1-a0bfca6a8a2b,"#N/A","#N/A",false,Web,"#N/A","#N/A",Medium,"#N/A",New,Subject_svqfh,"#N/A","#N/A","#N/A","#N/A","#N/A"
c67121b0-b9bc-4db1-bab6-ca20ecb31334,"#N/A","#N/A",false,Web,"#N/A","#N/A",Medium,"#N/A",New,Subject_mnhqd,"#N/A","#N/A","#N/A","#N/A","#N/A"
c6713cd3-7c34-417e-b122-c99682836ff2,"#N/A","#N/A",false,Web,"#N/A","#N/A",Medium,"#N/A",New,Subject_cfohq,"#N/A","#N/A","#N/A","#N/A","#N/A"
c676504e-b01d-45b5-8394-31cb292c8c1c,"#N/A","#N/A",false,Web,"#N/A","#N/A",Medium,"#N/A",New,Subject_nytur,"#N/A","#N/A","#N/A","#N/A","#N/A"
c6777064-f600-4419-bb56-1023ac0496b4,"#N/A","#N/A",false,Web,"#N/A","#N/A",Medium,"#N/A",New,Subject_wupjx,"#N/A","#N/A","#N/A","#N/A","#N/A"
c6787920-4f8b-43de-accb-76a721d5f920,"#N/A","#N/A",false,Web,"#N/A","#N/A",Medium,"#N/A",New,Subject_apcxe,"#N/A","#N/A","#N/A","#N/A","#N/A"
c67a97c8-2eea-4d10-85a2-57fce682217a,"#N/A","#N/A",false,Web,"#N/A","#N/A",Medium,"#N/A",New,Subject_msece,"#N/A","#N/A","#N/A","#N/A","#N/A"
c67af711-b952-41b5-88df-e06e017daa74,"#N/A","#N/A",false,Web,"#N/A","#N/A",Medium,"#N/A",New,Subject_lnqxn,"#N/A","#N/A","#N/A","#N/A","#N/A"
c6813435-fba0-499c-aef0-198b1f1fc394,"#N/A","#N/A",false,Web,"#N/A","#N/A",Medium,"#N/A",New,Subject_pieoe,"#N/A","#N/A","#N/A","#N/A","#N/A"
c681a90c-79ca-4611-864c-bc5e70d8d197,"#N/A","#N/A",false,Web,"#N/A","#N/A",Medium,"#N/A",New,Subject_hohuc,"#N/A","#N/A","#N/A","#N/A","#N/A"
c6891574-32cc-4a33-90c7-c3eda8b317c4,"#N/A","#N/A",false,Web,"#N/A","#N/A",Medium,"#N/A",New,Subject_mcjqm,"#N/A","#N/A","#N/A","#N/A","#N/A"
c68a98f5-05c0-4939-85e2-198f82effaed,"#N/A","#N/A",false,Web,"#N/A","#N/A",Medium,"#N/A",New,Subject_grmtu,"#N/A","#N/A","#N/A","#N/A","#N/A"
c68ac997-1045-4f0a-a197-9b98a43330ad,"#N/A","#N/A",false,Web,"#N/A","#N/A",Medium,"#N/A",New,Subject_aatke,"#N/A","#N/A","#N/A","#N/A","#N/A"
c68d0924-380d-4c69-8c5c-caeb888af620,"#N/A","#N/A",false,Web,"#N/A","#N/A",Medium,"#N/A",New,Subject_njmou,"#N/A","#N/A","#N/A","#N/A","#N/A"
c690b89d-bdd8-4f1f-b1de-385f4f815b4f,"#N/A","#N/A",false,Web,"#N/A","#N/A",Medium,"#N/A",New,Subject_ijiuf,"#N/A","#N/A","#N/A","#N/A","#N/A"
c691d9eb-4f59-46f1-9afe-b8bcd27c04c6,"#N/A","#N/A",false,Web,"#N/A","#N/A",Medium,"#N/A",New,Subject_rxtvo,"#N/A","#N/A","#N/A","#N/A","#N/A"
c6923e24-8e79-4b84-b979-92d5d9f71614,"#N/A","#N/A",false,Web,"#N/A","#N/A",Medium,"#N/A",New,Subject_gzmbm,"#N/A","#N/A","#N/A","#N/A","#N/A"
c6925461-34ac-4445-97f0-7d20a0a32230,"#N/A","#N/A",false,Web,"#N/A","#N/A",Medium,"#N/A",New,Subject_gotpr,"#N/A","#N/A","#N/A","#N/A","#N/A"
c692b475-efa4-4b64-930b-e0e294d6695c,"#N/A","#N/A",false,Web,"#N/A","#N/A",Medium,"#N/A",New,Subject_dsqdn,"#N/A","#N/A","#N/A","#N/A","#N/A"
c6995c1b-e334-4bdb-9da0-4487fd68631b,"#N/A","#N/A",false,Web,"#N/A","#N/A",Medium,"#N/A",New,Subject_ssfvn,"#N/A","#N/A","#N/A","#N/A","#N/A"
c69a1b4c-dbf8-478b-b317-067f761c66b6,"#N/A","#N/A",false,Web,"#N/A","#N/A",Medium,"#N/A",New,Subject_dzjnq,"#N/A","#N/A","#N/A","#N/A","#N/A"
c69b1f7c-85fc-4eda-bb00-71fc55f0764f,"#N/A","#N/A",false,Web,"#N/A","#N/A",Medium,"#N/A",New,Subject_zhlcw,"#N/A","#N/A","#N/A","#N/A","#N/A"
c6a2478e-009c-4b7d-9923-5322863f846c,"#N/A","#N/A",false,Web,"#N/A","#N/A",Medium,"#N/A",New,Subject_xjcmu,"#N/A","#N/A","#N/A","#N/A","#N/A"
c6aae9e0-d584-4842-9f19-1a1f5ec85ced,"#N/A","#N/A",false,Web,"#N/A","#N/A",Medium,"#N/A",New,Subject_gjorx,"#N/A","#N/A","#N/A","#N/A","#N/A"
c6ab6a48-5e2d-4fe5-96c5-4c8fdee86a2f,"#N/A","#N/A",false,Web,"#N/A","#N/A",Medium,"#N/A",New,Subject_cyvrr,"#N/A","#N/A","#N/A","#N/A","#N/A"
c6aceec2-8acb-43ec-b875-f7567d1d0fd2,"#N/A","#N/A",false,Web,"#N/A","#N/A",Medium,"#N/A",New,Subject_dnhqf,"#N/A","#N/A","#N/A","#N/A","#N/A"
c6b03d66-6d24-4c89-9f08-7b62a5ac3f34,"#N/A","#N/A",false,Web,"#N/A","#N/A",Medium,"#N/A",New,Subject_oqcen,"#N/A","#N/A","#N/A","#N/A","#N/A"
c6b1c85e-3fa3-43ca-a5c0-3682c9edd792,"#N/A","#N/A",false,Web,"#N/A","#N/A",Medium,"#N/A",New,Subject_ooieh,"#N/A","#N/A","#N/A","#N/A","#N/A"
c6b1f63f-0544-4b80-8efe-a7599d053626,"#N/A","#N/A",false,Web,"#N/A","#N/A",Medium,"#N/A",New,Subject_zwaef,"#N/A","#N/A","#N/A","#N/A","#N/A"
c6b48713-7fed-4c27-a30a-385889f0aa0f,"#N/A","#N/A",false,Web,"#N/A","#N/A",Medium,"#N/A",New,Subject_peghy,"#N/A","#N/A","#N/A","#N/A","#N/A"
c6bb731f-a0ff-419b-a264-1bcabca80131,"#N/A","#N/A",false,Web,"#N/A","#N/A",Medium,"#N/A",New,Subject_amjvx,"#N/A","#N/A","#N/A","#N/A","#N/A"
c6c0422d-72c5-4f29-94d1-3735ae6736f2,"#N/A","#N/A",false,Web,"#N/A","#N/A",Medium,"#N/A",New,Subject_zmvsa,"#N/A","#N/A","#N/A","#N/A","#N/A"
c6c3cd50-d546-4fde-a962-1635ce908717,"#N/A","#N/A",false,Web,"#N/A","#N/A",Medium,"#N/A",New,Subject_iswck,"#N/A","#N/A","#N/A","#N/A","#N/A"
c6c86126-cdd5-4731-863b-1b95c7f20180,"#N/A","#N/A",false,Web,"#N/A","#N/A",Medium,"#N/A",New,Subject_balch,"#N/A","#N/A","#N/A","#N/A","#N/A"
c6cab6be-197d-4b3b-9c31-79d9fe4d27cd,"#N/A","#N/A",false,Web,"#N/A","#N/A",Medium,"#N/A",New,Subject_oqgoe,"#N/A","#N/A","#N/A","#N/A","#N/A"
c6cac1c6-6a82-4b2f-8298-41eea8aaeca7,"#N/A","#N/A",false,Web,"#N/A","#N/A",Medium,"#N/A",New,Subject_ghfkp,"#N/A","#N/A","#N/A","#N/A","#N/A"
c6d16d38-1c1b-4d2e-bf38-600e8cbdb18f,"#N/A","#N/A",false,Web,"#N/A","#N/A",Medium,"#N/A",New,Subject_zwfir,"#N/A","#N/A","#N/A","#N/A","#N/A"
c6d51da6-13ff-4e3f-83a4-c49ea57b048e,"#N/A","#N/A",false,Web,"#N/A","#N/A",Medium,"#N/A",New,Subject_juxfj,"#N/A","#N/A","#N/A","#N/A","#N/A"
c6d8ae16-bf5c-4311-b61e-d510b1f5e9a0,"#N/A","#N/A",false,Web,"#N/A","#N/A",Medium,"#N/A",New,Subject_txujk,"#N/A","#N/A","#N/A","#N/A","#N/A"
c6dfe621-ee58-448a-af62-d84e06cc803e,"#N/A","#N/A",false,Web,"#N/A","#N/A",Medium,"#N/A",New,Subject_apjfl,"#N/A","#N/A","#N/A","#N/A","#N/A"
c6e665b6-146e-4157-b737-fa0dce9c530f,"#N/A","#N/A",false,Web,"#N/A","#N/A",Medium,"#N/A",New,Subject_wycji,"#N/A","#N/A","#N/A","#N/A","#N/A"
c6e82c70-eee8-4c95-8c51-4dc1dad5bf6c,"#N/A","#N/A",false,Web,"#N/A","#N/A",Medium,"#N/A",New,Subject_xryer,"#N/A","#N/A","#N/A","#N/A","#N/A"
c6eb22a7-dabd-4c7d-ac83-b4dc12015e2d,"#N/A","#N/A",false,Web,"#N/A","#N/A",Medium,"#N/A",New,Subject_fepbn,"#N/A","#N/A","#N/A","#N/A","#N/A"
c6ebfaee-c0d5-4ed0-ac73-f755e243303f,"#N/A","#N/A",false,Web,"#N/A","#N/A",Medium,"#N/A",New,Subject_cttvy,"#N/A","#N/A","#N/A","#N/A","#N/A"
c6ed4e11-035d-47c0-b9c5-bf26ad9ffaac,"#N/A","#N/A",false,Web,"#N/A","#N/A",Medium,"#N/A",New,Subject_lkdvv,"#N/A","#N/A","#N/A","#N/A","#N/A"
c6f17e38-58b4-4627-ac0b-54f1e9fa0bb7,"#N/A","#N/A",false,Web,"#N/A","#N/A",Medium,"#N/A",New,Subject_wqrbi,"#N/A","#N/A","#N/A","#N/A","#N/A"
c6f1ec2d-3753-4152-818f-081125dac0d2,"#N/A","#N/A",false,Web,"#N/A","#N/A",Medium,"#N/A",New,Subject_edgkv,"#N/A","#N/A","#N/A","#N/A","#N/A"
c6f25ec2-e021-4c20-af1c-e9a838f687e6,"#N/A","#N/A",false,Web,"#N/A","#N/A",Medium,"#N/A",New,Subject_ojfzf,"#N/A","#N/A","#N/A","#N/A","#N/A"
c6f4623c-630a-415e-9208-5822b6f18c44,"#N/A","#N/A",false,Web,"#N/A","#N/A",Medium,"#N/A",New,Subject_lxdxd,"#N/A","#N/A","#N/A","#N/A","#N/A"
c6f52b40-b0ba-4298-8f05-29b20e80305b,"#N/A","#N/A",false,Web,"#N/A","#N/A",Medium,"#N/A",New,Subject_gzmbm,"#N/A","#N/A","#N/A","#N/A","#N/A"
c6f643ab-70d8-49c4-a506-81d161f59998,"#N/A","#N/A",false,Web,"#N/A","#N/A",Medium,"#N/A",New,Subject_cplfo,"#N/A","#N/A","#N/A","#N/A","#N/A"
c6fa7721-5970-4d40-a867-d51478d4114f,"#N/A","#N/A",false,Web,"#N/A","#N/A",Medium,"#N/A",New,Subject_posql,"#N/A","#N/A","#N/A","#N/A","#N/A"
c6fe10fe-500e-47b6-a869-5652993e1e1b,"#N/A","#N/A",false,Web,"#N/A","#N/A",Medium,"#N/A",New,Subject_lxxeg,"#N/A","#N/A","#N/A","#N/A","#N/A"
c6feffb8-5e20-45bc-b9a2-bbea1db9cd0a,"#N/A","#N/A",false,Web,"#N/A","#N/A",Medium,"#N/A",New,Subject_vjgmi,"#N/A","#N/A","#N/A","#N/A","#N/A"
c6ff1729-526a-4949-bbf3-8cd7c8e4ede1,"#N/A","#N/A",false,Web,"#N/A","#N/A",Medium,"#N/A",New,Subject_vpptk,"#N/A","#N/A","#N/A","#N/A","#N/A"
c7018d34-fc6b-4a60-b053-fa87938cc77c,"#N/A","#N/A",false,Web,"#N/A","#N/A",Medium,"#N/A",New,Subject_sjrfc,"#N/A","#N/A","#N/A","#N/A","#N/A"
c702422c-3191-443d-b895-e931f4ba9ebe,"#N/A","#N/A",false,Web,"#N/A","#N/A",Medium,"#N/A",New,Subject_bjoua,"#N/A","#N/A","#N/A","#N/A","#N/A"
c7028a5a-0e90-44a0-a81c-9fabee93a155,"#N/A","#N/A",false,Web,"#N/A","#N/A",Medium,"#N/A",New,Subject_mtgju,"#N/A","#N/A","#N/A","#N/A","#N/A"
c7061c91-16ec-4718-8def-4273ee1eca14,"#N/A","#N/A",false,Web,"#N/A","#N/A",Medium,"#N/A",New,Subject_yhkhf,"#N/A","#N/A","#N/A","#N/A","#N/A"
c711252c-d036-40e3-bc74-42657c1f429d,"#N/A","#N/A",false,Web,"#N/A","#N/A",Medium,"#N/A",New,Subject_eknhi,"#N/A","#N/A","#N/A","#N/A","#N/A"
c7123de3-c369-49fe-b3aa-63a540efc482,"#N/A","#N/A",false,Web,"#N/A","#N/A",Medium,"#N/A",New,Subject_ygkor,"#N/A","#N/A","#N/A","#N/A","#N/A"
c712638d-7608-46a8-9de7-efbb12e51e17,"#N/A","#N/A",false,Web,"#N/A","#N/A",Medium,"#N/A",New,Subject_beppx,"#N/A","#N/A","#N/A","#N/A","#N/A"
c71397b0-6bcd-4f75-88e9-f605f2a464c0,"#N/A","#N/A",false,Web,"#N/A","#N/A",Medium,"#N/A",New,Subject_zrydv,"#N/A","#N/A","#N/A","#N/A","#N/A"
c715dfae-1f58-4b65-b28f-9901cc15212d,"#N/A","#N/A",false,Web,"#N/A","#N/A",Medium,"#N/A",New,Subject_aaoqy,"#N/A","#N/A","#N/A","#N/A","#N/A"
c7167978-7a10-46c9-8d8e-20f2bfd7413b,"#N/A","#N/A",false,Web,"#N/A","#N/A",Medium,"#N/A",New,Subject_gqtpw,"#N/A","#N/A","#N/A","#N/A","#N/A"
c7180c41-dc69-48ac-b7ff-1550d4f650d5,"#N/A","#N/A",false,Web,"#N/A","#N/A",Medium,"#N/A",New,Subject_yogly,"#N/A","#N/A","#N/A","#N/A","#N/A"
c71ffdbc-6187-4387-9cd3-e05472641de6,"#N/A","#N/A",false,Web,"#N/A","#N/A",Medium,"#N/A",New,Subject_udmed,"#N/A","#N/A","#N/A","#N/A","#N/A"
c722cea5-3fa6-414b-975b-4d3735e1081c,"#N/A","#N/A",false,Web,"#N/A","#N/A",Medium,"#N/A",New,Subject_ifeeq,"#N/A","#N/A","#N/A","#N/A","#N/A"
c725e8cd-86f1-4ae4-911e-2f107ef09a8e,"#N/A","#N/A",false,Web,"#N/A","#N/A",Medium,"#N/A",New,Subject_pxnoi,"#N/A","#N/A","#N/A","#N/A","#N/A"
c72a6991-4c62-4d4c-9d58-86561d4a4d9f,"#N/A","#N/A",false,Web,"#N/A","#N/A",Medium,"#N/A",New,Subject_nfotk,"#N/A","#N/A","#N/A","#N/A","#N/A"
c72b6657-3159-4616-b42c-6925001f0feb,"#N/A","#N/A",false,Web,"#N/A","#N/A",Medium,"#N/A",New,Subject_uwfce,"#N/A","#N/A","#N/A","#N/A","#N/A"
c72d015a-0738-45a5-bc5f-0b4ce4330ed6,"#N/A","#N/A",false,Web,"#N/A","#N/A",Medium,"#N/A",New,Subject_sqbzk,"#N/A","#N/A","#N/A","#N/A","#N/A"
c72ea3e4-817e-408d-9385-54f74b4ef275,"#N/A","#N/A",false,Web,"#N/A","#N/A",Medium,"#N/A",New,Subject_zzaar,"#N/A","#N/A","#N/A","#N/A","#N/A"
c7310d44-da9c-4d33-826f-bac0ed71136e,"#N/A","#N/A",false,Web,"#N/A","#N/A",Medium,"#N/A",New,Subject_kwixf,"#N/A","#N/A","#N/A","#N/A","#N/A"
c737c483-af51-4e4f-88cb-8ed46cd2bfa7,"#N/A","#N/A",false,Web,"#N/A","#N/A",Medium,"#N/A",New,Subject_hfyaq,"#N/A","#N/A","#N/A","#N/A","#N/A"
c737e9c0-e79b-4745-ad2b-3d8fe28cfb1f,"#N/A","#N/A",false,Web,"#N/A","#N/A",Medium,"#N/A",New,Subject_ynjvl,"#N/A","#N/A","#N/A","#N/A","#N/A"
c74460e9-a8ae-44f1-8095-03e4ff4906bb,"#N/A","#N/A",false,Web,"#N/A","#N/A",Medium,"#N/A",New,Subject_fdrgy,"#N/A","#N/A","#N/A","#N/A","#N/A"
c746cea6-bc92-4d09-bad6-78c10537a32c,"#N/A","#N/A",false,Web,"#N/A","#N/A",Medium,"#N/A",New,Subject_kizkc,"#N/A","#N/A","#N/A","#N/A","#N/A"
c74ac5e4-82b5-4380-8b84-7eeceac2dbea,"#N/A","#N/A",false,Web,"#N/A","#N/A",Medium,"#N/A",New,Subject_xxshc,"#N/A","#N/A","#N/A","#N/A","#N/A"
c74b068b-72df-46b5-9f35-b8f38b61722c,"#N/A","#N/A",false,Web,"#N/A","#N/A",Medium,"#N/A",New,Subject_ubzka,"#N/A","#N/A","#N/A","#N/A","#N/A"
c74c2182-4da7-4a49-ad6d-12e1ad7963ad,"#N/A","#N/A",false,Web,"#N/A","#N/A",Medium,"#N/A",New,Subject_nilto,"#N/A","#N/A","#N/A","#N/A","#N/A"
c74e0003-77f8-4018-8d3c-f39f70882e1f,"#N/A","#N/A",false,Web,"#N/A","#N/A",Medium,"#N/A",New,Subject_fiafo,"#N/A","#N/A","#N/A","#N/A","#N/A"
c750f01c-79b0-405d-912a-cfa25b3cd133,"#N/A","#N/A",false,Web,"#N/A","#N/A",Medium,"#N/A",New,Subject_cyfjz,"#N/A","#N/A","#N/A","#N/A","#N/A"
c752dd1c-df38-4707-a6e0-7d208ff4c0e0,"#N/A","#N/A",false,Web,"#N/A","#N/A",Medium,"#N/A",New,Subject_umhmb,"#N/A","#N/A","#N/A","#N/A","#N/A"
c755935f-2e9e-4536-a805-1cfcaa5d96e5,"#N/A","#N/A",false,Web,"#N/A","#N/A",Medium,"#N/A",New,Subject_nqvrq,"#N/A","#N/A","#N/A","#N/A","#N/A"
c7563a0a-1f98-4887-838d-bbb7171087c0,"#N/A","#N/A",false,Web,"#N/A","#N/A",Medium,"#N/A",New,Subject_huwfy,"#N/A","#N/A","#N/A","#N/A","#N/A"
c7580f17-dac2-4330-8359-a614a99052e6,"#N/A","#N/A",false,Web,"#N/A","#N/A",Medium,"#N/A",New,Subject_gspwl,"#N/A","#N/A","#N/A","#N/A","#N/A"
c75857d1-466b-4764-82f2-a5113dbf9c5f,"#N/A","#N/A",false,Web,"#N/A","#N/A",Medium,"#N/A",New,Subject_worrn,"#N/A","#N/A","#N/A","#N/A","#N/A"
c75b00c6-d88f-4a78-96d3-496eb2f01849,"#N/A","#N/A",false,Web,"#N/A","#N/A",Medium,"#N/A",New,Subject_olrra,"#N/A","#N/A","#N/A","#N/A","#N/A"
c75d10fa-ed75-4d2e-a3a5-9f06692d3e26,"#N/A","#N/A",false,Web,"#N/A","#N/A",Medium,"#N/A",New,Subject_zdrap,"#N/A","#N/A","#N/A","#N/A","#N/A"
c75f946f-4a0b-4ca9-96c0-c2c7d7c919b1,"#N/A","#N/A",false,Web,"#N/A","#N/A",Medium,"#N/A",New,Subject_rdsuz,"#N/A","#N/A","#N/A","#N/A","#N/A"
c7611df1-4a23-40d5-973d-d86f3c0b9733,"#N/A","#N/A",false,Web,"#N/A","#N/A",Medium,"#N/A",New,Subject_gcswc,"#N/A","#N/A","#N/A","#N/A","#N/A"
c761383f-9a6a-44a7-9005-00f57531a4b2,"#N/A","#N/A",false,Web,"#N/A","#N/A",Medium,"#N/A",New,Subject_wucoq,"#N/A","#N/A","#N/A","#N/A","#N/A"
c763fe09-6de6-43eb-909d-ef4f6df2346f,"#N/A","#N/A",false,Web,"#N/A","#N/A",Medium,"#N/A",New,Subject_xnext,"#N/A","#N/A","#N/A","#N/A","#N/A"
c76b826c-3872-43df-9a59-1275de7a5e10,"#N/A","#N/A",false,Web,"#N/A","#N/A",Medium,"#N/A",New,Subject_lzeor,"#N/A","#N/A","#N/A","#N/A","#N/A"
c77289f6-5457-4fea-b03c-05ee9bf963c8,"#N/A","#N/A",false,Web,"#N/A","#N/A",Medium,"#N/A",New,Subject_ymvsg,"#N/A","#N/A","#N/A","#N/A","#N/A"
c7745119-ebf2-4a84-b6cd-bb7c918d3919,"#N/A","#N/A",false,Web,"#N/A","#N/A",Medium,"#N/A",New,Subject_hhwis,"#N/A","#N/A","#N/A","#N/A","#N/A"
c774cfac-8eb3-47b3-92a8-4623b62bbe4c,"#N/A","#N/A",false,Web,"#N/A","#N/A",Medium,"#N/A",New,Subject_izvrj,"#N/A","#N/A","#N/A","#N/A","#N/A"
c77c34b4-6656-4302-986e-943262e572ff,"#N/A","#N/A",false,Web,"#N/A","#N/A",Medium,"#N/A",New,Subject_jazgx,"#N/A","#N/A","#N/A","#N/A","#N/A"
c77ddae2-09f8-4795-af22-41388df96617,"#N/A","#N/A",false,Web,"#N/A","#N/A",Medium,"#N/A",New,Subject_juohl,"#N/A","#N/A","#N/A","#N/A","#N/A"
c781249e-f586-429f-ab21-e40b4925b3a7,"#N/A","#N/A",false,Web,"#N/A","#N/A",Medium,"#N/A",New,Subject_vkwvh,"#N/A","#N/A","#N/A","#N/A","#N/A"
c7852f93-bf05-4497-90c2-ad46ccf0ee8c,"#N/A","#N/A",false,Web,"#N/A","#N/A",Medium,"#N/A",New,Subject_ncnvq,"#N/A","#N/A","#N/A","#N/A","#N/A"
c78a1917-cc61-4650-b6d8-ccd6e99a20e3,"#N/A","#N/A",false,Web,"#N/A","#N/A",Medium,"#N/A",New,Subject_skges,"#N/A","#N/A","#N/A","#N/A","#N/A"
c78b05f2-5b9c-42ec-b248-190b7115b8a6,"#N/A","#N/A",false,Web,"#N/A","#N/A",Medium,"#N/A",New,Subject_jflkh,"#N/A","#N/A","#N/A","#N/A","#N/A"
c78be882-eb3e-41a0-9ca9-969b52bda212,"#N/A","#N/A",false,Web,"#N/A","#N/A",Medium,"#N/A",New,Subject_dncim,"#N/A","#N/A","#N/A","#N/A","#N/A"
c78e64a4-c757-4248-88f0-c5b5745150f3,"#N/A","#N/A",false,Web,"#N/A","#N/A",Medium,"#N/A",New,Subject_adjht,"#N/A","#N/A","#N/A","#N/A","#N/A"
c795b02e-39d5-453e-bcee-abbf4d581c77,"#N/A","#N/A",false,Web,"#N/A","#N/A",Medium,"#N/A",New,Subject_pojin,"#N/A","#N/A","#N/A","#N/A","#N/A"
c79b1232-21e1-4098-89d1-d70cbce8a894,"#N/A","#N/A",false,Web,"#N/A","#N/A",Medium,"#N/A",New,Subject_thsxj,"#N/A","#N/A","#N/A","#N/A","#N/A"
c79b4d94-df85-421d-9bce-47efc195db4a,"#N/A","#N/A",false,Web,"#N/A","#N/A",Medium,"#N/A",New,Subject_jksoa,"#N/A","#N/A","#N/A","#N/A","#N/A"
c79dbcc4-d077-4402-80f0-2e59ecddfc2d,"#N/A","#N/A",false,Web,"#N/A","#N/A",Medium,"#N/A",New,Subject_bjqgl,"#N/A","#N/A","#N/A","#N/A","#N/A"
c79f9a3e-264b-4947-8b5c-c162c74d348b,"#N/A","#N/A",false,Web,"#N/A","#N/A",Medium,"#N/A",New,Subject_nfoux,"#N/A","#N/A","#N/A","#N/A","#N/A"
c7a2ab9c-9146-471e-8761-e0fc6102a9d5,"#N/A","#N/A",false,Web,"#N/A","#N/A",Medium,"#N/A",New,Subject_rqsrw,"#N/A","#N/A","#N/A","#N/A","#N/A"
c7a689f7-a5f8-41d6-83aa-b5607831d8f7,"#N/A","#N/A",false,Web,"#N/A","#N/A",Medium,"#N/A",New,Subject_edzha,"#N/A","#N/A","#N/A","#N/A","#N/A"
c7a6bd7b-c32a-4e7b-a528-29db837b7176,"#N/A","#N/A",false,Web,"#N/A","#N/A",Medium,"#N/A",New,Subject_vtejw,"#N/A","#N/A","#N/A","#N/A","#N/A"
c7a760f7-eb78-4a50-9dae-a96dc17992be,"#N/A","#N/A",false,Web,"#N/A","#N/A",Medium,"#N/A",New,Subject_naxwl,"#N/A","#N/A","#N/A","#N/A","#N/A"
c7a89b3c-3ee8-4037-8c66-3e5e68d661eb,"#N/A","#N/A",false,Web,"#N/A","#N/A",Medium,"#N/A",New,Subject_dtfqd,"#N/A","#N/A","#N/A","#N/A","#N/A"
c7ab5c2e-8d92-4220-a839-8ab011028195,"#N/A","#N/A",false,Web,"#N/A","#N/A",Medium,"#N/A",New,Subject_nqkha,"#N/A","#N/A","#N/A","#N/A","#N/A"
c7af39d5-f278-4aae-a2a3-d4f305dcd58e,"#N/A","#N/A",false,Web,"#N/A","#N/A",Medium,"#N/A",New,Subject_akkng,"#N/A","#N/A","#N/A","#N/A","#N/A"
c7b04a70-f1f9-4445-841c-9e024d81c693,"#N/A","#N/A",false,Web,"#N/A","#N/A",Medium,"#N/A",New,Subject_fdkke,"#N/A","#N/A","#N/A","#N/A","#N/A"
c7b0a9f2-d88c-4558-8aa9-770ff2ecc4ad,"#N/A","#N/A",false,Web,"#N/A","#N/A",Medium,"#N/A",New,Subject_bfqkk,"#N/A","#N/A","#N/A","#N/A","#N/A"
c7b0bfb2-8ff7-4095-84f1-1802ff52d70f,"#N/A","#N/A",false,Web,"#N/A","#N/A",Medium,"#N/A",New,Subject_crkpy,"#N/A","#N/A","#N/A","#N/A","#N/A"
c7bb4c52-5d41-4ebb-9d58-e31a14a2038d,"#N/A","#N/A",false,Web,"#N/A","#N/A",Medium,"#N/A",New,Subject_bqzub,"#N/A","#N/A","#N/A","#N/A","#N/A"
c7c07d19-338e-4939-90bb-5091031d76ec,"#N/A","#N/A",false,Web,"#N/A","#N/A",Medium,"#N/A",New,Subject_cogdu,"#N/A","#N/A","#N/A","#N/A","#N/A"
c7c1acb0-f1c7-4440-8797-7af3607df3f5,"#N/A","#N/A",false,Web,"#N/A","#N/A",Medium,"#N/A",New,Subject_mjxlq,"#N/A","#N/A","#N/A","#N/A","#N/A"
c7c225e0-c7b7-4a69-8f53-d57020537ebc,"#N/A","#N/A",false,Web,"#N/A","#N/A",Medium,"#N/A",New,Subject_qwbhx,"#N/A","#N/A","#N/A","#N/A","#N/A"
c7c85c7d-2c6c-4a65-b38e-9fd25b7285ea,"#N/A","#N/A",false,Web,"#N/A","#N/A",Medium,"#N/A",New,Subject_fofuf,"#N/A","#N/A","#N/A","#N/A","#N/A"
c7cc8954-7bae-4767-b785-e2a3581bcd60,"#N/A","#N/A",false,Web,"#N/A","#N/A",Medium,"#N/A",New,Subject_tlrbr,"#N/A","#N/A","#N/A","#N/A","#N/A"
c7d40091-0c12-4c36-b1d1-f6d3e5209ea0,"#N/A","#N/A",false,Web,"#N/A","#N/A",Medium,"#N/A",New,Subject_ggczm,"#N/A","#N/A","#N/A","#N/A","#N/A"
c7d4970f-0da8-4e6a-aad2-3a514ec0d1fe,"#N/A","#N/A",false,Web,"#N/A","#N/A",Medium,"#N/A",New,Subject_cycox,"#N/A","#N/A","#N/A","#N/A","#N/A"
c7d504f6-e3a0-4f02-a5e7-5f969e656e9a,"#N/A","#N/A",false,Web,"#N/A","#N/A",Medium,"#N/A",New,Subject_sxiuc,"#N/A","#N/A","#N/A","#N/A","#N/A"
c7d6131c-f219-45ca-851a-c10c3aeb1fae,"#N/A","#N/A",false,Web,"#N/A","#N/A",Medium,"#N/A",New,Subject_xczkf,"#N/A","#N/A","#N/A","#N/A","#N/A"
c7dc7e7e-9bca-4df3-80ef-82829df7d190,"#N/A","#N/A",false,Web,"#N/A","#N/A",Medium,"#N/A",New,Subject_vhfvl,"#N/A","#N/A","#N/A","#N/A","#N/A"
c7ddb229-8b94-47e5-9c0f-ceb083eef5a3,"#N/A","#N/A",false,Web,"#N/A","#N/A",Medium,"#N/A",New,Subject_dwbpg,"#N/A","#N/A","#N/A","#N/A","#N/A"
c7e1283f-476f-419b-8323-45f360245a2c,"#N/A","#N/A",false,Web,"#N/A","#N/A",Medium,"#N/A",New,Subject_fkilg,"#N/A","#N/A","#N/A","#N/A","#N/A"
c7e46dfa-35ff-488b-908e-0980ba83dd76,"#N/A","#N/A",false,Web,"#N/A","#N/A",Medium,"#N/A",New,Subject_nsuat,"#N/A","#N/A","#N/A","#N/A","#N/A"
c7e6b635-1ed6-4765-a872-2bc658ce7a4f,"#N/A","#N/A",false,Web,"#N/A","#N/A",Medium,"#N/A",New,Subject_evifu,"#N/A","#N/A","#N/A","#N/A","#N/A"
c7e9041e-c17b-4668-a51a-dba52705f0b8,"#N/A","#N/A",false,Web,"#N/A","#N/A",Medium,"#N/A",New,Subject_sqmoi,"#N/A","#N/A","#N/A","#N/A","#N/A"
c7ebb095-6515-42d1-bb7d-f787d4155183,"#N/A","#N/A",false,Web,"#N/A","#N/A",Medium,"#N/A",New,Subject_kazgm,"#N/A","#N/A","#N/A","#N/A","#N/A"
c7f0e373-b8a9-4f9c-b69f-b655fac77fbe,"#N/A","#N/A",false,Web,"#N/A","#N/A",Medium,"#N/A",New,Subject_oaiey,"#N/A","#N/A","#N/A","#N/A","#N/A"
c7f7d05b-41ba-45b2-8b87-d132a5c8a1c0,"#N/A","#N/A",false,Web,"#N/A","#N/A",Medium,"#N/A",New,Subject_iggrr,"#N/A","#N/A","#N/A","#N/A","#N/A"
c7fc90d2-a7a7-4b4c-927c-0064985d9a4f,"#N/A","#N/A",false,Web,"#N/A","#N/A",Medium,"#N/A",New,Subject_joyrj,"#N/A","#N/A","#N/A","#N/A","#N/A"
c800a7f4-8ce6-46c5-b11a-2093108bef86,"#N/A","#N/A",false,Web,"#N/A","#N/A",Medium,"#N/A",New,Subject_hwlhl,"#N/A","#N/A","#N/A","#N/A","#N/A"
c80273c7-4c8b-4671-8f54-576770ec4d7b,"#N/A","#N/A",false,Web,"#N/A","#N/A",Medium,"#N/A",New,Subject_lhnyz,"#N/A","#N/A","#N/A","#N/A","#N/A"
c8048fb9-fcca-4000-899b-5f9b5ca111b4,"#N/A","#N/A",false,Web,"#N/A","#N/A",Medium,"#N/A",New,Subject_baqgv,"#N/A","#N/A","#N/A","#N/A","#N/A"
c804c1d7-069c-42e7-b578-9bb4361fc6cf,"#N/A","#N/A",false,Web,"#N/A","#N/A",Medium,"#N/A",New,Subject_vorjt,"#N/A","#N/A","#N/A","#N/A","#N/A"
c804c3f6-8e07-4c90-9d4f-95b064a3c48f,"#N/A","#N/A",false,Web,"#N/A","#N/A",Medium,"#N/A",New,Subject_zyxjm,"#N/A","#N/A","#N/A","#N/A","#N/A"
c807538c-07ca-46d5-bbf9-5afb9e2f3b73,"#N/A","#N/A",false,Web,"#N/A","#N/A",Medium,"#N/A",New,Subject_qextk,"#N/A","#N/A","#N/A","#N/A","#N/A"
c80c2fa3-3873-45d0-9a63-c8965db5a2ff,"#N/A","#N/A",false,Web,"#N/A","#N/A",Medium,"#N/A",New,Subject_ffixe,"#N/A","#N/A","#N/A","#N/A","#N/A"
c80c55b3-e615-4bd9-9265-11b2078aaf28,"#N/A","#N/A",false,Web,"#N/A","#N/A",Medium,"#N/A",New,Subject_krauv,"#N/A","#N/A","#N/A","#N/A","#N/A"
c80ee4d1-8989-4019-921e-791dcb7f18ff,"#N/A","#N/A",false,Web,"#N/A","#N/A",Medium,"#N/A",New,Subject_vwlpm,"#N/A","#N/A","#N/A","#N/A","#N/A"
c80ff0ac-d73d-4ab2-9502-c66bc1c360ce,"#N/A","#N/A",false,Web,"#N/A","#N/A",Medium,"#N/A",New,Subject_amuke,"#N/A","#N/A","#N/A","#N/A","#N/A"
c8105838-a1cf-4551-949a-a210e4f721aa,"#N/A","#N/A",false,Web,"#N/A","#N/A",Medium,"#N/A",New,Subject_jyyro,"#N/A","#N/A","#N/A","#N/A","#N/A"
c8132c73-85f6-4941-92a9-779fb9bbdd25,"#N/A","#N/A",false,Web,"#N/A","#N/A",Medium,"#N/A",New,Subject_lzgwf,"#N/A","#N/A","#N/A","#N/A","#N/A"
c8136235-f6ee-465c-924d-96c426926549,"#N/A","#N/A",false,Web,"#N/A","#N/A",Medium,"#N/A",New,Subject_yowre,"#N/A","#N/A","#N/A","#N/A","#N/A"
c813c422-8df0-4575-9fb0-629750a826bb,"#N/A","#N/A",false,Web,"#N/A","#N/A",Medium,"#N/A",New,Subject_dzmpp,"#N/A","#N/A","#N/A","#N/A","#N/A"
c813c54b-1de5-4b06-8b30-68e978344bb8,"#N/A","#N/A",false,Web,"#N/A","#N/A",Medium,"#N/A",New,Subject_jyoes,"#N/A","#N/A","#N/A","#N/A","#N/A"
c8154ade-30d6-4407-8f6b-df6df076b562,"#N/A","#N/A",false,Web,"#N/A","#N/A",Medium,"#N/A",New,Subject_onktc,"#N/A","#N/A","#N/A","#N/A","#N/A"
c817dc46-0051-4fb1-8c56-5629eed6c042,"#N/A","#N/A",false,Web,"#N/A","#N/A",Medium,"#N/A",New,Subject_lxkpx,"#N/A","#N/A","#N/A","#N/A","#N/A"
c817fbb0-6916-4ba6-b188-eb0e7582a907,"#N/A","#N/A",false,Web,"#N/A","#N/A",Medium,"#N/A",New,Subject_ljooz,"#N/A","#N/A","#N/A","#N/A","#N/A"
c8187215-fcf7-48e6-9af2-7162c9710531,"#N/A","#N/A",false,Web,"#N/A","#N/A",Medium,"#N/A",New,Subject_ajrbh,"#N/A","#N/A","#N/A","#N/A","#N/A"
c81a6156-a7a3-4a2e-b884-8c821545d83d,"#N/A","#N/A",false,Web,"#N/A","#N/A",Medium,"#N/A",New,Subject_liuxq,"#N/A","#N/A","#N/A","#N/A","#N/A"
c81aa85d-b9c3-4408-b291-c4980eae0164,"#N/A","#N/A",false,Web,"#N/A","#N/A",Medium,"#N/A",New,Subject_wzhoh,"#N/A","#N/A","#N/A","#N/A","#N/A"
c81ba285-528b-4099-8b4c-a95ccf6484bc,"#N/A","#N/A",false,Web,"#N/A","#N/A",Medium,"#N/A",New,Subject_xkgig,"#N/A","#N/A","#N/A","#N/A","#N/A"
c81d826a-18f0-4640-a97d-ef7a4c95c729,"#N/A","#N/A",false,Web,"#N/A","#N/A",Medium,"#N/A",New,Subject_cgpzx,"#N/A","#N/A","#N/A","#N/A","#N/A"
c81e6d98-cfbd-4380-94a6-4d1fb6da6749,"#N/A","#N/A",false,Web,"#N/A","#N/A",Medium,"#N/A",New,Subject_evoyw,"#N/A","#N/A","#N/A","#N/A","#N/A"
c81eaf1e-4d7c-4745-a9c6-830c1863892c,"#N/A","#N/A",false,Web,"#N/A","#N/A",Medium,"#N/A",New,Subject_foglk,"#N/A","#N/A","#N/A","#N/A","#N/A"
c8208733-426c-4ffe-94c1-10ef38c64d5d,"#N/A","#N/A",false,Web,"#N/A","#N/A",Medium,"#N/A",New,Subject_vzufu,"#N/A","#N/A","#N/A","#N/A","#N/A"
c824ac0f-8c35-4296-8a92-7c3c35dc9f5d,"#N/A","#N/A",false,Web,"#N/A","#N/A",Medium,"#N/A",New,Subject_sobql,"#N/A","#N/A","#N/A","#N/A","#N/A"
c8279889-53f4-448e-920c-eea6f13501f5,"#N/A","#N/A",false,Web,"#N/A","#N/A",Medium,"#N/A",New,Subject_bqzfn,"#N/A","#N/A","#N/A","#N/A","#N/A"
c82af71f-035c-4813-9943-0a299fb0d9bf,"#N/A","#N/A",false,Web,"#N/A","#N/A",Medium,"#N/A",New,Subject_zyjhs,"#N/A","#N/A","#N/A","#N/A","#N/A"
c82bc5fe-1206-4ec5-bfb2-729e2d075fa9,"#N/A","#N/A",false,Web,"#N/A","#N/A",Medium,"#N/A",New,Subject_sesha,"#N/A","#N/A","#N/A","#N/A","#N/A"
c83b257d-ea46-4c09-a2a0-3f5d6d0d84e1,"#N/A","#N/A",false,Web,"#N/A","#N/A",Medium,"#N/A",New,Subject_xnlyt,"#N/A","#N/A","#N/A","#N/A","#N/A"
c83db863-7a3c-4693-bab4-21d96c1dc63f,"#N/A","#N/A",false,Web,"#N/A","#N/A",Medium,"#N/A",New,Subject_enohe,"#N/A","#N/A","#N/A","#N/A","#N/A"
c83fe539-01a6-4eb4-999a-c77f130edadb,"#N/A","#N/A",false,Web,"#N/A","#N/A",Medium,"#N/A",New,Subject_wpwnr,"#N/A","#N/A","#N/A","#N/A","#N/A"
c840a7dc-780a-40eb-8982-bbe378c05388,"#N/A","#N/A",false,Web,"#N/A","#N/A",Medium,"#N/A",New,Subject_xppkn,"#N/A","#N/A","#N/A","#N/A","#N/A"
c84120bf-092d-407f-8ac7-32e5e7935d70,"#N/A","#N/A",false,Web,"#N/A","#N/A",Medium,"#N/A",New,Subject_xunvv,"#N/A","#N/A","#N/A","#N/A","#N/A"
c845a222-8580-4d0e-a04f-976dcd9e6a0d,"#N/A","#N/A",false,Web,"#N/A","#N/A",Medium,"#N/A",New,Subject_aawgk,"#N/A","#N/A","#N/A","#N/A","#N/A"
c846e6aa-ed59-4e70-9540-1ccb4fddf6a5,"#N/A","#N/A",false,Web,"#N/A","#N/A",Medium,"#N/A",New,Subject_ttqur,"#N/A","#N/A","#N/A","#N/A","#N/A"
c8498257-2ef8-4a9a-b701-473b40ba7606,"#N/A","#N/A",false,Web,"#N/A","#N/A",Medium,"#N/A",New,Subject_lhchf,"#N/A","#N/A","#N/A","#N/A","#N/A"
c84a5523-18d9-4f10-98b3-cb4179a9923d,"#N/A","#N/A",false,Web,"#N/A","#N/A",Medium,"#N/A",New,Subject_udqxr,"#N/A","#N/A","#N/A","#N/A","#N/A"
c84b6a86-6cab-4be5-a59f-6dd966a85319,"#N/A","#N/A",false,Web,"#N/A","#N/A",Medium,"#N/A",New,Subject_jcyjl,"#N/A","#N/A","#N/A","#N/A","#N/A"
c84bdd37-64c5-434b-bab0-203c53e99c0f,"#N/A","#N/A",false,Web,"#N/A","#N/A",Medium,"#N/A",New,Subject_fzcqm,"#N/A","#N/A","#N/A","#N/A","#N/A"
c84d3ee0-782d-44cf-85ad-53f2be50fcdc,"#N/A","#N/A",false,Web,"#N/A","#N/A",Medium,"#N/A",New,Subject_obbze,"#N/A","#N/A","#N/A","#N/A","#N/A"
c84e7f10-0ac5-4c07-bc76-f6f52b4f28c3,"#N/A","#N/A",false,Web,"#N/A","#N/A",Medium,"#N/A",New,Subject_bgxvr,"#N/A","#N/A","#N/A","#N/A","#N/A"
c84e9a86-25b7-419d-956a-a8722c7a1391,"#N/A","#N/A",false,Web,"#N/A","#N/A",Medium,"#N/A",New,Subject_epofv,"#N/A","#N/A","#N/A","#N/A","#N/A"
c85273ed-5b6b-4388-b450-7b44e2277390,"#N/A","#N/A",false,Web,"#N/A","#N/A",Medium,"#N/A",New,Subject_tikro,"#N/A","#N/A","#N/A","#N/A","#N/A"
c8541bd8-3bfa-4d36-b0e8-8ed96a0ccbde,"#N/A","#N/A",false,Web,"#N/A","#N/A",Medium,"#N/A",New,Subject_jnwxq,"#N/A","#N/A","#N/A","#N/A","#N/A"
c857d11b-f297-4898-be1e-6589ef3cfbf0,"#N/A","#N/A",false,Web,"#N/A","#N/A",Medium,"#N/A",New,Subject_dkrkh,"#N/A","#N/A","#N/A","#N/A","#N/A"
c85b0d58-60dd-4fee-bebe-e5133bd50906,"#N/A","#N/A",false,Web,"#N/A","#N/A",Medium,"#N/A",New,Subject_ysbpr,"#N/A","#N/A","#N/A","#N/A","#N/A"
c85d1a71-b3ad-4cb3-bdae-bb2c5933e0ac,"#N/A","#N/A",false,Web,"#N/A","#N/A",Medium,"#N/A",New,Subject_fkufy,"#N/A","#N/A","#N/A","#N/A","#N/A"
c8608ee7-5c87-4b54-b9ab-7041e5debe81,"#N/A","#N/A",false,Web,"#N/A","#N/A",Medium,"#N/A",New,Subject_uugkk,"#N/A","#N/A","#N/A","#N/A","#N/A"
c8666254-d519-4107-a65b-0fb654edab13,"#N/A","#N/A",false,Web,"#N/A","#N/A",Medium,"#N/A",New,Subject_mzqdt,"#N/A","#N/A","#N/A","#N/A","#N/A"
c8730802-ca83-4b0a-b666-bee9de62bccc,"#N/A","#N/A",false,Web,"#N/A","#N/A",Medium,"#N/A",New,Subject_isihh,"#N/A","#N/A","#N/A","#N/A","#N/A"
c87ad1ab-012d-40a6-ac09-90b0fef3b8e9,"#N/A","#N/A",false,Web,"#N/A","#N/A",Medium,"#N/A",New,Subject_vrpvo,"#N/A","#N/A","#N/A","#N/A","#N/A"
c87bafac-66ff-401c-9c82-36374d266e8f,"#N/A","#N/A",false,Web,"#N/A","#N/A",Medium,"#N/A",New,Subject_ltuku,"#N/A","#N/A","#N/A","#N/A","#N/A"
c87e6b87-fd48-436a-8379-c21241c59a57,"#N/A","#N/A",false,Web,"#N/A","#N/A",Medium,"#N/A",New,Subject_mthmx,"#N/A","#N/A","#N/A","#N/A","#N/A"
c880ee62-9e88-4fed-8820-8725782ee35d,"#N/A","#N/A",false,Web,"#N/A","#N/A",Medium,"#N/A",New,Subject_vofwl,"#N/A","#N/A","#N/A","#N/A","#N/A"
c882d50a-b5c5-4b30-8cdb-8a213aefe680,"#N/A","#N/A",false,Web,"#N/A","#N/A",Medium,"#N/A",New,Subject_jloaw,"#N/A","#N/A","#N/A","#N/A","#N/A"
c8865a6c-f8d5-4ee6-9e2b-7b455ed9f37c,"#N/A","#N/A",false,Web,"#N/A","#N/A",Medium,"#N/A",New,Subject_rrnni,"#N/A","#N/A","#N/A","#N/A","#N/A"
c886a804-6ce8-43cd-8f53-de85a6867232,"#N/A","#N/A",false,Web,"#N/A","#N/A",Medium,"#N/A",New,Subject_pnsmt,"#N/A","#N/A","#N/A","#N/A","#N/A"
c886ce83-cb2c-4550-85c5-9012ca5ed150,"#N/A","#N/A",false,Web,"#N/A","#N/A",Medium,"#N/A",New,Subject_xequj,"#N/A","#N/A","#N/A","#N/A","#N/A"
c8871a36-0dca-454d-8191-6446cefb1900,"#N/A","#N/A",false,Web,"#N/A","#N/A",Medium,"#N/A",New,Subject_kcezw,"#N/A","#N/A","#N/A","#N/A","#N/A"
c88805d1-b79e-4263-94c0-0f01450f278e,"#N/A","#N/A",false,Web,"#N/A","#N/A",Medium,"#N/A",New,Subject_dkhyf,"#N/A","#N/A","#N/A","#N/A","#N/A"
c889b1b7-1071-459b-aee8-ca3f587edf88,"#N/A","#N/A",false,Web,"#N/A","#N/A",Medium,"#N/A",New,Subject_eapqm,"#N/A","#N/A","#N/A","#N/A","#N/A"
c88c1df3-3023-44e4-8fe5-ff641ef402d8,"#N/A","#N/A",false,Web,"#N/A","#N/A",Medium,"#N/A",New,Subject_tomfd,"#N/A","#N/A","#N/A","#N/A","#N/A"
c88dbffb-8907-4a39-b2db-96a19a163a95,"#N/A","#N/A",false,Web,"#N/A","#N/A",Medium,"#N/A",New,Subject_lwflc,"#N/A","#N/A","#N/A","#N/A","#N/A"
c890b5c9-0aef-4abc-94bb-f71507ebccff,"#N/A","#N/A",false,Web,"#N/A","#N/A",Medium,"#N/A",New,Subject_yxqeq,"#N/A","#N/A","#N/A","#N/A","#N/A"
c8967d0c-9466-4152-b100-82cdb3063ab9,"#N/A","#N/A",false,Web,"#N/A","#N/A",Medium,"#N/A",New,Subject_pqymb,"#N/A","#N/A","#N/A","#N/A","#N/A"
c8980725-5ac3-4cfa-9c1f-2adeba44ecda,"#N/A","#N/A",false,Web,"#N/A","#N/A",Medium,"#N/A",New,Subject_usnml,"#N/A","#N/A","#N/A","#N/A","#N/A"
c89b0d8f-fa0b-4727-9d72-234c0ce77c2c,"#N/A","#N/A",false,Web,"#N/A","#N/A",Medium,"#N/A",New,Subject_qnrzm,"#N/A","#N/A","#N/A","#N/A","#N/A"
c89bde60-819c-48cb-9d60-306e5f7af3e2,"#N/A","#N/A",false,Web,"#N/A","#N/A",Medium,"#N/A",New,Subject_itvxf,"#N/A","#N/A","#N/A","#N/A","#N/A"
c89d7a69-7df6-44bb-92b8-da0151e3b5e7,"#N/A","#N/A",false,Web,"#N/A","#N/A",Medium,"#N/A",New,Subject_deegl,"#N/A","#N/A","#N/A","#N/A","#N/A"
c89f3397-6d71-46a1-8126-1c0f2e8410da,"#N/A","#N/A",false,Web,"#N/A","#N/A",Medium,"#N/A",New,Subject_dkryo,"#N/A","#N/A","#N/A","#N/A","#N/A"
c8a65540-bdc5-46ff-b7c8-f9b9030530e6,"#N/A","#N/A",false,Web,"#N/A","#N/A",Medium,"#N/A",New,Subject_gcclq,"#N/A","#N/A","#N/A","#N/A","#N/A"
c8a693f6-0c92-488a-9ea7-39398799ac46,"#N/A","#N/A",false,Web,"#N/A","#N/A",Medium,"#N/A",New,Subject_phxzt,"#N/A","#N/A","#N/A","#N/A","#N/A"
c8a7b37e-dfb9-4fad-bf27-b50791c5bda1,"#N/A","#N/A",false,Web,"#N/A","#N/A",Medium,"#N/A",New,Subject_vmncu,"#N/A","#N/A","#N/A","#N/A","#N/A"
c8a7f9ff-a0fa-4b04-8468-99cb49be998c,"#N/A","#N/A",false,Web,"#N/A","#N/A",Medium,"#N/A",New,Subject_pldld,"#N/A","#N/A","#N/A","#N/A","#N/A"
c8a8483d-8f50-4cac-bb23-634f3df876b3,"#N/A","#N/A",false,Web,"#N/A","#N/A",Medium,"#N/A",New,Subject_rziaz,"#N/A","#N/A","#N/A","#N/A","#N/A"
c8aee216-0f10-4a40-bbd2-6b0f9315f259,"#N/A","#N/A",false,Web,"#N/A","#N/A",Medium,"#N/A",New,Subject_pyjfe,"#N/A","#N/A","#N/A","#N/A","#N/A"
c8b2810b-50a9-4a50-851a-c435256178e2,"#N/A","#N/A",false,Web,"#N/A","#N/A",Medium,"#N/A",New,Subject_rgywq,"#N/A","#N/A","#N/A","#N/A","#N/A"
c8b47412-5fd4-4c5c-9d57-2fd1c0088376,"#N/A","#N/A",false,Web,"#N/A","#N/A",Medium,"#N/A",New,Subject_irifs,"#N/A","#N/A","#N/A","#N/A","#N/A"
c8b9f6c9-8833-43e3-84b2-3339d17a1459,"#N/A","#N/A",false,Web,"#N/A","#N/A",Medium,"#N/A",New,Subject_mgfac,"#N/A","#N/A","#N/A","#N/A","#N/A"
c8c4e0d5-4f8e-4221-a0e0-074f727b9e56,"#N/A","#N/A",false,Web,"#N/A","#N/A",Medium,"#N/A",New,Subject_pgkdd,"#N/A","#N/A","#N/A","#N/A","#N/A"
c8c680a1-7a96-4d72-a761-f5b86505d55a,"#N/A","#N/A",false,Web,"#N/A","#N/A",Medium,"#N/A",New,Subject_kifzb,"#N/A","#N/A","#N/A","#N/A","#N/A"
c8ca4e8d-2564-4592-9e32-999560c56fa1,"#N/A","#N/A",false,Web,"#N/A","#N/A",Medium,"#N/A",New,Subject_pjsda,"#N/A","#N/A","#N/A","#N/A","#N/A"
c8d0d305-721f-4041-a219-a4a435d22cab,"#N/A","#N/A",false,Web,"#N/A","#N/A",Medium,"#N/A",New,Subject_bwswy,"#N/A","#N/A","#N/A","#N/A","#N/A"
c8d0fe20-2462-45d3-8738-578ace5f3d7f,"#N/A","#N/A",false,Web,"#N/A","#N/A",Medium,"#N/A",New,Subject_sugjz,"#N/A","#N/A","#N/A","#N/A","#N/A"
c8d41a9d-7807-48f3-8c11-2366d44ea0b9,"#N/A","#N/A",false,Web,"#N/A","#N/A",Medium,"#N/A",New,Subject_xxikv,"#N/A","#N/A","#N/A","#N/A","#N/A"
c8d7a62d-510c-4ad3-8069-f848a8b48608,"#N/A","#N/A",false,Web,"#N/A","#N/A",Medium,"#N/A",New,Subject_itrqp,"#N/A","#N/A","#N/A","#N/A","#N/A"
c8d9e4fa-89d6-46b7-baa6-263b09ce6e77,"#N/A","#N/A",false,Web,"#N/A","#N/A",Medium,"#N/A",New,Subject_xnuqo,"#N/A","#N/A","#N/A","#N/A","#N/A"
c8e20547-7155-4d47-b70e-ce2747e2f343,"#N/A","#N/A",false,Web,"#N/A","#N/A",Medium,"#N/A",New,Subject_sfbgf,"#N/A","#N/A","#N/A","#N/A","#N/A"
c8e26b3a-2c92-468b-bde3-0d80230699d6,"#N/A","#N/A",false,Web,"#N/A","#N/A",Medium,"#N/A",New,Subject_vvurj,"#N/A","#N/A","#N/A","#N/A","#N/A"
c8e3c82e-2c19-4844-9824-8722f53021a1,"#N/A","#N/A",false,Web,"#N/A","#N/A",Medium,"#N/A",New,Subject_ujxls,"#N/A","#N/A","#N/A","#N/A","#N/A"
c8ecf101-7a05-4003-9232-871bfeef9e14,"#N/A","#N/A",false,Web,"#N/A","#N/A",Medium,"#N/A",New,Subject_ctwdx,"#N/A","#N/A","#N/A","#N/A","#N/A"
c8f19c07-84f7-43ec-8a7a-f46e3ac0c570,"#N/A","#N/A",false,Web,"#N/A","#N/A",Medium,"#N/A",New,Subject_zqneg,"#N/A","#N/A","#N/A","#N/A","#N/A"
c8f32808-30f3-45dd-8b69-1d8b465869d9,"#N/A","#N/A",false,Web,"#N/A","#N/A",Medium,"#N/A",New,Subject_ckouh,"#N/A","#N/A","#N/A","#N/A","#N/A"
c8f33b6d-aeca-4031-ac50-4e4233f7d01d,"#N/A","#N/A",false,Web,"#N/A","#N/A",Medium,"#N/A",New,Subject_wuawi,"#N/A","#N/A","#N/A","#N/A","#N/A"
c8f78ca4-8e06-4d7b-9f99-20aa9a06fc65,"#N/A","#N/A",false,Web,"#N/A","#N/A",Medium,"#N/A",New,Subject_ijaau,"#N/A","#N/A","#N/A","#N/A","#N/A"
c8fa28da-86d8-4bc6-a9f0-840e8b6715fb,"#N/A","#N/A",false,Web,"#N/A","#N/A",Medium,"#N/A",New,Subject_avplt,"#N/A","#N/A","#N/A","#N/A","#N/A"
c8fe1a1d-0d52-4174-b87c-ed09dbd9c388,"#N/A","#N/A",false,Web,"#N/A","#N/A",Medium,"#N/A",New,Subject_zvhgi,"#N/A","#N/A","#N/A","#N/A","#N/A"
c9009a8b-0bbe-4427-bb57-61b2af9eac3b,"#N/A","#N/A",false,Web,"#N/A","#N/A",Medium,"#N/A",New,Subject_otrvn,"#N/A","#N/A","#N/A","#N/A","#N/A"
c9086c47-0ffc-47d3-b64a-a4b5e29167db,"#N/A","#N/A",false,Web,"#N/A","#N/A",Medium,"#N/A",New,Subject_osfmb,"#N/A","#N/A","#N/A","#N/A","#N/A"
c9125131-6ccc-4413-82c4-0b9f46fb40e0,"#N/A","#N/A",false,Web,"#N/A","#N/A",Medium,"#N/A",New,Subject_iblou,"#N/A","#N/A","#N/A","#N/A","#N/A"
c91568a7-5fb5-400e-9e21-48a6ff3c2c9c,"#N/A","#N/A",false,Web,"#N/A","#N/A",Medium,"#N/A",New,Subject_wjysy,"#N/A","#N/A","#N/A","#N/A","#N/A"
c9187edb-305c-4cee-8a0e-046b0a53d331,"#N/A","#N/A",false,Web,"#N/A","#N/A",Medium,"#N/A",New,Subject_yduok,"#N/A","#N/A","#N/A","#N/A","#N/A"
c919600e-04e9-4239-8c99-d2558465ce57,"#N/A","#N/A",false,Web,"#N/A","#N/A",Medium,"#N/A",New,Subject_jthpi,"#N/A","#N/A","#N/A","#N/A","#N/A"
c91a939c-150f-4120-a78d-5161a21e37f8,"#N/A","#N/A",false,Web,"#N/A","#N/A",Medium,"#N/A",New,Subject_wbyvk,"#N/A","#N/A","#N/A","#N/A","#N/A"
c91b9a63-152f-497a-9360-da39a435191d,"#N/A","#N/A",false,Web,"#N/A","#N/A",Medium,"#N/A",New,Subject_qwtnu,"#N/A","#N/A","#N/A","#N/A","#N/A"
c91ceca5-2f2b-42db-ab84-ad5e60ea2aa0,"#N/A","#N/A",false,Web,"#N/A","#N/A",Medium,"#N/A",New,Subject_zzfpp,"#N/A","#N/A","#N/A","#N/A","#N/A"
c91dd479-f6bc-414f-846a-a0be3ad1a734,"#N/A","#N/A",false,Web,"#N/A","#N/A",Medium,"#N/A",New,Subject_gruiv,"#N/A","#N/A","#N/A","#N/A","#N/A"
c9217c6d-4530-4ee9-b8ab-2dd2ca936012,"#N/A","#N/A",false,Web,"#N/A","#N/A",Medium,"#N/A",New,Subject_axoeq,"#N/A","#N/A","#N/A","#N/A","#N/A"
c92330f9-e825-4626-a956-40f59d9de988,"#N/A","#N/A",false,Web,"#N/A","#N/A",Medium,"#N/A",New,Subject_exiyf,"#N/A","#N/A","#N/A","#N/A","#N/A"
c9240602-192c-4c17-8f04-6d2f0ba7a09d,"#N/A","#N/A",false,Web,"#N/A","#N/A",Medium,"#N/A",New,Subject_xqlxh,"#N/A","#N/A","#N/A","#N/A","#N/A"
c924227e-50fb-4cf8-9297-1c2758653914,"#N/A","#N/A",false,Web,"#N/A","#N/A",Medium,"#N/A",New,Subject_psajx,"#N/A","#N/A","#N/A","#N/A","#N/A"
c92b6654-7c53-4a3c-ad65-9d96049221b2,"#N/A","#N/A",false,Web,"#N/A","#N/A",Medium,"#N/A",New,Subject_cjbmm,"#N/A","#N/A","#N/A","#N/A","#N/A"
c92d3506-5211-415e-8915-3c3f2e034d5a,"#N/A","#N/A",false,Web,"#N/A","#N/A",Medium,"#N/A",New,Subject_zbzsr,"#N/A","#N/A","#N/A","#N/A","#N/A"
c92ece64-30fc-4bee-9c2a-87306a1eeb06,"#N/A","#N/A",false,Web,"#N/A","#N/A",Medium,"#N/A",New,Subject_nmoii,"#N/A","#N/A","#N/A","#N/A","#N/A"
c9321205-1601-4674-b848-04a9363f8e15,"#N/A","#N/A",false,Web,"#N/A","#N/A",Medium,"#N/A",New,Subject_jbdot,"#N/A","#N/A","#N/A","#N/A","#N/A"
c9331748-9e94-4324-8953-f6aff647b5ab,"#N/A","#N/A",false,Web,"#N/A","#N/A",Medium,"#N/A",New,Subject_gkyzz,"#N/A","#N/A","#N/A","#N/A","#N/A"
c9355a1d-1f20-49a2-9bab-3619464357db,"#N/A","#N/A",false,Web,"#N/A","#N/A",Medium,"#N/A",New,Subject_kknsg,"#N/A","#N/A","#N/A","#N/A","#N/A"
c9363513-2627-472c-9c2e-f0bb32685b24,"#N/A","#N/A",false,Web,"#N/A","#N/A",Medium,"#N/A",New,Subject_lhkuy,"#N/A","#N/A","#N/A","#N/A","#N/A"
c937926e-70b3-40b7-9341-33c7487ad582,"#N/A","#N/A",false,Web,"#N/A","#N/A",Medium,"#N/A",New,Subject_yguga,"#N/A","#N/A","#N/A","#N/A","#N/A"
c938154e-318f-4b05-87f9-d1520396f2b3,"#N/A","#N/A",false,Web,"#N/A","#N/A",Medium,"#N/A",New,Subject_bqnqu,"#N/A","#N/A","#N/A","#N/A","#N/A"
c9399abc-ce15-4103-8471-32a4616674ba,"#N/A","#N/A",false,Web,"#N/A","#N/A",Medium,"#N/A",New,Subject_eukfc,"#N/A","#N/A","#N/A","#N/A","#N/A"
c93a2158-4d12-4fa5-930a-7871c99c3a13,"#N/A","#N/A",false,Web,"#N/A","#N/A",Medium,"#N/A",New,Subject_oypob,"#N/A","#N/A","#N/A","#N/A","#N/A"
c93ce46e-12b3-4ad0-939f-bbc113a62509,"#N/A","#N/A",false,Web,"#N/A","#N/A",Medium,"#N/A",New,Subject_hiolz,"#N/A","#N/A","#N/A","#N/A","#N/A"
c93f97d5-fce6-4066-a0ca-848b012e0aea,"#N/A","#N/A",false,Web,"#N/A","#N/A",Medium,"#N/A",New,Subject_aqtus,"#N/A","#N/A","#N/A","#N/A","#N/A"
c94065a7-e121-4c66-9fed-79cbf37f556f,"#N/A","#N/A",false,Web,"#N/A","#N/A",Medium,"#N/A",New,Subject_bprev,"#N/A","#N/A","#N/A","#N/A","#N/A"
c943e778-c673-4e2c-9ff8-49471dd23402,"#N/A","#N/A",false,Web,"#N/A","#N/A",Medium,"#N/A",New,Subject_yhibf,"#N/A","#N/A","#N/A","#N/A","#N/A"
c9444319-607e-4b43-a64e-99cc6f9ecd19,"#N/A","#N/A",false,Web,"#N/A","#N/A",Medium,"#N/A",New,Subject_uqbme,"#N/A","#N/A","#N/A","#N/A","#N/A"
c948041b-02c2-4101-9444-61c829fcdc14,"#N/A","#N/A",false,Web,"#N/A","#N/A",Medium,"#N/A",New,Subject_rkicb,"#N/A","#N/A","#N/A","#N/A","#N/A"
c9482650-5f73-4122-8e88-c10e2d62354b,"#N/A","#N/A",false,Web,"#N/A","#N/A",Medium,"#N/A",New,Subject_dinuq,"#N/A","#N/A","#N/A","#N/A","#N/A"
c94826e8-6d6c-4067-b9f7-fe2dc8b439f5,"#N/A","#N/A",false,Web,"#N/A","#N/A",Medium,"#N/A",New,Subject_vdmuu,"#N/A","#N/A","#N/A","#N/A","#N/A"
c94d380c-7824-4dba-b847-8c4a7d642200,"#N/A","#N/A",false,Web,"#N/A","#N/A",Medium,"#N/A",New,Subject_kfrlm,"#N/A","#N/A","#N/A","#N/A","#N/A"
c950026f-52c3-4efe-9e61-d1fbf82834f0,"#N/A","#N/A",false,Web,"#N/A","#N/A",Medium,"#N/A",New,Subject_bkpgt,"#N/A","#N/A","#N/A","#N/A","#N/A"
c950717b-d5c3-4db3-8ba9-02b416f0b52d,"#N/A","#N/A",false,Web,"#N/A","#N/A",Medium,"#N/A",New,Subject_vpayc,"#N/A","#N/A","#N/A","#N/A","#N/A"
c9510b5d-3f87-4cef-91cc-b425dc771376,"#N/A","#N/A",false,Web,"#N/A","#N/A",Medium,"#N/A",New,Subject_gpdqy,"#N/A","#N/A","#N/A","#N/A","#N/A"
c951c2cb-8f8e-4f4c-b0e8-f49d87d07195,"#N/A","#N/A",false,Web,"#N/A","#N/A",Medium,"#N/A",New,Subject_iacht,"#N/A","#N/A","#N/A","#N/A","#N/A"
c952fa69-2704-4bbb-b27c-974e37e4f9da,"#N/A","#N/A",false,Web,"#N/A","#N/A",Medium,"#N/A",New,Subject_zqjoy,"#N/A","#N/A","#N/A","#N/A","#N/A"
c9539e6f-fa30-487c-afba-f2e460f380e5,"#N/A","#N/A",false,Web,"#N/A","#N/A",Medium,"#N/A",New,Subject_eolvr,"#N/A","#N/A","#N/A","#N/A","#N/A"
c954d277-e5d4-477b-9776-1fb74a45ff9a,"#N/A","#N/A",false,Web,"#N/A","#N/A",Medium,"#N/A",New,Subject_tskpy,"#N/A","#N/A","#N/A","#N/A","#N/A"
c9557912-8d3f-4442-a72a-f0c2b750a112,"#N/A","#N/A",false,Web,"#N/A","#N/A",Medium,"#N/A",New,Subject_pmxss,"#N/A","#N/A","#N/A","#N/A","#N/A"
c9591945-67f5-4936-8d10-beeba9c898fd,"#N/A","#N/A",false,Web,"#N/A","#N/A",Medium,"#N/A",New,Subject_ehiuj,"#N/A","#N/A","#N/A","#N/A","#N/A"
c959aef4-5b7d-423a-a319-ab9379d82240,"#N/A","#N/A",false,Web,"#N/A","#N/A",Medium,"#N/A",New,Subject_vpryg,"#N/A","#N/A","#N/A","#N/A","#N/A"
c95e5e35-3bfb-47dd-a79f-8674d8bce700,"#N/A","#N/A",false,Web,"#N/A","#N/A",Medium,"#N/A",New,Subject_ddycc,"#N/A","#N/A","#N/A","#N/A","#N/A"
c9609f96-b3ec-4866-a384-0ace688af5ef,"#N/A","#N/A",false,Web,"#N/A","#N/A",Medium,"#N/A",New,Subject_puvbd,"#N/A","#N/A","#N/A","#N/A","#N/A"
c963ab11-1edc-4bcf-9bf3-52c50abbce01,"#N/A","#N/A",false,Web,"#N/A","#N/A",Medium,"#N/A",New,Subject_wqnte,"#N/A","#N/A","#N/A","#N/A","#N/A"
c963bc58-4f4d-4003-9d2f-1c76dd955d59,"#N/A","#N/A",false,Web,"#N/A","#N/A",Medium,"#N/A",New,Subject_fjpdp,"#N/A","#N/A","#N/A","#N/A","#N/A"
c9653bd9-3505-4c93-af33-539a205b50af,"#N/A","#N/A",false,Web,"#N/A","#N/A",Medium,"#N/A",New,Subject_ttdal,"#N/A","#N/A","#N/A","#N/A","#N/A"
c965e48f-966a-4ba5-b7de-6ab004b98edf,"#N/A","#N/A",false,Web,"#N/A","#N/A",Medium,"#N/A",New,Subject_jpiyg,"#N/A","#N/A","#N/A","#N/A","#N/A"
c9677a4b-de09-41cb-90d0-662c031b636c,"#N/A","#N/A",false,Web,"#N/A","#N/A",Medium,"#N/A",New,Subject_uvchf,"#N/A","#N/A","#N/A","#N/A","#N/A"
c96a3fda-dd5c-4184-8910-44e27aa8de05,"#N/A","#N/A",false,Web,"#N/A","#N/A",Medium,"#N/A",New,Subject_hyatx,"#N/A","#N/A","#N/A","#N/A","#N/A"
c96de430-d62c-4ed7-81af-1400e1691773,"#N/A","#N/A",false,Web,"#N/A","#N/A",Medium,"#N/A",New,Subject_qbtqo,"#N/A","#N/A","#N/A","#N/A","#N/A"
c9710c46-9d49-4ca3-ac72-c011d5632f09,"#N/A","#N/A",false,Web,"#N/A","#N/A",Medium,"#N/A",New,Subject_otcib,"#N/A","#N/A","#N/A","#N/A","#N/A"
c9730ac4-3737-47f2-9b2c-fc084195738d,"#N/A","#N/A",false,Web,"#N/A","#N/A",Medium,"#N/A",New,Subject_cpziw,"#N/A","#N/A","#N/A","#N/A","#N/A"
c97509b7-9cdb-45d7-9c65-20ceee65a2ef,"#N/A","#N/A",false,Web,"#N/A","#N/A",Medium,"#N/A",New,Subject_hicqn,"#N/A","#N/A","#N/A","#N/A","#N/A"
c975bf49-06c4-4e3a-939a-a8fca41a7ec6,"#N/A","#N/A",false,Web,"#N/A","#N/A",Medium,"#N/A",New,Subject_lxqxh,"#N/A","#N/A","#N/A","#N/A","#N/A"
c9791b68-aad4-43c6-a8ce-0374e230b21c,"#N/A","#N/A",false,Web,"#N/A","#N/A",Medium,"#N/A",New,Subject_isozb,"#N/A","#N/A","#N/A","#N/A","#N/A"
c97a32b2-52ab-45fe-b915-93aca9afbd5e,"#N/A","#N/A",false,Web,"#N/A","#N/A",Medium,"#N/A",New,Subject_ymrwv,"#N/A","#N/A","#N/A","#N/A","#N/A"
c97ec081-7544-4e2d-9d80-24cbe8dcdcba,"#N/A","#N/A",false,Web,"#N/A","#N/A",Medium,"#N/A",New,Subject_mgcbb,"#N/A","#N/A","#N/A","#N/A","#N/A"
c9863fec-ea70-4dd9-97e0-4001c7fd4ee9,"#N/A","#N/A",false,Web,"#N/A","#N/A",Medium,"#N/A",New,Subject_rjros,"#N/A","#N/A","#N/A","#N/A","#N/A"
c986a093-1f0c-4c99-a3b0-60fa3f5d79c6,"#N/A","#N/A",false,Web,"#N/A","#N/A",Medium,"#N/A",New,Subject_qtdbw,"#N/A","#N/A","#N/A","#N/A","#N/A"
c98ff924-8118-4374-bd51-74e2a707fdab,"#N/A","#N/A",false,Web,"#N/A","#N/A",Medium,"#N/A",New,Subject_tbfui,"#N/A","#N/A","#N/A","#N/A","#N/A"
c9965273-832d-4bd0-90cf-d7661d0ec587,"#N/A","#N/A",false,Web,"#N/A","#N/A",Medium,"#N/A",New,Subject_dorrb,"#N/A","#N/A","#N/A","#N/A","#N/A"
c999a70c-759a-4891-bc91-aef97c6e7b98,"#N/A","#N/A",false,Web,"#N/A","#N/A",Medium,"#N/A",New,Subject_opvbd,"#N/A","#N/A","#N/A","#N/A","#N/A"
c99b724c-acc4-461e-850f-b1433427e151,"#N/A","#N/A",false,Web,"#N/A","#N/A",Medium,"#N/A",New,Subject_varpq,"#N/A","#N/A","#N/A","#N/A","#N/A"
c99b9553-d5a3-4ff3-b894-3b519ea428e2,"#N/A","#N/A",false,Web,"#N/A","#N/A",Medium,"#N/A",New,Subject_qcpmy,"#N/A","#N/A","#N/A","#N/A","#N/A"
c99bb532-8d12-4fa8-aec8-767fef5de8d3,"#N/A","#N/A",false,Web,"#N/A","#N/A",Medium,"#N/A",New,Subject_cybad,"#N/A","#N/A","#N/A","#N/A","#N/A"
c99ec2e0-785c-4205-9866-2e2d64737636,"#N/A","#N/A",false,Web,"#N/A","#N/A",Medium,"#N/A",New,Subject_aodmh,"#N/A","#N/A","#N/A","#N/A","#N/A"
c99f1be2-3e9c-4044-9e08-2565b97e3c7e,"#N/A","#N/A",false,Web,"#N/A","#N/A",Medium,"#N/A",New,Subject_ymbyg,"#N/A","#N/A","#N/A","#N/A","#N/A"
c99f3db6-e846-4a6a-ae6e-6d6ad4f626fd,"#N/A","#N/A",false,Web,"#N/A","#N/A",Medium,"#N/A",New,Subject_pzgdt,"#N/A","#N/A","#N/A","#N/A","#N/A"
c99f6418-dde1-48e8-a38a-753ec4f3d9ac,"#N/A","#N/A",false,Web,"#N/A","#N/A",Medium,"#N/A",New,Subject_fhgjr,"#N/A","#N/A","#N/A","#N/A","#N/A"
c9a2d04a-62ff-407c-985c-d064f0de027a,"#N/A","#N/A",false,Web,"#N/A","#N/A",Medium,"#N/A",New,Subject_sqpin,"#N/A","#N/A","#N/A","#N/A","#N/A"
c9a3ccdf-7c27-452f-8e3f-f4f2fcd79802,"#N/A","#N/A",false,Web,"#N/A","#N/A",Medium,"#N/A",New,Subject_cwjwn,"#N/A","#N/A","#N/A","#N/A","#N/A"
c9a5b2d7-34f3-42b4-a29a-4b6b3857ad5f,"#N/A","#N/A",false,Web,"#N/A","#N/A",Medium,"#N/A",New,Subject_qeazo,"#N/A","#N/A","#N/A","#N/A","#N/A"
c9a65a53-b5d4-4fb4-973b-84357cb9c64b,"#N/A","#N/A",false,Web,"#N/A","#N/A",Medium,"#N/A",New,Subject_lwtqo,"#N/A","#N/A","#N/A","#N/A","#N/A"
c9ad2980-a45c-4787-82f5-9aa26fa9588b,"#N/A","#N/A",false,Web,"#N/A","#N/A",Medium,"#N/A",New,Subject_eodqc,"#N/A","#N/A","#N/A","#N/A","#N/A"
c9af3d42-39d3-4028-b520-3faec1c8d0d4,"#N/A","#N/A",false,Web,"#N/A","#N/A",Medium,"#N/A",New,Subject_eirhd,"#N/A","#N/A","#N/A","#N/A","#N/A"
c9b7216a-bc1f-49db-a26c-15657ab1edee,"#N/A","#N/A",false,Web,"#N/A","#N/A",Medium,"#N/A",New,Subject_lpmdx,"#N/A","#N/A","#N/A","#N/A","#N/A"
c9b73c5a-562b-4a7b-8fdb-c146c0c8c527,"#N/A","#N/A",false,Web,"#N/A","#N/A",Medium,"#N/A",New,Subject_kysap,"#N/A","#N/A","#N/A","#N/A","#N/A"
c9bb1b20-6346-4483-9dcf-0950a223d349,"#N/A","#N/A",false,Web,"#N/A","#N/A",Medium,"#N/A",New,Subject_umdzg,"#N/A","#N/A","#N/A","#N/A","#N/A"
c9c69820-123a-4850-b6b9-65de46a26c27,"#N/A","#N/A",false,Web,"#N/A","#N/A",Medium,"#N/A",New,Subject_hmxos,"#N/A","#N/A","#N/A","#N/A","#N/A"
c9d054aa-b31b-4a36-8af9-a125c9e8fcc0,"#N/A","#N/A",false,Web,"#N/A","#N/A",Medium,"#N/A",New,Subject_muosd,"#N/A","#N/A","#N/A","#N/A","#N/A"
c9d0b4f8-b0a3-4ea9-a07c-60948dad4b69,"#N/A","#N/A",false,Web,"#N/A","#N/A",Medium,"#N/A",New,Subject_jvgor,"#N/A","#N/A","#N/A","#N/A","#N/A"
c9d32ab2-240a-4711-b2a2-18a0a70b1d10,"#N/A","#N/A",false,Web,"#N/A","#N/A",Medium,"#N/A",New,Subject_ozhpb,"#N/A","#N/A","#N/A","#N/A","#N/A"
c9d33a93-763d-4ea2-aa8b-505126e8090c,"#N/A","#N/A",false,Web,"#N/A","#N/A",Medium,"#N/A",New,Subject_glcvm,"#N/A","#N/A","#N/A","#N/A","#N/A"
c9d5413b-1f72-4aa1-9df4-ea9f60f66121,"#N/A","#N/A",false,Web,"#N/A","#N/A",Medium,"#N/A",New,Subject_mhyte,"#N/A","#N/A","#N/A","#N/A","#N/A"
c9d6bb90-3cd5-4df6-aef0-d55e98ec0511,"#N/A","#N/A",false,Web,"#N/A","#N/A",Medium,"#N/A",New,Subject_oanhf,"#N/A","#N/A","#N/A","#N/A","#N/A"
c9dba726-8bd6-4d85-87c5-47c871677df1,"#N/A","#N/A",false,Web,"#N/A","#N/A",Medium,"#N/A",New,Subject_jpsgp,"#N/A","#N/A","#N/A","#N/A","#N/A"
c9de96c8-c56f-49f6-a25d-4e446f1b7567,"#N/A","#N/A",false,Web,"#N/A","#N/A",Medium,"#N/A",New,Subject_aljss,"#N/A","#N/A","#N/A","#N/A","#N/A"
c9e0d138-980a-4ffd-8c5f-5329032df5ec,"#N/A","#N/A",false,Web,"#N/A","#N/A",Medium,"#N/A",New,Subject_xuwep,"#N/A","#N/A","#N/A","#N/A","#N/A"
c9e77382-8068-4fb7-98b2-5b5e9a6b5af1,"#N/A","#N/A",false,Web,"#N/A","#N/A",Medium,"#N/A",New,Subject_fnxwa,"#N/A","#N/A","#N/A","#N/A","#N/A"
c9e97d2e-3ad1-4cb6-b527-dadd73f5ff74,"#N/A","#N/A",false,Web,"#N/A","#N/A",Medium,"#N/A",New,Subject_zrnib,"#N/A","#N/A","#N/A","#N/A","#N/A"
c9eab83e-b247-4b8e-b510-cc371af602dd,"#N/A","#N/A",false,Web,"#N/A","#N/A",Medium,"#N/A",New,Subject_dxbya,"#N/A","#N/A","#N/A","#N/A","#N/A"
c9ec7138-4459-46ff-8f55-169aba07028d,"#N/A","#N/A",false,Web,"#N/A","#N/A",Medium,"#N/A",New,Subject_exboz,"#N/A","#N/A","#N/A","#N/A","#N/A"
c9ecd67d-2349-4362-9594-8bb9a983ee2f,"#N/A","#N/A",false,Web,"#N/A","#N/A",Medium,"#N/A",New,Subject_ucehm,"#N/A","#N/A","#N/A","#N/A","#N/A"
c9eee361-b7e3-4627-96b9-555ce99b75b2,"#N/A","#N/A",false,Web,"#N/A","#N/A",Medium,"#N/A",New,Subject_iciio,"#N/A","#N/A","#N/A","#N/A","#N/A"
c9f00f29-57e4-409f-a8f9-9dc5627492c4,"#N/A","#N/A",false,Web,"#N/A","#N/A",Medium,"#N/A",New,Subject_kwyqw,"#N/A","#N/A","#N/A","#N/A","#N/A"
c9f33ecf-e750-49e5-a718-f1aaf7069ed5,"#N/A","#N/A",false,Web,"#N/A","#N/A",Medium,"#N/A",New,Subject_lsmle,"#N/A","#N/A","#N/A","#N/A","#N/A"
c9f39a84-a7ef-4b46-962a-7b7fabaff318,"#N/A","#N/A",false,Web,"#N/A","#N/A",Medium,"#N/A",New,Subject_kgjhb,"#N/A","#N/A","#N/A","#N/A","#N/A"
c9f5b979-30f9-4cc7-8f7c-35893d43f034,"#N/A","#N/A",false,Web,"#N/A","#N/A",Medium,"#N/A",New,Subject_wjwwd,"#N/A","#N/A","#N/A","#N/A","#N/A"
c9f8327c-0e00-45c3-bbee-2bd20e3de0d8,"#N/A","#N/A",false,Web,"#N/A","#N/A",Medium,"#N/A",New,Subject_jdhkp,"#N/A","#N/A","#N/A","#N/A","#N/A"
c9f8c8c3-3a32-4905-88aa-dc36de33734f,"#N/A","#N/A",false,Web,"#N/A","#N/A",Medium,"#N/A",New,Subject_mxzed,"#N/A","#N/A","#N/A","#N/A","#N/A"
c9f8e354-6f19-46e6-9e4f-d4f20fb7a961,"#N/A","#N/A",false,Web,"#N/A","#N/A",Medium,"#N/A",New,Subject_eorpt,"#N/A","#N/A","#N/A","#N/A","#N/A"
c9fd01aa-2cf5-4e40-8c29-3447c05be191,"#N/A","#N/A",false,Web,"#N/A","#N/A",Medium,"#N/A",New,Subject_oyrbi,"#N/A","#N/A","#N/A","#N/A","#N/A"
ca028879-4a41-402a-bd78-b549a2bb2460,"#N/A","#N/A",false,Web,"#N/A","#N/A",Medium,"#N/A",New,Subject_quhqj,"#N/A","#N/A","#N/A","#N/A","#N/A"
ca05f88a-0ea5-42a9-aa71-c2c2f6626905,"#N/A","#N/A",false,Web,"#N/A","#N/A",Medium,"#N/A",New,Subject_wqpsv,"#N/A","#N/A","#N/A","#N/A","#N/A"
ca064665-ec63-4479-aa90-eaeb337e1591,"#N/A","#N/A",false,Web,"#N/A","#N/A",Medium,"#N/A",New,Subject_tbczn,"#N/A","#N/A","#N/A","#N/A","#N/A"
ca09dc2e-ac7e-4eac-be1c-30c6f00b55dd,"#N/A","#N/A",false,Web,"#N/A","#N/A",Medium,"#N/A",New,Subject_entce,"#N/A","#N/A","#N/A","#N/A","#N/A"
ca0b4fb4-3f45-4319-a411-2452124fbfbb,"#N/A","#N/A",false,Web,"#N/A","#N/A",Medium,"#N/A",New,Subject_gevlr,"#N/A","#N/A","#N/A","#N/A","#N/A"
ca0b6536-8e34-4399-b367-6e31f69b3c86,"#N/A","#N/A",false,Web,"#N/A","#N/A",Medium,"#N/A",New,Subject_yncbx,"#N/A","#N/A","#N/A","#N/A","#N/A"
ca0c7499-3213-4aee-a341-7c29d560defd,"#N/A","#N/A",false,Web,"#N/A","#N/A",Medium,"#N/A",New,Subject_evuht,"#N/A","#N/A","#N/A","#N/A","#N/A"
ca0dffdf-2444-47e1-8554-c6ab1c3090a5,"#N/A","#N/A",false,Web,"#N/A","#N/A",Medium,"#N/A",New,Subject_epzkr,"#N/A","#N/A","#N/A","#N/A","#N/A"
ca0e21b5-fe10-449e-84a5-44560e931dc7,"#N/A","#N/A",false,Web,"#N/A","#N/A",Medium,"#N/A",New,Subject_mdjoy,"#N/A","#N/A","#N/A","#N/A","#N/A"
ca0f28a2-325f-418d-8514-709c37c38438,"#N/A","#N/A",false,Web,"#N/A","#N/A",Medium,"#N/A",New,Subject_bmkji,"#N/A","#N/A","#N/A","#N/A","#N/A"
ca0f2afa-8969-4fe8-bdd2-866f7e0d1ee4,"#N/A","#N/A",false,Web,"#N/A","#N/A",Medium,"#N/A",New,Subject_qvsna,"#N/A","#N/A","#N/A","#N/A","#N/A"
ca0f5252-3937-473c-bf8d-91b255880fcf,"#N/A","#N/A",false,Web,"#N/A","#N/A",Medium,"#N/A",New,Subject_dxajo,"#N/A","#N/A","#N/A","#N/A","#N/A"
ca148586-46b2-41df-82a4-40b2875fcb24,"#N/A","#N/A",false,Web,"#N/A","#N/A",Medium,"#N/A",New,Subject_sughw,"#N/A","#N/A","#N/A","#N/A","#N/A"
ca14a934-f472-4bed-980f-c7a80890d7d0,"#N/A","#N/A",false,Web,"#N/A","#N/A",Medium,"#N/A",New,Subject_ivcze,"#N/A","#N/A","#N/A","#N/A","#N/A"
ca15f036-cf16-4ace-8c32-05029059fcfe,"#N/A","#N/A",false,Web,"#N/A","#N/A",Medium,"#N/A",New,Subject_nwcue,"#N/A","#N/A","#N/A","#N/A","#N/A"
ca179595-399b-4c28-a0f4-01962f77e8b6,"#N/A","#N/A",false,Web,"#N/A","#N/A",Medium,"#N/A",New,Subject_axoag,"#N/A","#N/A","#N/A","#N/A","#N/A"
ca1903b0-d7f5-4bee-a318-cc746a271bb0,"#N/A","#N/A",false,Web,"#N/A","#N/A",Medium,"#N/A",New,Subject_qhbpa,"#N/A","#N/A","#N/A","#N/A","#N/A"
ca1b2679-1b2b-4922-a886-565ae1697f8b,"#N/A","#N/A",false,Web,"#N/A","#N/A",Medium,"#N/A",New,Subject_bufsg,"#N/A","#N/A","#N/A","#N/A","#N/A"
ca1e327a-c4a2-4e74-ae3e-d84bf3aebf67,"#N/A","#N/A",false,Web,"#N/A","#N/A",Medium,"#N/A",New,Subject_lwwne,"#N/A","#N/A","#N/A","#N/A","#N/A"
ca1e96a0-3722-4147-8668-53ea1f5c1d36,"#N/A","#N/A",false,Web,"#N/A","#N/A",Medium,"#N/A",New,Subject_buuqq,"#N/A","#N/A","#N/A","#N/A","#N/A"
ca1eeb48-ca47-45c3-8462-e12b8cd6f115,"#N/A","#N/A",false,Web,"#N/A","#N/A",Medium,"#N/A",New,Subject_zgxcz,"#N/A","#N/A","#N/A","#N/A","#N/A"
ca246504-b494-449b-9e71-0730678278f2,"#N/A","#N/A",false,Web,"#N/A","#N/A",Medium,"#N/A",New,Subject_obici,"#N/A","#N/A","#N/A","#N/A","#N/A"
ca2a7104-e81a-4fc5-b626-744c82963568,"#N/A","#N/A",false,Web,"#N/A","#N/A",Medium,"#N/A",New,Subject_maesn,"#N/A","#N/A","#N/A","#N/A","#N/A"
ca2b3a89-a995-46cd-955f-32aedc58e50a,"#N/A","#N/A",false,Web,"#N/A","#N/A",Medium,"#N/A",New,Subject_gvsjh,"#N/A","#N/A","#N/A","#N/A","#N/A"
ca2e4634-94df-466c-b9a9-865c6eb0125f,"#N/A","#N/A",false,Web,"#N/A","#N/A",Medium,"#N/A",New,Subject_vueaq,"#N/A","#N/A","#N/A","#N/A","#N/A"
ca2f9b95-7ae0-48d0-9ca9-315e9d2d3d5b,"#N/A","#N/A",false,Web,"#N/A","#N/A",Medium,"#N/A",New,Subject_gmhaf,"#N/A","#N/A","#N/A","#N/A","#N/A"
ca305c04-17cc-48c5-9635-fad173740658,"#N/A","#N/A",false,Web,"#N/A","#N/A",Medium,"#N/A",New,Subject_loeel,"#N/A","#N/A","#N/A","#N/A","#N/A"
ca320547-3cdf-4bf5-8b9e-85dfa7fcccda,"#N/A","#N/A",false,Web,"#N/A","#N/A",Medium,"#N/A",New,Subject_oefgf,"#N/A","#N/A","#N/A","#N/A","#N/A"
ca3871f0-bafd-41de-ae4d-a9ae91d0bc32,"#N/A","#N/A",false,Web,"#N/A","#N/A",Medium,"#N/A",New,Subject_ozuwf,"#N/A","#N/A","#N/A","#N/A","#N/A"
ca3a8bd7-7132-4454-b813-64c57ef4470d,"#N/A","#N/A",false,Web,"#N/A","#N/A",Medium,"#N/A",New,Subject_uilgo,"#N/A","#N/A","#N/A","#N/A","#N/A"
ca3adaa9-2e4c-494e-a711-7fa34c74fd32,"#N/A","#N/A",false,Web,"#N/A","#N/A",Medium,"#N/A",New,Subject_koxxs,"#N/A","#N/A","#N/A","#N/A","#N/A"
ca3c479d-eb14-4f16-ba9e-dcfa6847a886,"#N/A","#N/A",false,Web,"#N/A","#N/A",Medium,"#N/A",New,Subject_sylej,"#N/A","#N/A","#N/A","#N/A","#N/A"
ca425530-d6f2-439b-8906-65b36c17fbdd,"#N/A","#N/A",false,Web,"#N/A","#N/A",Medium,"#N/A",New,Subject_phwzd,"#N/A","#N/A","#N/A","#N/A","#N/A"
ca439a7e-9859-4995-88a8-142dcd04f599,"#N/A","#N/A",false,Web,"#N/A","#N/A",Medium,"#N/A",New,Subject_ajmhm,"#N/A","#N/A","#N/A","#N/A","#N/A"
ca44035f-a9c3-4df8-a710-cc4b5ca734af,"#N/A","#N/A",false,Web,"#N/A","#N/A",Medium,"#N/A",New,Subject_tfbrp,"#N/A","#N/A","#N/A","#N/A","#N/A"
ca44bd63-e945-456a-9bb0-654484299545,"#N/A","#N/A",false,Web,"#N/A","#N/A",Medium,"#N/A",New,Subject_laogp,"#N/A","#N/A","#N/A","#N/A","#N/A"
ca48b6ff-42bf-4e79-b480-2ccf91f2b3a5,"#N/A","#N/A",false,Web,"#N/A","#N/A",Medium,"#N/A",New,Subject_msvqz,"#N/A","#N/A","#N/A","#N/A","#N/A"
ca48d488-b7ca-4c1e-a31c-8e3f0e381f3e,"#N/A","#N/A",false,Web,"#N/A","#N/A",Medium,"#N/A",New,Subject_egwhn,"#N/A","#N/A","#N/A","#N/A","#N/A"
ca4ebd6f-ed8e-4b02-836d-66838778d23c,"#N/A","#N/A",false,Web,"#N/A","#N/A",Medium,"#N/A",New,Subject_uobjb,"#N/A","#N/A","#N/A","#N/A","#N/A"
ca50d810-7c49-42db-8c65-4c09af9ea92e,"#N/A","#N/A",false,Web,"#N/A","#N/A",Medium,"#N/A",New,Subject_wbnca,"#N/A","#N/A","#N/A","#N/A","#N/A"
ca561b52-43b3-4847-8e2a-258ede1d1d42,"#N/A","#N/A",false,Web,"#N/A","#N/A",Medium,"#N/A",New,Subject_xpnxc,"#N/A","#N/A","#N/A","#N/A","#N/A"
ca57278a-7b2b-4f95-aab2-b17c88761a9e,"#N/A","#N/A",false,Web,"#N/A","#N/A",Medium,"#N/A",New,Subject_ymslt,"#N/A","#N/A","#N/A","#N/A","#N/A"
ca5affac-ac2d-4a13-a6e5-a5f2e11c5b0e,"#N/A","#N/A",false,Web,"#N/A","#N/A",Medium,"#N/A",New,Subject_melne,"#N/A","#N/A","#N/A","#N/A","#N/A"
ca5e3eb3-b138-4fb7-a976-4e50b1adcf27,"#N/A","#N/A",false,Web,"#N/A","#N/A",Medium,"#N/A",New,Subject_gwjsf,"#N/A","#N/A","#N/A","#N/A","#N/A"
ca5e4655-b640-4335-83af-fc8b6adb15f1,"#N/A","#N/A",false,Web,"#N/A","#N/A",Medium,"#N/A",New,Subject_amqjw,"#N/A","#N/A","#N/A","#N/A","#N/A"
ca5ea278-2408-4d35-8070-c246e1d99967,"#N/A","#N/A",false,Web,"#N/A","#N/A",Medium,"#N/A",New,Subject_dokjm,"#N/A","#N/A","#N/A","#N/A","#N/A"
ca61b37a-f1e6-43e7-b16d-a6b308273509,"#N/A","#N/A",false,Web,"#N/A","#N/A",Medium,"#N/A",New,Subject_ophxg,"#N/A","#N/A","#N/A","#N/A","#N/A"
ca639083-44ae-498b-9f4d-44f9e0901c45,"#N/A","#N/A",false,Web,"#N/A","#N/A",Medium,"#N/A",New,Subject_okvsb,"#N/A","#N/A","#N/A","#N/A","#N/A"
ca6438d2-8838-4420-a138-347cbc3b278b,"#N/A","#N/A",false,Web,"#N/A","#N/A",Medium,"#N/A",New,Subject_pkmyx,"#N/A","#N/A","#N/A","#N/A","#N/A"
ca64504a-95be-472a-bd2f-464bab29d977,"#N/A","#N/A",false,Web,"#N/A","#N/A",Medium,"#N/A",New,Subject_jrzxb,"#N/A","#N/A","#N/A","#N/A","#N/A"
ca64fde3-514c-4759-81ec-7bcd8f513c50,"#N/A","#N/A",false,Web,"#N/A","#N/A",Medium,"#N/A",New,Subject_rmlxa,"#N/A","#N/A","#N/A","#N/A","#N/A"
ca653592-537b-45b8-9fcb-25403b40f501,"#N/A","#N/A",false,Web,"#N/A","#N/A",Medium,"#N/A",New,Subject_iadzg,"#N/A","#N/A","#N/A","#N/A","#N/A"
ca65580f-c38d-422e-bc42-220d4b6d760f,"#N/A","#N/A",false,Web,"#N/A","#N/A",Medium,"#N/A",New,Subject_kpltw,"#N/A","#N/A","#N/A","#N/A","#N/A"
ca66e041-9f6f-4c0d-81b4-058ec9b80f69,"#N/A","#N/A",false,Web,"#N/A","#N/A",Medium,"#N/A",New,Subject_ohrgv,"#N/A","#N/A","#N/A","#N/A","#N/A"
ca69258a-cb75-4711-b0d3-d23dfbf64a8e,"#N/A","#N/A",false,Web,"#N/A","#N/A",Medium,"#N/A",New,Subject_aphdq,"#N/A","#N/A","#N/A","#N/A","#N/A"
ca6a00a3-56fc-4cb1-9081-6bd7ff1fa928,"#N/A","#N/A",false,Web,"#N/A","#N/A",Medium,"#N/A",New,Subject_pemub,"#N/A","#N/A","#N/A","#N/A","#N/A"
ca6c9f3b-62fd-4b6c-83fe-bbc30e5e1338,"#N/A","#N/A",false,Web,"#N/A","#N/A",Medium,"#N/A",New,Subject_bxdan,"#N/A","#N/A","#N/A","#N/A","#N/A"
ca6ced10-41bd-499f-b401-4f39d378d1c6,"#N/A","#N/A",false,Web,"#N/A","#N/A",Medium,"#N/A",New,Subject_jalmo,"#N/A","#N/A","#N/A","#N/A","#N/A"
ca6dd510-bd65-4b23-8018-1360b5c0cbb2,"#N/A","#N/A",false,Web,"#N/A","#N/A",Medium,"#N/A",New,Subject_bhtuy,"#N/A","#N/A","#N/A","#N/A","#N/A"
ca7039f8-4985-44fa-8268-6fbfd268018c,"#N/A","#N/A",false,Web,"#N/A","#N/A",Medium,"#N/A",New,Subject_ikyqt,"#N/A","#N/A","#N/A","#N/A","#N/A"
ca732dae-a93f-49d3-b23d-22e673ba2c34,"#N/A","#N/A",false,Web,"#N/A","#N/A",Medium,"#N/A",New,Subject_dfeby,"#N/A","#N/A","#N/A","#N/A","#N/A"
ca7503e1-059d-45eb-b2e6-67e849bcbe0f,"#N/A","#N/A",false,Web,"#N/A","#N/A",Medium,"#N/A",New,Subject_ferdl,"#N/A","#N/A","#N/A","#N/A","#N/A"
ca7893cf-dafa-4f42-9bf0-6c6ea73539f5,"#N/A","#N/A",false,Web,"#N/A","#N/A",Medium,"#N/A",New,Subject_bqtgo,"#N/A","#N/A","#N/A","#N/A","#N/A"
ca7cbdc4-3d83-46ff-aec1-2099e20bf039,"#N/A","#N/A",false,Web,"#N/A","#N/A",Medium,"#N/A",New,Subject_wgttg,"#N/A","#N/A","#N/A","#N/A","#N/A"
ca7e2431-55fe-43e3-82e3-1e8b81600c5b,"#N/A","#N/A",false,Web,"#N/A","#N/A",Medium,"#N/A",New,Subject_msxcc,"#N/A","#N/A","#N/A","#N/A","#N/A"
ca831819-0759-4f59-b66d-2c12942a981e,"#N/A","#N/A",false,Web,"#N/A","#N/A",Medium,"#N/A",New,Subject_zwchc,"#N/A","#N/A","#N/A","#N/A","#N/A"
ca8a2519-a986-470f-9c1d-f69533448333,"#N/A","#N/A",false,Web,"#N/A","#N/A",Medium,"#N/A",New,Subject_cbeja,"#N/A","#N/A","#N/A","#N/A","#N/A"
ca8b1a0e-3b2c-48ae-adab-5c930f35a45c,"#N/A","#N/A",false,Web,"#N/A","#N/A",Medium,"#N/A",New,Subject_eulpv,"#N/A","#N/A","#N/A","#N/A","#N/A"
ca8c4582-a802-4c36-903a-736cd61bdfc5,"#N/A","#N/A",false,Web,"#N/A","#N/A",Medium,"#N/A",New,Subject_uxytv,"#N/A","#N/A","#N/A","#N/A","#N/A"
ca9adb1c-f67f-4191-a21a-39178a6437d8,"#N/A","#N/A",false,Web,"#N/A","#N/A",Medium,"#N/A",New,Subject_uysjk,"#N/A","#N/A","#N/A","#N/A","#N/A"
ca9d19ba-65c5-4808-b281-7077c65efd25,"#N/A","#N/A",false,Web,"#N/A","#N/A",Medium,"#N/A",New,Subject_xgglc,"#N/A","#N/A","#N/A","#N/A","#N/A"
ca9f670a-55dd-4a0a-9acd-0ecf29d98864,"#N/A","#N/A",false,Web,"#N/A","#N/A",Medium,"#N/A",New,Subject_stnqf,"#N/A","#N/A","#N/A","#N/A","#N/A"
caa7afe5-03de-4e48-9d3a-b531c779284a,"#N/A","#N/A",false,Web,"#N/A","#N/A",Medium,"#N/A",New,Subject_swbez,"#N/A","#N/A","#N/A","#N/A","#N/A"
caaa52e6-a6c5-4565-b511-45d8dfb738fa,"#N/A","#N/A",false,Web,"#N/A","#N/A",Medium,"#N/A",New,Subject_wxqmr,"#N/A","#N/A","#N/A","#N/A","#N/A"
caaaa877-02de-49b3-bf57-fdafbed17d88,"#N/A","#N/A",false,Web,"#N/A","#N/A",Medium,"#N/A",New,Subject_lfsql,"#N/A","#N/A","#N/A","#N/A","#N/A"
caad3454-88cf-4f9e-8360-e28551333f06,"#N/A","#N/A",false,Web,"#N/A","#N/A",Medium,"#N/A",New,Subject_csikr,"#N/A","#N/A","#N/A","#N/A","#N/A"
caad6c7e-f76b-4fa5-9c92-9b058e3a3625,"#N/A","#N/A",false,Web,"#N/A","#N/A",Medium,"#N/A",New,Subject_slhet,"#N/A","#N/A","#N/A","#N/A","#N/A"
caaf4107-3203-4dc2-9b3e-20c320c33dc5,"#N/A","#N/A",false,Web,"#N/A","#N/A",Medium,"#N/A",New,Subject_rdpyl,"#N/A","#N/A","#N/A","#N/A","#N/A"
caafb2a9-673e-4699-9864-1843d28d4aef,"#N/A","#N/A",false,Web,"#N/A","#N/A",Medium,"#N/A",New,Subject_dpukn,"#N/A","#N/A","#N/A","#N/A","#N/A"
cab123da-ca2c-489e-b1fd-75349f830859,"#N/A","#N/A",false,Web,"#N/A","#N/A",Medium,"#N/A",New,Subject_tlkju,"#N/A","#N/A","#N/A","#N/A","#N/A"
cab21ccc-b955-45c7-9d03-c909699fc829,"#N/A","#N/A",false,Web,"#N/A","#N/A",Medium,"#N/A",New,Subject_wawgs,"#N/A","#N/A","#N/A","#N/A","#N/A"
cab44e73-cc4b-4b0a-bfa2-75c09c1f6b2d,"#N/A","#N/A",false,Web,"#N/A","#N/A",Medium,"#N/A",New,Subject_pzafc,"#N/A","#N/A","#N/A","#N/A","#N/A"
cab6c812-4b7b-4ad6-8dc3-583a83e4f31f,"#N/A","#N/A",false,Web,"#N/A","#N/A",Medium,"#N/A",New,Subject_tuxsq,"#N/A","#N/A","#N/A","#N/A","#N/A"
cab6efef-f493-436d-a176-8000d67560be,"#N/A","#N/A",false,Web,"#N/A","#N/A",Medium,"#N/A",New,Subject_xlmqq,"#N/A","#N/A","#N/A","#N/A","#N/A"
cab85589-a056-4314-9378-2ea4edf458d7,"#N/A","#N/A",false,Web,"#N/A","#N/A",Medium,"#N/A",New,Subject_xxuve,"#N/A","#N/A","#N/A","#N/A","#N/A"
cab8ea85-17be-4c50-b6cf-bc15b043743e,"#N/A","#N/A",false,Web,"#N/A","#N/A",Medium,"#N/A",New,Subject_hudmn,"#N/A","#N/A","#N/A","#N/A","#N/A"
cabab648-9c33-4a1d-a689-41a831f32455,"#N/A","#N/A",false,Web,"#N/A","#N/A",Medium,"#N/A",New,Subject_ytmsv,"#N/A","#N/A","#N/A","#N/A","#N/A"
cabd3319-30cf-4a36-a75c-036a3d1936a5,"#N/A","#N/A",false,Web,"#N/A","#N/A",Medium,"#N/A",New,Subject_fwinj,"#N/A","#N/A","#N/A","#N/A","#N/A"
cabd7b33-621d-448d-84be-0adf3273bf74,"#N/A","#N/A",false,Web,"#N/A","#N/A",Medium,"#N/A",New,Subject_duouo,"#N/A","#N/A","#N/A","#N/A","#N/A"
cabf6a11-19ed-4f85-8fa2-a4a663a2f792,"#N/A","#N/A",false,Web,"#N/A","#N/A",Medium,"#N/A",New,Subject_ggwzm,"#N/A","#N/A","#N/A","#N/A","#N/A"
cac076e1-b0bd-4ac6-bd84-6c5a8e874d56,"#N/A","#N/A",false,Web,"#N/A","#N/A",Medium,"#N/A",New,Subject_snafk,"#N/A","#N/A","#N/A","#N/A","#N/A"
cac0df66-8169-4e9f-832d-a68403377788,"#N/A","#N/A",false,Web,"#N/A","#N/A",Medium,"#N/A",New,Subject_gzwfh,"#N/A","#N/A","#N/A","#N/A","#N/A"
cac193dd-5270-4699-b155-dabde988e395,"#N/A","#N/A",false,Web,"#N/A","#N/A",Medium,"#N/A",New,Subject_jbvom,"#N/A","#N/A","#N/A","#N/A","#N/A"
cac1d4d0-4f3a-4eec-aefa-ff8a4308cd56,"#N/A","#N/A",false,Web,"#N/A","#N/A",Medium,"#N/A",New,Subject_sgvde,"#N/A","#N/A","#N/A","#N/A","#N/A"
cac36ab4-e292-4b7a-afa9-8b6256694555,"#N/A","#N/A",false,Web,"#N/A","#N/A",Medium,"#N/A",New,Subject_cuxuo,"#N/A","#N/A","#N/A","#N/A","#N/A"
cac89602-c702-4629-9535-6162ab9440e0,"#N/A","#N/A",false,Web,"#N/A","#N/A",Medium,"#N/A",New,Subject_kbnfd,"#N/A","#N/A","#N/A","#N/A","#N/A"
cac9639b-8ed7-4c80-8086-c8e7dd619e2f,"#N/A","#N/A",false,Web,"#N/A","#N/A",Medium,"#N/A",New,Subject_exikp,"#N/A","#N/A","#N/A","#N/A","#N/A"
cacb4f27-e1f0-4866-94e5-dba19a5b7176,"#N/A","#N/A",false,Web,"#N/A","#N/A",Medium,"#N/A",New,Subject_qkjkk,"#N/A","#N/A","#N/A","#N/A","#N/A"
cadbc142-e288-45ce-92b1-10d13509ca34,"#N/A","#N/A",false,Web,"#N/A","#N/A",Medium,"#N/A",New,Subject_zmjxs,"#N/A","#N/A","#N/A","#N/A","#N/A"
cadbef02-a42e-40e5-ac76-985df7b300b9,"#N/A","#N/A",false,Web,"#N/A","#N/A",Medium,"#N/A",New,Subject_xvnje,"#N/A","#N/A","#N/A","#N/A","#N/A"
cadede5e-c23b-42cd-ac9c-134552c6be78,"#N/A","#N/A",false,Web,"#N/A","#N/A",Medium,"#N/A",New,Subject_jzqkk,"#N/A","#N/A","#N/A","#N/A","#N/A"
cae34758-e1ef-4bca-9c17-5113913d9e41,"#N/A","#N/A",false,Web,"#N/A","#N/A",Medium,"#N/A",New,Subject_yyhxe,"#N/A","#N/A","#N/A","#N/A","#N/A"
cae39bba-2a40-4f3e-9231-77c320cac5a8,"#N/A","#N/A",false,Web,"#N/A","#N/A",Medium,"#N/A",New,Subject_xldrd,"#N/A","#N/A","#N/A","#N/A","#N/A"
cae4b0e5-dbc0-416a-a480-ffd738ab80f9,"#N/A","#N/A",false,Web,"#N/A","#N/A",Medium,"#N/A",New,Subject_glcgl,"#N/A","#N/A","#N/A","#N/A","#N/A"
cae7ca15-aa12-45df-aa07-4324b2b82e85,"#N/A","#N/A",false,Web,"#N/A","#N/A",Medium,"#N/A",New,Subject_swkja,"#N/A","#N/A","#N/A","#N/A","#N/A"
cae80ff4-df11-4467-a600-832b9c071ebc,"#N/A","#N/A",false,Web,"#N/A","#N/A",Medium,"#N/A",New,Subject_bczgs,"#N/A","#N/A","#N/A","#N/A","#N/A"
caeb54ac-5acf-4ebe-9c6a-c0c56aca03c5,"#N/A","#N/A",false,Web,"#N/A","#N/A",Medium,"#N/A",New,Subject_otzlg,"#N/A","#N/A","#N/A","#N/A","#N/A"
caeb6cd2-83a8-4f06-9902-0164619d4b70,"#N/A","#N/A",false,Web,"#N/A","#N/A",Medium,"#N/A",New,Subject_ahick,"#N/A","#N/A","#N/A","#N/A","#N/A"
caec91eb-0109-41b2-9988-96ccd57884ae,"#N/A","#N/A",false,Web,"#N/A","#N/A",Medium,"#N/A",New,Subject_yndry,"#N/A","#N/A","#N/A","#N/A","#N/A"
caf0bb97-7823-4472-b550-9d528a3109b2,"#N/A","#N/A",false,Web,"#N/A","#N/A",Medium,"#N/A",New,Subject_qjuqb,"#N/A","#N/A","#N/A","#N/A","#N/A"
caf2d722-eb06-44db-8996-1a562baaa637,"#N/A","#N/A",false,Web,"#N/A","#N/A",Medium,"#N/A",New,Subject_lwknf,"#N/A","#N/A","#N/A","#N/A","#N/A"
caf67222-8db6-4582-9569-7ab8504ae883,"#N/A","#N/A",false,Web,"#N/A","#N/A",Medium,"#N/A",New,Subject_zndoc,"#N/A","#N/A","#N/A","#N/A","#N/A"
caf6a88b-6fc0-40dc-a861-8620cea8ce2f,"#N/A","#N/A",false,Web,"#N/A","#N/A",Medium,"#N/A",New,Subject_jvuzr,"#N/A","#N/A","#N/A","#N/A","#N/A"
caf6bbe7-c441-47f5-8f90-9aadb62ac754,"#N/A","#N/A",false,Web,"#N/A","#N/A",Medium,"#N/A",New,Subject_iyjlu,"#N/A","#N/A","#N/A","#N/A","#N/A"
caf6f120-f44d-44d0-a223-05acbfa81676,"#N/A","#N/A",false,Web,"#N/A","#N/A",Medium,"#N/A",New,Subject_yvvkl,"#N/A","#N/A","#N/A","#N/A","#N/A"
caf7b43f-2f39-464a-8447-343c2923c253,"#N/A","#N/A",false,Web,"#N/A","#N/A",Medium,"#N/A",New,Subject_zgyfw,"#N/A","#N/A","#N/A","#N/A","#N/A"
cafa034a-9097-4810-bc8c-8c5bfd6f88ab,"#N/A","#N/A",false,Web,"#N/A","#N/A",Medium,"#N/A",New,Subject_eymsc,"#N/A","#N/A","#N/A","#N/A","#N/A"
cafa5dce-a6d9-48b3-a533-c2e375187f51,"#N/A","#N/A",false,Web,"#N/A","#N/A",Medium,"#N/A",New,Subject_pffnr,"#N/A","#N/A","#N/A","#N/A","#N/A"
cb0a4879-09c9-4039-8360-46331930ca7c,"#N/A","#N/A",false,Web,"#N/A","#N/A",Medium,"#N/A",New,Subject_futwe,"#N/A","#N/A","#N/A","#N/A","#N/A"
cb0b540a-d8ff-429d-8d73-1c77e160b81f,"#N/A","#N/A",false,Web,"#N/A","#N/A",Medium,"#N/A",New,Subject_wdgio,"#N/A","#N/A","#N/A","#N/A","#N/A"
cb0bc81e-afd6-4869-a748-c471aa9c61a5,"#N/A","#N/A",false,Web,"#N/A","#N/A",Medium,"#N/A",New,Subject_fdkih,"#N/A","#N/A","#N/A","#N/A","#N/A"
cb0d9f28-32df-4fc8-a9b2-2925faa90e9e,"#N/A","#N/A",false,Web,"#N/A","#N/A",Medium,"#N/A",New,Subject_pujlo,"#N/A","#N/A","#N/A","#N/A","#N/A"
cb10c76a-b5fb-4647-8b2a-98e165e4e344,"#N/A","#N/A",false,Web,"#N/A","#N/A",Medium,"#N/A",New,Subject_irpnx,"#N/A","#N/A","#N/A","#N/A","#N/A"
cb127341-d4d6-4a98-a770-91429378fee0,"#N/A","#N/A",false,Web,"#N/A","#N/A",Medium,"#N/A",New,Subject_fexrh,"#N/A","#N/A","#N/A","#N/A","#N/A"
cb181898-9a75-42fe-87d6-5e9b9a41a09b,"#N/A","#N/A",false,Web,"#N/A","#N/A",Medium,"#N/A",New,Subject_fwemp,"#N/A","#N/A","#N/A","#N/A","#N/A"
cb190cd6-71c8-4a1e-be11-bd648d30664f,"#N/A","#N/A",false,Web,"#N/A","#N/A",Medium,"#N/A",New,Subject_mvwyg,"#N/A","#N/A","#N/A","#N/A","#N/A"
cb1ae6e4-c803-4a71-ba27-cebe1809815d,"#N/A","#N/A",false,Web,"#N/A","#N/A",Medium,"#N/A",New,Subject_aywvf,"#N/A","#N/A","#N/A","#N/A","#N/A"
cb2471ea-c0d6-48ab-8915-560b93f75c57,"#N/A","#N/A",false,Web,"#N/A","#N/A",Medium,"#N/A",New,Subject_tbdyj,"#N/A","#N/A","#N/A","#N/A","#N/A"
cb2588d9-d533-49b9-9599-02676c850dd5,"#N/A","#N/A",false,Web,"#N/A","#N/A",Medium,"#N/A",New,Subject_idtat,"#N/A","#N/A","#N/A","#N/A","#N/A"
cb25f220-98dc-40f9-9427-b2c72daed811,"#N/A","#N/A",false,Web,"#N/A","#N/A",Medium,"#N/A",New,Subject_cekps,"#N/A","#N/A","#N/A","#N/A","#N/A"
cb291ee9-ba82-482f-a476-8d2dc168f9b5,"#N/A","#N/A",false,Web,"#N/A","#N/A",Medium,"#N/A",New,Subject_ipsej,"#N/A","#N/A","#N/A","#N/A","#N/A"
cb293708-31ce-45c0-a42b-7bf9012eabc1,"#N/A","#N/A",false,Web,"#N/A","#N/A",Medium,"#N/A",New,Subject_llluw,"#N/A","#N/A","#N/A","#N/A","#N/A"
cb2c35d6-072b-4cac-adba-9d8dc9757b03,"#N/A","#N/A",false,Web,"#N/A","#N/A",Medium,"#N/A",New,Subject_ympjg,"#N/A","#N/A","#N/A","#N/A","#N/A"
cb2c8ca3-9955-420d-bca0-5a1f620feb48,"#N/A","#N/A",false,Web,"#N/A","#N/A",Medium,"#N/A",New,Subject_yksio,"#N/A","#N/A","#N/A","#N/A","#N/A"
cb2c92a5-f4b1-4ebd-a295-a2106fab11fd,"#N/A","#N/A",false,Web,"#N/A","#N/A",Medium,"#N/A",New,Subject_smkbv,"#N/A","#N/A","#N/A","#N/A","#N/A"
cb3275af-230a-4636-b0cc-0b20ca4ad840,"#N/A","#N/A",false,Web,"#N/A","#N/A",Medium,"#N/A",New,Subject_wmftq,"#N/A","#N/A","#N/A","#N/A","#N/A"
cb3754ee-9a01-4683-b8aa-07aeccd34010,"#N/A","#N/A",false,Web,"#N/A","#N/A",Medium,"#N/A",New,Subject_etkgs,"#N/A","#N/A","#N/A","#N/A","#N/A"
cb379615-cfe5-41eb-90f1-831922bd2785,"#N/A","#N/A",false,Web,"#N/A","#N/A",Medium,"#N/A",New,Subject_oafhq,"#N/A","#N/A","#N/A","#N/A","#N/A"
cb386005-ec66-49f7-a3d3-20dcaca08e26,"#N/A","#N/A",false,Web,"#N/A","#N/A",Medium,"#N/A",New,Subject_fzlon,"#N/A","#N/A","#N/A","#N/A","#N/A"
cb39ae76-a8c9-4868-97b2-07b7afc78f22,"#N/A","#N/A",false,Web,"#N/A","#N/A",Medium,"#N/A",New,Subject_lyzcs,"#N/A","#N/A","#N/A","#N/A","#N/A"
cb39eed9-b6ba-41f8-ad78-c75e03418936,"#N/A","#N/A",false,Web,"#N/A","#N/A",Medium,"#N/A",New,Subject_czdqh,"#N/A","#N/A","#N/A","#N/A","#N/A"
cb3dd708-8353-44db-8177-db0c4b370fcc,"#N/A","#N/A",false,Web,"#N/A","#N/A",Medium,"#N/A",New,Subject_mxsfs,"#N/A","#N/A","#N/A","#N/A","#N/A"
cb3e51b2-a784-4db1-a18b-1f5141df59c7,"#N/A","#N/A",false,Web,"#N/A","#N/A",Medium,"#N/A",New,Subject_dbmga,"#N/A","#N/A","#N/A","#N/A","#N/A"
cb4115dc-a5dc-4d87-afeb-70faa8d18eaa,"#N/A","#N/A",false,Web,"#N/A","#N/A",Medium,"#N/A",New,Subject_sfphb,"#N/A","#N/A","#N/A","#N/A","#N/A"
cb4b6840-f22b-482b-9a3d-421010a95eb4,"#N/A","#N/A",false,Web,"#N/A","#N/A",Medium,"#N/A",New,Subject_xvjxm,"#N/A","#N/A","#N/A","#N/A","#N/A"
cb4ccaab-add3-451c-bcac-4878edf351dd,"#N/A","#N/A",false,Web,"#N/A","#N/A",Medium,"#N/A",New,Subject_vrnui,"#N/A","#N/A","#N/A","#N/A","#N/A"
cb518dad-bfb5-4e98-a383-4b4240ea7eaf,"#N/A","#N/A",false,Web,"#N/A","#N/A",Medium,"#N/A",New,Subject_fixiv,"#N/A","#N/A","#N/A","#N/A","#N/A"
cb53ce9d-b2f8-47e7-b542-67ea49e57975,"#N/A","#N/A",false,Web,"#N/A","#N/A",Medium,"#N/A",New,Subject_nzvgu,"#N/A","#N/A","#N/A","#N/A","#N/A"
cb54887f-0d4b-472d-ac9c-af75e748e075,"#N/A","#N/A",false,Web,"#N/A","#N/A",Medium,"#N/A",New,Subject_owyjp,"#N/A","#N/A","#N/A","#N/A","#N/A"
cb557a2a-b3c2-4380-a08a-1876f8e43620,"#N/A","#N/A",false,Web,"#N/A","#N/A",Medium,"#N/A",New,Subject_queyf,"#N/A","#N/A","#N/A","#N/A","#N/A"
cb597833-0ab8-4129-98f4-a30d873e2a2d,"#N/A","#N/A",false,Web,"#N/A","#N/A",Medium,"#N/A",New,Subject_ubphs,"#N/A","#N/A","#N/A","#N/A","#N/A"
cb5adf98-ce55-42ee-bfc7-51589beac128,"#N/A","#N/A",false,Web,"#N/A","#N/A",Medium,"#N/A",New,Subject_zcqjo,"#N/A","#N/A","#N/A","#N/A","#N/A"
cb5dc99b-2cf1-42a2-aab5-35996dce012e,"#N/A","#N/A",false,Web,"#N/A","#N/A",Medium,"#N/A",New,Subject_vvdou,"#N/A","#N/A","#N/A","#N/A","#N/A"
cb5f5e4c-f154-48bb-a130-a4788a91fbe9,"#N/A","#N/A",false,Web,"#N/A","#N/A",Medium,"#N/A",New,Subject_gtwlf,"#N/A","#N/A","#N/A","#N/A","#N/A"
cb6aa909-660b-46a3-93f8-7b863566bc65,"#N/A","#N/A",false,Web,"#N/A","#N/A",Medium,"#N/A",New,Subject_cesvc,"#N/A","#N/A","#N/A","#N/A","#N/A"
cb6b4621-3e23-4be0-8074-ba4521b79364,"#N/A","#N/A",false,Web,"#N/A","#N/A",Medium,"#N/A",New,Subject_rtjoc,"#N/A","#N/A","#N/A","#N/A","#N/A"
cb6ce11e-7d7b-4b71-acf9-b2d484729b6d,"#N/A","#N/A",false,Web,"#N/A","#N/A",Medium,"#N/A",New,Subject_nggzb,"#N/A","#N/A","#N/A","#N/A","#N/A"
cb6d3cef-76e1-4515-b2c8-f1f260815eae,"#N/A","#N/A",false,Web,"#N/A","#N/A",Medium,"#N/A",New,Subject_myicv,"#N/A","#N/A","#N/A","#N/A","#N/A"
cb6d540a-1108-4944-a152-cb38778ab11f,"#N/A","#N/A",false,Web,"#N/A","#N/A",Medium,"#N/A",New,Subject_qiera,"#N/A","#N/A","#N/A","#N/A","#N/A"
cb70cce8-799d-4b4c-8f33-5a6495ba7dab,"#N/A","#N/A",false,Web,"#N/A","#N/A",Medium,"#N/A",New,Subject_wfgec,"#N/A","#N/A","#N/A","#N/A","#N/A"
cb70ee9d-2646-4fbe-99fd-4a9393a477df,"#N/A","#N/A",false,Web,"#N/A","#N/A",Medium,"#N/A",New,Subject_qoisb,"#N/A","#N/A","#N/A","#N/A","#N/A"
cb715585-e9b7-49d8-ab65-530c42a95088,"#N/A","#N/A",false,Web,"#N/A","#N/A",Medium,"#N/A",New,Subject_afcqi,"#N/A","#N/A","#N/A","#N/A","#N/A"
cb75792a-03dc-46a0-ac5a-319dc0b3004c,"#N/A","#N/A",false,Web,"#N/A","#N/A",Medium,"#N/A",New,Subject_xzeyi,"#N/A","#N/A","#N/A","#N/A","#N/A"
cb75aee6-31f3-462e-9eb8-1f46d98fe376,"#N/A","#N/A",false,Web,"#N/A","#N/A",Medium,"#N/A",New,Subject_cwjyl,"#N/A","#N/A","#N/A","#N/A","#N/A"
cb7698a6-45c0-4efc-9d0a-bcd7be84d397,"#N/A","#N/A",false,Web,"#N/A","#N/A",Medium,"#N/A",New,Subject_trjzg,"#N/A","#N/A","#N/A","#N/A","#N/A"
cb798f37-1a35-4052-b9df-320485466fee,"#N/A","#N/A",false,Web,"#N/A","#N/A",Medium,"#N/A",New,Subject_ajrbh,"#N/A","#N/A","#N/A","#N/A","#N/A"
cb7b3911-265c-444d-8aa6-b4a5f4b4ba2d,"#N/A","#N/A",false,Web,"#N/A","#N/A",Medium,"#N/A",New,Subject_ytctn,"#N/A","#N/A","#N/A","#N/A","#N/A"
cb7e0cf2-ab74-4b0e-94d8-414cadc3e0d6,"#N/A","#N/A",false,Web,"#N/A","#N/A",Medium,"#N/A",New,Subject_dhljq,"#N/A","#N/A","#N/A","#N/A","#N/A"
cb7fb038-5bf5-4a1d-9a82-a4ebb233d216,"#N/A","#N/A",false,Web,"#N/A","#N/A",Medium,"#N/A",New,Subject_kynky,"#N/A","#N/A","#N/A","#N/A","#N/A"
cb80b939-8d4c-473b-b50d-f8ecbccc580e,"#N/A","#N/A",false,Web,"#N/A","#N/A",Medium,"#N/A",New,Subject_itkhu,"#N/A","#N/A","#N/A","#N/A","#N/A"
cb82cdc1-e412-4f48-b94e-10caa20c518d,"#N/A","#N/A",false,Web,"#N/A","#N/A",Medium,"#N/A",New,Subject_nbwnz,"#N/A","#N/A","#N/A","#N/A","#N/A"
cb84c517-8765-4ab4-9463-0a08da54d932,"#N/A","#N/A",false,Web,"#N/A","#N/A",Medium,"#N/A",New,Subject_jtlsj,"#N/A","#N/A","#N/A","#N/A","#N/A"
cb84e05d-b7bb-42b5-83fe-bd5992142031,"#N/A","#N/A",false,Web,"#N/A","#N/A",Medium,"#N/A",New,Subject_biona,"#N/A","#N/A","#N/A","#N/A","#N/A"
cb859f4f-4c94-42e8-90be-32e670c71b9c,"#N/A","#N/A",false,Web,"#N/A","#N/A",Medium,"#N/A",New,Subject_lomsr,"#N/A","#N/A","#N/A","#N/A","#N/A"
cb88d162-d6c9-4f7a-b10f-c0dc194133a3,"#N/A","#N/A",false,Web,"#N/A","#N/A",Medium,"#N/A",New,Subject_fyjmn,"#N/A","#N/A","#N/A","#N/A","#N/A"
cb8eb444-f99e-4d24-aafc-4017ffc197f4,"#N/A","#N/A",false,Web,"#N/A","#N/A",Medium,"#N/A",New,Subject_wsvkn,"#N/A","#N/A","#N/A","#N/A","#N/A"
cb92aa6b-557b-40e3-a291-6f4d9f380732,"#N/A","#N/A",false,Web,"#N/A","#N/A",Medium,"#N/A",New,Subject_colps,"#N/A","#N/A","#N/A","#N/A","#N/A"
cb956c11-5a6d-4015-9a45-f3aa37b08f6e,"#N/A","#N/A",false,Web,"#N/A","#N/A",Medium,"#N/A",New,Subject_bisdv,"#N/A","#N/A","#N/A","#N/A","#N/A"
cb95fe5f-715c-452d-80b1-b7364230156e,"#N/A","#N/A",false,Web,"#N/A","#N/A",Medium,"#N/A",New,Subject_tcgtw,"#N/A","#N/A","#N/A","#N/A","#N/A"
cb9cc03c-4c1d-4644-8062-65915d59372c,"#N/A","#N/A",false,Web,"#N/A","#N/A",Medium,"#N/A",New,Subject_jwsmt,"#N/A","#N/A","#N/A","#N/A","#N/A"
cba29718-0998-45d9-a75f-f324998a5199,"#N/A","#N/A",false,Web,"#N/A","#N/A",Medium,"#N/A",New,Subject_inoor,"#N/A","#N/A","#N/A","#N/A","#N/A"
cba33540-e935-4ce8-9007-f6ea623c41ff,"#N/A","#N/A",false,Web,"#N/A","#N/A",Medium,"#N/A",New,Subject_fbgwo,"#N/A","#N/A","#N/A","#N/A","#N/A"
cba6c58b-4aa9-4777-8a06-850eb40259f9,"#N/A","#N/A",false,Web,"#N/A","#N/A",Medium,"#N/A",New,Subject_unemv,"#N/A","#N/A","#N/A","#N/A","#N/A"
cbb11091-e0cb-4259-a5dd-67fe90adc8ab,"#N/A","#N/A",false,Web,"#N/A","#N/A",Medium,"#N/A",New,Subject_qrqly,"#N/A","#N/A","#N/A","#N/A","#N/A"
cbb958ce-9f73-485d-8ed9-2a1a467b5b4f,"#N/A","#N/A",false,Web,"#N/A","#N/A",Medium,"#N/A",New,Subject_ggscw,"#N/A","#N/A","#N/A","#N/A","#N/A"
cbb97411-8986-4278-b547-a02e6100bf1b,"#N/A","#N/A",false,Web,"#N/A","#N/A",Medium,"#N/A",New,Subject_ukwcl,"#N/A","#N/A","#N/A","#N/A","#N/A"
cbbe4e08-c462-42ab-9528-0989e91ccdbc,"#N/A","#N/A",false,Web,"#N/A","#N/A",Medium,"#N/A",New,Subject_mbwcx,"#N/A","#N/A","#N/A","#N/A","#N/A"
cbc0ab9f-1a2d-4dc4-990a-d6766c3799af,"#N/A","#N/A",false,Web,"#N/A","#N/A",Medium,"#N/A",New,Subject_omfle,"#N/A","#N/A","#N/A","#N/A","#N/A"
cbc17cca-356c-4391-a74b-08bc9e804dca,"#N/A","#N/A",false,Web,"#N/A","#N/A",Medium,"#N/A",New,Subject_xtggr,"#N/A","#N/A","#N/A","#N/A","#N/A"
cbc5844f-18fd-41ee-8d19-6caac9dce47f,"#N/A","#N/A",false,Web,"#N/A","#N/A",Medium,"#N/A",New,Subject_hvjeo,"#N/A","#N/A","#N/A","#N/A","#N/A"
cbc59f22-4b1c-4e90-adaf-98e7012fd9e6,"#N/A","#N/A",false,Web,"#N/A","#N/A",Medium,"#N/A",New,Subject_ghfkp,"#N/A","#N/A","#N/A","#N/A","#N/A"
cbcf3886-2afa-4eb8-880c-584e9f3b49c3,"#N/A","#N/A",false,Web,"#N/A","#N/A",Medium,"#N/A",New,Subject_wegne,"#N/A","#N/A","#N/A","#N/A","#N/A"
cbd0240b-472c-4ec2-bb6f-f47752e098bd,"#N/A","#N/A",false,Web,"#N/A","#N/A",Medium,"#N/A",New,Subject_fgxkq,"#N/A","#N/A","#N/A","#N/A","#N/A"
cbd16473-880e-4917-877b-693895edbb0e,"#N/A","#N/A",false,Web,"#N/A","#N/A",Medium,"#N/A",New,Subject_vicst,"#N/A","#N/A","#N/A","#N/A","#N/A"
cbd1a065-318c-41b9-b13d-d8c6ee92f5fc,"#N/A","#N/A",false,Web,"#N/A","#N/A",Medium,"#N/A",New,Subject_ncoro,"#N/A","#N/A","#N/A","#N/A","#N/A"
cbd1adbc-f712-40b8-a1a0-2a2514ca8fb6,"#N/A","#N/A",false,Web,"#N/A","#N/A",Medium,"#N/A",New,Subject_uqpli,"#N/A","#N/A","#N/A","#N/A","#N/A"
cbd1ae4e-886c-4012-9b00-238967c8c158,"#N/A","#N/A",false,Web,"#N/A","#N/A",Medium,"#N/A",New,Subject_pffnr,"#N/A","#N/A","#N/A","#N/A","#N/A"
cbd4ffc5-92f2-4ef2-8a34-956b6f122071,"#N/A","#N/A",false,Web,"#N/A","#N/A",Medium,"#N/A",New,Subject_enlji,"#N/A","#N/A","#N/A","#N/A","#N/A"
cbdab06f-0649-4f6b-825e-1219af52d4ce,"#N/A","#N/A",false,Web,"#N/A","#N/A",Medium,"#N/A",New,Subject_rhatb,"#N/A","#N/A","#N/A","#N/A","#N/A"
cbdbbb76-1b26-4bfb-9203-78d15de87c0b,"#N/A","#N/A",false,Web,"#N/A","#N/A",Medium,"#N/A",New,Subject_nyqxj,"#N/A","#N/A","#N/A","#N/A","#N/A"
cbdf39db-92a0-48a1-b8ea-e3e82c9286d4,"#N/A","#N/A",false,Web,"#N/A","#N/A",Medium,"#N/A",New,Subject_samua,"#N/A","#N/A","#N/A","#N/A","#N/A"
cbe05d19-92e3-4784-96b5-51ba1f4175f2,"#N/A","#N/A",false,Web,"#N/A","#N/A",Medium,"#N/A",New,Subject_bexjz,"#N/A","#N/A","#N/A","#N/A","#N/A"
cbe1fc6d-d4e7-490c-92bc-3e40e31c4a2f,"#N/A","#N/A",false,Web,"#N/A","#N/A",Medium,"#N/A",New,Subject_trltp,"#N/A","#N/A","#N/A","#N/A","#N/A"
cbe6922e-ef2a-40e6-86e1-72a2dc9a5ce2,"#N/A","#N/A",false,Web,"#N/A","#N/A",Medium,"#N/A",New,Subject_bgzhs,"#N/A","#N/A","#N/A","#N/A","#N/A"
cbeb5248-25e4-4ee0-972f-8f3baa1d52dd,"#N/A","#N/A",false,Web,"#N/A","#N/A",Medium,"#N/A",New,Subject_zzjkd,"#N/A","#N/A","#N/A","#N/A","#N/A"
cbec9e27-d5ef-489e-90f3-a53873f67e59,"#N/A","#N/A",false,Web,"#N/A","#N/A",Medium,"#N/A",New,Subject_gaouj,"#N/A","#N/A","#N/A","#N/A","#N/A"
cbed6ce7-8cc9-457a-95b6-f30dedb04513,"#N/A","#N/A",false,Web,"#N/A","#N/A",Medium,"#N/A",New,Subject_mbwqs,"#N/A","#N/A","#N/A","#N/A","#N/A"
cbf81bef-1c06-47c8-90a6-14fec5c370b5,"#N/A","#N/A",false,Web,"#N/A","#N/A",Medium,"#N/A",New,Subject_pihaw,"#N/A","#N/A","#N/A","#N/A","#N/A"
cbf95123-32e4-460d-ad67-e3a48b5e0c3e,"#N/A","#N/A",false,Web,"#N/A","#N/A",Medium,"#N/A",New,Subject_nncuq,"#N/A","#N/A","#N/A","#N/A","#N/A"
cbf9f8d6-99b0-4a35-8c39-9066c9a9bde7,"#N/A","#N/A",false,Web,"#N/A","#N/A",Medium,"#N/A",New,Subject_gwpqf,"#N/A","#N/A","#N/A","#N/A","#N/A"
cbfc2361-7198-4920-94d3-2ce4fdcdb193,"#N/A","#N/A",false,Web,"#N/A","#N/A",Medium,"#N/A",New,Subject_snskj,"#N/A","#N/A","#N/A","#N/A","#N/A"
cbff29a0-3533-4c25-a057-2b71da5877ab,"#N/A","#N/A",false,Web,"#N/A","#N/A",Medium,"#N/A",New,Subject_rmtsa,"#N/A","#N/A","#N/A","#N/A","#N/A"
cc00366b-c815-480b-8bb5-1b9249cf5634,"#N/A","#N/A",false,Web,"#N/A","#N/A",Medium,"#N/A",New,Subject_rypib,"#N/A","#N/A","#N/A","#N/A","#N/A"
cc0195ff-d90d-4c5e-bbce-75ce4a5565da,"#N/A","#N/A",false,Web,"#N/A","#N/A",Medium,"#N/A",New,Subject_mpwgc,"#N/A","#N/A","#N/A","#N/A","#N/A"
cc053bd7-a99b-46b6-abb1-af9181919ba9,"#N/A","#N/A",false,Web,"#N/A","#N/A",Medium,"#N/A",New,Subject_trwzn,"#N/A","#N/A","#N/A","#N/A","#N/A"
cc0919ca-db94-438f-9df1-66c493e44f53,"#N/A","#N/A",false,Web,"#N/A","#N/A",Medium,"#N/A",New,Subject_gtiks,"#N/A","#N/A","#N/A","#N/A","#N/A"
cc0b4bf1-0af4-4bfd-aaa9-4db6fda35125,"#N/A","#N/A",false,Web,"#N/A","#N/A",Medium,"#N/A",New,Subject_eestp,"#N/A","#N/A","#N/A","#N/A","#N/A"
cc10d5db-6fff-4b53-b6df-d92c00e88970,"#N/A","#N/A",false,Web,"#N/A","#N/A",Medium,"#N/A",New,Subject_yobxa,"#N/A","#N/A","#N/A","#N/A","#N/A"
cc10d7b6-a307-4bb8-af3c-5872682d2976,"#N/A","#N/A",false,Web,"#N/A","#N/A",Medium,"#N/A",New,Subject_gqntu,"#N/A","#N/A","#N/A","#N/A","#N/A"
cc171b3d-509c-4479-a3fe-e520a80ab456,"#N/A","#N/A",false,Web,"#N/A","#N/A",Medium,"#N/A",New,Subject_gmdwp,"#N/A","#N/A","#N/A","#N/A","#N/A"
cc1ab430-7a91-4e15-b7d0-c35cd38d6825,"#N/A","#N/A",false,Web,"#N/A","#N/A",Medium,"#N/A",New,Subject_viaxd,"#N/A","#N/A","#N/A","#N/A","#N/A"
cc1fda6b-ba8b-477b-a1c6-2e459d52788d,"#N/A","#N/A",false,Web,"#N/A","#N/A",Medium,"#N/A",New,Subject_nejgw,"#N/A","#N/A","#N/A","#N/A","#N/A"
cc20bbe8-ee25-4b31-b539-76ea9085c01f,"#N/A","#N/A",false,Web,"#N/A","#N/A",Medium,"#N/A",New,Subject_vwhfc,"#N/A","#N/A","#N/A","#N/A","#N/A"
cc22854c-a145-4c06-9531-e5ffd47b25ab,"#N/A","#N/A",false,Web,"#N/A","#N/A",Medium,"#N/A",New,Subject_tlsba,"#N/A","#N/A","#N/A","#N/A","#N/A"
cc232311-6d9d-4bf0-b57e-9e6cd291d22f,"#N/A","#N/A",false,Web,"#N/A","#N/A",Medium,"#N/A",New,Subject_gezbd,"#N/A","#N/A","#N/A","#N/A","#N/A"
cc23cfaf-ab77-4d2d-bd40-29f32e1634ec,"#N/A","#N/A",false,Web,"#N/A","#N/A",Medium,"#N/A",New,Subject_bgfvg,"#N/A","#N/A","#N/A","#N/A","#N/A"
cc25b447-7642-4544-8c98-b95f033fab9d,"#N/A","#N/A",false,Web,"#N/A","#N/A",Medium,"#N/A",New,Subject_ycson,"#N/A","#N/A","#N/A","#N/A","#N/A"
cc28efc6-1ed4-445a-8f0c-c17e233374c8,"#N/A","#N/A",false,Web,"#N/A","#N/A",Medium,"#N/A",New,Subject_wwlaf,"#N/A","#N/A","#N/A","#N/A","#N/A"
cc29bfe6-fd68-433d-bb9b-39e740dd243e,"#N/A","#N/A",false,Web,"#N/A","#N/A",Medium,"#N/A",New,Subject_zadfj,"#N/A","#N/A","#N/A","#N/A","#N/A"
cc2b7e7a-5228-4a15-9941-a876e4214572,"#N/A","#N/A",false,Web,"#N/A","#N/A",Medium,"#N/A",New,Subject_qdaav,"#N/A","#N/A","#N/A","#N/A","#N/A"
cc2c28c8-e933-4e38-86cc-4aadc91ad8e1,"#N/A","#N/A",false,Web,"#N/A","#N/A",Medium,"#N/A",New,Subject_synyq,"#N/A","#N/A","#N/A","#N/A","#N/A"
cc2e1ad6-e1ff-4779-be2e-fa8953c4381e,"#N/A","#N/A",false,Web,"#N/A","#N/A",Medium,"#N/A",New,Subject_zgxtc,"#N/A","#N/A","#N/A","#N/A","#N/A"
cc2f25f9-bdb3-4fdf-a84e-c2ae06fc0a87,"#N/A","#N/A",false,Web,"#N/A","#N/A",Medium,"#N/A",New,Subject_yxzhn,"#N/A","#N/A","#N/A","#N/A","#N/A"
cc30f0e3-6f09-420f-b2ba-bff26002fed0,"#N/A","#N/A",false,Web,"#N/A","#N/A",Medium,"#N/A",New,Subject_xqfyl,"#N/A","#N/A","#N/A","#N/A","#N/A"
cc334a91-0efc-4dab-9353-d6fff3d28055,"#N/A","#N/A",false,Web,"#N/A","#N/A",Medium,"#N/A",New,Subject_czhgz,"#N/A","#N/A","#N/A","#N/A","#N/A"
cc37a041-8f71-4005-b6e4-92d6173a25aa,"#N/A","#N/A",false,Web,"#N/A","#N/A",Medium,"#N/A",New,Subject_lwfiu,"#N/A","#N/A","#N/A","#N/A","#N/A"
cc38a9b2-834b-4ce8-989e-131020156852,"#N/A","#N/A",false,Web,"#N/A","#N/A",Medium,"#N/A",New,Subject_aikzx,"#N/A","#N/A","#N/A","#N/A","#N/A"
cc399f4b-3d3f-48bc-a7e2-1f26684267c4,"#N/A","#N/A",false,Web,"#N/A","#N/A",Medium,"#N/A",New,Subject_stsyx,"#N/A","#N/A","#N/A","#N/A","#N/A"
cc3b45a9-7e33-4e9c-901b-02e41b9d075e,"#N/A","#N/A",false,Web,"#N/A","#N/A",Medium,"#N/A",New,Subject_odexp,"#N/A","#N/A","#N/A","#N/A","#N/A"
cc3bfed7-120d-4684-b741-c94c23e8dd95,"#N/A","#N/A",false,Web,"#N/A","#N/A",Medium,"#N/A",New,Subject_juwsw,"#N/A","#N/A","#N/A","#N/A","#N/A"
cc3e5c0c-a744-4745-8acb-4f8d218bebba,"#N/A","#N/A",false,Web,"#N/A","#N/A",Medium,"#N/A",New,Subject_jjvnm,"#N/A","#N/A","#N/A","#N/A","#N/A"
cc3ee4ba-f4ed-4970-8931-7331525356d9,"#N/A","#N/A",false,Web,"#N/A","#N/A",Medium,"#N/A",New,Subject_zxnvl,"#N/A","#N/A","#N/A","#N/A","#N/A"
cc416167-501a-4736-b441-46d10d853f59,"#N/A","#N/A",false,Web,"#N/A","#N/A",Medium,"#N/A",New,Subject_etbrm,"#N/A","#N/A","#N/A","#N/A","#N/A"
cc416e18-183b-4535-9cb5-38c9c85aa0a3,"#N/A","#N/A",false,Web,"#N/A","#N/A",Medium,"#N/A",New,Subject_tmjdv,"#N/A","#N/A","#N/A","#N/A","#N/A"
cc441360-9791-42e2-8ff4-db22406ae861,"#N/A","#N/A",false,Web,"#N/A","#N/A",Medium,"#N/A",New,Subject_svjas,"#N/A","#N/A","#N/A","#N/A","#N/A"
cc4bb2bc-633b-4786-af41-a3c05b6e8811,"#N/A","#N/A",false,Web,"#N/A","#N/A",Medium,"#N/A",New,Subject_xfktx,"#N/A","#N/A","#N/A","#N/A","#N/A"
cc501c5b-8639-47b1-a9de-d817145a21b9,"#N/A","#N/A",false,Web,"#N/A","#N/A",Medium,"#N/A",New,Subject_munxm,"#N/A","#N/A","#N/A","#N/A","#N/A"
cc523cfd-c893-4048-bff8-073b25369f30,"#N/A","#N/A",false,Web,"#N/A","#N/A",Medium,"#N/A",New,Subject_enwco,"#N/A","#N/A","#N/A","#N/A","#N/A"
cc531035-1f8c-4137-b70d-85ddb655dd0f,"#N/A","#N/A",false,Web,"#N/A","#N/A",Medium,"#N/A",New,Subject_piivz,"#N/A","#N/A","#N/A","#N/A","#N/A"
cc5a8440-9ceb-4a3c-bd28-4d666d0c3910,"#N/A","#N/A",false,Web,"#N/A","#N/A",Medium,"#N/A",New,Subject_njmou,"#N/A","#N/A","#N/A","#N/A","#N/A"
cc5aa283-8248-4316-bf7a-9f9b16081df7,"#N/A","#N/A",false,Web,"#N/A","#N/A",Medium,"#N/A",New,Subject_matvm,"#N/A","#N/A","#N/A","#N/A","#N/A"
cc5e80c9-7985-4e63-a6e8-d5495cd4478a,"#N/A","#N/A",false,Web,"#N/A","#N/A",Medium,"#N/A",New,Subject_itlbb,"#N/A","#N/A","#N/A","#N/A","#N/A"
cc6172ab-a461-49a2-a7df-94634cfdbd7d,"#N/A","#N/A",false,Web,"#N/A","#N/A",Medium,"#N/A",New,Subject_juzie,"#N/A","#N/A","#N/A","#N/A","#N/A"
cc62f711-299d-4cb5-9d3e-1c46f87d6a9b,"#N/A","#N/A",false,Web,"#N/A","#N/A",Medium,"#N/A",New,Subject_vrcbv,"#N/A","#N/A","#N/A","#N/A","#N/A"
cc653359-59af-4455-b098-eb70be1cd414,"#N/A","#N/A",false,Web,"#N/A","#N/A",Medium,"#N/A",New,Subject_kbkub,"#N/A","#N/A","#N/A","#N/A","#N/A"
cc669ca0-3e65-4f81-bb2f-2fe14416d94c,"#N/A","#N/A",false,Web,"#N/A","#N/A",Medium,"#N/A",New,Subject_tonpc,"#N/A","#N/A","#N/A","#N/A","#N/A"
cc67682f-8a9f-4a39-8509-8454a291b936,"#N/A","#N/A",false,Web,"#N/A","#N/A",Medium,"#N/A",New,Subject_gjorx,"#N/A","#N/A","#N/A","#N/A","#N/A"
cc68f973-5518-4ff2-a260-4f9436e73642,"#N/A","#N/A",false,Web,"#N/A","#N/A",Medium,"#N/A",New,Subject_kirnm,"#N/A","#N/A","#N/A","#N/A","#N/A"
cc6b1500-c4ff-4271-840b-95d9817969e6,"#N/A","#N/A",false,Web,"#N/A","#N/A",Medium,"#N/A",New,Subject_apyic,"#N/A","#N/A","#N/A","#N/A","#N/A"
cc6e27cb-fe4b-40db-bc44-e00591a0284d,"#N/A","#N/A",false,Web,"#N/A","#N/A",Medium,"#N/A",New,Subject_eodpn,"#N/A","#N/A","#N/A","#N/A","#N/A"
cc7118df-53a8-4d95-b7e2-2e7d4328b63b,"#N/A","#N/A",false,Web,"#N/A","#N/A",Medium,"#N/A",New,Subject_utxce,"#N/A","#N/A","#N/A","#N/A","#N/A"
cc7493fa-2173-467d-8d96-74030353dfd8,"#N/A","#N/A",false,Web,"#N/A","#N/A",Medium,"#N/A",New,Subject_bmkji,"#N/A","#N/A","#N/A","#N/A","#N/A"
cc7674a7-1566-428c-b038-23c333c83d9f,"#N/A","#N/A",false,Web,"#N/A","#N/A",Medium,"#N/A",New,Subject_cbszw,"#N/A","#N/A","#N/A","#N/A","#N/A"
cc767d5c-57ad-43c0-a63f-59c47610c61d,"#N/A","#N/A",false,Web,"#N/A","#N/A",Medium,"#N/A",New,Subject_tqczy,"#N/A","#N/A","#N/A","#N/A","#N/A"
cc7826c3-b9c2-4c60-93cc-c5a52a2bf588,"#N/A","#N/A",false,Web,"#N/A","#N/A",Medium,"#N/A",New,Subject_cqezg,"#N/A","#N/A","#N/A","#N/A","#N/A"
cc78dad5-7058-4210-a3e1-f1fa6d4994e7,"#N/A","#N/A",false,Web,"#N/A","#N/A",Medium,"#N/A",New,Subject_kgxhq,"#N/A","#N/A","#N/A","#N/A","#N/A"
cc7be29a-668a-4458-b562-d4a342a87d75,"#N/A","#N/A",false,Web,"#N/A","#N/A",Medium,"#N/A",New,Subject_emfqm,"#N/A","#N/A","#N/A","#N/A","#N/A"
cc7fced7-a203-4e6b-ac8d-3fc6d59c61dc,"#N/A","#N/A",false,Web,"#N/A","#N/A",Medium,"#N/A",New,Subject_bsnrr,"#N/A","#N/A","#N/A","#N/A","#N/A"
cc812271-aa95-42ff-8fd5-5fa14e5fbc92,"#N/A","#N/A",false,Web,"#N/A","#N/A",Medium,"#N/A",New,Subject_zhhcu,"#N/A","#N/A","#N/A","#N/A","#N/A"
cc82855a-61b4-4ec8-b9ec-f4c7bf8f3cf7,"#N/A","#N/A",false,Web,"#N/A","#N/A",Medium,"#N/A",New,Subject_dhvkl,"#N/A","#N/A","#N/A","#N/A","#N/A"
cc82df7e-26a8-4972-8403-5bc817310ebc,"#N/A","#N/A",false,Web,"#N/A","#N/A",Medium,"#N/A",New,Subject_lzqqx,"#N/A","#N/A","#N/A","#N/A","#N/A"
cc842854-bc2d-47c0-8f17-26767f41c84f,"#N/A","#N/A",false,Web,"#N/A","#N/A",Medium,"#N/A",New,Subject_gogxo,"#N/A","#N/A","#N/A","#N/A","#N/A"
cc84ab8d-234b-429c-b505-db79329c65e7,"#N/A","#N/A",false,Web,"#N/A","#N/A",Medium,"#N/A",New,Subject_jyvtx,"#N/A","#N/A","#N/A","#N/A","#N/A"
cc8674c8-a5fc-4daf-a7b6-8dbe1e56af87,"#N/A","#N/A",false,Web,"#N/A","#N/A",Medium,"#N/A",New,Subject_ejdsp,"#N/A","#N/A","#N/A","#N/A","#N/A"
cc872552-8013-43dc-9ac4-01154c9a6aef,"#N/A","#N/A",false,Web,"#N/A","#N/A",Medium,"#N/A",New,Subject_nfbgp,"#N/A","#N/A","#N/A","#N/A","#N/A"
cc8902bf-b71f-40c7-b7ea-ffdaa0ccac19,"#N/A","#N/A",false,Web,"#N/A","#N/A",Medium,"#N/A",New,Subject_befkr,"#N/A","#N/A","#N/A","#N/A","#N/A"
cc898cf3-b25d-4527-81c5-557a88af1ed7,"#N/A","#N/A",false,Web,"#N/A","#N/A",Medium,"#N/A",New,Subject_vzodi,"#N/A","#N/A","#N/A","#N/A","#N/A"
cc899ae9-f855-4362-bd03-165cf94ade9d,"#N/A","#N/A",false,Web,"#N/A","#N/A",Medium,"#N/A",New,Subject_fzoyl,"#N/A","#N/A","#N/A","#N/A","#N/A"
cc90f1e9-db98-4f66-8008-03a5026d2dd5,"#N/A","#N/A",false,Web,"#N/A","#N/A",Medium,"#N/A",New,Subject_dlivh,"#N/A","#N/A","#N/A","#N/A","#N/A"
cc940cb2-a32a-42f1-9f62-c992fc79e2d6,"#N/A","#N/A",false,Web,"#N/A","#N/A",Medium,"#N/A",New,Subject_jexbn,"#N/A","#N/A","#N/A","#N/A","#N/A"
cc95c8f2-c30a-431a-974d-18fe4f4938a6,"#N/A","#N/A",false,Web,"#N/A","#N/A",Medium,"#N/A",New,Subject_nntei,"#N/A","#N/A","#N/A","#N/A","#N/A"
cc95d7f4-c013-4930-9ac0-7094d2b8d694,"#N/A","#N/A",false,Web,"#N/A","#N/A",Medium,"#N/A",New,Subject_jdtax,"#N/A","#N/A","#N/A","#N/A","#N/A"
cc97ab34-cb4f-4ac7-88a1-e020018a303d,"#N/A","#N/A",false,Web,"#N/A","#N/A",Medium,"#N/A",New,Subject_upxxg,"#N/A","#N/A","#N/A","#N/A","#N/A"
cc97fc29-9df4-438c-b5ee-9ad418b95b4e,"#N/A","#N/A",false,Web,"#N/A","#N/A",Medium,"#N/A",New,Subject_nlrhk,"#N/A","#N/A","#N/A","#N/A","#N/A"
cc982fb4-0162-49f5-a707-d4e163cfc327,"#N/A","#N/A",false,Web,"#N/A","#N/A",Medium,"#N/A",New,Subject_mscxj,"#N/A","#N/A","#N/A","#N/A","#N/A"
cc987aa8-c9ee-4305-b6c1-40e51b76241a,"#N/A","#N/A",false,Web,"#N/A","#N/A",Medium,"#N/A",New,Subject_liwnl,"#N/A","#N/A","#N/A","#N/A","#N/A"
cc99d44d-0cc9-4e38-8142-747023bfe834,"#N/A","#N/A",false,Web,"#N/A","#N/A",Medium,"#N/A",New,Subject_rezlc,"#N/A","#N/A","#N/A","#N/A","#N/A"
cc9af37d-0d11-4d75-b532-9d665e5c020c,"#N/A","#N/A",false,Web,"#N/A","#N/A",Medium,"#N/A",New,Subject_qqhhn,"#N/A","#N/A","#N/A","#N/A","#N/A"
cc9c4688-4902-483f-8a0b-b78bfd84fd2d,"#N/A","#N/A",false,Web,"#N/A","#N/A",Medium,"#N/A",New,Subject_utnos,"#N/A","#N/A","#N/A","#N/A","#N/A"
cc9fcf7a-db49-4449-85a4-29bae6bbaba0,"#N/A","#N/A",false,Web,"#N/A","#N/A",Medium,"#N/A",New,Subject_qqelx,"#N/A","#N/A","#N/A","#N/A","#N/A"
cca1a7b7-c1cf-40d3-bbdc-fbb1128b1d73,"#N/A","#N/A",false,Web,"#N/A","#N/A",Medium,"#N/A",New,Subject_jwbxz,"#N/A","#N/A","#N/A","#N/A","#N/A"
cca1ce49-ee70-4abd-98c3-5e856e4894f4,"#N/A","#N/A",false,Web,"#N/A","#N/A",Medium,"#N/A",New,Subject_anosw,"#N/A","#N/A","#N/A","#N/A","#N/A"
cca6fd5b-d3b8-4657-9355-44b903727c2e,"#N/A","#N/A",false,Web,"#N/A","#N/A",Medium,"#N/A",New,Subject_eqafq,"#N/A","#N/A","#N/A","#N/A","#N/A"
ccae9885-d4b9-4041-a4df-c9918a996228,"#N/A","#N/A",false,Web,"#N/A","#N/A",Medium,"#N/A",New,Subject_pdghx,"#N/A","#N/A","#N/A","#N/A","#N/A"
ccaf5ba6-bff4-4afc-b405-3fc57c5c7fae,"#N/A","#N/A",false,Web,"#N/A","#N/A",Medium,"#N/A",New,Subject_zwjqt,"#N/A","#N/A","#N/A","#N/A","#N/A"
ccb29ad2-7db7-4803-98e6-ee57659890ad,"#N/A","#N/A",false,Web,"#N/A","#N/A",Medium,"#N/A",New,Subject_vnytg,"#N/A","#N/A","#N/A","#N/A","#N/A"
ccb31b05-bfe5-4dc6-a57d-9e26f59a5da0,"#N/A","#N/A",false,Web,"#N/A","#N/A",Medium,"#N/A",New,Subject_fzejk,"#N/A","#N/A","#N/A","#N/A","#N/A"
ccb48118-824c-4964-be97-64810613d96d,"#N/A","#N/A",false,Web,"#N/A","#N/A",Medium,"#N/A",New,Subject_zvxjn,"#N/A","#N/A","#N/A","#N/A","#N/A"
ccb4961a-33d5-4e14-a3fa-a4eb81ac6ce8,"#N/A","#N/A",false,Web,"#N/A","#N/A",Medium,"#N/A",New,Subject_ycmov,"#N/A","#N/A","#N/A","#N/A","#N/A"
ccb97d67-17a1-43c1-a0ea-1553593b8a1c,"#N/A","#N/A",false,Web,"#N/A","#N/A",Medium,"#N/A",New,Subject_lydkk,"#N/A","#N/A","#N/A","#N/A","#N/A"
ccc10c41-0708-4b8e-b2b3-652fa4b02d79,"#N/A","#N/A",false,Web,"#N/A","#N/A",Medium,"#N/A",New,Subject_lsunk,"#N/A","#N/A","#N/A","#N/A","#N/A"
ccc18388-30b1-4d2a-8f47-2f9b2a903b19,"#N/A","#N/A",false,Web,"#N/A","#N/A",Medium,"#N/A",New,Subject_jamhy,"#N/A","#N/A","#N/A","#N/A","#N/A"
ccc18fbf-8e8c-4f60-8d12-6962d1ca1503,"#N/A","#N/A",false,Web,"#N/A","#N/A",Medium,"#N/A",New,Subject_pnbic,"#N/A","#N/A","#N/A","#N/A","#N/A"
ccc1dc39-2d83-46e0-803a-49af78ccb16d,"#N/A","#N/A",false,Web,"#N/A","#N/A",Medium,"#N/A",New,Subject_jhmak,"#N/A","#N/A","#N/A","#N/A","#N/A"
ccc21c27-2fd4-4592-b3b2-db9dacf3756c,"#N/A","#N/A",false,Web,"#N/A","#N/A",Medium,"#N/A",New,Subject_ioosy,"#N/A","#N/A","#N/A","#N/A","#N/A"
ccc35ab6-2b50-4348-9ae7-8d82f698368f,"#N/A","#N/A",false,Web,"#N/A","#N/A",Medium,"#N/A",New,Subject_idjdb,"#N/A","#N/A","#N/A","#N/A","#N/A"
ccc36ce0-3d33-4901-bc2a-848abb0b80f6,"#N/A","#N/A",false,Web,"#N/A","#N/A",Medium,"#N/A",New,Subject_rrgcj,"#N/A","#N/A","#N/A","#N/A","#N/A"
ccc4ac09-c58c-447f-b26e-7f04709ff81d,"#N/A","#N/A",false,Web,"#N/A","#N/A",Medium,"#N/A",New,Subject_xysui,"#N/A","#N/A","#N/A","#N/A","#N/A"
ccc5eda3-5e3f-465b-859c-3ae232e33617,"#N/A","#N/A",false,Web,"#N/A","#N/A",Medium,"#N/A",New,Subject_bwwxp,"#N/A","#N/A","#N/A","#N/A","#N/A"
ccc8d7d0-457a-4228-ab66-8dbce2e694f6,"#N/A","#N/A",false,Web,"#N/A","#N/A",Medium,"#N/A",New,Subject_jycdw,"#N/A","#N/A","#N/A","#N/A","#N/A"
ccca4ff8-4768-4575-8bdd-8312a14ac7cf,"#N/A","#N/A",false,Web,"#N/A","#N/A",Medium,"#N/A",New,Subject_oopnj,"#N/A","#N/A","#N/A","#N/A","#N/A"
ccca6a8f-ec69-4022-bc5c-a9843570eb44,"#N/A","#N/A",false,Web,"#N/A","#N/A",Medium,"#N/A",New,Subject_rpdoq,"#N/A","#N/A","#N/A","#N/A","#N/A"
ccd1043d-90fc-4013-bae7-7be91f8fc30d,"#N/A","#N/A",false,Web,"#N/A","#N/A",Medium,"#N/A",New,Subject_muoco,"#N/A","#N/A","#N/A","#N/A","#N/A"
ccd66509-bdb1-47e6-9a73-2e73ccca5666,"#N/A","#N/A",false,Web,"#N/A","#N/A",Medium,"#N/A",New,Subject_unoci,"#N/A","#N/A","#N/A","#N/A","#N/A"
ccd7930f-c260-4dbd-8c0a-46d4653d5e05,"#N/A","#N/A",false,Web,"#N/A","#N/A",Medium,"#N/A",New,Subject_nbfpk,"#N/A","#N/A","#N/A","#N/A","#N/A"
ccd7aa50-ded6-40e1-aae7-9c1202eaebc4,"#N/A","#N/A",false,Web,"#N/A","#N/A",Medium,"#N/A",New,Subject_iccge,"#N/A","#N/A","#N/A","#N/A","#N/A"
ccda941c-5bcb-4955-877d-389cbcb2487d,"#N/A","#N/A",false,Web,"#N/A","#N/A",Medium,"#N/A",New,Subject_gnjsk,"#N/A","#N/A","#N/A","#N/A","#N/A"
ccdea149-533d-49f2-b7fb-d5c4829529e4,"#N/A","#N/A",false,Web,"#N/A","#N/A",Medium,"#N/A",New,Subject_svdcy,"#N/A","#N/A","#N/A","#N/A","#N/A"
cce5858b-2489-4e64-8209-998bf8d65fc8,"#N/A","#N/A",false,Web,"#N/A","#N/A",Medium,"#N/A",New,Subject_rrpwe,"#N/A","#N/A","#N/A","#N/A","#N/A"
cce65f3d-364f-40a3-9dfd-392e1b21ffeb,"#N/A","#N/A",false,Web,"#N/A","#N/A",Medium,"#N/A",New,Subject_uihtq,"#N/A","#N/A","#N/A","#N/A","#N/A"
cce698f0-4b7a-482d-861c-88dcdacd5d65,"#N/A","#N/A",false,Web,"#N/A","#N/A",Medium,"#N/A",New,Subject_nyvjk,"#N/A","#N/A","#N/A","#N/A","#N/A"
cce99796-0170-42b4-91cf-30a9da37b0cd,"#N/A","#N/A",false,Web,"#N/A","#N/A",Medium,"#N/A",New,Subject_wpzdf,"#N/A","#N/A","#N/A","#N/A","#N/A"
cce9de41-33c2-4dd4-9e9d-e7329374799d,"#N/A","#N/A",false,Web,"#N/A","#N/A",Medium,"#N/A",New,Subject_hscvx,"#N/A","#N/A","#N/A","#N/A","#N/A"
cceba0a4-27b4-4afc-9ae7-dee8d50ec5c0,"#N/A","#N/A",false,Web,"#N/A","#N/A",Medium,"#N/A",New,Subject_ojlhn,"#N/A","#N/A","#N/A","#N/A","#N/A"
ccec74d3-4cbe-43f5-8cd7-2df00c76fa0e,"#N/A","#N/A",false,Web,"#N/A","#N/A",Medium,"#N/A",New,Subject_bnvaq,"#N/A","#N/A","#N/A","#N/A","#N/A"
ccef000b-9ddc-4399-987c-39cfbed8a2de,"#N/A","#N/A",false,Web,"#N/A","#N/A",Medium,"#N/A",New,Subject_rzfbg,"#N/A","#N/A","#N/A","#N/A","#N/A"
ccefd545-dfba-4f0c-abf5-15b3785719e8,"#N/A","#N/A",false,Web,"#N/A","#N/A",Medium,"#N/A",New,Subject_ivpsz,"#N/A","#N/A","#N/A","#N/A","#N/A"
ccf07453-7579-4a55-bdf0-6a4a3203266b,"#N/A","#N/A",false,Web,"#N/A","#N/A",Medium,"#N/A",New,Subject_jkyjk,"#N/A","#N/A","#N/A","#N/A","#N/A"
ccf17b86-0426-45c0-a0c8-1a5cc3ceebd6,"#N/A","#N/A",false,Web,"#N/A","#N/A",Medium,"#N/A",New,Subject_luihh,"#N/A","#N/A","#N/A","#N/A","#N/A"
ccf198da-313c-42b3-beff-37786a82d015,"#N/A","#N/A",false,Web,"#N/A","#N/A",Medium,"#N/A",New,Subject_zlckp,"#N/A","#N/A","#N/A","#N/A","#N/A"
ccf1990f-f092-49f3-89c5-18bc179a77e6,"#N/A","#N/A",false,Web,"#N/A","#N/A",Medium,"#N/A",New,Subject_jmegw,"#N/A","#N/A","#N/A","#N/A","#N/A"
ccf32d93-5975-4985-8408-3993a584e167,"#N/A","#N/A",false,Web,"#N/A","#N/A",Medium,"#N/A",New,Subject_orefr,"#N/A","#N/A","#N/A","#N/A","#N/A"
ccf79174-8dab-47f6-9dd4-58d0d09f5351,"#N/A","#N/A",false,Web,"#N/A","#N/A",Medium,"#N/A",New,Subject_sbyfe,"#N/A","#N/A","#N/A","#N/A","#N/A"
ccf885fe-4920-48b6-9f3d-8427003f1264,"#N/A","#N/A",false,Web,"#N/A","#N/A",Medium,"#N/A",New,Subject_jjznh,"#N/A","#N/A","#N/A","#N/A","#N/A"
ccf8f187-c032-4a84-8c73-2b71d3751e00,"#N/A","#N/A",false,Web,"#N/A","#N/A",Medium,"#N/A",New,Subject_cpegq,"#N/A","#N/A","#N/A","#N/A","#N/A"
ccf9d429-5c98-4867-90c2-fdbac6548bbb,"#N/A","#N/A",false,Web,"#N/A","#N/A",Medium,"#N/A",New,Subject_venme,"#N/A","#N/A","#N/A","#N/A","#N/A"
ccfa6fac-636d-4e81-9a83-9fd59bcfbacd,"#N/A","#N/A",false,Web,"#N/A","#N/A",Medium,"#N/A",New,Subject_ipcsn,"#N/A","#N/A","#N/A","#N/A","#N/A"
ccfc7b12-4513-49bf-b6de-af762a9a6f0f,"#N/A","#N/A",false,Web,"#N/A","#N/A",Medium,"#N/A",New,Subject_oeqnx,"#N/A","#N/A","#N/A","#N/A","#N/A"
ccfe4db9-d4d9-4d0d-8767-b41f7e08ef7b,"#N/A","#N/A",false,Web,"#N/A","#N/A",Medium,"#N/A",New,Subject_cuyet,"#N/A","#N/A","#N/A","#N/A","#N/A"
ccfef030-14f7-48ef-b0fe-49434ff3564a,"#N/A","#N/A",false,Web,"#N/A","#N/A",Medium,"#N/A",New,Subject_cavue,"#N/A","#N/A","#N/A","#N/A","#N/A"
cd01b777-4670-4b66-9211-7f07b7a883e3,"#N/A","#N/A",false,Web,"#N/A","#N/A",Medium,"#N/A",New,Subject_txupp,"#N/A","#N/A","#N/A","#N/A","#N/A"
cd038d24-48ed-4284-a3b1-3d1d03bc8187,"#N/A","#N/A",false,Web,"#N/A","#N/A",Medium,"#N/A",New,Subject_zslyq,"#N/A","#N/A","#N/A","#N/A","#N/A"
cd04bffc-bd02-42fd-ad4c-558004b7f39b,"#N/A","#N/A",false,Web,"#N/A","#N/A",Medium,"#N/A",New,Subject_hpwoz,"#N/A","#N/A","#N/A","#N/A","#N/A"
cd0777bb-f16f-463c-9eac-e205c546c6cf,"#N/A","#N/A",false,Web,"#N/A","#N/A",Medium,"#N/A",New,Subject_cujky,"#N/A","#N/A","#N/A","#N/A","#N/A"
cd07e608-34c5-4f8d-9686-58d1670e90ad,"#N/A","#N/A",false,Web,"#N/A","#N/A",Medium,"#N/A",New,Subject_hkpyl,"#N/A","#N/A","#N/A","#N/A","#N/A"
cd0b69a8-5dd0-4a96-9d27-ce5c52c49ec9,"#N/A","#N/A",false,Web,"#N/A","#N/A",Medium,"#N/A",New,Subject_amspk,"#N/A","#N/A","#N/A","#N/A","#N/A"
cd0b97aa-5850-4009-b409-098bb23aae30,"#N/A","#N/A",false,Web,"#N/A","#N/A",Medium,"#N/A",New,Subject_wxueb,"#N/A","#N/A","#N/A","#N/A","#N/A"
cd0bfe8e-a723-4b06-bb07-6a3e2cf53ac0,"#N/A","#N/A",false,Web,"#N/A","#N/A",Medium,"#N/A",New,Subject_pjqnp,"#N/A","#N/A","#N/A","#N/A","#N/A"
cd0dabab-d9ef-4e30-9e7f-2feb89066db9,"#N/A","#N/A",false,Web,"#N/A","#N/A",Medium,"#N/A",New,Subject_sibor,"#N/A","#N/A","#N/A","#N/A","#N/A"
cd0dad45-ad55-45ae-8a77-54c7fea14508,"#N/A","#N/A",false,Web,"#N/A","#N/A",Medium,"#N/A",New,Subject_qzath,"#N/A","#N/A","#N/A","#N/A","#N/A"
cd0ee005-e4e6-4b90-b137-8a0ed4c0a02e,"#N/A","#N/A",false,Web,"#N/A","#N/A",Medium,"#N/A",New,Subject_dcxaj,"#N/A","#N/A","#N/A","#N/A","#N/A"
cd0ee809-6904-4776-bf8a-c0a8ffb8c8fb,"#N/A","#N/A",false,Web,"#N/A","#N/A",Medium,"#N/A",New,Subject_xhcvw,"#N/A","#N/A","#N/A","#N/A","#N/A"
cd182713-8c84-43b9-a5be-5c21fd50fc7d,"#N/A","#N/A",false,Web,"#N/A","#N/A",Medium,"#N/A",New,Subject_bileq,"#N/A","#N/A","#N/A","#N/A","#N/A"
cd193217-7a65-48bf-a2be-aea8f6e7d14f,"#N/A","#N/A",false,Web,"#N/A","#N/A",Medium,"#N/A",New,Subject_ofvgm,"#N/A","#N/A","#N/A","#N/A","#N/A"
cd196939-860c-46a2-bb3e-259a95cd3dbe,"#N/A","#N/A",false,Web,"#N/A","#N/A",Medium,"#N/A",New,Subject_nozwn,"#N/A","#N/A","#N/A","#N/A","#N/A"
cd1d8bfd-da16-4039-aa68-c5215a4a528b,"#N/A","#N/A",false,Web,"#N/A","#N/A",Medium,"#N/A",New,Subject_ujoxg,"#N/A","#N/A","#N/A","#N/A","#N/A"
cd2022d5-f445-4ae6-902a-2595b171778f,"#N/A","#N/A",false,Web,"#N/A","#N/A",Medium,"#N/A",New,Subject_pigha,"#N/A","#N/A","#N/A","#N/A","#N/A"
cd2663d1-5b2f-4c5d-8519-860af5cad451,"#N/A","#N/A",false,Web,"#N/A","#N/A",Medium,"#N/A",New,Subject_ncoro,"#N/A","#N/A","#N/A","#N/A","#N/A"
cd31ba5a-6286-418a-adbf-e733f4786dcf,"#N/A","#N/A",false,Web,"#N/A","#N/A",Medium,"#N/A",New,Subject_mnebo,"#N/A","#N/A","#N/A","#N/A","#N/A"
cd32a0e1-12ce-47d8-bd4a-df42c7d311ea,"#N/A","#N/A",false,Web,"#N/A","#N/A",Medium,"#N/A",New,Subject_bdfvr,"#N/A","#N/A","#N/A","#N/A","#N/A"
cd396122-1b12-436e-b274-18d570e194fd,"#N/A","#N/A",false,Web,"#N/A","#N/A",Medium,"#N/A",New,Subject_mzqio,"#N/A","#N/A","#N/A","#N/A","#N/A"
cd447a28-805e-4034-a75d-20d0f3469949,"#N/A","#N/A",false,Web,"#N/A","#N/A",Medium,"#N/A",New,Subject_pwgkh,"#N/A","#N/A","#N/A","#N/A","#N/A"
cd4846b7-062f-4ac2-a431-c44a86b3d066,"#N/A","#N/A",false,Web,"#N/A","#N/A",Medium,"#N/A",New,Subject_wlilz,"#N/A","#N/A","#N/A","#N/A","#N/A"
cd48adb5-fc61-4fb2-abeb-01951f8dbf81,"#N/A","#N/A",false,Web,"#N/A","#N/A",Medium,"#N/A",New,Subject_yncai,"#N/A","#N/A","#N/A","#N/A","#N/A"
cd490b60-8f17-4a97-98e2-6c2c203ec41b,"#N/A","#N/A",false,Web,"#N/A","#N/A",Medium,"#N/A",New,Subject_teznj,"#N/A","#N/A","#N/A","#N/A","#N/A"
cd4b7bb5-e309-47bc-8aa0-36b5f7e05d02,"#N/A","#N/A",false,Web,"#N/A","#N/A",Medium,"#N/A",New,Subject_klylr,"#N/A","#N/A","#N/A","#N/A","#N/A"
cd4f42ac-46ca-490e-82ee-680ca90f3730,"#N/A","#N/A",false,Web,"#N/A","#N/A",Medium,"#N/A",New,Subject_euusl,"#N/A","#N/A","#N/A","#N/A","#N/A"
cd52fcc5-c50c-4814-8eb2-a31ab220587c,"#N/A","#N/A",false,Web,"#N/A","#N/A",Medium,"#N/A",New,Subject_qmroq,"#N/A","#N/A","#N/A","#N/A","#N/A"
cd5624b7-87e7-4ec7-8c11-8e4599780dea,"#N/A","#N/A",false,Web,"#N/A","#N/A",Medium,"#N/A",New,Subject_edrdk,"#N/A","#N/A","#N/A","#N/A","#N/A"
cd5666fa-d80b-4178-adea-76537f800a10,"#N/A","#N/A",false,Web,"#N/A","#N/A",Medium,"#N/A",New,Subject_efzcs,"#N/A","#N/A","#N/A","#N/A","#N/A"
cd6029ea-8936-4ed2-bde6-a89396b2d5a3,"#N/A","#N/A",false,Web,"#N/A","#N/A",Medium,"#N/A",New,Subject_ewhct,"#N/A","#N/A","#N/A","#N/A","#N/A"
cd60c3c8-37b2-40e8-865a-a0b445de250a,"#N/A","#N/A",false,Web,"#N/A","#N/A",Medium,"#N/A",New,Subject_qcnrl,"#N/A","#N/A","#N/A","#N/A","#N/A"
cd651c47-6a33-4edb-aa7d-16f1ca222951,"#N/A","#N/A",false,Web,"#N/A","#N/A",Medium,"#N/A",New,Subject_qjjzz,"#N/A","#N/A","#N/A","#N/A","#N/A"
cd6a9f2b-954b-409f-9c12-c98d23a3bbf4,"#N/A","#N/A",false,Web,"#N/A","#N/A",Medium,"#N/A",New,Subject_ajgfu,"#N/A","#N/A","#N/A","#N/A","#N/A"
cd6bf876-11f9-426f-8589-f6b86af0ad44,"#N/A","#N/A",false,Web,"#N/A","#N/A",Medium,"#N/A",New,Subject_iinew,"#N/A","#N/A","#N/A","#N/A","#N/A"
cd6e6045-0681-442f-b0a7-894a21396c3d,"#N/A","#N/A",false,Web,"#N/A","#N/A",Medium,"#N/A",New,Subject_gtdsx,"#N/A","#N/A","#N/A","#N/A","#N/A"
cd6f20e9-2abf-4991-b1a8-0b586e98e170,"#N/A","#N/A",false,Web,"#N/A","#N/A",Medium,"#N/A",New,Subject_nyebc,"#N/A","#N/A","#N/A","#N/A","#N/A"
cd773688-4718-4ddd-8f29-e6f9c4d58851,"#N/A","#N/A",false,Web,"#N/A","#N/A",Medium,"#N/A",New,Subject_jkrua,"#N/A","#N/A","#N/A","#N/A","#N/A"
cd782008-7880-4df3-b34d-4776b3c28288,"#N/A","#N/A",false,Web,"#N/A","#N/A",Medium,"#N/A",New,Subject_mbdvp,"#N/A","#N/A","#N/A","#N/A","#N/A"
cd782e57-ca1a-4f17-8b2b-defda9192efc,"#N/A","#N/A",false,Web,"#N/A","#N/A",Medium,"#N/A",New,Subject_esfxl,"#N/A","#N/A","#N/A","#N/A","#N/A"
cd79352e-cb0f-4862-b896-c6506cd83e81,"#N/A","#N/A",false,Web,"#N/A","#N/A",Medium,"#N/A",New,Subject_xfrtg,"#N/A","#N/A","#N/A","#N/A","#N/A"
cd7be722-ae21-48af-ab36-4e5303be40bb,"#N/A","#N/A",false,Web,"#N/A","#N/A",Medium,"#N/A",New,Subject_pvlfh,"#N/A","#N/A","#N/A","#N/A","#N/A"
cd827673-863f-47f0-b11b-e16fc864be6a,"#N/A","#N/A",false,Web,"#N/A","#N/A",Medium,"#N/A",New,Subject_zjksa,"#N/A","#N/A","#N/A","#N/A","#N/A"
cd85b236-dde6-4029-8fc8-4cc19df88ebb,"#N/A","#N/A",false,Web,"#N/A","#N/A",Medium,"#N/A",New,Subject_lvlfa,"#N/A","#N/A","#N/A","#N/A","#N/A"
cd8750bc-e8a2-4577-bd16-de1829653dfd,"#N/A","#N/A",false,Web,"#N/A","#N/A",Medium,"#N/A",New,Subject_bbbqo,"#N/A","#N/A","#N/A","#N/A","#N/A"
cd8a8c47-e2a0-4fd8-9942-067c972f7753,"#N/A","#N/A",false,Web,"#N/A","#N/A",Medium,"#N/A",New,Subject_ufxym,"#N/A","#N/A","#N/A","#N/A","#N/A"
cd96ce2a-bbc0-4371-ab1c-cfc462b5aef5,"#N/A","#N/A",false,Web,"#N/A","#N/A",Medium,"#N/A",New,Subject_jmqar,"#N/A","#N/A","#N/A","#N/A","#N/A"
cd9b669a-7b61-461b-b406-0d09949bc6f6,"#N/A","#N/A",false,Web,"#N/A","#N/A",Medium,"#N/A",New,Subject_wpnky,"#N/A","#N/A","#N/A","#N/A","#N/A"
cd9b8977-698c-4f68-8c1c-c997c2dc844d,"#N/A","#N/A",false,Web,"#N/A","#N/A",Medium,"#N/A",New,Subject_smghe,"#N/A","#N/A","#N/A","#N/A","#N/A"
cd9d4b82-28e5-40bf-96f1-fd538ac8edc8,"#N/A","#N/A",false,Web,"#N/A","#N/A",Medium,"#N/A",New,Subject_dfkqs,"#N/A","#N/A","#N/A","#N/A","#N/A"
cd9e93f5-9b99-45c9-95fd-f68edeed065b,"#N/A","#N/A",false,Web,"#N/A","#N/A",Medium,"#N/A",New,Subject_ruizt,"#N/A","#N/A","#N/A","#N/A","#N/A"
cda07955-61fa-4f5c-88c6-8e384fbb42d4,"#N/A","#N/A",false,Web,"#N/A","#N/A",Medium,"#N/A",New,Subject_gmshh,"#N/A","#N/A","#N/A","#N/A","#N/A"
cda2a5b2-6505-4911-807b-db8d8bf5c506,"#N/A","#N/A",false,Web,"#N/A","#N/A",Medium,"#N/A",New,Subject_kqkqy,"#N/A","#N/A","#N/A","#N/A","#N/A"
cda2f41f-1cf5-4361-9263-ede64954f9e2,"#N/A","#N/A",false,Web,"#N/A","#N/A",Medium,"#N/A",New,Subject_svrxq,"#N/A","#N/A","#N/A","#N/A","#N/A"
cda376df-9e85-4843-9823-f97f2e60817e,"#N/A","#N/A",false,Web,"#N/A","#N/A",Medium,"#N/A",New,Subject_uhtdl,"#N/A","#N/A","#N/A","#N/A","#N/A"
cda69db7-af90-4259-a3e1-91eee1fef762,"#N/A","#N/A",false,Web,"#N/A","#N/A",Medium,"#N/A",New,Subject_zdhoe,"#N/A","#N/A","#N/A","#N/A","#N/A"
cda9499c-797e-42fe-b205-26b7176f48d9,"#N/A","#N/A",false,Web,"#N/A","#N/A",Medium,"#N/A",New,Subject_jnifn,"#N/A","#N/A","#N/A","#N/A","#N/A"
cdaaefb3-fbe1-4a7a-8055-9787aef423c6,"#N/A","#N/A",false,Web,"#N/A","#N/A",Medium,"#N/A",New,Subject_uxmvu,"#N/A","#N/A","#N/A","#N/A","#N/A"
cdb6278c-9639-4b63-a1d2-1d7295a76cd8,"#N/A","#N/A",false,Web,"#N/A","#N/A",Medium,"#N/A",New,Subject_jghve,"#N/A","#N/A","#N/A","#N/A","#N/A"
cdb8ad97-4f20-4dec-9deb-9bf3e2cdbcc2,"#N/A","#N/A",false,Web,"#N/A","#N/A",Medium,"#N/A",New,Subject_xstfc,"#N/A","#N/A","#N/A","#N/A","#N/A"
cdbd2553-d6b7-4d70-a046-d9c3e0f6590d,"#N/A","#N/A",false,Web,"#N/A","#N/A",Medium,"#N/A",New,Subject_jnyyi,"#N/A","#N/A","#N/A","#N/A","#N/A"
cdc1038b-e7a7-4ae7-a73c-4c1b582c9564,"#N/A","#N/A",false,Web,"#N/A","#N/A",Medium,"#N/A",New,Subject_olkqc,"#N/A","#N/A","#N/A","#N/A","#N/A"
cdc1496c-c9c3-44fe-b211-268e689fe74e,"#N/A","#N/A",false,Web,"#N/A","#N/A",Medium,"#N/A",New,Subject_cexpq,"#N/A","#N/A","#N/A","#N/A","#N/A"
cdc2011c-a48f-49bc-8a80-ebfdfa16f0c7,"#N/A","#N/A",false,Web,"#N/A","#N/A",Medium,"#N/A",New,Subject_synbn,"#N/A","#N/A","#N/A","#N/A","#N/A"
cdc3bb50-ba53-494e-99ae-eb2ad2ad0a1f,"#N/A","#N/A",false,Web,"#N/A","#N/A",Medium,"#N/A",New,Subject_gljyd,"#N/A","#N/A","#N/A","#N/A","#N/A"
cdc6fc66-7fb3-4b85-bb9d-e1c73b7ffc44,"#N/A","#N/A",false,Web,"#N/A","#N/A",Medium,"#N/A",New,Subject_hwvtg,"#N/A","#N/A","#N/A","#N/A","#N/A"
cdc8fcb8-dda3-4e0d-b506-6b5d3adc7b62,"#N/A","#N/A",false,Web,"#N/A","#N/A",Medium,"#N/A",New,Subject_zbkby,"#N/A","#N/A","#N/A","#N/A","#N/A"
cdc9a6eb-ed87-4cc6-bedb-b8acc76973ec,"#N/A","#N/A",false,Web,"#N/A","#N/A",Medium,"#N/A",New,Subject_zhajs,"#N/A","#N/A","#N/A","#N/A","#N/A"
cdcd9ce3-9b53-44bd-83c0-1a942c809b76,"#N/A","#N/A",false,Web,"#N/A","#N/A",Medium,"#N/A",New,Subject_glfkg,"#N/A","#N/A","#N/A","#N/A","#N/A"
cdd07a2d-244a-4954-b9f7-20ea4f7af9c9,"#N/A","#N/A",false,Web,"#N/A","#N/A",Medium,"#N/A",New,Subject_scyla,"#N/A","#N/A","#N/A","#N/A","#N/A"
cdd080f7-36cc-4f01-8f83-e9aaa4990fd4,"#N/A","#N/A",false,Web,"#N/A","#N/A",Medium,"#N/A",New,Subject_djrml,"#N/A","#N/A","#N/A","#N/A","#N/A"
cdd35a7c-b6e1-4251-89bb-9880c46c79d4,"#N/A","#N/A",false,Web,"#N/A","#N/A",Medium,"#N/A",New,Subject_gshhz,"#N/A","#N/A","#N/A","#N/A","#N/A"
cdd7a57b-5224-4041-b0e5-e09f36807a3a,"#N/A","#N/A",false,Web,"#N/A","#N/A",Medium,"#N/A",New,Subject_socwf,"#N/A","#N/A","#N/A","#N/A","#N/A"
cddd290a-aaf2-4a8b-889f-49ec5cac1da7,"#N/A","#N/A",false,Web,"#N/A","#N/A",Medium,"#N/A",New,Subject_vzzoj,"#N/A","#N/A","#N/A","#N/A","#N/A"
cdde2523-1ea5-46e8-a2a9-46dd98766c7c,"#N/A","#N/A",false,Web,"#N/A","#N/A",Medium,"#N/A",New,Subject_mxvib,"#N/A","#N/A","#N/A","#N/A","#N/A"
cde02e9f-0be7-423c-90ed-3a1ec88c3378,"#N/A","#N/A",false,Web,"#N/A","#N/A",Medium,"#N/A",New,Subject_ihtlc,"#N/A","#N/A","#N/A","#N/A","#N/A"
cde07776-d505-4838-b313-c258c7a89b39,"#N/A","#N/A",false,Web,"#N/A","#N/A",Medium,"#N/A",New,Subject_lruyg,"#N/A","#N/A","#N/A","#N/A","#N/A"
cde46a89-4443-4e72-b247-dbc85fdaf685,"#N/A","#N/A",false,Web,"#N/A","#N/A",Medium,"#N/A",New,Subject_qroic,"#N/A","#N/A","#N/A","#N/A","#N/A"
cde73d79-fa93-44c6-873d-1a976fdf7e29,"#N/A","#N/A",false,Web,"#N/A","#N/A",Medium,"#N/A",New,Subject_ucaat,"#N/A","#N/A","#N/A","#N/A","#N/A"
cdee7649-e2c0-4b19-b5bc-3876a92c2c2d,"#N/A","#N/A",false,Web,"#N/A","#N/A",Medium,"#N/A",New,Subject_ovfue,"#N/A","#N/A","#N/A","#N/A","#N/A"
cdf50860-d38b-40e0-8de6-f312b52571e6,"#N/A","#N/A",false,Web,"#N/A","#N/A",Medium,"#N/A",New,Subject_yksjh,"#N/A","#N/A","#N/A","#N/A","#N/A"
cdf7ab83-decb-43b2-a1fc-adb3981becd4,"#N/A","#N/A",false,Web,"#N/A","#N/A",Medium,"#N/A",New,Subject_odkce,"#N/A","#N/A","#N/A","#N/A","#N/A"
cdf8370d-4dc4-4cef-9dcd-eb847d1d781b,"#N/A","#N/A",false,Web,"#N/A","#N/A",Medium,"#N/A",New,Subject_tynbh,"#N/A","#N/A","#N/A","#N/A","#N/A"
cdf8d16a-20fe-47b0-bcaa-148b30b148fc,"#N/A","#N/A",false,Web,"#N/A","#N/A",Medium,"#N/A",New,Subject_ywvgs,"#N/A","#N/A","#N/A","#N/A","#N/A"
cdfacd63-d399-48c4-8b0d-c394cf704fa3,"#N/A","#N/A",false,Web,"#N/A","#N/A",Medium,"#N/A",New,Subject_nhnue,"#N/A","#N/A","#N/A","#N/A","#N/A"
cdfcb8ef-6901-447b-b3cb-e0373c347936,"#N/A","#N/A",false,Web,"#N/A","#N/A",Medium,"#N/A",New,Subject_npiyu,"#N/A","#N/A","#N/A","#N/A","#N/A"
ce05aeaf-3b6a-41cf-baf5-ee5345bcd619,"#N/A","#N/A",false,Web,"#N/A","#N/A",Medium,"#N/A",New,Subject_qkpli,"#N/A","#N/A","#N/A","#N/A","#N/A"
ce06af5e-f526-41fe-89d5-918cb660889f,"#N/A","#N/A",false,Web,"#N/A","#N/A",Medium,"#N/A",New,Subject_umdkt,"#N/A","#N/A","#N/A","#N/A","#N/A"
ce0d886a-128b-4799-9ebf-3f66cc5b2f45,"#N/A","#N/A",false,Web,"#N/A","#N/A",Medium,"#N/A",New,Subject_bayaq,"#N/A","#N/A","#N/A","#N/A","#N/A"
ce0edc18-7a8f-49ce-b2b0-d8d285b857cf,"#N/A","#N/A",false,Web,"#N/A","#N/A",Medium,"#N/A",New,Subject_olsrl,"#N/A","#N/A","#N/A","#N/A","#N/A"
ce10328c-f8bb-4a24-8095-09e897a823a9,"#N/A","#N/A",false,Web,"#N/A","#N/A",Medium,"#N/A",New,Subject_racoe,"#N/A","#N/A","#N/A","#N/A","#N/A"
ce1071f9-793d-4f24-a1c8-d3b92636c173,"#N/A","#N/A",false,Web,"#N/A","#N/A",Medium,"#N/A",New,Subject_mxheq,"#N/A","#N/A","#N/A","#N/A","#N/A"
ce124f2a-ae04-4bdd-a156-bf230490357f,"#N/A","#N/A",false,Web,"#N/A","#N/A",Medium,"#N/A",New,Subject_hdjdx,"#N/A","#N/A","#N/A","#N/A","#N/A"
ce156241-16d9-405b-96fd-276e598328f7,"#N/A","#N/A",false,Web,"#N/A","#N/A",Medium,"#N/A",New,Subject_rylpp,"#N/A","#N/A","#N/A","#N/A","#N/A"
ce1ebd19-3751-43e6-b80b-407d7f173a6f,"#N/A","#N/A",false,Web,"#N/A","#N/A",Medium,"#N/A",New,Subject_qbjas,"#N/A","#N/A","#N/A","#N/A","#N/A"
ce1f3af2-87cd-471b-a36e-f8a39ac5bae7,"#N/A","#N/A",false,Web,"#N/A","#N/A",Medium,"#N/A",New,Subject_vgipb,"#N/A","#N/A","#N/A","#N/A","#N/A"
ce22ac72-1cde-487b-abb6-4b1f0aa7044e,"#N/A","#N/A",false,Web,"#N/A","#N/A",Medium,"#N/A",New,Subject_yfijk,"#N/A","#N/A","#N/A","#N/A","#N/A"
ce28e3e8-a2e8-4c40-b1e9-e08d7c84b079,"#N/A","#N/A",false,Web,"#N/A","#N/A",Medium,"#N/A",New,Subject_pxxbn,"#N/A","#N/A","#N/A","#N/A","#N/A"
ce28e76d-7153-43f4-bb6c-8b9ecc1be203,"#N/A","#N/A",false,Web,"#N/A","#N/A",Medium,"#N/A",New,Subject_rauaa,"#N/A","#N/A","#N/A","#N/A","#N/A"
ce29483a-6792-48f3-bd1b-4d1d3c94d4f5,"#N/A","#N/A",false,Web,"#N/A","#N/A",Medium,"#N/A",New,Subject_oloau,"#N/A","#N/A","#N/A","#N/A","#N/A"
ce29beb6-bb94-4970-b392-780f1a06ba78,"#N/A","#N/A",false,Web,"#N/A","#N/A",Medium,"#N/A",New,Subject_qwcfo,"#N/A","#N/A","#N/A","#N/A","#N/A"
ce2e3fca-3b03-458e-89ee-575fd7e878b5,"#N/A","#N/A",false,Web,"#N/A","#N/A",Medium,"#N/A",New,Subject_jtzle,"#N/A","#N/A","#N/A","#N/A","#N/A"
ce2f3043-c978-44c2-b9ea-44a621e7003d,"#N/A","#N/A",false,Web,"#N/A","#N/A",Medium,"#N/A",New,Subject_denqo,"#N/A","#N/A","#N/A","#N/A","#N/A"
ce2fc7b7-e6de-4f9f-84de-8bf2a4e07e3b,"#N/A","#N/A",false,Web,"#N/A","#N/A",Medium,"#N/A",New,Subject_gxhbb,"#N/A","#N/A","#N/A","#N/A","#N/A"
ce324183-7c1d-4aca-a90f-a57c566009d3,"#N/A","#N/A",false,Web,"#N/A","#N/A",Medium,"#N/A",New,Subject_unylu,"#N/A","#N/A","#N/A","#N/A","#N/A"
ce353de9-e89f-4f7c-a983-b738d396fb79,"#N/A","#N/A",false,Web,"#N/A","#N/A",Medium,"#N/A",New,Subject_cvcxh,"#N/A","#N/A","#N/A","#N/A","#N/A"
ce354e1a-5e5a-415b-aff9-ac4258e9f29f,"#N/A","#N/A",false,Web,"#N/A","#N/A",Medium,"#N/A",New,Subject_zhxab,"#N/A","#N/A","#N/A","#N/A","#N/A"
ce360868-8e92-4633-85eb-2bddc1c3fc2a,"#N/A","#N/A",false,Web,"#N/A","#N/A",Medium,"#N/A",New,Subject_sodxa,"#N/A","#N/A","#N/A","#N/A","#N/A"
ce387afc-92c2-44a2-85ff-c6ecf6e0b958,"#N/A","#N/A",false,Web,"#N/A","#N/A",Medium,"#N/A",New,Subject_pbaox,"#N/A","#N/A","#N/A","#N/A","#N/A"
ce3a417a-0ed5-4ebf-8aa5-5aea5507f3f7,"#N/A","#N/A",false,Web,"#N/A","#N/A",Medium,"#N/A",New,Subject_pghzc,"#N/A","#N/A","#N/A","#N/A","#N/A"
ce3e2031-4278-48d9-a630-17e12f1451a7,"#N/A","#N/A",false,Web,"#N/A","#N/A",Medium,"#N/A",New,Subject_xvnow,"#N/A","#N/A","#N/A","#N/A","#N/A"
ce412d7b-13f5-496b-a2fe-9981161d425c,"#N/A","#N/A",false,Web,"#N/A","#N/A",Medium,"#N/A",New,Subject_xsyzx,"#N/A","#N/A","#N/A","#N/A","#N/A"
ce431126-b2f8-4944-9092-4159298266a2,"#N/A","#N/A",false,Web,"#N/A","#N/A",Medium,"#N/A",New,Subject_sfvjm,"#N/A","#N/A","#N/A","#N/A","#N/A"
ce442cae-5d97-44e1-8ead-e23bf22565fb,"#N/A","#N/A",false,Web,"#N/A","#N/A",Medium,"#N/A",New,Subject_efvkj,"#N/A","#N/A","#N/A","#N/A","#N/A"
ce4441de-2435-4456-9d54-34d78197fea0,"#N/A","#N/A",false,Web,"#N/A","#N/A",Medium,"#N/A",New,Subject_eflpx,"#N/A","#N/A","#N/A","#N/A","#N/A"
ce483a0d-af34-493b-b3f3-da4461cbb17d,"#N/A","#N/A",false,Web,"#N/A","#N/A",Medium,"#N/A",New,Subject_pcpkn,"#N/A","#N/A","#N/A","#N/A","#N/A"
ce485bac-8ee4-46d9-a4c2-67e3b145a7b4,"#N/A","#N/A",false,Web,"#N/A","#N/A",Medium,"#N/A",New,Subject_elbld,"#N/A","#N/A","#N/A","#N/A","#N/A"
ce4c43e3-8d52-47ae-9e6c-7b8108ec636a,"#N/A","#N/A",false,Web,"#N/A","#N/A",Medium,"#N/A",New,Subject_ggczm,"#N/A","#N/A","#N/A","#N/A","#N/A"
ce544384-e320-4e5e-836d-e3dfe0abeac3,"#N/A","#N/A",false,Web,"#N/A","#N/A",Medium,"#N/A",New,Subject_swknr,"#N/A","#N/A","#N/A","#N/A","#N/A"
ce577d6d-3441-420a-9539-026d3a619d4b,"#N/A","#N/A",false,Web,"#N/A","#N/A",Medium,"#N/A",New,Subject_uvokh,"#N/A","#N/A","#N/A","#N/A","#N/A"
ce583b3f-6056-47b5-ad7e-e98589e601fe,"#N/A","#N/A",false,Web,"#N/A","#N/A",Medium,"#N/A",New,Subject_avwan,"#N/A","#N/A","#N/A","#N/A","#N/A"
ce59775a-fff2-47d4-96d1-e297b91a1b55,"#N/A","#N/A",false,Web,"#N/A","#N/A",Medium,"#N/A",New,Subject_zdnbf,"#N/A","#N/A","#N/A","#N/A","#N/A"
ce5a72a8-9c97-4cdf-95f2-d7b751fdf098,"#N/A","#N/A",false,Web,"#N/A","#N/A",Medium,"#N/A",New,Subject_rdpfb,"#N/A","#N/A","#N/A","#N/A","#N/A"
ce5d7697-f8b3-4da9-aa49-6f397ad97d1d,"#N/A","#N/A",false,Web,"#N/A","#N/A",Medium,"#N/A",New,Subject_hmxos,"#N/A","#N/A","#N/A","#N/A","#N/A"
ce5de134-ff93-4131-bfc1-ca61668e41f2,"#N/A","#N/A",false,Web,"#N/A","#N/A",Medium,"#N/A",New,Subject_lkmxn,"#N/A","#N/A","#N/A","#N/A","#N/A"
ce5e52cb-b435-44a6-b855-e2dccfb1e84e,"#N/A","#N/A",false,Web,"#N/A","#N/A",Medium,"#N/A",New,Subject_eqktw,"#N/A","#N/A","#N/A","#N/A","#N/A"
ce62ae45-0d2c-462e-8bd9-2b0bada6eb33,"#N/A","#N/A",false,Web,"#N/A","#N/A",Medium,"#N/A",New,Subject_motxb,"#N/A","#N/A","#N/A","#N/A","#N/A"
ce685445-cf77-4c9b-b8fc-cb4cc3cc7ab1,"#N/A","#N/A",false,Web,"#N/A","#N/A",Medium,"#N/A",New,Subject_vvobk,"#N/A","#N/A","#N/A","#N/A","#N/A"
ce6ad0f8-f592-44d6-a7b4-8b6987828d67,"#N/A","#N/A",false,Web,"#N/A","#N/A",Medium,"#N/A",New,Subject_ozbwj,"#N/A","#N/A","#N/A","#N/A","#N/A"
ce6cee1e-43fd-49bb-93d6-3a80b8c1a1ae,"#N/A","#N/A",false,Web,"#N/A","#N/A",Medium,"#N/A",New,Subject_ergrr,"#N/A","#N/A","#N/A","#N/A","#N/A"
ce6ecf0e-9d12-4307-a50a-9fa7050c9f4d,"#N/A","#N/A",false,Web,"#N/A","#N/A",Medium,"#N/A",New,Subject_fwjuv,"#N/A","#N/A","#N/A","#N/A","#N/A"
ce6f1d3f-6e97-4800-85c5-003e0d23f046,"#N/A","#N/A",false,Web,"#N/A","#N/A",Medium,"#N/A",New,Subject_sujpm,"#N/A","#N/A","#N/A","#N/A","#N/A"
ce779b6c-c72f-46c0-900b-09c9fd50d418,"#N/A","#N/A",false,Web,"#N/A","#N/A",Medium,"#N/A",New,Subject_acajg,"#N/A","#N/A","#N/A","#N/A","#N/A"
ce7b90ea-e5eb-44fa-a478-cdde562ccee9,"#N/A","#N/A",false,Web,"#N/A","#N/A",Medium,"#N/A",New,Subject_tvrsf,"#N/A","#N/A","#N/A","#N/A","#N/A"
ce7f0df9-f829-44a4-9bcc-4a9a45600eca,"#N/A","#N/A",false,Web,"#N/A","#N/A",Medium,"#N/A",New,Subject_mnvpq,"#N/A","#N/A","#N/A","#N/A","#N/A"
ce81728d-2be7-4769-ba31-e743976dbb1c,"#N/A","#N/A",false,Web,"#N/A","#N/A",Medium,"#N/A",New,Subject_aayfq,"#N/A","#N/A","#N/A","#N/A","#N/A"
ce84f3d0-8257-4d12-b479-14e931ad8c36,"#N/A","#N/A",false,Web,"#N/A","#N/A",Medium,"#N/A",New,Subject_iwrld,"#N/A","#N/A","#N/A","#N/A","#N/A"
ce865f00-59da-485f-9722-a0561d74545d,"#N/A","#N/A",false,Web,"#N/A","#N/A",Medium,"#N/A",New,Subject_cksaa,"#N/A","#N/A","#N/A","#N/A","#N/A"
ce877dd4-ffd7-4a71-b7c0-989cded3356c,"#N/A","#N/A",false,Web,"#N/A","#N/A",Medium,"#N/A",New,Subject_vcymw,"#N/A","#N/A","#N/A","#N/A","#N/A"
ce88f715-b2cd-4ae5-a89b-8da8dc3d54c6,"#N/A","#N/A",false,Web,"#N/A","#N/A",Medium,"#N/A",New,Subject_thhyg,"#N/A","#N/A","#N/A","#N/A","#N/A"
ce8f27ae-9084-4652-8971-70fde64b6c5d,"#N/A","#N/A",false,Web,"#N/A","#N/A",Medium,"#N/A",New,Subject_jjdas,"#N/A","#N/A","#N/A","#N/A","#N/A"
ce94b365-76bf-4807-aed4-807939cb70d9,"#N/A","#N/A",false,Web,"#N/A","#N/A",Medium,"#N/A",New,Subject_zklrr,"#N/A","#N/A","#N/A","#N/A","#N/A"
ce9772c6-72f6-4c09-9080-a20f1f645ae1,"#N/A","#N/A",false,Web,"#N/A","#N/A",Medium,"#N/A",New,Subject_wulka,"#N/A","#N/A","#N/A","#N/A","#N/A"
ce981000-70e5-42fc-8e3e-852489545d06,"#N/A","#N/A",false,Web,"#N/A","#N/A",Medium,"#N/A",New,Subject_czyrg,"#N/A","#N/A","#N/A","#N/A","#N/A"
ce9be18c-3fe9-4426-87de-2611aa644ec3,"#N/A","#N/A",false,Web,"#N/A","#N/A",Medium,"#N/A",New,Subject_jweyw,"#N/A","#N/A","#N/A","#N/A","#N/A"
ce9ed970-5780-4bbb-b0c8-94c1e1787654,"#N/A","#N/A",false,Web,"#N/A","#N/A",Medium,"#N/A",New,Subject_xksyq,"#N/A","#N/A","#N/A","#N/A","#N/A"
cea5c1ab-594f-42f1-8bf6-8f414dbf7593,"#N/A","#N/A",false,Web,"#N/A","#N/A",Medium,"#N/A",New,Subject_yjfbj,"#N/A","#N/A","#N/A","#N/A","#N/A"
cea5c4d5-9663-4188-aace-5fe22eaa13e6,"#N/A","#N/A",false,Web,"#N/A","#N/A",Medium,"#N/A",New,Subject_rxpmm,"#N/A","#N/A","#N/A","#N/A","#N/A"
cea6f24b-dbc1-4453-98b5-b6355747a66e,"#N/A","#N/A",false,Web,"#N/A","#N/A",Medium,"#N/A",New,Subject_fqgyg,"#N/A","#N/A","#N/A","#N/A","#N/A"
ceaf77b4-7924-4ea8-ba6c-2339d995d7ad,"#N/A","#N/A",false,Web,"#N/A","#N/A",Medium,"#N/A",New,Subject_hujcr,"#N/A","#N/A","#N/A","#N/A","#N/A"
ceb0f636-8fe4-4535-948b-083a338c1321,"#N/A","#N/A",false,Web,"#N/A","#N/A",Medium,"#N/A",New,Subject_cdhwx,"#N/A","#N/A","#N/A","#N/A","#N/A"
ceb42329-2564-495d-a48d-2789da51068c,"#N/A","#N/A",false,Web,"#N/A","#N/A",Medium,"#N/A",New,Subject_ogepp,"#N/A","#N/A","#N/A","#N/A","#N/A"
ceb77249-6250-4cf6-bb78-5c07a570ea83,"#N/A","#N/A",false,Web,"#N/A","#N/A",Medium,"#N/A",New,Subject_xrlbk,"#N/A","#N/A","#N/A","#N/A","#N/A"
ceb7cdf0-a61b-417c-8184-50fcb6b20ecc,"#N/A","#N/A",false,Web,"#N/A","#N/A",Medium,"#N/A",New,Subject_zcoby,"#N/A","#N/A","#N/A","#N/A","#N/A"
ceb7ef69-7021-4ef2-90a1-38a1cb6b4d40,"#N/A","#N/A",false,Web,"#N/A","#N/A",Medium,"#N/A",New,Subject_ogiaq,"#N/A","#N/A","#N/A","#N/A","#N/A"
ceb801ac-0c47-46bc-928a-4e79ef9f191f,"#N/A","#N/A",false,Web,"#N/A","#N/A",Medium,"#N/A",New,Subject_aovgr,"#N/A","#N/A","#N/A","#N/A","#N/A"
cebb3f62-60fc-4ab2-b264-7463ea330c11,"#N/A","#N/A",false,Web,"#N/A","#N/A",Medium,"#N/A",New,Subject_qfegj,"#N/A","#N/A","#N/A","#N/A","#N/A"
cebf8c7b-16bb-4b38-95c0-0c06869d933e,"#N/A","#N/A",false,Web,"#N/A","#N/A",Medium,"#N/A",New,Subject_qxyun,"#N/A","#N/A","#N/A","#N/A","#N/A"
cec72c66-2def-44dd-a32d-fab176793b94,"#N/A","#N/A",false,Web,"#N/A","#N/A",Medium,"#N/A",New,Subject_mhyte,"#N/A","#N/A","#N/A","#N/A","#N/A"
cec9b813-8e5d-4136-99b2-9b7fa3b4ec26,"#N/A","#N/A",false,Web,"#N/A","#N/A",Medium,"#N/A",New,Subject_noteq,"#N/A","#N/A","#N/A","#N/A","#N/A"
ced365c8-7177-4670-a1db-7420fb3fee2c,"#N/A","#N/A",false,Web,"#N/A","#N/A",Medium,"#N/A",New,Subject_mxrgj,"#N/A","#N/A","#N/A","#N/A","#N/A"
ced68ac6-9da8-441a-a4ef-31e3a94ea687,"#N/A","#N/A",false,Web,"#N/A","#N/A",Medium,"#N/A",New,Subject_vzodi,"#N/A","#N/A","#N/A","#N/A","#N/A"
cede040e-ae78-4be9-9aea-2e6cff6d97e8,"#N/A","#N/A",false,Web,"#N/A","#N/A",Medium,"#N/A",New,Subject_jxwlx,"#N/A","#N/A","#N/A","#N/A","#N/A"
cede5987-3694-4111-b8ad-1d16751a6e20,"#N/A","#N/A",false,Web,"#N/A","#N/A",Medium,"#N/A",New,Subject_xayen,"#N/A","#N/A","#N/A","#N/A","#N/A"
cee1fd81-0a5c-453c-8057-ca6f07d5d89d,"#N/A","#N/A",false,Web,"#N/A","#N/A",Medium,"#N/A",New,Subject_elxws,"#N/A","#N/A","#N/A","#N/A","#N/A"
cee58278-e46a-4d29-b202-e7d5bc7a8d39,"#N/A","#N/A",false,Web,"#N/A","#N/A",Medium,"#N/A",New,Subject_iceud,"#N/A","#N/A","#N/A","#N/A","#N/A"
ceeb209d-9c63-49c4-a9c7-f3df68cc8093,"#N/A","#N/A",false,Web,"#N/A","#N/A",Medium,"#N/A",New,Subject_wihxp,"#N/A","#N/A","#N/A","#N/A","#N/A"
ceef3866-5db9-4108-b918-41694a0f00da,"#N/A","#N/A",false,Web,"#N/A","#N/A",Medium,"#N/A",New,Subject_rmowr,"#N/A","#N/A","#N/A","#N/A","#N/A"
cef3e667-c914-43f6-9e0e-dc7557edcae1,"#N/A","#N/A",false,Web,"#N/A","#N/A",Medium,"#N/A",New,Subject_jdilm,"#N/A","#N/A","#N/A","#N/A","#N/A"
cefb5c5b-355f-4eeb-936e-b4d3aeab26bd,"#N/A","#N/A",false,Web,"#N/A","#N/A",Medium,"#N/A",New,Subject_etynd,"#N/A","#N/A","#N/A","#N/A","#N/A"
cefbf999-f91a-4921-868d-e38bc8fbc945,"#N/A","#N/A",false,Web,"#N/A","#N/A",Medium,"#N/A",New,Subject_fwhvd,"#N/A","#N/A","#N/A","#N/A","#N/A"
cefebe44-4d0e-49fd-ab95-c96c0ef75566,"#N/A","#N/A",false,Web,"#N/A","#N/A",Medium,"#N/A",New,Subject_ulgga,"#N/A","#N/A","#N/A","#N/A","#N/A"
ceffeb50-e5f3-4432-bde9-b751375d987b,"#N/A","#N/A",false,Web,"#N/A","#N/A",Medium,"#N/A",New,Subject_hfcfw,"#N/A","#N/A","#N/A","#N/A","#N/A"
cf0188d3-9ec2-4b05-9974-1e7cd0e3237f,"#N/A","#N/A",false,Web,"#N/A","#N/A",Medium,"#N/A",New,Subject_srrmf,"#N/A","#N/A","#N/A","#N/A","#N/A"
cf01c289-8b63-4d19-81a9-38befd1a163a,"#N/A","#N/A",false,Web,"#N/A","#N/A",Medium,"#N/A",New,Subject_ljqqa,"#N/A","#N/A","#N/A","#N/A","#N/A"
cf02b2c0-be87-4269-a017-3b3aa01a3de5,"#N/A","#N/A",false,Web,"#N/A","#N/A",Medium,"#N/A",New,Subject_zlejm,"#N/A","#N/A","#N/A","#N/A","#N/A"
cf0ae40f-3a25-4b9d-a0b4-85f809a6af81,"#N/A","#N/A",false,Web,"#N/A","#N/A",Medium,"#N/A",New,Subject_vfmmv,"#N/A","#N/A","#N/A","#N/A","#N/A"
cf0b6273-0351-4f03-a3b0-c6bd46b9aa64,"#N/A","#N/A",false,Web,"#N/A","#N/A",Medium,"#N/A",New,Subject_bxshf,"#N/A","#N/A","#N/A","#N/A","#N/A"
cf0d33d3-468a-4f42-a3b4-99c9806b02bf,"#N/A","#N/A",false,Web,"#N/A","#N/A",Medium,"#N/A",New,Subject_lhkuy,"#N/A","#N/A","#N/A","#N/A","#N/A"
cf131438-a01b-4770-a397-112756a2751f,"#N/A","#N/A",false,Web,"#N/A","#N/A",Medium,"#N/A",New,Subject_pmeoh,"#N/A","#N/A","#N/A","#N/A","#N/A"
cf132414-da7e-46fc-9205-63412a2a8c98,"#N/A","#N/A",false,Web,"#N/A","#N/A",Medium,"#N/A",New,Subject_snlxo,"#N/A","#N/A","#N/A","#N/A","#N/A"
cf13d61a-11ed-4499-9a13-b8d48054a0eb,"#N/A","#N/A",false,Web,"#N/A","#N/A",Medium,"#N/A",New,Subject_jbgrg,"#N/A","#N/A","#N/A","#N/A","#N/A"
cf15e6bc-2c88-4e5f-8874-b0f0ea503c0b,"#N/A","#N/A",false,Web,"#N/A","#N/A",Medium,"#N/A",New,Subject_bihgn,"#N/A","#N/A","#N/A","#N/A","#N/A"
cf178a00-9257-417c-87c8-dab6d7c7c162,"#N/A","#N/A",false,Web,"#N/A","#N/A",Medium,"#N/A",New,Subject_udsrk,"#N/A","#N/A","#N/A","#N/A","#N/A"
cf1a5719-45c8-4c45-9b99-4ba258f69112,"#N/A","#N/A",false,Web,"#N/A","#N/A",Medium,"#N/A",New,Subject_iccge,"#N/A","#N/A","#N/A","#N/A","#N/A"
cf1e1cb1-6f68-42b7-856b-b5c806caae61,"#N/A","#N/A",false,Web,"#N/A","#N/A",Medium,"#N/A",New,Subject_ontnb,"#N/A","#N/A","#N/A","#N/A","#N/A"
cf20810e-e3bf-4982-b41a-6ebb5ee7039a,"#N/A","#N/A",false,Web,"#N/A","#N/A",Medium,"#N/A",New,Subject_swkfc,"#N/A","#N/A","#N/A","#N/A","#N/A"
cf21d165-0615-4a99-8ec4-f5da0d543c12,"#N/A","#N/A",false,Web,"#N/A","#N/A",Medium,"#N/A",New,Subject_wvdum,"#N/A","#N/A","#N/A","#N/A","#N/A"
cf25ec84-2f9a-4e0a-8c6d-24c7be71c6fe,"#N/A","#N/A",false,Web,"#N/A","#N/A",Medium,"#N/A",New,Subject_cbgko,"#N/A","#N/A","#N/A","#N/A","#N/A"
cf2b5e3c-3d18-4e71-ac0c-ec943831a525,"#N/A","#N/A",false,Web,"#N/A","#N/A",Medium,"#N/A",New,Subject_bitxm,"#N/A","#N/A","#N/A","#N/A","#N/A"
cf2ca4d5-b5c9-4ad1-8c88-8f61f773d01b,"#N/A","#N/A",false,Web,"#N/A","#N/A",Medium,"#N/A",New,Subject_yepon,"#N/A","#N/A","#N/A","#N/A","#N/A"
cf2fd64d-b3ed-4ed2-8a8b-65af4b69c010,"#N/A","#N/A",false,Web,"#N/A","#N/A",Medium,"#N/A",New,Subject_nrwjx,"#N/A","#N/A","#N/A","#N/A","#N/A"
cf3094ec-f574-42c8-8ae8-73af15f47fd9,"#N/A","#N/A",false,Web,"#N/A","#N/A",Medium,"#N/A",New,Subject_ajojt,"#N/A","#N/A","#N/A","#N/A","#N/A"
cf31c3ca-6244-40a1-b7df-a4d8ceb7a60d,"#N/A","#N/A",false,Web,"#N/A","#N/A",Medium,"#N/A",New,Subject_pnbic,"#N/A","#N/A","#N/A","#N/A","#N/A"
cf342d8c-473a-4902-a806-a1af447968ff,"#N/A","#N/A",false,Web,"#N/A","#N/A",Medium,"#N/A",New,Subject_fiuho,"#N/A","#N/A","#N/A","#N/A","#N/A"
cf348629-48e8-4ac5-af7f-73d8d084d2ab,"#N/A","#N/A",false,Web,"#N/A","#N/A",Medium,"#N/A",New,Subject_pfedu,"#N/A","#N/A","#N/A","#N/A","#N/A"
cf3572d4-7094-4538-bcbe-6116e969f79d,"#N/A","#N/A",false,Web,"#N/A","#N/A",Medium,"#N/A",New,Subject_kvpdz,"#N/A","#N/A","#N/A","#N/A","#N/A"
cf35a4b6-d770-4c91-9ac8-e3510366e3cc,"#N/A","#N/A",false,Web,"#N/A","#N/A",Medium,"#N/A",New,Subject_svptj,"#N/A","#N/A","#N/A","#N/A","#N/A"
cf397391-1cbb-4730-ba40-e60b217d28cb,"#N/A","#N/A",false,Web,"#N/A","#N/A",Medium,"#N/A",New,Subject_ejyyk,"#N/A","#N/A","#N/A","#N/A","#N/A"
cf3b9ffd-1a86-4ead-94a5-5dd6592fe0a1,"#N/A","#N/A",false,Web,"#N/A","#N/A",Medium,"#N/A",New,Subject_rkuph,"#N/A","#N/A","#N/A","#N/A","#N/A"
cf3e5737-5358-4a73-b87b-4b3b31e14b31,"#N/A","#N/A",false,Web,"#N/A","#N/A",Medium,"#N/A",New,Subject_ptvpv,"#N/A","#N/A","#N/A","#N/A","#N/A"
cf40af66-0098-460b-afef-62a1c87fe3af,"#N/A","#N/A",false,Web,"#N/A","#N/A",Medium,"#N/A",New,Subject_gddqw,"#N/A","#N/A","#N/A","#N/A","#N/A"
cf43a714-7b95-4199-815e-f4c030bf7548,"#N/A","#N/A",false,Web,"#N/A","#N/A",Medium,"#N/A",New,Subject_yfbhc,"#N/A","#N/A","#N/A","#N/A","#N/A"
cf4712b2-9a9c-4abf-963f-9407ae3dee69,"#N/A","#N/A",false,Web,"#N/A","#N/A",Medium,"#N/A",New,Subject_cpwni,"#N/A","#N/A","#N/A","#N/A","#N/A"
cf48b1e3-2ed5-4bf4-8eb7-777e1b57c722,"#N/A","#N/A",false,Web,"#N/A","#N/A",Medium,"#N/A",New,Subject_idjdb,"#N/A","#N/A","#N/A","#N/A","#N/A"
cf498177-1075-428b-8e15-9a028b4161b2,"#N/A","#N/A",false,Web,"#N/A","#N/A",Medium,"#N/A",New,Subject_kiuih,"#N/A","#N/A","#N/A","#N/A","#N/A"
cf4a6cdb-bee1-486f-80e7-817ce66f1426,"#N/A","#N/A",false,Web,"#N/A","#N/A",Medium,"#N/A",New,Subject_aopvh,"#N/A","#N/A","#N/A","#N/A","#N/A"
cf4e8ef4-3fd5-4d46-8341-0df3de718943,"#N/A","#N/A",false,Web,"#N/A","#N/A",Medium,"#N/A",New,Subject_dkfxb,"#N/A","#N/A","#N/A","#N/A","#N/A"
cf4eb333-2172-4ccc-947e-b232dc96ab9b,"#N/A","#N/A",false,Web,"#N/A","#N/A",Medium,"#N/A",New,Subject_btrfc,"#N/A","#N/A","#N/A","#N/A","#N/A"
cf4f06ea-3cad-4494-94d4-fed778f81357,"#N/A","#N/A",false,Web,"#N/A","#N/A",Medium,"#N/A",New,Subject_faorm,"#N/A","#N/A","#N/A","#N/A","#N/A"
cf51bdf8-7a54-4ffd-8990-5db965f9c809,"#N/A","#N/A",false,Web,"#N/A","#N/A",Medium,"#N/A",New,Subject_nlbqe,"#N/A","#N/A","#N/A","#N/A","#N/A"
cf52538a-60b4-4fc7-b6ad-bb0cd4a5dc99,"#N/A","#N/A",false,Web,"#N/A","#N/A",Medium,"#N/A",New,Subject_evblz,"#N/A","#N/A","#N/A","#N/A","#N/A"
cf55f10c-1319-488f-a0df-43a2cfe732b9,"#N/A","#N/A",false,Web,"#N/A","#N/A",Medium,"#N/A",New,Subject_usyun,"#N/A","#N/A","#N/A","#N/A","#N/A"
cf58fd18-592d-40b3-ab2a-fe2a0a9b622d,"#N/A","#N/A",false,Web,"#N/A","#N/A",Medium,"#N/A",New,Subject_davin,"#N/A","#N/A","#N/A","#N/A","#N/A"
cf59a5ae-b983-4d2b-b573-0f42e0fb5d7a,"#N/A","#N/A",false,Web,"#N/A","#N/A",Medium,"#N/A",New,Subject_ubrdw,"#N/A","#N/A","#N/A","#N/A","#N/A"
cf5a1f7b-76d5-436d-8b7c-d060788dd2c8,"#N/A","#N/A",false,Web,"#N/A","#N/A",Medium,"#N/A",New,Subject_oionp,"#N/A","#N/A","#N/A","#N/A","#N/A"
cf5c636c-a8da-421c-8722-524e8d9d04dd,"#N/A","#N/A",false,Web,"#N/A","#N/A",Medium,"#N/A",New,Subject_vgbkb,"#N/A","#N/A","#N/A","#N/A","#N/A"
cf5f145c-ad21-4398-9b26-90c148214e7e,"#N/A","#N/A",false,Web,"#N/A","#N/A",Medium,"#N/A",New,Subject_oanin,"#N/A","#N/A","#N/A","#N/A","#N/A"
cf67c095-bda1-4769-8908-63da7c473bcf,"#N/A","#N/A",false,Web,"#N/A","#N/A",Medium,"#N/A",New,Subject_arhpl,"#N/A","#N/A","#N/A","#N/A","#N/A"
cf67d051-26a1-4f2b-a633-9d6cc42afa1d,"#N/A","#N/A",false,Web,"#N/A","#N/A",Medium,"#N/A",New,Subject_nqahu,"#N/A","#N/A","#N/A","#N/A","#N/A"
cf6891d6-7972-440e-b67f-0f0741065f10,"#N/A","#N/A",false,Web,"#N/A","#N/A",Medium,"#N/A",New,Subject_xnwwd,"#N/A","#N/A","#N/A","#N/A","#N/A"
cf69a73d-bb3d-426f-94c5-d2235ed5237c,"#N/A","#N/A",false,Web,"#N/A","#N/A",Medium,"#N/A",New,Subject_iuimx,"#N/A","#N/A","#N/A","#N/A","#N/A"
cf6eb6ec-698b-44c7-b44e-3c11ebae00cf,"#N/A","#N/A",false,Web,"#N/A","#N/A",Medium,"#N/A",New,Subject_bwinm,"#N/A","#N/A","#N/A","#N/A","#N/A"
cf7643a7-42cf-4e95-b1d3-692b951d3e2f,"#N/A","#N/A",false,Web,"#N/A","#N/A",Medium,"#N/A",New,Subject_rirkk,"#N/A","#N/A","#N/A","#N/A","#N/A"
cf7800e9-1806-45c4-bb4f-8dcfe87bd9de,"#N/A","#N/A",false,Web,"#N/A","#N/A",Medium,"#N/A",New,Subject_qnxho,"#N/A","#N/A","#N/A","#N/A","#N/A"
cf797583-2d30-40a4-9e8b-691b071b0930,"#N/A","#N/A",false,Web,"#N/A","#N/A",Medium,"#N/A",New,Subject_epcfm,"#N/A","#N/A","#N/A","#N/A","#N/A"
cf7af830-51ec-4532-97cc-3a30f9d0d614,"#N/A","#N/A",false,Web,"#N/A","#N/A",Medium,"#N/A",New,Subject_huotc,"#N/A","#N/A","#N/A","#N/A","#N/A"
cf832cc0-de67-4fcf-a12b-7888db4ce8f9,"#N/A","#N/A",false,Web,"#N/A","#N/A",Medium,"#N/A",New,Subject_tpfjq,"#N/A","#N/A","#N/A","#N/A","#N/A"
cf8523a0-e837-4063-9d4a-53b0cdde0df2,"#N/A","#N/A",false,Web,"#N/A","#N/A",Medium,"#N/A",New,Subject_kapdm,"#N/A","#N/A","#N/A","#N/A","#N/A"
cf86477b-2eaa-45c0-a2b5-2eeeedb040f6,"#N/A","#N/A",false,Web,"#N/A","#N/A",Medium,"#N/A",New,Subject_huqpw,"#N/A","#N/A","#N/A","#N/A","#N/A"
cf87bb5b-deda-4bb3-a4d1-f80389abef6f,"#N/A","#N/A",false,Web,"#N/A","#N/A",Medium,"#N/A",New,Subject_xssmr,"#N/A","#N/A","#N/A","#N/A","#N/A"
cf886c7d-7d36-4b3e-aacd-c2c3ad947d63,"#N/A","#N/A",false,Web,"#N/A","#N/A",Medium,"#N/A",New,Subject_zdysu,"#N/A","#N/A","#N/A","#N/A","#N/A"
cf899916-dfb2-4856-8b3d-d852ea7aacf9,"#N/A","#N/A",false,Web,"#N/A","#N/A",Medium,"#N/A",New,Subject_efpml,"#N/A","#N/A","#N/A","#N/A","#N/A"
cf8dafeb-9b8b-4007-950e-4aa9bc8b9a17,"#N/A","#N/A",false,Web,"#N/A","#N/A",Medium,"#N/A",New,Subject_cxtrj,"#N/A","#N/A","#N/A","#N/A","#N/A"
cf8fb2c8-ed9e-4d13-9e1d-0dcede1761b1,"#N/A","#N/A",false,Web,"#N/A","#N/A",Medium,"#N/A",New,Subject_oftun,"#N/A","#N/A","#N/A","#N/A","#N/A"
cf8ff5cd-4a76-4194-a3d5-d5158c5a7fe2,"#N/A","#N/A",false,Web,"#N/A","#N/A",Medium,"#N/A",New,Subject_fmely,"#N/A","#N/A","#N/A","#N/A","#N/A"
cf94dc84-34ca-47b9-b2bd-d372ca9979e4,"#N/A","#N/A",false,Web,"#N/A","#N/A",Medium,"#N/A",New,Subject_zctos,"#N/A","#N/A","#N/A","#N/A","#N/A"
cf9959b3-79d0-4a71-b2d3-5f76e301a74c,"#N/A","#N/A",false,Web,"#N/A","#N/A",Medium,"#N/A",New,Subject_mmhxr,"#N/A","#N/A","#N/A","#N/A","#N/A"
cf9a56d8-83ff-415d-9ac7-27fe8b88c7e2,"#N/A","#N/A",false,Web,"#N/A","#N/A",Medium,"#N/A",New,Subject_enedr,"#N/A","#N/A","#N/A","#N/A","#N/A"
cf9ce9c1-5b09-4a86-9832-ed9f9620fe04,"#N/A","#N/A",false,Web,"#N/A","#N/A",Medium,"#N/A",New,Subject_wfcoq,"#N/A","#N/A","#N/A","#N/A","#N/A"
cfa0fdff-1985-40db-8bab-4046413925af,"#N/A","#N/A",false,Web,"#N/A","#N/A",Medium,"#N/A",New,Subject_xelsx,"#N/A","#N/A","#N/A","#N/A","#N/A"
cfa40b73-ce45-43f3-b986-54f21c013d13,"#N/A","#N/A",false,Web,"#N/A","#N/A",Medium,"#N/A",New,Subject_ycosd,"#N/A","#N/A","#N/A","#N/A","#N/A"
cfa8c9e4-c4bb-4697-8d00-28765b856dc6,"#N/A","#N/A",false,Web,"#N/A","#N/A",Medium,"#N/A",New,Subject_ndnvy,"#N/A","#N/A","#N/A","#N/A","#N/A"
cfaba755-f034-40cc-9a32-b81954f7e721,"#N/A","#N/A",false,Web,"#N/A","#N/A",Medium,"#N/A",New,Subject_stwip,"#N/A","#N/A","#N/A","#N/A","#N/A"
cfaf3454-c791-4b51-bf06-122006a544a4,"#N/A","#N/A",false,Web,"#N/A","#N/A",Medium,"#N/A",New,Subject_bghnp,"#N/A","#N/A","#N/A","#N/A","#N/A"
cfb22a79-14ec-4325-a731-6c78ef9a725c,"#N/A","#N/A",false,Web,"#N/A","#N/A",Medium,"#N/A",New,Subject_qsxsw,"#N/A","#N/A","#N/A","#N/A","#N/A"
cfb361f6-d1b6-4563-a72d-ec536b5e5a43,"#N/A","#N/A",false,Web,"#N/A","#N/A",Medium,"#N/A",New,Subject_qzfrn,"#N/A","#N/A","#N/A","#N/A","#N/A"
cfb6c487-c657-4cb4-8870-861c7edb3944,"#N/A","#N/A",false,Web,"#N/A","#N/A",Medium,"#N/A",New,Subject_vrsyg,"#N/A","#N/A","#N/A","#N/A","#N/A"
cfb9d95c-9ffb-4ef1-b512-ef00769ccb47,"#N/A","#N/A",false,Web,"#N/A","#N/A",Medium,"#N/A",New,Subject_qioig,"#N/A","#N/A","#N/A","#N/A","#N/A"
cfba2dda-b625-4325-a08d-b44bd482f82a,"#N/A","#N/A",false,Web,"#N/A","#N/A",Medium,"#N/A",New,Subject_aomgm,"#N/A","#N/A","#N/A","#N/A","#N/A"
cfbe1c82-0f77-4530-91ef-aa3da43c5697,"#N/A","#N/A",false,Web,"#N/A","#N/A",Medium,"#N/A",New,Subject_nljkr,"#N/A","#N/A","#N/A","#N/A","#N/A"
cfc27925-2405-4bc9-8b08-3d9e51ecc4c0,"#N/A","#N/A",false,Web,"#N/A","#N/A",Medium,"#N/A",New,Subject_imdtj,"#N/A","#N/A","#N/A","#N/A","#N/A"
cfc3578a-4c6a-4314-ae31-32007a1f7a86,"#N/A","#N/A",false,Web,"#N/A","#N/A",Medium,"#N/A",New,Subject_gwhmt,"#N/A","#N/A","#N/A","#N/A","#N/A"
cfc436a6-7cc7-4c9e-9884-1f653c72310e,"#N/A","#N/A",false,Web,"#N/A","#N/A",Medium,"#N/A",New,Subject_icesb,"#N/A","#N/A","#N/A","#N/A","#N/A"
cfc779e5-485d-4f9f-8113-d88465ad8634,"#N/A","#N/A",false,Web,"#N/A","#N/A",Medium,"#N/A",New,Subject_warhr,"#N/A","#N/A","#N/A","#N/A","#N/A"
cfca4454-03e1-4b63-9bc2-6e964b44a714,"#N/A","#N/A",false,Web,"#N/A","#N/A",Medium,"#N/A",New,Subject_blqjm,"#N/A","#N/A","#N/A","#N/A","#N/A"
cfcdfea7-7421-4d01-9eec-23f01ad11830,"#N/A","#N/A",false,Web,"#N/A","#N/A",Medium,"#N/A",New,Subject_pcpwp,"#N/A","#N/A","#N/A","#N/A","#N/A"
cfcfabca-feba-4ba7-b52b-932db1f42b1e,"#N/A","#N/A",false,Web,"#N/A","#N/A",Medium,"#N/A",New,Subject_fyyrz,"#N/A","#N/A","#N/A","#N/A","#N/A"
cfd2c27d-6a2c-4e12-8276-e285a8eebd18,"#N/A","#N/A",false,Web,"#N/A","#N/A",Medium,"#N/A",New,Subject_qecjr,"#N/A","#N/A","#N/A","#N/A","#N/A"
cfd648c3-02de-4c4e-ae65-d21cf3405e1d,"#N/A","#N/A",false,Web,"#N/A","#N/A",Medium,"#N/A",New,Subject_dtfqd,"#N/A","#N/A","#N/A","#N/A","#N/A"
cfdaeca6-f8af-4714-8d66-3b48e227b6a2,"#N/A","#N/A",false,Web,"#N/A","#N/A",Medium,"#N/A",New,Subject_kxrbi,"#N/A","#N/A","#N/A","#N/A","#N/A"
cfde84d6-ecc6-4bb2-a05d-79351d3b069c,"#N/A","#N/A",false,Web,"#N/A","#N/A",Medium,"#N/A",New,Subject_hhcxd,"#N/A","#N/A","#N/A","#N/A","#N/A"
cfdfd6bb-e703-4c40-bbbe-af412f2c7b23,"#N/A","#N/A",false,Web,"#N/A","#N/A",Medium,"#N/A",New,Subject_jsvxn,"#N/A","#N/A","#N/A","#N/A","#N/A"
cfe1e70c-4934-4b67-88ff-c381596fa766,"#N/A","#N/A",false,Web,"#N/A","#N/A",Medium,"#N/A",New,Subject_ewyyz,"#N/A","#N/A","#N/A","#N/A","#N/A"
cfe2461d-d3da-4a10-9c2a-b4c411b30f9d,"#N/A","#N/A",false,Web,"#N/A","#N/A",Medium,"#N/A",New,Subject_stcsv,"#N/A","#N/A","#N/A","#N/A","#N/A"
cfeab2c3-43ae-4f97-a1e3-807f6ec01ff1,"#N/A","#N/A",false,Web,"#N/A","#N/A",Medium,"#N/A",New,Subject_qbcru,"#N/A","#N/A","#N/A","#N/A","#N/A"
cfec017a-c2ad-4176-aec0-d3c58b4fd1f0,"#N/A","#N/A",false,Web,"#N/A","#N/A",Medium,"#N/A",New,Subject_kgxgb,"#N/A","#N/A","#N/A","#N/A","#N/A"
cfed5651-279e-424d-bb7b-bd1da90eb36e,"#N/A","#N/A",false,Web,"#N/A","#N/A",Medium,"#N/A",New,Subject_ekunu,"#N/A","#N/A","#N/A","#N/A","#N/A"
cfef3d62-5a76-434a-ab37-02c9204fa8e6,"#N/A","#N/A",false,Web,"#N/A","#N/A",Medium,"#N/A",New,Subject_bdjpr,"#N/A","#N/A","#N/A","#N/A","#N/A"
cff65d85-bde2-4553-b0b2-4b599e794ae4,"#N/A","#N/A",false,Web,"#N/A","#N/A",Medium,"#N/A",New,Subject_oijfv,"#N/A","#N/A","#N/A","#N/A","#N/A"
cff7cf6a-ab7b-466a-a12e-9fab07a7cdbe,"#N/A","#N/A",false,Web,"#N/A","#N/A",Medium,"#N/A",New,Subject_ecnhj,"#N/A","#N/A","#N/A","#N/A","#N/A"
cff83917-ed2b-4747-82e1-f7806843aca0,"#N/A","#N/A",false,Web,"#N/A","#N/A",Medium,"#N/A",New,Subject_fnbdz,"#N/A","#N/A","#N/A","#N/A","#N/A"
cffa12f2-3b37-4452-90dc-2dc701c4c1cf,"#N/A","#N/A",false,Web,"#N/A","#N/A",Medium,"#N/A",New,Subject_pmaqb,"#N/A","#N/A","#N/A","#N/A","#N/A"
cffef077-2266-4726-8e05-bb0275f42607,"#N/A","#N/A",false,Web,"#N/A","#N/A",Medium,"#N/A",New,Subject_usttq,"#N/A","#N/A","#N/A","#N/A","#N/A"
cfffc1ca-d2e7-4611-b914-6c3f89032a7d,"#N/A","#N/A",false,Web,"#N/A","#N/A",Medium,"#N/A",New,Subject_ghuvq,"#N/A","#N/A","#N/A","#N/A","#N/A"
d000ee71-cdd9-4754-90bc-5f5787cc6c3b,"#N/A","#N/A",false,Web,"#N/A","#N/A",Medium,"#N/A",New,Subject_fpknj,"#N/A","#N/A","#N/A","#N/A","#N/A"
d004d415-f576-4f3f-88ac-0f7c92bb76da,"#N/A","#N/A",false,Web,"#N/A","#N/A",Medium,"#N/A",New,Subject_tkinf,"#N/A","#N/A","#N/A","#N/A","#N/A"
d007228d-0368-4acd-9f1b-b83bc9274165,"#N/A","#N/A",false,Web,"#N/A","#N/A",Medium,"#N/A",New,Subject_moyyv,"#N/A","#N/A","#N/A","#N/A","#N/A"
d008e464-eab5-4989-8722-e987bd39b1db,"#N/A","#N/A",false,Web,"#N/A","#N/A",Medium,"#N/A",New,Subject_uwjut,"#N/A","#N/A","#N/A","#N/A","#N/A"
d0093338-ba53-4472-bc1a-dad08f27c115,"#N/A","#N/A",false,Web,"#N/A","#N/A",Medium,"#N/A",New,Subject_zmbwm,"#N/A","#N/A","#N/A","#N/A","#N/A"
d00be585-656c-4c05-bb55-c7ccc1596ac0,"#N/A","#N/A",false,Web,"#N/A","#N/A",Medium,"#N/A",New,Subject_dtrrj,"#N/A","#N/A","#N/A","#N/A","#N/A"
d00d8df8-79de-40f5-8615-1abb46123e5e,"#N/A","#N/A",false,Web,"#N/A","#N/A",Medium,"#N/A",New,Subject_eistu,"#N/A","#N/A","#N/A","#N/A","#N/A"
d012783a-1b6a-4142-a395-c78c58e8c021,"#N/A","#N/A",false,Web,"#N/A","#N/A",Medium,"#N/A",New,Subject_rujss,"#N/A","#N/A","#N/A","#N/A","#N/A"
d0139c5f-0e53-45ce-a789-a19ac48d2332,"#N/A","#N/A",false,Web,"#N/A","#N/A",Medium,"#N/A",New,Subject_yxzhn,"#N/A","#N/A","#N/A","#N/A","#N/A"
d014b894-5149-42ab-b836-4eb2248c3be8,"#N/A","#N/A",false,Web,"#N/A","#N/A",Medium,"#N/A",New,Subject_xakxa,"#N/A","#N/A","#N/A","#N/A","#N/A"
d015db00-f9bd-4d9a-990e-1812471fec7e,"#N/A","#N/A",false,Web,"#N/A","#N/A",Medium,"#N/A",New,Subject_ilxit,"#N/A","#N/A","#N/A","#N/A","#N/A"
d018aaa8-bc93-4bdd-9df2-170ed30c36ba,"#N/A","#N/A",false,Web,"#N/A","#N/A",Medium,"#N/A",New,Subject_kcejf,"#N/A","#N/A","#N/A","#N/A","#N/A"
d018aee7-6194-46ce-bdf7-bcefcfe48943,"#N/A","#N/A",false,Web,"#N/A","#N/A",Medium,"#N/A",New,Subject_bepua,"#N/A","#N/A","#N/A","#N/A","#N/A"
d01c5ac2-89fc-4104-b3c4-96d2eee5c5d1,"#N/A","#N/A",false,Web,"#N/A","#N/A",Medium,"#N/A",New,Subject_bdsuj,"#N/A","#N/A","#N/A","#N/A","#N/A"
d02021e0-97b2-4f3c-a118-154524192886,"#N/A","#N/A",false,Web,"#N/A","#N/A",Medium,"#N/A",New,Subject_renvg,"#N/A","#N/A","#N/A","#N/A","#N/A"
d0220cf0-66d9-4f03-b5b6-16b56f70c3a1,"#N/A","#N/A",false,Web,"#N/A","#N/A",Medium,"#N/A",New,Subject_uqljm,"#N/A","#N/A","#N/A","#N/A","#N/A"
d0222412-4b92-4473-a748-39ee9e8b47a8,"#N/A","#N/A",false,Web,"#N/A","#N/A",Medium,"#N/A",New,Subject_zgskf,"#N/A","#N/A","#N/A","#N/A","#N/A"
d024d6d2-f68b-4f1f-be3e-40e946b7a4c4,"#N/A","#N/A",false,Web,"#N/A","#N/A",Medium,"#N/A",New,Subject_kxupg,"#N/A","#N/A","#N/A","#N/A","#N/A"
d0261306-e894-499e-be36-1d0f751e78d6,"#N/A","#N/A",false,Web,"#N/A","#N/A",Medium,"#N/A",New,Subject_sigma,"#N/A","#N/A","#N/A","#N/A","#N/A"
d027f0bf-1599-4516-9241-620beec548e0,"#N/A","#N/A",false,Web,"#N/A","#N/A",Medium,"#N/A",New,Subject_umntq,"#N/A","#N/A","#N/A","#N/A","#N/A"
d02c34d7-2c27-42bb-b60a-ebc8b5fde65e,"#N/A","#N/A",false,Web,"#N/A","#N/A",Medium,"#N/A",New,Subject_sjxyx,"#N/A","#N/A","#N/A","#N/A","#N/A"
d02e5424-b852-4ab5-bbc6-34971508bfb9,"#N/A","#N/A",false,Web,"#N/A","#N/A",Medium,"#N/A",New,Subject_wdfib,"#N/A","#N/A","#N/A","#N/A","#N/A"
d02fd9b7-26d4-4fb5-9687-b0bd494f2e2e,"#N/A","#N/A",false,Web,"#N/A","#N/A",Medium,"#N/A",New,Subject_whzdt,"#N/A","#N/A","#N/A","#N/A","#N/A"
d0308106-c1cb-4a2b-892c-461f0f782e67,"#N/A","#N/A",false,Web,"#N/A","#N/A",Medium,"#N/A",New,Subject_ojdnk,"#N/A","#N/A","#N/A","#N/A","#N/A"
d030b2a2-5a0f-4bc5-a617-86d632adf2cc,"#N/A","#N/A",false,Web,"#N/A","#N/A",Medium,"#N/A",New,Subject_cdoak,"#N/A","#N/A","#N/A","#N/A","#N/A"
d034413e-bd8b-4093-b3a3-30dff4afc7d3,"#N/A","#N/A",false,Web,"#N/A","#N/A",Medium,"#N/A",New,Subject_upltu,"#N/A","#N/A","#N/A","#N/A","#N/A"
d034f269-ed83-42c5-a1c8-a52b440f81fe,"#N/A","#N/A",false,Web,"#N/A","#N/A",Medium,"#N/A",New,Subject_oxaul,"#N/A","#N/A","#N/A","#N/A","#N/A"
d035639d-b250-49e9-9533-da0399f8bf7a,"#N/A","#N/A",false,Web,"#N/A","#N/A",Medium,"#N/A",New,Subject_nxyzu,"#N/A","#N/A","#N/A","#N/A","#N/A"
d0366c2d-3e54-4289-8a7e-c8383366e27e,"#N/A","#N/A",false,Web,"#N/A","#N/A",Medium,"#N/A",New,Subject_uugtb,"#N/A","#N/A","#N/A","#N/A","#N/A"
d0368634-3700-4175-ac78-251705f45137,"#N/A","#N/A",false,Web,"#N/A","#N/A",Medium,"#N/A",New,Subject_uaddg,"#N/A","#N/A","#N/A","#N/A","#N/A"
d038b359-e9ab-4966-920b-2ed6fe56be5e,"#N/A","#N/A",false,Web,"#N/A","#N/A",Medium,"#N/A",New,Subject_yqmzu,"#N/A","#N/A","#N/A","#N/A","#N/A"
d039acf2-1fa7-42c7-b3fd-9e9a5208d9b0,"#N/A","#N/A",false,Web,"#N/A","#N/A",Medium,"#N/A",New,Subject_fbjkm,"#N/A","#N/A","#N/A","#N/A","#N/A"
d03a3f03-fdbb-4158-9d0f-32170714ea45,"#N/A","#N/A",false,Web,"#N/A","#N/A",Medium,"#N/A",New,Subject_ibhgg,"#N/A","#N/A","#N/A","#N/A","#N/A"
d03d642f-4ef0-48ab-810f-5a88f83baf61,"#N/A","#N/A",false,Web,"#N/A","#N/A",Medium,"#N/A",New,Subject_gwxwk,"#N/A","#N/A","#N/A","#N/A","#N/A"
d03fe8b8-68d6-41e1-a248-33343fae1e5d,"#N/A","#N/A",false,Web,"#N/A","#N/A",Medium,"#N/A",New,Subject_rpeom,"#N/A","#N/A","#N/A","#N/A","#N/A"
d043d321-592e-46ab-b0a9-ad4b81c779d4,"#N/A","#N/A",false,Web,"#N/A","#N/A",Medium,"#N/A",New,Subject_fpktt,"#N/A","#N/A","#N/A","#N/A","#N/A"
d0442546-aada-4c63-af72-9f7d064a799a,"#N/A","#N/A",false,Web,"#N/A","#N/A",Medium,"#N/A",New,Subject_mdvya,"#N/A","#N/A","#N/A","#N/A","#N/A"
d0475b44-14a0-4801-a8c2-5912056212dc,"#N/A","#N/A",false,Web,"#N/A","#N/A",Medium,"#N/A",New,Subject_yavlw,"#N/A","#N/A","#N/A","#N/A","#N/A"
d047a204-65a2-4550-88f6-de9956a01398,"#N/A","#N/A",false,Web,"#N/A","#N/A",Medium,"#N/A",New,Subject_bwzmw,"#N/A","#N/A","#N/A","#N/A","#N/A"
d0482550-fd0e-4802-aa02-f328bd01a4de,"#N/A","#N/A",false,Web,"#N/A","#N/A",Medium,"#N/A",New,Subject_ugjoy,"#N/A","#N/A","#N/A","#N/A","#N/A"
d0506fd9-efc3-40b6-87a1-ca3de87c3a6b,"#N/A","#N/A",false,Web,"#N/A","#N/A",Medium,"#N/A",New,Subject_rqezm,"#N/A","#N/A","#N/A","#N/A","#N/A"
d050e0be-8a13-4752-8fa8-f377183d48c0,"#N/A","#N/A",false,Web,"#N/A","#N/A",Medium,"#N/A",New,Subject_vwrkb,"#N/A","#N/A","#N/A","#N/A","#N/A"
d0523104-5420-43ac-b6df-beb35d03076a,"#N/A","#N/A",false,Web,"#N/A","#N/A",Medium,"#N/A",New,Subject_litwp,"#N/A","#N/A","#N/A","#N/A","#N/A"
d05a6aba-dc64-487b-b0bf-768b870cbb0e,"#N/A","#N/A",false,Web,"#N/A","#N/A",Medium,"#N/A",New,Subject_eoyue,"#N/A","#N/A","#N/A","#N/A","#N/A"
d063eb48-b1a1-4c14-9558-a6678f735cd4,"#N/A","#N/A",false,Web,"#N/A","#N/A",Medium,"#N/A",New,Subject_ejdal,"#N/A","#N/A","#N/A","#N/A","#N/A"
d0646ca9-3d78-4977-a274-624de6ad61aa,"#N/A","#N/A",false,Web,"#N/A","#N/A",Medium,"#N/A",New,Subject_ftkry,"#N/A","#N/A","#N/A","#N/A","#N/A"
d0655f68-0797-41af-a913-6c5597a09df8,"#N/A","#N/A",false,Web,"#N/A","#N/A",Medium,"#N/A",New,Subject_zlswc,"#N/A","#N/A","#N/A","#N/A","#N/A"
d068b527-3430-4d3c-a899-0375b6e70bc4,"#N/A","#N/A",false,Web,"#N/A","#N/A",Medium,"#N/A",New,Subject_rjcui,"#N/A","#N/A","#N/A","#N/A","#N/A"
d068eb00-714f-44d4-b5e4-653790e2c006,"#N/A","#N/A",false,Web,"#N/A","#N/A",Medium,"#N/A",New,Subject_eafoy,"#N/A","#N/A","#N/A","#N/A","#N/A"
d06c1828-8fd4-46c9-8ceb-44c7d34e75ad,"#N/A","#N/A",false,Web,"#N/A","#N/A",Medium,"#N/A",New,Subject_zlppq,"#N/A","#N/A","#N/A","#N/A","#N/A"
d070063b-f19c-40db-bcad-a8cc983a0b46,"#N/A","#N/A",false,Web,"#N/A","#N/A",Medium,"#N/A",New,Subject_lamzn,"#N/A","#N/A","#N/A","#N/A","#N/A"
d071d67a-71bc-4fbf-a8e2-55b483fd4f2d,"#N/A","#N/A",false,Web,"#N/A","#N/A",Medium,"#N/A",New,Subject_vvxub,"#N/A","#N/A","#N/A","#N/A","#N/A"
d0734cbe-1f68-42c2-aa63-45df93ee50fe,"#N/A","#N/A",false,Web,"#N/A","#N/A",Medium,"#N/A",New,Subject_yviqh,"#N/A","#N/A","#N/A","#N/A","#N/A"
d0758457-6b68-404a-9753-cc8216ad3e2e,"#N/A","#N/A",false,Web,"#N/A","#N/A",Medium,"#N/A",New,Subject_guyfc,"#N/A","#N/A","#N/A","#N/A","#N/A"
d075958d-cea2-41f3-9e11-4cfc9d669b41,"#N/A","#N/A",false,Web,"#N/A","#N/A",Medium,"#N/A",New,Subject_yzjqw,"#N/A","#N/A","#N/A","#N/A","#N/A"
d07feb9c-bf7a-4b18-999a-2ac3a73f531a,"#N/A","#N/A",false,Web,"#N/A","#N/A",Medium,"#N/A",New,Subject_caroa,"#N/A","#N/A","#N/A","#N/A","#N/A"
d08ddb9b-e04f-4b69-99c6-c52e808dee3d,"#N/A","#N/A",false,Web,"#N/A","#N/A",Medium,"#N/A",New,Subject_gluct,"#N/A","#N/A","#N/A","#N/A","#N/A"
d08e3982-1c7e-44dd-9e1a-b64bc79e172d,"#N/A","#N/A",false,Web,"#N/A","#N/A",Medium,"#N/A",New,Subject_zfsxz,"#N/A","#N/A","#N/A","#N/A","#N/A"
d08f4a0a-f148-4f4a-9ba4-5f04336a1371,"#N/A","#N/A",false,Web,"#N/A","#N/A",Medium,"#N/A",New,Subject_gcuai,"#N/A","#N/A","#N/A","#N/A","#N/A"
d090d17b-6432-46e4-b4e2-a0e8a2a52ba9,"#N/A","#N/A",false,Web,"#N/A","#N/A",Medium,"#N/A",New,Subject_yewom,"#N/A","#N/A","#N/A","#N/A","#N/A"
d093ebf0-ab95-4f9b-8b37-2330e060c435,"#N/A","#N/A",false,Web,"#N/A","#N/A",Medium,"#N/A",New,Subject_jnxjg,"#N/A","#N/A","#N/A","#N/A","#N/A"
d0958adc-ee60-49a3-976f-10731c501314,"#N/A","#N/A",false,Web,"#N/A","#N/A",Medium,"#N/A",New,Subject_qxxll,"#N/A","#N/A","#N/A","#N/A","#N/A"
d095ac64-390b-44cb-8bd6-0d65943ca6f0,"#N/A","#N/A",false,Web,"#N/A","#N/A",Medium,"#N/A",New,Subject_gvoqs,"#N/A","#N/A","#N/A","#N/A","#N/A"
d099ec4a-1710-43b6-bae4-0403de972d9e,"#N/A","#N/A",false,Web,"#N/A","#N/A",Medium,"#N/A",New,Subject_ubyou,"#N/A","#N/A","#N/A","#N/A","#N/A"
d09f2dc9-308a-43c5-87b0-8f486d1c3171,"#N/A","#N/A",false,Web,"#N/A","#N/A",Medium,"#N/A",New,Subject_npeyr,"#N/A","#N/A","#N/A","#N/A","#N/A"
d09fd64e-2501-49ac-8edc-780169260efd,"#N/A","#N/A",false,Web,"#N/A","#N/A",Medium,"#N/A",New,Subject_eybmq,"#N/A","#N/A","#N/A","#N/A","#N/A"
d0a066d2-7bc9-432d-92fa-bc9c4c5232f5,"#N/A","#N/A",false,Web,"#N/A","#N/A",Medium,"#N/A",New,Subject_junqm,"#N/A","#N/A","#N/A","#N/A","#N/A"
d0a32111-0449-4d68-b69a-be4a45360cb0,"#N/A","#N/A",false,Web,"#N/A","#N/A",Medium,"#N/A",New,Subject_ptjkw,"#N/A","#N/A","#N/A","#N/A","#N/A"
d0a4603d-09e4-4683-95db-07fc88f2823e,"#N/A","#N/A",false,Web,"#N/A","#N/A",Medium,"#N/A",New,Subject_nftoz,"#N/A","#N/A","#N/A","#N/A","#N/A"
d0a4c7da-e774-4470-aba6-7548bbcf6fff,"#N/A","#N/A",false,Web,"#N/A","#N/A",Medium,"#N/A",New,Subject_rycha,"#N/A","#N/A","#N/A","#N/A","#N/A"
d0ac09d0-a20d-401c-8382-8e975f373462,"#N/A","#N/A",false,Web,"#N/A","#N/A",Medium,"#N/A",New,Subject_jxudf,"#N/A","#N/A","#N/A","#N/A","#N/A"
d0acf75c-cb1a-4604-98dc-b45aa13f997e,"#N/A","#N/A",false,Web,"#N/A","#N/A",Medium,"#N/A",New,Subject_vwdbw,"#N/A","#N/A","#N/A","#N/A","#N/A"
d0b32a48-588a-4b03-89d2-7c3855b0cf6b,"#N/A","#N/A",false,Web,"#N/A","#N/A",Medium,"#N/A",New,Subject_obzex,"#N/A","#N/A","#N/A","#N/A","#N/A"
d0b4fb85-2dae-48c3-8162-f7f897910760,"#N/A","#N/A",false,Web,"#N/A","#N/A",Medium,"#N/A",New,Subject_cspif,"#N/A","#N/A","#N/A","#N/A","#N/A"
d0ba9b41-043a-48bf-b1b1-3c660965b3cc,"#N/A","#N/A",false,Web,"#N/A","#N/A",Medium,"#N/A",New,Subject_blxce,"#N/A","#N/A","#N/A","#N/A","#N/A"
d0bba83f-d7e9-4182-939f-87ae4081a926,"#N/A","#N/A",false,Web,"#N/A","#N/A",Medium,"#N/A",New,Subject_uibff,"#N/A","#N/A","#N/A","#N/A","#N/A"
d0c12e9d-a1b1-4f39-88cf-2371888b86eb,"#N/A","#N/A",false,Web,"#N/A","#N/A",Medium,"#N/A",New,Subject_yeaaq,"#N/A","#N/A","#N/A","#N/A","#N/A"
d0c2d0cd-4501-472a-87c9-364437437e8b,"#N/A","#N/A",false,Web,"#N/A","#N/A",Medium,"#N/A",New,Subject_wwmhi,"#N/A","#N/A","#N/A","#N/A","#N/A"
d0c4a7fc-817c-46aa-8d92-1ee605dc591e,"#N/A","#N/A",false,Web,"#N/A","#N/A",Medium,"#N/A",New,Subject_tvtit,"#N/A","#N/A","#N/A","#N/A","#N/A"
d0c4fb50-1f95-435a-bcfd-dbdb1f1a7231,"#N/A","#N/A",false,Web,"#N/A","#N/A",Medium,"#N/A",New,Subject_addsb,"#N/A","#N/A","#N/A","#N/A","#N/A"
d0c5a7ec-f9af-40e4-80e7-ef1136805108,"#N/A","#N/A",false,Web,"#N/A","#N/A",Medium,"#N/A",New,Subject_fxunc,"#N/A","#N/A","#N/A","#N/A","#N/A"
d0c6cc0c-8688-4d1e-a288-30dc222a92da,"#N/A","#N/A",false,Web,"#N/A","#N/A",Medium,"#N/A",New,Subject_lunvc,"#N/A","#N/A","#N/A","#N/A","#N/A"
d0c7a19a-c07f-40ab-abf1-7e35140fd00e,"#N/A","#N/A",false,Web,"#N/A","#N/A",Medium,"#N/A",New,Subject_aumqy,"#N/A","#N/A","#N/A","#N/A","#N/A"
d0c9f3e7-2d90-412a-8524-9db4eb4cc136,"#N/A","#N/A",false,Web,"#N/A","#N/A",Medium,"#N/A",New,Subject_rzwqw,"#N/A","#N/A","#N/A","#N/A","#N/A"
d0ce2fd4-e5c3-4540-ac40-f68a4d7a6180,"#N/A","#N/A",false,Web,"#N/A","#N/A",Medium,"#N/A",New,Subject_zhysz,"#N/A","#N/A","#N/A","#N/A","#N/A"
d0cee110-88c4-4862-969a-7d532e35ff10,"#N/A","#N/A",false,Web,"#N/A","#N/A",Medium,"#N/A",New,Subject_xnsws,"#N/A","#N/A","#N/A","#N/A","#N/A"
d0d018fe-5b60-4168-a688-01dc92f81755,"#N/A","#N/A",false,Web,"#N/A","#N/A",Medium,"#N/A",New,Subject_agyrx,"#N/A","#N/A","#N/A","#N/A","#N/A"
d0d27ff5-007e-4dae-9aee-83345a9df0b1,"#N/A","#N/A",false,Web,"#N/A","#N/A",Medium,"#N/A",New,Subject_dhcoa,"#N/A","#N/A","#N/A","#N/A","#N/A"
d0d4f43d-2ef9-466d-a069-348c5c42983a,"#N/A","#N/A",false,Web,"#N/A","#N/A",Medium,"#N/A",New,Subject_ezkwo,"#N/A","#N/A","#N/A","#N/A","#N/A"
d0d697db-1851-4955-bb1d-bca32cd53058,"#N/A","#N/A",false,Web,"#N/A","#N/A",Medium,"#N/A",New,Subject_plhss,"#N/A","#N/A","#N/A","#N/A","#N/A"
d0d95b57-e591-4050-9a4d-4acd4a7de06a,"#N/A","#N/A",false,Web,"#N/A","#N/A",Medium,"#N/A",New,Subject_qrrvg,"#N/A","#N/A","#N/A","#N/A","#N/A"
d0da73d0-4a3a-4e64-bb96-61aec70cc2e0,"#N/A","#N/A",false,Web,"#N/A","#N/A",Medium,"#N/A",New,Subject_gxigw,"#N/A","#N/A","#N/A","#N/A","#N/A"
d0ddd71a-0f55-4659-bd36-7986622ff3f3,"#N/A","#N/A",false,Web,"#N/A","#N/A",Medium,"#N/A",New,Subject_wxkkq,"#N/A","#N/A","#N/A","#N/A","#N/A"
d0e2fed7-45a8-4993-bf25-3a06daedff49,"#N/A","#N/A",false,Web,"#N/A","#N/A",Medium,"#N/A",New,Subject_ijgoz,"#N/A","#N/A","#N/A","#N/A","#N/A"
d0e4245c-6a14-4c6b-ad7d-783f4f28d2b8,"#N/A","#N/A",false,Web,"#N/A","#N/A",Medium,"#N/A",New,Subject_edkdj,"#N/A","#N/A","#N/A","#N/A","#N/A"
d0ea1804-c293-4a7d-9dc8-4e2ca7e73edd,"#N/A","#N/A",false,Web,"#N/A","#N/A",Medium,"#N/A",New,Subject_eaykm,"#N/A","#N/A","#N/A","#N/A","#N/A"
d0ea798f-b5b4-4307-a22e-4bbe72222ec7,"#N/A","#N/A",false,Web,"#N/A","#N/A",Medium,"#N/A",New,Subject_hkohf,"#N/A","#N/A","#N/A","#N/A","#N/A"
d0ebedc4-9fbd-4a34-88ce-c67a9ec65aec,"#N/A","#N/A",false,Web,"#N/A","#N/A",Medium,"#N/A",New,Subject_xhbxx,"#N/A","#N/A","#N/A","#N/A","#N/A"
d0efe88a-5f3c-4e37-9d7e-154970842003,"#N/A","#N/A",false,Web,"#N/A","#N/A",Medium,"#N/A",New,Subject_qllgg,"#N/A","#N/A","#N/A","#N/A","#N/A"
d0efeab3-883d-44c9-a1da-a4aeaeffc81a,"#N/A","#N/A",false,Web,"#N/A","#N/A",Medium,"#N/A",New,Subject_zjqub,"#N/A","#N/A","#N/A","#N/A","#N/A"
d0f11901-b6c2-4c9a-95b1-b4af8b325c55,"#N/A","#N/A",false,Web,"#N/A","#N/A",Medium,"#N/A",New,Subject_bbdxw,"#N/A","#N/A","#N/A","#N/A","#N/A"
d0f6d41b-696d-4cfe-ac9e-b21c03262c9a,"#N/A","#N/A",false,Web,"#N/A","#N/A",Medium,"#N/A",New,Subject_nkfty,"#N/A","#N/A","#N/A","#N/A","#N/A"
d0fb1ed9-25be-4bb9-a701-d79affde62af,"#N/A","#N/A",false,Web,"#N/A","#N/A",Medium,"#N/A",New,Subject_auexq,"#N/A","#N/A","#N/A","#N/A","#N/A"
d0fc070e-9f11-4425-be19-c2f8b52a2667,"#N/A","#N/A",false,Web,"#N/A","#N/A",Medium,"#N/A",New,Subject_ajzyo,"#N/A","#N/A","#N/A","#N/A","#N/A"
d0fe5d72-4265-47e8-ad24-53c73f0e021d,"#N/A","#N/A",false,Web,"#N/A","#N/A",Medium,"#N/A",New,Subject_scdsb,"#N/A","#N/A","#N/A","#N/A","#N/A"
d0ff6968-db92-40ec-a97a-1d76f96d9c10,"#N/A","#N/A",false,Web,"#N/A","#N/A",Medium,"#N/A",New,Subject_uebqw,"#N/A","#N/A","#N/A","#N/A","#N/A"
d106f5f1-cec3-4b5e-8ecf-0476d593f729,"#N/A","#N/A",false,Web,"#N/A","#N/A",Medium,"#N/A",New,Subject_yackz,"#N/A","#N/A","#N/A","#N/A","#N/A"
d1080606-4dc3-44fa-aa92-92bc9c0b5591,"#N/A","#N/A",false,Web,"#N/A","#N/A",Medium,"#N/A",New,Subject_pcodk,"#N/A","#N/A","#N/A","#N/A","#N/A"
d10b3c53-f05f-4751-ad6d-61eecf1a7975,"#N/A","#N/A",false,Web,"#N/A","#N/A",Medium,"#N/A",New,Subject_aghwt,"#N/A","#N/A","#N/A","#N/A","#N/A"
d114e137-22ff-4a59-8e84-b954429e02d1,"#N/A","#N/A",false,Web,"#N/A","#N/A",Medium,"#N/A",New,Subject_yelhc,"#N/A","#N/A","#N/A","#N/A","#N/A"
d11635e8-43ca-49d5-8e10-d583696b2a9e,"#N/A","#N/A",false,Web,"#N/A","#N/A",Medium,"#N/A",New,Subject_sdnfq,"#N/A","#N/A","#N/A","#N/A","#N/A"
d11cb79d-2692-4624-b6df-1bc3c01f2012,"#N/A","#N/A",false,Web,"#N/A","#N/A",Medium,"#N/A",New,Subject_ibpyy,"#N/A","#N/A","#N/A","#N/A","#N/A"
d1227a89-8dbb-4b91-bab1-0fc49b491cf0,"#N/A","#N/A",false,Web,"#N/A","#N/A",Medium,"#N/A",New,Subject_lzojf,"#N/A","#N/A","#N/A","#N/A","#N/A"
d12449d8-1580-4918-b939-60a629ddc665,"#N/A","#N/A",false,Web,"#N/A","#N/A",Medium,"#N/A",New,Subject_msnyr,"#N/A","#N/A","#N/A","#N/A","#N/A"
d12622ea-4e60-49b4-a1c1-1f06236183ac,"#N/A","#N/A",false,Web,"#N/A","#N/A",Medium,"#N/A",New,Subject_wnfly,"#N/A","#N/A","#N/A","#N/A","#N/A"
d126d34a-d972-4f09-9e5a-f32a10c2b6c4,"#N/A","#N/A",false,Web,"#N/A","#N/A",Medium,"#N/A",New,Subject_ijscl,"#N/A","#N/A","#N/A","#N/A","#N/A"
d12addc2-6fce-4996-a773-610b10b2c2b7,"#N/A","#N/A",false,Web,"#N/A","#N/A",Medium,"#N/A",New,Subject_upggs,"#N/A","#N/A","#N/A","#N/A","#N/A"
d138ad9f-4d1a-4452-ac25-315bb99c3e61,"#N/A","#N/A",false,Web,"#N/A","#N/A",Medium,"#N/A",New,Subject_ugadd,"#N/A","#N/A","#N/A","#N/A","#N/A"
d13bc1f8-a826-4b8d-a1a1-600a08b116ba,"#N/A","#N/A",false,Web,"#N/A","#N/A",Medium,"#N/A",New,Subject_vnvdw,"#N/A","#N/A","#N/A","#N/A","#N/A"
d13dac95-ac50-409c-9b6a-4835743b8efd,"#N/A","#N/A",false,Web,"#N/A","#N/A",Medium,"#N/A",New,Subject_tmewo,"#N/A","#N/A","#N/A","#N/A","#N/A"
d13fb77d-088b-4528-b164-873d72e31370,"#N/A","#N/A",false,Web,"#N/A","#N/A",Medium,"#N/A",New,Subject_zjwgq,"#N/A","#N/A","#N/A","#N/A","#N/A"
d145de03-22f5-4db4-8c07-b0886edb05dd,"#N/A","#N/A",false,Web,"#N/A","#N/A",Medium,"#N/A",New,Subject_dfvby,"#N/A","#N/A","#N/A","#N/A","#N/A"
d14c51be-2499-4e35-bfba-41d5164d928c,"#N/A","#N/A",false,Web,"#N/A","#N/A",Medium,"#N/A",New,Subject_ikicd,"#N/A","#N/A","#N/A","#N/A","#N/A"
d14e1f19-1a7e-44ae-b654-b942db9c9d9e,"#N/A","#N/A",false,Web,"#N/A","#N/A",Medium,"#N/A",New,Subject_dnpnl,"#N/A","#N/A","#N/A","#N/A","#N/A"
d14ef3b9-9d6a-4b8f-8c25-6b579d41ce52,"#N/A","#N/A",false,Web,"#N/A","#N/A",Medium,"#N/A",New,Subject_bjicn,"#N/A","#N/A","#N/A","#N/A","#N/A"
d1561caf-5939-4ca1-9f5b-f11550d3c021,"#N/A","#N/A",false,Web,"#N/A","#N/A",Medium,"#N/A",New,Subject_mfges,"#N/A","#N/A","#N/A","#N/A","#N/A"
d157f610-1f72-4410-ab37-05af97f300c1,"#N/A","#N/A",false,Web,"#N/A","#N/A",Medium,"#N/A",New,Subject_qcoaa,"#N/A","#N/A","#N/A","#N/A","#N/A"
d158f71e-bffd-4417-b3e5-fb0c25653906,"#N/A","#N/A",false,Web,"#N/A","#N/A",Medium,"#N/A",New,Subject_lhvca,"#N/A","#N/A","#N/A","#N/A","#N/A"
d158f9e4-9730-43aa-b500-9737795adf7c,"#N/A","#N/A",false,Web,"#N/A","#N/A",Medium,"#N/A",New,Subject_oekxm,"#N/A","#N/A","#N/A","#N/A","#N/A"
d15d03c3-bab9-4d0d-889f-d3248f42a99d,"#N/A","#N/A",false,Web,"#N/A","#N/A",Medium,"#N/A",New,Subject_pbjii,"#N/A","#N/A","#N/A","#N/A","#N/A"
d162b3f7-9a9e-49f1-981a-3e2311f9934d,"#N/A","#N/A",false,Web,"#N/A","#N/A",Medium,"#N/A",New,Subject_wlmri,"#N/A","#N/A","#N/A","#N/A","#N/A"
d165b401-fb1c-491e-8585-dc471061be83,"#N/A","#N/A",false,Web,"#N/A","#N/A",Medium,"#N/A",New,Subject_jjkne,"#N/A","#N/A","#N/A","#N/A","#N/A"
d166041d-7ef6-44a4-8c92-23e5fdb3fc74,"#N/A","#N/A",false,Web,"#N/A","#N/A",Medium,"#N/A",New,Subject_lduwz,"#N/A","#N/A","#N/A","#N/A","#N/A"
d167ca8c-aa24-4903-8c57-1c12c42cfffc,"#N/A","#N/A",false,Web,"#N/A","#N/A",Medium,"#N/A",New,Subject_qbdme,"#N/A","#N/A","#N/A","#N/A","#N/A"
d168df79-5a44-4e1d-bd65-a9180af49931,"#N/A","#N/A",false,Web,"#N/A","#N/A",Medium,"#N/A",New,Subject_uzlpy,"#N/A","#N/A","#N/A","#N/A","#N/A"
d16bf840-58f8-44b4-8218-8b4e6de42191,"#N/A","#N/A",false,Web,"#N/A","#N/A",Medium,"#N/A",New,Subject_naxwl,"#N/A","#N/A","#N/A","#N/A","#N/A"
d16c7a9b-b5f0-4fb7-9227-85641e36a63d,"#N/A","#N/A",false,Web,"#N/A","#N/A",Medium,"#N/A",New,Subject_nclqp,"#N/A","#N/A","#N/A","#N/A","#N/A"
d16ce66c-9d4d-413a-b74c-f4a0c4e27fa8,"#N/A","#N/A",false,Web,"#N/A","#N/A",Medium,"#N/A",New,Subject_vljfl,"#N/A","#N/A","#N/A","#N/A","#N/A"
d16d7558-f462-4097-a280-94af6649acd8,"#N/A","#N/A",false,Web,"#N/A","#N/A",Medium,"#N/A",New,Subject_fcfet,"#N/A","#N/A","#N/A","#N/A","#N/A"
d1711b59-caa4-4057-8e9b-dbc39922e7ef,"#N/A","#N/A",false,Web,"#N/A","#N/A",Medium,"#N/A",New,Subject_zqsiy,"#N/A","#N/A","#N/A","#N/A","#N/A"
d1733a00-a885-4471-ba11-3fc763304da4,"#N/A","#N/A",false,Web,"#N/A","#N/A",Medium,"#N/A",New,Subject_yduok,"#N/A","#N/A","#N/A","#N/A","#N/A"
d1747c45-5ef8-4acd-814a-9a3adc653cdb,"#N/A","#N/A",false,Web,"#N/A","#N/A",Medium,"#N/A",New,Subject_hztuu,"#N/A","#N/A","#N/A","#N/A","#N/A"
d17a264b-030f-4947-a181-521b6c131159,"#N/A","#N/A",false,Web,"#N/A","#N/A",Medium,"#N/A",New,Subject_bccma,"#N/A","#N/A","#N/A","#N/A","#N/A"
d17a88c3-285b-4a4d-bf5d-10bb52ae58e9,"#N/A","#N/A",false,Web,"#N/A","#N/A",Medium,"#N/A",New,Subject_yqjba,"#N/A","#N/A","#N/A","#N/A","#N/A"
d17b49ae-3a55-4bcb-a380-e551ef9ae98a,"#N/A","#N/A",false,Web,"#N/A","#N/A",Medium,"#N/A",New,Subject_znyrj,"#N/A","#N/A","#N/A","#N/A","#N/A"
d17eb0c6-6060-4e17-a9ec-c8799db95c69,"#N/A","#N/A",false,Web,"#N/A","#N/A",Medium,"#N/A",New,Subject_aatti,"#N/A","#N/A","#N/A","#N/A","#N/A"
d180bbf0-183b-4b07-b800-8530ddfceab4,"#N/A","#N/A",false,Web,"#N/A","#N/A",Medium,"#N/A",New,Subject_ovmfk,"#N/A","#N/A","#N/A","#N/A","#N/A"
d1817131-d1c0-4846-a005-e8e493f2bce9,"#N/A","#N/A",false,Web,"#N/A","#N/A",Medium,"#N/A",New,Subject_zqren,"#N/A","#N/A","#N/A","#N/A","#N/A"
d1827641-e112-4848-ac5b-fa0c20dcc1f3,"#N/A","#N/A",false,Web,"#N/A","#N/A",Medium,"#N/A",New,Subject_bqbji,"#N/A","#N/A","#N/A","#N/A","#N/A"
d1892763-70b3-4853-aff5-e8f91e8aee02,"#N/A","#N/A",false,Web,"#N/A","#N/A",Medium,"#N/A",New,Subject_wgoeo,"#N/A","#N/A","#N/A","#N/A","#N/A"
d18c9ea6-d098-4943-a6e9-c1e7ae672ec8,"#N/A","#N/A",false,Web,"#N/A","#N/A",Medium,"#N/A",New,Subject_ommuo,"#N/A","#N/A","#N/A","#N/A","#N/A"
d18d74b3-dd44-4596-8c42-842ca000b893,"#N/A","#N/A",false,Web,"#N/A","#N/A",Medium,"#N/A",New,Subject_dhorj,"#N/A","#N/A","#N/A","#N/A","#N/A"
d18dae9c-c4a4-49e5-a18d-f769ef36f828,"#N/A","#N/A",false,Web,"#N/A","#N/A",Medium,"#N/A",New,Subject_vuncu,"#N/A","#N/A","#N/A","#N/A","#N/A"
d18ef208-9f63-4f3a-ac24-59bf83dbdbb1,"#N/A","#N/A",false,Web,"#N/A","#N/A",Medium,"#N/A",New,Subject_tghty,"#N/A","#N/A","#N/A","#N/A","#N/A"
d18fdf54-ba5b-4903-a898-9037f67d83e7,"#N/A","#N/A",false,Web,"#N/A","#N/A",Medium,"#N/A",New,Subject_dwlxb,"#N/A","#N/A","#N/A","#N/A","#N/A"
d1903641-d050-4f92-916f-7ae37e3dda76,"#N/A","#N/A",false,Web,"#N/A","#N/A",Medium,"#N/A",New,Subject_grmlu,"#N/A","#N/A","#N/A","#N/A","#N/A"
d194e155-dfd3-4c93-a81d-e539cd02f28e,"#N/A","#N/A",false,Web,"#N/A","#N/A",Medium,"#N/A",New,Subject_qajdu,"#N/A","#N/A","#N/A","#N/A","#N/A"
d1960198-3ee6-4c9c-9ccd-d4d9b2549583,"#N/A","#N/A",false,Web,"#N/A","#N/A",Medium,"#N/A",New,Subject_gklvg,"#N/A","#N/A","#N/A","#N/A","#N/A"
d196c1bc-b744-43e0-8240-74b49adb48df,"#N/A","#N/A",false,Web,"#N/A","#N/A",Medium,"#N/A",New,Subject_ukqvi,"#N/A","#N/A","#N/A","#N/A","#N/A"
d199c350-5106-4be1-9cb2-8929d2af6dbe,"#N/A","#N/A",false,Web,"#N/A","#N/A",Medium,"#N/A",New,Subject_htccr,"#N/A","#N/A","#N/A","#N/A","#N/A"
d19bf357-78d2-49a1-9fef-ab0359359ccf,"#N/A","#N/A",false,Web,"#N/A","#N/A",Medium,"#N/A",New,Subject_esuev,"#N/A","#N/A","#N/A","#N/A","#N/A"
d19d2f03-d34c-44e0-b15b-47fad9ddb77b,"#N/A","#N/A",false,Web,"#N/A","#N/A",Medium,"#N/A",New,Subject_ztzaz,"#N/A","#N/A","#N/A","#N/A","#N/A"
d19efe03-7732-4ab7-8d6a-8641a39060e2,"#N/A","#N/A",false,Web,"#N/A","#N/A",Medium,"#N/A",New,Subject_cnfup,"#N/A","#N/A","#N/A","#N/A","#N/A"
d1a031e5-45e2-46ed-bdd9-38174596f67c,"#N/A","#N/A",false,Web,"#N/A","#N/A",Medium,"#N/A",New,Subject_hmfcp,"#N/A","#N/A","#N/A","#N/A","#N/A"
d1a10792-d59f-4148-9c6f-cc87c7f07c85,"#N/A","#N/A",false,Web,"#N/A","#N/A",Medium,"#N/A",New,Subject_hafjg,"#N/A","#N/A","#N/A","#N/A","#N/A"
d1a1c5a7-2210-4279-b5a9-1774e8aa4ba4,"#N/A","#N/A",false,Web,"#N/A","#N/A",Medium,"#N/A",New,Subject_nwvlu,"#N/A","#N/A","#N/A","#N/A","#N/A"
d1a55a7d-a5f1-4d43-acc2-0a71f60b7037,"#N/A","#N/A",false,Web,"#N/A","#N/A",Medium,"#N/A",New,Subject_xeltc,"#N/A","#N/A","#N/A","#N/A","#N/A"
d1a5c0ca-2867-4881-a7ba-0faaed3236a6,"#N/A","#N/A",false,Web,"#N/A","#N/A",Medium,"#N/A",New,Subject_sylei,"#N/A","#N/A","#N/A","#N/A","#N/A"
d1a66b5c-fa4e-4174-a269-3c4c2f577bab,"#N/A","#N/A",false,Web,"#N/A","#N/A",Medium,"#N/A",New,Subject_uujfg,"#N/A","#N/A","#N/A","#N/A","#N/A"
d1a719cf-fc35-4459-81b6-8946c8c4b5aa,"#N/A","#N/A",false,Web,"#N/A","#N/A",Medium,"#N/A",New,Subject_cozll,"#N/A","#N/A","#N/A","#N/A","#N/A"
d1a825af-450d-4863-bfde-0d4c2c36c265,"#N/A","#N/A",false,Web,"#N/A","#N/A",Medium,"#N/A",New,Subject_fgrgo,"#N/A","#N/A","#N/A","#N/A","#N/A"
d1a9cc33-d074-4d01-b5a5-ed79579fd39f,"#N/A","#N/A",false,Web,"#N/A","#N/A",Medium,"#N/A",New,Subject_xlgdi,"#N/A","#N/A","#N/A","#N/A","#N/A"
d1aa5735-b09b-4386-ab24-ffaf3d6ef1cf,"#N/A","#N/A",false,Web,"#N/A","#N/A",Medium,"#N/A",New,Subject_kqnrq,"#N/A","#N/A","#N/A","#N/A","#N/A"
d1af6f16-1670-492c-a905-d4d570d680f2,"#N/A","#N/A",false,Web,"#N/A","#N/A",Medium,"#N/A",New,Subject_vlwxg,"#N/A","#N/A","#N/A","#N/A","#N/A"
d1b1f2cc-18cf-4729-ba7b-54439ee7f7b9,"#N/A","#N/A",false,Web,"#N/A","#N/A",Medium,"#N/A",New,Subject_mimxg,"#N/A","#N/A","#N/A","#N/A","#N/A"
d1b3ea83-4ae7-490c-98b6-870ce0404c21,"#N/A","#N/A",false,Web,"#N/A","#N/A",Medium,"#N/A",New,Subject_srxku,"#N/A","#N/A","#N/A","#N/A","#N/A"
d1b911e4-46e7-4954-8f76-f647f44fb7a9,"#N/A","#N/A",false,Web,"#N/A","#N/A",Medium,"#N/A",New,Subject_nqfzu,"#N/A","#N/A","#N/A","#N/A","#N/A"
d1c04619-1707-415b-9d4a-16b62336d3a0,"#N/A","#N/A",false,Web,"#N/A","#N/A",Medium,"#N/A",New,Subject_nzucq,"#N/A","#N/A","#N/A","#N/A","#N/A"
d1c15ae5-a74f-4213-802b-48b2889e0ca3,"#N/A","#N/A",false,Web,"#N/A","#N/A",Medium,"#N/A",New,Subject_rrocv,"#N/A","#N/A","#N/A","#N/A","#N/A"
d1c3cdb7-b190-4035-b688-26caf563ab94,"#N/A","#N/A",false,Web,"#N/A","#N/A",Medium,"#N/A",New,Subject_jivds,"#N/A","#N/A","#N/A","#N/A","#N/A"
d1c8e8be-2163-4407-a049-f8c1aa80a316,"#N/A","#N/A",false,Web,"#N/A","#N/A",Medium,"#N/A",New,Subject_sgxvv,"#N/A","#N/A","#N/A","#N/A","#N/A"
d1d2265e-6f21-476a-9cf4-43fa49bf34e3,"#N/A","#N/A",false,Web,"#N/A","#N/A",Medium,"#N/A",New,Subject_elotj,"#N/A","#N/A","#N/A","#N/A","#N/A"
d1d3c0df-e1e1-4bde-a33b-8bb6feddd932,"#N/A","#N/A",false,Web,"#N/A","#N/A",Medium,"#N/A",New,Subject_iyukd,"#N/A","#N/A","#N/A","#N/A","#N/A"
d1d7a759-140f-4ae6-8c1d-092ad2ab6448,"#N/A","#N/A",false,Web,"#N/A","#N/A",Medium,"#N/A",New,Subject_grhrf,"#N/A","#N/A","#N/A","#N/A","#N/A"
d1d9a788-e1be-497e-af88-d16b52844f84,"#N/A","#N/A",false,Web,"#N/A","#N/A",Medium,"#N/A",New,Subject_ijgoz,"#N/A","#N/A","#N/A","#N/A","#N/A"
d1dde556-ab94-4350-8d70-e9c30edbef7f,"#N/A","#N/A",false,Web,"#N/A","#N/A",Medium,"#N/A",New,Subject_dbvzh,"#N/A","#N/A","#N/A","#N/A","#N/A"
d1de0a50-340c-4fe6-9a5e-27646cda7ea7,"#N/A","#N/A",false,Web,"#N/A","#N/A",Medium,"#N/A",New,Subject_kwxid,"#N/A","#N/A","#N/A","#N/A","#N/A"
d1df19d8-cc11-4283-901d-63b49704b427,"#N/A","#N/A",false,Web,"#N/A","#N/A",Medium,"#N/A",New,Subject_oklpf,"#N/A","#N/A","#N/A","#N/A","#N/A"
d1e020e6-193b-4e7c-843e-03300c8e5a43,"#N/A","#N/A",false,Web,"#N/A","#N/A",Medium,"#N/A",New,Subject_ikfxa,"#N/A","#N/A","#N/A","#N/A","#N/A"
d1e35968-0b06-4470-ba73-97ea269f21f2,"#N/A","#N/A",false,Web,"#N/A","#N/A",Medium,"#N/A",New,Subject_pshfc,"#N/A","#N/A","#N/A","#N/A","#N/A"
d1e3a512-98e2-43b8-83d4-87a83a7d363b,"#N/A","#N/A",false,Web,"#N/A","#N/A",Medium,"#N/A",New,Subject_oxaul,"#N/A","#N/A","#N/A","#N/A","#N/A"
d1e40ef1-8fe9-4e03-953a-6bbbe11c0a0b,"#N/A","#N/A",false,Web,"#N/A","#N/A",Medium,"#N/A",New,Subject_xssxu,"#N/A","#N/A","#N/A","#N/A","#N/A"
d1e855e8-2497-43bc-b290-ee972865c2f0,"#N/A","#N/A",false,Web,"#N/A","#N/A",Medium,"#N/A",New,Subject_qgazp,"#N/A","#N/A","#N/A","#N/A","#N/A"
d1e9cf06-7292-44ae-9718-fe3f398c1dc2,"#N/A","#N/A",false,Web,"#N/A","#N/A",Medium,"#N/A",New,Subject_ljeya,"#N/A","#N/A","#N/A","#N/A","#N/A"
d1ef4a53-4e5d-4414-a114-cc571db0b3e1,"#N/A","#N/A",false,Web,"#N/A","#N/A",Medium,"#N/A",New,Subject_jaacs,"#N/A","#N/A","#N/A","#N/A","#N/A"
d1f2b13d-58da-4b18-b223-4fd119d4f6b2,"#N/A","#N/A",false,Web,"#N/A","#N/A",Medium,"#N/A",New,Subject_juhrq,"#N/A","#N/A","#N/A","#N/A","#N/A"
d1f2ed0c-5a2d-4d97-b696-fa447a76557a,"#N/A","#N/A",false,Web,"#N/A","#N/A",Medium,"#N/A",New,Subject_rktrf,"#N/A","#N/A","#N/A","#N/A","#N/A"
d1f2f952-839a-47f2-8908-a37b274cf8a9,"#N/A","#N/A",false,Web,"#N/A","#N/A",Medium,"#N/A",New,Subject_aahpk,"#N/A","#N/A","#N/A","#N/A","#N/A"
d1f41eeb-5f34-4d48-8bf8-957577e9b710,"#N/A","#N/A",false,Web,"#N/A","#N/A",Medium,"#N/A",New,Subject_rgaez,"#N/A","#N/A","#N/A","#N/A","#N/A"
d1f4db1d-b2bc-4333-9eba-0b692c836b6c,"#N/A","#N/A",false,Web,"#N/A","#N/A",Medium,"#N/A",New,Subject_lnsra,"#N/A","#N/A","#N/A","#N/A","#N/A"
d1f55f03-cbec-4a1d-abcb-40cdc67a9e07,"#N/A","#N/A",false,Web,"#N/A","#N/A",Medium,"#N/A",New,Subject_vfjue,"#N/A","#N/A","#N/A","#N/A","#N/A"
d1f5dae5-99db-447d-8013-b4cf1b5989af,"#N/A","#N/A",false,Web,"#N/A","#N/A",Medium,"#N/A",New,Subject_pebdi,"#N/A","#N/A","#N/A","#N/A","#N/A"
d1fa7f98-ed21-44b2-a31d-e115f7bdf979,"#N/A","#N/A",false,Web,"#N/A","#N/A",Medium,"#N/A",New,Subject_gqvng,"#N/A","#N/A","#N/A","#N/A","#N/A"
d1fb10ba-4e82-49ee-bfd9-a6a8398adec4,"#N/A","#N/A",false,Web,"#N/A","#N/A",Medium,"#N/A",New,Subject_cdmok,"#N/A","#N/A","#N/A","#N/A","#N/A"
d1fb467a-def3-467d-8fe7-99e05f91c6eb,"#N/A","#N/A",false,Web,"#N/A","#N/A",Medium,"#N/A",New,Subject_fwlqv,"#N/A","#N/A","#N/A","#N/A","#N/A"
d1fb6703-a6dc-46e0-9dc0-896525ca30e9,"#N/A","#N/A",false,Web,"#N/A","#N/A",Medium,"#N/A",New,Subject_igszr,"#N/A","#N/A","#N/A","#N/A","#N/A"
d1fd959c-6ae3-49d9-8c6f-a913c1ba3c1f,"#N/A","#N/A",false,Web,"#N/A","#N/A",Medium,"#N/A",New,Subject_dhorj,"#N/A","#N/A","#N/A","#N/A","#N/A"
d1fdbe0a-8f74-47f6-b50f-cc2df3e7e999,"#N/A","#N/A",false,Web,"#N/A","#N/A",Medium,"#N/A",New,Subject_jritb,"#N/A","#N/A","#N/A","#N/A","#N/A"
d1fecae2-2cb4-4d3c-97db-59b647a0366b,"#N/A","#N/A",false,Web,"#N/A","#N/A",Medium,"#N/A",New,Subject_tsgfw,"#N/A","#N/A","#N/A","#N/A","#N/A"
d1ff3646-9dff-42d5-bb4d-f723db3a1cc4,"#N/A","#N/A",false,Web,"#N/A","#N/A",Medium,"#N/A",New,Subject_paevd,"#N/A","#N/A","#N/A","#N/A","#N/A"
d1ff539a-e728-4958-910a-f2c3ed4a1887,"#N/A","#N/A",false,Web,"#N/A","#N/A",Medium,"#N/A",New,Subject_isaig,"#N/A","#N/A","#N/A","#N/A","#N/A"
d205c082-45fa-43dd-9be3-30c183192828,"#N/A","#N/A",false,Web,"#N/A","#N/A",Medium,"#N/A",New,Subject_vrtjq,"#N/A","#N/A","#N/A","#N/A","#N/A"
d20d6873-b83a-419f-83d7-06373a7d305e,"#N/A","#N/A",false,Web,"#N/A","#N/A",Medium,"#N/A",New,Subject_egmei,"#N/A","#N/A","#N/A","#N/A","#N/A"
d20e7b4d-a095-4ac4-8aa6-5e7c1f1a2bd7,"#N/A","#N/A",false,Web,"#N/A","#N/A",Medium,"#N/A",New,Subject_evmqm,"#N/A","#N/A","#N/A","#N/A","#N/A"
d21117d0-5193-4e62-8e98-05bdbdac2bbe,"#N/A","#N/A",false,Web,"#N/A","#N/A",Medium,"#N/A",New,Subject_smwva,"#N/A","#N/A","#N/A","#N/A","#N/A"
d211f7a7-4543-43c9-bb5c-ceb25fad3763,"#N/A","#N/A",false,Web,"#N/A","#N/A",Medium,"#N/A",New,Subject_ijiuf,"#N/A","#N/A","#N/A","#N/A","#N/A"
d216ae5e-86f2-414c-9aeb-0869955256c5,"#N/A","#N/A",false,Web,"#N/A","#N/A",Medium,"#N/A",New,Subject_xzkxv,"#N/A","#N/A","#N/A","#N/A","#N/A"
d21d4efc-5e18-412a-afee-5cbbd58a7f2d,"#N/A","#N/A",false,Web,"#N/A","#N/A",Medium,"#N/A",New,Subject_kuctk,"#N/A","#N/A","#N/A","#N/A","#N/A"
d223544b-f278-424c-8ffc-227324695da2,"#N/A","#N/A",false,Web,"#N/A","#N/A",Medium,"#N/A",New,Subject_musiu,"#N/A","#N/A","#N/A","#N/A","#N/A"
d224bfce-232c-49e5-82bc-833b52db1bd4,"#N/A","#N/A",false,Web,"#N/A","#N/A",Medium,"#N/A",New,Subject_hhtiq,"#N/A","#N/A","#N/A","#N/A","#N/A"
d227c1b7-fedc-4a26-973b-0828fc74ab68,"#N/A","#N/A",false,Web,"#N/A","#N/A",Medium,"#N/A",New,Subject_babay,"#N/A","#N/A","#N/A","#N/A","#N/A"
d22822f8-13fa-4dbc-9402-440a732024f9,"#N/A","#N/A",false,Web,"#N/A","#N/A",Medium,"#N/A",New,Subject_vimai,"#N/A","#N/A","#N/A","#N/A","#N/A"
d22a8add-a1d8-4395-8ecd-e84fc4347163,"#N/A","#N/A",false,Web,"#N/A","#N/A",Medium,"#N/A",New,Subject_epskm,"#N/A","#N/A","#N/A","#N/A","#N/A"
d22bd35d-6502-4036-a165-fa8957c95ad6,"#N/A","#N/A",false,Web,"#N/A","#N/A",Medium,"#N/A",New,Subject_sxwho,"#N/A","#N/A","#N/A","#N/A","#N/A"
d2343d0b-0843-46b2-82cb-04f1d9b999f7,"#N/A","#N/A",false,Web,"#N/A","#N/A",Medium,"#N/A",New,Subject_otdka,"#N/A","#N/A","#N/A","#N/A","#N/A"
d235c50d-c01f-43c2-b77f-368f66dd86d9,"#N/A","#N/A",false,Web,"#N/A","#N/A",Medium,"#N/A",New,Subject_vdlod,"#N/A","#N/A","#N/A","#N/A","#N/A"
d2362201-3760-4ba7-a431-8e083c798055,"#N/A","#N/A",false,Web,"#N/A","#N/A",Medium,"#N/A",New,Subject_zzgzf,"#N/A","#N/A","#N/A","#N/A","#N/A"
d2367430-edd0-489b-a8ef-483a9ea61416,"#N/A","#N/A",false,Web,"#N/A","#N/A",Medium,"#N/A",New,Subject_rhvop,"#N/A","#N/A","#N/A","#N/A","#N/A"
d23727fd-775b-4182-972b-443bbe8c9a12,"#N/A","#N/A",false,Web,"#N/A","#N/A",Medium,"#N/A",New,Subject_zuwqh,"#N/A","#N/A","#N/A","#N/A","#N/A"
d23988f1-10fc-487c-8fa9-e287ddc0d233,"#N/A","#N/A",false,Web,"#N/A","#N/A",Medium,"#N/A",New,Subject_gctos,"#N/A","#N/A","#N/A","#N/A","#N/A"
d23b6636-5a48-4eb2-ba45-0079cb115232,"#N/A","#N/A",false,Web,"#N/A","#N/A",Medium,"#N/A",New,Subject_fiunp,"#N/A","#N/A","#N/A","#N/A","#N/A"
d23da1ff-671d-4fd6-9cdc-61dd926c1714,"#N/A","#N/A",false,Web,"#N/A","#N/A",Medium,"#N/A",New,Subject_bcgfz,"#N/A","#N/A","#N/A","#N/A","#N/A"
d23eee59-fa98-4f88-9504-8e21f091d374,"#N/A","#N/A",false,Web,"#N/A","#N/A",Medium,"#N/A",New,Subject_ijscl,"#N/A","#N/A","#N/A","#N/A","#N/A"
d2431215-c33b-4c69-8224-fe5345d18b3f,"#N/A","#N/A",false,Web,"#N/A","#N/A",Medium,"#N/A",New,Subject_bqfkd,"#N/A","#N/A","#N/A","#N/A","#N/A"
d244459b-5566-4f77-9018-5ba30b0e3e44,"#N/A","#N/A",false,Web,"#N/A","#N/A",Medium,"#N/A",New,Subject_aozqc,"#N/A","#N/A","#N/A","#N/A","#N/A"
d24480fa-d314-4e2b-a52a-fdbe3c99f4bc,"#N/A","#N/A",false,Web,"#N/A","#N/A",Medium,"#N/A",New,Subject_sghbb,"#N/A","#N/A","#N/A","#N/A","#N/A"
d2454e30-2e04-49e3-8b45-7b2935220eb8,"#N/A","#N/A",false,Web,"#N/A","#N/A",Medium,"#N/A",New,Subject_jnthz,"#N/A","#N/A","#N/A","#N/A","#N/A"
d2465e8f-c453-4b84-9b3e-ea21070c7711,"#N/A","#N/A",false,Web,"#N/A","#N/A",Medium,"#N/A",New,Subject_rgudd,"#N/A","#N/A","#N/A","#N/A","#N/A"
d2492e0a-3313-469f-bba1-561289e00509,"#N/A","#N/A",false,Web,"#N/A","#N/A",Medium,"#N/A",New,Subject_pmvzc,"#N/A","#N/A","#N/A","#N/A","#N/A"
d2497be7-1c4a-4788-9ae1-1e393af5d2df,"#N/A","#N/A",false,Web,"#N/A","#N/A",Medium,"#N/A",New,Subject_xhmqq,"#N/A","#N/A","#N/A","#N/A","#N/A"
d24cbac4-5eac-41d1-91fc-5fe2424075cf,"#N/A","#N/A",false,Web,"#N/A","#N/A",Medium,"#N/A",New,Subject_eojxh,"#N/A","#N/A","#N/A","#N/A","#N/A"
d252104d-42be-40e0-a3fc-fadd1c425c89,"#N/A","#N/A",false,Web,"#N/A","#N/A",Medium,"#N/A",New,Subject_nhxpe,"#N/A","#N/A","#N/A","#N/A","#N/A"
d255715a-9be1-4d54-aa8c-e1e88f50fc05,"#N/A","#N/A",false,Web,"#N/A","#N/A",Medium,"#N/A",New,Subject_mjgcu,"#N/A","#N/A","#N/A","#N/A","#N/A"
d25a4707-4da3-4c8f-83ea-d9853796677a,"#N/A","#N/A",false,Web,"#N/A","#N/A",Medium,"#N/A",New,Subject_znumk,"#N/A","#N/A","#N/A","#N/A","#N/A"
d25ca832-08d4-48f1-96b7-41c457711a64,"#N/A","#N/A",false,Web,"#N/A","#N/A",Medium,"#N/A",New,Subject_rsbka,"#N/A","#N/A","#N/A","#N/A","#N/A"
d25e4722-eb17-48e3-8b28-2bd2cb2c717d,"#N/A","#N/A",false,Web,"#N/A","#N/A",Medium,"#N/A",New,Subject_jrdtr,"#N/A","#N/A","#N/A","#N/A","#N/A"
d2623db4-f049-45d6-be1d-007c6dd96c33,"#N/A","#N/A",false,Web,"#N/A","#N/A",Medium,"#N/A",New,Subject_fpwss,"#N/A","#N/A","#N/A","#N/A","#N/A"
d262fd3d-40c7-4a94-bbb5-ac333c09b17c,"#N/A","#N/A",false,Web,"#N/A","#N/A",Medium,"#N/A",New,Subject_jsckz,"#N/A","#N/A","#N/A","#N/A","#N/A"
d2647dcc-51a7-4dc5-8966-1ea51f50784a,"#N/A","#N/A",false,Web,"#N/A","#N/A",Medium,"#N/A",New,Subject_vszza,"#N/A","#N/A","#N/A","#N/A","#N/A"
d265e3e8-4647-4b9c-a8b4-8c3167c19ef0,"#N/A","#N/A",false,Web,"#N/A","#N/A",Medium,"#N/A",New,Subject_uelrt,"#N/A","#N/A","#N/A","#N/A","#N/A"
d26bdfa6-be9c-46c7-b681-0018c288d479,"#N/A","#N/A",false,Web,"#N/A","#N/A",Medium,"#N/A",New,Subject_satvg,"#N/A","#N/A","#N/A","#N/A","#N/A"
d26cd7de-8e58-4235-b78b-7324f9127604,"#N/A","#N/A",false,Web,"#N/A","#N/A",Medium,"#N/A",New,Subject_ddoll,"#N/A","#N/A","#N/A","#N/A","#N/A"
d27479a2-f9f1-42c3-acc1-b492628e4000,"#N/A","#N/A",false,Web,"#N/A","#N/A",Medium,"#N/A",New,Subject_vbqze,"#N/A","#N/A","#N/A","#N/A","#N/A"
d2767979-df73-4cfa-a951-8cf7b549e89f,"#N/A","#N/A",false,Web,"#N/A","#N/A",Medium,"#N/A",New,Subject_utkxn,"#N/A","#N/A","#N/A","#N/A","#N/A"
d2773b50-49cf-4a58-bdb9-16f70224f961,"#N/A","#N/A",false,Web,"#N/A","#N/A",Medium,"#N/A",New,Subject_dtkyx,"#N/A","#N/A","#N/A","#N/A","#N/A"
d27a44f9-3b95-4725-b9cd-39ee13cae2cf,"#N/A","#N/A",false,Web,"#N/A","#N/A",Medium,"#N/A",New,Subject_sjyyu,"#N/A","#N/A","#N/A","#N/A","#N/A"
d28285c1-f28b-4ba9-aeb7-f0a41f57f451,"#N/A","#N/A",false,Web,"#N/A","#N/A",Medium,"#N/A",New,Subject_kraot,"#N/A","#N/A","#N/A","#N/A","#N/A"
d283023e-0c54-4365-9c54-22c7c892e7e9,"#N/A","#N/A",false,Web,"#N/A","#N/A",Medium,"#N/A",New,Subject_gyzrf,"#N/A","#N/A","#N/A","#N/A","#N/A"
d2839632-e56f-4afb-b43e-3001ef46fb3e,"#N/A","#N/A",false,Web,"#N/A","#N/A",Medium,"#N/A",New,Subject_wogql,"#N/A","#N/A","#N/A","#N/A","#N/A"
d2840a58-f594-48ba-9c34-bad9038047fc,"#N/A","#N/A",false,Web,"#N/A","#N/A",Medium,"#N/A",New,Subject_jvobz,"#N/A","#N/A","#N/A","#N/A","#N/A"
d28545f3-6ff3-4f5d-8dc4-c72abc6f0813,"#N/A","#N/A",false,Web,"#N/A","#N/A",Medium,"#N/A",New,Subject_jjfvx,"#N/A","#N/A","#N/A","#N/A","#N/A"
d289a818-a8e2-4cae-9a7b-19c39d1c1d5b,"#N/A","#N/A",false,Web,"#N/A","#N/A",Medium,"#N/A",New,Subject_yoika,"#N/A","#N/A","#N/A","#N/A","#N/A"
d289aded-3d33-4dfb-947f-cc2c59328159,"#N/A","#N/A",false,Web,"#N/A","#N/A",Medium,"#N/A",New,Subject_mliqa,"#N/A","#N/A","#N/A","#N/A","#N/A"
d28b6ba1-3a4f-4fdd-ba76-c690cf528527,"#N/A","#N/A",false,Web,"#N/A","#N/A",Medium,"#N/A",New,Subject_idsya,"#N/A","#N/A","#N/A","#N/A","#N/A"
d28cfd5f-7698-48c0-a0bc-dd4412bbdb13,"#N/A","#N/A",false,Web,"#N/A","#N/A",Medium,"#N/A",New,Subject_bpirs,"#N/A","#N/A","#N/A","#N/A","#N/A"
d28df3f7-73da-4450-a28d-205a24019266,"#N/A","#N/A",false,Web,"#N/A","#N/A",Medium,"#N/A",New,Subject_qkjiq,"#N/A","#N/A","#N/A","#N/A","#N/A"
d28f5866-8049-4ea9-bf86-84c611e51d7b,"#N/A","#N/A",false,Web,"#N/A","#N/A",Medium,"#N/A",New,Subject_tqnnv,"#N/A","#N/A","#N/A","#N/A","#N/A"
d293132a-8bfd-4356-9ee6-716df06414d6,"#N/A","#N/A",false,Web,"#N/A","#N/A",Medium,"#N/A",New,Subject_nzkia,"#N/A","#N/A","#N/A","#N/A","#N/A"
d2931c87-18ba-4716-b81b-891aed86e78e,"#N/A","#N/A",false,Web,"#N/A","#N/A",Medium,"#N/A",New,Subject_viqaj,"#N/A","#N/A","#N/A","#N/A","#N/A"
d2952a5c-abea-4a47-8cf1-b87834ce14ac,"#N/A","#N/A",false,Web,"#N/A","#N/A",Medium,"#N/A",New,Subject_frigt,"#N/A","#N/A","#N/A","#N/A","#N/A"
d298b3e0-dc66-49db-82d6-dd026d3ba8e4,"#N/A","#N/A",false,Web,"#N/A","#N/A",Medium,"#N/A",New,Subject_zozrm,"#N/A","#N/A","#N/A","#N/A","#N/A"
d2996660-92a6-482c-9964-018e052828c8,"#N/A","#N/A",false,Web,"#N/A","#N/A",Medium,"#N/A",New,Subject_jdmxf,"#N/A","#N/A","#N/A","#N/A","#N/A"
d29972d5-1f68-48cd-920a-2818abedb27c,"#N/A","#N/A",false,Web,"#N/A","#N/A",Medium,"#N/A",New,Subject_opzgm,"#N/A","#N/A","#N/A","#N/A","#N/A"
d2999b59-ecc6-4ab6-bfed-5c1e946ca94f,"#N/A","#N/A",false,Web,"#N/A","#N/A",Medium,"#N/A",New,Subject_cfbwg,"#N/A","#N/A","#N/A","#N/A","#N/A"
d29c92a4-e02b-4405-8d7b-6cc0f728ece5,"#N/A","#N/A",false,Web,"#N/A","#N/A",Medium,"#N/A",New,Subject_acszc,"#N/A","#N/A","#N/A","#N/A","#N/A"
d2a25be2-12c1-4fbd-b4f6-58f1a2663395,"#N/A","#N/A",false,Web,"#N/A","#N/A",Medium,"#N/A",New,Subject_nnmup,"#N/A","#N/A","#N/A","#N/A","#N/A"
d2ab20af-69d2-491e-89d4-3e9773fb3599,"#N/A","#N/A",false,Web,"#N/A","#N/A",Medium,"#N/A",New,Subject_clyei,"#N/A","#N/A","#N/A","#N/A","#N/A"
d2ac8e68-9e80-4613-af4f-40c33dc421eb,"#N/A","#N/A",false,Web,"#N/A","#N/A",Medium,"#N/A",New,Subject_twmog,"#N/A","#N/A","#N/A","#N/A","#N/A"
d2b15f9e-d053-4700-b497-994f53b40bda,"#N/A","#N/A",false,Web,"#N/A","#N/A",Medium,"#N/A",New,Subject_nthhj,"#N/A","#N/A","#N/A","#N/A","#N/A"
d2b1c1a6-ebf4-48d0-af4f-8efafa9134a7,"#N/A","#N/A",false,Web,"#N/A","#N/A",Medium,"#N/A",New,Subject_hbevj,"#N/A","#N/A","#N/A","#N/A","#N/A"
d2b35e08-9798-45ac-8e8f-f90ae610577a,"#N/A","#N/A",false,Web,"#N/A","#N/A",Medium,"#N/A",New,Subject_ffale,"#N/A","#N/A","#N/A","#N/A","#N/A"
d2b959f1-b655-48f9-9aaf-22f87b8a886d,"#N/A","#N/A",false,Web,"#N/A","#N/A",Medium,"#N/A",New,Subject_ufdip,"#N/A","#N/A","#N/A","#N/A","#N/A"
d2bc576c-c2c8-4ef6-ac5d-b11504948ed5,"#N/A","#N/A",false,Web,"#N/A","#N/A",Medium,"#N/A",New,Subject_ymssr,"#N/A","#N/A","#N/A","#N/A","#N/A"
d2bd6aab-25d3-4a0e-917e-5fef3c6c3c4e,"#N/A","#N/A",false,Web,"#N/A","#N/A",Medium,"#N/A",New,Subject_lacda,"#N/A","#N/A","#N/A","#N/A","#N/A"
d2bde6f5-10b0-479e-aeac-d99c8196f022,"#N/A","#N/A",false,Web,"#N/A","#N/A",Medium,"#N/A",New,Subject_kqkqy,"#N/A","#N/A","#N/A","#N/A","#N/A"
d2be433e-129a-4fba-96e4-488ddf1b600f,"#N/A","#N/A",false,Web,"#N/A","#N/A",Medium,"#N/A",New,Subject_rchqu,"#N/A","#N/A","#N/A","#N/A","#N/A"
d2be6b91-3d6e-4e9d-a6e9-7779a7a0c26a,"#N/A","#N/A",false,Web,"#N/A","#N/A",Medium,"#N/A",New,Subject_ejcoc,"#N/A","#N/A","#N/A","#N/A","#N/A"
d2beb2fe-71a2-4f39-ac7c-4acf59f9b156,"#N/A","#N/A",false,Web,"#N/A","#N/A",Medium,"#N/A",New,Subject_pzypq,"#N/A","#N/A","#N/A","#N/A","#N/A"
d2c9f285-ea94-4e29-a821-64f5e1382643,"#N/A","#N/A",false,Web,"#N/A","#N/A",Medium,"#N/A",New,Subject_ubfhy,"#N/A","#N/A","#N/A","#N/A","#N/A"
d2ce8578-dfc7-4ca7-933c-d3dfb941cfc5,"#N/A","#N/A",false,Web,"#N/A","#N/A",Medium,"#N/A",New,Subject_dxciv,"#N/A","#N/A","#N/A","#N/A","#N/A"
d2d4fa30-fb78-4ac8-b63e-fdcc685f7a01,"#N/A","#N/A",false,Web,"#N/A","#N/A",Medium,"#N/A",New,Subject_efwgl,"#N/A","#N/A","#N/A","#N/A","#N/A"
d2d52e44-d083-47cf-974c-91bf42d2ba9c,"#N/A","#N/A",false,Web,"#N/A","#N/A",Medium,"#N/A",New,Subject_yvrqq,"#N/A","#N/A","#N/A","#N/A","#N/A"
d2d6eae6-2eed-478e-9fed-9cdb731a1f90,"#N/A","#N/A",false,Web,"#N/A","#N/A",Medium,"#N/A",New,Subject_rcrgu,"#N/A","#N/A","#N/A","#N/A","#N/A"
d2d8ee1d-a388-4c3b-a107-c21d7266cca5,"#N/A","#N/A",false,Web,"#N/A","#N/A",Medium,"#N/A",New,Subject_pajww,"#N/A","#N/A","#N/A","#N/A","#N/A"
d2d9aad0-c1be-4493-9762-36c07be3411d,"#N/A","#N/A",false,Web,"#N/A","#N/A",Medium,"#N/A",New,Subject_uxstj,"#N/A","#N/A","#N/A","#N/A","#N/A"
d2db42c6-2404-42ec-ac57-c25b8bc23fdd,"#N/A","#N/A",false,Web,"#N/A","#N/A",Medium,"#N/A",New,Subject_aadou,"#N/A","#N/A","#N/A","#N/A","#N/A"
d2dfb830-e737-46bd-8f14-58d3e863c6be,"#N/A","#N/A",false,Web,"#N/A","#N/A",Medium,"#N/A",New,Subject_jvgcg,"#N/A","#N/A","#N/A","#N/A","#N/A"
d2e0ba71-7630-4e59-85e2-230b67dd16ff,"#N/A","#N/A",false,Web,"#N/A","#N/A",Medium,"#N/A",New,Subject_yugfp,"#N/A","#N/A","#N/A","#N/A","#N/A"
d2e275d1-71ea-404d-9c5c-ba6b05a84775,"#N/A","#N/A",false,Web,"#N/A","#N/A",Medium,"#N/A",New,Subject_sbmio,"#N/A","#N/A","#N/A","#N/A","#N/A"
d2e3fd37-f829-4f9d-86f2-47352b50c696,"#N/A","#N/A",false,Web,"#N/A","#N/A",Medium,"#N/A",New,Subject_seacc,"#N/A","#N/A","#N/A","#N/A","#N/A"
d2e7379e-bea3-47cb-ac39-56c64c5a80ce,"#N/A","#N/A",false,Web,"#N/A","#N/A",Medium,"#N/A",New,Subject_aadfo,"#N/A","#N/A","#N/A","#N/A","#N/A"
d2ec8156-d47c-4e9f-9149-3549fb0a2a18,"#N/A","#N/A",false,Web,"#N/A","#N/A",Medium,"#N/A",New,Subject_yejqk,"#N/A","#N/A","#N/A","#N/A","#N/A"
d2ed9765-7de3-4116-b3af-5d4b04313c45,"#N/A","#N/A",false,Web,"#N/A","#N/A",Medium,"#N/A",New,Subject_bjifb,"#N/A","#N/A","#N/A","#N/A","#N/A"
d2ee60a9-ac84-4f81-8871-6ccb608d50e0,"#N/A","#N/A",false,Web,"#N/A","#N/A",Medium,"#N/A",New,Subject_jawjo,"#N/A","#N/A","#N/A","#N/A","#N/A"
d2f2d965-f3f7-4ba1-8f44-6b9243bc02bf,"#N/A","#N/A",false,Web,"#N/A","#N/A",Medium,"#N/A",New,Subject_szjuh,"#N/A","#N/A","#N/A","#N/A","#N/A"
d2f62091-aeb8-4f16-abb2-a700a7969243,"#N/A","#N/A",false,Web,"#N/A","#N/A",Medium,"#N/A",New,Subject_hwgnh,"#N/A","#N/A","#N/A","#N/A","#N/A"
d2f9d3c0-d0d0-4cb9-a275-42479d34f2b0,"#N/A","#N/A",false,Web,"#N/A","#N/A",Medium,"#N/A",New,Subject_nfdsc,"#N/A","#N/A","#N/A","#N/A","#N/A"
d2fb4f80-09c6-4a0b-80ad-34a4cbebf48e,"#N/A","#N/A",false,Web,"#N/A","#N/A",Medium,"#N/A",New,Subject_cccka,"#N/A","#N/A","#N/A","#N/A","#N/A"
d2fd64fc-7256-4f75-9f36-946de65e17f5,"#N/A","#N/A",false,Web,"#N/A","#N/A",Medium,"#N/A",New,Subject_esquh,"#N/A","#N/A","#N/A","#N/A","#N/A"
d3053c17-cea1-46e0-a331-7e925563755c,"#N/A","#N/A",false,Web,"#N/A","#N/A",Medium,"#N/A",New,Subject_hjzfz,"#N/A","#N/A","#N/A","#N/A","#N/A"
d3060430-aa8b-45e9-883d-7544c2ddb49a,"#N/A","#N/A",false,Web,"#N/A","#N/A",Medium,"#N/A",New,Subject_wupii,"#N/A","#N/A","#N/A","#N/A","#N/A"
d30627e5-ea47-450d-bb09-efb35bcd7529,"#N/A","#N/A",false,Web,"#N/A","#N/A",Medium,"#N/A",New,Subject_qkpli,"#N/A","#N/A","#N/A","#N/A","#N/A"
d3063aaa-0a5f-42b7-97a8-86d751f91fe6,"#N/A","#N/A",false,Web,"#N/A","#N/A",Medium,"#N/A",New,Subject_mewpw,"#N/A","#N/A","#N/A","#N/A","#N/A"
d3080f12-a6e4-4dad-b894-ab404e4b75a8,"#N/A","#N/A",false,Web,"#N/A","#N/A",Medium,"#N/A",New,Subject_dfyck,"#N/A","#N/A","#N/A","#N/A","#N/A"
d3090a44-2f40-4b16-bfcc-eac745a8be3e,"#N/A","#N/A",false,Web,"#N/A","#N/A",Medium,"#N/A",New,Subject_vdmfn,"#N/A","#N/A","#N/A","#N/A","#N/A"
d309c12b-376f-4e95-aec2-b6449252e4a7,"#N/A","#N/A",false,Web,"#N/A","#N/A",Medium,"#N/A",New,Subject_wqeif,"#N/A","#N/A","#N/A","#N/A","#N/A"
d30c737d-ddd1-4a02-892d-9140a06046a4,"#N/A","#N/A",false,Web,"#N/A","#N/A",Medium,"#N/A",New,Subject_ibpio,"#N/A","#N/A","#N/A","#N/A","#N/A"
d31576d2-d0eb-44f6-a7f9-7a9373f88c16,"#N/A","#N/A",false,Web,"#N/A","#N/A",Medium,"#N/A",New,Subject_ggunm,"#N/A","#N/A","#N/A","#N/A","#N/A"
d315be1b-556e-44c5-8518-00759234f626,"#N/A","#N/A",false,Web,"#N/A","#N/A",Medium,"#N/A",New,Subject_qpuny,"#N/A","#N/A","#N/A","#N/A","#N/A"
d31c6398-f9f6-4cf3-ba7b-41c08d899887,"#N/A","#N/A",false,Web,"#N/A","#N/A",Medium,"#N/A",New,Subject_ykasa,"#N/A","#N/A","#N/A","#N/A","#N/A"
d3203e39-15a2-4a31-b049-cc98d0ca606a,"#N/A","#N/A",false,Web,"#N/A","#N/A",Medium,"#N/A",New,Subject_dfwkw,"#N/A","#N/A","#N/A","#N/A","#N/A"
d3261abd-ada7-4951-8239-9bb37ac1e8be,"#N/A","#N/A",false,Web,"#N/A","#N/A",Medium,"#N/A",New,Subject_hsyha,"#N/A","#N/A","#N/A","#N/A","#N/A"
d32ab10e-53de-4eac-a6d9-3811adc2bddd,"#N/A","#N/A",false,Web,"#N/A","#N/A",Medium,"#N/A",New,Subject_rfoaj,"#N/A","#N/A","#N/A","#N/A","#N/A"
d32b46d7-35db-4291-b4e5-9945f9e4bb10,"#N/A","#N/A",false,Web,"#N/A","#N/A",Medium,"#N/A",New,Subject_poije,"#N/A","#N/A","#N/A","#N/A","#N/A"
d32f978b-0459-41c0-8341-7e478d3e3102,"#N/A","#N/A",false,Web,"#N/A","#N/A",Medium,"#N/A",New,Subject_xhnxp,"#N/A","#N/A","#N/A","#N/A","#N/A"
d339e1ea-85dd-4d43-aade-0cb66e301c97,"#N/A","#N/A",false,Web,"#N/A","#N/A",Medium,"#N/A",New,Subject_jpvdh,"#N/A","#N/A","#N/A","#N/A","#N/A"
d3412cff-91ea-4955-a506-4049d1cea2fa,"#N/A","#N/A",false,Web,"#N/A","#N/A",Medium,"#N/A",New,Subject_zghus,"#N/A","#N/A","#N/A","#N/A","#N/A"
d3430ac8-8628-4329-bd92-5b90fa42b278,"#N/A","#N/A",false,Web,"#N/A","#N/A",Medium,"#N/A",New,Subject_cvjtu,"#N/A","#N/A","#N/A","#N/A","#N/A"
d3477151-5d05-40b7-848e-9413c79af9d9,"#N/A","#N/A",false,Web,"#N/A","#N/A",Medium,"#N/A",New,Subject_rydmp,"#N/A","#N/A","#N/A","#N/A","#N/A"
d3495f31-081c-4bad-bc5b-cc3748eef0d9,"#N/A","#N/A",false,Web,"#N/A","#N/A",Medium,"#N/A",New,Subject_wxbzo,"#N/A","#N/A","#N/A","#N/A","#N/A"
d34aa705-6cbc-4f1c-87e7-cbf8a7a95d3a,"#N/A","#N/A",false,Web,"#N/A","#N/A",Medium,"#N/A",New,Subject_wpqsf,"#N/A","#N/A","#N/A","#N/A","#N/A"
d34fcbe4-9733-470b-9986-645a3fb8d7ec,"#N/A","#N/A",false,Web,"#N/A","#N/A",Medium,"#N/A",New,Subject_dijzs,"#N/A","#N/A","#N/A","#N/A","#N/A"
d350242e-98fa-4363-9ed4-316c3ba913cc,"#N/A","#N/A",false,Web,"#N/A","#N/A",Medium,"#N/A",New,Subject_nnqsc,"#N/A","#N/A","#N/A","#N/A","#N/A"
d353a31b-ae7e-442f-8de8-ff32a43e669d,"#N/A","#N/A",false,Web,"#N/A","#N/A",Medium,"#N/A",New,Subject_tqsvr,"#N/A","#N/A","#N/A","#N/A","#N/A"
d354aa97-b134-4b84-a52d-a2ce2323efb9,"#N/A","#N/A",false,Web,"#N/A","#N/A",Medium,"#N/A",New,Subject_dtaos,"#N/A","#N/A","#N/A","#N/A","#N/A"
d3551f63-46c2-4555-9785-f2fdcd9d4bc0,"#N/A","#N/A",false,Web,"#N/A","#N/A",Medium,"#N/A",New,Subject_rhsnv,"#N/A","#N/A","#N/A","#N/A","#N/A"
d3571c7f-e509-4bab-bc86-621169313562,"#N/A","#N/A",false,Web,"#N/A","#N/A",Medium,"#N/A",New,Subject_ajeje,"#N/A","#N/A","#N/A","#N/A","#N/A"
d358bc56-0de3-475a-aca7-d4eafe527ecb,"#N/A","#N/A",false,Web,"#N/A","#N/A",Medium,"#N/A",New,Subject_mouyk,"#N/A","#N/A","#N/A","#N/A","#N/A"
d35ec9b8-e22e-4c21-9f1c-34465200b0c0,"#N/A","#N/A",false,Web,"#N/A","#N/A",Medium,"#N/A",New,Subject_hcpsd,"#N/A","#N/A","#N/A","#N/A","#N/A"
d3609628-45f2-4770-8acf-ef2cdbe0627c,"#N/A","#N/A",false,Web,"#N/A","#N/A",Medium,"#N/A",New,Subject_ssahm,"#N/A","#N/A","#N/A","#N/A","#N/A"
d367cac6-f5f5-4826-adcb-185dc897afce,"#N/A","#N/A",false,Web,"#N/A","#N/A",Medium,"#N/A",New,Subject_msxcc,"#N/A","#N/A","#N/A","#N/A","#N/A"
d36d763d-f552-45b2-8725-267a4315b01b,"#N/A","#N/A",false,Web,"#N/A","#N/A",Medium,"#N/A",New,Subject_dnvuq,"#N/A","#N/A","#N/A","#N/A","#N/A"
d36e686d-66a3-4bcd-b676-e745adde4de7,"#N/A","#N/A",false,Web,"#N/A","#N/A",Medium,"#N/A",New,Subject_yjfbj,"#N/A","#N/A","#N/A","#N/A","#N/A"
d36e88d8-9147-4187-aa46-7bcc47343eda,"#N/A","#N/A",false,Web,"#N/A","#N/A",Medium,"#N/A",New,Subject_iwenx,"#N/A","#N/A","#N/A","#N/A","#N/A"
d3722a1f-4491-4199-b934-0c285b282fbb,"#N/A","#N/A",false,Web,"#N/A","#N/A",Medium,"#N/A",New,Subject_xmfhv,"#N/A","#N/A","#N/A","#N/A","#N/A"
d3734563-a7e2-4774-b943-c79d18b899b3,"#N/A","#N/A",false,Web,"#N/A","#N/A",Medium,"#N/A",New,Subject_cblbc,"#N/A","#N/A","#N/A","#N/A","#N/A"
d3766c8e-f088-4ddd-8a48-51d765987af3,"#N/A","#N/A",false,Web,"#N/A","#N/A",Medium,"#N/A",New,Subject_fuxjl,"#N/A","#N/A","#N/A","#N/A","#N/A"
d376b7ed-fdb1-4ea4-80cf-2c382a24e6a4,"#N/A","#N/A",false,Web,"#N/A","#N/A",Medium,"#N/A",New,Subject_ftejw,"#N/A","#N/A","#N/A","#N/A","#N/A"
d379e6eb-b6b9-4626-970e-465a2b29729f,"#N/A","#N/A",false,Web,"#N/A","#N/A",Medium,"#N/A",New,Subject_axoag,"#N/A","#N/A","#N/A","#N/A","#N/A"
d37bfc7c-d85a-4d8d-abe6-d704044e0d06,"#N/A","#N/A",false,Web,"#N/A","#N/A",Medium,"#N/A",New,Subject_gsneq,"#N/A","#N/A","#N/A","#N/A","#N/A"
d380c296-d2c4-4c9f-8655-249699235f97,"#N/A","#N/A",false,Web,"#N/A","#N/A",Medium,"#N/A",New,Subject_albal,"#N/A","#N/A","#N/A","#N/A","#N/A"
d380eb4c-83e3-449f-b3e0-6556558b87fc,"#N/A","#N/A",false,Web,"#N/A","#N/A",Medium,"#N/A",New,Subject_rcafm,"#N/A","#N/A","#N/A","#N/A","#N/A"
d3861205-5d51-43f5-a17f-5992e5696db0,"#N/A","#N/A",false,Web,"#N/A","#N/A",Medium,"#N/A",New,Subject_insrd,"#N/A","#N/A","#N/A","#N/A","#N/A"
d388592e-2211-43f2-8142-cd42befb73da,"#N/A","#N/A",false,Web,"#N/A","#N/A",Medium,"#N/A",New,Subject_outpa,"#N/A","#N/A","#N/A","#N/A","#N/A"
d38930f5-3678-40e9-a48d-6fd40cc51d3c,"#N/A","#N/A",false,Web,"#N/A","#N/A",Medium,"#N/A",New,Subject_jijbt,"#N/A","#N/A","#N/A","#N/A","#N/A"
d38b770c-4274-4bc9-a202-1fe06494bccb,"#N/A","#N/A",false,Web,"#N/A","#N/A",Medium,"#N/A",New,Subject_iwnfv,"#N/A","#N/A","#N/A","#N/A","#N/A"
d3921fe8-9efc-4b66-b02b-63b63a738a90,"#N/A","#N/A",false,Web,"#N/A","#N/A",Medium,"#N/A",New,Subject_kwswo,"#N/A","#N/A","#N/A","#N/A","#N/A"
d3929e71-6076-4ae1-ad38-26eadf01f17e,"#N/A","#N/A",false,Web,"#N/A","#N/A",Medium,"#N/A",New,Subject_gjwpn,"#N/A","#N/A","#N/A","#N/A","#N/A"
d3948339-6649-40f1-ab0a-8b44ec203612,"#N/A","#N/A",false,Web,"#N/A","#N/A",Medium,"#N/A",New,Subject_qzmbf,"#N/A","#N/A","#N/A","#N/A","#N/A"
d394c226-81b4-4dc0-a0c6-696f83bc401b,"#N/A","#N/A",false,Web,"#N/A","#N/A",Medium,"#N/A",New,Subject_pmxfn,"#N/A","#N/A","#N/A","#N/A","#N/A"
d3969ea2-9ac6-4506-89d9-bf0278ba81f2,"#N/A","#N/A",false,Web,"#N/A","#N/A",Medium,"#N/A",New,Subject_uidxq,"#N/A","#N/A","#N/A","#N/A","#N/A"
d397ad03-7a16-401c-932c-8f38db250a61,"#N/A","#N/A",false,Web,"#N/A","#N/A",Medium,"#N/A",New,Subject_irtfp,"#N/A","#N/A","#N/A","#N/A","#N/A"
d3983e91-c734-41f4-8cfe-5d378d5f402a,"#N/A","#N/A",false,Web,"#N/A","#N/A",Medium,"#N/A",New,Subject_ygvyc,"#N/A","#N/A","#N/A","#N/A","#N/A"
d3987eda-2fce-45d9-b620-2535964082f3,"#N/A","#N/A",false,Web,"#N/A","#N/A",Medium,"#N/A",New,Subject_otbxx,"#N/A","#N/A","#N/A","#N/A","#N/A"
d399178c-8456-41ca-9f68-f0d9eae7f9f5,"#N/A","#N/A",false,Web,"#N/A","#N/A",Medium,"#N/A",New,Subject_ofvgm,"#N/A","#N/A","#N/A","#N/A","#N/A"
d3a033e8-b79e-4358-9cf4-feb6030a2814,"#N/A","#N/A",false,Web,"#N/A","#N/A",Medium,"#N/A",New,Subject_mowpm,"#N/A","#N/A","#N/A","#N/A","#N/A"
d3aab95d-0335-482e-9091-d7bb50d6e658,"#N/A","#N/A",false,Web,"#N/A","#N/A",Medium,"#N/A",New,Subject_leojn,"#N/A","#N/A","#N/A","#N/A","#N/A"
d3b3995f-5d7d-49a5-95ef-0c195934ca1a,"#N/A","#N/A",false,Web,"#N/A","#N/A",Medium,"#N/A",New,Subject_sdmyc,"#N/A","#N/A","#N/A","#N/A","#N/A"
d3b5a275-fccc-4b52-908b-0cce02cfa194,"#N/A","#N/A",false,Web,"#N/A","#N/A",Medium,"#N/A",New,Subject_bubda,"#N/A","#N/A","#N/A","#N/A","#N/A"
d3bb965b-5e10-4c2e-a530-3e4758702214,"#N/A","#N/A",false,Web,"#N/A","#N/A",Medium,"#N/A",New,Subject_nbajn,"#N/A","#N/A","#N/A","#N/A","#N/A"
d3bbfb7f-6b81-4148-bf27-73205e8ba00f,"#N/A","#N/A",false,Web,"#N/A","#N/A",Medium,"#N/A",New,Subject_eypae,"#N/A","#N/A","#N/A","#N/A","#N/A"
d3c2624b-bef7-4189-b508-785afa3fd70e,"#N/A","#N/A",false,Web,"#N/A","#N/A",Medium,"#N/A",New,Subject_btbcj,"#N/A","#N/A","#N/A","#N/A","#N/A"
d3c7c602-a176-4a29-b768-9c69eea52a6f,"#N/A","#N/A",false,Web,"#N/A","#N/A",Medium,"#N/A",New,Subject_fuerh,"#N/A","#N/A","#N/A","#N/A","#N/A"
d3cb4847-5414-4ffa-86b9-3dee508d0931,"#N/A","#N/A",false,Web,"#N/A","#N/A",Medium,"#N/A",New,Subject_nefjk,"#N/A","#N/A","#N/A","#N/A","#N/A"
d3cd5727-4fa1-4742-be3a-62c65fe8247a,"#N/A","#N/A",false,Web,"#N/A","#N/A",Medium,"#N/A",New,Subject_uktzq,"#N/A","#N/A","#N/A","#N/A","#N/A"
d3cf1d29-76b7-437b-b641-80d831edf235,"#N/A","#N/A",false,Web,"#N/A","#N/A",Medium,"#N/A",New,Subject_mcckc,"#N/A","#N/A","#N/A","#N/A","#N/A"
d3d1f52f-1e10-4f0f-be2e-8eeb6d3c8540,"#N/A","#N/A",false,Web,"#N/A","#N/A",Medium,"#N/A",New,Subject_fwhvd,"#N/A","#N/A","#N/A","#N/A","#N/A"
d3d1fa79-e79c-44be-bfc5-8ce99c93b93d,"#N/A","#N/A",false,Web,"#N/A","#N/A",Medium,"#N/A",New,Subject_ybiyh,"#N/A","#N/A","#N/A","#N/A","#N/A"
d3d302d6-dab2-46dc-b8a7-3f40d2d11f55,"#N/A","#N/A",false,Web,"#N/A","#N/A",Medium,"#N/A",New,Subject_vizpq,"#N/A","#N/A","#N/A","#N/A","#N/A"
d3d55134-6a44-485d-b8f9-049b9cb952cc,"#N/A","#N/A",false,Web,"#N/A","#N/A",Medium,"#N/A",New,Subject_oqxmc,"#N/A","#N/A","#N/A","#N/A","#N/A"
d3d56676-3e27-4acf-b89c-49ae986f6614,"#N/A","#N/A",false,Web,"#N/A","#N/A",Medium,"#N/A",New,Subject_oplqw,"#N/A","#N/A","#N/A","#N/A","#N/A"
d3df5965-764e-4d5a-9d47-bbb08bb8db56,"#N/A","#N/A",false,Web,"#N/A","#N/A",Medium,"#N/A",New,Subject_fyzij,"#N/A","#N/A","#N/A","#N/A","#N/A"
d3e211eb-e943-4566-afd5-68fbef13244f,"#N/A","#N/A",false,Web,"#N/A","#N/A",Medium,"#N/A",New,Subject_sdbso,"#N/A","#N/A","#N/A","#N/A","#N/A"
d3e23a95-94d4-4649-8fd3-932e4bd0b43b,"#N/A","#N/A",false,Web,"#N/A","#N/A",Medium,"#N/A",New,Subject_fowcp,"#N/A","#N/A","#N/A","#N/A","#N/A"
d3e7a9c7-785e-4568-aad2-27b42abfefb5,"#N/A","#N/A",false,Web,"#N/A","#N/A",Medium,"#N/A",New,Subject_pjzcc,"#N/A","#N/A","#N/A","#N/A","#N/A"
d3e82d75-b57e-41bf-b2c9-782199b33cdc,"#N/A","#N/A",false,Web,"#N/A","#N/A",Medium,"#N/A",New,Subject_bnrzn,"#N/A","#N/A","#N/A","#N/A","#N/A"
d3e90f4e-b752-4ba6-bc9a-9b01f51c8eed,"#N/A","#N/A",false,Web,"#N/A","#N/A",Medium,"#N/A",New,Subject_sgqcy,"#N/A","#N/A","#N/A","#N/A","#N/A"
d3e9d4b8-dcfd-4ffe-a5f4-525dc7b9522c,"#N/A","#N/A",false,Web,"#N/A","#N/A",Medium,"#N/A",New,Subject_bhiim,"#N/A","#N/A","#N/A","#N/A","#N/A"
d3eaf502-6ded-4af7-a768-240fac94d195,"#N/A","#N/A",false,Web,"#N/A","#N/A",Medium,"#N/A",New,Subject_zbzsr,"#N/A","#N/A","#N/A","#N/A","#N/A"
d3ecfd8d-2cf4-4bb9-a2c4-7d2c8f0617e2,"#N/A","#N/A",false,Web,"#N/A","#N/A",Medium,"#N/A",New,Subject_ptafs,"#N/A","#N/A","#N/A","#N/A","#N/A"
d3ef5799-5476-4eac-a767-ff5f4099d65a,"#N/A","#N/A",false,Web,"#N/A","#N/A",Medium,"#N/A",New,Subject_mlhoa,"#N/A","#N/A","#N/A","#N/A","#N/A"
d3ef57c0-1c02-415a-95d4-e4ccf19fdc5b,"#N/A","#N/A",false,Web,"#N/A","#N/A",Medium,"#N/A",New,Subject_jqftb,"#N/A","#N/A","#N/A","#N/A","#N/A"
d3ef5da8-f3e5-4777-905d-e21974142717,"#N/A","#N/A",false,Web,"#N/A","#N/A",Medium,"#N/A",New,Subject_rjcui,"#N/A","#N/A","#N/A","#N/A","#N/A"
d3f076f9-d0ef-40e7-9805-571aaa995bb0,"#N/A","#N/A",false,Web,"#N/A","#N/A",Medium,"#N/A",New,Subject_sxnfg,"#N/A","#N/A","#N/A","#N/A","#N/A"
d3f4019d-8c0e-4197-a307-25b7e3033f59,"#N/A","#N/A",false,Web,"#N/A","#N/A",Medium,"#N/A",New,Subject_oxonu,"#N/A","#N/A","#N/A","#N/A","#N/A"
d3f4bcfc-9aac-41e9-9046-5324df94db4e,"#N/A","#N/A",false,Web,"#N/A","#N/A",Medium,"#N/A",New,Subject_dloxh,"#N/A","#N/A","#N/A","#N/A","#N/A"
d3f52119-39f9-498b-94c3-65b993afb40d,"#N/A","#N/A",false,Web,"#N/A","#N/A",Medium,"#N/A",New,Subject_uzwhv,"#N/A","#N/A","#N/A","#N/A","#N/A"
d3f76736-8c0f-4e3d-8738-43fdf983dead,"#N/A","#N/A",false,Web,"#N/A","#N/A",Medium,"#N/A",New,Subject_dpnmn,"#N/A","#N/A","#N/A","#N/A","#N/A"
d3f7bc2e-c545-482a-a66d-40d9667ee312,"#N/A","#N/A",false,Web,"#N/A","#N/A",Medium,"#N/A",New,Subject_iudso,"#N/A","#N/A","#N/A","#N/A","#N/A"
d3f985dc-9aa1-4371-a111-dd9c68a948ab,"#N/A","#N/A",false,Web,"#N/A","#N/A",Medium,"#N/A",New,Subject_zndvp,"#N/A","#N/A","#N/A","#N/A","#N/A"
d3f9a21b-9a1d-455f-98d0-971a3c4c15a9,"#N/A","#N/A",false,Web,"#N/A","#N/A",Medium,"#N/A",New,Subject_fewdp,"#N/A","#N/A","#N/A","#N/A","#N/A"
d3fb07f2-c284-4c3e-8dc7-5e95c198c1e3,"#N/A","#N/A",false,Web,"#N/A","#N/A",Medium,"#N/A",New,Subject_gtpio,"#N/A","#N/A","#N/A","#N/A","#N/A"
d3fcfc72-b50b-483d-a240-56ff46188022,"#N/A","#N/A",false,Web,"#N/A","#N/A",Medium,"#N/A",New,Subject_gfdna,"#N/A","#N/A","#N/A","#N/A","#N/A"
d3fdaca2-871d-49cc-9116-ba22eaa8b87f,"#N/A","#N/A",false,Web,"#N/A","#N/A",Medium,"#N/A",New,Subject_aehov,"#N/A","#N/A","#N/A","#N/A","#N/A"
d408f520-96fd-4c45-aab4-0bbcd66de441,"#N/A","#N/A",false,Web,"#N/A","#N/A",Medium,"#N/A",New,Subject_mljmp,"#N/A","#N/A","#N/A","#N/A","#N/A"
d40a0eb1-86b1-445a-8425-d900d19e77fd,"#N/A","#N/A",false,Web,"#N/A","#N/A",Medium,"#N/A",New,Subject_lzsvk,"#N/A","#N/A","#N/A","#N/A","#N/A"
d40fe865-e75d-4c95-bd44-3e203787741a,"#N/A","#N/A",false,Web,"#N/A","#N/A",Medium,"#N/A",New,Subject_ryidq,"#N/A","#N/A","#N/A","#N/A","#N/A"
d4103538-d141-4c02-a80f-95731f2b9d61,"#N/A","#N/A",false,Web,"#N/A","#N/A",Medium,"#N/A",New,Subject_ujfmi,"#N/A","#N/A","#N/A","#N/A","#N/A"
d4125122-a098-4817-b5c3-4c9a7af69792,"#N/A","#N/A",false,Web,"#N/A","#N/A",Medium,"#N/A",New,Subject_hccxo,"#N/A","#N/A","#N/A","#N/A","#N/A"
d4131c6a-ddea-4dfe-bf6e-0ba4bd0b038c,"#N/A","#N/A",false,Web,"#N/A","#N/A",Medium,"#N/A",New,Subject_mlhsp,"#N/A","#N/A","#N/A","#N/A","#N/A"
d4171607-b97e-4d2f-90d8-14ae6569f9d1,"#N/A","#N/A",false,Web,"#N/A","#N/A",Medium,"#N/A",New,Subject_vzdzj,"#N/A","#N/A","#N/A","#N/A","#N/A"
d418b5ef-807b-45ba-85f1-f950f3197478,"#N/A","#N/A",false,Web,"#N/A","#N/A",Medium,"#N/A",New,Subject_gtmyn,"#N/A","#N/A","#N/A","#N/A","#N/A"
d418c578-6cd1-49e0-9efc-9eacb131fc41,"#N/A","#N/A",false,Web,"#N/A","#N/A",Medium,"#N/A",New,Subject_jyqqw,"#N/A","#N/A","#N/A","#N/A","#N/A"
d41bedf2-a491-4c74-b23b-f28cc8b299cf,"#N/A","#N/A",false,Web,"#N/A","#N/A",Medium,"#N/A",New,Subject_scxpy,"#N/A","#N/A","#N/A","#N/A","#N/A"
d4263a8f-19d4-40c7-84f7-8f26b5e94d07,"#N/A","#N/A",false,Web,"#N/A","#N/A",Medium,"#N/A",New,Subject_netqy,"#N/A","#N/A","#N/A","#N/A","#N/A"
d4263fd2-6283-424b-81d1-5f60e200a8c2,"#N/A","#N/A",false,Web,"#N/A","#N/A",Medium,"#N/A",New,Subject_iuuty,"#N/A","#N/A","#N/A","#N/A","#N/A"
d429b5ef-6700-4022-8e45-30f6fb32017a,"#N/A","#N/A",false,Web,"#N/A","#N/A",Medium,"#N/A",New,Subject_lgtqh,"#N/A","#N/A","#N/A","#N/A","#N/A"
d42b3556-6b2b-47ab-8d3e-a9e21a8bfba6,"#N/A","#N/A",false,Web,"#N/A","#N/A",Medium,"#N/A",New,Subject_omcqm,"#N/A","#N/A","#N/A","#N/A","#N/A"
d42bd827-df80-4791-8c06-3da0343d2cad,"#N/A","#N/A",false,Web,"#N/A","#N/A",Medium,"#N/A",New,Subject_fxonf,"#N/A","#N/A","#N/A","#N/A","#N/A"
d42d64db-8971-4f3a-94df-c9ab2b83faf2,"#N/A","#N/A",false,Web,"#N/A","#N/A",Medium,"#N/A",New,Subject_zwqco,"#N/A","#N/A","#N/A","#N/A","#N/A"
d42fb21e-dae8-4619-b0c6-20a5205214ef,"#N/A","#N/A",false,Web,"#N/A","#N/A",Medium,"#N/A",New,Subject_ilvee,"#N/A","#N/A","#N/A","#N/A","#N/A"
d43a0992-f362-427e-87d9-e5747c74dcee,"#N/A","#N/A",false,Web,"#N/A","#N/A",Medium,"#N/A",New,Subject_xurir,"#N/A","#N/A","#N/A","#N/A","#N/A"
d43aee04-ca77-4f56-8656-3789d77d7666,"#N/A","#N/A",false,Web,"#N/A","#N/A",Medium,"#N/A",New,Subject_logun,"#N/A","#N/A","#N/A","#N/A","#N/A"
d43ddf2b-c2f4-4af4-9f16-f5d974a3725e,"#N/A","#N/A",false,Web,"#N/A","#N/A",Medium,"#N/A",New,Subject_rgcwi,"#N/A","#N/A","#N/A","#N/A","#N/A"
d43e0b2d-c681-437a-81be-08d60914fe46,"#N/A","#N/A",false,Web,"#N/A","#N/A",Medium,"#N/A",New,Subject_nqija,"#N/A","#N/A","#N/A","#N/A","#N/A"
d43f8c33-410e-4771-bfec-ebc4de347a9d,"#N/A","#N/A",false,Web,"#N/A","#N/A",Medium,"#N/A",New,Subject_zhtwb,"#N/A","#N/A","#N/A","#N/A","#N/A"
d4412bef-7b93-4699-9efc-141e2b3f9a53,"#N/A","#N/A",false,Web,"#N/A","#N/A",Medium,"#N/A",New,Subject_mferq,"#N/A","#N/A","#N/A","#N/A","#N/A"
d4425fd2-b89a-4941-9e6b-491348b70de7,"#N/A","#N/A",false,Web,"#N/A","#N/A",Medium,"#N/A",New,Subject_fqgum,"#N/A","#N/A","#N/A","#N/A","#N/A"
d4428ca2-f96d-47d4-9cb0-66c14f0fbb5d,"#N/A","#N/A",false,Web,"#N/A","#N/A",Medium,"#N/A",New,Subject_yhjok,"#N/A","#N/A","#N/A","#N/A","#N/A"
d447cb2f-a99b-4d26-a0d5-941c07ac9185,"#N/A","#N/A",false,Web,"#N/A","#N/A",Medium,"#N/A",New,Subject_fvtyj,"#N/A","#N/A","#N/A","#N/A","#N/A"
d44ba8de-3e1f-4f56-9cc5-e4789b5abbf1,"#N/A","#N/A",false,Web,"#N/A","#N/A",Medium,"#N/A",New,Subject_nmrow,"#N/A","#N/A","#N/A","#N/A","#N/A"
d450cded-5981-4dd9-bdd9-3626e3ecfebf,"#N/A","#N/A",false,Web,"#N/A","#N/A",Medium,"#N/A",New,Subject_bmcpx,"#N/A","#N/A","#N/A","#N/A","#N/A"
d459c1ae-b573-4ca8-89d1-159d4a640205,"#N/A","#N/A",false,Web,"#N/A","#N/A",Medium,"#N/A",New,Subject_ruyum,"#N/A","#N/A","#N/A","#N/A","#N/A"
d459d4ee-9fb3-4b61-9633-c20fdfbea34d,"#N/A","#N/A",false,Web,"#N/A","#N/A",Medium,"#N/A",New,Subject_ftwcn,"#N/A","#N/A","#N/A","#N/A","#N/A"
d45f41e2-3aa1-4435-a36d-037b937418e5,"#N/A","#N/A",false,Web,"#N/A","#N/A",Medium,"#N/A",New,Subject_wfxxl,"#N/A","#N/A","#N/A","#N/A","#N/A"
d4629bcd-cb9a-44af-95a2-8faac2668621,"#N/A","#N/A",false,Web,"#N/A","#N/A",Medium,"#N/A",New,Subject_qizgy,"#N/A","#N/A","#N/A","#N/A","#N/A"
d462ce23-8cbc-4aa6-8150-fe975b9a9f95,"#N/A","#N/A",false,Web,"#N/A","#N/A",Medium,"#N/A",New,Subject_rdnwd,"#N/A","#N/A","#N/A","#N/A","#N/A"
d462f096-e765-44b2-853d-8409e9be58cf,"#N/A","#N/A",false,Web,"#N/A","#N/A",Medium,"#N/A",New,Subject_vxrqk,"#N/A","#N/A","#N/A","#N/A","#N/A"
d465b08e-465d-4886-b1f7-6bea2709b97e,"#N/A","#N/A",false,Web,"#N/A","#N/A",Medium,"#N/A",New,Subject_fmzvf,"#N/A","#N/A","#N/A","#N/A","#N/A"
d468faf6-7ce7-4092-8e55-356cd0be8cbd,"#N/A","#N/A",false,Web,"#N/A","#N/A",Medium,"#N/A",New,Subject_zaity,"#N/A","#N/A","#N/A","#N/A","#N/A"
d46a62b6-800b-4bd2-864f-edd9bc37f176,"#N/A","#N/A",false,Web,"#N/A","#N/A",Medium,"#N/A",New,Subject_cbbmq,"#N/A","#N/A","#N/A","#N/A","#N/A"
d46c3f22-6cbb-44c1-8a9a-4f873f1921c2,"#N/A","#N/A",false,Web,"#N/A","#N/A",Medium,"#N/A",New,Subject_orlue,"#N/A","#N/A","#N/A","#N/A","#N/A"
d4724068-29a8-4b83-b7bc-975798b66149,"#N/A","#N/A",false,Web,"#N/A","#N/A",Medium,"#N/A",New,Subject_ieoua,"#N/A","#N/A","#N/A","#N/A","#N/A"
d473a58e-3ce0-4450-b9fa-12054f81dd29,"#N/A","#N/A",false,Web,"#N/A","#N/A",Medium,"#N/A",New,Subject_ixltt,"#N/A","#N/A","#N/A","#N/A","#N/A"
d473f164-8094-45c5-8dc5-251bf92a05db,"#N/A","#N/A",false,Web,"#N/A","#N/A",Medium,"#N/A",New,Subject_zcexe,"#N/A","#N/A","#N/A","#N/A","#N/A"
d4748090-f270-4c15-ba94-4fe23ed19c10,"#N/A","#N/A",false,Web,"#N/A","#N/A",Medium,"#N/A",New,Subject_dnzoz,"#N/A","#N/A","#N/A","#N/A","#N/A"
d4752464-b1f9-4379-a1da-72364b96446f,"#N/A","#N/A",false,Web,"#N/A","#N/A",Medium,"#N/A",New,Subject_kffxd,"#N/A","#N/A","#N/A","#N/A","#N/A"
d47b07b4-3866-473e-b5e0-20fe5ea321f5,"#N/A","#N/A",false,Web,"#N/A","#N/A",Medium,"#N/A",New,Subject_snlhk,"#N/A","#N/A","#N/A","#N/A","#N/A"
d47c19dd-c80f-4b6e-bd2c-4356898dec05,"#N/A","#N/A",false,Web,"#N/A","#N/A",Medium,"#N/A",New,Subject_wyynm,"#N/A","#N/A","#N/A","#N/A","#N/A"
d47ccd79-1846-4bc8-aa33-4403afa35d7a,"#N/A","#N/A",false,Web,"#N/A","#N/A",Medium,"#N/A",New,Subject_xenba,"#N/A","#N/A","#N/A","#N/A","#N/A"
d480383a-e3ef-4f30-98b3-45f39ef90c9e,"#N/A","#N/A",false,Web,"#N/A","#N/A",Medium,"#N/A",New,Subject_omdtd,"#N/A","#N/A","#N/A","#N/A","#N/A"
d4831a69-16e2-4436-974d-9a6bffc68401,"#N/A","#N/A",false,Web,"#N/A","#N/A",Medium,"#N/A",New,Subject_riuan,"#N/A","#N/A","#N/A","#N/A","#N/A"
d48cc19a-682d-4e7d-a334-5e8cb8060e6e,"#N/A","#N/A",false,Web,"#N/A","#N/A",Medium,"#N/A",New,Subject_eexlm,"#N/A","#N/A","#N/A","#N/A","#N/A"
d48d8686-345e-4b02-a6cc-320f31033db6,"#N/A","#N/A",false,Web,"#N/A","#N/A",Medium,"#N/A",New,Subject_somme,"#N/A","#N/A","#N/A","#N/A","#N/A"
d491229b-6ae5-450a-83e5-dcda52159d4e,"#N/A","#N/A",false,Web,"#N/A","#N/A",Medium,"#N/A",New,Subject_jnzci,"#N/A","#N/A","#N/A","#N/A","#N/A"
d493f8d0-3e2e-482d-bcfb-f9f3ac402c69,"#N/A","#N/A",false,Web,"#N/A","#N/A",Medium,"#N/A",New,Subject_pwzaj,"#N/A","#N/A","#N/A","#N/A","#N/A"
d494051f-2170-4485-adce-8bb283875f56,"#N/A","#N/A",false,Web,"#N/A","#N/A",Medium,"#N/A",New,Subject_asrmk,"#N/A","#N/A","#N/A","#N/A","#N/A"
d495d964-a235-4171-bdd4-d38e39312570,"#N/A","#N/A",false,Web,"#N/A","#N/A",Medium,"#N/A",New,Subject_uytuu,"#N/A","#N/A","#N/A","#N/A","#N/A"
d4991054-5fc8-4173-955e-fedaa9eca52c,"#N/A","#N/A",false,Web,"#N/A","#N/A",Medium,"#N/A",New,Subject_crcta,"#N/A","#N/A","#N/A","#N/A","#N/A"
d49926a9-9be6-4e5b-999a-45678dbd5d3e,"#N/A","#N/A",false,Web,"#N/A","#N/A",Medium,"#N/A",New,Subject_zrvpu,"#N/A","#N/A","#N/A","#N/A","#N/A"
d49e71e1-509a-4d53-bfc3-9bc84ea7c957,"#N/A","#N/A",false,Web,"#N/A","#N/A",Medium,"#N/A",New,Subject_mwkqb,"#N/A","#N/A","#N/A","#N/A","#N/A"
d4a09cbc-83b6-4f40-aadb-4a53fb74ab1a,"#N/A","#N/A",false,Web,"#N/A","#N/A",Medium,"#N/A",New,Subject_tcmbf,"#N/A","#N/A","#N/A","#N/A","#N/A"
d4a1edda-6faf-4ae4-a8df-50b252b82fb6,"#N/A","#N/A",false,Web,"#N/A","#N/A",Medium,"#N/A",New,Subject_fesja,"#N/A","#N/A","#N/A","#N/A","#N/A"
d4a2af3b-1e95-4263-b161-78811dfcb4eb,"#N/A","#N/A",false,Web,"#N/A","#N/A",Medium,"#N/A",New,Subject_gqfts,"#N/A","#N/A","#N/A","#N/A","#N/A"
d4a3ddc1-3b5a-4608-bd36-d992987d10cc,"#N/A","#N/A",false,Web,"#N/A","#N/A",Medium,"#N/A",New,Subject_xsksp,"#N/A","#N/A","#N/A","#N/A","#N/A"
d4a3ec24-c7ad-40fc-97af-60696601a7a0,"#N/A","#N/A",false,Web,"#N/A","#N/A",Medium,"#N/A",New,Subject_ptjkw,"#N/A","#N/A","#N/A","#N/A","#N/A"
d4a5616e-1d3d-4633-a606-8d81dee1f341,"#N/A","#N/A",false,Web,"#N/A","#N/A",Medium,"#N/A",New,Subject_suxfz,"#N/A","#N/A","#N/A","#N/A","#N/A"
d4aa0e23-db5a-428d-b0cd-69d5513aad50,"#N/A","#N/A",false,Web,"#N/A","#N/A",Medium,"#N/A",New,Subject_rcrso,"#N/A","#N/A","#N/A","#N/A","#N/A"
d4ab5800-300f-490a-b009-8fd78672d5ef,"#N/A","#N/A",false,Web,"#N/A","#N/A",Medium,"#N/A",New,Subject_zdora,"#N/A","#N/A","#N/A","#N/A","#N/A"
d4af536b-48bf-40bf-b65e-0a4c0fa654eb,"#N/A","#N/A",false,Web,"#N/A","#N/A",Medium,"#N/A",New,Subject_thwdr,"#N/A","#N/A","#N/A","#N/A","#N/A"
d4beb6e7-2a16-4559-85d2-d079b093c4c3,"#N/A","#N/A",false,Web,"#N/A","#N/A",Medium,"#N/A",New,Subject_hukdm,"#N/A","#N/A","#N/A","#N/A","#N/A"
d4c1c9cc-f756-472c-98ed-c758a512b997,"#N/A","#N/A",false,Web,"#N/A","#N/A",Medium,"#N/A",New,Subject_vwnjm,"#N/A","#N/A","#N/A","#N/A","#N/A"
d4c3ca6f-a017-44fa-a366-dc12c6f972f4,"#N/A","#N/A",false,Web,"#N/A","#N/A",Medium,"#N/A",New,Subject_feknb,"#N/A","#N/A","#N/A","#N/A","#N/A"
d4c50553-8c12-4f28-9050-0fbe52cf4e4b,"#N/A","#N/A",false,Web,"#N/A","#N/A",Medium,"#N/A",New,Subject_fuonj,"#N/A","#N/A","#N/A","#N/A","#N/A"
d4ccf183-359a-457e-a50b-e7a5ee67b523,"#N/A","#N/A",false,Web,"#N/A","#N/A",Medium,"#N/A",New,Subject_ngrti,"#N/A","#N/A","#N/A","#N/A","#N/A"
d4cd2546-d6c5-49f4-aaa3-f3605c655997,"#N/A","#N/A",false,Web,"#N/A","#N/A",Medium,"#N/A",New,Subject_gydxs,"#N/A","#N/A","#N/A","#N/A","#N/A"
d4ce4cfa-ad30-471b-8945-5204cae0eb3f,"#N/A","#N/A",false,Web,"#N/A","#N/A",Medium,"#N/A",New,Subject_wlrao,"#N/A","#N/A","#N/A","#N/A","#N/A"
d4d525ac-6e5b-4a82-bea5-2946679a27bb,"#N/A","#N/A",false,Web,"#N/A","#N/A",Medium,"#N/A",New,Subject_putqx,"#N/A","#N/A","#N/A","#N/A","#N/A"
d4d6fb46-a44b-482f-8e9d-43ec96914ce5,"#N/A","#N/A",false,Web,"#N/A","#N/A",Medium,"#N/A",New,Subject_nfpyh,"#N/A","#N/A","#N/A","#N/A","#N/A"
d4d857ba-4489-4da6-b471-512dcf6dd004,"#N/A","#N/A",false,Web,"#N/A","#N/A",Medium,"#N/A",New,Subject_tmuts,"#N/A","#N/A","#N/A","#N/A","#N/A"
d4da469f-754a-4225-9c00-283e6e4c6946,"#N/A","#N/A",false,Web,"#N/A","#N/A",Medium,"#N/A",New,Subject_baehm,"#N/A","#N/A","#N/A","#N/A","#N/A"
d4da62ff-c74e-488b-b056-17919dc50349,"#N/A","#N/A",false,Web,"#N/A","#N/A",Medium,"#N/A",New,Subject_dakec,"#N/A","#N/A","#N/A","#N/A","#N/A"
d4ddbef2-8921-4ac4-a0d6-98ebb73a43c3,"#N/A","#N/A",false,Web,"#N/A","#N/A",Medium,"#N/A",New,Subject_qcfkc,"#N/A","#N/A","#N/A","#N/A","#N/A"
d4de0b2e-8205-47e6-b754-ee0fe5900e64,"#N/A","#N/A",false,Web,"#N/A","#N/A",Medium,"#N/A",New,Subject_wnfly,"#N/A","#N/A","#N/A","#N/A","#N/A"
d4df4b1e-23d0-4fb8-bad2-8b3e59fbc6c4,"#N/A","#N/A",false,Web,"#N/A","#N/A",Medium,"#N/A",New,Subject_qbpvs,"#N/A","#N/A","#N/A","#N/A","#N/A"
d4e4f443-ede3-4d10-a448-664c55385f8b,"#N/A","#N/A",false,Web,"#N/A","#N/A",Medium,"#N/A",New,Subject_tztuz,"#N/A","#N/A","#N/A","#N/A","#N/A"
d4e7cc48-237b-4cb2-b903-c3566a3de3fa,"#N/A","#N/A",false,Web,"#N/A","#N/A",Medium,"#N/A",New,Subject_hmbpm,"#N/A","#N/A","#N/A","#N/A","#N/A"
d4e919ab-ba67-4d18-a56d-686c9d1d3412,"#N/A","#N/A",false,Web,"#N/A","#N/A",Medium,"#N/A",New,Subject_nqnwl,"#N/A","#N/A","#N/A","#N/A","#N/A"
d4f2d35b-507a-4892-addd-f8ebb63ce7fe,"#N/A","#N/A",false,Web,"#N/A","#N/A",Medium,"#N/A",New,Subject_ozrxr,"#N/A","#N/A","#N/A","#N/A","#N/A"
d4f31b2a-1f70-4260-a3c4-213520aa9b20,"#N/A","#N/A",false,Web,"#N/A","#N/A",Medium,"#N/A",New,Subject_jnqus,"#N/A","#N/A","#N/A","#N/A","#N/A"
d4f75bd3-ed8e-485e-b8f5-83ebdc739980,"#N/A","#N/A",false,Web,"#N/A","#N/A",Medium,"#N/A",New,Subject_uelrt,"#N/A","#N/A","#N/A","#N/A","#N/A"
d4fcc4c6-9551-4b9e-bde2-12f875e4555d,"#N/A","#N/A",false,Web,"#N/A","#N/A",Medium,"#N/A",New,Subject_qtcei,"#N/A","#N/A","#N/A","#N/A","#N/A"
d500b512-056b-457d-9582-5e004481d1e5,"#N/A","#N/A",false,Web,"#N/A","#N/A",Medium,"#N/A",New,Subject_mxxty,"#N/A","#N/A","#N/A","#N/A","#N/A"
d5014c4e-7785-4ee4-b499-84eb1791e832,"#N/A","#N/A",false,Web,"#N/A","#N/A",Medium,"#N/A",New,Subject_ncgoc,"#N/A","#N/A","#N/A","#N/A","#N/A"
d5068332-a0fa-4f2c-985c-6eeda6148d57,"#N/A","#N/A",false,Web,"#N/A","#N/A",Medium,"#N/A",New,Subject_motze,"#N/A","#N/A","#N/A","#N/A","#N/A"
d508b7bc-5ee4-433a-95a2-99d04ac0c20e,"#N/A","#N/A",false,Web,"#N/A","#N/A",Medium,"#N/A",New,Subject_uclcc,"#N/A","#N/A","#N/A","#N/A","#N/A"
d50d2163-acb1-4e30-94a3-5ebfee094663,"#N/A","#N/A",false,Web,"#N/A","#N/A",Medium,"#N/A",New,Subject_qxqfq,"#N/A","#N/A","#N/A","#N/A","#N/A"
d50d98f3-0660-43d9-b640-a06f4c0136c2,"#N/A","#N/A",false,Web,"#N/A","#N/A",Medium,"#N/A",New,Subject_oprat,"#N/A","#N/A","#N/A","#N/A","#N/A"
d512e628-2db1-4db9-acb9-70b8d517059f,"#N/A","#N/A",false,Web,"#N/A","#N/A",Medium,"#N/A",New,Subject_tpuve,"#N/A","#N/A","#N/A","#N/A","#N/A"
d512ee52-573d-416e-98ea-fed812781c90,"#N/A","#N/A",false,Web,"#N/A","#N/A",Medium,"#N/A",New,Subject_cnxot,"#N/A","#N/A","#N/A","#N/A","#N/A"
d5187cb3-2dfc-42c6-91cf-dfc67d8c7938,"#N/A","#N/A",false,Web,"#N/A","#N/A",Medium,"#N/A",New,Subject_zxgur,"#N/A","#N/A","#N/A","#N/A","#N/A"
d518e886-24fa-4426-accc-62ad62aaa9c0,"#N/A","#N/A",false,Web,"#N/A","#N/A",Medium,"#N/A",New,Subject_kpvws,"#N/A","#N/A","#N/A","#N/A","#N/A"
d51abacb-1c6e-4409-b098-8baa63562a79,"#N/A","#N/A",false,Web,"#N/A","#N/A",Medium,"#N/A",New,Subject_kwcog,"#N/A","#N/A","#N/A","#N/A","#N/A"
d51d84cb-e6c6-4a59-86d6-53038b06d054,"#N/A","#N/A",false,Web,"#N/A","#N/A",Medium,"#N/A",New,Subject_fldiu,"#N/A","#N/A","#N/A","#N/A","#N/A"
d525656c-01f0-4a8c-b9c2-eb10196fdeb6,"#N/A","#N/A",false,Web,"#N/A","#N/A",Medium,"#N/A",New,Subject_xgzor,"#N/A","#N/A","#N/A","#N/A","#N/A"
d529693b-ed35-4dff-975a-af1a24a85db3,"#N/A","#N/A",false,Web,"#N/A","#N/A",Medium,"#N/A",New,Subject_ltufq,"#N/A","#N/A","#N/A","#N/A","#N/A"
d52f1532-6dce-4047-8e6d-9d1a2a3edcfa,"#N/A","#N/A",false,Web,"#N/A","#N/A",Medium,"#N/A",New,Subject_evuht,"#N/A","#N/A","#N/A","#N/A","#N/A"
d52f28f9-3e4a-4c5d-8f74-4cfd84ccff89,"#N/A","#N/A",false,Web,"#N/A","#N/A",Medium,"#N/A",New,Subject_nlnxl,"#N/A","#N/A","#N/A","#N/A","#N/A"
d536425f-0946-43ed-9aa7-e673691cdae7,"#N/A","#N/A",false,Web,"#N/A","#N/A",Medium,"#N/A",New,Subject_nfyff,"#N/A","#N/A","#N/A","#N/A","#N/A"
d53735cb-6f0e-40fb-b8e0-77c49bcc594d,"#N/A","#N/A",false,Web,"#N/A","#N/A",Medium,"#N/A",New,Subject_cdzjk,"#N/A","#N/A","#N/A","#N/A","#N/A"
d5395333-dfa3-42ce-a900-19be25056673,"#N/A","#N/A",false,Web,"#N/A","#N/A",Medium,"#N/A",New,Subject_hwpvv,"#N/A","#N/A","#N/A","#N/A","#N/A"
d54c6d81-3c3a-40e1-9e71-45bd56f167de,"#N/A","#N/A",false,Web,"#N/A","#N/A",Medium,"#N/A",New,Subject_poije,"#N/A","#N/A","#N/A","#N/A","#N/A"
d54cca02-7311-49ba-b8d2-0cb03b90eb6b,"#N/A","#N/A",false,Web,"#N/A","#N/A",Medium,"#N/A",New,Subject_znzwt,"#N/A","#N/A","#N/A","#N/A","#N/A"
d54d550e-a8f8-4941-9e9f-c93d0c0cfc03,"#N/A","#N/A",false,Web,"#N/A","#N/A",Medium,"#N/A",New,Subject_ksmca,"#N/A","#N/A","#N/A","#N/A","#N/A"
d55498f8-6f76-4e1a-a6da-75170dc89086,"#N/A","#N/A",false,Web,"#N/A","#N/A",Medium,"#N/A",New,Subject_xwhgc,"#N/A","#N/A","#N/A","#N/A","#N/A"
d5577013-5073-4bdd-b1c6-21309bdc18a4,"#N/A","#N/A",false,Web,"#N/A","#N/A",Medium,"#N/A",New,Subject_udoii,"#N/A","#N/A","#N/A","#N/A","#N/A"
d5592768-e99c-4327-8873-949fc8c207c9,"#N/A","#N/A",false,Web,"#N/A","#N/A",Medium,"#N/A",New,Subject_puhnl,"#N/A","#N/A","#N/A","#N/A","#N/A"
d5596641-fbb2-4e9b-968b-d7bb4166d5d6,"#N/A","#N/A",false,Web,"#N/A","#N/A",Medium,"#N/A",New,Subject_tueqy,"#N/A","#N/A","#N/A","#N/A","#N/A"
d55bfbb8-1a55-4363-86e3-e9afabc6ea1a,"#N/A","#N/A",false,Web,"#N/A","#N/A",Medium,"#N/A",New,Subject_npfnc,"#N/A","#N/A","#N/A","#N/A","#N/A"
d55d67de-9d49-431a-a3ff-580364dba68e,"#N/A","#N/A",false,Web,"#N/A","#N/A",Medium,"#N/A",New,Subject_htgua,"#N/A","#N/A","#N/A","#N/A","#N/A"
d560bd84-9cab-4374-8a28-fb6f690665a6,"#N/A","#N/A",false,Web,"#N/A","#N/A",Medium,"#N/A",New,Subject_opgxo,"#N/A","#N/A","#N/A","#N/A","#N/A"
d561aefa-48cb-4507-a570-c7f34ca38c4e,"#N/A","#N/A",false,Web,"#N/A","#N/A",Medium,"#N/A",New,Subject_rfrks,"#N/A","#N/A","#N/A","#N/A","#N/A"
d5639b8f-34cb-4595-981c-e10fc515a943,"#N/A","#N/A",false,Web,"#N/A","#N/A",Medium,"#N/A",New,Subject_pwywp,"#N/A","#N/A","#N/A","#N/A","#N/A"
d576bb5f-bdb6-4d32-b590-c94bb5e302f6,"#N/A","#N/A",false,Web,"#N/A","#N/A",Medium,"#N/A",New,Subject_vfxxc,"#N/A","#N/A","#N/A","#N/A","#N/A"
d57ba5ad-f63a-4c1a-9ac0-6a9169cfbe34,"#N/A","#N/A",false,Web,"#N/A","#N/A",Medium,"#N/A",New,Subject_qesci,"#N/A","#N/A","#N/A","#N/A","#N/A"
d57cd24a-d38e-4cee-bcdf-018158603311,"#N/A","#N/A",false,Web,"#N/A","#N/A",Medium,"#N/A",New,Subject_xqpqj,"#N/A","#N/A","#N/A","#N/A","#N/A"
d5806959-5383-48fe-a908-1b125cce0b8d,"#N/A","#N/A",false,Web,"#N/A","#N/A",Medium,"#N/A",New,Subject_yifdi,"#N/A","#N/A","#N/A","#N/A","#N/A"
d5834c8a-1338-4db6-aa4e-b99128d76bf4,"#N/A","#N/A",false,Web,"#N/A","#N/A",Medium,"#N/A",New,Subject_vprif,"#N/A","#N/A","#N/A","#N/A","#N/A"
d583e1d1-09a0-40de-9ff8-14913378dbe2,"#N/A","#N/A",false,Web,"#N/A","#N/A",Medium,"#N/A",New,Subject_iopyf,"#N/A","#N/A","#N/A","#N/A","#N/A"
d58480af-8492-489d-86ee-3781ecf96558,"#N/A","#N/A",false,Web,"#N/A","#N/A",Medium,"#N/A",New,Subject_lbwna,"#N/A","#N/A","#N/A","#N/A","#N/A"
d587281f-32a4-4a2a-9cc9-6f2c9a8fc364,"#N/A","#N/A",false,Web,"#N/A","#N/A",Medium,"#N/A",New,Subject_sorip,"#N/A","#N/A","#N/A","#N/A","#N/A"
d588503c-156f-4b76-a24d-0f57c3ae7d5c,"#N/A","#N/A",false,Web,"#N/A","#N/A",Medium,"#N/A",New,Subject_cnqte,"#N/A","#N/A","#N/A","#N/A","#N/A"
d58a79d5-6ed6-474b-846f-296129336d9b,"#N/A","#N/A",false,Web,"#N/A","#N/A",Medium,"#N/A",New,Subject_ecmzq,"#N/A","#N/A","#N/A","#N/A","#N/A"
d58a9549-91a3-4966-83e5-5a781d52cc86,"#N/A","#N/A",false,Web,"#N/A","#N/A",Medium,"#N/A",New,Subject_jhndt,"#N/A","#N/A","#N/A","#N/A","#N/A"
d58e2e5e-ea80-4733-9e80-fc5f9abb8c74,"#N/A","#N/A",false,Web,"#N/A","#N/A",Medium,"#N/A",New,Subject_kdbfg,"#N/A","#N/A","#N/A","#N/A","#N/A"
d58ee1fa-4277-45ef-8461-9c1d535f7ec5,"#N/A","#N/A",false,Web,"#N/A","#N/A",Medium,"#N/A",New,Subject_qpprn,"#N/A","#N/A","#N/A","#N/A","#N/A"
d58fde45-1358-485f-9c46-d2579f4337b4,"#N/A","#N/A",false,Web,"#N/A","#N/A",Medium,"#N/A",New,Subject_rujss,"#N/A","#N/A","#N/A","#N/A","#N/A"
d595fa88-da51-4ee8-ab67-306bb4e9abdb,"#N/A","#N/A",false,Web,"#N/A","#N/A",Medium,"#N/A",New,Subject_zzsev,"#N/A","#N/A","#N/A","#N/A","#N/A"
d59d9b81-3edc-4481-8554-f43fc82869cb,"#N/A","#N/A",false,Web,"#N/A","#N/A",Medium,"#N/A",New,Subject_gwofj,"#N/A","#N/A","#N/A","#N/A","#N/A"
d59e9824-9617-485d-8cf6-d278336fa875,"#N/A","#N/A",false,Web,"#N/A","#N/A",Medium,"#N/A",New,Subject_etvcd,"#N/A","#N/A","#N/A","#N/A","#N/A"
d59ffabb-fc7e-4a4c-88e8-f240a5f2b1cc,"#N/A","#N/A",false,Web,"#N/A","#N/A",Medium,"#N/A",New,Subject_oukoo,"#N/A","#N/A","#N/A","#N/A","#N/A"
d5a44ff5-0b9a-41ff-ac8b-c33205aaa1bd,"#N/A","#N/A",false,Web,"#N/A","#N/A",Medium,"#N/A",New,Subject_qutkt,"#N/A","#N/A","#N/A","#N/A","#N/A"
d5a571fc-2e92-4bb7-a640-5cfce1c49089,"#N/A","#N/A",false,Web,"#N/A","#N/A",Medium,"#N/A",New,Subject_rcywm,"#N/A","#N/A","#N/A","#N/A","#N/A"
d5a5b8fd-562e-444d-acff-9d5e36a65330,"#N/A","#N/A",false,Web,"#N/A","#N/A",Medium,"#N/A",New,Subject_erxxd,"#N/A","#N/A","#N/A","#N/A","#N/A"
d5abd807-01a1-4faf-8772-32e7a0ccab2d,"#N/A","#N/A",false,Web,"#N/A","#N/A",Medium,"#N/A",New,Subject_bruqj,"#N/A","#N/A","#N/A","#N/A","#N/A"
d5af1835-46b8-448b-889a-82424579a43d,"#N/A","#N/A",false,Web,"#N/A","#N/A",Medium,"#N/A",New,Subject_fyjmn,"#N/A","#N/A","#N/A","#N/A","#N/A"
d5b03306-33cc-4a90-b8c4-1df4f622699f,"#N/A","#N/A",false,Web,"#N/A","#N/A",Medium,"#N/A",New,Subject_ddzjj,"#N/A","#N/A","#N/A","#N/A","#N/A"
d5b039e4-2b75-49c6-af14-91d3a569e8ec,"#N/A","#N/A",false,Web,"#N/A","#N/A",Medium,"#N/A",New,Subject_yrhhi,"#N/A","#N/A","#N/A","#N/A","#N/A"
d5b070b1-c339-4331-af22-d862c59e3c2c,"#N/A","#N/A",false,Web,"#N/A","#N/A",Medium,"#N/A",New,Subject_hrqgh,"#N/A","#N/A","#N/A","#N/A","#N/A"
d5b077d3-0e21-46ea-ba10-5dba36f3b817,"#N/A","#N/A",false,Web,"#N/A","#N/A",Medium,"#N/A",New,Subject_omlzq,"#N/A","#N/A","#N/A","#N/A","#N/A"
d5b8be50-0baf-464a-a80f-cdabe852951e,"#N/A","#N/A",false,Web,"#N/A","#N/A",Medium,"#N/A",New,Subject_kkznb,"#N/A","#N/A","#N/A","#N/A","#N/A"
d5b9407c-2eff-41f8-98d0-cf840882d096,"#N/A","#N/A",false,Web,"#N/A","#N/A",Medium,"#N/A",New,Subject_rsaxq,"#N/A","#N/A","#N/A","#N/A","#N/A"
d5bc8043-cb92-4062-97ee-bd2de0d8dac7,"#N/A","#N/A",false,Web,"#N/A","#N/A",Medium,"#N/A",New,Subject_mhrsi,"#N/A","#N/A","#N/A","#N/A","#N/A"
d5bf2480-52de-49f6-b63e-95513d1be61c,"#N/A","#N/A",false,Web,"#N/A","#N/A",Medium,"#N/A",New,Subject_erzpg,"#N/A","#N/A","#N/A","#N/A","#N/A"
d5bf6801-33b3-41f3-812f-e233118ae8b8,"#N/A","#N/A",false,Web,"#N/A","#N/A",Medium,"#N/A",New,Subject_sqivt,"#N/A","#N/A","#N/A","#N/A","#N/A"
d5c2defa-18b4-4c26-90cc-575fe3503d47,"#N/A","#N/A",false,Web,"#N/A","#N/A",Medium,"#N/A",New,Subject_xzoaa,"#N/A","#N/A","#N/A","#N/A","#N/A"
d5c339c1-d411-4f60-99c9-a270d665fa3b,"#N/A","#N/A",false,Web,"#N/A","#N/A",Medium,"#N/A",New,Subject_fwxqh,"#N/A","#N/A","#N/A","#N/A","#N/A"
d5c7fd15-9879-478b-8375-a0d116cdc8f8,"#N/A","#N/A",false,Web,"#N/A","#N/A",Medium,"#N/A",New,Subject_jsawe,"#N/A","#N/A","#N/A","#N/A","#N/A"
d5c97608-3ab1-456a-9d6d-f794c7d40903,"#N/A","#N/A",false,Web,"#N/A","#N/A",Medium,"#N/A",New,Subject_ptvpv,"#N/A","#N/A","#N/A","#N/A","#N/A"
d5cbbc12-8ed9-46ca-b9a1-29302e2d9337,"#N/A","#N/A",false,Web,"#N/A","#N/A",Medium,"#N/A",New,Subject_xelfz,"#N/A","#N/A","#N/A","#N/A","#N/A"
d5d2cf1b-aea2-4a12-9a8e-cb31566d3650,"#N/A","#N/A",false,Web,"#N/A","#N/A",Medium,"#N/A",New,Subject_ojtur,"#N/A","#N/A","#N/A","#N/A","#N/A"
d5d44b6a-d1cc-464b-bcae-50e506deecac,"#N/A","#N/A",false,Web,"#N/A","#N/A",Medium,"#N/A",New,Subject_lnqxn,"#N/A","#N/A","#N/A","#N/A","#N/A"
d5d4b308-0f14-4597-9c24-79543cdbf602,"#N/A","#N/A",false,Web,"#N/A","#N/A",Medium,"#N/A",New,Subject_ikxzf,"#N/A","#N/A","#N/A","#N/A","#N/A"
d5d63152-8b71-4e3f-b51e-6a83c2b2c866,"#N/A","#N/A",false,Web,"#N/A","#N/A",Medium,"#N/A",New,Subject_owmry,"#N/A","#N/A","#N/A","#N/A","#N/A"
d5ddda95-296e-41bb-8c7c-16aa81fa2a04,"#N/A","#N/A",false,Web,"#N/A","#N/A",Medium,"#N/A",New,Subject_kgaij,"#N/A","#N/A","#N/A","#N/A","#N/A"
d5e37e80-7b1e-44fa-bd64-e62ed9a90a6e,"#N/A","#N/A",false,Web,"#N/A","#N/A",Medium,"#N/A",New,Subject_uatlr,"#N/A","#N/A","#N/A","#N/A","#N/A"
d5e4851f-4f83-4479-bed3-0862d4cf324d,"#N/A","#N/A",false,Web,"#N/A","#N/A",Medium,"#N/A",New,Subject_vxzor,"#N/A","#N/A","#N/A","#N/A","#N/A"
d5e48a5e-978a-4a62-a7ee-d69b862c9929,"#N/A","#N/A",false,Web,"#N/A","#N/A",Medium,"#N/A",New,Subject_cuqfl,"#N/A","#N/A","#N/A","#N/A","#N/A"
d5e4da3a-e2d2-487d-8920-3c70c2023fbe,"#N/A","#N/A",false,Web,"#N/A","#N/A",Medium,"#N/A",New,Subject_smrkl,"#N/A","#N/A","#N/A","#N/A","#N/A"
d5e75f76-c74a-4f31-a2ad-46aca787f90f,"#N/A","#N/A",false,Web,"#N/A","#N/A",Medium,"#N/A",New,Subject_fmkef,"#N/A","#N/A","#N/A","#N/A","#N/A"
d5e84457-af42-40e0-9d8c-222aec3f2cda,"#N/A","#N/A",false,Web,"#N/A","#N/A",Medium,"#N/A",New,Subject_hxpju,"#N/A","#N/A","#N/A","#N/A","#N/A"
d5e9261e-b50e-4b23-b28d-fe3ab2b410b0,"#N/A","#N/A",false,Web,"#N/A","#N/A",Medium,"#N/A",New,Subject_uucqh,"#N/A","#N/A","#N/A","#N/A","#N/A"
d5e9e0a6-f2f4-4e84-a23b-5f117ec5fc34,"#N/A","#N/A",false,Web,"#N/A","#N/A",Medium,"#N/A",New,Subject_smxdb,"#N/A","#N/A","#N/A","#N/A","#N/A"
d5f1db3b-df48-4e03-8392-48a1eebdc64b,"#N/A","#N/A",false,Web,"#N/A","#N/A",Medium,"#N/A",New,Subject_cnodz,"#N/A","#N/A","#N/A","#N/A","#N/A"
d5f63e2d-9dae-406a-9077-4dbe990da237,"#N/A","#N/A",false,Web,"#N/A","#N/A",Medium,"#N/A",New,Subject_gxlzm,"#N/A","#N/A","#N/A","#N/A","#N/A"
d5f6887d-3899-4b41-bbbb-5862d8aa0b48,"#N/A","#N/A",false,Web,"#N/A","#N/A",Medium,"#N/A",New,Subject_jfdbg,"#N/A","#N/A","#N/A","#N/A","#N/A"
d5f7d9a5-0a19-452b-80aa-3f088bf722ec,"#N/A","#N/A",false,Web,"#N/A","#N/A",Medium,"#N/A",New,Subject_gayjq,"#N/A","#N/A","#N/A","#N/A","#N/A"
d5f9b48e-a22e-4d14-9fd0-717318a15818,"#N/A","#N/A",false,Web,"#N/A","#N/A",Medium,"#N/A",New,Subject_frcfo,"#N/A","#N/A","#N/A","#N/A","#N/A"
d603820b-83cf-43c4-a08d-0ed1c4432c66,"#N/A","#N/A",false,Web,"#N/A","#N/A",Medium,"#N/A",New,Subject_myaky,"#N/A","#N/A","#N/A","#N/A","#N/A"
d605a43d-279f-4a08-9a65-76b89019e263,"#N/A","#N/A",false,Web,"#N/A","#N/A",Medium,"#N/A",New,Subject_eqnpu,"#N/A","#N/A","#N/A","#N/A","#N/A"
d606f2ed-d46b-4f72-bd1a-af8789473332,"#N/A","#N/A",false,Web,"#N/A","#N/A",Medium,"#N/A",New,Subject_oqykb,"#N/A","#N/A","#N/A","#N/A","#N/A"
d60c5605-9383-40e8-9eef-5ab2a9cda043,"#N/A","#N/A",false,Web,"#N/A","#N/A",Medium,"#N/A",New,Subject_mcvqo,"#N/A","#N/A","#N/A","#N/A","#N/A"
d60f63a7-82d6-43aa-b3fb-c3ccf38e03ba,"#N/A","#N/A",false,Web,"#N/A","#N/A",Medium,"#N/A",New,Subject_cjslf,"#N/A","#N/A","#N/A","#N/A","#N/A"
d61250c9-5e85-4be9-9e3e-d333fb06f7c1,"#N/A","#N/A",false,Web,"#N/A","#N/A",Medium,"#N/A",New,Subject_pifxd,"#N/A","#N/A","#N/A","#N/A","#N/A"
d615b8aa-a88d-4934-ae87-faec0a5dffca,"#N/A","#N/A",false,Web,"#N/A","#N/A",Medium,"#N/A",New,Subject_lvvvf,"#N/A","#N/A","#N/A","#N/A","#N/A"
d616c368-5408-4208-b281-fdcc54cd9f63,"#N/A","#N/A",false,Web,"#N/A","#N/A",Medium,"#N/A",New,Subject_kihrh,"#N/A","#N/A","#N/A","#N/A","#N/A"
d61c5f1d-ef4a-4270-bb62-6ff2e6dae259,"#N/A","#N/A",false,Web,"#N/A","#N/A",Medium,"#N/A",New,Subject_emuow,"#N/A","#N/A","#N/A","#N/A","#N/A"
d61cbd12-b99c-48dc-a93c-628956a95645,"#N/A","#N/A",false,Web,"#N/A","#N/A",Medium,"#N/A",New,Subject_uhfuv,"#N/A","#N/A","#N/A","#N/A","#N/A"
d61e0df8-2621-4605-bc20-49916b3d1a6e,"#N/A","#N/A",false,Web,"#N/A","#N/A",Medium,"#N/A",New,Subject_ycbir,"#N/A","#N/A","#N/A","#N/A","#N/A"
d61e553c-bf33-456b-b1fb-3f3ce3517fca,"#N/A","#N/A",false,Web,"#N/A","#N/A",Medium,"#N/A",New,Subject_rxyyl,"#N/A","#N/A","#N/A","#N/A","#N/A"
d61ec788-00a4-427e-ad3c-afb83dbf5b1e,"#N/A","#N/A",false,Web,"#N/A","#N/A",Medium,"#N/A",New,Subject_dunzc,"#N/A","#N/A","#N/A","#N/A","#N/A"
d620181e-70d4-4e43-b6c3-6a8ad43e2b1d,"#N/A","#N/A",false,Web,"#N/A","#N/A",Medium,"#N/A",New,Subject_utvyw,"#N/A","#N/A","#N/A","#N/A","#N/A"
d620fb9e-475c-407a-baa4-13ac7535cef7,"#N/A","#N/A",false,Web,"#N/A","#N/A",Medium,"#N/A",New,Subject_mtwgb,"#N/A","#N/A","#N/A","#N/A","#N/A"
d62140a3-017f-4ed4-8136-a5f3bfe62fa4,"#N/A","#N/A",false,Web,"#N/A","#N/A",Medium,"#N/A",New,Subject_gynep,"#N/A","#N/A","#N/A","#N/A","#N/A"
d6218212-3365-4a82-ba6f-01143807a1b9,"#N/A","#N/A",false,Web,"#N/A","#N/A",Medium,"#N/A",New,Subject_ibhgg,"#N/A","#N/A","#N/A","#N/A","#N/A"
d621c182-2114-42d1-b1ce-447aa7bb3623,"#N/A","#N/A",false,Web,"#N/A","#N/A",Medium,"#N/A",New,Subject_bzqya,"#N/A","#N/A","#N/A","#N/A","#N/A"
d6223ccb-3f3a-4bc3-a076-9f0d184e804e,"#N/A","#N/A",false,Web,"#N/A","#N/A",Medium,"#N/A",New,Subject_xtwvi,"#N/A","#N/A","#N/A","#N/A","#N/A"
d626bdef-3158-4d99-9d86-ed49b5f74195,"#N/A","#N/A",false,Web,"#N/A","#N/A",Medium,"#N/A",New,Subject_lmisc,"#N/A","#N/A","#N/A","#N/A","#N/A"
d626dcca-6b55-47b8-a00f-904a2fbf8df9,"#N/A","#N/A",false,Web,"#N/A","#N/A",Medium,"#N/A",New,Subject_vzjia,"#N/A","#N/A","#N/A","#N/A","#N/A"
d62b9177-1d0b-4c2e-b385-98dd5ee8bb0d,"#N/A","#N/A",false,Web,"#N/A","#N/A",Medium,"#N/A",New,Subject_jliqz,"#N/A","#N/A","#N/A","#N/A","#N/A"
d62c235c-f08a-43d4-9b13-bf5aa39f0882,"#N/A","#N/A",false,Web,"#N/A","#N/A",Medium,"#N/A",New,Subject_koxps,"#N/A","#N/A","#N/A","#N/A","#N/A"
d62c86f3-f791-48c1-a0af-2a99ad6fb712,"#N/A","#N/A",false,Web,"#N/A","#N/A",Medium,"#N/A",New,Subject_zfpmz,"#N/A","#N/A","#N/A","#N/A","#N/A"
d62d15a7-ddb8-49d3-b5ab-070dd5d382d8,"#N/A","#N/A",false,Web,"#N/A","#N/A",Medium,"#N/A",New,Subject_mplhl,"#N/A","#N/A","#N/A","#N/A","#N/A"
d633847f-44ae-4de2-8d3e-6d68d36920ba,"#N/A","#N/A",false,Web,"#N/A","#N/A",Medium,"#N/A",New,Subject_xgfng,"#N/A","#N/A","#N/A","#N/A","#N/A"
d636cb98-d512-4bda-b341-7e94ee96a91e,"#N/A","#N/A",false,Web,"#N/A","#N/A",Medium,"#N/A",New,Subject_qbffm,"#N/A","#N/A","#N/A","#N/A","#N/A"
d6372ce9-d32c-4de8-9f74-27d195492abd,"#N/A","#N/A",false,Web,"#N/A","#N/A",Medium,"#N/A",New,Subject_ewpcp,"#N/A","#N/A","#N/A","#N/A","#N/A"
d63abace-5cfd-4743-9e3b-182515c4b881,"#N/A","#N/A",false,Web,"#N/A","#N/A",Medium,"#N/A",New,Subject_orefg,"#N/A","#N/A","#N/A","#N/A","#N/A"
d63b5acc-6db2-476c-a9f5-a88050f78ab8,"#N/A","#N/A",false,Web,"#N/A","#N/A",Medium,"#N/A",New,Subject_dsjmw,"#N/A","#N/A","#N/A","#N/A","#N/A"
d63ba1e7-edba-47ae-a20e-4e959e0b0f09,"#N/A","#N/A",false,Web,"#N/A","#N/A",Medium,"#N/A",New,Subject_ceiqf,"#N/A","#N/A","#N/A","#N/A","#N/A"
d63c10c8-837e-4c5e-81d4-20eadafb0ccd,"#N/A","#N/A",false,Web,"#N/A","#N/A",Medium,"#N/A",New,Subject_yhhqh,"#N/A","#N/A","#N/A","#N/A","#N/A"
d63c787f-ddfc-46c0-abce-9773ff49945a,"#N/A","#N/A",false,Web,"#N/A","#N/A",Medium,"#N/A",New,Subject_snyli,"#N/A","#N/A","#N/A","#N/A","#N/A"
d63c9c31-c0ac-46d0-9091-88969fdfc0b9,"#N/A","#N/A",false,Web,"#N/A","#N/A",Medium,"#N/A",New,Subject_mpehm,"#N/A","#N/A","#N/A","#N/A","#N/A"
d63d25ce-9c73-460e-9a0e-fa99aae86145,"#N/A","#N/A",false,Web,"#N/A","#N/A",Medium,"#N/A",New,Subject_ermua,"#N/A","#N/A","#N/A","#N/A","#N/A"
d643aa5a-e7e0-4966-9b06-a44eb439a667,"#N/A","#N/A",false,Web,"#N/A","#N/A",Medium,"#N/A",New,Subject_heful,"#N/A","#N/A","#N/A","#N/A","#N/A"
d644f04e-d3ec-44a1-b57a-72394fab91dc,"#N/A","#N/A",false,Web,"#N/A","#N/A",Medium,"#N/A",New,Subject_viywk,"#N/A","#N/A","#N/A","#N/A","#N/A"
d64d6995-e2d3-4a4c-8ee6-35713f0edd67,"#N/A","#N/A",false,Web,"#N/A","#N/A",Medium,"#N/A",New,Subject_lwdtf,"#N/A","#N/A","#N/A","#N/A","#N/A"
d64df1a7-a4d0-4fd1-900f-5806b95d5d62,"#N/A","#N/A",false,Web,"#N/A","#N/A",Medium,"#N/A",New,Subject_pihsk,"#N/A","#N/A","#N/A","#N/A","#N/A"
d64f4169-a435-457e-b756-7e92a76d5674,"#N/A","#N/A",false,Web,"#N/A","#N/A",Medium,"#N/A",New,Subject_pahqr,"#N/A","#N/A","#N/A","#N/A","#N/A"
d64fc4a5-7e7b-42e6-839f-2aa50d559eea,"#N/A","#N/A",false,Web,"#N/A","#N/A",Medium,"#N/A",New,Subject_ntagt,"#N/A","#N/A","#N/A","#N/A","#N/A"
d6523405-6521-4f32-9dbe-1712b83554f0,"#N/A","#N/A",false,Web,"#N/A","#N/A",Medium,"#N/A",New,Subject_xvbix,"#N/A","#N/A","#N/A","#N/A","#N/A"
d6568051-ac94-4238-8678-21dc0392e746,"#N/A","#N/A",false,Web,"#N/A","#N/A",Medium,"#N/A",New,Subject_omgvk,"#N/A","#N/A","#N/A","#N/A","#N/A"
d6574d03-1d78-468e-8267-7ae520c8077c,"#N/A","#N/A",false,Web,"#N/A","#N/A",Medium,"#N/A",New,Subject_fxilf,"#N/A","#N/A","#N/A","#N/A","#N/A"
d65a44f3-a4c0-4752-ae21-4a8f4a203256,"#N/A","#N/A",false,Web,"#N/A","#N/A",Medium,"#N/A",New,Subject_mavpk,"#N/A","#N/A","#N/A","#N/A","#N/A"
d66009ec-3ade-48e3-b55a-5e0c6a195385,"#N/A","#N/A",false,Web,"#N/A","#N/A",Medium,"#N/A",New,Subject_ldfsr,"#N/A","#N/A","#N/A","#N/A","#N/A"
d6664515-54ad-423f-a498-3fa5882c5433,"#N/A","#N/A",false,Web,"#N/A","#N/A",Medium,"#N/A",New,Subject_enlik,"#N/A","#N/A","#N/A","#N/A","#N/A"
d6679840-018c-4d29-b217-9e9be198e4f4,"#N/A","#N/A",false,Web,"#N/A","#N/A",Medium,"#N/A",New,Subject_ukrgw,"#N/A","#N/A","#N/A","#N/A","#N/A"
d66a2b0b-8a15-474f-9517-d7e6b2203df8,"#N/A","#N/A",false,Web,"#N/A","#N/A",Medium,"#N/A",New,Subject_rydmp,"#N/A","#N/A","#N/A","#N/A","#N/A"
d66ae363-a29c-4f2a-a954-e31bf31d19ad,"#N/A","#N/A",false,Web,"#N/A","#N/A",Medium,"#N/A",New,Subject_esfxl,"#N/A","#N/A","#N/A","#N/A","#N/A"
d66d1fb8-ec3e-4caa-8555-1f0c7e812bf9,"#N/A","#N/A",false,Web,"#N/A","#N/A",Medium,"#N/A",New,Subject_rcvim,"#N/A","#N/A","#N/A","#N/A","#N/A"
d66f00cf-20bb-4b67-8174-4f8becf74064,"#N/A","#N/A",false,Web,"#N/A","#N/A",Medium,"#N/A",New,Subject_gyfyy,"#N/A","#N/A","#N/A","#N/A","#N/A"
d670caaa-a527-4e8e-bfc1-de311cfe8e34,"#N/A","#N/A",false,Web,"#N/A","#N/A",Medium,"#N/A",New,Subject_ehjel,"#N/A","#N/A","#N/A","#N/A","#N/A"
d6742d8e-794a-4fb7-a1fb-752cfa2b9f2c,"#N/A","#N/A",false,Web,"#N/A","#N/A",Medium,"#N/A",New,Subject_nvzfs,"#N/A","#N/A","#N/A","#N/A","#N/A"
d679a5c9-a2ad-4311-abcc-480ee137723b,"#N/A","#N/A",false,Web,"#N/A","#N/A",Medium,"#N/A",New,Subject_vskst,"#N/A","#N/A","#N/A","#N/A","#N/A"
d67efe89-6e01-4907-a79b-c2bc4e3ef4dd,"#N/A","#N/A",false,Web,"#N/A","#N/A",Medium,"#N/A",New,Subject_oizuw,"#N/A","#N/A","#N/A","#N/A","#N/A"
d67f738a-6b0d-4a88-9fbf-5b8726ef7efe,"#N/A","#N/A",false,Web,"#N/A","#N/A",Medium,"#N/A",New,Subject_ntdsn,"#N/A","#N/A","#N/A","#N/A","#N/A"
d67fec6f-9b22-4fcd-9655-91cc3ee7c669,"#N/A","#N/A",false,Web,"#N/A","#N/A",Medium,"#N/A",New,Subject_dupme,"#N/A","#N/A","#N/A","#N/A","#N/A"
d6806cb4-87e7-4e2a-abe3-7d2131507cbb,"#N/A","#N/A",false,Web,"#N/A","#N/A",Medium,"#N/A",New,Subject_fpifd,"#N/A","#N/A","#N/A","#N/A","#N/A"
d6818246-83fa-4306-9267-ed2695c16c8e,"#N/A","#N/A",false,Web,"#N/A","#N/A",Medium,"#N/A",New,Subject_efwgl,"#N/A","#N/A","#N/A","#N/A","#N/A"
d681fea5-8845-41d3-bee3-3c3f3b23451d,"#N/A","#N/A",false,Web,"#N/A","#N/A",Medium,"#N/A",New,Subject_qzksl,"#N/A","#N/A","#N/A","#N/A","#N/A"
d6854a8a-f613-4e32-af3d-375e6e47a8b6,"#N/A","#N/A",false,Web,"#N/A","#N/A",Medium,"#N/A",New,Subject_dhfkw,"#N/A","#N/A","#N/A","#N/A","#N/A"
d6864984-f467-4af1-888b-051a66337022,"#N/A","#N/A",false,Web,"#N/A","#N/A",Medium,"#N/A",New,Subject_clhyo,"#N/A","#N/A","#N/A","#N/A","#N/A"
d689de7c-adb1-433c-8a5d-076f62687188,"#N/A","#N/A",false,Web,"#N/A","#N/A",Medium,"#N/A",New,Subject_dvmit,"#N/A","#N/A","#N/A","#N/A","#N/A"
d68bb166-caf4-4d27-88ca-bf5f4655ac8b,"#N/A","#N/A",false,Web,"#N/A","#N/A",Medium,"#N/A",New,Subject_jxcrk,"#N/A","#N/A","#N/A","#N/A","#N/A"
d68cd19a-d243-4520-9729-338664863d61,"#N/A","#N/A",false,Web,"#N/A","#N/A",Medium,"#N/A",New,Subject_rvppc,"#N/A","#N/A","#N/A","#N/A","#N/A"
d68df7d9-f328-4be5-9d87-4c60c9296f01,"#N/A","#N/A",false,Web,"#N/A","#N/A",Medium,"#N/A",New,Subject_msfdu,"#N/A","#N/A","#N/A","#N/A","#N/A"
d68e229f-9e3b-41f5-89c5-aba1a9a0a926,"#N/A","#N/A",false,Web,"#N/A","#N/A",Medium,"#N/A",New,Subject_syxyv,"#N/A","#N/A","#N/A","#N/A","#N/A"
d6906e2c-0b2c-49d2-88d5-2bf0d5bb5a0d,"#N/A","#N/A",false,Web,"#N/A","#N/A",Medium,"#N/A",New,Subject_qhrol,"#N/A","#N/A","#N/A","#N/A","#N/A"
d690d883-5bb7-4741-b440-c83d142cc740,"#N/A","#N/A",false,Web,"#N/A","#N/A",Medium,"#N/A",New,Subject_skskp,"#N/A","#N/A","#N/A","#N/A","#N/A"
d69568fc-e3d7-4524-b7d3-f5a2f198cf3c,"#N/A","#N/A",false,Web,"#N/A","#N/A",Medium,"#N/A",New,Subject_vcbfr,"#N/A","#N/A","#N/A","#N/A","#N/A"
d6973f96-12e4-422e-8038-4f5e6c47362e,"#N/A","#N/A",false,Web,"#N/A","#N/A",Medium,"#N/A",New,Subject_mveln,"#N/A","#N/A","#N/A","#N/A","#N/A"
d69e2e29-b72a-44a5-8ca2-8331bbdcca5b,"#N/A","#N/A",false,Web,"#N/A","#N/A",Medium,"#N/A",New,Subject_xqkjo,"#N/A","#N/A","#N/A","#N/A","#N/A"
d69e95f1-ba2d-4d7f-b343-3c1a88b4802c,"#N/A","#N/A",false,Web,"#N/A","#N/A",Medium,"#N/A",New,Subject_yusoa,"#N/A","#N/A","#N/A","#N/A","#N/A"
d6aada92-9b97-4433-8e75-6ddc9a0c41f2,"#N/A","#N/A",false,Web,"#N/A","#N/A",Medium,"#N/A",New,Subject_efkou,"#N/A","#N/A","#N/A","#N/A","#N/A"
d6b2b1da-2888-48f8-bc2d-f25f36b6ae7e,"#N/A","#N/A",false,Web,"#N/A","#N/A",Medium,"#N/A",New,Subject_zerrm,"#N/A","#N/A","#N/A","#N/A","#N/A"
d6b41863-cb32-471c-a817-07e96acf3cfa,"#N/A","#N/A",false,Web,"#N/A","#N/A",Medium,"#N/A",New,Subject_xutbs,"#N/A","#N/A","#N/A","#N/A","#N/A"
d6bb0d31-6d32-447c-bd3d-613373c3e9d9,"#N/A","#N/A",false,Web,"#N/A","#N/A",Medium,"#N/A",New,Subject_vwgrn,"#N/A","#N/A","#N/A","#N/A","#N/A"
d6bede11-f513-4066-be19-67d5363ac63e,"#N/A","#N/A",false,Web,"#N/A","#N/A",Medium,"#N/A",New,Subject_adnns,"#N/A","#N/A","#N/A","#N/A","#N/A"
d6caf3f7-25dd-4138-ab58-0947376b9239,"#N/A","#N/A",false,Web,"#N/A","#N/A",Medium,"#N/A",New,Subject_usndi,"#N/A","#N/A","#N/A","#N/A","#N/A"
d6cdea1d-704d-412d-b09c-aa9d6303d82d,"#N/A","#N/A",false,Web,"#N/A","#N/A",Medium,"#N/A",New,Subject_zfsmo,"#N/A","#N/A","#N/A","#N/A","#N/A"
d6cee5ac-51b3-40ff-bb48-604490ec5f2b,"#N/A","#N/A",false,Web,"#N/A","#N/A",Medium,"#N/A",New,Subject_ikdmv,"#N/A","#N/A","#N/A","#N/A","#N/A"
d6d08e62-0417-4be0-a18b-00f28f43409e,"#N/A","#N/A",false,Web,"#N/A","#N/A",Medium,"#N/A",New,Subject_aiufn,"#N/A","#N/A","#N/A","#N/A","#N/A"
d6d09948-a21d-4d73-a705-e8168d09bfeb,"#N/A","#N/A",false,Web,"#N/A","#N/A",Medium,"#N/A",New,Subject_llqku,"#N/A","#N/A","#N/A","#N/A","#N/A"
d6d0dfb2-b578-4614-9f07-155937ed2547,"#N/A","#N/A",false,Web,"#N/A","#N/A",Medium,"#N/A",New,Subject_vkyte,"#N/A","#N/A","#N/A","#N/A","#N/A"
d6d1b4d4-21c2-4d1f-8429-0c767aa36c26,"#N/A","#N/A",false,Web,"#N/A","#N/A",Medium,"#N/A",New,Subject_oelkt,"#N/A","#N/A","#N/A","#N/A","#N/A"
d6d645b9-67f0-402f-8187-f63d6e023889,"#N/A","#N/A",false,Web,"#N/A","#N/A",Medium,"#N/A",New,Subject_kvosc,"#N/A","#N/A","#N/A","#N/A","#N/A"
d6d8e00e-ce6d-423f-8402-4ec909c98071,"#N/A","#N/A",false,Web,"#N/A","#N/A",Medium,"#N/A",New,Subject_xlhoa,"#N/A","#N/A","#N/A","#N/A","#N/A"
d6d8f3f1-7cf2-48df-9708-f5c5feb2b721,"#N/A","#N/A",false,Web,"#N/A","#N/A",Medium,"#N/A",New,Subject_hxfub,"#N/A","#N/A","#N/A","#N/A","#N/A"
d6db6fb8-7596-4a9c-81a5-5d71d1623630,"#N/A","#N/A",false,Web,"#N/A","#N/A",Medium,"#N/A",New,Subject_bruot,"#N/A","#N/A","#N/A","#N/A","#N/A"
d6e12974-0f80-411a-b46f-66d3c13d7c59,"#N/A","#N/A",false,Web,"#N/A","#N/A",Medium,"#N/A",New,Subject_etubr,"#N/A","#N/A","#N/A","#N/A","#N/A"
d6e39a37-55bd-4d14-9c6b-31a603441471,"#N/A","#N/A",false,Web,"#N/A","#N/A",Medium,"#N/A",New,Subject_fzjag,"#N/A","#N/A","#N/A","#N/A","#N/A"
d6e7c012-4188-4f52-bbc2-7396975ff51f,"#N/A","#N/A",false,Web,"#N/A","#N/A",Medium,"#N/A",New,Subject_jyyiv,"#N/A","#N/A","#N/A","#N/A","#N/A"
d6e93ce3-fb38-48b3-9ef4-e3194a7f99e9,"#N/A","#N/A",false,Web,"#N/A","#N/A",Medium,"#N/A",New,Subject_vyeeu,"#N/A","#N/A","#N/A","#N/A","#N/A"
d6eafc12-fd37-46da-8ec0-eec71c006215,"#N/A","#N/A",false,Web,"#N/A","#N/A",Medium,"#N/A",New,Subject_darnv,"#N/A","#N/A","#N/A","#N/A","#N/A"
d6f2a618-82a3-4876-b644-155fe5646604,"#N/A","#N/A",false,Web,"#N/A","#N/A",Medium,"#N/A",New,Subject_rzyfw,"#N/A","#N/A","#N/A","#N/A","#N/A"
d6f2b06a-4815-4dcb-88c7-415f9032c0e7,"#N/A","#N/A",false,Web,"#N/A","#N/A",Medium,"#N/A",New,Subject_tihps,"#N/A","#N/A","#N/A","#N/A","#N/A"
d6f37aa2-3dcf-48f8-b2ca-33829eaf6de3,"#N/A","#N/A",false,Web,"#N/A","#N/A",Medium,"#N/A",New,Subject_dbfwx,"#N/A","#N/A","#N/A","#N/A","#N/A"
d6f54b03-30fe-4eb9-977a-9279747bd975,"#N/A","#N/A",false,Web,"#N/A","#N/A",Medium,"#N/A",New,Subject_catkt,"#N/A","#N/A","#N/A","#N/A","#N/A"
d6f5e7ee-cd90-4b1d-a2b0-f7e71524db2a,"#N/A","#N/A",false,Web,"#N/A","#N/A",Medium,"#N/A",New,Subject_tbhrj,"#N/A","#N/A","#N/A","#N/A","#N/A"
d6fa8da5-3577-4e9b-9f0d-2355d2f3f3a9,"#N/A","#N/A",false,Web,"#N/A","#N/A",Medium,"#N/A",New,Subject_hnymg,"#N/A","#N/A","#N/A","#N/A","#N/A"
d6fac2df-f9a3-4d35-9fca-32adcaa55cf2,"#N/A","#N/A",false,Web,"#N/A","#N/A",Medium,"#N/A",New,Subject_dyqhk,"#N/A","#N/A","#N/A","#N/A","#N/A"
d6fb998a-de01-43ef-b84a-478eba12558c,"#N/A","#N/A",false,Web,"#N/A","#N/A",Medium,"#N/A",New,Subject_rqemj,"#N/A","#N/A","#N/A","#N/A","#N/A"
d6fd50f6-657f-4e89-abc7-aef860d575b6,"#N/A","#N/A",false,Web,"#N/A","#N/A",Medium,"#N/A",New,Subject_rrzxg,"#N/A","#N/A","#N/A","#N/A","#N/A"
d6ffdf13-d266-41b0-b405-364f35a212c5,"#N/A","#N/A",false,Web,"#N/A","#N/A",Medium,"#N/A",New,Subject_yykyv,"#N/A","#N/A","#N/A","#N/A","#N/A"
d6ffe01b-ba43-4610-8ffb-dc74cba8e695,"#N/A","#N/A",false,Web,"#N/A","#N/A",Medium,"#N/A",New,Subject_uzhps,"#N/A","#N/A","#N/A","#N/A","#N/A"
d70065a9-6110-45e9-96f6-fb33a222f7f0,"#N/A","#N/A",false,Web,"#N/A","#N/A",Medium,"#N/A",New,Subject_zdbxj,"#N/A","#N/A","#N/A","#N/A","#N/A"
d7011384-414e-4da6-8b1e-556a0cb15d1c,"#N/A","#N/A",false,Web,"#N/A","#N/A",Medium,"#N/A",New,Subject_juyjp,"#N/A","#N/A","#N/A","#N/A","#N/A"
d7026703-3641-4038-84f7-bd9d3efe25e2,"#N/A","#N/A",false,Web,"#N/A","#N/A",Medium,"#N/A",New,Subject_iwbxd,"#N/A","#N/A","#N/A","#N/A","#N/A"
d70ec6a1-1ebe-497c-bcc5-1a4b009fc046,"#N/A","#N/A",false,Web,"#N/A","#N/A",Medium,"#N/A",New,Subject_syzfs,"#N/A","#N/A","#N/A","#N/A","#N/A"
d7126933-51b5-4f3b-bcf3-cfa67f6d72a2,"#N/A","#N/A",false,Web,"#N/A","#N/A",Medium,"#N/A",New,Subject_sbnzn,"#N/A","#N/A","#N/A","#N/A","#N/A"
d7192a71-ab0c-4f21-9cd9-6fcd46f3ce13,"#N/A","#N/A",false,Web,"#N/A","#N/A",Medium,"#N/A",New,Subject_kgfpu,"#N/A","#N/A","#N/A","#N/A","#N/A"
d71d595c-eda1-4926-ad3f-0af48ad3cbf1,"#N/A","#N/A",false,Web,"#N/A","#N/A",Medium,"#N/A",New,Subject_lovcr,"#N/A","#N/A","#N/A","#N/A","#N/A"
d71deec4-3a3b-4acc-8c84-ea3e5fd43032,"#N/A","#N/A",false,Web,"#N/A","#N/A",Medium,"#N/A",New,Subject_rxxuy,"#N/A","#N/A","#N/A","#N/A","#N/A"
d71fa53c-7b21-4fab-b45a-d5ea48c3d3ac,"#N/A","#N/A",false,Web,"#N/A","#N/A",Medium,"#N/A",New,Subject_mhyni,"#N/A","#N/A","#N/A","#N/A","#N/A"
d720ba9b-2874-48a1-b908-9fc55f19109e,"#N/A","#N/A",false,Web,"#N/A","#N/A",Medium,"#N/A",New,Subject_lplhz,"#N/A","#N/A","#N/A","#N/A","#N/A"
d725d793-1329-4830-9557-686da7a81dd4,"#N/A","#N/A",false,Web,"#N/A","#N/A",Medium,"#N/A",New,Subject_exfkl,"#N/A","#N/A","#N/A","#N/A","#N/A"
d7274eb9-0f22-467c-8eed-27881ef1a475,"#N/A","#N/A",false,Web,"#N/A","#N/A",Medium,"#N/A",New,Subject_miohz,"#N/A","#N/A","#N/A","#N/A","#N/A"
d72d73bd-6ada-448b-96f6-601e33596a21,"#N/A","#N/A",false,Web,"#N/A","#N/A",Medium,"#N/A",New,Subject_dgabj,"#N/A","#N/A","#N/A","#N/A","#N/A"
d731cb0a-c156-430a-86e9-e4c2972790b6,"#N/A","#N/A",false,Web,"#N/A","#N/A",Medium,"#N/A",New,Subject_disby,"#N/A","#N/A","#N/A","#N/A","#N/A"
d7341e18-1beb-4b58-b4a3-ad1a70fdd6c0,"#N/A","#N/A",false,Web,"#N/A","#N/A",Medium,"#N/A",New,Subject_opcrr,"#N/A","#N/A","#N/A","#N/A","#N/A"
d735f006-b4d1-4d23-aada-679442f1ccb6,"#N/A","#N/A",false,Web,"#N/A","#N/A",Medium,"#N/A",New,Subject_ofjth,"#N/A","#N/A","#N/A","#N/A","#N/A"
d737999f-000c-481c-93ab-3876be13ae90,"#N/A","#N/A",false,Web,"#N/A","#N/A",Medium,"#N/A",New,Subject_kvzsc,"#N/A","#N/A","#N/A","#N/A","#N/A"
d73b52b7-1892-4939-af82-ba0c47790d72,"#N/A","#N/A",false,Web,"#N/A","#N/A",Medium,"#N/A",New,Subject_ajqdl,"#N/A","#N/A","#N/A","#N/A","#N/A"
d73dbab2-61e1-460a-88cd-08f259c75ba6,"#N/A","#N/A",false,Web,"#N/A","#N/A",Medium,"#N/A",New,Subject_hdxat,"#N/A","#N/A","#N/A","#N/A","#N/A"
d74261e3-cd18-4cca-ba85-ef1042ade57c,"#N/A","#N/A",false,Web,"#N/A","#N/A",Medium,"#N/A",New,Subject_pubte,"#N/A","#N/A","#N/A","#N/A","#N/A"
d746c5d2-1131-465c-be39-3196c6ad4761,"#N/A","#N/A",false,Web,"#N/A","#N/A",Medium,"#N/A",New,Subject_nkmrh,"#N/A","#N/A","#N/A","#N/A","#N/A"
d747085a-a934-4c78-a84f-d78b9055dff7,"#N/A","#N/A",false,Web,"#N/A","#N/A",Medium,"#N/A",New,Subject_mpczs,"#N/A","#N/A","#N/A","#N/A","#N/A"
d7475755-c31e-4780-b1a8-95d26029fec9,"#N/A","#N/A",false,Web,"#N/A","#N/A",Medium,"#N/A",New,Subject_yxlql,"#N/A","#N/A","#N/A","#N/A","#N/A"
d74ad2ee-2f57-4d24-b7b5-39170b7c6e73,"#N/A","#N/A",false,Web,"#N/A","#N/A",Medium,"#N/A",New,Subject_dpjza,"#N/A","#N/A","#N/A","#N/A","#N/A"
d74b52a6-2eb5-4623-aacc-0756763aa68f,"#N/A","#N/A",false,Web,"#N/A","#N/A",Medium,"#N/A",New,Subject_jvuzr,"#N/A","#N/A","#N/A","#N/A","#N/A"
d74be2ea-92f2-468a-8586-ddc1c6a3aa65,"#N/A","#N/A",false,Web,"#N/A","#N/A",Medium,"#N/A",New,Subject_kkgmf,"#N/A","#N/A","#N/A","#N/A","#N/A"
d754cd2b-f427-4dd5-bcfb-fc2b207baf97,"#N/A","#N/A",false,Web,"#N/A","#N/A",Medium,"#N/A",New,Subject_lcvby,"#N/A","#N/A","#N/A","#N/A","#N/A"
d7577093-9f4c-41c9-a178-b2d6293aed54,"#N/A","#N/A",false,Web,"#N/A","#N/A",Medium,"#N/A",New,Subject_gfoko,"#N/A","#N/A","#N/A","#N/A","#N/A"
d75a8d3e-b7ed-4446-a6e6-c75a1cd1a017,"#N/A","#N/A",false,Web,"#N/A","#N/A",Medium,"#N/A",New,Subject_mpkcw,"#N/A","#N/A","#N/A","#N/A","#N/A"
d75b0b93-31cb-49ab-a0db-d0b60cc196f1,"#N/A","#N/A",false,Web,"#N/A","#N/A",Medium,"#N/A",New,Subject_mhsap,"#N/A","#N/A","#N/A","#N/A","#N/A"
d75b4f75-53a4-4c09-9305-de01e1344dcf,"#N/A","#N/A",false,Web,"#N/A","#N/A",Medium,"#N/A",New,Subject_kqftr,"#N/A","#N/A","#N/A","#N/A","#N/A"
d75cd400-b7d5-4a92-a25a-ff91811ef0bc,"#N/A","#N/A",false,Web,"#N/A","#N/A",Medium,"#N/A",New,Subject_zuoiw,"#N/A","#N/A","#N/A","#N/A","#N/A"
d75ceee9-0ec0-4820-a934-3c83dc53816c,"#N/A","#N/A",false,Web,"#N/A","#N/A",Medium,"#N/A",New,Subject_gwycf,"#N/A","#N/A","#N/A","#N/A","#N/A"
d75d017e-3b00-4a55-bc70-639991af0f53,"#N/A","#N/A",false,Web,"#N/A","#N/A",Medium,"#N/A",New,Subject_cevsi,"#N/A","#N/A","#N/A","#N/A","#N/A"
d75d7fbc-adba-4d5f-a6d9-13df66791ca5,"#N/A","#N/A",false,Web,"#N/A","#N/A",Medium,"#N/A",New,Subject_ytlhv,"#N/A","#N/A","#N/A","#N/A","#N/A"
d765e144-fc81-46ad-88c4-1f594f0583b9,"#N/A","#N/A",false,Web,"#N/A","#N/A",Medium,"#N/A",New,Subject_xfetj,"#N/A","#N/A","#N/A","#N/A","#N/A"
d769ec23-9dff-4e7c-ba2c-e7d0aab71961,"#N/A","#N/A",false,Web,"#N/A","#N/A",Medium,"#N/A",New,Subject_zcolh,"#N/A","#N/A","#N/A","#N/A","#N/A"
d76a1a63-5055-429e-9614-8a210d0acb9d,"#N/A","#N/A",false,Web,"#N/A","#N/A",Medium,"#N/A",New,Subject_giuxg,"#N/A","#N/A","#N/A","#N/A","#N/A"
d76cfb9e-1277-4bdb-bb83-cfaa314953b0,"#N/A","#N/A",false,Web,"#N/A","#N/A",Medium,"#N/A",New,Subject_ndlfg,"#N/A","#N/A","#N/A","#N/A","#N/A"
d77115d6-4963-4049-9949-5e1835b9238c,"#N/A","#N/A",false,Web,"#N/A","#N/A",Medium,"#N/A",New,Subject_unmbv,"#N/A","#N/A","#N/A","#N/A","#N/A"
d771e246-0476-4f49-abfd-5b342170dc24,"#N/A","#N/A",false,Web,"#N/A","#N/A",Medium,"#N/A",New,Subject_vnugg,"#N/A","#N/A","#N/A","#N/A","#N/A"
d7723e6b-1cc8-470f-9960-e943af6a07d5,"#N/A","#N/A",false,Web,"#N/A","#N/A",Medium,"#N/A",New,Subject_wbppk,"#N/A","#N/A","#N/A","#N/A","#N/A"
d779f8ea-7773-4a53-923a-1ea4d51b79ee,"#N/A","#N/A",false,Web,"#N/A","#N/A",Medium,"#N/A",New,Subject_creuv,"#N/A","#N/A","#N/A","#N/A","#N/A"
d77baf71-2a54-44a8-a2c8-a6f540fa0e0a,"#N/A","#N/A",false,Web,"#N/A","#N/A",Medium,"#N/A",New,Subject_oxspc,"#N/A","#N/A","#N/A","#N/A","#N/A"
d7813182-ba19-43d0-a087-568ce5de46b3,"#N/A","#N/A",false,Web,"#N/A","#N/A",Medium,"#N/A",New,Subject_bkqvp,"#N/A","#N/A","#N/A","#N/A","#N/A"
d782b54f-0abe-453e-a898-e37e81de7234,"#N/A","#N/A",false,Web,"#N/A","#N/A",Medium,"#N/A",New,Subject_bbtpk,"#N/A","#N/A","#N/A","#N/A","#N/A"
d78a43ee-1463-4f1c-8c6a-34f1f3f7e5bb,"#N/A","#N/A",false,Web,"#N/A","#N/A",Medium,"#N/A",New,Subject_hpmhg,"#N/A","#N/A","#N/A","#N/A","#N/A"
d78b35c5-e75e-4af3-b8fc-c6892ff24850,"#N/A","#N/A",false,Web,"#N/A","#N/A",Medium,"#N/A",New,Subject_qvkrk,"#N/A","#N/A","#N/A","#N/A","#N/A"
d78b7059-f55e-4d24-8f6f-2db27b6d98b2,"#N/A","#N/A",false,Web,"#N/A","#N/A",Medium,"#N/A",New,Subject_zhxab,"#N/A","#N/A","#N/A","#N/A","#N/A"
d78d9ab3-0852-4149-8e77-8116d8b4615c,"#N/A","#N/A",false,Web,"#N/A","#N/A",Medium,"#N/A",New,Subject_cbeja,"#N/A","#N/A","#N/A","#N/A","#N/A"
d791b11a-b53a-41de-8adf-d97ee6b1978d,"#N/A","#N/A",false,Web,"#N/A","#N/A",Medium,"#N/A",New,Subject_rjypj,"#N/A","#N/A","#N/A","#N/A","#N/A"
d7939deb-4a6c-489b-b2a5-2427b2443e7f,"#N/A","#N/A",false,Web,"#N/A","#N/A",Medium,"#N/A",New,Subject_xkrvy,"#N/A","#N/A","#N/A","#N/A","#N/A"
d79532de-33b5-46f0-826c-1210f5efdaa9,"#N/A","#N/A",false,Web,"#N/A","#N/A",Medium,"#N/A",New,Subject_vgqbq,"#N/A","#N/A","#N/A","#N/A","#N/A"
d7994283-58d2-4786-8fca-d998a19df3a0,"#N/A","#N/A",false,Web,"#N/A","#N/A",Medium,"#N/A",New,Subject_qwado,"#N/A","#N/A","#N/A","#N/A","#N/A"
d79eca45-f58f-4aae-ac96-1d4ed8c5fd62,"#N/A","#N/A",false,Web,"#N/A","#N/A",Medium,"#N/A",New,Subject_yxdtn,"#N/A","#N/A","#N/A","#N/A","#N/A"
d79ff8fc-d430-4364-a4ca-6901c33df667,"#N/A","#N/A",false,Web,"#N/A","#N/A",Medium,"#N/A",New,Subject_mgxgy,"#N/A","#N/A","#N/A","#N/A","#N/A"
d7a054d3-122d-4c5d-890c-323fdc84e74c,"#N/A","#N/A",false,Web,"#N/A","#N/A",Medium,"#N/A",New,Subject_bibhf,"#N/A","#N/A","#N/A","#N/A","#N/A"
d7a865e3-e69d-4e31-b07e-edd7e732b380,"#N/A","#N/A",false,Web,"#N/A","#N/A",Medium,"#N/A",New,Subject_gkerb,"#N/A","#N/A","#N/A","#N/A","#N/A"
d7b254ca-f3ae-4e2f-be4b-f2cac58794cf,"#N/A","#N/A",false,Web,"#N/A","#N/A",Medium,"#N/A",New,Subject_ofobx,"#N/A","#N/A","#N/A","#N/A","#N/A"
d7b25e17-8526-4dba-8aaa-e193f76d9f35,"#N/A","#N/A",false,Web,"#N/A","#N/A",Medium,"#N/A",New,Subject_gfink,"#N/A","#N/A","#N/A","#N/A","#N/A"
d7b773a4-cdc9-43a2-8061-5ca09c0dc635,"#N/A","#N/A",false,Web,"#N/A","#N/A",Medium,"#N/A",New,Subject_kqbyi,"#N/A","#N/A","#N/A","#N/A","#N/A"
d7b79f91-874f-4b8f-952c-ff488d2e3f78,"#N/A","#N/A",false,Web,"#N/A","#N/A",Medium,"#N/A",New,Subject_ccmew,"#N/A","#N/A","#N/A","#N/A","#N/A"
d7bb97b2-2c16-4ff7-9449-3cd3a2b40cd9,"#N/A","#N/A",false,Web,"#N/A","#N/A",Medium,"#N/A",New,Subject_pqkbx,"#N/A","#N/A","#N/A","#N/A","#N/A"
d7c167ac-06dd-4353-8d41-0c68f7c9dfc5,"#N/A","#N/A",false,Web,"#N/A","#N/A",Medium,"#N/A",New,Subject_hnuma,"#N/A","#N/A","#N/A","#N/A","#N/A"
d7c17102-5c0c-40dd-8442-5a248e2e1ffc,"#N/A","#N/A",false,Web,"#N/A","#N/A",Medium,"#N/A",New,Subject_snsps,"#N/A","#N/A","#N/A","#N/A","#N/A"
d7c1f8e7-4f25-4773-b99f-c94f48c93277,"#N/A","#N/A",false,Web,"#N/A","#N/A",Medium,"#N/A",New,Subject_htnjy,"#N/A","#N/A","#N/A","#N/A","#N/A"
d7c53567-d214-425d-bd9b-d6d31da3af30,"#N/A","#N/A",false,Web,"#N/A","#N/A",Medium,"#N/A",New,Subject_qxfxg,"#N/A","#N/A","#N/A","#N/A","#N/A"
d7c89f01-3bee-44f7-bbba-fbff64d03c83,"#N/A","#N/A",false,Web,"#N/A","#N/A",Medium,"#N/A",New,Subject_ongut,"#N/A","#N/A","#N/A","#N/A","#N/A"
d7cba21e-1faa-47ca-8528-1cdcaf65e183,"#N/A","#N/A",false,Web,"#N/A","#N/A",Medium,"#N/A",New,Subject_fxncj,"#N/A","#N/A","#N/A","#N/A","#N/A"
d7ce369f-a9b7-46c3-8617-863a95e893a8,"#N/A","#N/A",false,Web,"#N/A","#N/A",Medium,"#N/A",New,Subject_gxmxs,"#N/A","#N/A","#N/A","#N/A","#N/A"
d7da9024-5a43-4d2f-88ab-1f1fa3cc9775,"#N/A","#N/A",false,Web,"#N/A","#N/A",Medium,"#N/A",New,Subject_wqzfj,"#N/A","#N/A","#N/A","#N/A","#N/A"
d7dba324-7425-410a-ab96-8e9d2d37779c,"#N/A","#N/A",false,Web,"#N/A","#N/A",Medium,"#N/A",New,Subject_aqrkj,"#N/A","#N/A","#N/A","#N/A","#N/A"
d7dc5232-6ad8-4c01-964d-09842ed2ea76,"#N/A","#N/A",false,Web,"#N/A","#N/A",Medium,"#N/A",New,Subject_oodrd,"#N/A","#N/A","#N/A","#N/A","#N/A"
d7dc79d9-439e-485d-8004-b0ccde865850,"#N/A","#N/A",false,Web,"#N/A","#N/A",Medium,"#N/A",New,Subject_tvvyb,"#N/A","#N/A","#N/A","#N/A","#N/A"
d7dfba17-6bff-4e5e-935b-7531201e7fe5,"#N/A","#N/A",false,Web,"#N/A","#N/A",Medium,"#N/A",New,Subject_phjef,"#N/A","#N/A","#N/A","#N/A","#N/A"
d7e10870-77fd-4009-aa51-51957b018191,"#N/A","#N/A",false,Web,"#N/A","#N/A",Medium,"#N/A",New,Subject_wuone,"#N/A","#N/A","#N/A","#N/A","#N/A"
d7e6d88f-2ff4-4e5d-bde6-8000fc60d8dd,"#N/A","#N/A",false,Web,"#N/A","#N/A",Medium,"#N/A",New,Subject_uwgyj,"#N/A","#N/A","#N/A","#N/A","#N/A"
d7ea9314-ebb3-4da7-8172-b61d6675c639,"#N/A","#N/A",false,Web,"#N/A","#N/A",Medium,"#N/A",New,Subject_oyrxn,"#N/A","#N/A","#N/A","#N/A","#N/A"
d7ead7c7-0c82-4e80-99a9-47057b15ef45,"#N/A","#N/A",false,Web,"#N/A","#N/A",Medium,"#N/A",New,Subject_mxaqk,"#N/A","#N/A","#N/A","#N/A","#N/A"
d7ebbcd8-58d3-4d5c-bdc8-0983139fa64e,"#N/A","#N/A",false,Web,"#N/A","#N/A",Medium,"#N/A",New,Subject_gbcpz,"#N/A","#N/A","#N/A","#N/A","#N/A"
d7ed7c38-6d4d-43ee-bc89-601f2aee409b,"#N/A","#N/A",false,Web,"#N/A","#N/A",Medium,"#N/A",New,Subject_ymbin,"#N/A","#N/A","#N/A","#N/A","#N/A"
d7f19424-33cd-4968-b7de-40984b473afe,"#N/A","#N/A",false,Web,"#N/A","#N/A",Medium,"#N/A",New,Subject_yfhnl,"#N/A","#N/A","#N/A","#N/A","#N/A"
d7f29dc3-ef1a-4221-89c2-c8a4f3fb4990,"#N/A","#N/A",false,Web,"#N/A","#N/A",Medium,"#N/A",New,Subject_kmiod,"#N/A","#N/A","#N/A","#N/A","#N/A"
d7f40192-4fcb-4d55-8ae2-7eaff13837b0,"#N/A","#N/A",false,Web,"#N/A","#N/A",Medium,"#N/A",New,Subject_ucapn,"#N/A","#N/A","#N/A","#N/A","#N/A"
d7f6e556-b797-4941-806d-d5e7ab9da609,"#N/A","#N/A",false,Web,"#N/A","#N/A",Medium,"#N/A",New,Subject_ikygj,"#N/A","#N/A","#N/A","#N/A","#N/A"
d7f71080-d875-4651-a585-2febf6c4f9b0,"#N/A","#N/A",false,Web,"#N/A","#N/A",Medium,"#N/A",New,Subject_mvnwy,"#N/A","#N/A","#N/A","#N/A","#N/A"
d7f81dda-de80-46b8-853f-ced2d5dbc024,"#N/A","#N/A",false,Web,"#N/A","#N/A",Medium,"#N/A",New,Subject_splqe,"#N/A","#N/A","#N/A","#N/A","#N/A"
d7f96263-75a2-4d40-a0ad-4dfd1a362a79,"#N/A","#N/A",false,Web,"#N/A","#N/A",Medium,"#N/A",New,Subject_dnxsf,"#N/A","#N/A","#N/A","#N/A","#N/A"
d7fe3ef2-5c46-49bb-86d3-01fb599ffbfc,"#N/A","#N/A",false,Web,"#N/A","#N/A",Medium,"#N/A",New,Subject_idyyi,"#N/A","#N/A","#N/A","#N/A","#N/A"
d7fea31b-6552-49fb-bae5-ef344c936a6e,"#N/A","#N/A",false,Web,"#N/A","#N/A",Medium,"#N/A",New,Subject_lizec,"#N/A","#N/A","#N/A","#N/A","#N/A"
d8026cba-fa56-4efd-a5dd-d1754577b91c,"#N/A","#N/A",false,Web,"#N/A","#N/A",Medium,"#N/A",New,Subject_ofnpr,"#N/A","#N/A","#N/A","#N/A","#N/A"
d80d24f6-f7af-439a-a25c-820925d001dc,"#N/A","#N/A",false,Web,"#N/A","#N/A",Medium,"#N/A",New,Subject_ktker,"#N/A","#N/A","#N/A","#N/A","#N/A"
d8128374-e84a-4271-9685-89d2d358435b,"#N/A","#N/A",false,Web,"#N/A","#N/A",Medium,"#N/A",New,Subject_itohh,"#N/A","#N/A","#N/A","#N/A","#N/A"
d81404f7-0954-4a14-90c7-8e71fba50554,"#N/A","#N/A",false,Web,"#N/A","#N/A",Medium,"#N/A",New,Subject_sitkp,"#N/A","#N/A","#N/A","#N/A","#N/A"
d81a452c-4fd1-4118-a8cd-722bba8cc6b2,"#N/A","#N/A",false,Web,"#N/A","#N/A",Medium,"#N/A",New,Subject_daepn,"#N/A","#N/A","#N/A","#N/A","#N/A"
d81ec52d-26ed-4da1-8b69-054101630a03,"#N/A","#N/A",false,Web,"#N/A","#N/A",Medium,"#N/A",New,Subject_kkuvw,"#N/A","#N/A","#N/A","#N/A","#N/A"
d8238a97-1955-4600-a3bd-a20096d7828c,"#N/A","#N/A",false,Web,"#N/A","#N/A",Medium,"#N/A",New,Subject_pgupt,"#N/A","#N/A","#N/A","#N/A","#N/A"
d8272dca-ab7f-4c8c-acb7-e7e7eefbadbf,"#N/A","#N/A",false,Web,"#N/A","#N/A",Medium,"#N/A",New,Subject_winey,"#N/A","#N/A","#N/A","#N/A","#N/A"
d82b18db-3645-45c1-b9dd-c69d885ae96c,"#N/A","#N/A",false,Web,"#N/A","#N/A",Medium,"#N/A",New,Subject_xvjxm,"#N/A","#N/A","#N/A","#N/A","#N/A"
d82e6c9e-228e-4740-81da-6a0217e04567,"#N/A","#N/A",false,Web,"#N/A","#N/A",Medium,"#N/A",New,Subject_buugi,"#N/A","#N/A","#N/A","#N/A","#N/A"
d830afc3-66a3-4b76-8bf4-a5dfe6adb1ac,"#N/A","#N/A",false,Web,"#N/A","#N/A",Medium,"#N/A",New,Subject_fjpac,"#N/A","#N/A","#N/A","#N/A","#N/A"
d8311a30-9f52-49e9-b788-fefe9ee0cf7b,"#N/A","#N/A",false,Web,"#N/A","#N/A",Medium,"#N/A",New,Subject_xzwwx,"#N/A","#N/A","#N/A","#N/A","#N/A"
d8331922-8120-4dfa-9f67-e2e6a12dc3d9,"#N/A","#N/A",false,Web,"#N/A","#N/A",Medium,"#N/A",New,Subject_flohw,"#N/A","#N/A","#N/A","#N/A","#N/A"
d833f8ec-a7f7-4981-9596-bd0da6135e9a,"#N/A","#N/A",false,Web,"#N/A","#N/A",Medium,"#N/A",New,Subject_bcbyg,"#N/A","#N/A","#N/A","#N/A","#N/A"
d835cee8-7bd2-4164-b859-3b36771100c7,"#N/A","#N/A",false,Web,"#N/A","#N/A",Medium,"#N/A",New,Subject_wrqws,"#N/A","#N/A","#N/A","#N/A","#N/A"
d836bb34-03f8-497b-a5c3-879b2b36475b,"#N/A","#N/A",false,Web,"#N/A","#N/A",Medium,"#N/A",New,Subject_iztwt,"#N/A","#N/A","#N/A","#N/A","#N/A"
d837ee46-772c-4056-8b55-35f65cae9dcc,"#N/A","#N/A",false,Web,"#N/A","#N/A",Medium,"#N/A",New,Subject_tjxno,"#N/A","#N/A","#N/A","#N/A","#N/A"
d83a1663-ebd1-42da-9aa7-d1e70ee30535,"#N/A","#N/A",false,Web,"#N/A","#N/A",Medium,"#N/A",New,Subject_tzjre,"#N/A","#N/A","#N/A","#N/A","#N/A"
d83b5596-85ba-40f5-97dc-7569bef2a6d9,"#N/A","#N/A",false,Web,"#N/A","#N/A",Medium,"#N/A",New,Subject_txztn,"#N/A","#N/A","#N/A","#N/A","#N/A"
d83b55e1-c4de-45a9-866f-bf87b4a4d6a2,"#N/A","#N/A",false,Web,"#N/A","#N/A",Medium,"#N/A",New,Subject_oscpa,"#N/A","#N/A","#N/A","#N/A","#N/A"
d848666e-5387-4f87-896c-e8f0d9d5fd3f,"#N/A","#N/A",false,Web,"#N/A","#N/A",Medium,"#N/A",New,Subject_lnwkp,"#N/A","#N/A","#N/A","#N/A","#N/A"
d849c3a7-6142-468a-8292-74a8a8acb1a5,"#N/A","#N/A",false,Web,"#N/A","#N/A",Medium,"#N/A",New,Subject_mdmvl,"#N/A","#N/A","#N/A","#N/A","#N/A"
d849e37b-25a5-44ef-a1db-af50fcdd5447,"#N/A","#N/A",false,Web,"#N/A","#N/A",Medium,"#N/A",New,Subject_joqza,"#N/A","#N/A","#N/A","#N/A","#N/A"
d84f134e-d94b-4c2b-b450-87455f833b00,"#N/A","#N/A",false,Web,"#N/A","#N/A",Medium,"#N/A",New,Subject_nzuhx,"#N/A","#N/A","#N/A","#N/A","#N/A"
d8564bf4-7496-48cb-8b6f-32ac2e216cee,"#N/A","#N/A",false,Web,"#N/A","#N/A",Medium,"#N/A",New,Subject_xoloj,"#N/A","#N/A","#N/A","#N/A","#N/A"
d8570c3a-b037-482c-a94f-79bea292a7e2,"#N/A","#N/A",false,Web,"#N/A","#N/A",Medium,"#N/A",New,Subject_djfse,"#N/A","#N/A","#N/A","#N/A","#N/A"
d859f593-39e8-4354-aa09-4e7e025803c2,"#N/A","#N/A",false,Web,"#N/A","#N/A",Medium,"#N/A",New,Subject_dzyxo,"#N/A","#N/A","#N/A","#N/A","#N/A"
d865b783-ce22-4028-8f4e-bd07667f8dc6,"#N/A","#N/A",false,Web,"#N/A","#N/A",Medium,"#N/A",New,Subject_qbhgx,"#N/A","#N/A","#N/A","#N/A","#N/A"
d86694da-c7cc-4ca0-b4cb-508a4efdc511,"#N/A","#N/A",false,Web,"#N/A","#N/A",Medium,"#N/A",New,Subject_umzit,"#N/A","#N/A","#N/A","#N/A","#N/A"
d866fa34-243b-401f-b880-ba69b6d631e4,"#N/A","#N/A",false,Web,"#N/A","#N/A",Medium,"#N/A",New,Subject_ziltf,"#N/A","#N/A","#N/A","#N/A","#N/A"
d86d3c62-deaf-45e6-999a-9e78f6b37d0e,"#N/A","#N/A",false,Web,"#N/A","#N/A",Medium,"#N/A",New,Subject_jxipi,"#N/A","#N/A","#N/A","#N/A","#N/A"
d86e33b7-095f-44d9-a2a6-756776839fb6,"#N/A","#N/A",false,Web,"#N/A","#N/A",Medium,"#N/A",New,Subject_wrmqt,"#N/A","#N/A","#N/A","#N/A","#N/A"
d8708b9a-4cb7-4d67-9e84-23dba78f179b,"#N/A","#N/A",false,Web,"#N/A","#N/A",Medium,"#N/A",New,Subject_qyyhu,"#N/A","#N/A","#N/A","#N/A","#N/A"
d8709da8-3bf9-4b84-818b-5f4906730f70,"#N/A","#N/A",false,Web,"#N/A","#N/A",Medium,"#N/A",New,Subject_zcvfz,"#N/A","#N/A","#N/A","#N/A","#N/A"
d87dd947-60d6-444a-a13a-6685acb715bc,"#N/A","#N/A",false,Web,"#N/A","#N/A",Medium,"#N/A",New,Subject_avaqp,"#N/A","#N/A","#N/A","#N/A","#N/A"
d87f6f30-da9a-4d2f-bef3-c761d8002dfa,"#N/A","#N/A",false,Web,"#N/A","#N/A",Medium,"#N/A",New,Subject_vqscy,"#N/A","#N/A","#N/A","#N/A","#N/A"
d88220ed-099d-4fd5-abc5-4f15d5dd9a7d,"#N/A","#N/A",false,Web,"#N/A","#N/A",Medium,"#N/A",New,Subject_mbesa,"#N/A","#N/A","#N/A","#N/A","#N/A"
d882b676-1332-4704-94d4-926896450a83,"#N/A","#N/A",false,Web,"#N/A","#N/A",Medium,"#N/A",New,Subject_staqe,"#N/A","#N/A","#N/A","#N/A","#N/A"
d8878177-428e-415a-9672-0b354aa1d483,"#N/A","#N/A",false,Web,"#N/A","#N/A",Medium,"#N/A",New,Subject_nziwh,"#N/A","#N/A","#N/A","#N/A","#N/A"
d8899eb0-02d0-4d0c-a007-28ed8acde574,"#N/A","#N/A",false,Web,"#N/A","#N/A",Medium,"#N/A",New,Subject_qrpki,"#N/A","#N/A","#N/A","#N/A","#N/A"
d88b5c79-1a9f-4597-8b39-3c759375bfe3,"#N/A","#N/A",false,Web,"#N/A","#N/A",Medium,"#N/A",New,Subject_xtpwq,"#N/A","#N/A","#N/A","#N/A","#N/A"
d88fe983-0c5d-424c-8fbd-1131137bb72b,"#N/A","#N/A",false,Web,"#N/A","#N/A",Medium,"#N/A",New,Subject_wknsu,"#N/A","#N/A","#N/A","#N/A","#N/A"
d8958db6-4c94-4f42-82d8-c1929e62f716,"#N/A","#N/A",false,Web,"#N/A","#N/A",Medium,"#N/A",New,Subject_grhrf,"#N/A","#N/A","#N/A","#N/A","#N/A"
d8972e3e-f885-4259-b564-a9b8c01acd21,"#N/A","#N/A",false,Web,"#N/A","#N/A",Medium,"#N/A",New,Subject_gkjmw,"#N/A","#N/A","#N/A","#N/A","#N/A"
d8987e0e-67bd-4449-bad6-31e4c2c091fe,"#N/A","#N/A",false,Web,"#N/A","#N/A",Medium,"#N/A",New,Subject_zjbuv,"#N/A","#N/A","#N/A","#N/A","#N/A"
d8997246-ac7e-4404-a274-e191365ac9a6,"#N/A","#N/A",false,Web,"#N/A","#N/A",Medium,"#N/A",New,Subject_aqyel,"#N/A","#N/A","#N/A","#N/A","#N/A"
d89ee03d-ff3e-44af-aa32-fbf3775f4000,"#N/A","#N/A",false,Web,"#N/A","#N/A",Medium,"#N/A",New,Subject_vgkoi,"#N/A","#N/A","#N/A","#N/A","#N/A"
d89f394b-b027-4cb3-9db8-9d81ab103338,"#N/A","#N/A",false,Web,"#N/A","#N/A",Medium,"#N/A",New,Subject_kqbap,"#N/A","#N/A","#N/A","#N/A","#N/A"
d89f5e07-82b4-4aff-a328-2a3e4413ac63,"#N/A","#N/A",false,Web,"#N/A","#N/A",Medium,"#N/A",New,Subject_climp,"#N/A","#N/A","#N/A","#N/A","#N/A"
d8a43dd2-4d33-4040-942c-10a8184e72ba,"#N/A","#N/A",false,Web,"#N/A","#N/A",Medium,"#N/A",New,Subject_ovbky,"#N/A","#N/A","#N/A","#N/A","#N/A"
d8a4b038-9dcc-4c93-a059-0e3fc775289c,"#N/A","#N/A",false,Web,"#N/A","#N/A",Medium,"#N/A",New,Subject_zuoxe,"#N/A","#N/A","#N/A","#N/A","#N/A"
d8a6b770-8fab-4b08-9817-8d64e403c961,"#N/A","#N/A",false,Web,"#N/A","#N/A",Medium,"#N/A",New,Subject_jsayz,"#N/A","#N/A","#N/A","#N/A","#N/A"
d8a76afd-0f5d-4dcd-9e92-0edd9805756c,"#N/A","#N/A",false,Web,"#N/A","#N/A",Medium,"#N/A",New,Subject_ohzfc,"#N/A","#N/A","#N/A","#N/A","#N/A"
d8a8272b-2491-4fda-ac54-fca5befd0f63,"#N/A","#N/A",false,Web,"#N/A","#N/A",Medium,"#N/A",New,Subject_bffuc,"#N/A","#N/A","#N/A","#N/A","#N/A"
d8ab5b40-e649-4b7a-b539-01ec2cb95c44,"#N/A","#N/A",false,Web,"#N/A","#N/A",Medium,"#N/A",New,Subject_xmjcd,"#N/A","#N/A","#N/A","#N/A","#N/A"
d8ac8015-ffb8-4e95-ba7f-ead064812b75,"#N/A","#N/A",false,Web,"#N/A","#N/A",Medium,"#N/A",New,Subject_eaivw,"#N/A","#N/A","#N/A","#N/A","#N/A"
d8b52a01-8198-4396-a79d-852e20ce2188,"#N/A","#N/A",false,Web,"#N/A","#N/A",Medium,"#N/A",New,Subject_vrkat,"#N/A","#N/A","#N/A","#N/A","#N/A"
d8b588d1-1efc-4420-8305-d3430739de1d,"#N/A","#N/A",false,Web,"#N/A","#N/A",Medium,"#N/A",New,Subject_jtjzb,"#N/A","#N/A","#N/A","#N/A","#N/A"
d8b6dbe7-737d-4012-817e-8500df545a96,"#N/A","#N/A",false,Web,"#N/A","#N/A",Medium,"#N/A",New,Subject_ewwpb,"#N/A","#N/A","#N/A","#N/A","#N/A"
d8b71a44-f3b0-4d6d-ba2e-e704f49712d7,"#N/A","#N/A",false,Web,"#N/A","#N/A",Medium,"#N/A",New,Subject_qepem,"#N/A","#N/A","#N/A","#N/A","#N/A"
d8bc6774-2cec-4a24-81e5-128af8e5b4cf,"#N/A","#N/A",false,Web,"#N/A","#N/A",Medium,"#N/A",New,Subject_ielxv,"#N/A","#N/A","#N/A","#N/A","#N/A"
d8c2a6c6-f427-4c6d-8fad-a7cc0205e1ac,"#N/A","#N/A",false,Web,"#N/A","#N/A",Medium,"#N/A",New,Subject_smkpi,"#N/A","#N/A","#N/A","#N/A","#N/A"
d8c4ceb8-71d3-42b6-bb29-e0c34e6e693b,"#N/A","#N/A",false,Web,"#N/A","#N/A",Medium,"#N/A",New,Subject_qgejj,"#N/A","#N/A","#N/A","#N/A","#N/A"
d8cc8f4a-85cc-4984-a351-a66870910bf3,"#N/A","#N/A",false,Web,"#N/A","#N/A",Medium,"#N/A",New,Subject_cxcyv,"#N/A","#N/A","#N/A","#N/A","#N/A"
d8d29d95-0f71-4c4c-a7c2-fb88d38b7bf3,"#N/A","#N/A",false,Web,"#N/A","#N/A",Medium,"#N/A",New,Subject_izibq,"#N/A","#N/A","#N/A","#N/A","#N/A"
d8d407a2-e9dd-4cf7-9365-7779ba83af31,"#N/A","#N/A",false,Web,"#N/A","#N/A",Medium,"#N/A",New,Subject_ydvtu,"#N/A","#N/A","#N/A","#N/A","#N/A"
d8d4a82c-ece8-485a-a0ba-3d26cb8d9a89,"#N/A","#N/A",false,Web,"#N/A","#N/A",Medium,"#N/A",New,Subject_hdnpq,"#N/A","#N/A","#N/A","#N/A","#N/A"
d8d54364-45b4-44ba-8ea0-817e413910ef,"#N/A","#N/A",false,Web,"#N/A","#N/A",Medium,"#N/A",New,Subject_svtmu,"#N/A","#N/A","#N/A","#N/A","#N/A"
d8d58eeb-373e-402e-b3c3-a0ecd23e172d,"#N/A","#N/A",false,Web,"#N/A","#N/A",Medium,"#N/A",New,Subject_vnaea,"#N/A","#N/A","#N/A","#N/A","#N/A"
d8d59dd7-66b4-497a-9a4e-bc61180ee508,"#N/A","#N/A",false,Web,"#N/A","#N/A",Medium,"#N/A",New,Subject_bjrem,"#N/A","#N/A","#N/A","#N/A","#N/A"
d8d8470f-e7ca-4799-908b-c936bcf18d03,"#N/A","#N/A",false,Web,"#N/A","#N/A",Medium,"#N/A",New,Subject_mkyxb,"#N/A","#N/A","#N/A","#N/A","#N/A"
d8dd07f5-4371-446c-989e-b952f1ee4cf1,"#N/A","#N/A",false,Web,"#N/A","#N/A",Medium,"#N/A",New,Subject_gzrys,"#N/A","#N/A","#N/A","#N/A","#N/A"
d8e21459-f55b-444a-a067-a56cd9805f58,"#N/A","#N/A",false,Web,"#N/A","#N/A",Medium,"#N/A",New,Subject_hqgvr,"#N/A","#N/A","#N/A","#N/A","#N/A"
d8e557eb-e59d-4108-8c8e-8d2f26916b24,"#N/A","#N/A",false,Web,"#N/A","#N/A",Medium,"#N/A",New,Subject_wipyu,"#N/A","#N/A","#N/A","#N/A","#N/A"
d8eb3aa5-01b4-42f9-8d94-cfbf37fb7e64,"#N/A","#N/A",false,Web,"#N/A","#N/A",Medium,"#N/A",New,Subject_nftoz,"#N/A","#N/A","#N/A","#N/A","#N/A"
d8ed75f0-5b0b-40b8-a433-824a6bb37237,"#N/A","#N/A",false,Web,"#N/A","#N/A",Medium,"#N/A",New,Subject_bipmu,"#N/A","#N/A","#N/A","#N/A","#N/A"
d8eda53b-9dc6-456f-9b83-64a6241a6b83,"#N/A","#N/A",false,Web,"#N/A","#N/A",Medium,"#N/A",New,Subject_ukdos,"#N/A","#N/A","#N/A","#N/A","#N/A"
d8f0c8ab-75e4-4057-85f3-052d0116d54b,"#N/A","#N/A",false,Web,"#N/A","#N/A",Medium,"#N/A",New,Subject_romzm,"#N/A","#N/A","#N/A","#N/A","#N/A"
d8f8736d-c830-4913-a8fb-1448209d93d1,"#N/A","#N/A",false,Web,"#N/A","#N/A",Medium,"#N/A",New,Subject_dpgeh,"#N/A","#N/A","#N/A","#N/A","#N/A"
d8fae745-81ed-4ae2-939f-3d2222cd206b,"#N/A","#N/A",false,Web,"#N/A","#N/A",Medium,"#N/A",New,Subject_bpayg,"#N/A","#N/A","#N/A","#N/A","#N/A"
d8fbb095-f054-4ef2-8487-f97136c8970a,"#N/A","#N/A",false,Web,"#N/A","#N/A",Medium,"#N/A",New,Subject_banxm,"#N/A","#N/A","#N/A","#N/A","#N/A"
d900abf2-20a7-4af5-bacf-b65f6482d85f,"#N/A","#N/A",false,Web,"#N/A","#N/A",Medium,"#N/A",New,Subject_emlbb,"#N/A","#N/A","#N/A","#N/A","#N/A"
d90a2343-cedb-4a24-946f-bc89205f7093,"#N/A","#N/A",false,Web,"#N/A","#N/A",Medium,"#N/A",New,Subject_oegtk,"#N/A","#N/A","#N/A","#N/A","#N/A"
d90cb6ac-d396-4a58-a533-a95b21ecdf35,"#N/A","#N/A",false,Web,"#N/A","#N/A",Medium,"#N/A",New,Subject_icmqo,"#N/A","#N/A","#N/A","#N/A","#N/A"
d90fbb50-875a-447c-9214-3b52dd79680d,"#N/A","#N/A",false,Web,"#N/A","#N/A",Medium,"#N/A",New,Subject_tldzg,"#N/A","#N/A","#N/A","#N/A","#N/A"
d91451d5-4b18-4d2f-8bbe-cdc0748030b8,"#N/A","#N/A",false,Web,"#N/A","#N/A",Medium,"#N/A",New,Subject_wluse,"#N/A","#N/A","#N/A","#N/A","#N/A"
d914bc52-e0f5-4108-9eb7-7da3d665fa6b,"#N/A","#N/A",false,Web,"#N/A","#N/A",Medium,"#N/A",New,Subject_tbnnv,"#N/A","#N/A","#N/A","#N/A","#N/A"
d91d9160-7c96-4b5e-9cde-0b7eab5629be,"#N/A","#N/A",false,Web,"#N/A","#N/A",Medium,"#N/A",New,Subject_jbnok,"#N/A","#N/A","#N/A","#N/A","#N/A"
d91ec7e2-3de3-485d-a9b5-e7b69d3e3b0a,"#N/A","#N/A",false,Web,"#N/A","#N/A",Medium,"#N/A",New,Subject_mibai,"#N/A","#N/A","#N/A","#N/A","#N/A"
d91fe7c5-eb69-46e2-9d88-4746bcd78adc,"#N/A","#N/A",false,Web,"#N/A","#N/A",Medium,"#N/A",New,Subject_psyly,"#N/A","#N/A","#N/A","#N/A","#N/A"
d92a51ea-72c2-425e-ba93-fb3bc3fd2647,"#N/A","#N/A",false,Web,"#N/A","#N/A",Medium,"#N/A",New,Subject_ytqrk,"#N/A","#N/A","#N/A","#N/A","#N/A"
d92d4b81-0f6f-414d-95e4-eaff92a7fea8,"#N/A","#N/A",false,Web,"#N/A","#N/A",Medium,"#N/A",New,Subject_rjhma,"#N/A","#N/A","#N/A","#N/A","#N/A"
d92e6c9e-48a5-4ad1-9614-e6b4277dc1ca,"#N/A","#N/A",false,Web,"#N/A","#N/A",Medium,"#N/A",New,Subject_qjuqb,"#N/A","#N/A","#N/A","#N/A","#N/A"
d9309afb-bab0-4900-8147-355810fa11ca,"#N/A","#N/A",false,Web,"#N/A","#N/A",Medium,"#N/A",New,Subject_ppjni,"#N/A","#N/A","#N/A","#N/A","#N/A"
d931ce92-282d-4bd7-bb88-c2eb78eb97d1,"#N/A","#N/A",false,Web,"#N/A","#N/A",Medium,"#N/A",New,Subject_skjsf,"#N/A","#N/A","#N/A","#N/A","#N/A"
d932bc1b-5c56-40c6-9400-a34bc46585af,"#N/A","#N/A",false,Web,"#N/A","#N/A",Medium,"#N/A",New,Subject_yfqlf,"#N/A","#N/A","#N/A","#N/A","#N/A"
d934910a-e0d9-44ca-8143-9f514aaa7e42,"#N/A","#N/A",false,Web,"#N/A","#N/A",Medium,"#N/A",New,Subject_iwaiu,"#N/A","#N/A","#N/A","#N/A","#N/A"
d9385b49-e1ce-4379-92f0-8b58c0935bf3,"#N/A","#N/A",false,Web,"#N/A","#N/A",Medium,"#N/A",New,Subject_gfrzk,"#N/A","#N/A","#N/A","#N/A","#N/A"
d93f6972-6795-4303-a735-cbf3ba746e91,"#N/A","#N/A",false,Web,"#N/A","#N/A",Medium,"#N/A",New,Subject_ecpza,"#N/A","#N/A","#N/A","#N/A","#N/A"
d946bd3a-1f77-4aeb-bd95-dcaaf8102573,"#N/A","#N/A",false,Web,"#N/A","#N/A",Medium,"#N/A",New,Subject_gagqd,"#N/A","#N/A","#N/A","#N/A","#N/A"
d94a4b15-6c8a-4307-a11b-8ff3bd7438fc,"#N/A","#N/A",false,Web,"#N/A","#N/A",Medium,"#N/A",New,Subject_zmyaz,"#N/A","#N/A","#N/A","#N/A","#N/A"
d94dae34-7107-4417-98d9-97285bc285dd,"#N/A","#N/A",false,Web,"#N/A","#N/A",Medium,"#N/A",New,Subject_dqkco,"#N/A","#N/A","#N/A","#N/A","#N/A"
d94f9a9f-6e2b-4323-b6d5-11bba9cd2bf8,"#N/A","#N/A",false,Web,"#N/A","#N/A",Medium,"#N/A",New,Subject_ciazo,"#N/A","#N/A","#N/A","#N/A","#N/A"
d9523160-28e1-4567-8f0a-ebbfd1681129,"#N/A","#N/A",false,Web,"#N/A","#N/A",Medium,"#N/A",New,Subject_eqjsk,"#N/A","#N/A","#N/A","#N/A","#N/A"
d95488ae-e932-4ba1-b414-2adbeb7dfc1f,"#N/A","#N/A",false,Web,"#N/A","#N/A",Medium,"#N/A",New,Subject_qhdjs,"#N/A","#N/A","#N/A","#N/A","#N/A"
d9568d2a-65ed-47cf-9674-0d1bf236a599,"#N/A","#N/A",false,Web,"#N/A","#N/A",Medium,"#N/A",New,Subject_rougv,"#N/A","#N/A","#N/A","#N/A","#N/A"
d957616e-f93c-4513-9d37-681eef3c6428,"#N/A","#N/A",false,Web,"#N/A","#N/A",Medium,"#N/A",New,Subject_bxdwd,"#N/A","#N/A","#N/A","#N/A","#N/A"
d9577f1e-de0e-43ae-a451-995e04fd3302,"#N/A","#N/A",false,Web,"#N/A","#N/A",Medium,"#N/A",New,Subject_iwaiu,"#N/A","#N/A","#N/A","#N/A","#N/A"
d95b7fc2-3e74-4671-bbf7-af2940b1d708,"#N/A","#N/A",false,Web,"#N/A","#N/A",Medium,"#N/A",New,Subject_sxvdg,"#N/A","#N/A","#N/A","#N/A","#N/A"
d95e936e-49cc-475a-a237-6a758343ea70,"#N/A","#N/A",false,Web,"#N/A","#N/A",Medium,"#N/A",New,Subject_zfsxz,"#N/A","#N/A","#N/A","#N/A","#N/A"
d963472c-22aa-4c8f-ac28-6556a87b27c2,"#N/A","#N/A",false,Web,"#N/A","#N/A",Medium,"#N/A",New,Subject_jsvvw,"#N/A","#N/A","#N/A","#N/A","#N/A"
d9649a22-d399-4060-87ad-d4ced335ba9e,"#N/A","#N/A",false,Web,"#N/A","#N/A",Medium,"#N/A",New,Subject_tlije,"#N/A","#N/A","#N/A","#N/A","#N/A"
d964b394-db08-40df-a608-6cfc9bd21a27,"#N/A","#N/A",false,Web,"#N/A","#N/A",Medium,"#N/A",New,Subject_cmhwb,"#N/A","#N/A","#N/A","#N/A","#N/A"
d9685e99-105f-4318-a17a-919bd702fc5b,"#N/A","#N/A",false,Web,"#N/A","#N/A",Medium,"#N/A",New,Subject_omcxu,"#N/A","#N/A","#N/A","#N/A","#N/A"
d9699e5f-cc93-4d4a-8893-b25a91776d2d,"#N/A","#N/A",false,Web,"#N/A","#N/A",Medium,"#N/A",New,Subject_uvkxd,"#N/A","#N/A","#N/A","#N/A","#N/A"
d96a4a41-6e31-4154-a819-3d02612c93b6,"#N/A","#N/A",false,Web,"#N/A","#N/A",Medium,"#N/A",New,Subject_hjlko,"#N/A","#N/A","#N/A","#N/A","#N/A"
d96c69e2-04a3-455e-8670-8f516f8ffeab,"#N/A","#N/A",false,Web,"#N/A","#N/A",Medium,"#N/A",New,Subject_uychz,"#N/A","#N/A","#N/A","#N/A","#N/A"
d96fd20c-6f2c-4866-8c54-4efc6f3b316f,"#N/A","#N/A",false,Web,"#N/A","#N/A",Medium,"#N/A",New,Subject_lsynn,"#N/A","#N/A","#N/A","#N/A","#N/A"
d971bced-53e3-4daa-97a6-a17d40ff0a83,"#N/A","#N/A",false,Web,"#N/A","#N/A",Medium,"#N/A",New,Subject_ovluc,"#N/A","#N/A","#N/A","#N/A","#N/A"
d9761570-0e4f-4e50-9f63-e903b82bfe18,"#N/A","#N/A",false,Web,"#N/A","#N/A",Medium,"#N/A",New,Subject_ibpch,"#N/A","#N/A","#N/A","#N/A","#N/A"
d97e2c84-0685-4f94-8bca-fd74ac274745,"#N/A","#N/A",false,Web,"#N/A","#N/A",Medium,"#N/A",New,Subject_fvgzm,"#N/A","#N/A","#N/A","#N/A","#N/A"
d97f6f48-a00b-440e-bc6f-0d0e8602366e,"#N/A","#N/A",false,Web,"#N/A","#N/A",Medium,"#N/A",New,Subject_vyjts,"#N/A","#N/A","#N/A","#N/A","#N/A"
d982fb96-6731-467b-8ffd-9c6272130b1d,"#N/A","#N/A",false,Web,"#N/A","#N/A",Medium,"#N/A",New,Subject_inmte,"#N/A","#N/A","#N/A","#N/A","#N/A"
d9863eb8-1f8f-4f87-ac1e-f3620121139f,"#N/A","#N/A",false,Web,"#N/A","#N/A",Medium,"#N/A",New,Subject_mixaq,"#N/A","#N/A","#N/A","#N/A","#N/A"
d9864696-3699-441e-9d22-fc84a3d71ef8,"#N/A","#N/A",false,Web,"#N/A","#N/A",Medium,"#N/A",New,Subject_mbayx,"#N/A","#N/A","#N/A","#N/A","#N/A"
d986f3b8-1278-4653-8c1e-8feb3dcf23a0,"#N/A","#N/A",false,Web,"#N/A","#N/A",Medium,"#N/A",New,Subject_enqdz,"#N/A","#N/A","#N/A","#N/A","#N/A"
d9895d5a-3b1b-4431-8924-3a506b981b7a,"#N/A","#N/A",false,Web,"#N/A","#N/A",Medium,"#N/A",New,Subject_tyabn,"#N/A","#N/A","#N/A","#N/A","#N/A"
d98c8e6f-54d1-4ca4-91e2-c55cda628d62,"#N/A","#N/A",false,Web,"#N/A","#N/A",Medium,"#N/A",New,Subject_rsbpb,"#N/A","#N/A","#N/A","#N/A","#N/A"
d98e5de6-1300-48e7-b921-563f33a8e411,"#N/A","#N/A",false,Web,"#N/A","#N/A",Medium,"#N/A",New,Subject_mxsln,"#N/A","#N/A","#N/A","#N/A","#N/A"
d991c583-0d41-45b5-8bda-8f3e7dfddf1f,"#N/A","#N/A",false,Web,"#N/A","#N/A",Medium,"#N/A",New,Subject_kvugt,"#N/A","#N/A","#N/A","#N/A","#N/A"
d994c094-4377-4a4a-932d-3d3d18229948,"#N/A","#N/A",false,Web,"#N/A","#N/A",Medium,"#N/A",New,Subject_qpbgx,"#N/A","#N/A","#N/A","#N/A","#N/A"
d9960563-6487-4dab-954d-4981b935ed9c,"#N/A","#N/A",false,Web,"#N/A","#N/A",Medium,"#N/A",New,Subject_hykos,"#N/A","#N/A","#N/A","#N/A","#N/A"
d9996bb8-bf60-44af-9f56-11d12486dbb8,"#N/A","#N/A",false,Web,"#N/A","#N/A",Medium,"#N/A",New,Subject_msijz,"#N/A","#N/A","#N/A","#N/A","#N/A"
d99caf01-f5db-40ca-83f5-14a3aeddf368,"#N/A","#N/A",false,Web,"#N/A","#N/A",Medium,"#N/A",New,Subject_sxffc,"#N/A","#N/A","#N/A","#N/A","#N/A"
d99d4958-2dec-43d9-8590-9b5ba3667885,"#N/A","#N/A",false,Web,"#N/A","#N/A",Medium,"#N/A",New,Subject_nuwkv,"#N/A","#N/A","#N/A","#N/A","#N/A"
d9a67b3e-93e1-4bcf-90b3-f858b39d0225,"#N/A","#N/A",false,Web,"#N/A","#N/A",Medium,"#N/A",New,Subject_hrdgy,"#N/A","#N/A","#N/A","#N/A","#N/A"
d9ae14c9-fd04-4e28-a873-24df48ce11ae,"#N/A","#N/A",false,Web,"#N/A","#N/A",Medium,"#N/A",New,Subject_pdsvp,"#N/A","#N/A","#N/A","#N/A","#N/A"
d9ae3379-52df-4227-9e56-585186d882b0,"#N/A","#N/A",false,Web,"#N/A","#N/A",Medium,"#N/A",New,Subject_ribnq,"#N/A","#N/A","#N/A","#N/A","#N/A"
d9b00f1a-0be7-42d9-9d26-1447e4223c5c,"#N/A","#N/A",false,Web,"#N/A","#N/A",Medium,"#N/A",New,Subject_aqztb,"#N/A","#N/A","#N/A","#N/A","#N/A"
d9b5116f-65cf-4eb4-b3d8-f20ef90d6539,"#N/A","#N/A",false,Web,"#N/A","#N/A",Medium,"#N/A",New,Subject_ltzqw,"#N/A","#N/A","#N/A","#N/A","#N/A"
d9b55403-3d69-4536-9288-a89dad90e601,"#N/A","#N/A",false,Web,"#N/A","#N/A",Medium,"#N/A",New,Subject_spspl,"#N/A","#N/A","#N/A","#N/A","#N/A"
d9b55666-1a4e-4111-9eb5-32ffceb88e53,"#N/A","#N/A",false,Web,"#N/A","#N/A",Medium,"#N/A",New,Subject_hkfdf,"#N/A","#N/A","#N/A","#N/A","#N/A"
d9ba503e-a373-4f35-b95c-5a4e4f3964b9,"#N/A","#N/A",false,Web,"#N/A","#N/A",Medium,"#N/A",New,Subject_hwvtg,"#N/A","#N/A","#N/A","#N/A","#N/A"
d9bbcc60-e8b8-4afe-a8cc-d72f142dd792,"#N/A","#N/A",false,Web,"#N/A","#N/A",Medium,"#N/A",New,Subject_hloav,"#N/A","#N/A","#N/A","#N/A","#N/A"
d9bc2a48-903c-4773-ae43-0d5dd27f6b5d,"#N/A","#N/A",false,Web,"#N/A","#N/A",Medium,"#N/A",New,Subject_ihpot,"#N/A","#N/A","#N/A","#N/A","#N/A"
d9c11351-5d43-4999-89d5-837950068ccf,"#N/A","#N/A",false,Web,"#N/A","#N/A",Medium,"#N/A",New,Subject_mdatk,"#N/A","#N/A","#N/A","#N/A","#N/A"
d9c97862-7a0b-4c46-a706-36b320bb103f,"#N/A","#N/A",false,Web,"#N/A","#N/A",Medium,"#N/A",New,Subject_sylej,"#N/A","#N/A","#N/A","#N/A","#N/A"
d9cd3a63-8291-4186-ae31-234858e5039a,"#N/A","#N/A",false,Web,"#N/A","#N/A",Medium,"#N/A",New,Subject_fjoee,"#N/A","#N/A","#N/A","#N/A","#N/A"
d9d09d4b-032b-4ba9-9cf7-b84d4d0f044e,"#N/A","#N/A",false,Web,"#N/A","#N/A",Medium,"#N/A",New,Subject_gjfrr,"#N/A","#N/A","#N/A","#N/A","#N/A"
d9d21fe3-abf4-4694-8e74-e0c6720a5520,"#N/A","#N/A",false,Web,"#N/A","#N/A",Medium,"#N/A",New,Subject_xyudw,"#N/A","#N/A","#N/A","#N/A","#N/A"
d9d2457a-506e-49e2-8e43-e8494b37c297,"#N/A","#N/A",false,Web,"#N/A","#N/A",Medium,"#N/A",New,Subject_hdzph,"#N/A","#N/A","#N/A","#N/A","#N/A"
d9d7dc6d-da81-43d6-8460-cc59371d74df,"#N/A","#N/A",false,Web,"#N/A","#N/A",Medium,"#N/A",New,Subject_gbayy,"#N/A","#N/A","#N/A","#N/A","#N/A"
d9d97937-95fd-4f1e-9c3f-fb0ffd2ba312,"#N/A","#N/A",false,Web,"#N/A","#N/A",Medium,"#N/A",New,Subject_wzjkf,"#N/A","#N/A","#N/A","#N/A","#N/A"
d9d9c6f1-cf4c-42bc-ad62-c477a4218c5a,"#N/A","#N/A",false,Web,"#N/A","#N/A",Medium,"#N/A",New,Subject_nucwt,"#N/A","#N/A","#N/A","#N/A","#N/A"
d9dbb40f-9617-4ef1-9338-824a89957bc1,"#N/A","#N/A",false,Web,"#N/A","#N/A",Medium,"#N/A",New,Subject_jwoty,"#N/A","#N/A","#N/A","#N/A","#N/A"
d9de06a5-32a3-42cc-8f70-6f138cd6e665,"#N/A","#N/A",false,Web,"#N/A","#N/A",Medium,"#N/A",New,Subject_zfrjy,"#N/A","#N/A","#N/A","#N/A","#N/A"
d9e19b36-8e42-4dd6-a926-163865e489fe,"#N/A","#N/A",false,Web,"#N/A","#N/A",Medium,"#N/A",New,Subject_puecw,"#N/A","#N/A","#N/A","#N/A","#N/A"
d9e36c57-2269-4dfe-9a92-a1c3306b9879,"#N/A","#N/A",false,Web,"#N/A","#N/A",Medium,"#N/A",New,Subject_uwuqf,"#N/A","#N/A","#N/A","#N/A","#N/A"
d9e53e6b-21b2-4208-985e-1f311e398ef6,"#N/A","#N/A",false,Web,"#N/A","#N/A",Medium,"#N/A",New,Subject_qrwjr,"#N/A","#N/A","#N/A","#N/A","#N/A"
d9ec4b8a-e915-429c-919c-5b72629c5c1c,"#N/A","#N/A",false,Web,"#N/A","#N/A",Medium,"#N/A",New,Subject_qlzyk,"#N/A","#N/A","#N/A","#N/A","#N/A"
d9ed711f-1ace-4ecc-ae3b-75410f98b79e,"#N/A","#N/A",false,Web,"#N/A","#N/A",Medium,"#N/A",New,Subject_rnzir,"#N/A","#N/A","#N/A","#N/A","#N/A"
d9f31f6e-3b48-494c-9ad1-5352feb8a4a9,"#N/A","#N/A",false,Web,"#N/A","#N/A",Medium,"#N/A",New,Subject_cwsvs,"#N/A","#N/A","#N/A","#N/A","#N/A"
d9f396dd-d560-4524-add5-f2a9d17d5091,"#N/A","#N/A",false,Web,"#N/A","#N/A",Medium,"#N/A",New,Subject_uykcj,"#N/A","#N/A","#N/A","#N/A","#N/A"
d9f52e32-a23c-420a-bd03-e131f78a134c,"#N/A","#N/A",false,Web,"#N/A","#N/A",Medium,"#N/A",New,Subject_llkwk,"#N/A","#N/A","#N/A","#N/A","#N/A"
d9fa5e33-44d6-4c0f-bb8b-6ebde6fc686c,"#N/A","#N/A",false,Web,"#N/A","#N/A",Medium,"#N/A",New,Subject_dlbel,"#N/A","#N/A","#N/A","#N/A","#N/A"
da017174-e54c-4f3e-a55a-b8096766e2b7,"#N/A","#N/A",false,Web,"#N/A","#N/A",Medium,"#N/A",New,Subject_gogxo,"#N/A","#N/A","#N/A","#N/A","#N/A"
da038022-c320-4e62-afed-afc9ec63c48f,"#N/A","#N/A",false,Web,"#N/A","#N/A",Medium,"#N/A",New,Subject_yvylf,"#N/A","#N/A","#N/A","#N/A","#N/A"
da05a182-f57e-44c6-98b2-8005a0861ce5,"#N/A","#N/A",false,Web,"#N/A","#N/A",Medium,"#N/A",New,Subject_etzth,"#N/A","#N/A","#N/A","#N/A","#N/A"
da0acef6-abb5-4d59-9260-6da32cad7ead,"#N/A","#N/A",false,Web,"#N/A","#N/A",Medium,"#N/A",New,Subject_rtvah,"#N/A","#N/A","#N/A","#N/A","#N/A"
da10b025-1352-41d7-941e-5cdc7641e9a2,"#N/A","#N/A",false,Web,"#N/A","#N/A",Medium,"#N/A",New,Subject_opnne,"#N/A","#N/A","#N/A","#N/A","#N/A"
da139c3f-d623-4742-8e95-d0ce5de1361f,"#N/A","#N/A",false,Web,"#N/A","#N/A",Medium,"#N/A",New,Subject_lvyat,"#N/A","#N/A","#N/A","#N/A","#N/A"
da15566b-4cfd-420b-ab9c-d0762f36c639,"#N/A","#N/A",false,Web,"#N/A","#N/A",Medium,"#N/A",New,Subject_kzzwh,"#N/A","#N/A","#N/A","#N/A","#N/A"
da15b623-fa13-485b-9490-5a891bde1f79,"#N/A","#N/A",false,Web,"#N/A","#N/A",Medium,"#N/A",New,Subject_wltew,"#N/A","#N/A","#N/A","#N/A","#N/A"
da15b8c3-c36b-4ddf-8819-52a6782e8e7d,"#N/A","#N/A",false,Web,"#N/A","#N/A",Medium,"#N/A",New,Subject_jbgrg,"#N/A","#N/A","#N/A","#N/A","#N/A"
da165c87-3a2d-46e7-b4f8-6bae7263c963,"#N/A","#N/A",false,Web,"#N/A","#N/A",Medium,"#N/A",New,Subject_qfegj,"#N/A","#N/A","#N/A","#N/A","#N/A"
da16bcb4-240f-45dc-8478-00ff76cf0459,"#N/A","#N/A",false,Web,"#N/A","#N/A",Medium,"#N/A",New,Subject_tirci,"#N/A","#N/A","#N/A","#N/A","#N/A"
da1932e2-9e03-49e5-9010-0e6497c9fe84,"#N/A","#N/A",false,Web,"#N/A","#N/A",Medium,"#N/A",New,Subject_xnmxb,"#N/A","#N/A","#N/A","#N/A","#N/A"
da1b7342-cd1b-47a3-89e5-30384f9cd09d,"#N/A","#N/A",false,Web,"#N/A","#N/A",Medium,"#N/A",New,Subject_vmkov,"#N/A","#N/A","#N/A","#N/A","#N/A"
da1d6a9a-5ad6-4aa2-a847-28b01fce0d83,"#N/A","#N/A",false,Web,"#N/A","#N/A",Medium,"#N/A",New,Subject_ivyjr,"#N/A","#N/A","#N/A","#N/A","#N/A"
da1f361a-319b-4462-b137-79b08342cb70,"#N/A","#N/A",false,Web,"#N/A","#N/A",Medium,"#N/A",New,Subject_ibeci,"#N/A","#N/A","#N/A","#N/A","#N/A"
da22afee-06b7-48fd-812f-151dcb084f88,"#N/A","#N/A",false,Web,"#N/A","#N/A",Medium,"#N/A",New,Subject_bnguf,"#N/A","#N/A","#N/A","#N/A","#N/A"
da22b454-aa96-47ff-8860-85f8efb45035,"#N/A","#N/A",false,Web,"#N/A","#N/A",Medium,"#N/A",New,Subject_fvzhw,"#N/A","#N/A","#N/A","#N/A","#N/A"
da2ae48e-5b76-4503-bb5a-f76d70a624e9,"#N/A","#N/A",false,Web,"#N/A","#N/A",Medium,"#N/A",New,Subject_frnmj,"#N/A","#N/A","#N/A","#N/A","#N/A"
da2b2dd6-2f88-4352-8ac9-375c23c19423,"#N/A","#N/A",false,Web,"#N/A","#N/A",Medium,"#N/A",New,Subject_wkbas,"#N/A","#N/A","#N/A","#N/A","#N/A"
da2dfd97-6c73-42ef-ae43-fc71be7e50c3,"#N/A","#N/A",false,Web,"#N/A","#N/A",Medium,"#N/A",New,Subject_wbtxn,"#N/A","#N/A","#N/A","#N/A","#N/A"
da2e3be0-1d24-421d-b7aa-133d6bbb0d5d,"#N/A","#N/A",false,Web,"#N/A","#N/A",Medium,"#N/A",New,Subject_eyjtq,"#N/A","#N/A","#N/A","#N/A","#N/A"
da2ef810-a5b0-4c98-8dcd-c2f32d06adff,"#N/A","#N/A",false,Web,"#N/A","#N/A",Medium,"#N/A",New,Subject_uaill,"#N/A","#N/A","#N/A","#N/A","#N/A"
da31c121-f517-4fd3-a84a-5c283d24780e,"#N/A","#N/A",false,Web,"#N/A","#N/A",Medium,"#N/A",New,Subject_veatn,"#N/A","#N/A","#N/A","#N/A","#N/A"
da33fedc-b071-4026-a404-fc5eb634741a,"#N/A","#N/A",false,Web,"#N/A","#N/A",Medium,"#N/A",New,Subject_qhjwa,"#N/A","#N/A","#N/A","#N/A","#N/A"
da3403f5-836a-4385-94d3-dbde63aa3a7a,"#N/A","#N/A",false,Web,"#N/A","#N/A",Medium,"#N/A",New,Subject_vyqry,"#N/A","#N/A","#N/A","#N/A","#N/A"
da34d30f-019e-472d-8ba4-220c5b541f4f,"#N/A","#N/A",false,Web,"#N/A","#N/A",Medium,"#N/A",New,Subject_dkbif,"#N/A","#N/A","#N/A","#N/A","#N/A"
da34e568-1531-4863-8c7f-a9b4bcb565d8,"#N/A","#N/A",false,Web,"#N/A","#N/A",Medium,"#N/A",New,Subject_cubrk,"#N/A","#N/A","#N/A","#N/A","#N/A"
da35f6e3-47c5-4a82-815b-369068d78564,"#N/A","#N/A",false,Web,"#N/A","#N/A",Medium,"#N/A",New,Subject_bcwfn,"#N/A","#N/A","#N/A","#N/A","#N/A"
da37e571-9649-49a0-9bd6-5c2772e38b85,"#N/A","#N/A",false,Web,"#N/A","#N/A",Medium,"#N/A",New,Subject_tgupp,"#N/A","#N/A","#N/A","#N/A","#N/A"
da3b4433-8ebf-4dd6-9ee4-891246b04cff,"#N/A","#N/A",false,Web,"#N/A","#N/A",Medium,"#N/A",New,Subject_cknem,"#N/A","#N/A","#N/A","#N/A","#N/A"
da3c187b-94f9-4236-9c45-c9af2f76bc74,"#N/A","#N/A",false,Web,"#N/A","#N/A",Medium,"#N/A",New,Subject_neyoj,"#N/A","#N/A","#N/A","#N/A","#N/A"
da3ca6f8-dd0f-4d7f-a35e-f624167cdf18,"#N/A","#N/A",false,Web,"#N/A","#N/A",Medium,"#N/A",New,Subject_qqqen,"#N/A","#N/A","#N/A","#N/A","#N/A"
da4009e5-4bd4-4d54-a4b9-51559ca06646,"#N/A","#N/A",false,Web,"#N/A","#N/A",Medium,"#N/A",New,Subject_ccunh,"#N/A","#N/A","#N/A","#N/A","#N/A"
da4bf614-474d-49d0-b6e1-3ac83e35d75f,"#N/A","#N/A",false,Web,"#N/A","#N/A",Medium,"#N/A",New,Subject_zwtos,"#N/A","#N/A","#N/A","#N/A","#N/A"
da4d317c-410f-4730-8246-1204f65b103b,"#N/A","#N/A",false,Web,"#N/A","#N/A",Medium,"#N/A",New,Subject_aoapr,"#N/A","#N/A","#N/A","#N/A","#N/A"
da4e6740-9cb2-46bc-8840-bf636103ab92,"#N/A","#N/A",false,Web,"#N/A","#N/A",Medium,"#N/A",New,Subject_krdnv,"#N/A","#N/A","#N/A","#N/A","#N/A"
da4ec160-1f5b-4750-bd8f-66795bdb257e,"#N/A","#N/A",false,Web,"#N/A","#N/A",Medium,"#N/A",New,Subject_bealo,"#N/A","#N/A","#N/A","#N/A","#N/A"
da4eea2c-1a7e-49fd-a13c-f93756930f8f,"#N/A","#N/A",false,Web,"#N/A","#N/A",Medium,"#N/A",New,Subject_bwwxb,"#N/A","#N/A","#N/A","#N/A","#N/A"
da548b39-0db2-4c24-a34e-e14ba953d3d6,"#N/A","#N/A",false,Web,"#N/A","#N/A",Medium,"#N/A",New,Subject_nqkbl,"#N/A","#N/A","#N/A","#N/A","#N/A"
da5a7e0f-3ce4-42d2-971c-57d807bb2eb8,"#N/A","#N/A",false,Web,"#N/A","#N/A",Medium,"#N/A",New,Subject_jxqhs,"#N/A","#N/A","#N/A","#N/A","#N/A"
da5baafe-e627-4dea-afe4-af3298c67fcc,"#N/A","#N/A",false,Web,"#N/A","#N/A",Medium,"#N/A",New,Subject_irpiu,"#N/A","#N/A","#N/A","#N/A","#N/A"
da5dc433-975d-4ba9-b54d-a64d4535fbf7,"#N/A","#N/A",false,Web,"#N/A","#N/A",Medium,"#N/A",New,Subject_pemut,"#N/A","#N/A","#N/A","#N/A","#N/A"
da5f221f-d6fc-462b-a312-40cb4c7067b6,"#N/A","#N/A",false,Web,"#N/A","#N/A",Medium,"#N/A",New,Subject_gwrte,"#N/A","#N/A","#N/A","#N/A","#N/A"
da644b67-8367-4fb7-a636-fad736cc942e,"#N/A","#N/A",false,Web,"#N/A","#N/A",Medium,"#N/A",New,Subject_tvddu,"#N/A","#N/A","#N/A","#N/A","#N/A"
da65af13-d9eb-48ca-9cba-801e6aab2b2f,"#N/A","#N/A",false,Web,"#N/A","#N/A",Medium,"#N/A",New,Subject_vdydu,"#N/A","#N/A","#N/A","#N/A","#N/A"
da671a62-ecf1-48a3-8611-a5febde2c889,"#N/A","#N/A",false,Web,"#N/A","#N/A",Medium,"#N/A",New,Subject_leljf,"#N/A","#N/A","#N/A","#N/A","#N/A"
da6b500d-69aa-4c68-8889-fe4c3005fc0e,"#N/A","#N/A",false,Web,"#N/A","#N/A",Medium,"#N/A",New,Subject_diurs,"#N/A","#N/A","#N/A","#N/A","#N/A"
da6b7ce8-20db-4197-90fb-64bfdb2bb662,"#N/A","#N/A",false,Web,"#N/A","#N/A",Medium,"#N/A",New,Subject_imzzp,"#N/A","#N/A","#N/A","#N/A","#N/A"
da6c662b-d1a3-4185-984d-04ca70d77db5,"#N/A","#N/A",false,Web,"#N/A","#N/A",Medium,"#N/A",New,Subject_zails,"#N/A","#N/A","#N/A","#N/A","#N/A"
da6c9ad5-4fa4-45f5-a81b-d2acd666d708,"#N/A","#N/A",false,Web,"#N/A","#N/A",Medium,"#N/A",New,Subject_lmeju,"#N/A","#N/A","#N/A","#N/A","#N/A"
da6cf61d-e6c4-4103-874d-1d383232be44,"#N/A","#N/A",false,Web,"#N/A","#N/A",Medium,"#N/A",New,Subject_wcgde,"#N/A","#N/A","#N/A","#N/A","#N/A"
da6f38a1-b567-4de2-8cdc-43484542e1bb,"#N/A","#N/A",false,Web,"#N/A","#N/A",Medium,"#N/A",New,Subject_itnpe,"#N/A","#N/A","#N/A","#N/A","#N/A"
da6f5550-5ed1-48ad-80a8-9ab361d477de,"#N/A","#N/A",false,Web,"#N/A","#N/A",Medium,"#N/A",New,Subject_adobb,"#N/A","#N/A","#N/A","#N/A","#N/A"
da74b791-e1ef-46dd-8282-d78ff40d04b2,"#N/A","#N/A",false,Web,"#N/A","#N/A",Medium,"#N/A",New,Subject_yvyij,"#N/A","#N/A","#N/A","#N/A","#N/A"
da78ff97-e954-4d5d-8d34-84a595866337,"#N/A","#N/A",false,Web,"#N/A","#N/A",Medium,"#N/A",New,Subject_wtolz,"#N/A","#N/A","#N/A","#N/A","#N/A"
da791961-0fd9-4908-861a-c9b7372532ee,"#N/A","#N/A",false,Web,"#N/A","#N/A",Medium,"#N/A",New,Subject_gcikj,"#N/A","#N/A","#N/A","#N/A","#N/A"
da7b7199-1a1f-4d39-a099-dca893629bf8,"#N/A","#N/A",false,Web,"#N/A","#N/A",Medium,"#N/A",New,Subject_nlxkl,"#N/A","#N/A","#N/A","#N/A","#N/A"
da8513d3-fb41-43f8-a4ac-f96e43841f19,"#N/A","#N/A",false,Web,"#N/A","#N/A",Medium,"#N/A",New,Subject_jzlhb,"#N/A","#N/A","#N/A","#N/A","#N/A"
da87bb6f-f7a4-4982-8bf0-f82ca9300c45,"#N/A","#N/A",false,Web,"#N/A","#N/A",Medium,"#N/A",New,Subject_gosps,"#N/A","#N/A","#N/A","#N/A","#N/A"
da89583e-8abf-4dd2-abf4-077a2aeac207,"#N/A","#N/A",false,Web,"#N/A","#N/A",Medium,"#N/A",New,Subject_hmvle,"#N/A","#N/A","#N/A","#N/A","#N/A"
da8ae621-f5bb-4f52-a247-1776d7c4f2fd,"#N/A","#N/A",false,Web,"#N/A","#N/A",Medium,"#N/A",New,Subject_rbbcn,"#N/A","#N/A","#N/A","#N/A","#N/A"
da8c94ed-08de-4e16-bf08-8cfbaf52d279,"#N/A","#N/A",false,Web,"#N/A","#N/A",Medium,"#N/A",New,Subject_fxsme,"#N/A","#N/A","#N/A","#N/A","#N/A"
da8db9e0-1861-4c87-ac96-c237a8eecdba,"#N/A","#N/A",false,Web,"#N/A","#N/A",Medium,"#N/A",New,Subject_zgolc,"#N/A","#N/A","#N/A","#N/A","#N/A"
da8de341-48cb-4414-bd78-8b033152c6a6,"#N/A","#N/A",false,Web,"#N/A","#N/A",Medium,"#N/A",New,Subject_lwrqs,"#N/A","#N/A","#N/A","#N/A","#N/A"
da8e3730-d74d-4326-8958-51fb0f33ab6a,"#N/A","#N/A",false,Web,"#N/A","#N/A",Medium,"#N/A",New,Subject_jfbkq,"#N/A","#N/A","#N/A","#N/A","#N/A"
da8e568d-fedb-4b2b-a183-c1bbbd60d20f,"#N/A","#N/A",false,Web,"#N/A","#N/A",Medium,"#N/A",New,Subject_akpha,"#N/A","#N/A","#N/A","#N/A","#N/A"
da8e6206-0127-45be-8654-14d1a380c28a,"#N/A","#N/A",false,Web,"#N/A","#N/A",Medium,"#N/A",New,Subject_igjbv,"#N/A","#N/A","#N/A","#N/A","#N/A"
da8f72c6-35ed-4d8f-9565-40d0472cf3fb,"#N/A","#N/A",false,Web,"#N/A","#N/A",Medium,"#N/A",New,Subject_kwhsv,"#N/A","#N/A","#N/A","#N/A","#N/A"
da96ebe6-bd2d-4ec1-a63b-6c2717d0ab52,"#N/A","#N/A",false,Web,"#N/A","#N/A",Medium,"#N/A",New,Subject_ozrxr,"#N/A","#N/A","#N/A","#N/A","#N/A"
da9afd1a-1cfb-4f29-919d-263228be700f,"#N/A","#N/A",false,Web,"#N/A","#N/A",Medium,"#N/A",New,Subject_oeses,"#N/A","#N/A","#N/A","#N/A","#N/A"
da9c7d9c-622c-41b0-ba8e-807e665af82b,"#N/A","#N/A",false,Web,"#N/A","#N/A",Medium,"#N/A",New,Subject_jybvm,"#N/A","#N/A","#N/A","#N/A","#N/A"
da9c9997-0751-4a2e-bc86-6b767f0ddae9,"#N/A","#N/A",false,Web,"#N/A","#N/A",Medium,"#N/A",New,Subject_sfgfh,"#N/A","#N/A","#N/A","#N/A","#N/A"
da9d602c-2306-4f38-8468-543ebecc0701,"#N/A","#N/A",false,Web,"#N/A","#N/A",Medium,"#N/A",New,Subject_bqlbr,"#N/A","#N/A","#N/A","#N/A","#N/A"
daa3c009-7e11-4328-81d7-f248ddd3815e,"#N/A","#N/A",false,Web,"#N/A","#N/A",Medium,"#N/A",New,Subject_zdler,"#N/A","#N/A","#N/A","#N/A","#N/A"
daa58bae-da31-4f18-9e0e-8ba0cb45dd60,"#N/A","#N/A",false,Web,"#N/A","#N/A",Medium,"#N/A",New,Subject_iytne,"#N/A","#N/A","#N/A","#N/A","#N/A"
daa6de6e-6b15-4d56-a9d0-f8c643bcd827,"#N/A","#N/A",false,Web,"#N/A","#N/A",Medium,"#N/A",New,Subject_gjeln,"#N/A","#N/A","#N/A","#N/A","#N/A"
daa80d3c-2a35-435c-8b9f-0fd5022ef00e,"#N/A","#N/A",false,Web,"#N/A","#N/A",Medium,"#N/A",New,Subject_jsbnv,"#N/A","#N/A","#N/A","#N/A","#N/A"
daaca275-1e1f-4ecd-ab1f-5f91f783204e,"#N/A","#N/A",false,Web,"#N/A","#N/A",Medium,"#N/A",New,Subject_wwzvg,"#N/A","#N/A","#N/A","#N/A","#N/A"
daacaac3-a681-49b1-89b0-a9b311b3e2ba,"#N/A","#N/A",false,Web,"#N/A","#N/A",Medium,"#N/A",New,Subject_ioaqs,"#N/A","#N/A","#N/A","#N/A","#N/A"
daad120e-90c7-4a38-bd02-f6b39726f1d5,"#N/A","#N/A",false,Web,"#N/A","#N/A",Medium,"#N/A",New,Subject_xnlzo,"#N/A","#N/A","#N/A","#N/A","#N/A"
dab02c1c-5723-46bc-8570-9f3a2537905e,"#N/A","#N/A",false,Web,"#N/A","#N/A",Medium,"#N/A",New,Subject_cmjwl,"#N/A","#N/A","#N/A","#N/A","#N/A"
dab27e20-0f3a-4ca0-bffc-6975792dc0af,"#N/A","#N/A",false,Web,"#N/A","#N/A",Medium,"#N/A",New,Subject_vbwtp,"#N/A","#N/A","#N/A","#N/A","#N/A"
dab5ab07-937a-45b8-ab66-902f56d3e65c,"#N/A","#N/A",false,Web,"#N/A","#N/A",Medium,"#N/A",New,Subject_rzgyk,"#N/A","#N/A","#N/A","#N/A","#N/A"
dab731dd-6022-475f-841b-218b78956431,"#N/A","#N/A",false,Web,"#N/A","#N/A",Medium,"#N/A",New,Subject_xabcq,"#N/A","#N/A","#N/A","#N/A","#N/A"
dab7a290-eba8-4fc7-9096-626fc6b964aa,"#N/A","#N/A",false,Web,"#N/A","#N/A",Medium,"#N/A",New,Subject_nvqsy,"#N/A","#N/A","#N/A","#N/A","#N/A"
dab7d836-30d1-492b-918a-bb58a16834d8,"#N/A","#N/A",false,Web,"#N/A","#N/A",Medium,"#N/A",New,Subject_ydogy,"#N/A","#N/A","#N/A","#N/A","#N/A"
dab9f778-a70a-4f84-af3d-0a0aecaab0bc,"#N/A","#N/A",false,Web,"#N/A","#N/A",Medium,"#N/A",New,Subject_ygjle,"#N/A","#N/A","#N/A","#N/A","#N/A"
dabd93c3-8d4a-4972-9940-795f429087e5,"#N/A","#N/A",false,Web,"#N/A","#N/A",Medium,"#N/A",New,Subject_updwh,"#N/A","#N/A","#N/A","#N/A","#N/A"
dabee330-215a-48f2-9cdd-3d4b1be317e3,"#N/A","#N/A",false,Web,"#N/A","#N/A",Medium,"#N/A",New,Subject_eypae,"#N/A","#N/A","#N/A","#N/A","#N/A"
dac0a3e4-e2b6-4379-92d3-ae7d3da3434d,"#N/A","#N/A",false,Web,"#N/A","#N/A",Medium,"#N/A",New,Subject_knyqv,"#N/A","#N/A","#N/A","#N/A","#N/A"
dac1a4f8-cc9c-40be-adb6-e0ca4561b6a1,"#N/A","#N/A",false,Web,"#N/A","#N/A",Medium,"#N/A",New,Subject_yjbif,"#N/A","#N/A","#N/A","#N/A","#N/A"
dac2616c-d1a4-44d4-a3c8-ff76b63e091d,"#N/A","#N/A",false,Web,"#N/A","#N/A",Medium,"#N/A",New,Subject_eeqam,"#N/A","#N/A","#N/A","#N/A","#N/A"
dac7088f-be84-4098-82d3-4a5440b48961,"#N/A","#N/A",false,Web,"#N/A","#N/A",Medium,"#N/A",New,Subject_etfkh,"#N/A","#N/A","#N/A","#N/A","#N/A"
dad4fddf-16ed-425d-831e-298a7a3b0808,"#N/A","#N/A",false,Web,"#N/A","#N/A",Medium,"#N/A",New,Subject_mlnfx,"#N/A","#N/A","#N/A","#N/A","#N/A"
dad63a7f-3b0e-4362-9ca6-dc0cbcd357fc,"#N/A","#N/A",false,Web,"#N/A","#N/A",Medium,"#N/A",New,Subject_irtjg,"#N/A","#N/A","#N/A","#N/A","#N/A"
dad72fd6-5bf1-494c-ba02-db432fdd2aa3,"#N/A","#N/A",false,Web,"#N/A","#N/A",Medium,"#N/A",New,Subject_ukluw,"#N/A","#N/A","#N/A","#N/A","#N/A"
dada90b4-18de-4369-aca0-61c6ad67a1ea,"#N/A","#N/A",false,Web,"#N/A","#N/A",Medium,"#N/A",New,Subject_nhhgc,"#N/A","#N/A","#N/A","#N/A","#N/A"
dadcc75c-ce78-4f57-8b4c-a5118e7091e9,"#N/A","#N/A",false,Web,"#N/A","#N/A",Medium,"#N/A",New,Subject_bjjrd,"#N/A","#N/A","#N/A","#N/A","#N/A"
dadd0835-dd19-470d-b1f4-56fbe1f69d0b,"#N/A","#N/A",false,Web,"#N/A","#N/A",Medium,"#N/A",New,Subject_nxsft,"#N/A","#N/A","#N/A","#N/A","#N/A"
dae04484-cf24-4bb0-a182-9fda047e929f,"#N/A","#N/A",false,Web,"#N/A","#N/A",Medium,"#N/A",New,Subject_lfwud,"#N/A","#N/A","#N/A","#N/A","#N/A"
dae2d9a4-a087-40db-baf4-6d3191419c9a,"#N/A","#N/A",false,Web,"#N/A","#N/A",Medium,"#N/A",New,Subject_hzhqs,"#N/A","#N/A","#N/A","#N/A","#N/A"
dae87d6c-3b4a-4a12-b67d-7f352d838e59,"#N/A","#N/A",false,Web,"#N/A","#N/A",Medium,"#N/A",New,Subject_mblkq,"#N/A","#N/A","#N/A","#N/A","#N/A"
daeac8e6-321b-49d1-a196-5d624d9841b0,"#N/A","#N/A",false,Web,"#N/A","#N/A",Medium,"#N/A",New,Subject_fxylr,"#N/A","#N/A","#N/A","#N/A","#N/A"
daecfcbe-4cfe-4f2a-9f30-e71ae5c6e23c,"#N/A","#N/A",false,Web,"#N/A","#N/A",Medium,"#N/A",New,Subject_ofgwm,"#N/A","#N/A","#N/A","#N/A","#N/A"
daf0cfc8-b63f-4ee9-9b16-e537e1ee558f,"#N/A","#N/A",false,Web,"#N/A","#N/A",Medium,"#N/A",New,Subject_votbd,"#N/A","#N/A","#N/A","#N/A","#N/A"
daf26d0e-fbc8-450f-a7fd-84f4f49e7386,"#N/A","#N/A",false,Web,"#N/A","#N/A",Medium,"#N/A",New,Subject_xclcr,"#N/A","#N/A","#N/A","#N/A","#N/A"
daf3f105-4545-4fb9-b5eb-d621fd5c3e60,"#N/A","#N/A",false,Web,"#N/A","#N/A",Medium,"#N/A",New,Subject_ydgbg,"#N/A","#N/A","#N/A","#N/A","#N/A"
daf86b87-9c9d-4c4c-8bc8-308884eaa7e0,"#N/A","#N/A",false,Web,"#N/A","#N/A",Medium,"#N/A",New,Subject_lmsif,"#N/A","#N/A","#N/A","#N/A","#N/A"
daf9f14b-cf67-45b2-a5a5-4055aa127b51,"#N/A","#N/A",false,Web,"#N/A","#N/A",Medium,"#N/A",New,Subject_wvraj,"#N/A","#N/A","#N/A","#N/A","#N/A"
dafa500c-4241-4e92-aee1-d2054229f744,"#N/A","#N/A",false,Web,"#N/A","#N/A",Medium,"#N/A",New,Subject_vzyco,"#N/A","#N/A","#N/A","#N/A","#N/A"
dafb9162-0b8e-4bd2-a827-bfb7ae1c5d62,"#N/A","#N/A",false,Web,"#N/A","#N/A",Medium,"#N/A",New,Subject_rejfg,"#N/A","#N/A","#N/A","#N/A","#N/A"
dafbe708-da8f-4cd1-8d92-577c6c1a0461,"#N/A","#N/A",false,Web,"#N/A","#N/A",Medium,"#N/A",New,Subject_hxcml,"#N/A","#N/A","#N/A","#N/A","#N/A"
daffd0cf-cb9b-44a3-adaf-d26b6c763c31,"#N/A","#N/A",false,Web,"#N/A","#N/A",Medium,"#N/A",New,Subject_pdghx,"#N/A","#N/A","#N/A","#N/A","#N/A"
db051cf4-e9bc-4972-9d22-520d1c7d37bc,"#N/A","#N/A",false,Web,"#N/A","#N/A",Medium,"#N/A",New,Subject_hkhug,"#N/A","#N/A","#N/A","#N/A","#N/A"
db090a35-2b79-48d7-993f-63b87d383cf1,"#N/A","#N/A",false,Web,"#N/A","#N/A",Medium,"#N/A",New,Subject_krzfq,"#N/A","#N/A","#N/A","#N/A","#N/A"
db0aa0a6-4c2e-4262-9ada-4e00bfad0e65,"#N/A","#N/A",false,Web,"#N/A","#N/A",Medium,"#N/A",New,Subject_ffxaq,"#N/A","#N/A","#N/A","#N/A","#N/A"
db0aaa7a-b35b-49f0-87c1-10cf5c79775c,"#N/A","#N/A",false,Web,"#N/A","#N/A",Medium,"#N/A",New,Subject_jdfjx,"#N/A","#N/A","#N/A","#N/A","#N/A"
db12a301-ca5a-419c-92e2-a8bab53d5bf7,"#N/A","#N/A",false,Web,"#N/A","#N/A",Medium,"#N/A",New,Subject_tgwrz,"#N/A","#N/A","#N/A","#N/A","#N/A"
db12f447-c06f-4014-b0b9-9ede8c1a045f,"#N/A","#N/A",false,Web,"#N/A","#N/A",Medium,"#N/A",New,Subject_byfvs,"#N/A","#N/A","#N/A","#N/A","#N/A"
db13fc2c-87be-4757-8a82-ebf236773617,"#N/A","#N/A",false,Web,"#N/A","#N/A",Medium,"#N/A",New,Subject_ixbqj,"#N/A","#N/A","#N/A","#N/A","#N/A"
db1f1cb5-9ddd-4541-bed4-afdd9ac2e920,"#N/A","#N/A",false,Web,"#N/A","#N/A",Medium,"#N/A",New,Subject_dsgjo,"#N/A","#N/A","#N/A","#N/A","#N/A"
db203b03-8798-488a-99e2-89675e88cfd7,"#N/A","#N/A",false,Web,"#N/A","#N/A",Medium,"#N/A",New,Subject_fseil,"#N/A","#N/A","#N/A","#N/A","#N/A"
db22bd03-dafa-4f15-8f87-efaddf8e4e44,"#N/A","#N/A",false,Web,"#N/A","#N/A",Medium,"#N/A",New,Subject_ejpdj,"#N/A","#N/A","#N/A","#N/A","#N/A"
db24b590-cb8c-4d8d-9e7a-7fa9cd9d1050,"#N/A","#N/A",false,Web,"#N/A","#N/A",Medium,"#N/A",New,Subject_pbplz,"#N/A","#N/A","#N/A","#N/A","#N/A"
db2a38c8-10bf-4429-88f3-013c5a317628,"#N/A","#N/A",false,Web,"#N/A","#N/A",Medium,"#N/A",New,Subject_utgnn,"#N/A","#N/A","#N/A","#N/A","#N/A"
db2da433-a37d-4b9a-9b0b-97e238dc6519,"#N/A","#N/A",false,Web,"#N/A","#N/A",Medium,"#N/A",New,Subject_vkpxy,"#N/A","#N/A","#N/A","#N/A","#N/A"
db2df994-d369-4e70-9de7-63d4c3d3dad6,"#N/A","#N/A",false,Web,"#N/A","#N/A",Medium,"#N/A",New,Subject_kfymf,"#N/A","#N/A","#N/A","#N/A","#N/A"
db3269c8-d746-4198-8e04-c205aa49c21a,"#N/A","#N/A",false,Web,"#N/A","#N/A",Medium,"#N/A",New,Subject_yvyij,"#N/A","#N/A","#N/A","#N/A","#N/A"
db38985e-3c8f-4f2b-abe1-3069d32071a1,"#N/A","#N/A",false,Web,"#N/A","#N/A",Medium,"#N/A",New,Subject_gpyct,"#N/A","#N/A","#N/A","#N/A","#N/A"
db3acadc-c3f6-4d44-9d17-2b6f9fd1cd96,"#N/A","#N/A",false,Web,"#N/A","#N/A",Medium,"#N/A",New,Subject_qbgnu,"#N/A","#N/A","#N/A","#N/A","#N/A"
db3ad1b6-fdd0-4e96-bf1a-3a55b859bc5a,"#N/A","#N/A",false,Web,"#N/A","#N/A",Medium,"#N/A",New,Subject_jamhy,"#N/A","#N/A","#N/A","#N/A","#N/A"
db3b0fd1-ff3e-440b-8155-023d656d52b4,"#N/A","#N/A",false,Web,"#N/A","#N/A",Medium,"#N/A",New,Subject_cmttd,"#N/A","#N/A","#N/A","#N/A","#N/A"
db3e7bde-8e76-4a93-9f08-e1648a5b0882,"#N/A","#N/A",false,Web,"#N/A","#N/A",Medium,"#N/A",New,Subject_jkaoh,"#N/A","#N/A","#N/A","#N/A","#N/A"
db415212-9149-4f0c-be9d-0030abb758e8,"#N/A","#N/A",false,Web,"#N/A","#N/A",Medium,"#N/A",New,Subject_nlywe,"#N/A","#N/A","#N/A","#N/A","#N/A"
db424dd3-c236-4bd8-9d70-4cca657a7c80,"#N/A","#N/A",false,Web,"#N/A","#N/A",Medium,"#N/A",New,Subject_dfdgf,"#N/A","#N/A","#N/A","#N/A","#N/A"
db43c285-fbdd-46e4-a260-a8364dc0da46,"#N/A","#N/A",false,Web,"#N/A","#N/A",Medium,"#N/A",New,Subject_vzjxp,"#N/A","#N/A","#N/A","#N/A","#N/A"
db441fb4-48e3-48d0-9001-37b6bd24a9ea,"#N/A","#N/A",false,Web,"#N/A","#N/A",Medium,"#N/A",New,Subject_qptlq,"#N/A","#N/A","#N/A","#N/A","#N/A"
db445b1b-4b03-4380-bb20-4b109d3b7676,"#N/A","#N/A",false,Web,"#N/A","#N/A",Medium,"#N/A",New,Subject_zhgic,"#N/A","#N/A","#N/A","#N/A","#N/A"
db4578fe-cc64-44fb-b195-f0943f7291a1,"#N/A","#N/A",false,Web,"#N/A","#N/A",Medium,"#N/A",New,Subject_cweav,"#N/A","#N/A","#N/A","#N/A","#N/A"
db45a20d-179a-45b2-a903-36c31d90ed91,"#N/A","#N/A",false,Web,"#N/A","#N/A",Medium,"#N/A",New,Subject_qojwl,"#N/A","#N/A","#N/A","#N/A","#N/A"
db4685ed-47cb-48da-8719-13c9a24fa178,"#N/A","#N/A",false,Web,"#N/A","#N/A",Medium,"#N/A",New,Subject_pzcct,"#N/A","#N/A","#N/A","#N/A","#N/A"
db469987-9f6d-4446-8309-2958e583bdee,"#N/A","#N/A",false,Web,"#N/A","#N/A",Medium,"#N/A",New,Subject_fihnt,"#N/A","#N/A","#N/A","#N/A","#N/A"
db4839c8-49bb-4e57-bd72-7a906f5e2bd9,"#N/A","#N/A",false,Web,"#N/A","#N/A",Medium,"#N/A",New,Subject_qfnbi,"#N/A","#N/A","#N/A","#N/A","#N/A"
db49e620-10da-4fa8-9cc9-ceb00422d515,"#N/A","#N/A",false,Web,"#N/A","#N/A",Medium,"#N/A",New,Subject_znill,"#N/A","#N/A","#N/A","#N/A","#N/A"
db4faf7a-e4b6-41c8-a3a2-0958e9592c01,"#N/A","#N/A",false,Web,"#N/A","#N/A",Medium,"#N/A",New,Subject_dbtrc,"#N/A","#N/A","#N/A","#N/A","#N/A"
db4fbb1b-8a14-406a-8ab8-550cab5752d3,"#N/A","#N/A",false,Web,"#N/A","#N/A",Medium,"#N/A",New,Subject_tvhds,"#N/A","#N/A","#N/A","#N/A","#N/A"
db4fd6c0-511e-4757-8be3-d2ff56cdbd63,"#N/A","#N/A",false,Web,"#N/A","#N/A",Medium,"#N/A",New,Subject_utvpu,"#N/A","#N/A","#N/A","#N/A","#N/A"
db53a001-d5c9-4f70-9b71-0c75e5bbe85d,"#N/A","#N/A",false,Web,"#N/A","#N/A",Medium,"#N/A",New,Subject_hrlph,"#N/A","#N/A","#N/A","#N/A","#N/A"
db5829e8-31cb-48e1-8f0f-5f4e454ab208,"#N/A","#N/A",false,Web,"#N/A","#N/A",Medium,"#N/A",New,Subject_qjbyk,"#N/A","#N/A","#N/A","#N/A","#N/A"
db58392f-35ad-4084-ba07-4a694e948799,"#N/A","#N/A",false,Web,"#N/A","#N/A",Medium,"#N/A",New,Subject_qevhz,"#N/A","#N/A","#N/A","#N/A","#N/A"
db59752e-4808-473c-b2b3-f2fb074a545a,"#N/A","#N/A",false,Web,"#N/A","#N/A",Medium,"#N/A",New,Subject_xpfuh,"#N/A","#N/A","#N/A","#N/A","#N/A"
db5e58c9-2c03-40b9-93ae-85ee3610670b,"#N/A","#N/A",false,Web,"#N/A","#N/A",Medium,"#N/A",New,Subject_fkexw,"#N/A","#N/A","#N/A","#N/A","#N/A"
db5eeb88-ac89-417a-a994-721662459e42,"#N/A","#N/A",false,Web,"#N/A","#N/A",Medium,"#N/A",New,Subject_ssvbs,"#N/A","#N/A","#N/A","#N/A","#N/A"
db5f3c73-9cce-4945-bf50-897f63f4cb87,"#N/A","#N/A",false,Web,"#N/A","#N/A",Medium,"#N/A",New,Subject_irokc,"#N/A","#N/A","#N/A","#N/A","#N/A"
db65ef32-8c7e-4c00-bee2-fc209eca086f,"#N/A","#N/A",false,Web,"#N/A","#N/A",Medium,"#N/A",New,Subject_nqxxe,"#N/A","#N/A","#N/A","#N/A","#N/A"
db67ffc3-4011-41c3-9e77-361b7118599a,"#N/A","#N/A",false,Web,"#N/A","#N/A",Medium,"#N/A",New,Subject_vquql,"#N/A","#N/A","#N/A","#N/A","#N/A"
db6d0018-6438-4230-aae0-3fa27be275a9,"#N/A","#N/A",false,Web,"#N/A","#N/A",Medium,"#N/A",New,Subject_krcid,"#N/A","#N/A","#N/A","#N/A","#N/A"
db6d1c0e-3e3b-44b6-b2bb-612b00c6b958,"#N/A","#N/A",false,Web,"#N/A","#N/A",Medium,"#N/A",New,Subject_rklap,"#N/A","#N/A","#N/A","#N/A","#N/A"
db6f299f-e1da-4cdb-944e-b4e33976af66,"#N/A","#N/A",false,Web,"#N/A","#N/A",Medium,"#N/A",New,Subject_iofoa,"#N/A","#N/A","#N/A","#N/A","#N/A"
db782a65-bf29-4e87-924e-c3affac87492,"#N/A","#N/A",false,Web,"#N/A","#N/A",Medium,"#N/A",New,Subject_lmjwx,"#N/A","#N/A","#N/A","#N/A","#N/A"
db79e58a-6c25-4cc7-9f0c-a87f7511f4ec,"#N/A","#N/A",false,Web,"#N/A","#N/A",Medium,"#N/A",New,Subject_fdulp,"#N/A","#N/A","#N/A","#N/A","#N/A"
db7fa142-0247-4c3c-918e-0b533b6fcfae,"#N/A","#N/A",false,Web,"#N/A","#N/A",Medium,"#N/A",New,Subject_awvfv,"#N/A","#N/A","#N/A","#N/A","#N/A"
db88791c-b3a2-41bf-b03f-99e041246a09,"#N/A","#N/A",false,Web,"#N/A","#N/A",Medium,"#N/A",New,Subject_vpfut,"#N/A","#N/A","#N/A","#N/A","#N/A"
db8d3041-820f-46a7-a736-02c50acd887a,"#N/A","#N/A",false,Web,"#N/A","#N/A",Medium,"#N/A",New,Subject_ovqla,"#N/A","#N/A","#N/A","#N/A","#N/A"
db943197-bea8-45c1-a6f7-87efd025b718,"#N/A","#N/A",false,Web,"#N/A","#N/A",Medium,"#N/A",New,Subject_gcdox,"#N/A","#N/A","#N/A","#N/A","#N/A"
db9ee91d-b6e1-4135-8778-4a1398f42c48,"#N/A","#N/A",false,Web,"#N/A","#N/A",Medium,"#N/A",New,Subject_tglqz,"#N/A","#N/A","#N/A","#N/A","#N/A"
dba11851-f4b8-447e-bd49-5c2050627968,"#N/A","#N/A",false,Web,"#N/A","#N/A",Medium,"#N/A",New,Subject_wxyhg,"#N/A","#N/A","#N/A","#N/A","#N/A"
dba15384-4e0d-4c98-ac16-48ce3e77fabc,"#N/A","#N/A",false,Web,"#N/A","#N/A",Medium,"#N/A",New,Subject_dcmst,"#N/A","#N/A","#N/A","#N/A","#N/A"
dba5ed95-725f-4af9-bde5-3b8c1f272b81,"#N/A","#N/A",false,Web,"#N/A","#N/A",Medium,"#N/A",New,Subject_ututk,"#N/A","#N/A","#N/A","#N/A","#N/A"
dba9bd3c-24e1-4648-93a7-4ac4026a7e30,"#N/A","#N/A",false,Web,"#N/A","#N/A",Medium,"#N/A",New,Subject_qimcj,"#N/A","#N/A","#N/A","#N/A","#N/A"
dbaa41c5-8bef-4157-9286-9fb56f133d39,"#N/A","#N/A",false,Web,"#N/A","#N/A",Medium,"#N/A",New,Subject_gjobe,"#N/A","#N/A","#N/A","#N/A","#N/A"
dbae7d57-6951-40f7-b0b0-fe2ab16b1793,"#N/A","#N/A",false,Web,"#N/A","#N/A",Medium,"#N/A",New,Subject_tysoq,"#N/A","#N/A","#N/A","#N/A","#N/A"
dbafcf7a-cf75-4496-8fdf-3a0312bda621,"#N/A","#N/A",false,Web,"#N/A","#N/A",Medium,"#N/A",New,Subject_nozgw,"#N/A","#N/A","#N/A","#N/A","#N/A"
dbb088ff-d33c-4d9d-a828-4aced15a1979,"#N/A","#N/A",false,Web,"#N/A","#N/A",Medium,"#N/A",New,Subject_xhnxp,"#N/A","#N/A","#N/A","#N/A","#N/A"
dbb0a040-f375-4a77-85b4-e5197f7e1a02,"#N/A","#N/A",false,Web,"#N/A","#N/A",Medium,"#N/A",New,Subject_udwro,"#N/A","#N/A","#N/A","#N/A","#N/A"
dbb2585e-376d-49f1-96bb-782fed8a63ee,"#N/A","#N/A",false,Web,"#N/A","#N/A",Medium,"#N/A",New,Subject_jvnhv,"#N/A","#N/A","#N/A","#N/A","#N/A"
dbb6e792-1f55-47dc-8472-c9d294f9b678,"#N/A","#N/A",false,Web,"#N/A","#N/A",Medium,"#N/A",New,Subject_jnpti,"#N/A","#N/A","#N/A","#N/A","#N/A"
dbba7188-dca5-4344-bcdc-59e4b408594f,"#N/A","#N/A",false,Web,"#N/A","#N/A",Medium,"#N/A",New,Subject_gegyt,"#N/A","#N/A","#N/A","#N/A","#N/A"
dbbab40e-eab9-4f00-b201-b3d894a98999,"#N/A","#N/A",false,Web,"#N/A","#N/A",Medium,"#N/A",New,Subject_iobjk,"#N/A","#N/A","#N/A","#N/A","#N/A"
dbbb7133-66bc-4941-8228-66ae79b44d52,"#N/A","#N/A",false,Web,"#N/A","#N/A",Medium,"#N/A",New,Subject_nulyc,"#N/A","#N/A","#N/A","#N/A","#N/A"
dbbdcfca-2ffc-4bb3-8130-87b80ff31625,"#N/A","#N/A",false,Web,"#N/A","#N/A",Medium,"#N/A",New,Subject_vtsxk,"#N/A","#N/A","#N/A","#N/A","#N/A"
dbc001c0-4152-4beb-a967-a52aea60cedb,"#N/A","#N/A",false,Web,"#N/A","#N/A",Medium,"#N/A",New,Subject_razmr,"#N/A","#N/A","#N/A","#N/A","#N/A"
dbc1638a-48dd-4489-bca6-728563493c85,"#N/A","#N/A",false,Web,"#N/A","#N/A",Medium,"#N/A",New,Subject_rhxny,"#N/A","#N/A","#N/A","#N/A","#N/A"
dbc4f551-fc57-44dd-8eb3-26b3b76cea4a,"#N/A","#N/A",false,Web,"#N/A","#N/A",Medium,"#N/A",New,Subject_omutg,"#N/A","#N/A","#N/A","#N/A","#N/A"
dbcc67ca-4fb0-4c10-9621-49faeb35ae50,"#N/A","#N/A",false,Web,"#N/A","#N/A",Medium,"#N/A",New,Subject_zqneg,"#N/A","#N/A","#N/A","#N/A","#N/A"
dbd02041-414f-4e85-867e-81b9c746058d,"#N/A","#N/A",false,Web,"#N/A","#N/A",Medium,"#N/A",New,Subject_hvmuc,"#N/A","#N/A","#N/A","#N/A","#N/A"
dbd0bf9f-c5ad-4221-bd3e-52e6d2e4f072,"#N/A","#N/A",false,Web,"#N/A","#N/A",Medium,"#N/A",New,Subject_toiog,"#N/A","#N/A","#N/A","#N/A","#N/A"
dbd9fd2b-7b96-47d2-adba-ea6688470448,"#N/A","#N/A",false,Web,"#N/A","#N/A",Medium,"#N/A",New,Subject_otdwl,"#N/A","#N/A","#N/A","#N/A","#N/A"
dbdd7f30-2325-4261-96b2-4b6615352d63,"#N/A","#N/A",false,Web,"#N/A","#N/A",Medium,"#N/A",New,Subject_ulthm,"#N/A","#N/A","#N/A","#N/A","#N/A"
dbe34df7-a488-484f-95dd-b4840b22bf2f,"#N/A","#N/A",false,Web,"#N/A","#N/A",Medium,"#N/A",New,Subject_smrzz,"#N/A","#N/A","#N/A","#N/A","#N/A"
dbeb6e05-f70b-44ff-9a1d-5126e65b6bd9,"#N/A","#N/A",false,Web,"#N/A","#N/A",Medium,"#N/A",New,Subject_nplsl,"#N/A","#N/A","#N/A","#N/A","#N/A"
dbee099d-1a80-4182-9302-560a403237e3,"#N/A","#N/A",false,Web,"#N/A","#N/A",Medium,"#N/A",New,Subject_odkgo,"#N/A","#N/A","#N/A","#N/A","#N/A"
dbee11a4-c3c4-4f3c-8cad-6e73087c9bad,"#N/A","#N/A",false,Web,"#N/A","#N/A",Medium,"#N/A",New,Subject_yifdi,"#N/A","#N/A","#N/A","#N/A","#N/A"
dbeff4d2-f2e0-4ce9-a2ec-d4a24aff8b68,"#N/A","#N/A",false,Web,"#N/A","#N/A",Medium,"#N/A",New,Subject_nqjzy,"#N/A","#N/A","#N/A","#N/A","#N/A"
dbf4f7b7-3db7-492e-98bb-10abcbfa7d46,"#N/A","#N/A",false,Web,"#N/A","#N/A",Medium,"#N/A",New,Subject_aorlp,"#N/A","#N/A","#N/A","#N/A","#N/A"
dbf7b6fb-0a44-4d90-8ad3-e835f6c5d410,"#N/A","#N/A",false,Web,"#N/A","#N/A",Medium,"#N/A",New,Subject_zummn,"#N/A","#N/A","#N/A","#N/A","#N/A"
dbf7c907-fc0e-44ed-8d59-d8835e73ce05,"#N/A","#N/A",false,Web,"#N/A","#N/A",Medium,"#N/A",New,Subject_uvwlh,"#N/A","#N/A","#N/A","#N/A","#N/A"
dbfb3aca-e0d8-4cac-98a0-61f0ba981dc8,"#N/A","#N/A",false,Web,"#N/A","#N/A",Medium,"#N/A",New,Subject_auvja,"#N/A","#N/A","#N/A","#N/A","#N/A"
dbfc5f95-6c0f-4e0b-92b1-b849a6d19183,"#N/A","#N/A",false,Web,"#N/A","#N/A",Medium,"#N/A",New,Subject_upltu,"#N/A","#N/A","#N/A","#N/A","#N/A"
dbfd3ce7-c413-40d2-8067-a320fb4ef0f2,"#N/A","#N/A",false,Web,"#N/A","#N/A",Medium,"#N/A",New,Subject_vvvgm,"#N/A","#N/A","#N/A","#N/A","#N/A"
dbff305e-6735-419e-ac58-26956816a902,"#N/A","#N/A",false,Web,"#N/A","#N/A",Medium,"#N/A",New,Subject_pazzs,"#N/A","#N/A","#N/A","#N/A","#N/A"
dbff9630-98c0-4fee-b39b-4cfd047d9dfb,"#N/A","#N/A",false,Web,"#N/A","#N/A",Medium,"#N/A",New,Subject_zrtmh,"#N/A","#N/A","#N/A","#N/A","#N/A"
dc0571cf-c143-448b-b0b1-90d48e8fdfe1,"#N/A","#N/A",false,Web,"#N/A","#N/A",Medium,"#N/A",New,Subject_zrcdz,"#N/A","#N/A","#N/A","#N/A","#N/A"
dc070676-6c69-429e-99c0-0edace9670f6,"#N/A","#N/A",false,Web,"#N/A","#N/A",Medium,"#N/A",New,Subject_wviul,"#N/A","#N/A","#N/A","#N/A","#N/A"
dc074a60-6de5-43f6-ad98-889cfbebc242,"#N/A","#N/A",false,Web,"#N/A","#N/A",Medium,"#N/A",New,Subject_sodnt,"#N/A","#N/A","#N/A","#N/A","#N/A"
dc1020dc-57c8-49c3-b62f-127722ddaa79,"#N/A","#N/A",false,Web,"#N/A","#N/A",Medium,"#N/A",New,Subject_bkqvp,"#N/A","#N/A","#N/A","#N/A","#N/A"
dc1876be-6816-4b1b-8cfa-01d606eed9fc,"#N/A","#N/A",false,Web,"#N/A","#N/A",Medium,"#N/A",New,Subject_qbkig,"#N/A","#N/A","#N/A","#N/A","#N/A"
dc1aa8dc-3549-4f21-93d7-88d09dfaa3ee,"#N/A","#N/A",false,Web,"#N/A","#N/A",Medium,"#N/A",New,Subject_ftgsp,"#N/A","#N/A","#N/A","#N/A","#N/A"
dc1bfe20-ff5c-4af5-8ed6-a04120aa4d42,"#N/A","#N/A",false,Web,"#N/A","#N/A",Medium,"#N/A",New,Subject_uwrqc,"#N/A","#N/A","#N/A","#N/A","#N/A"
dc1eeb70-0880-45cf-8863-ba90bfd2a307,"#N/A","#N/A",false,Web,"#N/A","#N/A",Medium,"#N/A",New,Subject_mxwdx,"#N/A","#N/A","#N/A","#N/A","#N/A"
dc1f9620-31b2-4d77-9be5-45145984a2b1,"#N/A","#N/A",false,Web,"#N/A","#N/A",Medium,"#N/A",New,Subject_gvxaf,"#N/A","#N/A","#N/A","#N/A","#N/A"
dc231e98-fc68-4faa-9c50-b29d548ccb28,"#N/A","#N/A",false,Web,"#N/A","#N/A",Medium,"#N/A",New,Subject_krdvg,"#N/A","#N/A","#N/A","#N/A","#N/A"
dc24b769-1afa-40fb-a5b3-5319a811cea8,"#N/A","#N/A",false,Web,"#N/A","#N/A",Medium,"#N/A",New,Subject_mwith,"#N/A","#N/A","#N/A","#N/A","#N/A"
dc25f14a-cab2-4942-8e49-27b629ae2907,"#N/A","#N/A",false,Web,"#N/A","#N/A",Medium,"#N/A",New,Subject_ubloa,"#N/A","#N/A","#N/A","#N/A","#N/A"
dc2717e3-951f-4c41-82c1-7a662a73307a,"#N/A","#N/A",false,Web,"#N/A","#N/A",Medium,"#N/A",New,Subject_muoco,"#N/A","#N/A","#N/A","#N/A","#N/A"
dc27c42c-b47e-4ce8-9e7e-3df40953a173,"#N/A","#N/A",false,Web,"#N/A","#N/A",Medium,"#N/A",New,Subject_etxfe,"#N/A","#N/A","#N/A","#N/A","#N/A"
dc290b24-a8cd-4e91-88d4-d30c834e132a,"#N/A","#N/A",false,Web,"#N/A","#N/A",Medium,"#N/A",New,Subject_wabff,"#N/A","#N/A","#N/A","#N/A","#N/A"
dc2b1dad-302f-455e-8f43-3e108c75900c,"#N/A","#N/A",false,Web,"#N/A","#N/A",Medium,"#N/A",New,Subject_pjivj,"#N/A","#N/A","#N/A","#N/A","#N/A"
dc2badfb-cbe5-44f4-a1fa-6138bf5bc362,"#N/A","#N/A",false,Web,"#N/A","#N/A",Medium,"#N/A",New,Subject_xwrhw,"#N/A","#N/A","#N/A","#N/A","#N/A"
dc2bf221-4e04-4890-ad27-caaa2608dc6f,"#N/A","#N/A",false,Web,"#N/A","#N/A",Medium,"#N/A",New,Subject_szied,"#N/A","#N/A","#N/A","#N/A","#N/A"
dc32d012-0983-4ec0-9cec-678afb1b20ac,"#N/A","#N/A",false,Web,"#N/A","#N/A",Medium,"#N/A",New,Subject_nwuzt,"#N/A","#N/A","#N/A","#N/A","#N/A"
dc3659d1-87a7-4099-8d1f-380856332d21,"#N/A","#N/A",false,Web,"#N/A","#N/A",Medium,"#N/A",New,Subject_jiugo,"#N/A","#N/A","#N/A","#N/A","#N/A"
dc3756f7-86c5-45e7-8dcb-6a4c0e64b278,"#N/A","#N/A",false,Web,"#N/A","#N/A",Medium,"#N/A",New,Subject_zzsev,"#N/A","#N/A","#N/A","#N/A","#N/A"
dc37615c-0153-48aa-aae8-76edabc2d45d,"#N/A","#N/A",false,Web,"#N/A","#N/A",Medium,"#N/A",New,Subject_oupam,"#N/A","#N/A","#N/A","#N/A","#N/A"
dc3ecd4f-79da-4a42-a690-70815d35df66,"#N/A","#N/A",false,Web,"#N/A","#N/A",Medium,"#N/A",New,Subject_zfkkh,"#N/A","#N/A","#N/A","#N/A","#N/A"
dc3fa950-21b4-404d-89bc-3c57a5103b7b,"#N/A","#N/A",false,Web,"#N/A","#N/A",Medium,"#N/A",New,Subject_odfil,"#N/A","#N/A","#N/A","#N/A","#N/A"
dc42c03a-c9f7-42c2-9924-005478868ddb,"#N/A","#N/A",false,Web,"#N/A","#N/A",Medium,"#N/A",New,Subject_hoygp,"#N/A","#N/A","#N/A","#N/A","#N/A"
dc46af97-d3d6-4ba0-9f0b-d484e8408fd5,"#N/A","#N/A",false,Web,"#N/A","#N/A",Medium,"#N/A",New,Subject_rcdax,"#N/A","#N/A","#N/A","#N/A","#N/A"
dc4cb88b-3c42-44c1-ae39-af21ecb6e688,"#N/A","#N/A",false,Web,"#N/A","#N/A",Medium,"#N/A",New,Subject_uilbu,"#N/A","#N/A","#N/A","#N/A","#N/A"
dc4e5da2-0aad-4c55-a193-e403ad3415e3,"#N/A","#N/A",false,Web,"#N/A","#N/A",Medium,"#N/A",New,Subject_rbtyc,"#N/A","#N/A","#N/A","#N/A","#N/A"
dc4eedf8-de02-4890-a1ac-18e05ff9f42b,"#N/A","#N/A",false,Web,"#N/A","#N/A",Medium,"#N/A",New,Subject_xjump,"#N/A","#N/A","#N/A","#N/A","#N/A"
dc506d15-cdcc-4e26-ba23-7d445ab99fd0,"#N/A","#N/A",false,Web,"#N/A","#N/A",Medium,"#N/A",New,Subject_rctxa,"#N/A","#N/A","#N/A","#N/A","#N/A"
dc52da52-87eb-41e7-8d39-2c91d5c554c6,"#N/A","#N/A",false,Web,"#N/A","#N/A",Medium,"#N/A",New,Subject_pmxfn,"#N/A","#N/A","#N/A","#N/A","#N/A"
dc58dad1-da37-4350-9edb-1c84e608b9f9,"#N/A","#N/A",false,Web,"#N/A","#N/A",Medium,"#N/A",New,Subject_xtxwa,"#N/A","#N/A","#N/A","#N/A","#N/A"
dc5b6747-8d55-477d-afe1-76701670580a,"#N/A","#N/A",false,Web,"#N/A","#N/A",Medium,"#N/A",New,Subject_vpeto,"#N/A","#N/A","#N/A","#N/A","#N/A"
dc5f57ae-5a61-4e1a-9850-ede3cb0fac61,"#N/A","#N/A",false,Web,"#N/A","#N/A",Medium,"#N/A",New,Subject_hnedw,"#N/A","#N/A","#N/A","#N/A","#N/A"
dc5f7663-fbe7-4897-a728-8dfe5c74ad38,"#N/A","#N/A",false,Web,"#N/A","#N/A",Medium,"#N/A",New,Subject_ehiuj,"#N/A","#N/A","#N/A","#N/A","#N/A"
dc5f93b0-9739-4586-a720-bca9947cdc0a,"#N/A","#N/A",false,Web,"#N/A","#N/A",Medium,"#N/A",New,Subject_zsyew,"#N/A","#N/A","#N/A","#N/A","#N/A"
dc603853-efe5-4743-b291-d5d735d1c2df,"#N/A","#N/A",false,Web,"#N/A","#N/A",Medium,"#N/A",New,Subject_hrqgh,"#N/A","#N/A","#N/A","#N/A","#N/A"
dc612cbc-4c93-4e43-93f6-c17d56a4c021,"#N/A","#N/A",false,Web,"#N/A","#N/A",Medium,"#N/A",New,Subject_hwsjt,"#N/A","#N/A","#N/A","#N/A","#N/A"
dc6334df-d236-4596-b72f-4611c153ef49,"#N/A","#N/A",false,Web,"#N/A","#N/A",Medium,"#N/A",New,Subject_nhwtd,"#N/A","#N/A","#N/A","#N/A","#N/A"
dc636abe-7548-44f8-8f50-3766f809d9a8,"#N/A","#N/A",false,Web,"#N/A","#N/A",Medium,"#N/A",New,Subject_saocz,"#N/A","#N/A","#N/A","#N/A","#N/A"
dc6388bb-b173-4937-a63f-ac6527c2da9e,"#N/A","#N/A",false,Web,"#N/A","#N/A",Medium,"#N/A",New,Subject_wxufh,"#N/A","#N/A","#N/A","#N/A","#N/A"
dc6cfc91-8ff6-430c-9eab-2237b6c40a2a,"#N/A","#N/A",false,Web,"#N/A","#N/A",Medium,"#N/A",New,Subject_wwkpi,"#N/A","#N/A","#N/A","#N/A","#N/A"
dc6fd3a5-98b5-430c-91c9-f0b8310b5224,"#N/A","#N/A",false,Web,"#N/A","#N/A",Medium,"#N/A",New,Subject_hfqaa,"#N/A","#N/A","#N/A","#N/A","#N/A"
dc74a79d-5cfc-4653-9ba8-923d1f4d6bb3,"#N/A","#N/A",false,Web,"#N/A","#N/A",Medium,"#N/A",New,Subject_eujnc,"#N/A","#N/A","#N/A","#N/A","#N/A"
dc7610ac-0db7-42aa-9132-52293b34aced,"#N/A","#N/A",false,Web,"#N/A","#N/A",Medium,"#N/A",New,Subject_hfyaq,"#N/A","#N/A","#N/A","#N/A","#N/A"
dc7b3265-f96b-48b8-9032-e68f23251eb8,"#N/A","#N/A",false,Web,"#N/A","#N/A",Medium,"#N/A",New,Subject_cestl,"#N/A","#N/A","#N/A","#N/A","#N/A"
dc7bfc47-c684-4b52-8df1-6da049e94668,"#N/A","#N/A",false,Web,"#N/A","#N/A",Medium,"#N/A",New,Subject_hvucc,"#N/A","#N/A","#N/A","#N/A","#N/A"
dc7c3186-7de6-4d69-9cd8-120e55b1cded,"#N/A","#N/A",false,Web,"#N/A","#N/A",Medium,"#N/A",New,Subject_kcevx,"#N/A","#N/A","#N/A","#N/A","#N/A"
dc7f06e9-83e1-4602-a391-b1f76b4fd46d,"#N/A","#N/A",false,Web,"#N/A","#N/A",Medium,"#N/A",New,Subject_yremx,"#N/A","#N/A","#N/A","#N/A","#N/A"
dc8097e0-4204-43c5-9f3d-d0f65bd04e21,"#N/A","#N/A",false,Web,"#N/A","#N/A",Medium,"#N/A",New,Subject_spkia,"#N/A","#N/A","#N/A","#N/A","#N/A"
dc864a87-a5b9-41f7-84ab-277d9dc575c6,"#N/A","#N/A",false,Web,"#N/A","#N/A",Medium,"#N/A",New,Subject_nexzu,"#N/A","#N/A","#N/A","#N/A","#N/A"
dc8722f4-b7ae-481e-a0a8-751df1191f93,"#N/A","#N/A",false,Web,"#N/A","#N/A",Medium,"#N/A",New,Subject_tbbig,"#N/A","#N/A","#N/A","#N/A","#N/A"
dc8b65b2-9495-4963-9ea6-9ac31575d9c4,"#N/A","#N/A",false,Web,"#N/A","#N/A",Medium,"#N/A",New,Subject_vtmba,"#N/A","#N/A","#N/A","#N/A","#N/A"
dc8df06b-050b-46f3-9d24-e87a9c9f7bc4,"#N/A","#N/A",false,Web,"#N/A","#N/A",Medium,"#N/A",New,Subject_ovmjm,"#N/A","#N/A","#N/A","#N/A","#N/A"
dc915f30-0f71-4990-9d05-15a72641c2c4,"#N/A","#N/A",false,Web,"#N/A","#N/A",Medium,"#N/A",New,Subject_bajwx,"#N/A","#N/A","#N/A","#N/A","#N/A"
dc9327f2-1627-4a33-9360-0ba438f129ee,"#N/A","#N/A",false,Web,"#N/A","#N/A",Medium,"#N/A",New,Subject_lntkg,"#N/A","#N/A","#N/A","#N/A","#N/A"
dc936e20-fb09-4928-ac74-0750907515d6,"#N/A","#N/A",false,Web,"#N/A","#N/A",Medium,"#N/A",New,Subject_ozzdh,"#N/A","#N/A","#N/A","#N/A","#N/A"
dc9b100b-8153-477e-995f-50075f923105,"#N/A","#N/A",false,Web,"#N/A","#N/A",Medium,"#N/A",New,Subject_mzwkc,"#N/A","#N/A","#N/A","#N/A","#N/A"
dc9b11a5-fa92-4859-a7b7-570afb333939,"#N/A","#N/A",false,Web,"#N/A","#N/A",Medium,"#N/A",New,Subject_cuycv,"#N/A","#N/A","#N/A","#N/A","#N/A"
dc9bb1b7-f84a-4d3d-81ed-f7b36d6d11eb,"#N/A","#N/A",false,Web,"#N/A","#N/A",Medium,"#N/A",New,Subject_cvklq,"#N/A","#N/A","#N/A","#N/A","#N/A"
dc9c18f3-7ad7-42d1-800f-59b1d6c0809c,"#N/A","#N/A",false,Web,"#N/A","#N/A",Medium,"#N/A",New,Subject_xxmhg,"#N/A","#N/A","#N/A","#N/A","#N/A"
dca0c1e1-88e5-48dc-b4be-7a44359ad06e,"#N/A","#N/A",false,Web,"#N/A","#N/A",Medium,"#N/A",New,Subject_imsck,"#N/A","#N/A","#N/A","#N/A","#N/A"
dca686e0-54fc-4567-b1d7-98c526e45f54,"#N/A","#N/A",false,Web,"#N/A","#N/A",Medium,"#N/A",New,Subject_bnsby,"#N/A","#N/A","#N/A","#N/A","#N/A"
dca9585f-c698-44c5-9f36-544869bdb586,"#N/A","#N/A",false,Web,"#N/A","#N/A",Medium,"#N/A",New,Subject_huymg,"#N/A","#N/A","#N/A","#N/A","#N/A"
dcaa4bca-00b3-449d-b2d1-65ecd7ca811f,"#N/A","#N/A",false,Web,"#N/A","#N/A",Medium,"#N/A",New,Subject_cyfjn,"#N/A","#N/A","#N/A","#N/A","#N/A"
dcac7226-ca84-42ee-982c-0ebcd8911a8f,"#N/A","#N/A",false,Web,"#N/A","#N/A",Medium,"#N/A",New,Subject_tqkda,"#N/A","#N/A","#N/A","#N/A","#N/A"
dcad4bbe-778f-4f60-9d2f-4925cb419a08,"#N/A","#N/A",false,Web,"#N/A","#N/A",Medium,"#N/A",New,Subject_rsrkv,"#N/A","#N/A","#N/A","#N/A","#N/A"
dcaf4f04-8034-4cc9-9a9e-09e4fc4908be,"#N/A","#N/A",false,Web,"#N/A","#N/A",Medium,"#N/A",New,Subject_uabkm,"#N/A","#N/A","#N/A","#N/A","#N/A"
dcb74ae7-f0f8-4934-b7ad-c927885337e9,"#N/A","#N/A",false,Web,"#N/A","#N/A",Medium,"#N/A",New,Subject_msmbr,"#N/A","#N/A","#N/A","#N/A","#N/A"
dcb7689a-4071-4c7c-97a4-ce6086573517,"#N/A","#N/A",false,Web,"#N/A","#N/A",Medium,"#N/A",New,Subject_hqczb,"#N/A","#N/A","#N/A","#N/A","#N/A"
dcb8f5e3-f094-40a0-bd26-fbbdb36de9df,"#N/A","#N/A",false,Web,"#N/A","#N/A",Medium,"#N/A",New,Subject_uslaf,"#N/A","#N/A","#N/A","#N/A","#N/A"
dcbbc7e1-7c15-4535-a793-25eed0f2524f,"#N/A","#N/A",false,Web,"#N/A","#N/A",Medium,"#N/A",New,Subject_tyfst,"#N/A","#N/A","#N/A","#N/A","#N/A"
dcbc342f-867b-4305-8efd-fde02f86e0fd,"#N/A","#N/A",false,Web,"#N/A","#N/A",Medium,"#N/A",New,Subject_lphvs,"#N/A","#N/A","#N/A","#N/A","#N/A"
dcc0071b-b5e3-4e95-b558-b7ed3dcfa357,"#N/A","#N/A",false,Web,"#N/A","#N/A",Medium,"#N/A",New,Subject_wihml,"#N/A","#N/A","#N/A","#N/A","#N/A"
dcc0ab53-5d12-4764-ad0f-35e4e0f1877c,"#N/A","#N/A",false,Web,"#N/A","#N/A",Medium,"#N/A",New,Subject_kynky,"#N/A","#N/A","#N/A","#N/A","#N/A"
dcc209f1-98c5-41cc-8073-434451f19b26,"#N/A","#N/A",false,Web,"#N/A","#N/A",Medium,"#N/A",New,Subject_tgihm,"#N/A","#N/A","#N/A","#N/A","#N/A"
dcc5b8dc-9ea6-47a1-bdd9-d584625bccdb,"#N/A","#N/A",false,Web,"#N/A","#N/A",Medium,"#N/A",New,Subject_bmllj,"#N/A","#N/A","#N/A","#N/A","#N/A"
dcc798b0-e28b-48b9-9dd0-591055ff845d,"#N/A","#N/A",false,Web,"#N/A","#N/A",Medium,"#N/A",New,Subject_bkhvc,"#N/A","#N/A","#N/A","#N/A","#N/A"
dccac2ca-e1a4-4379-91f2-e929a67cff43,"#N/A","#N/A",false,Web,"#N/A","#N/A",Medium,"#N/A",New,Subject_hcutb,"#N/A","#N/A","#N/A","#N/A","#N/A"
dccd87f7-bd76-406e-a2a7-b288f849d608,"#N/A","#N/A",false,Web,"#N/A","#N/A",Medium,"#N/A",New,Subject_orwas,"#N/A","#N/A","#N/A","#N/A","#N/A"
dcd06536-9777-41f4-bed3-b2c1bb91dd42,"#N/A","#N/A",false,Web,"#N/A","#N/A",Medium,"#N/A",New,Subject_zpbrm,"#N/A","#N/A","#N/A","#N/A","#N/A"
dcd36635-4501-4428-974a-bae494159e22,"#N/A","#N/A",false,Web,"#N/A","#N/A",Medium,"#N/A",New,Subject_uhkyq,"#N/A","#N/A","#N/A","#N/A","#N/A"
dcd385e2-e4b4-4490-934a-0761b8093444,"#N/A","#N/A",false,Web,"#N/A","#N/A",Medium,"#N/A",New,Subject_ynurd,"#N/A","#N/A","#N/A","#N/A","#N/A"
dcdaa635-3bab-4e63-a8ad-a4e9d40f3f98,"#N/A","#N/A",false,Web,"#N/A","#N/A",Medium,"#N/A",New,Subject_gtbth,"#N/A","#N/A","#N/A","#N/A","#N/A"
dcdb58d8-4d1c-405e-9d79-c57f199c9e09,"#N/A","#N/A",false,Web,"#N/A","#N/A",Medium,"#N/A",New,Subject_eilme,"#N/A","#N/A","#N/A","#N/A","#N/A"
dcddb622-547f-4cf8-af44-ec0e68fe9495,"#N/A","#N/A",false,Web,"#N/A","#N/A",Medium,"#N/A",New,Subject_fjqku,"#N/A","#N/A","#N/A","#N/A","#N/A"
dcde4abb-88c6-4d00-9ae5-4b919040f58e,"#N/A","#N/A",false,Web,"#N/A","#N/A",Medium,"#N/A",New,Subject_zlond,"#N/A","#N/A","#N/A","#N/A","#N/A"
dce09716-0cf2-4a7a-86d2-1fe7fb085ae4,"#N/A","#N/A",false,Web,"#N/A","#N/A",Medium,"#N/A",New,Subject_fjpdp,"#N/A","#N/A","#N/A","#N/A","#N/A"
dce333fe-0160-4d51-80a9-d75bb5ac34ab,"#N/A","#N/A",false,Web,"#N/A","#N/A",Medium,"#N/A",New,Subject_mbzmb,"#N/A","#N/A","#N/A","#N/A","#N/A"
dce5135c-d4eb-45c7-adef-c48fbff61bed,"#N/A","#N/A",false,Web,"#N/A","#N/A",Medium,"#N/A",New,Subject_qwslr,"#N/A","#N/A","#N/A","#N/A","#N/A"
dce9dfc4-dfe2-42c2-bc43-f9695a95f436,"#N/A","#N/A",false,Web,"#N/A","#N/A",Medium,"#N/A",New,Subject_rspsh,"#N/A","#N/A","#N/A","#N/A","#N/A"
dcebaf39-1fc1-4cd9-a765-eeef984d36ee,"#N/A","#N/A",false,Web,"#N/A","#N/A",Medium,"#N/A",New,Subject_spshi,"#N/A","#N/A","#N/A","#N/A","#N/A"
dcec0014-5fe2-40de-a3cd-3b09576c020e,"#N/A","#N/A",false,Web,"#N/A","#N/A",Medium,"#N/A",New,Subject_dlecl,"#N/A","#N/A","#N/A","#N/A","#N/A"
dcec8eec-2fdb-486a-88a0-59a98e076277,"#N/A","#N/A",false,Web,"#N/A","#N/A",Medium,"#N/A",New,Subject_yqdtu,"#N/A","#N/A","#N/A","#N/A","#N/A"
dceccf93-99bc-4ebc-9b1f-21f80b867d66,"#N/A","#N/A",false,Web,"#N/A","#N/A",Medium,"#N/A",New,Subject_dcyjd,"#N/A","#N/A","#N/A","#N/A","#N/A"
dcf1b298-68a0-4af1-832e-dae8f298dc33,"#N/A","#N/A",false,Web,"#N/A","#N/A",Medium,"#N/A",New,Subject_ovicf,"#N/A","#N/A","#N/A","#N/A","#N/A"
dcf2e8f8-0a2c-4455-960d-936cfe321d8c,"#N/A","#N/A",false,Web,"#N/A","#N/A",Medium,"#N/A",New,Subject_dlkev,"#N/A","#N/A","#N/A","#N/A","#N/A"
dcf6e368-1d6c-4149-8d00-6eef78d3d5a9,"#N/A","#N/A",false,Web,"#N/A","#N/A",Medium,"#N/A",New,Subject_eazoq,"#N/A","#N/A","#N/A","#N/A","#N/A"
dcf73eb8-749f-4250-b9a0-ee2c8df1e590,"#N/A","#N/A",false,Web,"#N/A","#N/A",Medium,"#N/A",New,Subject_qvdmv,"#N/A","#N/A","#N/A","#N/A","#N/A"
dcf984e9-7b18-48d2-811c-aefb620221ad,"#N/A","#N/A",false,Web,"#N/A","#N/A",Medium,"#N/A",New,Subject_bvdlz,"#N/A","#N/A","#N/A","#N/A","#N/A"
dcfa1cc2-d2be-469e-9a44-ef42a5ecacbe,"#N/A","#N/A",false,Web,"#N/A","#N/A",Medium,"#N/A",New,Subject_qjrre,"#N/A","#N/A","#N/A","#N/A","#N/A"
dcfe3b36-587f-4f8a-91a1-a787b2f5a3fe,"#N/A","#N/A",false,Web,"#N/A","#N/A",Medium,"#N/A",New,Subject_genxf,"#N/A","#N/A","#N/A","#N/A","#N/A"
dcfe63ed-f61e-4f89-a7af-67b3b13cb995,"#N/A","#N/A",false,Web,"#N/A","#N/A",Medium,"#N/A",New,Subject_jvzmt,"#N/A","#N/A","#N/A","#N/A","#N/A"
dd06caf1-0039-4726-b258-8b351a8909ff,"#N/A","#N/A",false,Web,"#N/A","#N/A",Medium,"#N/A",New,Subject_hhalz,"#N/A","#N/A","#N/A","#N/A","#N/A"
dd07dbbb-5bfa-46dd-bb28-a51e9d033e2e,"#N/A","#N/A",false,Web,"#N/A","#N/A",Medium,"#N/A",New,Subject_ddzns,"#N/A","#N/A","#N/A","#N/A","#N/A"
dd0b3864-1785-4628-8240-862541f1aadf,"#N/A","#N/A",false,Web,"#N/A","#N/A",Medium,"#N/A",New,Subject_qnrzm,"#N/A","#N/A","#N/A","#N/A","#N/A"
dd0bf6a5-90b7-4ec7-9b02-739237e6f837,"#N/A","#N/A",false,Web,"#N/A","#N/A",Medium,"#N/A",New,Subject_hhiig,"#N/A","#N/A","#N/A","#N/A","#N/A"
dd1162c8-0217-440e-9003-0a337fb9347c,"#N/A","#N/A",false,Web,"#N/A","#N/A",Medium,"#N/A",New,Subject_yfggn,"#N/A","#N/A","#N/A","#N/A","#N/A"
dd128329-ee06-4962-93f1-5e193f566f22,"#N/A","#N/A",false,Web,"#N/A","#N/A",Medium,"#N/A",New,Subject_yrrdl,"#N/A","#N/A","#N/A","#N/A","#N/A"
dd152377-ddf9-4f55-aa1a-5f60924cb939,"#N/A","#N/A",false,Web,"#N/A","#N/A",Medium,"#N/A",New,Subject_orcsu,"#N/A","#N/A","#N/A","#N/A","#N/A"
dd179b6f-4ab9-4b45-995c-97646ec7c027,"#N/A","#N/A",false,Web,"#N/A","#N/A",Medium,"#N/A",New,Subject_wqouk,"#N/A","#N/A","#N/A","#N/A","#N/A"
dd18b993-fc82-4e3e-bbdc-0547d1a59843,"#N/A","#N/A",false,Web,"#N/A","#N/A",Medium,"#N/A",New,Subject_pndym,"#N/A","#N/A","#N/A","#N/A","#N/A"
dd1ad63b-cc3a-4779-bdb9-377b83933161,"#N/A","#N/A",false,Web,"#N/A","#N/A",Medium,"#N/A",New,Subject_eflpx,"#N/A","#N/A","#N/A","#N/A","#N/A"
dd1c1798-2725-433a-8b92-9bc9cc6c46c2,"#N/A","#N/A",false,Web,"#N/A","#N/A",Medium,"#N/A",New,Subject_enmvl,"#N/A","#N/A","#N/A","#N/A","#N/A"
dd1c7fba-0a80-4cbc-baaa-71859a6d4ddc,"#N/A","#N/A",false,Web,"#N/A","#N/A",Medium,"#N/A",New,Subject_ramgs,"#N/A","#N/A","#N/A","#N/A","#N/A"
dd1df811-ab91-452f-9fa8-91123590ec96,"#N/A","#N/A",false,Web,"#N/A","#N/A",Medium,"#N/A",New,Subject_bkypi,"#N/A","#N/A","#N/A","#N/A","#N/A"
dd1eea63-1a3a-4a43-af5e-319097792fbd,"#N/A","#N/A",false,Web,"#N/A","#N/A",Medium,"#N/A",New,Subject_hvmuc,"#N/A","#N/A","#N/A","#N/A","#N/A"
dd1fc596-e08f-406b-9f6f-f7d63583cae9,"#N/A","#N/A",false,Web,"#N/A","#N/A",Medium,"#N/A",New,Subject_nrnxo,"#N/A","#N/A","#N/A","#N/A","#N/A"
dd22669f-1ea6-48f3-b9f9-df81b486c789,"#N/A","#N/A",false,Web,"#N/A","#N/A",Medium,"#N/A",New,Subject_nntwf,"#N/A","#N/A","#N/A","#N/A","#N/A"
dd23ddbd-06b4-4860-9b35-d6e4e59bc959,"#N/A","#N/A",false,Web,"#N/A","#N/A",Medium,"#N/A",New,Subject_uymuy,"#N/A","#N/A","#N/A","#N/A","#N/A"
dd26197b-c518-4c06-b8db-c3c07c1a80a7,"#N/A","#N/A",false,Web,"#N/A","#N/A",Medium,"#N/A",New,Subject_zgvjo,"#N/A","#N/A","#N/A","#N/A","#N/A"
dd29ea07-5423-41ce-a94d-9212446f3c1c,"#N/A","#N/A",false,Web,"#N/A","#N/A",Medium,"#N/A",New,Subject_afego,"#N/A","#N/A","#N/A","#N/A","#N/A"
dd2c1a16-c64c-49c9-b95d-37d514eb3ec2,"#N/A","#N/A",false,Web,"#N/A","#N/A",Medium,"#N/A",New,Subject_xvjgg,"#N/A","#N/A","#N/A","#N/A","#N/A"
dd2d48b4-046b-4d49-9652-20c6fef524e9,"#N/A","#N/A",false,Web,"#N/A","#N/A",Medium,"#N/A",New,Subject_zzabj,"#N/A","#N/A","#N/A","#N/A","#N/A"
dd2da1ea-3fa9-438f-85b5-ffbe4fe54c1a,"#N/A","#N/A",false,Web,"#N/A","#N/A",Medium,"#N/A",New,Subject_cohow,"#N/A","#N/A","#N/A","#N/A","#N/A"
dd2ef435-ff0b-4de6-9167-ff3b669b2c7c,"#N/A","#N/A",false,Web,"#N/A","#N/A",Medium,"#N/A",New,Subject_aisds,"#N/A","#N/A","#N/A","#N/A","#N/A"
dd36c3f3-7389-430f-932f-f89c3dabc26e,"#N/A","#N/A",false,Web,"#N/A","#N/A",Medium,"#N/A",New,Subject_kkypu,"#N/A","#N/A","#N/A","#N/A","#N/A"
dd395fbd-5413-47a6-9f7a-08356c41f2c9,"#N/A","#N/A",false,Web,"#N/A","#N/A",Medium,"#N/A",New,Subject_btpll,"#N/A","#N/A","#N/A","#N/A","#N/A"
dd3a05e7-9778-46be-9d97-63813751479b,"#N/A","#N/A",false,Web,"#N/A","#N/A",Medium,"#N/A",New,Subject_tvuuj,"#N/A","#N/A","#N/A","#N/A","#N/A"
dd3c67cd-3d0b-413b-9a5b-6c2f8c216458,"#N/A","#N/A",false,Web,"#N/A","#N/A",Medium,"#N/A",New,Subject_ecmmj,"#N/A","#N/A","#N/A","#N/A","#N/A"
dd3d1bb8-8284-42eb-9ddd-145e34bc5cce,"#N/A","#N/A",false,Web,"#N/A","#N/A",Medium,"#N/A",New,Subject_ksbec,"#N/A","#N/A","#N/A","#N/A","#N/A"
dd450382-63b4-4d15-989c-0e5c6fd0b836,"#N/A","#N/A",false,Web,"#N/A","#N/A",Medium,"#N/A",New,Subject_kesyk,"#N/A","#N/A","#N/A","#N/A","#N/A"
dd485513-4e56-4d8f-822f-006a0cd7da09,"#N/A","#N/A",false,Web,"#N/A","#N/A",Medium,"#N/A",New,Subject_hdgao,"#N/A","#N/A","#N/A","#N/A","#N/A"
dd4af126-d4a6-4941-a575-4e47d71ae17a,"#N/A","#N/A",false,Web,"#N/A","#N/A",Medium,"#N/A",New,Subject_uuuev,"#N/A","#N/A","#N/A","#N/A","#N/A"
dd4c1602-e3a3-4bd3-8f9a-0f95f1a415b8,"#N/A","#N/A",false,Web,"#N/A","#N/A",Medium,"#N/A",New,Subject_smbij,"#N/A","#N/A","#N/A","#N/A","#N/A"
dd4d1775-8e81-412c-b42a-016190f3a749,"#N/A","#N/A",false,Web,"#N/A","#N/A",Medium,"#N/A",New,Subject_xrdjf,"#N/A","#N/A","#N/A","#N/A","#N/A"
dd4e3e9d-7acc-4156-9e79-a09a5f161c39,"#N/A","#N/A",false,Web,"#N/A","#N/A",Medium,"#N/A",New,Subject_ptgtp,"#N/A","#N/A","#N/A","#N/A","#N/A"
dd56fc60-c1b3-4115-a32d-bb279346bc73,"#N/A","#N/A",false,Web,"#N/A","#N/A",Medium,"#N/A",New,Subject_hgzho,"#N/A","#N/A","#N/A","#N/A","#N/A"
dd5abf74-4609-4211-9087-69464c618d6a,"#N/A","#N/A",false,Web,"#N/A","#N/A",Medium,"#N/A",New,Subject_dzerm,"#N/A","#N/A","#N/A","#N/A","#N/A"
dd602ba7-0f8f-4792-9130-ce37612edc10,"#N/A","#N/A",false,Web,"#N/A","#N/A",Medium,"#N/A",New,Subject_towfp,"#N/A","#N/A","#N/A","#N/A","#N/A"
dd611a87-63c2-4cab-aa3c-966657c54118,"#N/A","#N/A",false,Web,"#N/A","#N/A",Medium,"#N/A",New,Subject_pihaq,"#N/A","#N/A","#N/A","#N/A","#N/A"
dd615d29-1ba0-4cf9-bbd5-691cf8de284f,"#N/A","#N/A",false,Web,"#N/A","#N/A",Medium,"#N/A",New,Subject_sdmuq,"#N/A","#N/A","#N/A","#N/A","#N/A"
dd62fdbf-459f-48cc-a748-fb73cee2326e,"#N/A","#N/A",false,Web,"#N/A","#N/A",Medium,"#N/A",New,Subject_eqmnq,"#N/A","#N/A","#N/A","#N/A","#N/A"
dd6573f2-93ca-45d0-9deb-3f3ad914a75e,"#N/A","#N/A",false,Web,"#N/A","#N/A",Medium,"#N/A",New,Subject_smsvk,"#N/A","#N/A","#N/A","#N/A","#N/A"
dd68288b-e4b2-4228-b42d-26915a64370e,"#N/A","#N/A",false,Web,"#N/A","#N/A",Medium,"#N/A",New,Subject_qbzmi,"#N/A","#N/A","#N/A","#N/A","#N/A"
dd695333-009d-465f-9858-8032b5b8959b,"#N/A","#N/A",false,Web,"#N/A","#N/A",Medium,"#N/A",New,Subject_bkuuj,"#N/A","#N/A","#N/A","#N/A","#N/A"
dd6b9f9c-85be-465d-a2ca-297cd315e957,"#N/A","#N/A",false,Web,"#N/A","#N/A",Medium,"#N/A",New,Subject_zihhb,"#N/A","#N/A","#N/A","#N/A","#N/A"
dd6be92d-b109-48c6-a744-8724d89cd2df,"#N/A","#N/A",false,Web,"#N/A","#N/A",Medium,"#N/A",New,Subject_ltzqw,"#N/A","#N/A","#N/A","#N/A","#N/A"
dd72e07a-db25-4338-9099-bbaea5e405f5,"#N/A","#N/A",false,Web,"#N/A","#N/A",Medium,"#N/A",New,Subject_hysot,"#N/A","#N/A","#N/A","#N/A","#N/A"
dd7ddbc3-ba54-48d6-9e6d-81be27d6b7ce,"#N/A","#N/A",false,Web,"#N/A","#N/A",Medium,"#N/A",New,Subject_dehej,"#N/A","#N/A","#N/A","#N/A","#N/A"
dd857572-4bf7-42f4-a76d-deb053f6782a,"#N/A","#N/A",false,Web,"#N/A","#N/A",Medium,"#N/A",New,Subject_ywuqt,"#N/A","#N/A","#N/A","#N/A","#N/A"
dd85b97f-3823-4367-8b2a-6e252e35ca7c,"#N/A","#N/A",false,Web,"#N/A","#N/A",Medium,"#N/A",New,Subject_ndluy,"#N/A","#N/A","#N/A","#N/A","#N/A"
dd8fbfc1-a6f5-4d9a-a6db-c8176fba6265,"#N/A","#N/A",false,Web,"#N/A","#N/A",Medium,"#N/A",New,Subject_skjsf,"#N/A","#N/A","#N/A","#N/A","#N/A"
dd97578a-3aac-400b-8af5-12e6189719e8,"#N/A","#N/A",false,Web,"#N/A","#N/A",Medium,"#N/A",New,Subject_szguj,"#N/A","#N/A","#N/A","#N/A","#N/A"
dd99a5d2-a94b-45cc-8bc6-9ce4d97ccc51,"#N/A","#N/A",false,Web,"#N/A","#N/A",Medium,"#N/A",New,Subject_moitm,"#N/A","#N/A","#N/A","#N/A","#N/A"
dd9aaacb-1d59-46a0-a7d6-1f53f8cbdbfe,"#N/A","#N/A",false,Web,"#N/A","#N/A",Medium,"#N/A",New,Subject_etubr,"#N/A","#N/A","#N/A","#N/A","#N/A"
dd9b9eaa-7702-479d-ba2f-7269cb674544,"#N/A","#N/A",false,Web,"#N/A","#N/A",Medium,"#N/A",New,Subject_mgrmc,"#N/A","#N/A","#N/A","#N/A","#N/A"
dd9cf905-1115-42ce-a875-21252bf3a099,"#N/A","#N/A",false,Web,"#N/A","#N/A",Medium,"#N/A",New,Subject_egemr,"#N/A","#N/A","#N/A","#N/A","#N/A"
dda157e9-83c3-4303-93f9-d05ba633189f,"#N/A","#N/A",false,Web,"#N/A","#N/A",Medium,"#N/A",New,Subject_xakek,"#N/A","#N/A","#N/A","#N/A","#N/A"
dda235ca-adc3-4a51-9d33-141e8d72d79d,"#N/A","#N/A",false,Web,"#N/A","#N/A",Medium,"#N/A",New,Subject_vlwxg,"#N/A","#N/A","#N/A","#N/A","#N/A"
dda5f966-ceed-483e-8ac5-a130dc0c9944,"#N/A","#N/A",false,Web,"#N/A","#N/A",Medium,"#N/A",New,Subject_qngdw,"#N/A","#N/A","#N/A","#N/A","#N/A"
dda7149e-2f91-4a73-85ed-ead95fc46174,"#N/A","#N/A",false,Web,"#N/A","#N/A",Medium,"#N/A",New,Subject_poyuf,"#N/A","#N/A","#N/A","#N/A","#N/A"
ddaafac3-b07d-4511-80b8-6fb67de5db07,"#N/A","#N/A",false,Web,"#N/A","#N/A",Medium,"#N/A",New,Subject_pnuzj,"#N/A","#N/A","#N/A","#N/A","#N/A"
ddad8491-ebc6-494c-b3a7-82282c266eae,"#N/A","#N/A",false,Web,"#N/A","#N/A",Medium,"#N/A",New,Subject_tzybv,"#N/A","#N/A","#N/A","#N/A","#N/A"
ddaf0f3b-e69a-44f1-baac-63512538e54d,"#N/A","#N/A",false,Web,"#N/A","#N/A",Medium,"#N/A",New,Subject_iixhr,"#N/A","#N/A","#N/A","#N/A","#N/A"
ddaf299f-d4f1-4892-8f47-fb5cf913de2d,"#N/A","#N/A",false,Web,"#N/A","#N/A",Medium,"#N/A",New,Subject_ijsrj,"#N/A","#N/A","#N/A","#N/A","#N/A"
ddb3ce30-588f-46a0-a901-64d2ea787a8e,"#N/A","#N/A",false,Web,"#N/A","#N/A",Medium,"#N/A",New,Subject_avzjj,"#N/A","#N/A","#N/A","#N/A","#N/A"
ddbe50f4-2d9a-4f15-a846-9842ff3053b4,"#N/A","#N/A",false,Web,"#N/A","#N/A",Medium,"#N/A",New,Subject_kldbp,"#N/A","#N/A","#N/A","#N/A","#N/A"
ddc06d77-f43e-418a-aa91-85e7b3145480,"#N/A","#N/A",false,Web,"#N/A","#N/A",Medium,"#N/A",New,Subject_mdekg,"#N/A","#N/A","#N/A","#N/A","#N/A"
ddc59af9-7a50-4588-b50e-67e0e4bae70d,"#N/A","#N/A",false,Web,"#N/A","#N/A",Medium,"#N/A",New,Subject_lvcdu,"#N/A","#N/A","#N/A","#N/A","#N/A"
ddc6031e-f753-49a2-95c7-cdf6814612a4,"#N/A","#N/A",false,Web,"#N/A","#N/A",Medium,"#N/A",New,Subject_todhc,"#N/A","#N/A","#N/A","#N/A","#N/A"
ddc65e8e-b36f-4fe0-bdd2-268b2ddafd85,"#N/A","#N/A",false,Web,"#N/A","#N/A",Medium,"#N/A",New,Subject_vffci,"#N/A","#N/A","#N/A","#N/A","#N/A"
ddc6dbdc-dc39-4901-b0b5-6ed832ab1b08,"#N/A","#N/A",false,Web,"#N/A","#N/A",Medium,"#N/A",New,Subject_uhfuv,"#N/A","#N/A","#N/A","#N/A","#N/A"
ddc7bab2-f5bc-4463-92e5-0ecf54e08ea7,"#N/A","#N/A",false,Web,"#N/A","#N/A",Medium,"#N/A",New,Subject_uioyd,"#N/A","#N/A","#N/A","#N/A","#N/A"
ddc8aff0-8f55-4a74-9e1f-87c0f8e1c53d,"#N/A","#N/A",false,Web,"#N/A","#N/A",Medium,"#N/A",New,Subject_ujqcv,"#N/A","#N/A","#N/A","#N/A","#N/A"
ddca967e-beac-4dce-b9ae-2826f4976eaf,"#N/A","#N/A",false,Web,"#N/A","#N/A",Medium,"#N/A",New,Subject_ttqaj,"#N/A","#N/A","#N/A","#N/A","#N/A"
ddd26011-fd1f-41f9-b0d3-d15c71a2819f,"#N/A","#N/A",false,Web,"#N/A","#N/A",Medium,"#N/A",New,Subject_bjtmd,"#N/A","#N/A","#N/A","#N/A","#N/A"
ddd2f501-46c7-4278-af91-c7229dc482b5,"#N/A","#N/A",false,Web,"#N/A","#N/A",Medium,"#N/A",New,Subject_dpvbm,"#N/A","#N/A","#N/A","#N/A","#N/A"
ddd3785d-d2d7-4f44-9835-a5d9d68a2d52,"#N/A","#N/A",false,Web,"#N/A","#N/A",Medium,"#N/A",New,Subject_ysnwy,"#N/A","#N/A","#N/A","#N/A","#N/A"
ddd49ce3-eadf-415b-9da5-3c599228139c,"#N/A","#N/A",false,Web,"#N/A","#N/A",Medium,"#N/A",New,Subject_abubt,"#N/A","#N/A","#N/A","#N/A","#N/A"
ddd7473d-02d0-4189-a0f3-7b320be366a6,"#N/A","#N/A",false,Web,"#N/A","#N/A",Medium,"#N/A",New,Subject_glexv,"#N/A","#N/A","#N/A","#N/A","#N/A"
ddd8412e-cb28-4da6-a343-0dcf95ca9e69,"#N/A","#N/A",false,Web,"#N/A","#N/A",Medium,"#N/A",New,Subject_vyamq,"#N/A","#N/A","#N/A","#N/A","#N/A"
ddd927ea-ffe2-478c-a83f-0024a7de61a4,"#N/A","#N/A",false,Web,"#N/A","#N/A",Medium,"#N/A",New,Subject_xvfqb,"#N/A","#N/A","#N/A","#N/A","#N/A"
dddd3d76-de3c-4869-b0e9-5f622885ec90,"#N/A","#N/A",false,Web,"#N/A","#N/A",Medium,"#N/A",New,Subject_zvnax,"#N/A","#N/A","#N/A","#N/A","#N/A"
dddeb3a3-c2ef-4e14-8f47-49d9af5d0d45,"#N/A","#N/A",false,Web,"#N/A","#N/A",Medium,"#N/A",New,Subject_fdyvt,"#N/A","#N/A","#N/A","#N/A","#N/A"
dddf8015-e3c2-4d3c-a7a4-ead200ac8d20,"#N/A","#N/A",false,Web,"#N/A","#N/A",Medium,"#N/A",New,Subject_dxswm,"#N/A","#N/A","#N/A","#N/A","#N/A"
dddfd9df-ade2-43b8-ade4-ac59a340e5b9,"#N/A","#N/A",false,Web,"#N/A","#N/A",Medium,"#N/A",New,Subject_wkkls,"#N/A","#N/A","#N/A","#N/A","#N/A"
dde1249d-04f2-4602-bba2-4d34d3b15650,"#N/A","#N/A",false,Web,"#N/A","#N/A",Medium,"#N/A",New,Subject_qdaav,"#N/A","#N/A","#N/A","#N/A","#N/A"
dde8b671-d678-495e-bfc0-ded7fb327fe8,"#N/A","#N/A",false,Web,"#N/A","#N/A",Medium,"#N/A",New,Subject_qxzcq,"#N/A","#N/A","#N/A","#N/A","#N/A"
ddea5cae-1ca1-4e70-a62a-19f549df5056,"#N/A","#N/A",false,Web,"#N/A","#N/A",Medium,"#N/A",New,Subject_tvdbd,"#N/A","#N/A","#N/A","#N/A","#N/A"
ddec094c-6dca-477e-a1ad-ea42b1fff436,"#N/A","#N/A",false,Web,"#N/A","#N/A",Medium,"#N/A",New,Subject_xfxlb,"#N/A","#N/A","#N/A","#N/A","#N/A"
dded5fc2-f5d1-43a3-994a-090fb5600b70,"#N/A","#N/A",false,Web,"#N/A","#N/A",Medium,"#N/A",New,Subject_ekrwg,"#N/A","#N/A","#N/A","#N/A","#N/A"
ddee1f2f-b340-4c55-87e1-261eafeb05c3,"#N/A","#N/A",false,Web,"#N/A","#N/A",Medium,"#N/A",New,Subject_uabdn,"#N/A","#N/A","#N/A","#N/A","#N/A"
ddee9166-86c8-40fc-b0df-90dcd2518f11,"#N/A","#N/A",false,Web,"#N/A","#N/A",Medium,"#N/A",New,Subject_sgydm,"#N/A","#N/A","#N/A","#N/A","#N/A"
ddf3411c-bec6-4a08-97e8-986d84f05501,"#N/A","#N/A",false,Web,"#N/A","#N/A",Medium,"#N/A",New,Subject_wdguu,"#N/A","#N/A","#N/A","#N/A","#N/A"
ddf5d882-f9d3-45b2-aae6-dc96420db090,"#N/A","#N/A",false,Web,"#N/A","#N/A",Medium,"#N/A",New,Subject_jpvre,"#N/A","#N/A","#N/A","#N/A","#N/A"
ddf683f7-a08e-4564-9cb3-52dd1824270e,"#N/A","#N/A",false,Web,"#N/A","#N/A",Medium,"#N/A",New,Subject_amqhk,"#N/A","#N/A","#N/A","#N/A","#N/A"
ddf85e06-3ed4-4612-bd53-fec593370d5f,"#N/A","#N/A",false,Web,"#N/A","#N/A",Medium,"#N/A",New,Subject_okjum,"#N/A","#N/A","#N/A","#N/A","#N/A"
ddfd1c57-2fcd-4d23-983f-a77857d4c3db,"#N/A","#N/A",false,Web,"#N/A","#N/A",Medium,"#N/A",New,Subject_gfaxd,"#N/A","#N/A","#N/A","#N/A","#N/A"
de009277-5172-4c2a-a39b-f586e23372b9,"#N/A","#N/A",false,Web,"#N/A","#N/A",Medium,"#N/A",New,Subject_sdocy,"#N/A","#N/A","#N/A","#N/A","#N/A"
de02bd36-f224-47d6-88d3-a38244d62071,"#N/A","#N/A",false,Web,"#N/A","#N/A",Medium,"#N/A",New,Subject_syomi,"#N/A","#N/A","#N/A","#N/A","#N/A"
de04310f-a576-466d-aa4d-6a9e35708faa,"#N/A","#N/A",false,Web,"#N/A","#N/A",Medium,"#N/A",New,Subject_gpbzf,"#N/A","#N/A","#N/A","#N/A","#N/A"
de056eef-cb43-4262-a202-52ecdac3fd02,"#N/A","#N/A",false,Web,"#N/A","#N/A",Medium,"#N/A",New,Subject_ouhtk,"#N/A","#N/A","#N/A","#N/A","#N/A"
de05f22c-6cef-48ab-bd3c-d740a5aa9110,"#N/A","#N/A",false,Web,"#N/A","#N/A",Medium,"#N/A",New,Subject_dwltw,"#N/A","#N/A","#N/A","#N/A","#N/A"
de0d1b89-eba2-485f-b5b0-94d7681de86d,"#N/A","#N/A",false,Web,"#N/A","#N/A",Medium,"#N/A",New,Subject_urbzr,"#N/A","#N/A","#N/A","#N/A","#N/A"
de0fe6b4-b459-4004-b638-a5ddc6101770,"#N/A","#N/A",false,Web,"#N/A","#N/A",Medium,"#N/A",New,Subject_adobb,"#N/A","#N/A","#N/A","#N/A","#N/A"
de1177d0-84f4-4015-aa3d-7dd83edc6383,"#N/A","#N/A",false,Web,"#N/A","#N/A",Medium,"#N/A",New,Subject_xxbjx,"#N/A","#N/A","#N/A","#N/A","#N/A"
de152406-3e47-4c20-8ef1-2fdc2bcb16a1,"#N/A","#N/A",false,Web,"#N/A","#N/A",Medium,"#N/A",New,Subject_hzfrx,"#N/A","#N/A","#N/A","#N/A","#N/A"
de17ffd7-78ac-4380-a694-b3338f126862,"#N/A","#N/A",false,Web,"#N/A","#N/A",Medium,"#N/A",New,Subject_rksmr,"#N/A","#N/A","#N/A","#N/A","#N/A"
de1b85cd-f1be-44b3-a4fc-4cb8ed0dc102,"#N/A","#N/A",false,Web,"#N/A","#N/A",Medium,"#N/A",New,Subject_yzoym,"#N/A","#N/A","#N/A","#N/A","#N/A"
de1c07c9-f176-4088-8878-40b8cf66ac34,"#N/A","#N/A",false,Web,"#N/A","#N/A",Medium,"#N/A",New,Subject_cscwd,"#N/A","#N/A","#N/A","#N/A","#N/A"
de2270d4-f05d-4c1d-b128-06bda9f8e547,"#N/A","#N/A",false,Web,"#N/A","#N/A",Medium,"#N/A",New,Subject_evbne,"#N/A","#N/A","#N/A","#N/A","#N/A"
de231f0b-c932-4fc6-b6a7-176da98fdf62,"#N/A","#N/A",false,Web,"#N/A","#N/A",Medium,"#N/A",New,Subject_tdjup,"#N/A","#N/A","#N/A","#N/A","#N/A"
de25f279-291f-42de-93ea-24a1d33ac27e,"#N/A","#N/A",false,Web,"#N/A","#N/A",Medium,"#N/A",New,Subject_nuhlu,"#N/A","#N/A","#N/A","#N/A","#N/A"
de316414-8180-4ffc-aacf-0c1963ce5dbd,"#N/A","#N/A",false,Web,"#N/A","#N/A",Medium,"#N/A",New,Subject_yglul,"#N/A","#N/A","#N/A","#N/A","#N/A"
de349ba8-6a2b-42cf-ab1f-881ebf9942bd,"#N/A","#N/A",false,Web,"#N/A","#N/A",Medium,"#N/A",New,Subject_hcpon,"#N/A","#N/A","#N/A","#N/A","#N/A"
de43849b-153d-40b9-ab1a-9723f9d45b25,"#N/A","#N/A",false,Web,"#N/A","#N/A",Medium,"#N/A",New,Subject_mibai,"#N/A","#N/A","#N/A","#N/A","#N/A"
de4460b0-1f78-4bc7-a1a0-0ff5017d2df2,"#N/A","#N/A",false,Web,"#N/A","#N/A",Medium,"#N/A",New,Subject_gfrzk,"#N/A","#N/A","#N/A","#N/A","#N/A"
de4931d6-334b-410b-924e-af2d8a1cfcfe,"#N/A","#N/A",false,Web,"#N/A","#N/A",Medium,"#N/A",New,Subject_issee,"#N/A","#N/A","#N/A","#N/A","#N/A"
de4ea22d-3f5a-49da-87f0-85f3db29fe97,"#N/A","#N/A",false,Web,"#N/A","#N/A",Medium,"#N/A",New,Subject_jeifc,"#N/A","#N/A","#N/A","#N/A","#N/A"
de51e282-5005-4305-b817-a73e2ecbd2e0,"#N/A","#N/A",false,Web,"#N/A","#N/A",Medium,"#N/A",New,Subject_qxsrb,"#N/A","#N/A","#N/A","#N/A","#N/A"
de535caf-45e3-4e2f-8d2e-e6932e8ce0a5,"#N/A","#N/A",false,Web,"#N/A","#N/A",Medium,"#N/A",New,Subject_rxoad,"#N/A","#N/A","#N/A","#N/A","#N/A"
de575e68-bb8c-4536-85d0-837c2466ac2f,"#N/A","#N/A",false,Web,"#N/A","#N/A",Medium,"#N/A",New,Subject_ovbwc,"#N/A","#N/A","#N/A","#N/A","#N/A"
de59282a-9419-4c00-aaf2-832889825b5d,"#N/A","#N/A",false,Web,"#N/A","#N/A",Medium,"#N/A",New,Subject_lhskq,"#N/A","#N/A","#N/A","#N/A","#N/A"
de5c47e0-5de3-481c-acef-75e8c12dcdd4,"#N/A","#N/A",false,Web,"#N/A","#N/A",Medium,"#N/A",New,Subject_jijfw,"#N/A","#N/A","#N/A","#N/A","#N/A"
de5e407a-7fec-428f-8c02-744277bd9190,"#N/A","#N/A",false,Web,"#N/A","#N/A",Medium,"#N/A",New,Subject_niuob,"#N/A","#N/A","#N/A","#N/A","#N/A"
de5fa020-994b-4198-9b37-9cd6dfdd17f3,"#N/A","#N/A",false,Web,"#N/A","#N/A",Medium,"#N/A",New,Subject_ipqxr,"#N/A","#N/A","#N/A","#N/A","#N/A"
de610f96-0fc0-4ef1-af54-f199609afe5f,"#N/A","#N/A",false,Web,"#N/A","#N/A",Medium,"#N/A",New,Subject_tibht,"#N/A","#N/A","#N/A","#N/A","#N/A"
de685f63-b387-4b30-ba46-cdab6a7e5a26,"#N/A","#N/A",false,Web,"#N/A","#N/A",Medium,"#N/A",New,Subject_dnere,"#N/A","#N/A","#N/A","#N/A","#N/A"
de6a92e5-6aae-48f6-b3b8-afc253c21c86,"#N/A","#N/A",false,Web,"#N/A","#N/A",Medium,"#N/A",New,Subject_bsacu,"#N/A","#N/A","#N/A","#N/A","#N/A"
de6d23a2-aced-4c77-94db-1860a081aaab,"#N/A","#N/A",false,Web,"#N/A","#N/A",Medium,"#N/A",New,Subject_gjure,"#N/A","#N/A","#N/A","#N/A","#N/A"
de6d9e55-ba2e-4175-b982-bf6ed199cf09,"#N/A","#N/A",false,Web,"#N/A","#N/A",Medium,"#N/A",New,Subject_qoisb,"#N/A","#N/A","#N/A","#N/A","#N/A"
de6de3ac-4ec5-4a7b-bdb0-96dda8273256,"#N/A","#N/A",false,Web,"#N/A","#N/A",Medium,"#N/A",New,Subject_lnhiq,"#N/A","#N/A","#N/A","#N/A","#N/A"
de703aec-7d59-4c46-af25-63b38f45377e,"#N/A","#N/A",false,Web,"#N/A","#N/A",Medium,"#N/A",New,Subject_uwuqf,"#N/A","#N/A","#N/A","#N/A","#N/A"
de7c323f-e78c-4ede-8d70-d2fbc4326ef1,"#N/A","#N/A",false,Web,"#N/A","#N/A",Medium,"#N/A",New,Subject_csozl,"#N/A","#N/A","#N/A","#N/A","#N/A"
de7ca1a1-c26a-4198-b3a0-96a20ad7c5bc,"#N/A","#N/A",false,Web,"#N/A","#N/A",Medium,"#N/A",New,Subject_vgzzq,"#N/A","#N/A","#N/A","#N/A","#N/A"
de7df865-7b5b-426b-9184-231da329f49b,"#N/A","#N/A",false,Web,"#N/A","#N/A",Medium,"#N/A",New,Subject_zcabo,"#N/A","#N/A","#N/A","#N/A","#N/A"
de7f1db9-1974-4d24-a2ae-674cc6f2f967,"#N/A","#N/A",false,Web,"#N/A","#N/A",Medium,"#N/A",New,Subject_nwuzt,"#N/A","#N/A","#N/A","#N/A","#N/A"
de812622-40e5-458e-a667-531b2dc551c1,"#N/A","#N/A",false,Web,"#N/A","#N/A",Medium,"#N/A",New,Subject_yktbd,"#N/A","#N/A","#N/A","#N/A","#N/A"
de8253c7-e245-441c-9d05-3ea4108b9799,"#N/A","#N/A",false,Web,"#N/A","#N/A",Medium,"#N/A",New,Subject_lyzcs,"#N/A","#N/A","#N/A","#N/A","#N/A"
de877a67-4250-4364-9116-c39e07860649,"#N/A","#N/A",false,Web,"#N/A","#N/A",Medium,"#N/A",New,Subject_krdvg,"#N/A","#N/A","#N/A","#N/A","#N/A"
de879868-e3a5-4d82-968a-bcd134518f00,"#N/A","#N/A",false,Web,"#N/A","#N/A",Medium,"#N/A",New,Subject_bzdwv,"#N/A","#N/A","#N/A","#N/A","#N/A"
de87d9ab-b40f-4a0c-a537-a1e0f8ee735a,"#N/A","#N/A",false,Web,"#N/A","#N/A",Medium,"#N/A",New,Subject_clewr,"#N/A","#N/A","#N/A","#N/A","#N/A"
de884206-11ac-4395-86dc-14bff25c5243,"#N/A","#N/A",false,Web,"#N/A","#N/A",Medium,"#N/A",New,Subject_ucims,"#N/A","#N/A","#N/A","#N/A","#N/A"
de88ad5b-cb2c-4f45-9d66-c3bffa6876c3,"#N/A","#N/A",false,Web,"#N/A","#N/A",Medium,"#N/A",New,Subject_pkhdj,"#N/A","#N/A","#N/A","#N/A","#N/A"
de8b7576-9b27-41be-b5c6-8bdb83f9ca7c,"#N/A","#N/A",false,Web,"#N/A","#N/A",Medium,"#N/A",New,Subject_unxyj,"#N/A","#N/A","#N/A","#N/A","#N/A"
de901a17-1130-409a-8f9d-420e9b31a0e2,"#N/A","#N/A",false,Web,"#N/A","#N/A",Medium,"#N/A",New,Subject_oriez,"#N/A","#N/A","#N/A","#N/A","#N/A"
de911f1e-de8d-475d-9f60-e1d4caa26d27,"#N/A","#N/A",false,Web,"#N/A","#N/A",Medium,"#N/A",New,Subject_zqsiy,"#N/A","#N/A","#N/A","#N/A","#N/A"
de96aa8a-b9b7-46dc-ac54-24ed0fa29684,"#N/A","#N/A",false,Web,"#N/A","#N/A",Medium,"#N/A",New,Subject_ghlgs,"#N/A","#N/A","#N/A","#N/A","#N/A"
de9b1384-c65d-4e8d-a660-5359384be087,"#N/A","#N/A",false,Web,"#N/A","#N/A",Medium,"#N/A",New,Subject_zdgmh,"#N/A","#N/A","#N/A","#N/A","#N/A"
de9d5f0b-378a-4dd8-a918-da3291c68e1a,"#N/A","#N/A",false,Web,"#N/A","#N/A",Medium,"#N/A",New,Subject_itvzm,"#N/A","#N/A","#N/A","#N/A","#N/A"
deacfe51-ff29-4e52-89b2-a3efe778921d,"#N/A","#N/A",false,Web,"#N/A","#N/A",Medium,"#N/A",New,Subject_eluev,"#N/A","#N/A","#N/A","#N/A","#N/A"
deaf99ee-a4b8-4037-8e59-bccbd71f2d8e,"#N/A","#N/A",false,Web,"#N/A","#N/A",Medium,"#N/A",New,Subject_pncby,"#N/A","#N/A","#N/A","#N/A","#N/A"
deb0d572-3352-4ad9-ad88-68447e80ed4b,"#N/A","#N/A",false,Web,"#N/A","#N/A",Medium,"#N/A",New,Subject_wutag,"#N/A","#N/A","#N/A","#N/A","#N/A"
deb9421a-17eb-435b-820c-c1ca3e766545,"#N/A","#N/A",false,Web,"#N/A","#N/A",Medium,"#N/A",New,Subject_lebrs,"#N/A","#N/A","#N/A","#N/A","#N/A"
debb655f-4692-428d-ae5f-a316cfd273ff,"#N/A","#N/A",false,Web,"#N/A","#N/A",Medium,"#N/A",New,Subject_tfnpq,"#N/A","#N/A","#N/A","#N/A","#N/A"
debe6c79-8846-403c-87d5-6042382f0466,"#N/A","#N/A",false,Web,"#N/A","#N/A",Medium,"#N/A",New,Subject_jufki,"#N/A","#N/A","#N/A","#N/A","#N/A"
dec1203f-3f41-4ef1-b5cf-c582149ec7b6,"#N/A","#N/A",false,Web,"#N/A","#N/A",Medium,"#N/A",New,Subject_hruei,"#N/A","#N/A","#N/A","#N/A","#N/A"
dec1b687-78fe-407c-b942-e5b2bad0d280,"#N/A","#N/A",false,Web,"#N/A","#N/A",Medium,"#N/A",New,Subject_uwdyk,"#N/A","#N/A","#N/A","#N/A","#N/A"
dec20ac9-f4e7-4ecb-aaef-bc147f6e0edb,"#N/A","#N/A",false,Web,"#N/A","#N/A",Medium,"#N/A",New,Subject_lzsvk,"#N/A","#N/A","#N/A","#N/A","#N/A"
dec25944-470d-48aa-8ef8-2f0dbf47bce6,"#N/A","#N/A",false,Web,"#N/A","#N/A",Medium,"#N/A",New,Subject_wbhvx,"#N/A","#N/A","#N/A","#N/A","#N/A"
dec366cd-1924-42c6-90a5-1fefbbc42745,"#N/A","#N/A",false,Web,"#N/A","#N/A",Medium,"#N/A",New,Subject_xqiet,"#N/A","#N/A","#N/A","#N/A","#N/A"
dec6925b-2d72-453a-8ba0-5176f441806a,"#N/A","#N/A",false,Web,"#N/A","#N/A",Medium,"#N/A",New,Subject_rwlna,"#N/A","#N/A","#N/A","#N/A","#N/A"
dece0758-d4b3-4550-bc41-8ebf70be5a8f,"#N/A","#N/A",false,Web,"#N/A","#N/A",Medium,"#N/A",New,Subject_sxsom,"#N/A","#N/A","#N/A","#N/A","#N/A"
dece91d2-3fda-4951-8206-81b1a6d4fe22,"#N/A","#N/A",false,Web,"#N/A","#N/A",Medium,"#N/A",New,Subject_cusmv,"#N/A","#N/A","#N/A","#N/A","#N/A"
ded41f8c-f6e4-4203-9709-b4b336b94a0a,"#N/A","#N/A",false,Web,"#N/A","#N/A",Medium,"#N/A",New,Subject_foesi,"#N/A","#N/A","#N/A","#N/A","#N/A"
ded6ae7d-70e2-40fc-bd40-16eb0e9e548b,"#N/A","#N/A",false,Web,"#N/A","#N/A",Medium,"#N/A",New,Subject_jkhod,"#N/A","#N/A","#N/A","#N/A","#N/A"
ded9e43f-8f46-40ce-bc65-0803e7eeaa9a,"#N/A","#N/A",false,Web,"#N/A","#N/A",Medium,"#N/A",New,Subject_jwwfd,"#N/A","#N/A","#N/A","#N/A","#N/A"
dede1b81-205e-4072-9f21-7c17eff576f1,"#N/A","#N/A",false,Web,"#N/A","#N/A",Medium,"#N/A",New,Subject_czftb,"#N/A","#N/A","#N/A","#N/A","#N/A"
dee253b0-b921-4661-987c-3a6fb0e3d443,"#N/A","#N/A",false,Web,"#N/A","#N/A",Medium,"#N/A",New,Subject_qoasn,"#N/A","#N/A","#N/A","#N/A","#N/A"
dee38259-535e-44a4-aa31-886e8e186bab,"#N/A","#N/A",false,Web,"#N/A","#N/A",Medium,"#N/A",New,Subject_tfuvf,"#N/A","#N/A","#N/A","#N/A","#N/A"
dee7d1fa-963b-455b-ac10-b585b982c57a,"#N/A","#N/A",false,Web,"#N/A","#N/A",Medium,"#N/A",New,Subject_bdnmi,"#N/A","#N/A","#N/A","#N/A","#N/A"
dee813d0-ec3b-4f65-a633-b09ffda638b8,"#N/A","#N/A",false,Web,"#N/A","#N/A",Medium,"#N/A",New,Subject_bwqxi,"#N/A","#N/A","#N/A","#N/A","#N/A"
dee89cb3-4787-4ca3-8e11-34d4da98f1a6,"#N/A","#N/A",false,Web,"#N/A","#N/A",Medium,"#N/A",New,Subject_eoipd,"#N/A","#N/A","#N/A","#N/A","#N/A"
dee95c4f-8807-48ac-96a6-5e3c0dff66be,"#N/A","#N/A",false,Web,"#N/A","#N/A",Medium,"#N/A",New,Subject_sncdz,"#N/A","#N/A","#N/A","#N/A","#N/A"
deec2055-6ea4-4021-be7a-e8fb0c197cc7,"#N/A","#N/A",false,Web,"#N/A","#N/A",Medium,"#N/A",New,Subject_cjbmm,"#N/A","#N/A","#N/A","#N/A","#N/A"
deed42e4-ea6d-40e1-92a2-7c7a43126f0e,"#N/A","#N/A",false,Web,"#N/A","#N/A",Medium,"#N/A",New,Subject_hqatl,"#N/A","#N/A","#N/A","#N/A","#N/A"
def4fb35-3b8a-4559-91d3-8795d2cc15dd,"#N/A","#N/A",false,Web,"#N/A","#N/A",Medium,"#N/A",New,Subject_xwijj,"#N/A","#N/A","#N/A","#N/A","#N/A"
def67eef-810d-46ee-af77-03ddc4dd5c87,"#N/A","#N/A",false,Web,"#N/A","#N/A",Medium,"#N/A",New,Subject_xwkls,"#N/A","#N/A","#N/A","#N/A","#N/A"
def71ac2-023f-49cb-a33c-af6cc9a4aea5,"#N/A","#N/A",false,Web,"#N/A","#N/A",Medium,"#N/A",New,Subject_gqlzs,"#N/A","#N/A","#N/A","#N/A","#N/A"
def75173-af14-4092-9541-97c121712131,"#N/A","#N/A",false,Web,"#N/A","#N/A",Medium,"#N/A",New,Subject_uxwsj,"#N/A","#N/A","#N/A","#N/A","#N/A"
defcb78e-4f26-42cd-b4a9-8dd9e66d83fe,"#N/A","#N/A",false,Web,"#N/A","#N/A",Medium,"#N/A",New,Subject_ycwte,"#N/A","#N/A","#N/A","#N/A","#N/A"
defe68af-55d9-48fb-8766-4d4aa95f99aa,"#N/A","#N/A",false,Web,"#N/A","#N/A",Medium,"#N/A",New,Subject_dmxmi,"#N/A","#N/A","#N/A","#N/A","#N/A"
df023037-4465-42a0-a118-ed2aca9645ca,"#N/A","#N/A",false,Web,"#N/A","#N/A",Medium,"#N/A",New,Subject_fkmzt,"#N/A","#N/A","#N/A","#N/A","#N/A"
df02e297-4610-4510-b88c-8648b95d98da,"#N/A","#N/A",false,Web,"#N/A","#N/A",Medium,"#N/A",New,Subject_vnddz,"#N/A","#N/A","#N/A","#N/A","#N/A"
df03786c-3d11-483c-b1ea-4ca177e02e7b,"#N/A","#N/A",false,Web,"#N/A","#N/A",Medium,"#N/A",New,Subject_nqzpb,"#N/A","#N/A","#N/A","#N/A","#N/A"
df0827f7-7ce4-40e8-8887-2bffe0465f24,"#N/A","#N/A",false,Web,"#N/A","#N/A",Medium,"#N/A",New,Subject_gsubu,"#N/A","#N/A","#N/A","#N/A","#N/A"
df0c1aba-0a38-4ab2-942e-83ac678ce392,"#N/A","#N/A",false,Web,"#N/A","#N/A",Medium,"#N/A",New,Subject_epskm,"#N/A","#N/A","#N/A","#N/A","#N/A"
df0ee6eb-5424-4652-b368-6a5b803fee93,"#N/A","#N/A",false,Web,"#N/A","#N/A",Medium,"#N/A",New,Subject_hujbf,"#N/A","#N/A","#N/A","#N/A","#N/A"
df129b2b-97b8-46b7-82a5-d8c19c2edca3,"#N/A","#N/A",false,Web,"#N/A","#N/A",Medium,"#N/A",New,Subject_gwrhm,"#N/A","#N/A","#N/A","#N/A","#N/A"
df137050-df04-433e-b4a7-422221834c5e,"#N/A","#N/A",false,Web,"#N/A","#N/A",Medium,"#N/A",New,Subject_vybeh,"#N/A","#N/A","#N/A","#N/A","#N/A"
df13d95e-0c7f-4fa8-adb8-8ce91b5a549f,"#N/A","#N/A",false,Web,"#N/A","#N/A",Medium,"#N/A",New,Subject_rrenh,"#N/A","#N/A","#N/A","#N/A","#N/A"
df160d20-61f6-44f9-95f7-9b3289345eb7,"#N/A","#N/A",false,Web,"#N/A","#N/A",Medium,"#N/A",New,Subject_wnrod,"#N/A","#N/A","#N/A","#N/A","#N/A"
df18e34a-8e55-49ce-984d-180e1ec0ea5c,"#N/A","#N/A",false,Web,"#N/A","#N/A",Medium,"#N/A",New,Subject_efrnt,"#N/A","#N/A","#N/A","#N/A","#N/A"
df1d3a88-0a2f-41df-90d4-aba02740b08d,"#N/A","#N/A",false,Web,"#N/A","#N/A",Medium,"#N/A",New,Subject_tgcun,"#N/A","#N/A","#N/A","#N/A","#N/A"
df2392db-ed43-4880-9bf5-677cb8cf0483,"#N/A","#N/A",false,Web,"#N/A","#N/A",Medium,"#N/A",New,Subject_pjckj,"#N/A","#N/A","#N/A","#N/A","#N/A"
df26702c-8323-4cdd-84ce-fc4eae13906f,"#N/A","#N/A",false,Web,"#N/A","#N/A",Medium,"#N/A",New,Subject_sbfqv,"#N/A","#N/A","#N/A","#N/A","#N/A"
df2d9f86-b267-4d5f-ad2e-fb72192e8a90,"#N/A","#N/A",false,Web,"#N/A","#N/A",Medium,"#N/A",New,Subject_csnfu,"#N/A","#N/A","#N/A","#N/A","#N/A"
df3198bd-6668-4941-a437-6b3f6a3f1964,"#N/A","#N/A",false,Web,"#N/A","#N/A",Medium,"#N/A",New,Subject_zjkrz,"#N/A","#N/A","#N/A","#N/A","#N/A"
df354971-7ab0-42e9-8742-4f6458ba9a31,"#N/A","#N/A",false,Web,"#N/A","#N/A",Medium,"#N/A",New,Subject_xkrvy,"#N/A","#N/A","#N/A","#N/A","#N/A"
df357fe8-5b6f-47b7-858b-7dd319eaea6e,"#N/A","#N/A",false,Web,"#N/A","#N/A",Medium,"#N/A",New,Subject_krjge,"#N/A","#N/A","#N/A","#N/A","#N/A"
df3760de-66eb-4f68-a73f-24e68a4c03f1,"#N/A","#N/A",false,Web,"#N/A","#N/A",Medium,"#N/A",New,Subject_nichl,"#N/A","#N/A","#N/A","#N/A","#N/A"
df39d62f-8fb9-423c-b820-99a5c088302a,"#N/A","#N/A",false,Web,"#N/A","#N/A",Medium,"#N/A",New,Subject_rincw,"#N/A","#N/A","#N/A","#N/A","#N/A"
df3ef9ba-636c-48d6-ba28-570684094a99,"#N/A","#N/A",false,Web,"#N/A","#N/A",Medium,"#N/A",New,Subject_hfqqi,"#N/A","#N/A","#N/A","#N/A","#N/A"
df432f92-dd5e-4daa-a414-11fb5c3341a5,"#N/A","#N/A",false,Web,"#N/A","#N/A",Medium,"#N/A",New,Subject_jirsc,"#N/A","#N/A","#N/A","#N/A","#N/A"
df435554-cc74-4425-bfe0-1164ba1e3a2e,"#N/A","#N/A",false,Web,"#N/A","#N/A",Medium,"#N/A",New,Subject_ldits,"#N/A","#N/A","#N/A","#N/A","#N/A"
df44217f-7f95-4da2-a46a-05709898db5e,"#N/A","#N/A",false,Web,"#N/A","#N/A",Medium,"#N/A",New,Subject_ztimb,"#N/A","#N/A","#N/A","#N/A","#N/A"
df492e1a-4ac9-48bf-a0d5-64b5b0964039,"#N/A","#N/A",false,Web,"#N/A","#N/A",Medium,"#N/A",New,Subject_lrdha,"#N/A","#N/A","#N/A","#N/A","#N/A"
df4a5bb4-44db-4313-877a-17ffed6acab1,"#N/A","#N/A",false,Web,"#N/A","#N/A",Medium,"#N/A",New,Subject_aasqs,"#N/A","#N/A","#N/A","#N/A","#N/A"
df4b1629-951c-4fae-9d29-4397650c42de,"#N/A","#N/A",false,Web,"#N/A","#N/A",Medium,"#N/A",New,Subject_rmkjy,"#N/A","#N/A","#N/A","#N/A","#N/A"
df55821f-a24b-42ac-b20a-0cd73f195f3b,"#N/A","#N/A",false,Web,"#N/A","#N/A",Medium,"#N/A",New,Subject_hpbqt,"#N/A","#N/A","#N/A","#N/A","#N/A"
df59e48d-4a51-4636-a8c5-a84282d60840,"#N/A","#N/A",false,Web,"#N/A","#N/A",Medium,"#N/A",New,Subject_egnwt,"#N/A","#N/A","#N/A","#N/A","#N/A"
df5bbb06-6fcf-42b8-81c0-8d1d2be74802,"#N/A","#N/A",false,Web,"#N/A","#N/A",Medium,"#N/A",New,Subject_usxrd,"#N/A","#N/A","#N/A","#N/A","#N/A"
df5eeb78-7627-4c90-be76-a5b5808cef3d,"#N/A","#N/A",false,Web,"#N/A","#N/A",Medium,"#N/A",New,Subject_usigo,"#N/A","#N/A","#N/A","#N/A","#N/A"
df5f283a-ecd4-47a6-885d-df17bb104696,"#N/A","#N/A",false,Web,"#N/A","#N/A",Medium,"#N/A",New,Subject_vjfnw,"#N/A","#N/A","#N/A","#N/A","#N/A"
df5f3036-a33b-4cbe-b37c-72ae2d3dfe65,"#N/A","#N/A",false,Web,"#N/A","#N/A",Medium,"#N/A",New,Subject_zmorc,"#N/A","#N/A","#N/A","#N/A","#N/A"
df5fe3e7-0233-4b2f-a052-9a1b1d70d5c9,"#N/A","#N/A",false,Web,"#N/A","#N/A",Medium,"#N/A",New,Subject_khrec,"#N/A","#N/A","#N/A","#N/A","#N/A"
df6400fb-ca29-4bd1-9b50-be006c0d1b4c,"#N/A","#N/A",false,Web,"#N/A","#N/A",Medium,"#N/A",New,Subject_oszcv,"#N/A","#N/A","#N/A","#N/A","#N/A"
df64c92d-357f-4624-a274-fc7861055473,"#N/A","#N/A",false,Web,"#N/A","#N/A",Medium,"#N/A",New,Subject_updxv,"#N/A","#N/A","#N/A","#N/A","#N/A"
df6bcf4a-2896-4ef5-a7a6-877edd2b964c,"#N/A","#N/A",false,Web,"#N/A","#N/A",Medium,"#N/A",New,Subject_dnins,"#N/A","#N/A","#N/A","#N/A","#N/A"
df6cc04f-d210-4ec8-8e94-38267dab5631,"#N/A","#N/A",false,Web,"#N/A","#N/A",Medium,"#N/A",New,Subject_vbysa,"#N/A","#N/A","#N/A","#N/A","#N/A"
df6cfb32-beef-4d58-834f-0bafc8db31d4,"#N/A","#N/A",false,Web,"#N/A","#N/A",Medium,"#N/A",New,Subject_bwlqa,"#N/A","#N/A","#N/A","#N/A","#N/A"
df6d7285-a1cc-4610-a4af-5aa4d7133081,"#N/A","#N/A",false,Web,"#N/A","#N/A",Medium,"#N/A",New,Subject_wfqoy,"#N/A","#N/A","#N/A","#N/A","#N/A"
df6e417c-5f0a-4d11-92d1-55910cd1dc62,"#N/A","#N/A",false,Web,"#N/A","#N/A",Medium,"#N/A",New,Subject_ricba,"#N/A","#N/A","#N/A","#N/A","#N/A"
df70200b-6214-4dc4-98ce-d1e6ec795794,"#N/A","#N/A",false,Web,"#N/A","#N/A",Medium,"#N/A",New,Subject_tzfxa,"#N/A","#N/A","#N/A","#N/A","#N/A"
df70369d-c3d7-4335-b27c-36c6a710881b,"#N/A","#N/A",false,Web,"#N/A","#N/A",Medium,"#N/A",New,Subject_ooopo,"#N/A","#N/A","#N/A","#N/A","#N/A"
df75132a-b355-4d5d-9540-3a3f15b50bfd,"#N/A","#N/A",false,Web,"#N/A","#N/A",Medium,"#N/A",New,Subject_pnprw,"#N/A","#N/A","#N/A","#N/A","#N/A"
df79bded-59c4-4248-954e-8c12d6adb01a,"#N/A","#N/A",false,Web,"#N/A","#N/A",Medium,"#N/A",New,Subject_bjhod,"#N/A","#N/A","#N/A","#N/A","#N/A"
df79d265-7192-43a7-8d8a-b1d7e523c770,"#N/A","#N/A",false,Web,"#N/A","#N/A",Medium,"#N/A",New,Subject_pfivi,"#N/A","#N/A","#N/A","#N/A","#N/A"
df814cbe-d902-4dbd-a9eb-072dbda4871c,"#N/A","#N/A",false,Web,"#N/A","#N/A",Medium,"#N/A",New,Subject_fubie,"#N/A","#N/A","#N/A","#N/A","#N/A"
df83a449-a5cc-444b-832e-fba0723b0bd4,"#N/A","#N/A",false,Web,"#N/A","#N/A",Medium,"#N/A",New,Subject_mnebo,"#N/A","#N/A","#N/A","#N/A","#N/A"
df86e359-9e39-487a-bbd3-d8d77ba02f99,"#N/A","#N/A",false,Web,"#N/A","#N/A",Medium,"#N/A",New,Subject_undfj,"#N/A","#N/A","#N/A","#N/A","#N/A"
df87265e-70f8-4664-9350-3a5cb5210ee9,"#N/A","#N/A",false,Web,"#N/A","#N/A",Medium,"#N/A",New,Subject_kxywb,"#N/A","#N/A","#N/A","#N/A","#N/A"
df898d34-c95b-4ee9-a038-b1624b5366f7,"#N/A","#N/A",false,Web,"#N/A","#N/A",Medium,"#N/A",New,Subject_vcuey,"#N/A","#N/A","#N/A","#N/A","#N/A"
df8ac086-bba0-4675-aafe-525e34cbb3e9,"#N/A","#N/A",false,Web,"#N/A","#N/A",Medium,"#N/A",New,Subject_ffkoy,"#N/A","#N/A","#N/A","#N/A","#N/A"
df90449c-4da5-4849-819a-7a370f9bb0cf,"#N/A","#N/A",false,Web,"#N/A","#N/A",Medium,"#N/A",New,Subject_dguml,"#N/A","#N/A","#N/A","#N/A","#N/A"
df98b5d3-9cc8-4305-b30a-14a0255f25c0,"#N/A","#N/A",false,Web,"#N/A","#N/A",Medium,"#N/A",New,Subject_jslce,"#N/A","#N/A","#N/A","#N/A","#N/A"
df9e83b2-24d7-455e-9cd8-8bfc1d097fb9,"#N/A","#N/A",false,Web,"#N/A","#N/A",Medium,"#N/A",New,Subject_jfpqr,"#N/A","#N/A","#N/A","#N/A","#N/A"
dfa4a0fa-765a-4d4a-b622-186e0769f193,"#N/A","#N/A",false,Web,"#N/A","#N/A",Medium,"#N/A",New,Subject_iwgti,"#N/A","#N/A","#N/A","#N/A","#N/A"
dfa6090e-6c70-4953-9d49-286c82eacffb,"#N/A","#N/A",false,Web,"#N/A","#N/A",Medium,"#N/A",New,Subject_alzvz,"#N/A","#N/A","#N/A","#N/A","#N/A"
dfa79ad5-d52b-4c04-b09d-1a86dfa10a0f,"#N/A","#N/A",false,Web,"#N/A","#N/A",Medium,"#N/A",New,Subject_ykgyt,"#N/A","#N/A","#N/A","#N/A","#N/A"
dfa980fe-8ec7-4ffb-b992-5d8afe45b72d,"#N/A","#N/A",false,Web,"#N/A","#N/A",Medium,"#N/A",New,Subject_lduil,"#N/A","#N/A","#N/A","#N/A","#N/A"
dfaaa2e2-0363-46c5-8ee2-faede74737f4,"#N/A","#N/A",false,Web,"#N/A","#N/A",Medium,"#N/A",New,Subject_ganma,"#N/A","#N/A","#N/A","#N/A","#N/A"
dfb4d70f-052e-4bdb-b201-3091dde72224,"#N/A","#N/A",false,Web,"#N/A","#N/A",Medium,"#N/A",New,Subject_pdksc,"#N/A","#N/A","#N/A","#N/A","#N/A"
dfb68401-62ba-4ced-bdd8-84513537c158,"#N/A","#N/A",false,Web,"#N/A","#N/A",Medium,"#N/A",New,Subject_kbrzc,"#N/A","#N/A","#N/A","#N/A","#N/A"
dfba9684-d5d6-42e0-8bd3-7e634ec66b04,"#N/A","#N/A",false,Web,"#N/A","#N/A",Medium,"#N/A",New,Subject_apwro,"#N/A","#N/A","#N/A","#N/A","#N/A"
dfbaa64d-4b57-44b8-ab0f-5c671da21342,"#N/A","#N/A",false,Web,"#N/A","#N/A",Medium,"#N/A",New,Subject_bamos,"#N/A","#N/A","#N/A","#N/A","#N/A"
dfbad6bb-b952-443a-9aa6-56d3ceaf1592,"#N/A","#N/A",false,Web,"#N/A","#N/A",Medium,"#N/A",New,Subject_icpmi,"#N/A","#N/A","#N/A","#N/A","#N/A"
dfbb4291-f673-4adb-b7a9-55d0b42be93b,"#N/A","#N/A",false,Web,"#N/A","#N/A",Medium,"#N/A",New,Subject_muslz,"#N/A","#N/A","#N/A","#N/A","#N/A"
dfbd661a-bca0-40df-a9fe-ba44bce564a9,"#N/A","#N/A",false,Web,"#N/A","#N/A",Medium,"#N/A",New,Subject_guxkv,"#N/A","#N/A","#N/A","#N/A","#N/A"
dfbff0d7-be43-4572-8cc1-55d330eb1030,"#N/A","#N/A",false,Web,"#N/A","#N/A",Medium,"#N/A",New,Subject_pijtr,"#N/A","#N/A","#N/A","#N/A","#N/A"
dfc33ace-b218-4894-878e-605e053f0892,"#N/A","#N/A",false,Web,"#N/A","#N/A",Medium,"#N/A",New,Subject_hwthc,"#N/A","#N/A","#N/A","#N/A","#N/A"
dfc7dce2-e62d-4e3c-989f-42beee2ce734,"#N/A","#N/A",false,Web,"#N/A","#N/A",Medium,"#N/A",New,Subject_nukot,"#N/A","#N/A","#N/A","#N/A","#N/A"
dfc923a6-1724-48d5-b4f7-6119f38ac1ce,"#N/A","#N/A",false,Web,"#N/A","#N/A",Medium,"#N/A",New,Subject_rbtyc,"#N/A","#N/A","#N/A","#N/A","#N/A"
dfc92738-ae53-42e3-adb0-046dc61a2acc,"#N/A","#N/A",false,Web,"#N/A","#N/A",Medium,"#N/A",New,Subject_yutvl,"#N/A","#N/A","#N/A","#N/A","#N/A"
dfc97160-9d8c-44b0-b365-e62ac4a0a2ac,"#N/A","#N/A",false,Web,"#N/A","#N/A",Medium,"#N/A",New,Subject_ucwfu,"#N/A","#N/A","#N/A","#N/A","#N/A"
dfcd1958-9e28-4834-be1f-3edd97d10668,"#N/A","#N/A",false,Web,"#N/A","#N/A",Medium,"#N/A",New,Subject_pvoxe,"#N/A","#N/A","#N/A","#N/A","#N/A"
dfcfe991-eb7b-450c-acee-21f17a896747,"#N/A","#N/A",false,Web,"#N/A","#N/A",Medium,"#N/A",New,Subject_gqgda,"#N/A","#N/A","#N/A","#N/A","#N/A"
dfd0274e-f31b-4608-aeac-03abb4b9f4e5,"#N/A","#N/A",false,Web,"#N/A","#N/A",Medium,"#N/A",New,Subject_jryzq,"#N/A","#N/A","#N/A","#N/A","#N/A"
dfd1082c-0fd9-4911-bb5e-0a1e4014fbbd,"#N/A","#N/A",false,Web,"#N/A","#N/A",Medium,"#N/A",New,Subject_bmuuy,"#N/A","#N/A","#N/A","#N/A","#N/A"
dfd29bb6-12f9-42b4-889b-bf53e3f38a2a,"#N/A","#N/A",false,Web,"#N/A","#N/A",Medium,"#N/A",New,Subject_rawaz,"#N/A","#N/A","#N/A","#N/A","#N/A"
dfd5e0a4-3266-42d5-bedd-6ba62c338481,"#N/A","#N/A",false,Web,"#N/A","#N/A",Medium,"#N/A",New,Subject_ljbdr,"#N/A","#N/A","#N/A","#N/A","#N/A"
dfd5e189-90fd-4cb4-8e55-a7485e4755b9,"#N/A","#N/A",false,Web,"#N/A","#N/A",Medium,"#N/A",New,Subject_rrjbq,"#N/A","#N/A","#N/A","#N/A","#N/A"
dfd760d9-bb94-4107-ae1d-a74775ced766,"#N/A","#N/A",false,Web,"#N/A","#N/A",Medium,"#N/A",New,Subject_guezs,"#N/A","#N/A","#N/A","#N/A","#N/A"
dfd7858d-d36d-4def-81bb-d14ed06888d0,"#N/A","#N/A",false,Web,"#N/A","#N/A",Medium,"#N/A",New,Subject_mxfuu,"#N/A","#N/A","#N/A","#N/A","#N/A"
dfd8c028-064d-4c74-a864-225bf37c6f4f,"#N/A","#N/A",false,Web,"#N/A","#N/A",Medium,"#N/A",New,Subject_cbmxl,"#N/A","#N/A","#N/A","#N/A","#N/A"
dfd8d716-078f-4dea-b3b6-5d974bc949cc,"#N/A","#N/A",false,Web,"#N/A","#N/A",Medium,"#N/A",New,Subject_tlfss,"#N/A","#N/A","#N/A","#N/A","#N/A"
dfdbfb58-a356-4cef-aa8f-e6e930a8f2d9,"#N/A","#N/A",false,Web,"#N/A","#N/A",Medium,"#N/A",New,Subject_pegik,"#N/A","#N/A","#N/A","#N/A","#N/A"
dfe12d99-6f34-404d-b0f6-73d1cdc03739,"#N/A","#N/A",false,Web,"#N/A","#N/A",Medium,"#N/A",New,Subject_qorpt,"#N/A","#N/A","#N/A","#N/A","#N/A"
dfe4cf93-7d24-4d63-8b6f-5ec2add28318,"#N/A","#N/A",false,Web,"#N/A","#N/A",Medium,"#N/A",New,Subject_ubfdf,"#N/A","#N/A","#N/A","#N/A","#N/A"
dfe6ddce-d954-48b8-a164-10aa5364eabe,"#N/A","#N/A",false,Web,"#N/A","#N/A",Medium,"#N/A",New,Subject_cwlvl,"#N/A","#N/A","#N/A","#N/A","#N/A"
dfe91736-7674-4d4f-9ab5-51fba391bc6f,"#N/A","#N/A",false,Web,"#N/A","#N/A",Medium,"#N/A",New,Subject_ylrdn,"#N/A","#N/A","#N/A","#N/A","#N/A"
dfea4415-ea8e-44ea-8306-b0e7cd038837,"#N/A","#N/A",false,Web,"#N/A","#N/A",Medium,"#N/A",New,Subject_inoor,"#N/A","#N/A","#N/A","#N/A","#N/A"
dfecd7fc-6931-4fab-8b55-563dc1900517,"#N/A","#N/A",false,Web,"#N/A","#N/A",Medium,"#N/A",New,Subject_lwrwu,"#N/A","#N/A","#N/A","#N/A","#N/A"
dfecd898-a77a-4df7-897e-b967fea1da8b,"#N/A","#N/A",false,Web,"#N/A","#N/A",Medium,"#N/A",New,Subject_zqmqo,"#N/A","#N/A","#N/A","#N/A","#N/A"
dffeda94-c66b-4c87-a61f-477c6eb11939,"#N/A","#N/A",false,Web,"#N/A","#N/A",Medium,"#N/A",New,Subject_hohuc,"#N/A","#N/A","#N/A","#N/A","#N/A"
dfffa5ba-fa37-4103-a477-7460b599c4d7,"#N/A","#N/A",false,Web,"#N/A","#N/A",Medium,"#N/A",New,Subject_pivsz,"#N/A","#N/A","#N/A","#N/A","#N/A"
dffff0ca-b9be-4ebf-b0d6-ce7466546733,"#N/A","#N/A",false,Web,"#N/A","#N/A",Medium,"#N/A",New,Subject_uxstj,"#N/A","#N/A","#N/A","#N/A","#N/A"
e0032e57-4972-4906-833e-a37ed88549f8,"#N/A","#N/A",false,Web,"#N/A","#N/A",Medium,"#N/A",New,Subject_pwfch,"#N/A","#N/A","#N/A","#N/A","#N/A"
e005912f-e83d-4b34-a36c-0313f6f85e44,"#N/A","#N/A",false,Web,"#N/A","#N/A",Medium,"#N/A",New,Subject_yingb,"#N/A","#N/A","#N/A","#N/A","#N/A"
e006d1db-a8c9-4d6c-8514-4887cd5686bf,"#N/A","#N/A",false,Web,"#N/A","#N/A",Medium,"#N/A",New,Subject_zfkor,"#N/A","#N/A","#N/A","#N/A","#N/A"
e00b5da6-8c08-4e09-b9fb-c05d19fb6d97,"#N/A","#N/A",false,Web,"#N/A","#N/A",Medium,"#N/A",New,Subject_glznt,"#N/A","#N/A","#N/A","#N/A","#N/A"
e00cc1cb-7457-47b5-86a3-edd57831db2a,"#N/A","#N/A",false,Web,"#N/A","#N/A",Medium,"#N/A",New,Subject_zleld,"#N/A","#N/A","#N/A","#N/A","#N/A"
e00ed3fb-1c42-4fa6-8c48-90e0ee764fa8,"#N/A","#N/A",false,Web,"#N/A","#N/A",Medium,"#N/A",New,Subject_gcjif,"#N/A","#N/A","#N/A","#N/A","#N/A"
e011617d-bd20-46d4-ba1b-30eb20e6545e,"#N/A","#N/A",false,Web,"#N/A","#N/A",Medium,"#N/A",New,Subject_fmnyk,"#N/A","#N/A","#N/A","#N/A","#N/A"
e0125f24-9a9f-4c7b-a086-46e521e13bd8,"#N/A","#N/A",false,Web,"#N/A","#N/A",Medium,"#N/A",New,Subject_yehwf,"#N/A","#N/A","#N/A","#N/A","#N/A"
e0193fcf-9dd9-487a-b145-445ef168729e,"#N/A","#N/A",false,Web,"#N/A","#N/A",Medium,"#N/A",New,Subject_ztkjz,"#N/A","#N/A","#N/A","#N/A","#N/A"
e01beb3d-bf95-4609-8d28-a4f75f3aaee7,"#N/A","#N/A",false,Web,"#N/A","#N/A",Medium,"#N/A",New,Subject_vvbcm,"#N/A","#N/A","#N/A","#N/A","#N/A"
e01fb25c-dce0-4c52-8fcc-2e93481e9d9e,"#N/A","#N/A",false,Web,"#N/A","#N/A",Medium,"#N/A",New,Subject_tuhkg,"#N/A","#N/A","#N/A","#N/A","#N/A"
e025afff-c009-44b9-97dc-5a5d00452744,"#N/A","#N/A",false,Web,"#N/A","#N/A",Medium,"#N/A",New,Subject_xqbwm,"#N/A","#N/A","#N/A","#N/A","#N/A"
e026679e-97e7-4c69-bf58-93b8f9845a42,"#N/A","#N/A",false,Web,"#N/A","#N/A",Medium,"#N/A",New,Subject_higjh,"#N/A","#N/A","#N/A","#N/A","#N/A"
e028d25d-f431-4d6d-82dd-a3ddaf9520cf,"#N/A","#N/A",false,Web,"#N/A","#N/A",Medium,"#N/A",New,Subject_cphuo,"#N/A","#N/A","#N/A","#N/A","#N/A"
e02dafe4-7654-4e0d-bb7d-a852b3f6afce,"#N/A","#N/A",false,Web,"#N/A","#N/A",Medium,"#N/A",New,Subject_airih,"#N/A","#N/A","#N/A","#N/A","#N/A"
e036b953-9572-440c-a6df-6248db920b39,"#N/A","#N/A",false,Web,"#N/A","#N/A",Medium,"#N/A",New,Subject_nghqn,"#N/A","#N/A","#N/A","#N/A","#N/A"
e038d141-f4b5-4f9f-840c-4a551d4400a0,"#N/A","#N/A",false,Web,"#N/A","#N/A",Medium,"#N/A",New,Subject_wyuos,"#N/A","#N/A","#N/A","#N/A","#N/A"
e0392f97-da30-4880-8af1-2b1db2735c4c,"#N/A","#N/A",false,Web,"#N/A","#N/A",Medium,"#N/A",New,Subject_essqf,"#N/A","#N/A","#N/A","#N/A","#N/A"
e039a06e-4689-46b5-bd12-fd4d48edf7c0,"#N/A","#N/A",false,Web,"#N/A","#N/A",Medium,"#N/A",New,Subject_herkw,"#N/A","#N/A","#N/A","#N/A","#N/A"
e03a7559-cab2-42f7-b990-7f9109f0fccb,"#N/A","#N/A",false,Web,"#N/A","#N/A",Medium,"#N/A",New,Subject_pigha,"#N/A","#N/A","#N/A","#N/A","#N/A"
e03a7d0d-7a3b-4f40-801f-a70cf4ac6510,"#N/A","#N/A",false,Web,"#N/A","#N/A",Medium,"#N/A",New,Subject_cguek,"#N/A","#N/A","#N/A","#N/A","#N/A"
e03ae1c9-be33-4ca5-8a52-6fa03b442aaa,"#N/A","#N/A",false,Web,"#N/A","#N/A",Medium,"#N/A",New,Subject_plwsc,"#N/A","#N/A","#N/A","#N/A","#N/A"
e03cb6ec-9e06-4543-81e4-450d6da9fc9f,"#N/A","#N/A",false,Web,"#N/A","#N/A",Medium,"#N/A",New,Subject_uiwux,"#N/A","#N/A","#N/A","#N/A","#N/A"
e046b5c1-e5d3-435c-8fff-e34d6cd20bff,"#N/A","#N/A",false,Web,"#N/A","#N/A",Medium,"#N/A",New,Subject_zjrqu,"#N/A","#N/A","#N/A","#N/A","#N/A"
e0495212-dfb5-4805-875a-05b883400bd1,"#N/A","#N/A",false,Web,"#N/A","#N/A",Medium,"#N/A",New,Subject_qpjio,"#N/A","#N/A","#N/A","#N/A","#N/A"
e049db15-c595-4822-b8c9-7694879cbcd8,"#N/A","#N/A",false,Web,"#N/A","#N/A",Medium,"#N/A",New,Subject_xgsbj,"#N/A","#N/A","#N/A","#N/A","#N/A"
e04caad7-c63d-4e5e-928d-78fa1d79000b,"#N/A","#N/A",false,Web,"#N/A","#N/A",Medium,"#N/A",New,Subject_rcfwv,"#N/A","#N/A","#N/A","#N/A","#N/A"
e04e6e59-366b-4c4d-9a87-2e6738974b14,"#N/A","#N/A",false,Web,"#N/A","#N/A",Medium,"#N/A",New,Subject_wkepc,"#N/A","#N/A","#N/A","#N/A","#N/A"
e054a360-832f-4679-9b10-ce6a703aed74,"#N/A","#N/A",false,Web,"#N/A","#N/A",Medium,"#N/A",New,Subject_qptga,"#N/A","#N/A","#N/A","#N/A","#N/A"
e056a7b3-0907-4a57-9bbc-4faa9e16b651,"#N/A","#N/A",false,Web,"#N/A","#N/A",Medium,"#N/A",New,Subject_ivakd,"#N/A","#N/A","#N/A","#N/A","#N/A"
e058d6dd-7e6f-43bb-bc3a-7f80b97113da,"#N/A","#N/A",false,Web,"#N/A","#N/A",Medium,"#N/A",New,Subject_ycytl,"#N/A","#N/A","#N/A","#N/A","#N/A"
e06dbaf1-31de-4032-9e2c-8a429611513d,"#N/A","#N/A",false,Web,"#N/A","#N/A",Medium,"#N/A",New,Subject_fhnok,"#N/A","#N/A","#N/A","#N/A","#N/A"
e06e8d4a-6258-4e2f-b16b-ccd102ae54ce,"#N/A","#N/A",false,Web,"#N/A","#N/A",Medium,"#N/A",New,Subject_efwfo,"#N/A","#N/A","#N/A","#N/A","#N/A"
e06ee652-c725-47d5-86dd-d7c13752f8a4,"#N/A","#N/A",false,Web,"#N/A","#N/A",Medium,"#N/A",New,Subject_zxfve,"#N/A","#N/A","#N/A","#N/A","#N/A"
e0762b7f-8ef8-40de-834c-1e47fc6dadc8,"#N/A","#N/A",false,Web,"#N/A","#N/A",Medium,"#N/A",New,Subject_zains,"#N/A","#N/A","#N/A","#N/A","#N/A"
e07ae3a3-47e6-4e82-aa64-89bf6ff07d31,"#N/A","#N/A",false,Web,"#N/A","#N/A",Medium,"#N/A",New,Subject_krgpu,"#N/A","#N/A","#N/A","#N/A","#N/A"
e07ae501-e035-4fd2-8db8-75df56a9d9d9,"#N/A","#N/A",false,Web,"#N/A","#N/A",Medium,"#N/A",New,Subject_ygefh,"#N/A","#N/A","#N/A","#N/A","#N/A"
e07cf00a-2c71-400f-adf2-e03d0ca55dbf,"#N/A","#N/A",false,Web,"#N/A","#N/A",Medium,"#N/A",New,Subject_alwze,"#N/A","#N/A","#N/A","#N/A","#N/A"
e07de71a-ddde-44b9-b396-a74431d3f4b4,"#N/A","#N/A",false,Web,"#N/A","#N/A",Medium,"#N/A",New,Subject_tohxy,"#N/A","#N/A","#N/A","#N/A","#N/A"
e07e9d40-07eb-4c6b-94d8-267095aced23,"#N/A","#N/A",false,Web,"#N/A","#N/A",Medium,"#N/A",New,Subject_wiufb,"#N/A","#N/A","#N/A","#N/A","#N/A"
e0859dd2-60e2-4592-9edd-0292741586a5,"#N/A","#N/A",false,Web,"#N/A","#N/A",Medium,"#N/A",New,Subject_pqgva,"#N/A","#N/A","#N/A","#N/A","#N/A"
e0861c44-810c-4809-9ac1-d8be927d0540,"#N/A","#N/A",false,Web,"#N/A","#N/A",Medium,"#N/A",New,Subject_hvrwm,"#N/A","#N/A","#N/A","#N/A","#N/A"
e0890556-2a54-4172-88ee-f7a62e4c1a5a,"#N/A","#N/A",false,Web,"#N/A","#N/A",Medium,"#N/A",New,Subject_eilkg,"#N/A","#N/A","#N/A","#N/A","#N/A"
e08ae2e2-49da-45c8-8f76-0499572a6680,"#N/A","#N/A",false,Web,"#N/A","#N/A",Medium,"#N/A",New,Subject_hneny,"#N/A","#N/A","#N/A","#N/A","#N/A"
e08cd513-f055-46c3-af73-f476e5af31a6,"#N/A","#N/A",false,Web,"#N/A","#N/A",Medium,"#N/A",New,Subject_pzvkj,"#N/A","#N/A","#N/A","#N/A","#N/A"
e0943e60-c0cd-4666-9322-afbefadb8492,"#N/A","#N/A",false,Web,"#N/A","#N/A",Medium,"#N/A",New,Subject_mmtfw,"#N/A","#N/A","#N/A","#N/A","#N/A"
e09d3a85-a9c9-4b7e-a428-30735c87e87f,"#N/A","#N/A",false,Web,"#N/A","#N/A",Medium,"#N/A",New,Subject_aoqiq,"#N/A","#N/A","#N/A","#N/A","#N/A"
e09e2021-97d2-44e4-8c47-7f1e07b843a0,"#N/A","#N/A",false,Web,"#N/A","#N/A",Medium,"#N/A",New,Subject_icfdf,"#N/A","#N/A","#N/A","#N/A","#N/A"
e0a0e7b4-8063-4eed-ab53-22bcc486317c,"#N/A","#N/A",false,Web,"#N/A","#N/A",Medium,"#N/A",New,Subject_yksrr,"#N/A","#N/A","#N/A","#N/A","#N/A"
e0a374b7-0d0b-4723-b9e3-fd2d19cde5b3,"#N/A","#N/A",false,Web,"#N/A","#N/A",Medium,"#N/A",New,Subject_tzxvw,"#N/A","#N/A","#N/A","#N/A","#N/A"
e0a61e93-6009-4690-b1ac-25d1753a6212,"#N/A","#N/A",false,Web,"#N/A","#N/A",Medium,"#N/A",New,Subject_mewxk,"#N/A","#N/A","#N/A","#N/A","#N/A"
e0aae3cb-b483-445c-9745-a304b148e103,"#N/A","#N/A",false,Web,"#N/A","#N/A",Medium,"#N/A",New,Subject_exgcj,"#N/A","#N/A","#N/A","#N/A","#N/A"
e0ab3a89-2b8a-49fe-a090-30d196618a38,"#N/A","#N/A",false,Web,"#N/A","#N/A",Medium,"#N/A",New,Subject_oazjq,"#N/A","#N/A","#N/A","#N/A","#N/A"
e0ab70d6-8382-4ff2-8af3-744f5451cc2a,"#N/A","#N/A",false,Web,"#N/A","#N/A",Medium,"#N/A",New,Subject_phtsz,"#N/A","#N/A","#N/A","#N/A","#N/A"
e0adba96-f811-4fcb-90da-778f8385f409,"#N/A","#N/A",false,Web,"#N/A","#N/A",Medium,"#N/A",New,Subject_kafte,"#N/A","#N/A","#N/A","#N/A","#N/A"
e0adedd6-256f-44bd-b995-01d1543b8298,"#N/A","#N/A",false,Web,"#N/A","#N/A",Medium,"#N/A",New,Subject_itril,"#N/A","#N/A","#N/A","#N/A","#N/A"
e0ae412d-09a9-4174-b7a2-df012df93d13,"#N/A","#N/A",false,Web,"#N/A","#N/A",Medium,"#N/A",New,Subject_rzwru,"#N/A","#N/A","#N/A","#N/A","#N/A"
e0afa4a5-823f-4c4a-bc29-872581112487,"#N/A","#N/A",false,Web,"#N/A","#N/A",Medium,"#N/A",New,Subject_infes,"#N/A","#N/A","#N/A","#N/A","#N/A"
e0b0cf80-bbf3-4b41-bbf2-5f5009fd52d5,"#N/A","#N/A",false,Web,"#N/A","#N/A",Medium,"#N/A",New,Subject_bwtkk,"#N/A","#N/A","#N/A","#N/A","#N/A"
e0b649a3-17ab-4939-b764-a7e877f1be93,"#N/A","#N/A",false,Web,"#N/A","#N/A",Medium,"#N/A",New,Subject_jdjzp,"#N/A","#N/A","#N/A","#N/A","#N/A"
e0b77acb-43c5-4150-9f3b-ab2ebb41e799,"#N/A","#N/A",false,Web,"#N/A","#N/A",Medium,"#N/A",New,Subject_faqxs,"#N/A","#N/A","#N/A","#N/A","#N/A"
e0b8fbbb-44a6-4a3b-af3d-093b2610b19a,"#N/A","#N/A",false,Web,"#N/A","#N/A",Medium,"#N/A",New,Subject_helks,"#N/A","#N/A","#N/A","#N/A","#N/A"
e0b9125a-0b21-4dbc-8b4f-1267549a488c,"#N/A","#N/A",false,Web,"#N/A","#N/A",Medium,"#N/A",New,Subject_ueszv,"#N/A","#N/A","#N/A","#N/A","#N/A"
e0baf354-820a-4b87-b1a5-a2d101155c27,"#N/A","#N/A",false,Web,"#N/A","#N/A",Medium,"#N/A",New,Subject_pumdd,"#N/A","#N/A","#N/A","#N/A","#N/A"
e0bb0903-a3d5-4fe5-8c69-9e37f4197556,"#N/A","#N/A",false,Web,"#N/A","#N/A",Medium,"#N/A",New,Subject_ooopo,"#N/A","#N/A","#N/A","#N/A","#N/A"
e0c356a8-f9c4-4cba-85d9-925c30a1dde9,"#N/A","#N/A",false,Web,"#N/A","#N/A",Medium,"#N/A",New,Subject_rqmpy,"#N/A","#N/A","#N/A","#N/A","#N/A"
e0c81dde-f8ae-403a-ab50-fb7e91974372,"#N/A","#N/A",false,Web,"#N/A","#N/A",Medium,"#N/A",New,Subject_tmuts,"#N/A","#N/A","#N/A","#N/A","#N/A"
e0c9e265-480d-4062-b753-3792593b7478,"#N/A","#N/A",false,Web,"#N/A","#N/A",Medium,"#N/A",New,Subject_fiewm,"#N/A","#N/A","#N/A","#N/A","#N/A"
e0ce85cd-5e57-4734-8581-0e9d31f1bfc8,"#N/A","#N/A",false,Web,"#N/A","#N/A",Medium,"#N/A",New,Subject_ipwnb,"#N/A","#N/A","#N/A","#N/A","#N/A"
e0cecbd0-646e-47d0-b76b-e03a5f5f2c07,"#N/A","#N/A",false,Web,"#N/A","#N/A",Medium,"#N/A",New,Subject_sigma,"#N/A","#N/A","#N/A","#N/A","#N/A"
e0d29995-fc19-49f6-8bde-7d75c991c531,"#N/A","#N/A",false,Web,"#N/A","#N/A",Medium,"#N/A",New,Subject_tgdvm,"#N/A","#N/A","#N/A","#N/A","#N/A"
e0d63c5c-7ac1-4687-9f32-32c592d74a4d,"#N/A","#N/A",false,Web,"#N/A","#N/A",Medium,"#N/A",New,Subject_blbzh,"#N/A","#N/A","#N/A","#N/A","#N/A"
e0d73eca-04de-4743-bb9c-95fad2aca9fd,"#N/A","#N/A",false,Web,"#N/A","#N/A",Medium,"#N/A",New,Subject_vbrud,"#N/A","#N/A","#N/A","#N/A","#N/A"
e0d882de-359e-4b4b-b4e9-233da584f213,"#N/A","#N/A",false,Web,"#N/A","#N/A",Medium,"#N/A",New,Subject_xirjm,"#N/A","#N/A","#N/A","#N/A","#N/A"
e0daa640-2067-40b5-aa34-430627626a9a,"#N/A","#N/A",false,Web,"#N/A","#N/A",Medium,"#N/A",New,Subject_fzjag,"#N/A","#N/A","#N/A","#N/A","#N/A"
e0df977e-c97a-40c7-ba87-24ab0572b795,"#N/A","#N/A",false,Web,"#N/A","#N/A",Medium,"#N/A",New,Subject_pvmgr,"#N/A","#N/A","#N/A","#N/A","#N/A"
e0e077bd-ad50-4e4e-845c-38ed1b67f084,"#N/A","#N/A",false,Web,"#N/A","#N/A",Medium,"#N/A",New,Subject_apkro,"#N/A","#N/A","#N/A","#N/A","#N/A"
e0e2e0b9-2fa6-4031-b155-338c89180dc8,"#N/A","#N/A",false,Web,"#N/A","#N/A",Medium,"#N/A",New,Subject_wobwl,"#N/A","#N/A","#N/A","#N/A","#N/A"
e0e83501-674f-4dbe-af86-8ce503805705,"#N/A","#N/A",false,Web,"#N/A","#N/A",Medium,"#N/A",New,Subject_upcmh,"#N/A","#N/A","#N/A","#N/A","#N/A"
e0eedee1-6238-454d-a9e1-bd49bd46dd6d,"#N/A","#N/A",false,Web,"#N/A","#N/A",Medium,"#N/A",New,Subject_zbyim,"#N/A","#N/A","#N/A","#N/A","#N/A"
e0f1982f-41f0-4add-b50d-538625e56257,"#N/A","#N/A",false,Web,"#N/A","#N/A",Medium,"#N/A",New,Subject_zdgaz,"#N/A","#N/A","#N/A","#N/A","#N/A"
e0f297a0-4c20-4415-92d9-0ac8c0359d48,"#N/A","#N/A",false,Web,"#N/A","#N/A",Medium,"#N/A",New,Subject_yqjba,"#N/A","#N/A","#N/A","#N/A","#N/A"
e0f70cbd-74ff-4c54-a3c6-d0aa565d6e75,"#N/A","#N/A",false,Web,"#N/A","#N/A",Medium,"#N/A",New,Subject_zfamm,"#N/A","#N/A","#N/A","#N/A","#N/A"
e1009714-21b1-405f-b335-16859698b75e,"#N/A","#N/A",false,Web,"#N/A","#N/A",Medium,"#N/A",New,Subject_mvyvd,"#N/A","#N/A","#N/A","#N/A","#N/A"
e1046bae-dfcc-4fa5-b6b9-35e3f77423f5,"#N/A","#N/A",false,Web,"#N/A","#N/A",Medium,"#N/A",New,Subject_zocoh,"#N/A","#N/A","#N/A","#N/A","#N/A"
e108487c-cb33-4c8e-86b2-114df564b1c2,"#N/A","#N/A",false,Web,"#N/A","#N/A",Medium,"#N/A",New,Subject_bsmir,"#N/A","#N/A","#N/A","#N/A","#N/A"
e1085cf6-0d97-43ec-a599-a240a07c0874,"#N/A","#N/A",false,Web,"#N/A","#N/A",Medium,"#N/A",New,Subject_jsvxn,"#N/A","#N/A","#N/A","#N/A","#N/A"
e10a33e2-a28e-41a3-a404-709388cafb84,"#N/A","#N/A",false,Web,"#N/A","#N/A",Medium,"#N/A",New,Subject_zkgcl,"#N/A","#N/A","#N/A","#N/A","#N/A"
e10b77c5-fe73-4601-94b4-ce30d564f318,"#N/A","#N/A",false,Web,"#N/A","#N/A",Medium,"#N/A",New,Subject_inhnd,"#N/A","#N/A","#N/A","#N/A","#N/A"
e10ba4d0-d19e-4926-b4ac-d9c453802f28,"#N/A","#N/A",false,Web,"#N/A","#N/A",Medium,"#N/A",New,Subject_novtn,"#N/A","#N/A","#N/A","#N/A","#N/A"
e10d6c97-3b0a-4544-b103-cb62083b3e61,"#N/A","#N/A",false,Web,"#N/A","#N/A",Medium,"#N/A",New,Subject_tpuve,"#N/A","#N/A","#N/A","#N/A","#N/A"
e112bf5b-9246-46f7-b811-b7974123340f,"#N/A","#N/A",false,Web,"#N/A","#N/A",Medium,"#N/A",New,Subject_dlvar,"#N/A","#N/A","#N/A","#N/A","#N/A"
e1191a85-293d-41e0-b33c-72e84d740ed7,"#N/A","#N/A",false,Web,"#N/A","#N/A",Medium,"#N/A",New,Subject_slwzv,"#N/A","#N/A","#N/A","#N/A","#N/A"
e119b4f6-4a6e-423f-a2f5-4e5de605dabb,"#N/A","#N/A",false,Web,"#N/A","#N/A",Medium,"#N/A",New,Subject_kogqw,"#N/A","#N/A","#N/A","#N/A","#N/A"
e11ce248-0a9b-4bfa-8839-bb621e49410b,"#N/A","#N/A",false,Web,"#N/A","#N/A",Medium,"#N/A",New,Subject_yfeuc,"#N/A","#N/A","#N/A","#N/A","#N/A"
e11e85e0-eb64-4671-a0fa-d935897b33a4,"#N/A","#N/A",false,Web,"#N/A","#N/A",Medium,"#N/A",New,Subject_lrkqt,"#N/A","#N/A","#N/A","#N/A","#N/A"
e1223d1a-243f-4dae-952e-bfe8bfdd2097,"#N/A","#N/A",false,Web,"#N/A","#N/A",Medium,"#N/A",New,Subject_rqtfn,"#N/A","#N/A","#N/A","#N/A","#N/A"
e122a78e-1761-4643-b203-0512870cd83d,"#N/A","#N/A",false,Web,"#N/A","#N/A",Medium,"#N/A",New,Subject_vwwaw,"#N/A","#N/A","#N/A","#N/A","#N/A"
e124b98b-bc0b-49dd-9c99-c75c5d17175f,"#N/A","#N/A",false,Web,"#N/A","#N/A",Medium,"#N/A",New,Subject_kmzip,"#N/A","#N/A","#N/A","#N/A","#N/A"
e1265268-9005-446c-93f2-151e9de36291,"#N/A","#N/A",false,Web,"#N/A","#N/A",Medium,"#N/A",New,Subject_bilje,"#N/A","#N/A","#N/A","#N/A","#N/A"
e126b933-cf18-4cae-b6b5-aff18c66c9ac,"#N/A","#N/A",false,Web,"#N/A","#N/A",Medium,"#N/A",New,Subject_kyflk,"#N/A","#N/A","#N/A","#N/A","#N/A"
e126da9f-33e8-4b80-ae15-0d57d903f9ee,"#N/A","#N/A",false,Web,"#N/A","#N/A",Medium,"#N/A",New,Subject_pyfal,"#N/A","#N/A","#N/A","#N/A","#N/A"
e129b84b-1c47-49e0-add7-208aac7d3658,"#N/A","#N/A",false,Web,"#N/A","#N/A",Medium,"#N/A",New,Subject_wiyuu,"#N/A","#N/A","#N/A","#N/A","#N/A"
e129c53c-16f4-4145-b987-df06ff3a5788,"#N/A","#N/A",false,Web,"#N/A","#N/A",Medium,"#N/A",New,Subject_lkwbt,"#N/A","#N/A","#N/A","#N/A","#N/A"
e12dc8bc-04c9-4d32-8419-baf90a055ff1,"#N/A","#N/A",false,Web,"#N/A","#N/A",Medium,"#N/A",New,Subject_xpbst,"#N/A","#N/A","#N/A","#N/A","#N/A"
e13322fb-21b1-46df-a7a9-56fc333281b2,"#N/A","#N/A",false,Web,"#N/A","#N/A",Medium,"#N/A",New,Subject_naigk,"#N/A","#N/A","#N/A","#N/A","#N/A"
e1333408-d51f-42a5-91a8-4c784dd5ee52,"#N/A","#N/A",false,Web,"#N/A","#N/A",Medium,"#N/A",New,Subject_mxfuu,"#N/A","#N/A","#N/A","#N/A","#N/A"
e1351cf8-f206-474a-88a1-094e00b9b76a,"#N/A","#N/A",false,Web,"#N/A","#N/A",Medium,"#N/A",New,Subject_xoish,"#N/A","#N/A","#N/A","#N/A","#N/A"
e1358321-6618-484f-b719-91e48315b853,"#N/A","#N/A",false,Web,"#N/A","#N/A",Medium,"#N/A",New,Subject_zvxcs,"#N/A","#N/A","#N/A","#N/A","#N/A"
e1365008-4bc4-4c1b-af9b-32f995c217b4,"#N/A","#N/A",false,Web,"#N/A","#N/A",Medium,"#N/A",New,Subject_dqbga,"#N/A","#N/A","#N/A","#N/A","#N/A"
e13b7eb0-5c14-4a01-b988-227b8f68b82e,"#N/A","#N/A",false,Web,"#N/A","#N/A",Medium,"#N/A",New,Subject_obgkw,"#N/A","#N/A","#N/A","#N/A","#N/A"
e13dccfc-9ded-409d-96b6-3e29f0c65f31,"#N/A","#N/A",false,Web,"#N/A","#N/A",Medium,"#N/A",New,Subject_vdxsx,"#N/A","#N/A","#N/A","#N/A","#N/A"
e1468030-aa44-4c30-9021-2b98da56e2b6,"#N/A","#N/A",false,Web,"#N/A","#N/A",Medium,"#N/A",New,Subject_xhdql,"#N/A","#N/A","#N/A","#N/A","#N/A"
e1480881-ebd5-4951-8555-366908019ef7,"#N/A","#N/A",false,Web,"#N/A","#N/A",Medium,"#N/A",New,Subject_ilruh,"#N/A","#N/A","#N/A","#N/A","#N/A"
e1480c1d-6678-4682-81ef-5d1161564ae2,"#N/A","#N/A",false,Web,"#N/A","#N/A",Medium,"#N/A",New,Subject_drozy,"#N/A","#N/A","#N/A","#N/A","#N/A"
e1495a3e-c6c0-42ea-b4d3-59b6c9cd3986,"#N/A","#N/A",false,Web,"#N/A","#N/A",Medium,"#N/A",New,Subject_wncyi,"#N/A","#N/A","#N/A","#N/A","#N/A"
e14b4f5f-428c-417f-ac10-0d7052284533,"#N/A","#N/A",false,Web,"#N/A","#N/A",Medium,"#N/A",New,Subject_vytje,"#N/A","#N/A","#N/A","#N/A","#N/A"
e14d7cf3-57d9-4582-9885-15cbe4444b48,"#N/A","#N/A",false,Web,"#N/A","#N/A",Medium,"#N/A",New,Subject_puvnv,"#N/A","#N/A","#N/A","#N/A","#N/A"
e14fd6c5-c3f9-47f4-8d10-973849e6c686,"#N/A","#N/A",false,Web,"#N/A","#N/A",Medium,"#N/A",New,Subject_gcswc,"#N/A","#N/A","#N/A","#N/A","#N/A"
e156b8cc-1437-4fb6-8afa-a61ea213156d,"#N/A","#N/A",false,Web,"#N/A","#N/A",Medium,"#N/A",New,Subject_juxfj,"#N/A","#N/A","#N/A","#N/A","#N/A"
e157e9f7-6623-4ff8-81a9-70feec83661e,"#N/A","#N/A",false,Web,"#N/A","#N/A",Medium,"#N/A",New,Subject_lgyuc,"#N/A","#N/A","#N/A","#N/A","#N/A"
e15ec231-f86c-4502-94a5-79bc7404d401,"#N/A","#N/A",false,Web,"#N/A","#N/A",Medium,"#N/A",New,Subject_llgub,"#N/A","#N/A","#N/A","#N/A","#N/A"
e15f57db-ed5c-4ea9-8cfb-f00a4e1eee3a,"#N/A","#N/A",false,Web,"#N/A","#N/A",Medium,"#N/A",New,Subject_cmzhe,"#N/A","#N/A","#N/A","#N/A","#N/A"
e15fc31b-0d24-4358-ba8d-f3afb9a2e022,"#N/A","#N/A",false,Web,"#N/A","#N/A",Medium,"#N/A",New,Subject_xbuwh,"#N/A","#N/A","#N/A","#N/A","#N/A"
e1634387-5015-44a5-89ad-560aa0a5418e,"#N/A","#N/A",false,Web,"#N/A","#N/A",Medium,"#N/A",New,Subject_bjxjr,"#N/A","#N/A","#N/A","#N/A","#N/A"
e168598e-58d4-4992-a11d-65d8cbf370ea,"#N/A","#N/A",false,Web,"#N/A","#N/A",Medium,"#N/A",New,Subject_ffhqd,"#N/A","#N/A","#N/A","#N/A","#N/A"
e175cd81-5221-4ebb-8a28-88f026be1152,"#N/A","#N/A",false,Web,"#N/A","#N/A",Medium,"#N/A",New,Subject_aowup,"#N/A","#N/A","#N/A","#N/A","#N/A"
e179579c-dc1c-4f12-afbe-ef6f4f88af0d,"#N/A","#N/A",false,Web,"#N/A","#N/A",Medium,"#N/A",New,Subject_nnvyz,"#N/A","#N/A","#N/A","#N/A","#N/A"
e1797002-f590-4fcc-85f8-e3f80c4083d2,"#N/A","#N/A",false,Web,"#N/A","#N/A",Medium,"#N/A",New,Subject_zrmzr,"#N/A","#N/A","#N/A","#N/A","#N/A"
e17d6fb8-1496-4b3d-8490-305bc472430e,"#N/A","#N/A",false,Web,"#N/A","#N/A",Medium,"#N/A",New,Subject_viluk,"#N/A","#N/A","#N/A","#N/A","#N/A"
e180494b-8018-4639-a9cd-d306780705bc,"#N/A","#N/A",false,Web,"#N/A","#N/A",Medium,"#N/A",New,Subject_wrbxa,"#N/A","#N/A","#N/A","#N/A","#N/A"
e1818841-c9e1-43ea-95d1-e1227925fa4f,"#N/A","#N/A",false,Web,"#N/A","#N/A",Medium,"#N/A",New,Subject_fhync,"#N/A","#N/A","#N/A","#N/A","#N/A"
e1826ae6-4809-42a1-858e-bfae039f8361,"#N/A","#N/A",false,Web,"#N/A","#N/A",Medium,"#N/A",New,Subject_iuymc,"#N/A","#N/A","#N/A","#N/A","#N/A"
e182c499-f6b8-4159-bdc0-fad8f7f4e247,"#N/A","#N/A",false,Web,"#N/A","#N/A",Medium,"#N/A",New,Subject_cjsda,"#N/A","#N/A","#N/A","#N/A","#N/A"
e1894b52-82d9-43c3-be23-be57fb35718b,"#N/A","#N/A",false,Web,"#N/A","#N/A",Medium,"#N/A",New,Subject_hkmtf,"#N/A","#N/A","#N/A","#N/A","#N/A"
e1911f39-bf99-4e18-aa4a-f7c288c70b63,"#N/A","#N/A",false,Web,"#N/A","#N/A",Medium,"#N/A",New,Subject_gppjh,"#N/A","#N/A","#N/A","#N/A","#N/A"
e19409d3-8fc7-4e6d-95c1-b442fd42149e,"#N/A","#N/A",false,Web,"#N/A","#N/A",Medium,"#N/A",New,Subject_hwatn,"#N/A","#N/A","#N/A","#N/A","#N/A"
e1975279-c2e8-4a25-9b3c-f56edd32b2f7,"#N/A","#N/A",false,Web,"#N/A","#N/A",Medium,"#N/A",New,Subject_kwcth,"#N/A","#N/A","#N/A","#N/A","#N/A"
e19cc68a-6c74-4778-b5fb-85df96cab664,"#N/A","#N/A",false,Web,"#N/A","#N/A",Medium,"#N/A",New,Subject_hwiwd,"#N/A","#N/A","#N/A","#N/A","#N/A"
e19fd2e6-8f56-470e-a4e0-990f6d0e7d1f,"#N/A","#N/A",false,Web,"#N/A","#N/A",Medium,"#N/A",New,Subject_aalvy,"#N/A","#N/A","#N/A","#N/A","#N/A"
e1a0c459-1b84-4c08-a680-32930db69d96,"#N/A","#N/A",false,Web,"#N/A","#N/A",Medium,"#N/A",New,Subject_jsjwr,"#N/A","#N/A","#N/A","#N/A","#N/A"
e1a16dca-8196-4075-a744-f0a0d5f3987a,"#N/A","#N/A",false,Web,"#N/A","#N/A",Medium,"#N/A",New,Subject_cnaab,"#N/A","#N/A","#N/A","#N/A","#N/A"
e1a1dfec-0f62-4762-8fcb-823d3f1ac52a,"#N/A","#N/A",false,Web,"#N/A","#N/A",Medium,"#N/A",New,Subject_loner,"#N/A","#N/A","#N/A","#N/A","#N/A"
e1a32139-9ad1-46c5-ac44-1d1506923b69,"#N/A","#N/A",false,Web,"#N/A","#N/A",Medium,"#N/A",New,Subject_cphis,"#N/A","#N/A","#N/A","#N/A","#N/A"
e1a400a1-7014-4584-b5ee-8b5c27243568,"#N/A","#N/A",false,Web,"#N/A","#N/A",Medium,"#N/A",New,Subject_ohspd,"#N/A","#N/A","#N/A","#N/A","#N/A"
e1a69472-5f46-41f7-be10-43e34f8f5451,"#N/A","#N/A",false,Web,"#N/A","#N/A",Medium,"#N/A",New,Subject_mfbwt,"#N/A","#N/A","#N/A","#N/A","#N/A"
e1a7bde3-f0eb-4b74-a3fc-89d4ec7bee1c,"#N/A","#N/A",false,Web,"#N/A","#N/A",Medium,"#N/A",New,Subject_orori,"#N/A","#N/A","#N/A","#N/A","#N/A"
e1a7d98e-e68b-492c-9e93-d0894dd32230,"#N/A","#N/A",false,Web,"#N/A","#N/A",Medium,"#N/A",New,Subject_ioaqs,"#N/A","#N/A","#N/A","#N/A","#N/A"
e1a8944e-4d4b-4f0c-83dd-fe23d12e90d6,"#N/A","#N/A",false,Web,"#N/A","#N/A",Medium,"#N/A",New,Subject_fbmhe,"#N/A","#N/A","#N/A","#N/A","#N/A"
e1ad557f-ae58-4233-aa6e-542d391d5c85,"#N/A","#N/A",false,Web,"#N/A","#N/A",Medium,"#N/A",New,Subject_fxttg,"#N/A","#N/A","#N/A","#N/A","#N/A"
e1ad5b31-bd43-46a4-b9c5-3675a88ea057,"#N/A","#N/A",false,Web,"#N/A","#N/A",Medium,"#N/A",New,Subject_ifybz,"#N/A","#N/A","#N/A","#N/A","#N/A"
e1afdca4-a4cd-46f9-b497-51e9c1dd0cc7,"#N/A","#N/A",false,Web,"#N/A","#N/A",Medium,"#N/A",New,Subject_ffhqd,"#N/A","#N/A","#N/A","#N/A","#N/A"
e1b37a68-0a27-4bfa-b97e-93f17ccde08e,"#N/A","#N/A",false,Web,"#N/A","#N/A",Medium,"#N/A",New,Subject_xozbf,"#N/A","#N/A","#N/A","#N/A","#N/A"
e1b55a08-dd34-408c-ba00-d2fabe0e5981,"#N/A","#N/A",false,Web,"#N/A","#N/A",Medium,"#N/A",New,Subject_pxfco,"#N/A","#N/A","#N/A","#N/A","#N/A"
e1b8c5f1-6417-4eb9-a765-9339de77befd,"#N/A","#N/A",false,Web,"#N/A","#N/A",Medium,"#N/A",New,Subject_bbgrt,"#N/A","#N/A","#N/A","#N/A","#N/A"
e1b9ae62-862e-4264-808c-31c86901b3c3,"#N/A","#N/A",false,Web,"#N/A","#N/A",Medium,"#N/A",New,Subject_tfqpy,"#N/A","#N/A","#N/A","#N/A","#N/A"
e1b9afa9-a3c2-4368-ae92-394abc82f6ed,"#N/A","#N/A",false,Web,"#N/A","#N/A",Medium,"#N/A",New,Subject_agumy,"#N/A","#N/A","#N/A","#N/A","#N/A"
e1be9cbf-bd81-4320-83b4-162c09ea1887,"#N/A","#N/A",false,Web,"#N/A","#N/A",Medium,"#N/A",New,Subject_pwouq,"#N/A","#N/A","#N/A","#N/A","#N/A"
e1c51f6f-2c00-4eea-8f23-b02cde956c19,"#N/A","#N/A",false,Web,"#N/A","#N/A",Medium,"#N/A",New,Subject_qwffm,"#N/A","#N/A","#N/A","#N/A","#N/A"
e1c7dedb-4c8f-4247-9531-a29ded71d322,"#N/A","#N/A",false,Web,"#N/A","#N/A",Medium,"#N/A",New,Subject_ldqmx,"#N/A","#N/A","#N/A","#N/A","#N/A"
e1c97264-4208-4472-8da1-21cfe3c57627,"#N/A","#N/A",false,Web,"#N/A","#N/A",Medium,"#N/A",New,Subject_eplgj,"#N/A","#N/A","#N/A","#N/A","#N/A"
e1cbf5ff-38b5-4eaf-8639-c4c4c323c9c0,"#N/A","#N/A",false,Web,"#N/A","#N/A",Medium,"#N/A",New,Subject_xraol,"#N/A","#N/A","#N/A","#N/A","#N/A"
e1ce3e6e-8fee-45f6-b921-b75cb423301b,"#N/A","#N/A",false,Web,"#N/A","#N/A",Medium,"#N/A",New,Subject_yfuqe,"#N/A","#N/A","#N/A","#N/A","#N/A"
e1cff5d0-385d-4a75-92ae-cfab03ee24ea,"#N/A","#N/A",false,Web,"#N/A","#N/A",Medium,"#N/A",New,Subject_jbkqw,"#N/A","#N/A","#N/A","#N/A","#N/A"
e1d0fdc8-28dd-49be-8767-0e376d26dafe,"#N/A","#N/A",false,Web,"#N/A","#N/A",Medium,"#N/A",New,Subject_lqacx,"#N/A","#N/A","#N/A","#N/A","#N/A"
e1d2b988-8c86-45fc-950b-b015e2b62294,"#N/A","#N/A",false,Web,"#N/A","#N/A",Medium,"#N/A",New,Subject_bqbji,"#N/A","#N/A","#N/A","#N/A","#N/A"
e1d49e06-fbd8-4d55-b6bb-fac03c0bcb1e,"#N/A","#N/A",false,Web,"#N/A","#N/A",Medium,"#N/A",New,Subject_smkbv,"#N/A","#N/A","#N/A","#N/A","#N/A"
e1d7f7b3-e755-488b-adb7-3ae31f742c3e,"#N/A","#N/A",false,Web,"#N/A","#N/A",Medium,"#N/A",New,Subject_mvpxs,"#N/A","#N/A","#N/A","#N/A","#N/A"
e1dd66d2-6fbf-4d9f-990b-14c986cbfd3d,"#N/A","#N/A",false,Web,"#N/A","#N/A",Medium,"#N/A",New,Subject_jbabm,"#N/A","#N/A","#N/A","#N/A","#N/A"
e1ddfd36-9fed-451b-9f58-f1a1901e8c63,"#N/A","#N/A",false,Web,"#N/A","#N/A",Medium,"#N/A",New,Subject_fmobn,"#N/A","#N/A","#N/A","#N/A","#N/A"
e1e081af-ff07-4ddd-b5ee-6d0f6abe07d9,"#N/A","#N/A",false,Web,"#N/A","#N/A",Medium,"#N/A",New,Subject_ownfj,"#N/A","#N/A","#N/A","#N/A","#N/A"
e1e36cff-d660-49cb-8c64-379ebf9948f6,"#N/A","#N/A",false,Web,"#N/A","#N/A",Medium,"#N/A",New,Subject_vqcyk,"#N/A","#N/A","#N/A","#N/A","#N/A"
e1e6c5f9-4c32-432b-8612-c83a85670c78,"#N/A","#N/A",false,Web,"#N/A","#N/A",Medium,"#N/A",New,Subject_jojcw,"#N/A","#N/A","#N/A","#N/A","#N/A"
e1e9cc8a-0f3f-424e-ad9f-6eeaa52e3193,"#N/A","#N/A",false,Web,"#N/A","#N/A",Medium,"#N/A",New,Subject_pdfkb,"#N/A","#N/A","#N/A","#N/A","#N/A"
e1eabec9-7f44-4d27-899c-cee3f8c9b666,"#N/A","#N/A",false,Web,"#N/A","#N/A",Medium,"#N/A",New,Subject_tqiek,"#N/A","#N/A","#N/A","#N/A","#N/A"
e1eaf3b2-b89c-44b6-962d-f3493999d48d,"#N/A","#N/A",false,Web,"#N/A","#N/A",Medium,"#N/A",New,Subject_nlvvp,"#N/A","#N/A","#N/A","#N/A","#N/A"
e1ec6229-cab2-4d22-9eab-c5d014f22106,"#N/A","#N/A",false,Web,"#N/A","#N/A",Medium,"#N/A",New,Subject_neeif,"#N/A","#N/A","#N/A","#N/A","#N/A"
e1f06530-212c-4336-a756-93bbb9ee6f58,"#N/A","#N/A",false,Web,"#N/A","#N/A",Medium,"#N/A",New,Subject_xjzek,"#N/A","#N/A","#N/A","#N/A","#N/A"
e1f3085b-71e4-4e22-b60a-539a4a4fb807,"#N/A","#N/A",false,Web,"#N/A","#N/A",Medium,"#N/A",New,Subject_dsffv,"#N/A","#N/A","#N/A","#N/A","#N/A"
e1f526dd-4eaf-44a4-b3b4-05a525324ad2,"#N/A","#N/A",false,Web,"#N/A","#N/A",Medium,"#N/A",New,Subject_fxunc,"#N/A","#N/A","#N/A","#N/A","#N/A"
e1f76693-07a0-4017-8c83-aea11d0f5f8c,"#N/A","#N/A",false,Web,"#N/A","#N/A",Medium,"#N/A",New,Subject_vsnpd,"#N/A","#N/A","#N/A","#N/A","#N/A"
e1f98c2c-e36d-42b1-99e7-fcc0bd17a752,"#N/A","#N/A",false,Web,"#N/A","#N/A",Medium,"#N/A",New,Subject_yykdf,"#N/A","#N/A","#N/A","#N/A","#N/A"
e1fde065-d4b5-49b8-ad57-9f8202f3a91e,"#N/A","#N/A",false,Web,"#N/A","#N/A",Medium,"#N/A",New,Subject_gnuxt,"#N/A","#N/A","#N/A","#N/A","#N/A"
e1fe1d42-df42-4d2a-91d6-c50f7d3e105d,"#N/A","#N/A",false,Web,"#N/A","#N/A",Medium,"#N/A",New,Subject_lukhp,"#N/A","#N/A","#N/A","#N/A","#N/A"
e2013b4e-1825-430b-91ae-dbc548f8f9a5,"#N/A","#N/A",false,Web,"#N/A","#N/A",Medium,"#N/A",New,Subject_wmgdw,"#N/A","#N/A","#N/A","#N/A","#N/A"
e205d30e-3755-4737-bacb-5dc0f5a054de,"#N/A","#N/A",false,Web,"#N/A","#N/A",Medium,"#N/A",New,Subject_iwhqw,"#N/A","#N/A","#N/A","#N/A","#N/A"
e210115b-d40b-48f3-83bf-b3b45b823f62,"#N/A","#N/A",false,Web,"#N/A","#N/A",Medium,"#N/A",New,Subject_ybkmn,"#N/A","#N/A","#N/A","#N/A","#N/A"
e217bb46-73ee-4acd-a5ef-6a7bb8dfa1d7,"#N/A","#N/A",false,Web,"#N/A","#N/A",Medium,"#N/A",New,Subject_xpyji,"#N/A","#N/A","#N/A","#N/A","#N/A"
e217bf81-0e82-49d5-9c31-e27c7458cc82,"#N/A","#N/A",false,Web,"#N/A","#N/A",Medium,"#N/A",New,Subject_lmmjs,"#N/A","#N/A","#N/A","#N/A","#N/A"
e21865b8-da1a-46aa-b3ad-2339941b3276,"#N/A","#N/A",false,Web,"#N/A","#N/A",Medium,"#N/A",New,Subject_qioig,"#N/A","#N/A","#N/A","#N/A","#N/A"
e219ee37-e88b-4d0c-bc0c-3d7e5ab2531c,"#N/A","#N/A",false,Web,"#N/A","#N/A",Medium,"#N/A",New,Subject_cmqlj,"#N/A","#N/A","#N/A","#N/A","#N/A"
e21db325-2744-473a-97f2-40395a425a33,"#N/A","#N/A",false,Web,"#N/A","#N/A",Medium,"#N/A",New,Subject_bhwri,"#N/A","#N/A","#N/A","#N/A","#N/A"
e21e09c6-a28b-4a57-a837-c200cfb4e614,"#N/A","#N/A",false,Web,"#N/A","#N/A",Medium,"#N/A",New,Subject_vwnvb,"#N/A","#N/A","#N/A","#N/A","#N/A"
e21f1df3-6041-4983-ab12-2f82ae8e3d24,"#N/A","#N/A",false,Web,"#N/A","#N/A",Medium,"#N/A",New,Subject_gemah,"#N/A","#N/A","#N/A","#N/A","#N/A"
e220d72d-9505-4931-a2c2-8650bbc9d89c,"#N/A","#N/A",false,Web,"#N/A","#N/A",Medium,"#N/A",New,Subject_wjecp,"#N/A","#N/A","#N/A","#N/A","#N/A"
e222e69e-6939-49ae-bce0-eb38d57056d5,"#N/A","#N/A",false,Web,"#N/A","#N/A",Medium,"#N/A",New,Subject_pfbno,"#N/A","#N/A","#N/A","#N/A","#N/A"
e22398d9-e2fa-40ea-91ce-f781e3a60035,"#N/A","#N/A",false,Web,"#N/A","#N/A",Medium,"#N/A",New,Subject_vnltn,"#N/A","#N/A","#N/A","#N/A","#N/A"
e228b504-a13c-4ba0-8773-06e289a78a4b,"#N/A","#N/A",false,Web,"#N/A","#N/A",Medium,"#N/A",New,Subject_qapfm,"#N/A","#N/A","#N/A","#N/A","#N/A"
e22c5cea-4829-4daf-ba7c-9b54070757b4,"#N/A","#N/A",false,Web,"#N/A","#N/A",Medium,"#N/A",New,Subject_lbrsl,"#N/A","#N/A","#N/A","#N/A","#N/A"
e22f6204-36f2-42fb-bb0b-0e6b573ca8c5,"#N/A","#N/A",false,Web,"#N/A","#N/A",Medium,"#N/A",New,Subject_kbiqm,"#N/A","#N/A","#N/A","#N/A","#N/A"
e233c0fd-1d22-438e-873a-c771a6f448d3,"#N/A","#N/A",false,Web,"#N/A","#N/A",Medium,"#N/A",New,Subject_gezvy,"#N/A","#N/A","#N/A","#N/A","#N/A"
e2367454-e68c-44e5-adff-88006e792e7b,"#N/A","#N/A",false,Web,"#N/A","#N/A",Medium,"#N/A",New,Subject_ynomi,"#N/A","#N/A","#N/A","#N/A","#N/A"
e23a66e1-4db7-44ff-8b20-4f233d134066,"#N/A","#N/A",false,Web,"#N/A","#N/A",Medium,"#N/A",New,Subject_ckbxv,"#N/A","#N/A","#N/A","#N/A","#N/A"
e23b4e2a-5736-45cc-b367-a4860ec87b23,"#N/A","#N/A",false,Web,"#N/A","#N/A",Medium,"#N/A",New,Subject_duywx,"#N/A","#N/A","#N/A","#N/A","#N/A"
e23dfcff-12ba-438b-bd1f-18c1d7e6f54a,"#N/A","#N/A",false,Web,"#N/A","#N/A",Medium,"#N/A",New,Subject_pihsk,"#N/A","#N/A","#N/A","#N/A","#N/A"
e240125b-5625-4eae-9c03-2fefaa9b5b1e,"#N/A","#N/A",false,Web,"#N/A","#N/A",Medium,"#N/A",New,Subject_lxjxw,"#N/A","#N/A","#N/A","#N/A","#N/A"
e2433cfe-4a81-4ffb-9956-b2af1ea10a46,"#N/A","#N/A",false,Web,"#N/A","#N/A",Medium,"#N/A",New,Subject_mguxb,"#N/A","#N/A","#N/A","#N/A","#N/A"
e25087d7-0831-407f-a45e-ea277580f9e5,"#N/A","#N/A",false,Web,"#N/A","#N/A",Medium,"#N/A",New,Subject_uhiej,"#N/A","#N/A","#N/A","#N/A","#N/A"
e25436f5-bdb7-45d7-aaf6-9783df8b4233,"#N/A","#N/A",false,Web,"#N/A","#N/A",Medium,"#N/A",New,Subject_zkgcl,"#N/A","#N/A","#N/A","#N/A","#N/A"
e2571423-3913-450a-9036-98c8a7776552,"#N/A","#N/A",false,Web,"#N/A","#N/A",Medium,"#N/A",New,Subject_uvlib,"#N/A","#N/A","#N/A","#N/A","#N/A"
e257a7d0-398d-4138-86a7-581604e28829,"#N/A","#N/A",false,Web,"#N/A","#N/A",Medium,"#N/A",New,Subject_icaoe,"#N/A","#N/A","#N/A","#N/A","#N/A"
e25907e1-1630-4bb8-b24d-a611809deba2,"#N/A","#N/A",false,Web,"#N/A","#N/A",Medium,"#N/A",New,Subject_kehly,"#N/A","#N/A","#N/A","#N/A","#N/A"
e25b11e0-f31f-4b46-be64-b25ace081da1,"#N/A","#N/A",false,Web,"#N/A","#N/A",Medium,"#N/A",New,Subject_wqcoo,"#N/A","#N/A","#N/A","#N/A","#N/A"
e25bcff4-381e-4e75-8bb9-5179e8eae0f3,"#N/A","#N/A",false,Web,"#N/A","#N/A",Medium,"#N/A",New,Subject_nyzaz,"#N/A","#N/A","#N/A","#N/A","#N/A"
e261f84a-60a5-4459-a34b-d2172a818cc6,"#N/A","#N/A",false,Web,"#N/A","#N/A",Medium,"#N/A",New,Subject_kefmt,"#N/A","#N/A","#N/A","#N/A","#N/A"
e2679e9b-7fbc-4a50-8474-35fb98500d8a,"#N/A","#N/A",false,Web,"#N/A","#N/A",Medium,"#N/A",New,Subject_btyob,"#N/A","#N/A","#N/A","#N/A","#N/A"
e267af56-5d2e-4ef1-b606-b2bc120dc04d,"#N/A","#N/A",false,Web,"#N/A","#N/A",Medium,"#N/A",New,Subject_ezbod,"#N/A","#N/A","#N/A","#N/A","#N/A"
e26ca642-92e3-49a9-b805-712cc169c4fe,"#N/A","#N/A",false,Web,"#N/A","#N/A",Medium,"#N/A",New,Subject_wxzdl,"#N/A","#N/A","#N/A","#N/A","#N/A"
e2714315-abb2-49a5-90bb-eed7b4799ab6,"#N/A","#N/A",false,Web,"#N/A","#N/A",Medium,"#N/A",New,Subject_cpzat,"#N/A","#N/A","#N/A","#N/A","#N/A"
e2741afe-edd8-477c-99a5-82ded061536a,"#N/A","#N/A",false,Web,"#N/A","#N/A",Medium,"#N/A",New,Subject_lntzj,"#N/A","#N/A","#N/A","#N/A","#N/A"
e27bd7a4-a8c4-4add-9812-397f32acc34e,"#N/A","#N/A",false,Web,"#N/A","#N/A",Medium,"#N/A",New,Subject_wihdg,"#N/A","#N/A","#N/A","#N/A","#N/A"
e27c9082-d277-4016-9548-7c8af1698c53,"#N/A","#N/A",false,Web,"#N/A","#N/A",Medium,"#N/A",New,Subject_aikqa,"#N/A","#N/A","#N/A","#N/A","#N/A"
e27ee36b-fce0-4024-9761-4acb5a012de9,"#N/A","#N/A",false,Web,"#N/A","#N/A",Medium,"#N/A",New,Subject_tzybv,"#N/A","#N/A","#N/A","#N/A","#N/A"
e280089b-552b-4be8-95bd-1a7882a6ed66,"#N/A","#N/A",false,Web,"#N/A","#N/A",Medium,"#N/A",New,Subject_ydgbg,"#N/A","#N/A","#N/A","#N/A","#N/A"
e280615e-3cdf-4f9d-8f9f-4a8b62f8630a,"#N/A","#N/A",false,Web,"#N/A","#N/A",Medium,"#N/A",New,Subject_syzog,"#N/A","#N/A","#N/A","#N/A","#N/A"
e280a752-ec3b-48ff-905a-7d8af9b5d90e,"#N/A","#N/A",false,Web,"#N/A","#N/A",Medium,"#N/A",New,Subject_ujkxw,"#N/A","#N/A","#N/A","#N/A","#N/A"
e283cb4e-8e3c-4875-bbb6-19fedc076f4d,"#N/A","#N/A",false,Web,"#N/A","#N/A",Medium,"#N/A",New,Subject_pmqyb,"#N/A","#N/A","#N/A","#N/A","#N/A"
e284f4f5-fe77-4906-96f9-8463ee5ad057,"#N/A","#N/A",false,Web,"#N/A","#N/A",Medium,"#N/A",New,Subject_hztta,"#N/A","#N/A","#N/A","#N/A","#N/A"
e285cb8e-71ae-4363-9331-c746c873f798,"#N/A","#N/A",false,Web,"#N/A","#N/A",Medium,"#N/A",New,Subject_cfqky,"#N/A","#N/A","#N/A","#N/A","#N/A"
e287bfbe-1dd5-4401-a1c2-c2b538331cda,"#N/A","#N/A",false,Web,"#N/A","#N/A",Medium,"#N/A",New,Subject_qujqv,"#N/A","#N/A","#N/A","#N/A","#N/A"
e288be2e-072f-4008-90c9-2ae089e73852,"#N/A","#N/A",false,Web,"#N/A","#N/A",Medium,"#N/A",New,Subject_oojce,"#N/A","#N/A","#N/A","#N/A","#N/A"
e28b904d-7f92-494a-a6c1-124dbb397551,"#N/A","#N/A",false,Web,"#N/A","#N/A",Medium,"#N/A",New,Subject_dwton,"#N/A","#N/A","#N/A","#N/A","#N/A"
e28ffebd-0cf0-4fe7-a6c1-7e84cd06edfb,"#N/A","#N/A",false,Web,"#N/A","#N/A",Medium,"#N/A",New,Subject_hgcdz,"#N/A","#N/A","#N/A","#N/A","#N/A"
e295fd31-16ab-4641-9b89-a8e8128b790b,"#N/A","#N/A",false,Web,"#N/A","#N/A",Medium,"#N/A",New,Subject_jmvzr,"#N/A","#N/A","#N/A","#N/A","#N/A"
e297370e-fb60-4986-b534-5a90367a8339,"#N/A","#N/A",false,Web,"#N/A","#N/A",Medium,"#N/A",New,Subject_wlqfo,"#N/A","#N/A","#N/A","#N/A","#N/A"
e29840be-acbb-40e9-b6af-9e327e4716bf,"#N/A","#N/A",false,Web,"#N/A","#N/A",Medium,"#N/A",New,Subject_siclf,"#N/A","#N/A","#N/A","#N/A","#N/A"
e299bb4a-5e22-4c2a-994f-38d15b0cd931,"#N/A","#N/A",false,Web,"#N/A","#N/A",Medium,"#N/A",New,Subject_twczj,"#N/A","#N/A","#N/A","#N/A","#N/A"
e299f60c-f09b-4c54-b756-fd1e24aa5698,"#N/A","#N/A",false,Web,"#N/A","#N/A",Medium,"#N/A",New,Subject_qxnky,"#N/A","#N/A","#N/A","#N/A","#N/A"
e29bfc83-486e-4da5-b760-4c392804434a,"#N/A","#N/A",false,Web,"#N/A","#N/A",Medium,"#N/A",New,Subject_pkwvp,"#N/A","#N/A","#N/A","#N/A","#N/A"
e29ca411-98dc-4d8a-aec9-52e84c6f5551,"#N/A","#N/A",false,Web,"#N/A","#N/A",Medium,"#N/A",New,Subject_edlwz,"#N/A","#N/A","#N/A","#N/A","#N/A"
e29e6d91-8f39-4db6-9ebd-96f36ff44aa1,"#N/A","#N/A",false,Web,"#N/A","#N/A",Medium,"#N/A",New,Subject_prrkg,"#N/A","#N/A","#N/A","#N/A","#N/A"
e2a1f300-ad40-4007-a66b-daaef3450bb0,"#N/A","#N/A",false,Web,"#N/A","#N/A",Medium,"#N/A",New,Subject_vyeyv,"#N/A","#N/A","#N/A","#N/A","#N/A"
e2a629ff-9565-49d0-b3fb-b3facb6812e5,"#N/A","#N/A",false,Web,"#N/A","#N/A",Medium,"#N/A",New,Subject_qqsmi,"#N/A","#N/A","#N/A","#N/A","#N/A"
e2a63b91-a339-4894-941f-70cb187b37bd,"#N/A","#N/A",false,Web,"#N/A","#N/A",Medium,"#N/A",New,Subject_mdqmt,"#N/A","#N/A","#N/A","#N/A","#N/A"
e2ad249d-9b5d-4097-8580-49fbc65b53f1,"#N/A","#N/A",false,Web,"#N/A","#N/A",Medium,"#N/A",New,Subject_tqueq,"#N/A","#N/A","#N/A","#N/A","#N/A"
e2af47f8-87d5-4329-9f63-aa42785272cd,"#N/A","#N/A",false,Web,"#N/A","#N/A",Medium,"#N/A",New,Subject_dmkcm,"#N/A","#N/A","#N/A","#N/A","#N/A"
e2af9b72-3a0e-4b20-abb2-d4989a2c9dc2,"#N/A","#N/A",false,Web,"#N/A","#N/A",Medium,"#N/A",New,Subject_wyhej,"#N/A","#N/A","#N/A","#N/A","#N/A"
e2b2f71f-1cbd-42d7-8e03-0e574afcf806,"#N/A","#N/A",false,Web,"#N/A","#N/A",Medium,"#N/A",New,Subject_rtitk,"#N/A","#N/A","#N/A","#N/A","#N/A"
e2b66a66-8d9a-46f5-8aac-7823101a5032,"#N/A","#N/A",false,Web,"#N/A","#N/A",Medium,"#N/A",New,Subject_nxqvk,"#N/A","#N/A","#N/A","#N/A","#N/A"
e2bed418-774f-431f-93f9-5d397f384673,"#N/A","#N/A",false,Web,"#N/A","#N/A",Medium,"#N/A",New,Subject_qtdte,"#N/A","#N/A","#N/A","#N/A","#N/A"
e2c4a226-0cdb-4742-b4c6-aaa16e437197,"#N/A","#N/A",false,Web,"#N/A","#N/A",Medium,"#N/A",New,Subject_vyyjo,"#N/A","#N/A","#N/A","#N/A","#N/A"
e2c9b8ff-9983-4a43-b6ee-c07f003713d0,"#N/A","#N/A",false,Web,"#N/A","#N/A",Medium,"#N/A",New,Subject_ghbyi,"#N/A","#N/A","#N/A","#N/A","#N/A"
e2d27490-ff86-47d5-ab55-6823c5448c7c,"#N/A","#N/A",false,Web,"#N/A","#N/A",Medium,"#N/A",New,Subject_lhnyz,"#N/A","#N/A","#N/A","#N/A","#N/A"
e2d64552-1582-45ee-9be9-71122577387d,"#N/A","#N/A",false,Web,"#N/A","#N/A",Medium,"#N/A",New,Subject_xbicn,"#N/A","#N/A","#N/A","#N/A","#N/A"
e2de2c97-f760-447e-bb58-c81bdb3e3b39,"#N/A","#N/A",false,Web,"#N/A","#N/A",Medium,"#N/A",New,Subject_kmmqw,"#N/A","#N/A","#N/A","#N/A","#N/A"
e2de8ff5-17b4-43e9-b551-44158d29e025,"#N/A","#N/A",false,Web,"#N/A","#N/A",Medium,"#N/A",New,Subject_xizmu,"#N/A","#N/A","#N/A","#N/A","#N/A"
e2e00c9c-8fd5-4d31-a9ac-d660803eea34,"#N/A","#N/A",false,Web,"#N/A","#N/A",Medium,"#N/A",New,Subject_sqdli,"#N/A","#N/A","#N/A","#N/A","#N/A"
e2e64424-2a92-4a58-8dc8-e157a8427d48,"#N/A","#N/A",false,Web,"#N/A","#N/A",Medium,"#N/A",New,Subject_bmihh,"#N/A","#N/A","#N/A","#N/A","#N/A"
e2e75ea1-8f4f-49ac-8b13-963e79cf2913,"#N/A","#N/A",false,Web,"#N/A","#N/A",Medium,"#N/A",New,Subject_qjdek,"#N/A","#N/A","#N/A","#N/A","#N/A"
e2f058d4-e78b-4efd-84ec-06c2d55454e0,"#N/A","#N/A",false,Web,"#N/A","#N/A",Medium,"#N/A",New,Subject_hbtjy,"#N/A","#N/A","#N/A","#N/A","#N/A"
e2f21c0f-d610-4b3e-a387-323b0e68ecd0,"#N/A","#N/A",false,Web,"#N/A","#N/A",Medium,"#N/A",New,Subject_uibff,"#N/A","#N/A","#N/A","#N/A","#N/A"
e2f53746-794c-4174-a529-6e5caeb6850f,"#N/A","#N/A",false,Web,"#N/A","#N/A",Medium,"#N/A",New,Subject_hslor,"#N/A","#N/A","#N/A","#N/A","#N/A"
e2f54f85-ea34-441d-a035-4fcca856d4dc,"#N/A","#N/A",false,Web,"#N/A","#N/A",Medium,"#N/A",New,Subject_owquv,"#N/A","#N/A","#N/A","#N/A","#N/A"
e2fd459a-2e17-4ae7-b981-2fc1c72da25e,"#N/A","#N/A",false,Web,"#N/A","#N/A",Medium,"#N/A",New,Subject_yepei,"#N/A","#N/A","#N/A","#N/A","#N/A"
e2fe6102-4181-40d6-b3bb-44d7a1b45763,"#N/A","#N/A",false,Web,"#N/A","#N/A",Medium,"#N/A",New,Subject_eqwkm,"#N/A","#N/A","#N/A","#N/A","#N/A"
e2febc32-c6d2-4f8d-b4be-5b28f38f4b79,"#N/A","#N/A",false,Web,"#N/A","#N/A",Medium,"#N/A",New,Subject_ywgot,"#N/A","#N/A","#N/A","#N/A","#N/A"
e302cc46-d76b-4a01-8334-9877873220a2,"#N/A","#N/A",false,Web,"#N/A","#N/A",Medium,"#N/A",New,Subject_quktg,"#N/A","#N/A","#N/A","#N/A","#N/A"
e3066bc2-6aa7-4f53-a523-97f19b291cf5,"#N/A","#N/A",false,Web,"#N/A","#N/A",Medium,"#N/A",New,Subject_vccge,"#N/A","#N/A","#N/A","#N/A","#N/A"
e30a0db3-faad-4207-bbf0-844076bbbb7c,"#N/A","#N/A",false,Web,"#N/A","#N/A",Medium,"#N/A",New,Subject_gfodr,"#N/A","#N/A","#N/A","#N/A","#N/A"
e30a8af9-ad1f-41c7-a8d8-d2e1e93dce05,"#N/A","#N/A",false,Web,"#N/A","#N/A",Medium,"#N/A",New,Subject_rslbo,"#N/A","#N/A","#N/A","#N/A","#N/A"
e30bcbeb-f576-4da2-ae85-41cceaa77b5f,"#N/A","#N/A",false,Web,"#N/A","#N/A",Medium,"#N/A",New,Subject_eeqpa,"#N/A","#N/A","#N/A","#N/A","#N/A"
e30e97bf-d9ac-4344-8292-aca1132a450c,"#N/A","#N/A",false,Web,"#N/A","#N/A",Medium,"#N/A",New,Subject_kozzi,"#N/A","#N/A","#N/A","#N/A","#N/A"
e30edb55-53a1-4010-a646-1e5682401ef9,"#N/A","#N/A",false,Web,"#N/A","#N/A",Medium,"#N/A",New,Subject_jovft,"#N/A","#N/A","#N/A","#N/A","#N/A"
e310a5b9-ba1e-461f-9f90-849db9ad4c49,"#N/A","#N/A",false,Web,"#N/A","#N/A",Medium,"#N/A",New,Subject_slvme,"#N/A","#N/A","#N/A","#N/A","#N/A"
e3119a99-09c3-463d-95be-9102e87afae2,"#N/A","#N/A",false,Web,"#N/A","#N/A",Medium,"#N/A",New,Subject_rsxjk,"#N/A","#N/A","#N/A","#N/A","#N/A"
e3120249-29ad-4c84-98fa-9df68a0e8ec7,"#N/A","#N/A",false,Web,"#N/A","#N/A",Medium,"#N/A",New,Subject_yxkwb,"#N/A","#N/A","#N/A","#N/A","#N/A"
e314207c-8d29-4b09-b185-e352945e69f9,"#N/A","#N/A",false,Web,"#N/A","#N/A",Medium,"#N/A",New,Subject_owywd,"#N/A","#N/A","#N/A","#N/A","#N/A"
e314f191-7a7a-4f60-a1e3-c854ce146ce0,"#N/A","#N/A",false,Web,"#N/A","#N/A",Medium,"#N/A",New,Subject_pwgjs,"#N/A","#N/A","#N/A","#N/A","#N/A"
e31758c3-da23-4442-a919-28289fcb3482,"#N/A","#N/A",false,Web,"#N/A","#N/A",Medium,"#N/A",New,Subject_hzrht,"#N/A","#N/A","#N/A","#N/A","#N/A"
e31bd73a-529c-4036-bbd4-f6cbec43d3b8,"#N/A","#N/A",false,Web,"#N/A","#N/A",Medium,"#N/A",New,Subject_jolyy,"#N/A","#N/A","#N/A","#N/A","#N/A"
e31bdf12-8ad3-42de-9348-23867f074836,"#N/A","#N/A",false,Web,"#N/A","#N/A",Medium,"#N/A",New,Subject_pteeh,"#N/A","#N/A","#N/A","#N/A","#N/A"
e31bdf3d-ec3f-4367-8763-ff20c8cd7dce,"#N/A","#N/A",false,Web,"#N/A","#N/A",Medium,"#N/A",New,Subject_xsaqn,"#N/A","#N/A","#N/A","#N/A","#N/A"
e31e510b-fb81-4a7a-b78c-6e75eba6ecad,"#N/A","#N/A",false,Web,"#N/A","#N/A",Medium,"#N/A",New,Subject_lajfy,"#N/A","#N/A","#N/A","#N/A","#N/A"
e3229ef8-b584-4eca-a127-626a6ea69dda,"#N/A","#N/A",false,Web,"#N/A","#N/A",Medium,"#N/A",New,Subject_lyejs,"#N/A","#N/A","#N/A","#N/A","#N/A"
e323c8de-23b1-4632-aa23-760bb88cf1f3,"#N/A","#N/A",false,Web,"#N/A","#N/A",Medium,"#N/A",New,Subject_sicbe,"#N/A","#N/A","#N/A","#N/A","#N/A"
e329be20-5a30-4eb9-98a1-9485c9801a9a,"#N/A","#N/A",false,Web,"#N/A","#N/A",Medium,"#N/A",New,Subject_cgabj,"#N/A","#N/A","#N/A","#N/A","#N/A"
e32c64e6-53d9-4336-917d-108da3a79549,"#N/A","#N/A",false,Web,"#N/A","#N/A",Medium,"#N/A",New,Subject_ctrts,"#N/A","#N/A","#N/A","#N/A","#N/A"
e32e5403-6f5b-4817-b993-d2a3438fa935,"#N/A","#N/A",false,Web,"#N/A","#N/A",Medium,"#N/A",New,Subject_ldbbi,"#N/A","#N/A","#N/A","#N/A","#N/A"
e32f6b88-b465-4c9f-9c75-cb752ffce860,"#N/A","#N/A",false,Web,"#N/A","#N/A",Medium,"#N/A",New,Subject_kafog,"#N/A","#N/A","#N/A","#N/A","#N/A"
e331f9cb-fbfc-48e3-a358-aa185addfe13,"#N/A","#N/A",false,Web,"#N/A","#N/A",Medium,"#N/A",New,Subject_ttgxj,"#N/A","#N/A","#N/A","#N/A","#N/A"
e3336a07-f5b2-4d2f-b54b-bd923267429b,"#N/A","#N/A",false,Web,"#N/A","#N/A",Medium,"#N/A",New,Subject_pssan,"#N/A","#N/A","#N/A","#N/A","#N/A"
e335ab24-a7f2-44fc-ac81-31fadc75e6e2,"#N/A","#N/A",false,Web,"#N/A","#N/A",Medium,"#N/A",New,Subject_djdpg,"#N/A","#N/A","#N/A","#N/A","#N/A"
e33b574f-e72a-4f3e-9a15-17b91dfd3ab8,"#N/A","#N/A",false,Web,"#N/A","#N/A",Medium,"#N/A",New,Subject_eppmh,"#N/A","#N/A","#N/A","#N/A","#N/A"
e342b751-b955-47fd-a593-75b8ddc4470c,"#N/A","#N/A",false,Web,"#N/A","#N/A",Medium,"#N/A",New,Subject_zails,"#N/A","#N/A","#N/A","#N/A","#N/A"
e345f31e-897e-4dcd-a6e2-8f07a2a5df8c,"#N/A","#N/A",false,Web,"#N/A","#N/A",Medium,"#N/A",New,Subject_uyqih,"#N/A","#N/A","#N/A","#N/A","#N/A"
e3489efa-d975-4aae-b591-38cfad766cb5,"#N/A","#N/A",false,Web,"#N/A","#N/A",Medium,"#N/A",New,Subject_jqnkf,"#N/A","#N/A","#N/A","#N/A","#N/A"
e349301e-5397-4709-b04e-e1e89f06cbc6,"#N/A","#N/A",false,Web,"#N/A","#N/A",Medium,"#N/A",New,Subject_jvmso,"#N/A","#N/A","#N/A","#N/A","#N/A"
e34a53d5-a143-4c2d-9d1a-cbdefb8a0688,"#N/A","#N/A",false,Web,"#N/A","#N/A",Medium,"#N/A",New,Subject_jbltp,"#N/A","#N/A","#N/A","#N/A","#N/A"
e34dc56e-53a1-4fa5-9c3e-0967d073d6c1,"#N/A","#N/A",false,Web,"#N/A","#N/A",Medium,"#N/A",New,Subject_nhrug,"#N/A","#N/A","#N/A","#N/A","#N/A"
e34e0774-38e4-4321-9088-9265201c94e5,"#N/A","#N/A",false,Web,"#N/A","#N/A",Medium,"#N/A",New,Subject_qpprn,"#N/A","#N/A","#N/A","#N/A","#N/A"
e352811e-b909-4ef1-a616-ef1673134eed,"#N/A","#N/A",false,Web,"#N/A","#N/A",Medium,"#N/A",New,Subject_tlpdv,"#N/A","#N/A","#N/A","#N/A","#N/A"
e3544393-de01-4982-9475-0162a4d8c059,"#N/A","#N/A",false,Web,"#N/A","#N/A",Medium,"#N/A",New,Subject_lihzd,"#N/A","#N/A","#N/A","#N/A","#N/A"
e356527c-619c-4d0d-9266-bd7a30711453,"#N/A","#N/A",false,Web,"#N/A","#N/A",Medium,"#N/A",New,Subject_tbctk,"#N/A","#N/A","#N/A","#N/A","#N/A"
e358689f-e491-4e9b-9d56-5d98731a98c4,"#N/A","#N/A",false,Web,"#N/A","#N/A",Medium,"#N/A",New,Subject_rmkjy,"#N/A","#N/A","#N/A","#N/A","#N/A"
e358ab27-605c-42d0-a345-d58db48463a1,"#N/A","#N/A",false,Web,"#N/A","#N/A",Medium,"#N/A",New,Subject_tsmrv,"#N/A","#N/A","#N/A","#N/A","#N/A"
e35be505-162e-4347-ac99-022e23c95cbc,"#N/A","#N/A",false,Web,"#N/A","#N/A",Medium,"#N/A",New,Subject_rccpz,"#N/A","#N/A","#N/A","#N/A","#N/A"
e35c5a0d-bb84-4f52-8dfc-f0a2d2f97937,"#N/A","#N/A",false,Web,"#N/A","#N/A",Medium,"#N/A",New,Subject_mtmls,"#N/A","#N/A","#N/A","#N/A","#N/A"
e35dcf1d-fff7-4c98-a86f-e3db46dd6d5f,"#N/A","#N/A",false,Web,"#N/A","#N/A",Medium,"#N/A",New,Subject_gzssj,"#N/A","#N/A","#N/A","#N/A","#N/A"
e3603664-221b-4b93-ae8e-b0bfa73a504b,"#N/A","#N/A",false,Web,"#N/A","#N/A",Medium,"#N/A",New,Subject_ucunu,"#N/A","#N/A","#N/A","#N/A","#N/A"
e36128e3-2932-4e1d-88dd-eb89e4d5cf7e,"#N/A","#N/A",false,Web,"#N/A","#N/A",Medium,"#N/A",New,Subject_ccunh,"#N/A","#N/A","#N/A","#N/A","#N/A"
e36a7e9b-8945-4b69-8aa4-ea90fc159f20,"#N/A","#N/A",false,Web,"#N/A","#N/A",Medium,"#N/A",New,Subject_lzvpf,"#N/A","#N/A","#N/A","#N/A","#N/A"
e36fec7b-4865-4b9f-b5db-dfb9c63666ff,"#N/A","#N/A",false,Web,"#N/A","#N/A",Medium,"#N/A",New,Subject_tgbfx,"#N/A","#N/A","#N/A","#N/A","#N/A"
e3713d0a-8e37-404b-803b-38e28f5b77cf,"#N/A","#N/A",false,Web,"#N/A","#N/A",Medium,"#N/A",New,Subject_shzfc,"#N/A","#N/A","#N/A","#N/A","#N/A"
e374ff27-f506-4c6e-a76c-b161b4bf8921,"#N/A","#N/A",false,Web,"#N/A","#N/A",Medium,"#N/A",New,Subject_viluk,"#N/A","#N/A","#N/A","#N/A","#N/A"
e378cbc4-4379-456c-88c3-d6bcf0ed8a50,"#N/A","#N/A",false,Web,"#N/A","#N/A",Medium,"#N/A",New,Subject_nnzkm,"#N/A","#N/A","#N/A","#N/A","#N/A"
e37ebc86-8800-4f88-b9f3-72d8ac5f0376,"#N/A","#N/A",false,Web,"#N/A","#N/A",Medium,"#N/A",New,Subject_jhwri,"#N/A","#N/A","#N/A","#N/A","#N/A"
e384470a-f1cd-4036-9161-7d1687c94b24,"#N/A","#N/A",false,Web,"#N/A","#N/A",Medium,"#N/A",New,Subject_viknz,"#N/A","#N/A","#N/A","#N/A","#N/A"
e384e7f8-576d-4655-b3fe-126f92e87945,"#N/A","#N/A",false,Web,"#N/A","#N/A",Medium,"#N/A",New,Subject_jzmxe,"#N/A","#N/A","#N/A","#N/A","#N/A"
e3877018-c6cd-4243-aef2-5fafb2a3ef63,"#N/A","#N/A",false,Web,"#N/A","#N/A",Medium,"#N/A",New,Subject_zhveq,"#N/A","#N/A","#N/A","#N/A","#N/A"
e38ab777-1af6-486a-b5f2-770a6708d28a,"#N/A","#N/A",false,Web,"#N/A","#N/A",Medium,"#N/A",New,Subject_zqhwu,"#N/A","#N/A","#N/A","#N/A","#N/A"
e38c05b2-c43f-4171-baa1-e860ecdd81cd,"#N/A","#N/A",false,Web,"#N/A","#N/A",Medium,"#N/A",New,Subject_mzxdb,"#N/A","#N/A","#N/A","#N/A","#N/A"
e3905c5e-e3ca-4a21-8997-21f72d2c3462,"#N/A","#N/A",false,Web,"#N/A","#N/A",Medium,"#N/A",New,Subject_ypreg,"#N/A","#N/A","#N/A","#N/A","#N/A"
e3922f17-eff1-4f65-a415-ac7feb569bff,"#N/A","#N/A",false,Web,"#N/A","#N/A",Medium,"#N/A",New,Subject_trnzj,"#N/A","#N/A","#N/A","#N/A","#N/A"
e3944c0f-3e51-4b13-93d2-b8c4d7cb46fe,"#N/A","#N/A",false,Web,"#N/A","#N/A",Medium,"#N/A",New,Subject_uibjw,"#N/A","#N/A","#N/A","#N/A","#N/A"
e39648df-4d80-4d70-a145-91b35af9b89a,"#N/A","#N/A",false,Web,"#N/A","#N/A",Medium,"#N/A",New,Subject_wxqmr,"#N/A","#N/A","#N/A","#N/A","#N/A"
e396e72f-40b9-4522-bf9b-30ad93ef2e55,"#N/A","#N/A",false,Web,"#N/A","#N/A",Medium,"#N/A",New,Subject_zdbxj,"#N/A","#N/A","#N/A","#N/A","#N/A"
e397dd76-603d-4bbd-9065-7d7d7f7e087a,"#N/A","#N/A",false,Web,"#N/A","#N/A",Medium,"#N/A",New,Subject_vgido,"#N/A","#N/A","#N/A","#N/A","#N/A"
e3984a95-49f5-45b0-919e-f0941d265819,"#N/A","#N/A",false,Web,"#N/A","#N/A",Medium,"#N/A",New,Subject_ykpjq,"#N/A","#N/A","#N/A","#N/A","#N/A"
e39f5899-0da6-464d-bfcb-b68a8971dd88,"#N/A","#N/A",false,Web,"#N/A","#N/A",Medium,"#N/A",New,Subject_irtjg,"#N/A","#N/A","#N/A","#N/A","#N/A"
e3a16cdf-dda3-441a-b10f-5f79f1c173c4,"#N/A","#N/A",false,Web,"#N/A","#N/A",Medium,"#N/A",New,Subject_qqmnf,"#N/A","#N/A","#N/A","#N/A","#N/A"
e3a339af-6a1c-4f9c-8451-21197ab27959,"#N/A","#N/A",false,Web,"#N/A","#N/A",Medium,"#N/A",New,Subject_wsloz,"#N/A","#N/A","#N/A","#N/A","#N/A"
e3a67088-d55b-45a7-a7f0-5bc42af6e4fe,"#N/A","#N/A",false,Web,"#N/A","#N/A",Medium,"#N/A",New,Subject_anpfz,"#N/A","#N/A","#N/A","#N/A","#N/A"
e3a84ff5-cf28-41c0-82a3-528155345cbd,"#N/A","#N/A",false,Web,"#N/A","#N/A",Medium,"#N/A",New,Subject_nvhie,"#N/A","#N/A","#N/A","#N/A","#N/A"
e3a86474-5694-49d9-8eb0-4271159c716b,"#N/A","#N/A",false,Web,"#N/A","#N/A",Medium,"#N/A",New,Subject_qllgg,"#N/A","#N/A","#N/A","#N/A","#N/A"
e3a9f993-89ff-4814-a419-21a1f8e41d1e,"#N/A","#N/A",false,Web,"#N/A","#N/A",Medium,"#N/A",New,Subject_qiqyc,"#N/A","#N/A","#N/A","#N/A","#N/A"
e3aa3a60-fe1d-4c29-88cc-7244c4694cdc,"#N/A","#N/A",false,Web,"#N/A","#N/A",Medium,"#N/A",New,Subject_ibpch,"#N/A","#N/A","#N/A","#N/A","#N/A"
e3ade5aa-0b28-44c6-88b8-f77e40993258,"#N/A","#N/A",false,Web,"#N/A","#N/A",Medium,"#N/A",New,Subject_sxyjy,"#N/A","#N/A","#N/A","#N/A","#N/A"
e3afa2f0-0a44-4a81-9047-f9b11351cbea,"#N/A","#N/A",false,Web,"#N/A","#N/A",Medium,"#N/A",New,Subject_kbkss,"#N/A","#N/A","#N/A","#N/A","#N/A"
e3b0a0bb-3b7b-48e1-9e4d-30c8b74cc220,"#N/A","#N/A",false,Web,"#N/A","#N/A",Medium,"#N/A",New,Subject_jzvvf,"#N/A","#N/A","#N/A","#N/A","#N/A"
e3b12754-e95d-4ad6-a6a5-a3f8833f18c5,"#N/A","#N/A",false,Web,"#N/A","#N/A",Medium,"#N/A",New,Subject_qcnig,"#N/A","#N/A","#N/A","#N/A","#N/A"
e3ba75d4-53b4-48e1-9e34-238a0014cc90,"#N/A","#N/A",false,Web,"#N/A","#N/A",Medium,"#N/A",New,Subject_ogbls,"#N/A","#N/A","#N/A","#N/A","#N/A"
e3bc4261-2d71-4b7d-8eba-638314d8bf89,"#N/A","#N/A",false,Web,"#N/A","#N/A",Medium,"#N/A",New,Subject_lxqxh,"#N/A","#N/A","#N/A","#N/A","#N/A"
e3c09ac9-2c9f-4270-afe7-57edb33c7949,"#N/A","#N/A",false,Web,"#N/A","#N/A",Medium,"#N/A",New,Subject_ueadu,"#N/A","#N/A","#N/A","#N/A","#N/A"
e3c1f0a8-586d-4d47-a8d9-b944c32fface,"#N/A","#N/A",false,Web,"#N/A","#N/A",Medium,"#N/A",New,Subject_wyhej,"#N/A","#N/A","#N/A","#N/A","#N/A"
e3c21e2a-8b27-4e0d-9b4c-88af507bac1d,"#N/A","#N/A",false,Web,"#N/A","#N/A",Medium,"#N/A",New,Subject_nuqks,"#N/A","#N/A","#N/A","#N/A","#N/A"
e3c8bd5c-c6b7-4958-8401-f37a80825976,"#N/A","#N/A",false,Web,"#N/A","#N/A",Medium,"#N/A",New,Subject_rufor,"#N/A","#N/A","#N/A","#N/A","#N/A"
e3c90e1d-fa68-493a-a03b-af9e54c596c4,"#N/A","#N/A",false,Web,"#N/A","#N/A",Medium,"#N/A",New,Subject_gdxyi,"#N/A","#N/A","#N/A","#N/A","#N/A"
e3c9860c-a8bd-4922-947a-f6235db5ad1c,"#N/A","#N/A",false,Web,"#N/A","#N/A",Medium,"#N/A",New,Subject_yjlfr,"#N/A","#N/A","#N/A","#N/A","#N/A"
e3c9bcb1-98bf-4f4e-a0dd-d31d7b09e9f1,"#N/A","#N/A",false,Web,"#N/A","#N/A",Medium,"#N/A",New,Subject_corda,"#N/A","#N/A","#N/A","#N/A","#N/A"
e3cbf4dd-a11f-47c1-ba65-7f65007021ad,"#N/A","#N/A",false,Web,"#N/A","#N/A",Medium,"#N/A",New,Subject_ldtqp,"#N/A","#N/A","#N/A","#N/A","#N/A"
e3cc93de-4091-482a-92ba-c0e210ab64e8,"#N/A","#N/A",false,Web,"#N/A","#N/A",Medium,"#N/A",New,Subject_twayu,"#N/A","#N/A","#N/A","#N/A","#N/A"
e3cd55a9-d8e0-47a8-a416-8f63aeee4e6b,"#N/A","#N/A",false,Web,"#N/A","#N/A",Medium,"#N/A",New,Subject_cwevp,"#N/A","#N/A","#N/A","#N/A","#N/A"
e3d18b37-a413-4640-8d17-fe1605085311,"#N/A","#N/A",false,Web,"#N/A","#N/A",Medium,"#N/A",New,Subject_akzam,"#N/A","#N/A","#N/A","#N/A","#N/A"
e3d23805-76b4-4ba9-b27d-919537e582b0,"#N/A","#N/A",false,Web,"#N/A","#N/A",Medium,"#N/A",New,Subject_efdac,"#N/A","#N/A","#N/A","#N/A","#N/A"
e3d378c5-bf4f-4f19-981e-4aab034b28cb,"#N/A","#N/A",false,Web,"#N/A","#N/A",Medium,"#N/A",New,Subject_ybfsk,"#N/A","#N/A","#N/A","#N/A","#N/A"
e3d4065e-98e5-4e51-912b-6f99437a492e,"#N/A","#N/A",false,Web,"#N/A","#N/A",Medium,"#N/A",New,Subject_jmqrq,"#N/A","#N/A","#N/A","#N/A","#N/A"
e3d562e8-d5cd-4c68-bbc1-1aa89030783b,"#N/A","#N/A",false,Web,"#N/A","#N/A",Medium,"#N/A",New,Subject_oxbvv,"#N/A","#N/A","#N/A","#N/A","#N/A"
e3dab025-b78d-4a65-b0ee-4ff51f4a68f9,"#N/A","#N/A",false,Web,"#N/A","#N/A",Medium,"#N/A",New,Subject_dqjbv,"#N/A","#N/A","#N/A","#N/A","#N/A"
e3dbec5f-0688-4bb0-bc4a-bea0ec27551f,"#N/A","#N/A",false,Web,"#N/A","#N/A",Medium,"#N/A",New,Subject_sjaff,"#N/A","#N/A","#N/A","#N/A","#N/A"
e3dc07a1-a55c-4bde-b1a7-58eda1ebdb53,"#N/A","#N/A",false,Web,"#N/A","#N/A",Medium,"#N/A",New,Subject_iivvy,"#N/A","#N/A","#N/A","#N/A","#N/A"
e3df1b86-16e2-4411-b964-5d3d4a5d745b,"#N/A","#N/A",false,Web,"#N/A","#N/A",Medium,"#N/A",New,Subject_iitfv,"#N/A","#N/A","#N/A","#N/A","#N/A"
e3df73fc-f5ac-43c4-8e84-21439efaaea1,"#N/A","#N/A",false,Web,"#N/A","#N/A",Medium,"#N/A",New,Subject_zbaxn,"#N/A","#N/A","#N/A","#N/A","#N/A"
e3e03ac1-956b-411e-a061-aca83817003c,"#N/A","#N/A",false,Web,"#N/A","#N/A",Medium,"#N/A",New,Subject_ydjki,"#N/A","#N/A","#N/A","#N/A","#N/A"
e3e2d98f-d588-4750-a78d-d88ebe49b615,"#N/A","#N/A",false,Web,"#N/A","#N/A",Medium,"#N/A",New,Subject_pizgz,"#N/A","#N/A","#N/A","#N/A","#N/A"
e3e8a00c-d07e-42d6-9354-a5c2339c00e0,"#N/A","#N/A",false,Web,"#N/A","#N/A",Medium,"#N/A",New,Subject_cvsao,"#N/A","#N/A","#N/A","#N/A","#N/A"
e3e9ec0b-4715-4619-90c3-3a1beb419376,"#N/A","#N/A",false,Web,"#N/A","#N/A",Medium,"#N/A",New,Subject_uwnci,"#N/A","#N/A","#N/A","#N/A","#N/A"
e3f57e7d-5b63-4f41-9d74-7f0fbb19959f,"#N/A","#N/A",false,Web,"#N/A","#N/A",Medium,"#N/A",New,Subject_jxqhe,"#N/A","#N/A","#N/A","#N/A","#N/A"
e3f75668-b3b8-4cdd-b029-fd62f0b3cfd8,"#N/A","#N/A",false,Web,"#N/A","#N/A",Medium,"#N/A",New,Subject_pozta,"#N/A","#N/A","#N/A","#N/A","#N/A"
e3f774ee-faef-49e9-9e2f-1a3a0f43cd4f,"#N/A","#N/A",false,Web,"#N/A","#N/A",Medium,"#N/A",New,Subject_ksncj,"#N/A","#N/A","#N/A","#N/A","#N/A"
e3faedc1-8438-4d54-8e4b-d916b7ddc1ea,"#N/A","#N/A",false,Web,"#N/A","#N/A",Medium,"#N/A",New,Subject_sukkv,"#N/A","#N/A","#N/A","#N/A","#N/A"
e3fcb649-15ca-4780-b6ec-ac6b4a777b89,"#N/A","#N/A",false,Web,"#N/A","#N/A",Medium,"#N/A",New,Subject_wvnpi,"#N/A","#N/A","#N/A","#N/A","#N/A"
e3fe5bed-69a6-442c-bb05-b35020dd6aef,"#N/A","#N/A",false,Web,"#N/A","#N/A",Medium,"#N/A",New,Subject_rkdlb,"#N/A","#N/A","#N/A","#N/A","#N/A"
e3fef384-3b72-4ec1-857a-1e8f4d713ec5,"#N/A","#N/A",false,Web,"#N/A","#N/A",Medium,"#N/A",New,Subject_nungk,"#N/A","#N/A","#N/A","#N/A","#N/A"
e3ffa3f0-ceee-479d-9528-327e2e7c1606,"#N/A","#N/A",false,Web,"#N/A","#N/A",Medium,"#N/A",New,Subject_nvtmh,"#N/A","#N/A","#N/A","#N/A","#N/A"
e400aff5-26e9-40b2-87e9-a6acea98b5d3,"#N/A","#N/A",false,Web,"#N/A","#N/A",Medium,"#N/A",New,Subject_lvzyq,"#N/A","#N/A","#N/A","#N/A","#N/A"
e403b5bb-ed5d-4de1-96e6-652c951fcace,"#N/A","#N/A",false,Web,"#N/A","#N/A",Medium,"#N/A",New,Subject_pwoax,"#N/A","#N/A","#N/A","#N/A","#N/A"
e4049fae-7d40-4319-b46b-db5ac354beb7,"#N/A","#N/A",false,Web,"#N/A","#N/A",Medium,"#N/A",New,Subject_vplgu,"#N/A","#N/A","#N/A","#N/A","#N/A"
e408c3a6-f4e6-47b0-a146-941b6e2205d1,"#N/A","#N/A",false,Web,"#N/A","#N/A",Medium,"#N/A",New,Subject_pgupt,"#N/A","#N/A","#N/A","#N/A","#N/A"
e4095cbc-dd0e-46bd-8f58-6033b563cbb3,"#N/A","#N/A",false,Web,"#N/A","#N/A",Medium,"#N/A",New,Subject_rjddv,"#N/A","#N/A","#N/A","#N/A","#N/A"
e40b8abf-0018-4f3b-bc0b-1adbffe31dc7,"#N/A","#N/A",false,Web,"#N/A","#N/A",Medium,"#N/A",New,Subject_diglo,"#N/A","#N/A","#N/A","#N/A","#N/A"
e40c33b3-2355-4cc8-8cb2-2d53686c72c3,"#N/A","#N/A",false,Web,"#N/A","#N/A",Medium,"#N/A",New,Subject_ctlka,"#N/A","#N/A","#N/A","#N/A","#N/A"
e40f1003-a226-4bc5-b92e-310fb5da5dcc,"#N/A","#N/A",false,Web,"#N/A","#N/A",Medium,"#N/A",New,Subject_zyycv,"#N/A","#N/A","#N/A","#N/A","#N/A"
e410aaa7-273e-4f55-89ee-c7220875cb70,"#N/A","#N/A",false,Web,"#N/A","#N/A",Medium,"#N/A",New,Subject_bzjyh,"#N/A","#N/A","#N/A","#N/A","#N/A"
e413f3b8-3368-40e1-81ed-36cfc5c8c4aa,"#N/A","#N/A",false,Web,"#N/A","#N/A",Medium,"#N/A",New,Subject_gnjsk,"#N/A","#N/A","#N/A","#N/A","#N/A"
e4141373-0577-4134-a294-be558cf253ea,"#N/A","#N/A",false,Web,"#N/A","#N/A",Medium,"#N/A",New,Subject_imvsv,"#N/A","#N/A","#N/A","#N/A","#N/A"
e41698ed-af0d-4b16-ac43-ab40ab17bfae,"#N/A","#N/A",false,Web,"#N/A","#N/A",Medium,"#N/A",New,Subject_zsrqz,"#N/A","#N/A","#N/A","#N/A","#N/A"
e41849d7-2d29-407d-b137-2b4999259747,"#N/A","#N/A",false,Web,"#N/A","#N/A",Medium,"#N/A",New,Subject_bamos,"#N/A","#N/A","#N/A","#N/A","#N/A"
e41bf76b-abca-436a-b0d4-13096b2159e2,"#N/A","#N/A",false,Web,"#N/A","#N/A",Medium,"#N/A",New,Subject_qozkn,"#N/A","#N/A","#N/A","#N/A","#N/A"
e41d4ccd-837e-4146-8cf7-728209ac383b,"#N/A","#N/A",false,Web,"#N/A","#N/A",Medium,"#N/A",New,Subject_jzfwj,"#N/A","#N/A","#N/A","#N/A","#N/A"
e41e86f2-7099-4c69-bf91-e8ad1a4f1118,"#N/A","#N/A",false,Web,"#N/A","#N/A",Medium,"#N/A",New,Subject_krzhf,"#N/A","#N/A","#N/A","#N/A","#N/A"
e41ec0f6-3703-4c16-9b05-e036212575f4,"#N/A","#N/A",false,Web,"#N/A","#N/A",Medium,"#N/A",New,Subject_qrtln,"#N/A","#N/A","#N/A","#N/A","#N/A"
e42091f8-c7c9-4d8d-a7ba-da4ecfde6992,"#N/A","#N/A",false,Web,"#N/A","#N/A",Medium,"#N/A",New,Subject_vozvd,"#N/A","#N/A","#N/A","#N/A","#N/A"
e420f080-e38c-40f9-a303-7c6494f9e076,"#N/A","#N/A",false,Web,"#N/A","#N/A",Medium,"#N/A",New,Subject_ampkp,"#N/A","#N/A","#N/A","#N/A","#N/A"
e42535dd-e155-41ad-ac0b-f5a279753f1a,"#N/A","#N/A",false,Web,"#N/A","#N/A",Medium,"#N/A",New,Subject_riohu,"#N/A","#N/A","#N/A","#N/A","#N/A"
e426e3a3-3af2-4ee5-a6e7-59a3ce32102f,"#N/A","#N/A",false,Web,"#N/A","#N/A",Medium,"#N/A",New,Subject_rvifu,"#N/A","#N/A","#N/A","#N/A","#N/A"
e4271bcd-457c-4171-87be-4776e00f3cd8,"#N/A","#N/A",false,Web,"#N/A","#N/A",Medium,"#N/A",New,Subject_zldrl,"#N/A","#N/A","#N/A","#N/A","#N/A"
e42741c4-53a7-4de1-b06a-d9731716d45b,"#N/A","#N/A",false,Web,"#N/A","#N/A",Medium,"#N/A",New,Subject_beyec,"#N/A","#N/A","#N/A","#N/A","#N/A"
e42ef470-4eb5-4e25-b190-db3f7049310a,"#N/A","#N/A",false,Web,"#N/A","#N/A",Medium,"#N/A",New,Subject_umswf,"#N/A","#N/A","#N/A","#N/A","#N/A"
e42fcf3e-5369-4e9f-a4af-4112f3a07927,"#N/A","#N/A",false,Web,"#N/A","#N/A",Medium,"#N/A",New,Subject_qljan,"#N/A","#N/A","#N/A","#N/A","#N/A"
e430e656-e5c6-4dd2-8011-974e5572b34d,"#N/A","#N/A",false,Web,"#N/A","#N/A",Medium,"#N/A",New,Subject_jbnau,"#N/A","#N/A","#N/A","#N/A","#N/A"
e4335484-e6a3-43be-a049-0c0022774773,"#N/A","#N/A",false,Web,"#N/A","#N/A",Medium,"#N/A",New,Subject_fgfrr,"#N/A","#N/A","#N/A","#N/A","#N/A"
e4339382-ca84-4b45-818d-4c49f772e1cc,"#N/A","#N/A",false,Web,"#N/A","#N/A",Medium,"#N/A",New,Subject_hrxzw,"#N/A","#N/A","#N/A","#N/A","#N/A"
e434a810-00d2-4b67-b3a0-6cfbef1df594,"#N/A","#N/A",false,Web,"#N/A","#N/A",Medium,"#N/A",New,Subject_gqtpw,"#N/A","#N/A","#N/A","#N/A","#N/A"
e434e48e-b557-42db-8e25-d9250494653e,"#N/A","#N/A",false,Web,"#N/A","#N/A",Medium,"#N/A",New,Subject_lkpql,"#N/A","#N/A","#N/A","#N/A","#N/A"
e43688e9-aee4-43d6-a50b-9c53fb714170,"#N/A","#N/A",false,Web,"#N/A","#N/A",Medium,"#N/A",New,Subject_pgwsd,"#N/A","#N/A","#N/A","#N/A","#N/A"
e4379622-84a9-44eb-9c96-1cb7e32596f0,"#N/A","#N/A",false,Web,"#N/A","#N/A",Medium,"#N/A",New,Subject_hmvle,"#N/A","#N/A","#N/A","#N/A","#N/A"
e439dbb0-30d5-4ea0-945e-56d64c12583f,"#N/A","#N/A",false,Web,"#N/A","#N/A",Medium,"#N/A",New,Subject_rtszq,"#N/A","#N/A","#N/A","#N/A","#N/A"
e43dd8ee-2aae-4243-a4c0-0d999f567702,"#N/A","#N/A",false,Web,"#N/A","#N/A",Medium,"#N/A",New,Subject_ypbiv,"#N/A","#N/A","#N/A","#N/A","#N/A"
e4438248-cabe-46d4-b291-758dda7041cd,"#N/A","#N/A",false,Web,"#N/A","#N/A",Medium,"#N/A",New,Subject_abnyx,"#N/A","#N/A","#N/A","#N/A","#N/A"
e4445829-0b08-4db1-9ed4-839e9da7eb35,"#N/A","#N/A",false,Web,"#N/A","#N/A",Medium,"#N/A",New,Subject_jkkdo,"#N/A","#N/A","#N/A","#N/A","#N/A"
e44c0d13-cece-479d-b08a-fcd81d1e0f74,"#N/A","#N/A",false,Web,"#N/A","#N/A",Medium,"#N/A",New,Subject_opekg,"#N/A","#N/A","#N/A","#N/A","#N/A"
e452cea3-24d0-41c6-a2a1-16ffd6570cf7,"#N/A","#N/A",false,Web,"#N/A","#N/A",Medium,"#N/A",New,Subject_jqmdh,"#N/A","#N/A","#N/A","#N/A","#N/A"
e4548c78-7e15-4a2f-a2a8-51253ce6cc94,"#N/A","#N/A",false,Web,"#N/A","#N/A",Medium,"#N/A",New,Subject_txhey,"#N/A","#N/A","#N/A","#N/A","#N/A"
e45a7988-5ee3-4bcd-b456-cd16780acb72,"#N/A","#N/A",false,Web,"#N/A","#N/A",Medium,"#N/A",New,Subject_kiups,"#N/A","#N/A","#N/A","#N/A","#N/A"
e4605f05-eeec-4672-8524-18f21b1a542d,"#N/A","#N/A",false,Web,"#N/A","#N/A",Medium,"#N/A",New,Subject_fvqsn,"#N/A","#N/A","#N/A","#N/A","#N/A"
e4628f78-c0d7-46b1-a1a2-6af100fbbd34,"#N/A","#N/A",false,Web,"#N/A","#N/A",Medium,"#N/A",New,Subject_wzgdc,"#N/A","#N/A","#N/A","#N/A","#N/A"
e467c2af-b19b-42a2-880c-db1d18a9d95d,"#N/A","#N/A",false,Web,"#N/A","#N/A",Medium,"#N/A",New,Subject_sxyas,"#N/A","#N/A","#N/A","#N/A","#N/A"
e4691972-717c-491f-900a-62954cf812b4,"#N/A","#N/A",false,Web,"#N/A","#N/A",Medium,"#N/A",New,Subject_xbuwh,"#N/A","#N/A","#N/A","#N/A","#N/A"
e471caf5-1769-4862-afb2-b5047729abec,"#N/A","#N/A",false,Web,"#N/A","#N/A",Medium,"#N/A",New,Subject_aclky,"#N/A","#N/A","#N/A","#N/A","#N/A"
e4739068-8718-4293-91f4-28bf1fa02be7,"#N/A","#N/A",false,Web,"#N/A","#N/A",Medium,"#N/A",New,Subject_rgwln,"#N/A","#N/A","#N/A","#N/A","#N/A"
e4799b43-40dc-4ef0-a7df-ee3ebaa8f033,"#N/A","#N/A",false,Web,"#N/A","#N/A",Medium,"#N/A",New,Subject_zlixf,"#N/A","#N/A","#N/A","#N/A","#N/A"
e47eb7b2-da73-4583-819b-643a4b6f291e,"#N/A","#N/A",false,Web,"#N/A","#N/A",Medium,"#N/A",New,Subject_nmude,"#N/A","#N/A","#N/A","#N/A","#N/A"
e480192b-88c0-4ab8-859d-61ffb85f9da2,"#N/A","#N/A",false,Web,"#N/A","#N/A",Medium,"#N/A",New,Subject_ubfdf,"#N/A","#N/A","#N/A","#N/A","#N/A"
e480dad3-6db9-4888-ae04-6310eb544ce0,"#N/A","#N/A",false,Web,"#N/A","#N/A",Medium,"#N/A",New,Subject_xiufu,"#N/A","#N/A","#N/A","#N/A","#N/A"
e4835a7c-3f3b-40e3-88f9-543a659c90c5,"#N/A","#N/A",false,Web,"#N/A","#N/A",Medium,"#N/A",New,Subject_vmjio,"#N/A","#N/A","#N/A","#N/A","#N/A"
e48735bd-1a9a-496c-9fb9-3b23c9979ea7,"#N/A","#N/A",false,Web,"#N/A","#N/A",Medium,"#N/A",New,Subject_xvylp,"#N/A","#N/A","#N/A","#N/A","#N/A"
e487bd9c-d1df-41eb-b916-e7f6ff430e7b,"#N/A","#N/A",false,Web,"#N/A","#N/A",Medium,"#N/A",New,Subject_usgtc,"#N/A","#N/A","#N/A","#N/A","#N/A"
e48ac68e-cf84-4e27-84b4-c6aa12c2809d,"#N/A","#N/A",false,Web,"#N/A","#N/A",Medium,"#N/A",New,Subject_cfbwg,"#N/A","#N/A","#N/A","#N/A","#N/A"
e48d429d-e62a-4592-a1ac-245d0c256a77,"#N/A","#N/A",false,Web,"#N/A","#N/A",Medium,"#N/A",New,Subject_poybi,"#N/A","#N/A","#N/A","#N/A","#N/A"
e48f10df-9e63-4c96-8401-f7a5061274c7,"#N/A","#N/A",false,Web,"#N/A","#N/A",Medium,"#N/A",New,Subject_rqgdj,"#N/A","#N/A","#N/A","#N/A","#N/A"
e491ec33-fd15-40ab-b96e-1dbfbe509f43,"#N/A","#N/A",false,Web,"#N/A","#N/A",Medium,"#N/A",New,Subject_qxews,"#N/A","#N/A","#N/A","#N/A","#N/A"
e4962442-d8cb-4c46-8c60-1350e12c259d,"#N/A","#N/A",false,Web,"#N/A","#N/A",Medium,"#N/A",New,Subject_pchba,"#N/A","#N/A","#N/A","#N/A","#N/A"
e497558d-ad3a-4850-9e81-503ed3d14f35,"#N/A","#N/A",false,Web,"#N/A","#N/A",Medium,"#N/A",New,Subject_hvztl,"#N/A","#N/A","#N/A","#N/A","#N/A"
e4999902-e570-4cfd-afc4-6921e73cd574,"#N/A","#N/A",false,Web,"#N/A","#N/A",Medium,"#N/A",New,Subject_gzatz,"#N/A","#N/A","#N/A","#N/A","#N/A"
e49d6383-6e91-42ef-b678-c8e629ab2f94,"#N/A","#N/A",false,Web,"#N/A","#N/A",Medium,"#N/A",New,Subject_aalvi,"#N/A","#N/A","#N/A","#N/A","#N/A"
e49f176e-548b-433e-917a-88e2e76c41c3,"#N/A","#N/A",false,Web,"#N/A","#N/A",Medium,"#N/A",New,Subject_kjntr,"#N/A","#N/A","#N/A","#N/A","#N/A"
e4a1c3ce-7ff4-49a2-a319-ef25f60d3dcb,"#N/A","#N/A",false,Web,"#N/A","#N/A",Medium,"#N/A",New,Subject_gwycf,"#N/A","#N/A","#N/A","#N/A","#N/A"
e4a4dcb3-d8dd-4b81-ad96-7304485a5820,"#N/A","#N/A",false,Web,"#N/A","#N/A",Medium,"#N/A",New,Subject_dyqjb,"#N/A","#N/A","#N/A","#N/A","#N/A"
e4a527d6-b8bf-4215-80a4-ca095471dc39,"#N/A","#N/A",false,Web,"#N/A","#N/A",Medium,"#N/A",New,Subject_aagbj,"#N/A","#N/A","#N/A","#N/A","#N/A"
e4a55eb7-0dc1-4979-98fc-a6db88424a61,"#N/A","#N/A",false,Web,"#N/A","#N/A",Medium,"#N/A",New,Subject_qqfbq,"#N/A","#N/A","#N/A","#N/A","#N/A"
e4a78084-e0ad-4016-a864-80bf9977979f,"#N/A","#N/A",false,Web,"#N/A","#N/A",Medium,"#N/A",New,Subject_muykd,"#N/A","#N/A","#N/A","#N/A","#N/A"
e4a934c6-f567-40c1-ba51-06a1bbd02d47,"#N/A","#N/A",false,Web,"#N/A","#N/A",Medium,"#N/A",New,Subject_ivyfe,"#N/A","#N/A","#N/A","#N/A","#N/A"
e4aede47-64bd-4bd4-a0fe-15d7304dad30,"#N/A","#N/A",false,Web,"#N/A","#N/A",Medium,"#N/A",New,Subject_mndkt,"#N/A","#N/A","#N/A","#N/A","#N/A"
e4b8068e-9fea-433d-8104-8f3746958f45,"#N/A","#N/A",false,Web,"#N/A","#N/A",Medium,"#N/A",New,Subject_eprkt,"#N/A","#N/A","#N/A","#N/A","#N/A"
e4b8ec44-056b-4042-9ccd-3f7bb3cf3f23,"#N/A","#N/A",false,Web,"#N/A","#N/A",Medium,"#N/A",New,Subject_hcnlj,"#N/A","#N/A","#N/A","#N/A","#N/A"
e4bcf2fc-8e97-4ca2-856f-41677becce66,"#N/A","#N/A",false,Web,"#N/A","#N/A",Medium,"#N/A",New,Subject_crlkq,"#N/A","#N/A","#N/A","#N/A","#N/A"
e4be1da0-b17c-47c4-8f93-78b19973b9a2,"#N/A","#N/A",false,Web,"#N/A","#N/A",Medium,"#N/A",New,Subject_kjdpn,"#N/A","#N/A","#N/A","#N/A","#N/A"
e4c8cb90-bf59-4c1c-8250-50577777dd85,"#N/A","#N/A",false,Web,"#N/A","#N/A",Medium,"#N/A",New,Subject_ixaay,"#N/A","#N/A","#N/A","#N/A","#N/A"
e4cbb435-06b2-435c-b7eb-8a960d00641b,"#N/A","#N/A",false,Web,"#N/A","#N/A",Medium,"#N/A",New,Subject_emvbk,"#N/A","#N/A","#N/A","#N/A","#N/A"
e4cc02ce-410a-45ba-b441-adf04e9300da,"#N/A","#N/A",false,Web,"#N/A","#N/A",Medium,"#N/A",New,Subject_anfca,"#N/A","#N/A","#N/A","#N/A","#N/A"
e4cc2e79-4b9a-4ae2-a429-2cb912a64e9e,"#N/A","#N/A",false,Web,"#N/A","#N/A",Medium,"#N/A",New,Subject_cwcrj,"#N/A","#N/A","#N/A","#N/A","#N/A"
e4cc3e1a-6ecc-41d4-b15d-ff45690b7b87,"#N/A","#N/A",false,Web,"#N/A","#N/A",Medium,"#N/A",New,Subject_fjorc,"#N/A","#N/A","#N/A","#N/A","#N/A"
e4d66e43-4cbb-4d5a-9445-66d17979a9a6,"#N/A","#N/A",false,Web,"#N/A","#N/A",Medium,"#N/A",New,Subject_fwnmz,"#N/A","#N/A","#N/A","#N/A","#N/A"
e4d82e6c-8f4a-4cf0-b4ed-231411c632c3,"#N/A","#N/A",false,Web,"#N/A","#N/A",Medium,"#N/A",New,Subject_fltkl,"#N/A","#N/A","#N/A","#N/A","#N/A"
e4db1f92-e250-45a4-9c84-72dfdda5e19e,"#N/A","#N/A",false,Web,"#N/A","#N/A",Medium,"#N/A",New,Subject_namjj,"#N/A","#N/A","#N/A","#N/A","#N/A"
e4de20ec-edd8-4982-a608-d6b87365c356,"#N/A","#N/A",false,Web,"#N/A","#N/A",Medium,"#N/A",New,Subject_bzcpc,"#N/A","#N/A","#N/A","#N/A","#N/A"
e4de6ab9-2ca0-4906-b983-f0ab53b57f5c,"#N/A","#N/A",false,Web,"#N/A","#N/A",Medium,"#N/A",New,Subject_ahyji,"#N/A","#N/A","#N/A","#N/A","#N/A"
e4deb513-505a-48b7-83cb-0ba715af9ce8,"#N/A","#N/A",false,Web,"#N/A","#N/A",Medium,"#N/A",New,Subject_glcvm,"#N/A","#N/A","#N/A","#N/A","#N/A"
e4e3c3bd-7c23-4c46-9ca4-edbdbecaeeb7,"#N/A","#N/A",false,Web,"#N/A","#N/A",Medium,"#N/A",New,Subject_cedxc,"#N/A","#N/A","#N/A","#N/A","#N/A"
e4e3d1b3-edd6-4104-a78d-112d3adcecc9,"#N/A","#N/A",false,Web,"#N/A","#N/A",Medium,"#N/A",New,Subject_mhrqx,"#N/A","#N/A","#N/A","#N/A","#N/A"
e4e3d89a-1e0e-4890-972a-27d09e137b42,"#N/A","#N/A",false,Web,"#N/A","#N/A",Medium,"#N/A",New,Subject_wojxd,"#N/A","#N/A","#N/A","#N/A","#N/A"
e4e4431a-aea9-416b-a671-41346756d7e3,"#N/A","#N/A",false,Web,"#N/A","#N/A",Medium,"#N/A",New,Subject_ywjwz,"#N/A","#N/A","#N/A","#N/A","#N/A"
e4e641c2-5a68-4d53-828b-954fbd5d082c,"#N/A","#N/A",false,Web,"#N/A","#N/A",Medium,"#N/A",New,Subject_jqccy,"#N/A","#N/A","#N/A","#N/A","#N/A"
e4e7e98a-fdd1-415b-b780-aa073bc5f58a,"#N/A","#N/A",false,Web,"#N/A","#N/A",Medium,"#N/A",New,Subject_fulin,"#N/A","#N/A","#N/A","#N/A","#N/A"
e4e90874-b1bf-4ee5-aec3-ee510da2d17b,"#N/A","#N/A",false,Web,"#N/A","#N/A",Medium,"#N/A",New,Subject_cocii,"#N/A","#N/A","#N/A","#N/A","#N/A"
e4e9de30-9970-4dff-9d0f-d96b214fdbac,"#N/A","#N/A",false,Web,"#N/A","#N/A",Medium,"#N/A",New,Subject_oidif,"#N/A","#N/A","#N/A","#N/A","#N/A"
e4ecac46-dc4c-4ee8-996c-a562f7ffd3ba,"#N/A","#N/A",false,Web,"#N/A","#N/A",Medium,"#N/A",New,Subject_vyovq,"#N/A","#N/A","#N/A","#N/A","#N/A"
e4f059cf-d92b-4611-b408-6040d2dfec3a,"#N/A","#N/A",false,Web,"#N/A","#N/A",Medium,"#N/A",New,Subject_gfdlj,"#N/A","#N/A","#N/A","#N/A","#N/A"
e4f0e137-6a5c-4b10-9eba-7b6c52499377,"#N/A","#N/A",false,Web,"#N/A","#N/A",Medium,"#N/A",New,Subject_ludvw,"#N/A","#N/A","#N/A","#N/A","#N/A"
e4f0fd51-c3ed-4711-a89a-43fa3ab8ba7e,"#N/A","#N/A",false,Web,"#N/A","#N/A",Medium,"#N/A",New,Subject_uflta,"#N/A","#N/A","#N/A","#N/A","#N/A"
e4f2504e-32d1-4d61-a297-5a53848acac8,"#N/A","#N/A",false,Web,"#N/A","#N/A",Medium,"#N/A",New,Subject_fbtto,"#N/A","#N/A","#N/A","#N/A","#N/A"
e4f27229-28ac-4fe7-9722-3c9a19fcaf64,"#N/A","#N/A",false,Web,"#N/A","#N/A",Medium,"#N/A",New,Subject_irwqi,"#N/A","#N/A","#N/A","#N/A","#N/A"
e4f49a15-367c-413b-8254-d0a107087348,"#N/A","#N/A",false,Web,"#N/A","#N/A",Medium,"#N/A",New,Subject_nuqsz,"#N/A","#N/A","#N/A","#N/A","#N/A"
e4f90cdc-18c8-4cfd-98a0-90eb78a966bf,"#N/A","#N/A",false,Web,"#N/A","#N/A",Medium,"#N/A",New,Subject_vycsk,"#N/A","#N/A","#N/A","#N/A","#N/A"
e4fa9035-cdc5-4c6d-bf8c-08850f0d6415,"#N/A","#N/A",false,Web,"#N/A","#N/A",Medium,"#N/A",New,Subject_dqxcs,"#N/A","#N/A","#N/A","#N/A","#N/A"
e4fcdb54-10df-4531-9a01-3fbb716379c4,"#N/A","#N/A",false,Web,"#N/A","#N/A",Medium,"#N/A",New,Subject_aojkv,"#N/A","#N/A","#N/A","#N/A","#N/A"
e4fddd4a-0b24-487c-95a8-bb99899acdad,"#N/A","#N/A",false,Web,"#N/A","#N/A",Medium,"#N/A",New,Subject_fvjfv,"#N/A","#N/A","#N/A","#N/A","#N/A"
e4ff0da6-7cf1-464b-9ecd-dc53a518e28d,"#N/A","#N/A",false,Web,"#N/A","#N/A",Medium,"#N/A",New,Subject_xuixv,"#N/A","#N/A","#N/A","#N/A","#N/A"
e5032572-41ed-4c1a-9ebf-0ff8bd844e0a,"#N/A","#N/A",false,Web,"#N/A","#N/A",Medium,"#N/A",New,Subject_lbiul,"#N/A","#N/A","#N/A","#N/A","#N/A"
e503699f-08f2-454d-877d-f8a0c8e59958,"#N/A","#N/A",false,Web,"#N/A","#N/A",Medium,"#N/A",New,Subject_ehgfs,"#N/A","#N/A","#N/A","#N/A","#N/A"
e50572be-a56d-4c3c-8410-7d300fdcb27d,"#N/A","#N/A",false,Web,"#N/A","#N/A",Medium,"#N/A",New,Subject_bubda,"#N/A","#N/A","#N/A","#N/A","#N/A"
e50c75f1-b411-48c4-a7f5-7a5141962ee6,"#N/A","#N/A",false,Web,"#N/A","#N/A",Medium,"#N/A",New,Subject_qokho,"#N/A","#N/A","#N/A","#N/A","#N/A"
e50f331a-3a6d-47eb-8a0d-434139544a67,"#N/A","#N/A",false,Web,"#N/A","#N/A",Medium,"#N/A",New,Subject_vwlqx,"#N/A","#N/A","#N/A","#N/A","#N/A"
e50f8de7-cafd-4562-bbdb-d5becc8eadca,"#N/A","#N/A",false,Web,"#N/A","#N/A",Medium,"#N/A",New,Subject_rctai,"#N/A","#N/A","#N/A","#N/A","#N/A"
e5114f1b-cb66-452e-a54d-fa1c4649c378,"#N/A","#N/A",false,Web,"#N/A","#N/A",Medium,"#N/A",New,Subject_jysif,"#N/A","#N/A","#N/A","#N/A","#N/A"
e51de33d-8ae5-45bd-bb14-2f68ef2214aa,"#N/A","#N/A",false,Web,"#N/A","#N/A",Medium,"#N/A",New,Subject_iviup,"#N/A","#N/A","#N/A","#N/A","#N/A"
e51fa643-9ca9-442d-b2b0-709ea9815d2e,"#N/A","#N/A",false,Web,"#N/A","#N/A",Medium,"#N/A",New,Subject_jytmh,"#N/A","#N/A","#N/A","#N/A","#N/A"
e51ffd81-661a-4d58-aa20-cccc7c128068,"#N/A","#N/A",false,Web,"#N/A","#N/A",Medium,"#N/A",New,Subject_hqkvm,"#N/A","#N/A","#N/A","#N/A","#N/A"
e5221342-77fd-4e49-972c-e21b971572d0,"#N/A","#N/A",false,Web,"#N/A","#N/A",Medium,"#N/A",New,Subject_jptgk,"#N/A","#N/A","#N/A","#N/A","#N/A"
e529dea2-0741-4d89-8f4a-37210822ebf4,"#N/A","#N/A",false,Web,"#N/A","#N/A",Medium,"#N/A",New,Subject_hqmyc,"#N/A","#N/A","#N/A","#N/A","#N/A"
e52a17ad-6e33-4ee0-b4a9-3166b2c32f3b,"#N/A","#N/A",false,Web,"#N/A","#N/A",Medium,"#N/A",New,Subject_dokvc,"#N/A","#N/A","#N/A","#N/A","#N/A"
e52bdb99-d8ba-4f5f-8414-7c72d7dcd0fc,"#N/A","#N/A",false,Web,"#N/A","#N/A",Medium,"#N/A",New,Subject_jwwum,"#N/A","#N/A","#N/A","#N/A","#N/A"
e52e8a1c-3fa9-4291-a527-a57a176db1a5,"#N/A","#N/A",false,Web,"#N/A","#N/A",Medium,"#N/A",New,Subject_raets,"#N/A","#N/A","#N/A","#N/A","#N/A"
e52f77bb-5e10-43c9-ad92-f94ab1b5bc9a,"#N/A","#N/A",false,Web,"#N/A","#N/A",Medium,"#N/A",New,Subject_gggoa,"#N/A","#N/A","#N/A","#N/A","#N/A"
e533db37-563b-4a0d-bfa4-210741222fba,"#N/A","#N/A",false,Web,"#N/A","#N/A",Medium,"#N/A",New,Subject_xileq,"#N/A","#N/A","#N/A","#N/A","#N/A"
e5346190-d927-4cbf-a6be-14c35448b1b4,"#N/A","#N/A",false,Web,"#N/A","#N/A",Medium,"#N/A",New,Subject_lddwe,"#N/A","#N/A","#N/A","#N/A","#N/A"
e537bb76-821a-45f0-bf4f-49cb43bb2798,"#N/A","#N/A",false,Web,"#N/A","#N/A",Medium,"#N/A",New,Subject_biprc,"#N/A","#N/A","#N/A","#N/A","#N/A"
e53c307b-423a-4622-8a39-53171694d615,"#N/A","#N/A",false,Web,"#N/A","#N/A",Medium,"#N/A",New,Subject_nayef,"#N/A","#N/A","#N/A","#N/A","#N/A"
e53e0daf-80a3-4cd5-a5cd-a0730d0cde5d,"#N/A","#N/A",false,Web,"#N/A","#N/A",Medium,"#N/A",New,Subject_upcmh,"#N/A","#N/A","#N/A","#N/A","#N/A"
e53e2002-f0b3-431a-baeb-0a269285390f,"#N/A","#N/A",false,Web,"#N/A","#N/A",Medium,"#N/A",New,Subject_wzduq,"#N/A","#N/A","#N/A","#N/A","#N/A"
e5449f49-02b5-4037-a677-90e1b8e5bb0a,"#N/A","#N/A",false,Web,"#N/A","#N/A",Medium,"#N/A",New,Subject_ieujr,"#N/A","#N/A","#N/A","#N/A","#N/A"
e544f662-427f-4829-be16-2629d271f550,"#N/A","#N/A",false,Web,"#N/A","#N/A",Medium,"#N/A",New,Subject_lhnns,"#N/A","#N/A","#N/A","#N/A","#N/A"
e5458f0c-0f3a-4392-8744-f40c28591655,"#N/A","#N/A",false,Web,"#N/A","#N/A",Medium,"#N/A",New,Subject_ppodn,"#N/A","#N/A","#N/A","#N/A","#N/A"
e546bde1-a8eb-4540-9ca0-81b05ee3d70a,"#N/A","#N/A",false,Web,"#N/A","#N/A",Medium,"#N/A",New,Subject_wphnk,"#N/A","#N/A","#N/A","#N/A","#N/A"
e5495bda-0540-4c02-8818-4140c6757171,"#N/A","#N/A",false,Web,"#N/A","#N/A",Medium,"#N/A",New,Subject_nozvt,"#N/A","#N/A","#N/A","#N/A","#N/A"
e549953d-bb07-4ab1-b67e-c896ab4b6f46,"#N/A","#N/A",false,Web,"#N/A","#N/A",Medium,"#N/A",New,Subject_nhxpe,"#N/A","#N/A","#N/A","#N/A","#N/A"
e54c838d-0ebb-45a9-911a-4743a803562c,"#N/A","#N/A",false,Web,"#N/A","#N/A",Medium,"#N/A",New,Subject_tlfss,"#N/A","#N/A","#N/A","#N/A","#N/A"
e550e9c9-d90c-4960-bfb0-8a8cffd97436,"#N/A","#N/A",false,Web,"#N/A","#N/A",Medium,"#N/A",New,Subject_xgesb,"#N/A","#N/A","#N/A","#N/A","#N/A"
e552e7e8-e4e0-4b99-835d-8c6b0de14033,"#N/A","#N/A",false,Web,"#N/A","#N/A",Medium,"#N/A",New,Subject_bbnhv,"#N/A","#N/A","#N/A","#N/A","#N/A"
e553c1e6-2a53-4cfc-9522-1fab4d1cad01,"#N/A","#N/A",false,Web,"#N/A","#N/A",Medium,"#N/A",New,Subject_ocbfm,"#N/A","#N/A","#N/A","#N/A","#N/A"
e5589a36-6225-4f8a-8445-2305dc036acb,"#N/A","#N/A",false,Web,"#N/A","#N/A",Medium,"#N/A",New,Subject_ekmif,"#N/A","#N/A","#N/A","#N/A","#N/A"
e56373d1-d745-4bb4-b972-535293982320,"#N/A","#N/A",false,Web,"#N/A","#N/A",Medium,"#N/A",New,Subject_buain,"#N/A","#N/A","#N/A","#N/A","#N/A"
e56487bb-f21a-472c-aa22-c94b339d7a64,"#N/A","#N/A",false,Web,"#N/A","#N/A",Medium,"#N/A",New,Subject_wsrtb,"#N/A","#N/A","#N/A","#N/A","#N/A"
e569d99e-0cc7-430e-a374-242d51dda282,"#N/A","#N/A",false,Web,"#N/A","#N/A",Medium,"#N/A",New,Subject_mmslj,"#N/A","#N/A","#N/A","#N/A","#N/A"
e56dc36c-c8b0-460b-b4da-7c372b2c4e54,"#N/A","#N/A",false,Web,"#N/A","#N/A",Medium,"#N/A",New,Subject_jeggp,"#N/A","#N/A","#N/A","#N/A","#N/A"
e571c3f0-22d0-493c-9422-dd3fb1eac7b1,"#N/A","#N/A",false,Web,"#N/A","#N/A",Medium,"#N/A",New,Subject_qjamw,"#N/A","#N/A","#N/A","#N/A","#N/A"
e579d006-5e18-4c48-b67d-71457b4e8835,"#N/A","#N/A",false,Web,"#N/A","#N/A",Medium,"#N/A",New,Subject_maxnh,"#N/A","#N/A","#N/A","#N/A","#N/A"
e583d784-a65a-4e2b-8208-b516eb7447d9,"#N/A","#N/A",false,Web,"#N/A","#N/A",Medium,"#N/A",New,Subject_nvgva,"#N/A","#N/A","#N/A","#N/A","#N/A"
e5854284-55b2-4b87-8c3a-d742f7f240fa,"#N/A","#N/A",false,Web,"#N/A","#N/A",Medium,"#N/A",New,Subject_jcycc,"#N/A","#N/A","#N/A","#N/A","#N/A"
e5858a0c-17c2-4963-9cd8-ee7fb2aae5ac,"#N/A","#N/A",false,Web,"#N/A","#N/A",Medium,"#N/A",New,Subject_stsoq,"#N/A","#N/A","#N/A","#N/A","#N/A"
e5863b64-e196-422c-b40f-c4abef78c256,"#N/A","#N/A",false,Web,"#N/A","#N/A",Medium,"#N/A",New,Subject_smpml,"#N/A","#N/A","#N/A","#N/A","#N/A"
e587113b-0528-4e43-8fae-417d5e866c11,"#N/A","#N/A",false,Web,"#N/A","#N/A",Medium,"#N/A",New,Subject_dcapj,"#N/A","#N/A","#N/A","#N/A","#N/A"
e587ed71-62dc-4985-a74c-6f8a7c5e7ae6,"#N/A","#N/A",false,Web,"#N/A","#N/A",Medium,"#N/A",New,Subject_fmeor,"#N/A","#N/A","#N/A","#N/A","#N/A"
e58a09ca-a870-4573-9506-e976b43d12f5,"#N/A","#N/A",false,Web,"#N/A","#N/A",Medium,"#N/A",New,Subject_ozjfz,"#N/A","#N/A","#N/A","#N/A","#N/A"
e58de619-f574-4df9-a20c-634c33d5b787,"#N/A","#N/A",false,Web,"#N/A","#N/A",Medium,"#N/A",New,Subject_ieltk,"#N/A","#N/A","#N/A","#N/A","#N/A"
e58fcb9c-f5e1-498a-bcf4-a21f5edd1d6f,"#N/A","#N/A",false,Web,"#N/A","#N/A",Medium,"#N/A",New,Subject_kvcei,"#N/A","#N/A","#N/A","#N/A","#N/A"
e595ba29-f63d-49f5-b590-68494670cbd7,"#N/A","#N/A",false,Web,"#N/A","#N/A",Medium,"#N/A",New,Subject_iancq,"#N/A","#N/A","#N/A","#N/A","#N/A"
e59d2253-2541-4b63-a896-6f37d1f7be0f,"#N/A","#N/A",false,Web,"#N/A","#N/A",Medium,"#N/A",New,Subject_joxdf,"#N/A","#N/A","#N/A","#N/A","#N/A"
e59d981c-b96b-4e3f-b11c-68ea1ad11d4f,"#N/A","#N/A",false,Web,"#N/A","#N/A",Medium,"#N/A",New,Subject_cezjj,"#N/A","#N/A","#N/A","#N/A","#N/A"
e5a56cd5-fdf5-423c-b213-cc4174d4306c,"#N/A","#N/A",false,Web,"#N/A","#N/A",Medium,"#N/A",New,Subject_dlhtl,"#N/A","#N/A","#N/A","#N/A","#N/A"
e5a9c9f9-46a8-4bfb-a75a-e4bc398d25e1,"#N/A","#N/A",false,Web,"#N/A","#N/A",Medium,"#N/A",New,Subject_qxxiy,"#N/A","#N/A","#N/A","#N/A","#N/A"
e5b5933d-e9d0-46c1-b30c-e1dc23211ee3,"#N/A","#N/A",false,Web,"#N/A","#N/A",Medium,"#N/A",New,Subject_lvolc,"#N/A","#N/A","#N/A","#N/A","#N/A"
e5badedc-5472-4abb-b648-b6670533f233,"#N/A","#N/A",false,Web,"#N/A","#N/A",Medium,"#N/A",New,Subject_gdzzv,"#N/A","#N/A","#N/A","#N/A","#N/A"
e5bd9e75-9091-4791-88ec-e01200b18358,"#N/A","#N/A",false,Web,"#N/A","#N/A",Medium,"#N/A",New,Subject_rywby,"#N/A","#N/A","#N/A","#N/A","#N/A"
e5c1a665-b2c7-4da1-b6c7-6c2c9eb57f58,"#N/A","#N/A",false,Web,"#N/A","#N/A",Medium,"#N/A",New,Subject_nwxln,"#N/A","#N/A","#N/A","#N/A","#N/A"
e5c6d09c-daae-41b8-91a4-175ced1e596c,"#N/A","#N/A",false,Web,"#N/A","#N/A",Medium,"#N/A",New,Subject_gysyi,"#N/A","#N/A","#N/A","#N/A","#N/A"
e5c71018-2af3-44d0-aaca-17c8dcf88a3e,"#N/A","#N/A",false,Web,"#N/A","#N/A",Medium,"#N/A",New,Subject_qwcfo,"#N/A","#N/A","#N/A","#N/A","#N/A"
e5c92c69-e219-46b9-b441-340337ccb856,"#N/A","#N/A",false,Web,"#N/A","#N/A",Medium,"#N/A",New,Subject_oamvy,"#N/A","#N/A","#N/A","#N/A","#N/A"
e5cc548f-9c5e-4fa9-af00-bfb421c4ebfb,"#N/A","#N/A",false,Web,"#N/A","#N/A",Medium,"#N/A",New,Subject_kuqqr,"#N/A","#N/A","#N/A","#N/A","#N/A"
e5cd3af2-d304-41a1-a8e9-5b3172bb4e57,"#N/A","#N/A",false,Web,"#N/A","#N/A",Medium,"#N/A",New,Subject_farkm,"#N/A","#N/A","#N/A","#N/A","#N/A"
e5d1913b-1316-4c86-af72-9d52321acbf6,"#N/A","#N/A",false,Web,"#N/A","#N/A",Medium,"#N/A",New,Subject_tkorf,"#N/A","#N/A","#N/A","#N/A","#N/A"
e5d193ea-7686-4300-8d40-f640e05b6799,"#N/A","#N/A",false,Web,"#N/A","#N/A",Medium,"#N/A",New,Subject_nbfof,"#N/A","#N/A","#N/A","#N/A","#N/A"
e5d2e6d4-c4c7-43c8-a022-23bac34f028e,"#N/A","#N/A",false,Web,"#N/A","#N/A",Medium,"#N/A",New,Subject_etlvt,"#N/A","#N/A","#N/A","#N/A","#N/A"
e5d969b0-3405-4df6-8443-54bbd88f78dc,"#N/A","#N/A",false,Web,"#N/A","#N/A",Medium,"#N/A",New,Subject_ekrcr,"#N/A","#N/A","#N/A","#N/A","#N/A"
e5dfc4e6-de11-438a-9402-c53cc3f11977,"#N/A","#N/A",false,Web,"#N/A","#N/A",Medium,"#N/A",New,Subject_hzpht,"#N/A","#N/A","#N/A","#N/A","#N/A"
e5e76dfe-7ea5-446e-a189-ab27f815a468,"#N/A","#N/A",false,Web,"#N/A","#N/A",Medium,"#N/A",New,Subject_ntgwd,"#N/A","#N/A","#N/A","#N/A","#N/A"
e5e7d046-d16e-47c8-957a-8ee3bc9b0b99,"#N/A","#N/A",false,Web,"#N/A","#N/A",Medium,"#N/A",New,Subject_bwydw,"#N/A","#N/A","#N/A","#N/A","#N/A"
e5f9c512-3a60-4ee6-bd5b-6382abcc3fdb,"#N/A","#N/A",false,Web,"#N/A","#N/A",Medium,"#N/A",New,Subject_hqawn,"#N/A","#N/A","#N/A","#N/A","#N/A"
e5fa65aa-be48-44f2-8793-402f96372282,"#N/A","#N/A",false,Web,"#N/A","#N/A",Medium,"#N/A",New,Subject_pybry,"#N/A","#N/A","#N/A","#N/A","#N/A"
e6006bde-9ecf-4528-89b2-0ae0ed32c20e,"#N/A","#N/A",false,Web,"#N/A","#N/A",Medium,"#N/A",New,Subject_richd,"#N/A","#N/A","#N/A","#N/A","#N/A"
e608a232-e236-4870-9d13-f0f138fdf9ce,"#N/A","#N/A",false,Web,"#N/A","#N/A",Medium,"#N/A",New,Subject_wjfjs,"#N/A","#N/A","#N/A","#N/A","#N/A"
e60c1bf3-52c7-4a48-9f7f-f284f66da3c7,"#N/A","#N/A",false,Web,"#N/A","#N/A",Medium,"#N/A",New,Subject_rxgxn,"#N/A","#N/A","#N/A","#N/A","#N/A"
e60c5f8e-ffd3-423f-883e-6e403c19f7f3,"#N/A","#N/A",false,Web,"#N/A","#N/A",Medium,"#N/A",New,Subject_hypdv,"#N/A","#N/A","#N/A","#N/A","#N/A"
e60cc794-540e-449d-8349-b7a33f6a7f12,"#N/A","#N/A",false,Web,"#N/A","#N/A",Medium,"#N/A",New,Subject_iddzx,"#N/A","#N/A","#N/A","#N/A","#N/A"
e60d3a5c-cb38-4e2b-b315-3b0ad4e466d8,"#N/A","#N/A",false,Web,"#N/A","#N/A",Medium,"#N/A",New,Subject_xpgvs,"#N/A","#N/A","#N/A","#N/A","#N/A"
e61062a9-6376-49bb-9cef-fdcf3f494560,"#N/A","#N/A",false,Web,"#N/A","#N/A",Medium,"#N/A",New,Subject_gplbf,"#N/A","#N/A","#N/A","#N/A","#N/A"
e6133476-7d61-439b-96a9-7068d38d59a6,"#N/A","#N/A",false,Web,"#N/A","#N/A",Medium,"#N/A",New,Subject_uvkrz,"#N/A","#N/A","#N/A","#N/A","#N/A"
e61b0938-a3de-4bf6-b3d7-37fa97c747e4,"#N/A","#N/A",false,Web,"#N/A","#N/A",Medium,"#N/A",New,Subject_wtxjk,"#N/A","#N/A","#N/A","#N/A","#N/A"
e61c61d9-496c-48aa-b596-b99bbfc32819,"#N/A","#N/A",false,Web,"#N/A","#N/A",Medium,"#N/A",New,Subject_rhwqq,"#N/A","#N/A","#N/A","#N/A","#N/A"
e61f9e84-f680-484a-8258-22182655f6a4,"#N/A","#N/A",false,Web,"#N/A","#N/A",Medium,"#N/A",New,Subject_cpzat,"#N/A","#N/A","#N/A","#N/A","#N/A"
e620f30b-130c-4458-94c8-56eb84adb9ce,"#N/A","#N/A",false,Web,"#N/A","#N/A",Medium,"#N/A",New,Subject_ulylt,"#N/A","#N/A","#N/A","#N/A","#N/A"
e623c89f-e6a6-45f3-a07c-75663d5241df,"#N/A","#N/A",false,Web,"#N/A","#N/A",Medium,"#N/A",New,Subject_ruwxz,"#N/A","#N/A","#N/A","#N/A","#N/A"
e624962d-f08b-44c1-9ede-4089136d9480,"#N/A","#N/A",false,Web,"#N/A","#N/A",Medium,"#N/A",New,Subject_gosoh,"#N/A","#N/A","#N/A","#N/A","#N/A"
e6256874-3f5d-4575-9584-8bb627145026,"#N/A","#N/A",false,Web,"#N/A","#N/A",Medium,"#N/A",New,Subject_nvrbm,"#N/A","#N/A","#N/A","#N/A","#N/A"
e626a3e7-4173-4dc5-b862-c3714e5d2df8,"#N/A","#N/A",false,Web,"#N/A","#N/A",Medium,"#N/A",New,Subject_khbbu,"#N/A","#N/A","#N/A","#N/A","#N/A"
e6276f0b-afff-4e46-95c0-57e261f39414,"#N/A","#N/A",false,Web,"#N/A","#N/A",Medium,"#N/A",New,Subject_jpuaw,"#N/A","#N/A","#N/A","#N/A","#N/A"
e6292af7-bcab-4d39-aca4-7733bd2c0bc8,"#N/A","#N/A",false,Web,"#N/A","#N/A",Medium,"#N/A",New,Subject_xcgjl,"#N/A","#N/A","#N/A","#N/A","#N/A"
e62d6ada-4c3f-408c-bcfd-0a74ef070a84,"#N/A","#N/A",false,Web,"#N/A","#N/A",Medium,"#N/A",New,Subject_xrhwj,"#N/A","#N/A","#N/A","#N/A","#N/A"
e62ee3a6-9b92-4db6-a80b-2b46fdb0b5bb,"#N/A","#N/A",false,Web,"#N/A","#N/A",Medium,"#N/A",New,Subject_tjbpz,"#N/A","#N/A","#N/A","#N/A","#N/A"
e6320351-2776-4fbe-b049-325d40d3ee2f,"#N/A","#N/A",false,Web,"#N/A","#N/A",Medium,"#N/A",New,Subject_lyssf,"#N/A","#N/A","#N/A","#N/A","#N/A"
e633a325-b014-4522-8181-26eb5f1299ec,"#N/A","#N/A",false,Web,"#N/A","#N/A",Medium,"#N/A",New,Subject_grmlu,"#N/A","#N/A","#N/A","#N/A","#N/A"
e633b898-aa09-4f91-b50f-f334ef160833,"#N/A","#N/A",false,Web,"#N/A","#N/A",Medium,"#N/A",New,Subject_knoiv,"#N/A","#N/A","#N/A","#N/A","#N/A"
e6350c69-e18f-41b0-9a1a-6e563f062ab7,"#N/A","#N/A",false,Web,"#N/A","#N/A",Medium,"#N/A",New,Subject_ecqke,"#N/A","#N/A","#N/A","#N/A","#N/A"
e639d317-d6ff-41c9-884d-9bb6f36ac1f0,"#N/A","#N/A",false,Web,"#N/A","#N/A",Medium,"#N/A",New,Subject_imuuy,"#N/A","#N/A","#N/A","#N/A","#N/A"
e63a0b6d-6827-41a2-81df-bab3b8c97117,"#N/A","#N/A",false,Web,"#N/A","#N/A",Medium,"#N/A",New,Subject_tkpkj,"#N/A","#N/A","#N/A","#N/A","#N/A"
e63c4d43-0397-4bf0-b20b-ee51491e96fe,"#N/A","#N/A",false,Web,"#N/A","#N/A",Medium,"#N/A",New,Subject_wribt,"#N/A","#N/A","#N/A","#N/A","#N/A"
e63e864f-cd23-4f13-9ec1-0ad6fb951717,"#N/A","#N/A",false,Web,"#N/A","#N/A",Medium,"#N/A",New,Subject_mnhqd,"#N/A","#N/A","#N/A","#N/A","#N/A"
e63eb29e-a204-4db6-b353-43f5c4ed13e1,"#N/A","#N/A",false,Web,"#N/A","#N/A",Medium,"#N/A",New,Subject_rszcp,"#N/A","#N/A","#N/A","#N/A","#N/A"
e640a733-6748-4b65-b103-fa8549924748,"#N/A","#N/A",false,Web,"#N/A","#N/A",Medium,"#N/A",New,Subject_cbyux,"#N/A","#N/A","#N/A","#N/A","#N/A"
e641fad7-5b4f-4e48-8884-30005c67d7ea,"#N/A","#N/A",false,Web,"#N/A","#N/A",Medium,"#N/A",New,Subject_gymsn,"#N/A","#N/A","#N/A","#N/A","#N/A"
e646e952-50d7-485a-bc0c-10a2c4c5c67a,"#N/A","#N/A",false,Web,"#N/A","#N/A",Medium,"#N/A",New,Subject_oyvva,"#N/A","#N/A","#N/A","#N/A","#N/A"
e64701e8-0a10-4762-aa5f-e7c315fcc567,"#N/A","#N/A",false,Web,"#N/A","#N/A",Medium,"#N/A",New,Subject_vucso,"#N/A","#N/A","#N/A","#N/A","#N/A"
e6485d6c-7f13-4b9d-94ed-a0f60610cd63,"#N/A","#N/A",false,Web,"#N/A","#N/A",Medium,"#N/A",New,Subject_hvwqt,"#N/A","#N/A","#N/A","#N/A","#N/A"
e64dff79-aeeb-4c64-86b1-415e0ed63067,"#N/A","#N/A",false,Web,"#N/A","#N/A",Medium,"#N/A",New,Subject_hqxnp,"#N/A","#N/A","#N/A","#N/A","#N/A"
e6517858-b968-45ae-b941-19d237f437c4,"#N/A","#N/A",false,Web,"#N/A","#N/A",Medium,"#N/A",New,Subject_qhlux,"#N/A","#N/A","#N/A","#N/A","#N/A"
e65199fe-429d-45c4-a77e-1313cb12caca,"#N/A","#N/A",false,Web,"#N/A","#N/A",Medium,"#N/A",New,Subject_wwhmh,"#N/A","#N/A","#N/A","#N/A","#N/A"
e65278ec-d306-4342-88ec-15ec4ff82ed1,"#N/A","#N/A",false,Web,"#N/A","#N/A",Medium,"#N/A",New,Subject_sxire,"#N/A","#N/A","#N/A","#N/A","#N/A"
e653c27a-872f-417f-9c01-a3a5b03e86b8,"#N/A","#N/A",false,Web,"#N/A","#N/A",Medium,"#N/A",New,Subject_gdzuw,"#N/A","#N/A","#N/A","#N/A","#N/A"
e654e277-d502-4a7e-ad3d-ebb55730cbbf,"#N/A","#N/A",false,Web,"#N/A","#N/A",Medium,"#N/A",New,Subject_tqnnv,"#N/A","#N/A","#N/A","#N/A","#N/A"
e655105b-4aca-4332-ac75-97c43a1c1dac,"#N/A","#N/A",false,Web,"#N/A","#N/A",Medium,"#N/A",New,Subject_tqmrv,"#N/A","#N/A","#N/A","#N/A","#N/A"
e658b408-b5b1-4b65-99ad-4d4941096c76,"#N/A","#N/A",false,Web,"#N/A","#N/A",Medium,"#N/A",New,Subject_opvua,"#N/A","#N/A","#N/A","#N/A","#N/A"
e658f2f4-7d66-4828-b9d7-6b0946b54dca,"#N/A","#N/A",false,Web,"#N/A","#N/A",Medium,"#N/A",New,Subject_okwui,"#N/A","#N/A","#N/A","#N/A","#N/A"
e65aa5f9-f5bb-4ac9-ade9-6a7da7ae7b8f,"#N/A","#N/A",false,Web,"#N/A","#N/A",Medium,"#N/A",New,Subject_nhkxj,"#N/A","#N/A","#N/A","#N/A","#N/A"
e65b3f61-b6a6-4216-8ee0-931d9eac8f16,"#N/A","#N/A",false,Web,"#N/A","#N/A",Medium,"#N/A",New,Subject_mbahm,"#N/A","#N/A","#N/A","#N/A","#N/A"
e65ce563-ca21-4edb-a26d-9986ba664578,"#N/A","#N/A",false,Web,"#N/A","#N/A",Medium,"#N/A",New,Subject_wbuim,"#N/A","#N/A","#N/A","#N/A","#N/A"
e6648b4c-324e-467c-b837-d9c5664101b9,"#N/A","#N/A",false,Web,"#N/A","#N/A",Medium,"#N/A",New,Subject_pwtdc,"#N/A","#N/A","#N/A","#N/A","#N/A"
e665c47b-0023-461d-8877-765364d18c02,"#N/A","#N/A",false,Web,"#N/A","#N/A",Medium,"#N/A",New,Subject_gxumu,"#N/A","#N/A","#N/A","#N/A","#N/A"
e66640b5-c5b9-4bf0-ac4a-7bb5e2e28dbc,"#N/A","#N/A",false,Web,"#N/A","#N/A",Medium,"#N/A",New,Subject_alwze,"#N/A","#N/A","#N/A","#N/A","#N/A"
e66c6355-7585-4344-9b4d-ded9de8de238,"#N/A","#N/A",false,Web,"#N/A","#N/A",Medium,"#N/A",New,Subject_tfnpy,"#N/A","#N/A","#N/A","#N/A","#N/A"
e66dd0a2-011a-4e24-8709-28f7480420d2,"#N/A","#N/A",false,Web,"#N/A","#N/A",Medium,"#N/A",New,Subject_nmkxt,"#N/A","#N/A","#N/A","#N/A","#N/A"
e66f7438-0733-475b-83e4-51eed35f14e8,"#N/A","#N/A",false,Web,"#N/A","#N/A",Medium,"#N/A",New,Subject_fpjju,"#N/A","#N/A","#N/A","#N/A","#N/A"
e6712d33-ee97-4270-924b-982d81291fca,"#N/A","#N/A",false,Web,"#N/A","#N/A",Medium,"#N/A",New,Subject_hkzta,"#N/A","#N/A","#N/A","#N/A","#N/A"
e6754381-8883-4a84-9c51-83859899c248,"#N/A","#N/A",false,Web,"#N/A","#N/A",Medium,"#N/A",New,Subject_yjwae,"#N/A","#N/A","#N/A","#N/A","#N/A"
e675983d-678f-47d2-b53b-154c8f3c90cc,"#N/A","#N/A",false,Web,"#N/A","#N/A",Medium,"#N/A",New,Subject_faxfa,"#N/A","#N/A","#N/A","#N/A","#N/A"
e67a78c7-db83-47b8-9182-f09eb1bc6b96,"#N/A","#N/A",false,Web,"#N/A","#N/A",Medium,"#N/A",New,Subject_vgipb,"#N/A","#N/A","#N/A","#N/A","#N/A"
e67fe9c6-afa0-4c58-bc64-10b7b25a0ad5,"#N/A","#N/A",false,Web,"#N/A","#N/A",Medium,"#N/A",New,Subject_yccfq,"#N/A","#N/A","#N/A","#N/A","#N/A"
e6880b95-1c1f-4ec2-b02f-8a6323b06529,"#N/A","#N/A",false,Web,"#N/A","#N/A",Medium,"#N/A",New,Subject_aaypz,"#N/A","#N/A","#N/A","#N/A","#N/A"
e68a0527-4fcb-4477-9561-5fcbeef8766c,"#N/A","#N/A",false,Web,"#N/A","#N/A",Medium,"#N/A",New,Subject_samyf,"#N/A","#N/A","#N/A","#N/A","#N/A"
e68a9f3a-1938-4a03-81ff-66a9acf30cde,"#N/A","#N/A",false,Web,"#N/A","#N/A",Medium,"#N/A",New,Subject_lvizk,"#N/A","#N/A","#N/A","#N/A","#N/A"
e68d1394-c812-4600-9834-d90d6e3b9a11,"#N/A","#N/A",false,Web,"#N/A","#N/A",Medium,"#N/A",New,Subject_jfbvm,"#N/A","#N/A","#N/A","#N/A","#N/A"
e68f0198-b411-4ffb-b947-43ad2eb141e0,"#N/A","#N/A",false,Web,"#N/A","#N/A",Medium,"#N/A",New,Subject_ywgot,"#N/A","#N/A","#N/A","#N/A","#N/A"
e6942c4f-d2cb-4097-9ec0-6549a1dd884c,"#N/A","#N/A",false,Web,"#N/A","#N/A",Medium,"#N/A",New,Subject_osxjr,"#N/A","#N/A","#N/A","#N/A","#N/A"
e6945f1a-0dbd-4b20-a75f-6c1a6fdbfd0e,"#N/A","#N/A",false,Web,"#N/A","#N/A",Medium,"#N/A",New,Subject_ljeep,"#N/A","#N/A","#N/A","#N/A","#N/A"
e69ea37a-8ed7-49dd-a1d7-b6b918330401,"#N/A","#N/A",false,Web,"#N/A","#N/A",Medium,"#N/A",New,Subject_kthsj,"#N/A","#N/A","#N/A","#N/A","#N/A"
e6a61d82-1916-44a7-95a2-1699dc537ee6,"#N/A","#N/A",false,Web,"#N/A","#N/A",Medium,"#N/A",New,Subject_isegf,"#N/A","#N/A","#N/A","#N/A","#N/A"
e6a8ab1c-7c80-41d7-936e-88a9318f8e9a,"#N/A","#N/A",false,Web,"#N/A","#N/A",Medium,"#N/A",New,Subject_ypriq,"#N/A","#N/A","#N/A","#N/A","#N/A"
e6a8b883-18a9-4330-bde9-fd57910e8f8b,"#N/A","#N/A",false,Web,"#N/A","#N/A",Medium,"#N/A",New,Subject_ieejl,"#N/A","#N/A","#N/A","#N/A","#N/A"
e6ac5fc8-b962-4483-8add-fc498c86d224,"#N/A","#N/A",false,Web,"#N/A","#N/A",Medium,"#N/A",New,Subject_keasc,"#N/A","#N/A","#N/A","#N/A","#N/A"
e6ad0279-c99b-4e7d-b9d4-a2c810f64aea,"#N/A","#N/A",false,Web,"#N/A","#N/A",Medium,"#N/A",New,Subject_jirhm,"#N/A","#N/A","#N/A","#N/A","#N/A"
e6b430f3-f851-49e9-94d4-ef40c4d3649b,"#N/A","#N/A",false,Web,"#N/A","#N/A",Medium,"#N/A",New,Subject_pdnsa,"#N/A","#N/A","#N/A","#N/A","#N/A"
e6b7c259-2e62-4eb7-a920-6e81f793c454,"#N/A","#N/A",false,Web,"#N/A","#N/A",Medium,"#N/A",New,Subject_znbef,"#N/A","#N/A","#N/A","#N/A","#N/A"
e6b8017c-913f-4b4f-955a-1efcd29575c6,"#N/A","#N/A",false,Web,"#N/A","#N/A",Medium,"#N/A",New,Subject_omlht,"#N/A","#N/A","#N/A","#N/A","#N/A"
e6b84374-e981-42e8-994d-375ea61c8057,"#N/A","#N/A",false,Web,"#N/A","#N/A",Medium,"#N/A",New,Subject_iyhyl,"#N/A","#N/A","#N/A","#N/A","#N/A"
e6b89474-2e9f-4282-bcc7-e6060a90947b,"#N/A","#N/A",false,Web,"#N/A","#N/A",Medium,"#N/A",New,Subject_eslnc,"#N/A","#N/A","#N/A","#N/A","#N/A"
e6be1d2f-d50b-4bab-a97a-2b72ab93a409,"#N/A","#N/A",false,Web,"#N/A","#N/A",Medium,"#N/A",New,Subject_dteab,"#N/A","#N/A","#N/A","#N/A","#N/A"
e6c4fb05-fea8-40d3-8487-2dae40760b71,"#N/A","#N/A",false,Web,"#N/A","#N/A",Medium,"#N/A",New,Subject_jyfjd,"#N/A","#N/A","#N/A","#N/A","#N/A"
e6c61fa9-6fed-4646-a1a7-a56a91ba1d71,"#N/A","#N/A",false,Web,"#N/A","#N/A",Medium,"#N/A",New,Subject_uojvi,"#N/A","#N/A","#N/A","#N/A","#N/A"
e6cdfb29-4bb8-442e-aed2-de87e49a7515,"#N/A","#N/A",false,Web,"#N/A","#N/A",Medium,"#N/A",New,Subject_jsgrl,"#N/A","#N/A","#N/A","#N/A","#N/A"
e6cf761b-0cf4-4dd3-b7c9-9a243e951602,"#N/A","#N/A",false,Web,"#N/A","#N/A",Medium,"#N/A",New,Subject_eiduf,"#N/A","#N/A","#N/A","#N/A","#N/A"
e6d012d1-c032-4cf2-a6bf-59035857f647,"#N/A","#N/A",false,Web,"#N/A","#N/A",Medium,"#N/A",New,Subject_yrczm,"#N/A","#N/A","#N/A","#N/A","#N/A"
e6d05006-4e19-4f22-9df7-354ae2756fab,"#N/A","#N/A",false,Web,"#N/A","#N/A",Medium,"#N/A",New,Subject_eazoq,"#N/A","#N/A","#N/A","#N/A","#N/A"
e6d2cbda-fbdc-48a1-959e-e67dd311368d,"#N/A","#N/A",false,Web,"#N/A","#N/A",Medium,"#N/A",New,Subject_zxrpu,"#N/A","#N/A","#N/A","#N/A","#N/A"
e6d2fd65-75ed-4c9d-bb39-c42a2fadc4e7,"#N/A","#N/A",false,Web,"#N/A","#N/A",Medium,"#N/A",New,Subject_omlpa,"#N/A","#N/A","#N/A","#N/A","#N/A"
e6d4bb24-0b91-4924-97e2-bfbe844de34a,"#N/A","#N/A",false,Web,"#N/A","#N/A",Medium,"#N/A",New,Subject_kdsus,"#N/A","#N/A","#N/A","#N/A","#N/A"
e6d892c1-0ced-4835-b910-1d68117c3f21,"#N/A","#N/A",false,Web,"#N/A","#N/A",Medium,"#N/A",New,Subject_hofaq,"#N/A","#N/A","#N/A","#N/A","#N/A"
e6dbd017-1e8f-4163-ba2d-d13f821e739c,"#N/A","#N/A",false,Web,"#N/A","#N/A",Medium,"#N/A",New,Subject_nceei,"#N/A","#N/A","#N/A","#N/A","#N/A"
e6e255d8-a174-4c39-a4e2-3475770a2b74,"#N/A","#N/A",false,Web,"#N/A","#N/A",Medium,"#N/A",New,Subject_ijbwr,"#N/A","#N/A","#N/A","#N/A","#N/A"
e6e28ce3-53fb-47e9-9444-b011c16f3eae,"#N/A","#N/A",false,Web,"#N/A","#N/A",Medium,"#N/A",New,Subject_voyxn,"#N/A","#N/A","#N/A","#N/A","#N/A"
e6e56b6f-fd18-42eb-bf76-6a28325180c5,"#N/A","#N/A",false,Web,"#N/A","#N/A",Medium,"#N/A",New,Subject_xjiek,"#N/A","#N/A","#N/A","#N/A","#N/A"
e6e97b39-dfe4-4823-ba4c-a1252c7c4c1e,"#N/A","#N/A",false,Web,"#N/A","#N/A",Medium,"#N/A",New,Subject_rhsnv,"#N/A","#N/A","#N/A","#N/A","#N/A"
e6ea634a-7623-4d91-bd96-cff75a4356b8,"#N/A","#N/A",false,Web,"#N/A","#N/A",Medium,"#N/A",New,Subject_wmfrb,"#N/A","#N/A","#N/A","#N/A","#N/A"
e6ec7f35-cadf-421c-abe9-6bb051f41952,"#N/A","#N/A",false,Web,"#N/A","#N/A",Medium,"#N/A",New,Subject_tmafj,"#N/A","#N/A","#N/A","#N/A","#N/A"
e6f169a8-002c-4b42-806a-a51ea3e1a834,"#N/A","#N/A",false,Web,"#N/A","#N/A",Medium,"#N/A",New,Subject_jborq,"#N/A","#N/A","#N/A","#N/A","#N/A"
e6f99754-f871-48ba-bb5f-b18803c333f7,"#N/A","#N/A",false,Web,"#N/A","#N/A",Medium,"#N/A",New,Subject_addlp,"#N/A","#N/A","#N/A","#N/A","#N/A"
e6fb8a05-fa9e-43a1-b842-8d48afdf83d5,"#N/A","#N/A",false,Web,"#N/A","#N/A",Medium,"#N/A",New,Subject_gccvx,"#N/A","#N/A","#N/A","#N/A","#N/A"
e6fc76fa-c623-4e04-be52-dd943427c418,"#N/A","#N/A",false,Web,"#N/A","#N/A",Medium,"#N/A",New,Subject_xtlla,"#N/A","#N/A","#N/A","#N/A","#N/A"
e6fd8843-f602-4ac8-b6df-0b824d24fcdc,"#N/A","#N/A",false,Web,"#N/A","#N/A",Medium,"#N/A",New,Subject_cudqf,"#N/A","#N/A","#N/A","#N/A","#N/A"
e6fdc30e-cbf2-47e8-8418-8235d9f027af,"#N/A","#N/A",false,Web,"#N/A","#N/A",Medium,"#N/A",New,Subject_frnmj,"#N/A","#N/A","#N/A","#N/A","#N/A"
e6fe5d2f-fe8b-48ac-a7a6-23967ffc349a,"#N/A","#N/A",false,Web,"#N/A","#N/A",Medium,"#N/A",New,Subject_khesz,"#N/A","#N/A","#N/A","#N/A","#N/A"
e70515c5-cda7-4e46-8855-95c48276239e,"#N/A","#N/A",false,Web,"#N/A","#N/A",Medium,"#N/A",New,Subject_yjori,"#N/A","#N/A","#N/A","#N/A","#N/A"
e705df9b-186a-453d-9f11-53b3a13661dd,"#N/A","#N/A",false,Web,"#N/A","#N/A",Medium,"#N/A",New,Subject_dvypi,"#N/A","#N/A","#N/A","#N/A","#N/A"
e70748e5-4bb8-461a-8837-8429ec4f1f21,"#N/A","#N/A",false,Web,"#N/A","#N/A",Medium,"#N/A",New,Subject_vakbm,"#N/A","#N/A","#N/A","#N/A","#N/A"
e707ebde-08e9-496c-9e1f-4aa68dafd9ee,"#N/A","#N/A",false,Web,"#N/A","#N/A",Medium,"#N/A",New,Subject_cqoam,"#N/A","#N/A","#N/A","#N/A","#N/A"
e70f4cb6-7b09-4f3d-8fc4-7db0ad4d58a4,"#N/A","#N/A",false,Web,"#N/A","#N/A",Medium,"#N/A",New,Subject_aqkbq,"#N/A","#N/A","#N/A","#N/A","#N/A"
e70fe4e2-3e47-4d07-896c-8873eba996aa,"#N/A","#N/A",false,Web,"#N/A","#N/A",Medium,"#N/A",New,Subject_fkmqv,"#N/A","#N/A","#N/A","#N/A","#N/A"
e70ff92f-037d-4c54-b19d-9d261177dad1,"#N/A","#N/A",false,Web,"#N/A","#N/A",Medium,"#N/A",New,Subject_lsbtr,"#N/A","#N/A","#N/A","#N/A","#N/A"
e7189f9f-cd1b-4de3-be27-d1d4e732d7dd,"#N/A","#N/A",false,Web,"#N/A","#N/A",Medium,"#N/A",New,Subject_hnxhb,"#N/A","#N/A","#N/A","#N/A","#N/A"
e718f185-c341-499a-b525-64639926261e,"#N/A","#N/A",false,Web,"#N/A","#N/A",Medium,"#N/A",New,Subject_chydu,"#N/A","#N/A","#N/A","#N/A","#N/A"
e71a1f3b-5937-4c9c-8bb8-abe34a9dc838,"#N/A","#N/A",false,Web,"#N/A","#N/A",Medium,"#N/A",New,Subject_dbtbo,"#N/A","#N/A","#N/A","#N/A","#N/A"
e71b44c8-0981-4396-ba0b-aec797668922,"#N/A","#N/A",false,Web,"#N/A","#N/A",Medium,"#N/A",New,Subject_eefna,"#N/A","#N/A","#N/A","#N/A","#N/A"
e71f91f0-44ea-4c59-bddc-5bcb62ddfcb1,"#N/A","#N/A",false,Web,"#N/A","#N/A",Medium,"#N/A",New,Subject_fufen,"#N/A","#N/A","#N/A","#N/A","#N/A"
e724a097-c42d-4621-a4d1-963c3f5379f0,"#N/A","#N/A",false,Web,"#N/A","#N/A",Medium,"#N/A",New,Subject_wmrzo,"#N/A","#N/A","#N/A","#N/A","#N/A"
e72b4b93-45d6-4fe0-8333-12b6f0d510a7,"#N/A","#N/A",false,Web,"#N/A","#N/A",Medium,"#N/A",New,Subject_heknx,"#N/A","#N/A","#N/A","#N/A","#N/A"
e72b6322-f281-446d-9227-eb2f971958dd,"#N/A","#N/A",false,Web,"#N/A","#N/A",Medium,"#N/A",New,Subject_klzwh,"#N/A","#N/A","#N/A","#N/A","#N/A"
e72df277-b7d0-42cd-b002-33a4ef19f72e,"#N/A","#N/A",false,Web,"#N/A","#N/A",Medium,"#N/A",New,Subject_phtle,"#N/A","#N/A","#N/A","#N/A","#N/A"
e72ea0cf-2c51-47d4-8a07-f59c720a596e,"#N/A","#N/A",false,Web,"#N/A","#N/A",Medium,"#N/A",New,Subject_creuv,"#N/A","#N/A","#N/A","#N/A","#N/A"
e73006b3-f3d7-4295-a8c4-2ffe172ec0de,"#N/A","#N/A",false,Web,"#N/A","#N/A",Medium,"#N/A",New,Subject_ptywa,"#N/A","#N/A","#N/A","#N/A","#N/A"
e7321766-48eb-4815-9abf-3b30d9f94c79,"#N/A","#N/A",false,Web,"#N/A","#N/A",Medium,"#N/A",New,Subject_eelll,"#N/A","#N/A","#N/A","#N/A","#N/A"
e7376137-e5ce-4c20-9784-541f3365a5d8,"#N/A","#N/A",false,Web,"#N/A","#N/A",Medium,"#N/A",New,Subject_hvjlf,"#N/A","#N/A","#N/A","#N/A","#N/A"
e737af48-5c16-467a-97ed-2edaf2fb47f6,"#N/A","#N/A",false,Web,"#N/A","#N/A",Medium,"#N/A",New,Subject_egfpr,"#N/A","#N/A","#N/A","#N/A","#N/A"
e7385ac7-e240-4f63-8b88-689e0d02c790,"#N/A","#N/A",false,Web,"#N/A","#N/A",Medium,"#N/A",New,Subject_pgbep,"#N/A","#N/A","#N/A","#N/A","#N/A"
e73fbec8-7e1d-4a9f-874b-ab496b17138a,"#N/A","#N/A",false,Web,"#N/A","#N/A",Medium,"#N/A",New,Subject_puxah,"#N/A","#N/A","#N/A","#N/A","#N/A"
e746c17c-baab-4279-bf98-a9b7c9dc99a0,"#N/A","#N/A",false,Web,"#N/A","#N/A",Medium,"#N/A",New,Subject_dliqa,"#N/A","#N/A","#N/A","#N/A","#N/A"
e7490dc5-3bcb-4204-953a-1de24bf1c1f3,"#N/A","#N/A",false,Web,"#N/A","#N/A",Medium,"#N/A",New,Subject_qisgy,"#N/A","#N/A","#N/A","#N/A","#N/A"
e749fb17-970a-4b48-b55e-12dd2f8d04cb,"#N/A","#N/A",false,Web,"#N/A","#N/A",Medium,"#N/A",New,Subject_pvekz,"#N/A","#N/A","#N/A","#N/A","#N/A"
e74a7977-9510-42cd-a8bb-64a800a87921,"#N/A","#N/A",false,Web,"#N/A","#N/A",Medium,"#N/A",New,Subject_poihq,"#N/A","#N/A","#N/A","#N/A","#N/A"
e74c2fcb-145f-4529-b665-f3244c963b3f,"#N/A","#N/A",false,Web,"#N/A","#N/A",Medium,"#N/A",New,Subject_hckcv,"#N/A","#N/A","#N/A","#N/A","#N/A"
e74c3aea-3d21-40f4-93e0-0a69731ef4c8,"#N/A","#N/A",false,Web,"#N/A","#N/A",Medium,"#N/A",New,Subject_xmllo,"#N/A","#N/A","#N/A","#N/A","#N/A"
e74e1dfb-88bd-4374-aa4d-8f16241dd75c,"#N/A","#N/A",false,Web,"#N/A","#N/A",Medium,"#N/A",New,Subject_emjds,"#N/A","#N/A","#N/A","#N/A","#N/A"
e74eaf5c-5ea1-4550-a409-67c2fdcf1525,"#N/A","#N/A",false,Web,"#N/A","#N/A",Medium,"#N/A",New,Subject_mvknp,"#N/A","#N/A","#N/A","#N/A","#N/A"
e750cff8-af00-4408-8d01-a5b27bb5d956,"#N/A","#N/A",false,Web,"#N/A","#N/A",Medium,"#N/A",New,Subject_yremx,"#N/A","#N/A","#N/A","#N/A","#N/A"
e756e644-abc6-4eaf-bccc-bc80f5c0e13d,"#N/A","#N/A",false,Web,"#N/A","#N/A",Medium,"#N/A",New,Subject_xssxu,"#N/A","#N/A","#N/A","#N/A","#N/A"
e7579bce-b77e-4984-9e56-bbf24d058b42,"#N/A","#N/A",false,Web,"#N/A","#N/A",Medium,"#N/A",New,Subject_vvfxs,"#N/A","#N/A","#N/A","#N/A","#N/A"
e75adb9f-5ebc-4645-a1f0-052e2a9477f1,"#N/A","#N/A",false,Web,"#N/A","#N/A",Medium,"#N/A",New,Subject_vcwae,"#N/A","#N/A","#N/A","#N/A","#N/A"
e75c2ba9-c8fe-41df-a87b-5b9f0f1414b2,"#N/A","#N/A",false,Web,"#N/A","#N/A",Medium,"#N/A",New,Subject_zoick,"#N/A","#N/A","#N/A","#N/A","#N/A"
e75c3403-e977-4847-9da0-07c6a54b208c,"#N/A","#N/A",false,Web,"#N/A","#N/A",Medium,"#N/A",New,Subject_qpfav,"#N/A","#N/A","#N/A","#N/A","#N/A"
e75ce4c4-1692-45ab-a6fa-ed644e0b5b0f,"#N/A","#N/A",false,Web,"#N/A","#N/A",Medium,"#N/A",New,Subject_tberd,"#N/A","#N/A","#N/A","#N/A","#N/A"
e75d4c54-785b-4a66-8496-b953c5eac0c2,"#N/A","#N/A",false,Web,"#N/A","#N/A",Medium,"#N/A",New,Subject_cnaap,"#N/A","#N/A","#N/A","#N/A","#N/A"
e75ee912-9ed0-4c0e-982d-ded613a3b656,"#N/A","#N/A",false,Web,"#N/A","#N/A",Medium,"#N/A",New,Subject_qpiuq,"#N/A","#N/A","#N/A","#N/A","#N/A"
e765f9f3-d2f8-4a3d-80d9-80ea8e9db13a,"#N/A","#N/A",false,Web,"#N/A","#N/A",Medium,"#N/A",New,Subject_freze,"#N/A","#N/A","#N/A","#N/A","#N/A"
e7660a18-3c90-4998-8a3f-9321d7f847ab,"#N/A","#N/A",false,Web,"#N/A","#N/A",Medium,"#N/A",New,Subject_gmjym,"#N/A","#N/A","#N/A","#N/A","#N/A"
e7677d4f-b8df-451f-bb54-2039eebe9696,"#N/A","#N/A",false,Web,"#N/A","#N/A",Medium,"#N/A",New,Subject_cexpq,"#N/A","#N/A","#N/A","#N/A","#N/A"
e7693039-34ac-4e1f-a0b0-1004ca2424d6,"#N/A","#N/A",false,Web,"#N/A","#N/A",Medium,"#N/A",New,Subject_iaqur,"#N/A","#N/A","#N/A","#N/A","#N/A"
e76c9489-038c-4c65-93a2-09c046c044a3,"#N/A","#N/A",false,Web,"#N/A","#N/A",Medium,"#N/A",New,Subject_nunoi,"#N/A","#N/A","#N/A","#N/A","#N/A"
e76d5fa7-b8e4-4415-9bd1-35bca2e3f7fd,"#N/A","#N/A",false,Web,"#N/A","#N/A",Medium,"#N/A",New,Subject_ypakz,"#N/A","#N/A","#N/A","#N/A","#N/A"
e76dd358-d1ed-4bca-95fd-137b701ff5d9,"#N/A","#N/A",false,Web,"#N/A","#N/A",Medium,"#N/A",New,Subject_wfgec,"#N/A","#N/A","#N/A","#N/A","#N/A"
e76e5966-8b04-4d6a-b351-60d02dbccbd2,"#N/A","#N/A",false,Web,"#N/A","#N/A",Medium,"#N/A",New,Subject_wiufb,"#N/A","#N/A","#N/A","#N/A","#N/A"
e7701392-6c6e-43cc-9acd-3485bb08e223,"#N/A","#N/A",false,Web,"#N/A","#N/A",Medium,"#N/A",New,Subject_mvshj,"#N/A","#N/A","#N/A","#N/A","#N/A"
e7716d27-cd99-4c3f-9b15-ef89a42f936f,"#N/A","#N/A",false,Web,"#N/A","#N/A",Medium,"#N/A",New,Subject_rzxeq,"#N/A","#N/A","#N/A","#N/A","#N/A"
e772f246-a52b-4b19-a4ce-78c2cb354275,"#N/A","#N/A",false,Web,"#N/A","#N/A",Medium,"#N/A",New,Subject_pxcgn,"#N/A","#N/A","#N/A","#N/A","#N/A"
e7783d72-bf9a-470c-8133-30529ee9b982,"#N/A","#N/A",false,Web,"#N/A","#N/A",Medium,"#N/A",New,Subject_hisbm,"#N/A","#N/A","#N/A","#N/A","#N/A"
e77cb4db-5840-4fde-a741-00e37de271c6,"#N/A","#N/A",false,Web,"#N/A","#N/A",Medium,"#N/A",New,Subject_bgnpp,"#N/A","#N/A","#N/A","#N/A","#N/A"
e789d0c8-bec0-44de-99a9-d1c8011520fb,"#N/A","#N/A",false,Web,"#N/A","#N/A",Medium,"#N/A",New,Subject_knflw,"#N/A","#N/A","#N/A","#N/A","#N/A"
e78bcae1-33c2-437c-aba1-3b20381206c6,"#N/A","#N/A",false,Web,"#N/A","#N/A",Medium,"#N/A",New,Subject_kqfvy,"#N/A","#N/A","#N/A","#N/A","#N/A"
e78cb54f-d987-4b65-add3-fa331a92ea3c,"#N/A","#N/A",false,Web,"#N/A","#N/A",Medium,"#N/A",New,Subject_jybvm,"#N/A","#N/A","#N/A","#N/A","#N/A"
e78eb060-9517-429a-9d45-0ea480450927,"#N/A","#N/A",false,Web,"#N/A","#N/A",Medium,"#N/A",New,Subject_ftcom,"#N/A","#N/A","#N/A","#N/A","#N/A"
e78f3efd-15e9-4aa5-b7cd-64dc4f982e69,"#N/A","#N/A",false,Web,"#N/A","#N/A",Medium,"#N/A",New,Subject_ykfvy,"#N/A","#N/A","#N/A","#N/A","#N/A"
e7916a44-047a-47e4-9a6e-b20c94a0320f,"#N/A","#N/A",false,Web,"#N/A","#N/A",Medium,"#N/A",New,Subject_hiwce,"#N/A","#N/A","#N/A","#N/A","#N/A"
e79250d4-676d-450c-9444-794d16379f26,"#N/A","#N/A",false,Web,"#N/A","#N/A",Medium,"#N/A",New,Subject_ribnq,"#N/A","#N/A","#N/A","#N/A","#N/A"
e792c90e-87ae-4bb7-9423-36f56e8742f5,"#N/A","#N/A",false,Web,"#N/A","#N/A",Medium,"#N/A",New,Subject_ezobj,"#N/A","#N/A","#N/A","#N/A","#N/A"
e7992db0-417f-4474-947e-13552b52839f,"#N/A","#N/A",false,Web,"#N/A","#N/A",Medium,"#N/A",New,Subject_ewlgs,"#N/A","#N/A","#N/A","#N/A","#N/A"
e79c6b00-600b-4a5c-a1a5-539780d03178,"#N/A","#N/A",false,Web,"#N/A","#N/A",Medium,"#N/A",New,Subject_qhfsr,"#N/A","#N/A","#N/A","#N/A","#N/A"
e79c7aad-e265-4e2f-b51a-01c64c755dcc,"#N/A","#N/A",false,Web,"#N/A","#N/A",Medium,"#N/A",New,Subject_rwgiz,"#N/A","#N/A","#N/A","#N/A","#N/A"
e79d11b7-bf6b-4d74-8f76-359f7d55d26e,"#N/A","#N/A",false,Web,"#N/A","#N/A",Medium,"#N/A",New,Subject_scwxm,"#N/A","#N/A","#N/A","#N/A","#N/A"
e79f03d2-f0b8-4e26-98e4-2d83302af22c,"#N/A","#N/A",false,Web,"#N/A","#N/A",Medium,"#N/A",New,Subject_vwxfe,"#N/A","#N/A","#N/A","#N/A","#N/A"
e79f6a98-19ff-4932-8610-98e5fb75bb6c,"#N/A","#N/A",false,Web,"#N/A","#N/A",Medium,"#N/A",New,Subject_aldvl,"#N/A","#N/A","#N/A","#N/A","#N/A"
e7a22a12-972b-446c-bf21-72a95e44b9c6,"#N/A","#N/A",false,Web,"#N/A","#N/A",Medium,"#N/A",New,Subject_xrccb,"#N/A","#N/A","#N/A","#N/A","#N/A"
e7a22da8-7794-4641-8084-3242cf5d2cc5,"#N/A","#N/A",false,Web,"#N/A","#N/A",Medium,"#N/A",New,Subject_nrnck,"#N/A","#N/A","#N/A","#N/A","#N/A"
e7a5350f-c87b-40eb-b9cb-10a289918996,"#N/A","#N/A",false,Web,"#N/A","#N/A",Medium,"#N/A",New,Subject_scuqa,"#N/A","#N/A","#N/A","#N/A","#N/A"
e7a823a5-68fc-40e7-bb6c-f3d531a7d9ba,"#N/A","#N/A",false,Web,"#N/A","#N/A",Medium,"#N/A",New,Subject_cscdk,"#N/A","#N/A","#N/A","#N/A","#N/A"
e7aa7257-2f76-4779-9007-dedb0a494b0b,"#N/A","#N/A",false,Web,"#N/A","#N/A",Medium,"#N/A",New,Subject_iehnj,"#N/A","#N/A","#N/A","#N/A","#N/A"
e7ac5690-0b18-4e7a-9ebf-eb556fcf5e02,"#N/A","#N/A",false,Web,"#N/A","#N/A",Medium,"#N/A",New,Subject_xfbdw,"#N/A","#N/A","#N/A","#N/A","#N/A"
e7acbb9f-fb96-44c0-8bec-627ce3547eb9,"#N/A","#N/A",false,Web,"#N/A","#N/A",Medium,"#N/A",New,Subject_ckqai,"#N/A","#N/A","#N/A","#N/A","#N/A"
e7ae6793-a2c7-4e54-82cb-e7be8823a280,"#N/A","#N/A",false,Web,"#N/A","#N/A",Medium,"#N/A",New,Subject_eofao,"#N/A","#N/A","#N/A","#N/A","#N/A"
e7af31a9-de86-4ca5-95d8-05ab4201d549,"#N/A","#N/A",false,Web,"#N/A","#N/A",Medium,"#N/A",New,Subject_kbsiu,"#N/A","#N/A","#N/A","#N/A","#N/A"
e7b188d7-d593-481f-9d4f-1b21b61146a7,"#N/A","#N/A",false,Web,"#N/A","#N/A",Medium,"#N/A",New,Subject_immsc,"#N/A","#N/A","#N/A","#N/A","#N/A"
e7b2a155-b474-4cbe-be3e-285c6857d279,"#N/A","#N/A",false,Web,"#N/A","#N/A",Medium,"#N/A",New,Subject_cqoxf,"#N/A","#N/A","#N/A","#N/A","#N/A"
e7b8fb37-8e0e-4888-a2af-2fe9fce82344,"#N/A","#N/A",false,Web,"#N/A","#N/A",Medium,"#N/A",New,Subject_zxsap,"#N/A","#N/A","#N/A","#N/A","#N/A"
e7b9de70-83f7-4e22-aefd-11bc587d5a97,"#N/A","#N/A",false,Web,"#N/A","#N/A",Medium,"#N/A",New,Subject_vybvc,"#N/A","#N/A","#N/A","#N/A","#N/A"
e7ba7968-f5bd-4467-ac59-1f64376d8c1e,"#N/A","#N/A",false,Web,"#N/A","#N/A",Medium,"#N/A",New,Subject_wkxfy,"#N/A","#N/A","#N/A","#N/A","#N/A"
e7bb2c9a-8d84-47a5-9a86-39e8e1871455,"#N/A","#N/A",false,Web,"#N/A","#N/A",Medium,"#N/A",New,Subject_ajgfl,"#N/A","#N/A","#N/A","#N/A","#N/A"
e7c12ae1-d83b-473c-b992-68e66e4cc39d,"#N/A","#N/A",false,Web,"#N/A","#N/A",Medium,"#N/A",New,Subject_brgeg,"#N/A","#N/A","#N/A","#N/A","#N/A"
e7c23277-f025-4944-86e5-5a47779f07e6,"#N/A","#N/A",false,Web,"#N/A","#N/A",Medium,"#N/A",New,Subject_wewve,"#N/A","#N/A","#N/A","#N/A","#N/A"
e7c70014-96b4-4f0b-b996-0fd94117a84d,"#N/A","#N/A",false,Web,"#N/A","#N/A",Medium,"#N/A",New,Subject_oxspc,"#N/A","#N/A","#N/A","#N/A","#N/A"
e7cef99d-04d5-41d3-8e3e-7bd625102794,"#N/A","#N/A",false,Web,"#N/A","#N/A",Medium,"#N/A",New,Subject_qukcn,"#N/A","#N/A","#N/A","#N/A","#N/A"
e7cfd50d-a50c-4fd3-b0b2-d68d70c7078e,"#N/A","#N/A",false,Web,"#N/A","#N/A",Medium,"#N/A",New,Subject_ceqyf,"#N/A","#N/A","#N/A","#N/A","#N/A"
e7d0c3c9-8ba9-47b3-9d28-6ccd833d7d8b,"#N/A","#N/A",false,Web,"#N/A","#N/A",Medium,"#N/A",New,Subject_hxvee,"#N/A","#N/A","#N/A","#N/A","#N/A"
e7d38c94-5902-440a-9dc0-72d0c2c822be,"#N/A","#N/A",false,Web,"#N/A","#N/A",Medium,"#N/A",New,Subject_arxgs,"#N/A","#N/A","#N/A","#N/A","#N/A"
e7d42a69-33d4-4fab-80c8-09e5a244fac0,"#N/A","#N/A",false,Web,"#N/A","#N/A",Medium,"#N/A",New,Subject_gmohm,"#N/A","#N/A","#N/A","#N/A","#N/A"
e7d45b57-feaa-455c-93cd-9bca00d6b340,"#N/A","#N/A",false,Web,"#N/A","#N/A",Medium,"#N/A",New,Subject_nlott,"#N/A","#N/A","#N/A","#N/A","#N/A"
e7d4c67b-33bf-43e0-885f-772d1e737a11,"#N/A","#N/A",false,Web,"#N/A","#N/A",Medium,"#N/A",New,Subject_qdkeu,"#N/A","#N/A","#N/A","#N/A","#N/A"
e7db41f5-2590-478d-adc5-23769d24c316,"#N/A","#N/A",false,Web,"#N/A","#N/A",Medium,"#N/A",New,Subject_cpkvl,"#N/A","#N/A","#N/A","#N/A","#N/A"
e7dde76d-6a6f-4e35-be12-424bc70103c8,"#N/A","#N/A",false,Web,"#N/A","#N/A",Medium,"#N/A",New,Subject_owecs,"#N/A","#N/A","#N/A","#N/A","#N/A"
e7de505a-08f9-45e2-b8c1-c74d98d17aca,"#N/A","#N/A",false,Web,"#N/A","#N/A",Medium,"#N/A",New,Subject_bnuxb,"#N/A","#N/A","#N/A","#N/A","#N/A"
e7e1c32f-cf54-44e6-8222-dfb7c76c97ba,"#N/A","#N/A",false,Web,"#N/A","#N/A",Medium,"#N/A",New,Subject_cvikx,"#N/A","#N/A","#N/A","#N/A","#N/A"
e7ec48a5-2106-4302-bda3-9ef747f73584,"#N/A","#N/A",false,Web,"#N/A","#N/A",Medium,"#N/A",New,Subject_hvdre,"#N/A","#N/A","#N/A","#N/A","#N/A"
e7ec9276-1644-45b8-afcf-06eb4b979427,"#N/A","#N/A",false,Web,"#N/A","#N/A",Medium,"#N/A",New,Subject_xsoxb,"#N/A","#N/A","#N/A","#N/A","#N/A"
e7edc629-fb3d-4785-b898-4d30fbefbf5d,"#N/A","#N/A",false,Web,"#N/A","#N/A",Medium,"#N/A",New,Subject_hbodz,"#N/A","#N/A","#N/A","#N/A","#N/A"
e7f3d187-3959-4872-b877-c66fa4e39a8a,"#N/A","#N/A",false,Web,"#N/A","#N/A",Medium,"#N/A",New,Subject_mvzkc,"#N/A","#N/A","#N/A","#N/A","#N/A"
e7f53105-30fb-4fb6-8d8a-e84e2f699539,"#N/A","#N/A",false,Web,"#N/A","#N/A",Medium,"#N/A",New,Subject_ybadi,"#N/A","#N/A","#N/A","#N/A","#N/A"
e7f5c291-6785-4f39-9b97-9b1fea16ab06,"#N/A","#N/A",false,Web,"#N/A","#N/A",Medium,"#N/A",New,Subject_uscud,"#N/A","#N/A","#N/A","#N/A","#N/A"
e7fd5af9-414f-4f71-81a4-9782d3325156,"#N/A","#N/A",false,Web,"#N/A","#N/A",Medium,"#N/A",New,Subject_sbkng,"#N/A","#N/A","#N/A","#N/A","#N/A"
e7fd9b90-f06f-4aaa-9bd8-1b74e12a86c4,"#N/A","#N/A",false,Web,"#N/A","#N/A",Medium,"#N/A",New,Subject_nqify,"#N/A","#N/A","#N/A","#N/A","#N/A"
e800197d-cbd0-48e5-8967-c26c0dc97984,"#N/A","#N/A",false,Web,"#N/A","#N/A",Medium,"#N/A",New,Subject_vdgvj,"#N/A","#N/A","#N/A","#N/A","#N/A"
e800245d-44cc-4cfa-98e7-64428697529c,"#N/A","#N/A",false,Web,"#N/A","#N/A",Medium,"#N/A",New,Subject_idpxp,"#N/A","#N/A","#N/A","#N/A","#N/A"
e8037019-f52d-4fe8-a7c0-bd92e40aa69b,"#N/A","#N/A",false,Web,"#N/A","#N/A",Medium,"#N/A",New,Subject_cwwer,"#N/A","#N/A","#N/A","#N/A","#N/A"
e80826cd-f43f-40c7-b04a-ed4242aca355,"#N/A","#N/A",false,Web,"#N/A","#N/A",Medium,"#N/A",New,Subject_taoqk,"#N/A","#N/A","#N/A","#N/A","#N/A"
e809ada5-9ac3-496d-a3fe-0ac34548d313,"#N/A","#N/A",false,Web,"#N/A","#N/A",Medium,"#N/A",New,Subject_vnxhp,"#N/A","#N/A","#N/A","#N/A","#N/A"
e80e45cd-3d0e-4fd6-9fb8-6de1d4987539,"#N/A","#N/A",false,Web,"#N/A","#N/A",Medium,"#N/A",New,Subject_svdxw,"#N/A","#N/A","#N/A","#N/A","#N/A"
e80fefa1-9971-4fc8-a9e0-01bcbe0bd20d,"#N/A","#N/A",false,Web,"#N/A","#N/A",Medium,"#N/A",New,Subject_zqqio,"#N/A","#N/A","#N/A","#N/A","#N/A"
e81161be-5940-4da8-b63a-8c3730e75759,"#N/A","#N/A",false,Web,"#N/A","#N/A",Medium,"#N/A",New,Subject_taeci,"#N/A","#N/A","#N/A","#N/A","#N/A"
e812523a-59f7-4a71-ae17-e1cf3afdff70,"#N/A","#N/A",false,Web,"#N/A","#N/A",Medium,"#N/A",New,Subject_ljngk,"#N/A","#N/A","#N/A","#N/A","#N/A"
e815c1f6-07d7-4cba-8e33-078d16895e7a,"#N/A","#N/A",false,Web,"#N/A","#N/A",Medium,"#N/A",New,Subject_mpxnt,"#N/A","#N/A","#N/A","#N/A","#N/A"
e81611db-f931-4003-9986-68581d92ed34,"#N/A","#N/A",false,Web,"#N/A","#N/A",Medium,"#N/A",New,Subject_zzgzf,"#N/A","#N/A","#N/A","#N/A","#N/A"
e81d7fa1-7e61-4650-90e1-40c24c664421,"#N/A","#N/A",false,Web,"#N/A","#N/A",Medium,"#N/A",New,Subject_gynqx,"#N/A","#N/A","#N/A","#N/A","#N/A"
e824f531-c0d8-4928-93bd-1555a05c4947,"#N/A","#N/A",false,Web,"#N/A","#N/A",Medium,"#N/A",New,Subject_oelkt,"#N/A","#N/A","#N/A","#N/A","#N/A"
e828a719-e568-4c71-ad0a-3db98965ff32,"#N/A","#N/A",false,Web,"#N/A","#N/A",Medium,"#N/A",New,Subject_mlscd,"#N/A","#N/A","#N/A","#N/A","#N/A"
e82e84ab-325f-45ec-aa97-69804beba880,"#N/A","#N/A",false,Web,"#N/A","#N/A",Medium,"#N/A",New,Subject_huwzc,"#N/A","#N/A","#N/A","#N/A","#N/A"
e83143fe-112e-4e72-8bca-fd40dfed52d5,"#N/A","#N/A",false,Web,"#N/A","#N/A",Medium,"#N/A",New,Subject_uilev,"#N/A","#N/A","#N/A","#N/A","#N/A"
e83bb8ae-eabf-4d57-8cdb-abc4068b9d45,"#N/A","#N/A",false,Web,"#N/A","#N/A",Medium,"#N/A",New,Subject_zxfce,"#N/A","#N/A","#N/A","#N/A","#N/A"
e83eb122-1554-49a9-9def-219f84049af7,"#N/A","#N/A",false,Web,"#N/A","#N/A",Medium,"#N/A",New,Subject_jchtx,"#N/A","#N/A","#N/A","#N/A","#N/A"
e8505f54-a2ae-455d-8d70-2e306b77e83b,"#N/A","#N/A",false,Web,"#N/A","#N/A",Medium,"#N/A",New,Subject_ciqva,"#N/A","#N/A","#N/A","#N/A","#N/A"
e850a928-f0f7-4bda-a2ca-3a997fd9bad6,"#N/A","#N/A",false,Web,"#N/A","#N/A",Medium,"#N/A",New,Subject_eagto,"#N/A","#N/A","#N/A","#N/A","#N/A"
e852c074-41f3-4af3-a7d2-19e282b3ec9f,"#N/A","#N/A",false,Web,"#N/A","#N/A",Medium,"#N/A",New,Subject_xahrd,"#N/A","#N/A","#N/A","#N/A","#N/A"
e853b599-d478-46db-8de7-3628ebea9fce,"#N/A","#N/A",false,Web,"#N/A","#N/A",Medium,"#N/A",New,Subject_xzleu,"#N/A","#N/A","#N/A","#N/A","#N/A"
e8554fd8-ff89-4112-a06f-3c92d3801540,"#N/A","#N/A",false,Web,"#N/A","#N/A",Medium,"#N/A",New,Subject_dkrxf,"#N/A","#N/A","#N/A","#N/A","#N/A"
e855ab67-b2e1-42f2-a873-2bcd5c627dc0,"#N/A","#N/A",false,Web,"#N/A","#N/A",Medium,"#N/A",New,Subject_pnvie,"#N/A","#N/A","#N/A","#N/A","#N/A"
e8569cc6-261a-48f7-8a19-f597ed1cf4d3,"#N/A","#N/A",false,Web,"#N/A","#N/A",Medium,"#N/A",New,Subject_tuwub,"#N/A","#N/A","#N/A","#N/A","#N/A"
e8575ae8-ec10-4252-b83c-1f45aa2e04b6,"#N/A","#N/A",false,Web,"#N/A","#N/A",Medium,"#N/A",New,Subject_btgww,"#N/A","#N/A","#N/A","#N/A","#N/A"
e85ae2be-13ab-4b0a-8f67-8369aae59d3a,"#N/A","#N/A",false,Web,"#N/A","#N/A",Medium,"#N/A",New,Subject_jbwhq,"#N/A","#N/A","#N/A","#N/A","#N/A"
e85e57bf-3b9e-4d3f-9bc6-c3672eb64369,"#N/A","#N/A",false,Web,"#N/A","#N/A",Medium,"#N/A",New,Subject_wqrbi,"#N/A","#N/A","#N/A","#N/A","#N/A"
e85ff16a-1478-4d14-aeb0-65769b32a7ce,"#N/A","#N/A",false,Web,"#N/A","#N/A",Medium,"#N/A",New,Subject_gexxd,"#N/A","#N/A","#N/A","#N/A","#N/A"
e864e6b3-285c-46f0-b665-112adde98a0f,"#N/A","#N/A",false,Web,"#N/A","#N/A",Medium,"#N/A",New,Subject_vjjsr,"#N/A","#N/A","#N/A","#N/A","#N/A"
e86c80c7-5e9c-416f-8cc0-50d85fcb8e64,"#N/A","#N/A",false,Web,"#N/A","#N/A",Medium,"#N/A",New,Subject_rttij,"#N/A","#N/A","#N/A","#N/A","#N/A"
e8719243-14fa-4aa2-ae14-80d98ac41982,"#N/A","#N/A",false,Web,"#N/A","#N/A",Medium,"#N/A",New,Subject_hgcdz,"#N/A","#N/A","#N/A","#N/A","#N/A"
e8723e20-493c-4512-85ab-c46fe6062130,"#N/A","#N/A",false,Web,"#N/A","#N/A",Medium,"#N/A",New,Subject_gokdt,"#N/A","#N/A","#N/A","#N/A","#N/A"
e875bbdf-c286-4dde-825e-e922c5a49ebe,"#N/A","#N/A",false,Web,"#N/A","#N/A",Medium,"#N/A",New,Subject_qvxue,"#N/A","#N/A","#N/A","#N/A","#N/A"
e8776a86-92f2-4183-92e5-19fd0a441374,"#N/A","#N/A",false,Web,"#N/A","#N/A",Medium,"#N/A",New,Subject_wgovd,"#N/A","#N/A","#N/A","#N/A","#N/A"
e8782e2e-6296-45d4-b5d9-098cb633bf43,"#N/A","#N/A",false,Web,"#N/A","#N/A",Medium,"#N/A",New,Subject_yjlfr,"#N/A","#N/A","#N/A","#N/A","#N/A"
e87904f1-d188-4b01-9468-0393bcb3c781,"#N/A","#N/A",false,Web,"#N/A","#N/A",Medium,"#N/A",New,Subject_izvrj,"#N/A","#N/A","#N/A","#N/A","#N/A"
e87dfdfc-dc31-4406-89ce-3115dad54a88,"#N/A","#N/A",false,Web,"#N/A","#N/A",Medium,"#N/A",New,Subject_lmihb,"#N/A","#N/A","#N/A","#N/A","#N/A"
e8838c4b-d7ee-4bad-be40-590008770312,"#N/A","#N/A",false,Web,"#N/A","#N/A",Medium,"#N/A",New,Subject_abgix,"#N/A","#N/A","#N/A","#N/A","#N/A"
e8842cba-3dec-412b-af8e-ecb23b917541,"#N/A","#N/A",false,Web,"#N/A","#N/A",Medium,"#N/A",New,Subject_uspau,"#N/A","#N/A","#N/A","#N/A","#N/A"
e88533e4-640c-4d65-bec9-9107a498f083,"#N/A","#N/A",false,Web,"#N/A","#N/A",Medium,"#N/A",New,Subject_kdabr,"#N/A","#N/A","#N/A","#N/A","#N/A"
e8853c33-5803-4d5c-82ee-7641ffb3c60a,"#N/A","#N/A",false,Web,"#N/A","#N/A",Medium,"#N/A",New,Subject_ssfvn,"#N/A","#N/A","#N/A","#N/A","#N/A"
e88a316e-d5d8-4e82-9a02-1cbdc2fa111b,"#N/A","#N/A",false,Web,"#N/A","#N/A",Medium,"#N/A",New,Subject_bjhxz,"#N/A","#N/A","#N/A","#N/A","#N/A"
e88b9f58-f534-4cf0-b450-c86cf342ee83,"#N/A","#N/A",false,Web,"#N/A","#N/A",Medium,"#N/A",New,Subject_paccm,"#N/A","#N/A","#N/A","#N/A","#N/A"
e88d82ac-14d4-418b-bd94-a39279e1071d,"#N/A","#N/A",false,Web,"#N/A","#N/A",Medium,"#N/A",New,Subject_zwjqt,"#N/A","#N/A","#N/A","#N/A","#N/A"
e8900532-af73-4748-97aa-2855c7999199,"#N/A","#N/A",false,Web,"#N/A","#N/A",Medium,"#N/A",New,Subject_ucehm,"#N/A","#N/A","#N/A","#N/A","#N/A"
e8922a39-a648-4339-b10c-ace98c53e96a,"#N/A","#N/A",false,Web,"#N/A","#N/A",Medium,"#N/A",New,Subject_isegf,"#N/A","#N/A","#N/A","#N/A","#N/A"
e89394fe-20e1-4f07-abba-7d62441f53a2,"#N/A","#N/A",false,Web,"#N/A","#N/A",Medium,"#N/A",New,Subject_fuwnm,"#N/A","#N/A","#N/A","#N/A","#N/A"
e89a2f7a-4095-4590-baf5-ff8d9971fbaf,"#N/A","#N/A",false,Web,"#N/A","#N/A",Medium,"#N/A",New,Subject_wqcnp,"#N/A","#N/A","#N/A","#N/A","#N/A"
e89b5733-6f55-48c2-87c0-fde34223025a,"#N/A","#N/A",false,Web,"#N/A","#N/A",Medium,"#N/A",New,Subject_ehkpn,"#N/A","#N/A","#N/A","#N/A","#N/A"
e8a2ba19-a05c-414e-ba1e-08f35d07c442,"#N/A","#N/A",false,Web,"#N/A","#N/A",Medium,"#N/A",New,Subject_qbhgx,"#N/A","#N/A","#N/A","#N/A","#N/A"
e8aa21de-6b53-4544-8bb2-152a81959a11,"#N/A","#N/A",false,Web,"#N/A","#N/A",Medium,"#N/A",New,Subject_cugwp,"#N/A","#N/A","#N/A","#N/A","#N/A"
e8afc23f-2d45-427c-9295-030f9178b335,"#N/A","#N/A",false,Web,"#N/A","#N/A",Medium,"#N/A",New,Subject_xildu,"#N/A","#N/A","#N/A","#N/A","#N/A"
e8b0d92d-28d4-48ff-9611-3a8f83a304c0,"#N/A","#N/A",false,Web,"#N/A","#N/A",Medium,"#N/A",New,Subject_pxatd,"#N/A","#N/A","#N/A","#N/A","#N/A"
e8b1466f-83dd-4785-a824-67b5bb42af19,"#N/A","#N/A",false,Web,"#N/A","#N/A",Medium,"#N/A",New,Subject_dxmlk,"#N/A","#N/A","#N/A","#N/A","#N/A"
e8b2547d-03bc-4b83-af25-4320100216eb,"#N/A","#N/A",false,Web,"#N/A","#N/A",Medium,"#N/A",New,Subject_dxbya,"#N/A","#N/A","#N/A","#N/A","#N/A"
e8b4762a-85a3-4cce-9af8-c3ecf993a3b7,"#N/A","#N/A",false,Web,"#N/A","#N/A",Medium,"#N/A",New,Subject_xaaoi,"#N/A","#N/A","#N/A","#N/A","#N/A"
e8ba5bcd-ce01-400c-83a5-d40b099cf498,"#N/A","#N/A",false,Web,"#N/A","#N/A",Medium,"#N/A",New,Subject_rzmin,"#N/A","#N/A","#N/A","#N/A","#N/A"
e8ba5c66-7785-4412-9b89-61c29c5d8d43,"#N/A","#N/A",false,Web,"#N/A","#N/A",Medium,"#N/A",New,Subject_vgvka,"#N/A","#N/A","#N/A","#N/A","#N/A"
e8bbfebc-604e-4575-a10f-9fe588f71317,"#N/A","#N/A",false,Web,"#N/A","#N/A",Medium,"#N/A",New,Subject_uzuti,"#N/A","#N/A","#N/A","#N/A","#N/A"
e8c2653b-ba12-40d0-a374-1fa344519bf8,"#N/A","#N/A",false,Web,"#N/A","#N/A",Medium,"#N/A",New,Subject_ptjlm,"#N/A","#N/A","#N/A","#N/A","#N/A"
e8c6e580-5362-49bf-9b09-77d48081335a,"#N/A","#N/A",false,Web,"#N/A","#N/A",Medium,"#N/A",New,Subject_nkxvp,"#N/A","#N/A","#N/A","#N/A","#N/A"
e8c812ec-5f90-451d-be1f-9efa3d4c81d3,"#N/A","#N/A",false,Web,"#N/A","#N/A",Medium,"#N/A",New,Subject_cwlvl,"#N/A","#N/A","#N/A","#N/A","#N/A"
e8caa8f6-6520-4d74-884c-31c52d879fbc,"#N/A","#N/A",false,Web,"#N/A","#N/A",Medium,"#N/A",New,Subject_dkmgd,"#N/A","#N/A","#N/A","#N/A","#N/A"
e8cd4068-980d-4dae-8098-eb2d7bcc0eff,"#N/A","#N/A",false,Web,"#N/A","#N/A",Medium,"#N/A",New,Subject_cfiia,"#N/A","#N/A","#N/A","#N/A","#N/A"
e8ce57f7-ceea-4d7c-8bf7-db836b0c4af2,"#N/A","#N/A",false,Web,"#N/A","#N/A",Medium,"#N/A",New,Subject_vokmg,"#N/A","#N/A","#N/A","#N/A","#N/A"
e8d82b33-2067-45d7-99fd-e56f676ec706,"#N/A","#N/A",false,Web,"#N/A","#N/A",Medium,"#N/A",New,Subject_btdpv,"#N/A","#N/A","#N/A","#N/A","#N/A"
e8da7b57-d642-48c7-ae85-816444197ba5,"#N/A","#N/A",false,Web,"#N/A","#N/A",Medium,"#N/A",New,Subject_ljktp,"#N/A","#N/A","#N/A","#N/A","#N/A"
e8db73f0-a81f-4ff3-b80f-33a01bd997ef,"#N/A","#N/A",false,Web,"#N/A","#N/A",Medium,"#N/A",New,Subject_pcajr,"#N/A","#N/A","#N/A","#N/A","#N/A"
e8dbf394-f701-48d0-8b25-7042e6bde498,"#N/A","#N/A",false,Web,"#N/A","#N/A",Medium,"#N/A",New,Subject_qnxhi,"#N/A","#N/A","#N/A","#N/A","#N/A"
e8dd18ff-ba8c-4c96-ae38-d66e184e70ff,"#N/A","#N/A",false,Web,"#N/A","#N/A",Medium,"#N/A",New,Subject_tpjvc,"#N/A","#N/A","#N/A","#N/A","#N/A"
e8eb55c3-6753-466d-a111-3fb5c452ab62,"#N/A","#N/A",false,Web,"#N/A","#N/A",Medium,"#N/A",New,Subject_qwbhx,"#N/A","#N/A","#N/A","#N/A","#N/A"
e8f7437b-9dab-4f69-97d7-1185776c1971,"#N/A","#N/A",false,Web,"#N/A","#N/A",Medium,"#N/A",New,Subject_tvrsf,"#N/A","#N/A","#N/A","#N/A","#N/A"
e8f89d44-f834-4e5a-9dbd-071eb807c90b,"#N/A","#N/A",false,Web,"#N/A","#N/A",Medium,"#N/A",New,Subject_alcqm,"#N/A","#N/A","#N/A","#N/A","#N/A"
e8faee46-67d7-4154-839b-1f722fb86baf,"#N/A","#N/A",false,Web,"#N/A","#N/A",Medium,"#N/A",New,Subject_gshji,"#N/A","#N/A","#N/A","#N/A","#N/A"
e8ff1534-d7c4-43d6-b5a7-c90095a885f6,"#N/A","#N/A",false,Web,"#N/A","#N/A",Medium,"#N/A",New,Subject_ppfjd,"#N/A","#N/A","#N/A","#N/A","#N/A"
e903a3d9-0eb0-4124-a084-cc01671d788c,"#N/A","#N/A",false,Web,"#N/A","#N/A",Medium,"#N/A",New,Subject_fdtpj,"#N/A","#N/A","#N/A","#N/A","#N/A"
e906ffd6-fa5b-45e2-bfb5-a4c001980ca0,"#N/A","#N/A",false,Web,"#N/A","#N/A",Medium,"#N/A",New,Subject_bhlxx,"#N/A","#N/A","#N/A","#N/A","#N/A"
e9110147-9cdf-4b62-b96d-6d83166b424e,"#N/A","#N/A",false,Web,"#N/A","#N/A",Medium,"#N/A",New,Subject_imsje,"#N/A","#N/A","#N/A","#N/A","#N/A"
e91281c0-c2d3-4fb5-b50a-afa1e368fea0,"#N/A","#N/A",false,Web,"#N/A","#N/A",Medium,"#N/A",New,Subject_xonim,"#N/A","#N/A","#N/A","#N/A","#N/A"
e91a606a-9ecf-4e51-bf85-5f3efe61fecc,"#N/A","#N/A",false,Web,"#N/A","#N/A",Medium,"#N/A",New,Subject_qfmer,"#N/A","#N/A","#N/A","#N/A","#N/A"
e920fa5e-49f2-4265-850f-53f74cc014f4,"#N/A","#N/A",false,Web,"#N/A","#N/A",Medium,"#N/A",New,Subject_wkebi,"#N/A","#N/A","#N/A","#N/A","#N/A"
e927b161-af91-4968-93de-cef0cc34c82b,"#N/A","#N/A",false,Web,"#N/A","#N/A",Medium,"#N/A",New,Subject_rghik,"#N/A","#N/A","#N/A","#N/A","#N/A"
e92a887d-71fd-4723-9ffd-3d952652c114,"#N/A","#N/A",false,Web,"#N/A","#N/A",Medium,"#N/A",New,Subject_liguz,"#N/A","#N/A","#N/A","#N/A","#N/A"
e92d1392-5cfc-47dd-a02c-7651e4e0aa36,"#N/A","#N/A",false,Web,"#N/A","#N/A",Medium,"#N/A",New,Subject_nriyq,"#N/A","#N/A","#N/A","#N/A","#N/A"
e9311003-248f-49e2-864d-f3ee643a64cf,"#N/A","#N/A",false,Web,"#N/A","#N/A",Medium,"#N/A",New,Subject_wijbo,"#N/A","#N/A","#N/A","#N/A","#N/A"
e931aac0-07cb-45f2-a76a-f2d644e79f71,"#N/A","#N/A",false,Web,"#N/A","#N/A",Medium,"#N/A",New,Subject_ughcj,"#N/A","#N/A","#N/A","#N/A","#N/A"
e9382e69-e9f9-40f4-a114-79022ea8681a,"#N/A","#N/A",false,Web,"#N/A","#N/A",Medium,"#N/A",New,Subject_lupug,"#N/A","#N/A","#N/A","#N/A","#N/A"
e93bb13d-1fb3-4e42-91b6-f7ef192c9b79,"#N/A","#N/A",false,Web,"#N/A","#N/A",Medium,"#N/A",New,Subject_clwxu,"#N/A","#N/A","#N/A","#N/A","#N/A"
e93d0007-72ff-4799-8b03-18841eb0a676,"#N/A","#N/A",false,Web,"#N/A","#N/A",Medium,"#N/A",New,Subject_adxwx,"#N/A","#N/A","#N/A","#N/A","#N/A"
e940f988-9af7-47ac-930d-2dfcfdd92876,"#N/A","#N/A",false,Web,"#N/A","#N/A",Medium,"#N/A",New,Subject_hxflc,"#N/A","#N/A","#N/A","#N/A","#N/A"
e9464486-0aae-4313-96f6-377da36e1a82,"#N/A","#N/A",false,Web,"#N/A","#N/A",Medium,"#N/A",New,Subject_agwui,"#N/A","#N/A","#N/A","#N/A","#N/A"
e9476b64-0d49-4cf2-b446-3d9ba8b3c3bb,"#N/A","#N/A",false,Web,"#N/A","#N/A",Medium,"#N/A",New,Subject_psved,"#N/A","#N/A","#N/A","#N/A","#N/A"
e94a3998-ea52-43e8-a942-c7a980f9a597,"#N/A","#N/A",false,Web,"#N/A","#N/A",Medium,"#N/A",New,Subject_rycej,"#N/A","#N/A","#N/A","#N/A","#N/A"
e94c6a81-2201-477b-b9a1-11d6785f4dd1,"#N/A","#N/A",false,Web,"#N/A","#N/A",Medium,"#N/A",New,Subject_lrgop,"#N/A","#N/A","#N/A","#N/A","#N/A"
e954c3c4-b665-4c51-a1cc-9ac46394db17,"#N/A","#N/A",false,Web,"#N/A","#N/A",Medium,"#N/A",New,Subject_lcuru,"#N/A","#N/A","#N/A","#N/A","#N/A"
e956aae3-ba61-48ea-a159-6d75930db9a8,"#N/A","#N/A",false,Web,"#N/A","#N/A",Medium,"#N/A",New,Subject_bwozk,"#N/A","#N/A","#N/A","#N/A","#N/A"
e9575922-747b-492a-8049-abebc60737c1,"#N/A","#N/A",false,Web,"#N/A","#N/A",Medium,"#N/A",New,Subject_ptysn,"#N/A","#N/A","#N/A","#N/A","#N/A"
e9588b56-3431-4fee-9a35-839033646beb,"#N/A","#N/A",false,Web,"#N/A","#N/A",Medium,"#N/A",New,Subject_ylhdd,"#N/A","#N/A","#N/A","#N/A","#N/A"
e95a5f2e-2d60-4a7a-96ce-5f45fc68bd8a,"#N/A","#N/A",false,Web,"#N/A","#N/A",Medium,"#N/A",New,Subject_nchoi,"#N/A","#N/A","#N/A","#N/A","#N/A"
e95ba221-0326-4423-a526-571f814428bb,"#N/A","#N/A",false,Web,"#N/A","#N/A",Medium,"#N/A",New,Subject_ksbtz,"#N/A","#N/A","#N/A","#N/A","#N/A"
e95db12b-c821-4754-b6b6-a9e08cddafda,"#N/A","#N/A",false,Web,"#N/A","#N/A",Medium,"#N/A",New,Subject_dxikg,"#N/A","#N/A","#N/A","#N/A","#N/A"
e964294e-c7bf-4626-83d8-4c35e21e5826,"#N/A","#N/A",false,Web,"#N/A","#N/A",Medium,"#N/A",New,Subject_heuil,"#N/A","#N/A","#N/A","#N/A","#N/A"
e9678c2b-9df7-4e0c-aa9e-f797934789b8,"#N/A","#N/A",false,Web,"#N/A","#N/A",Medium,"#N/A",New,Subject_xwwuh,"#N/A","#N/A","#N/A","#N/A","#N/A"
e96b9eeb-d6bc-43f6-99d4-f2e19062bf98,"#N/A","#N/A",false,Web,"#N/A","#N/A",Medium,"#N/A",New,Subject_bdgsd,"#N/A","#N/A","#N/A","#N/A","#N/A"
e96c9ff3-0f2e-49b9-aec2-075d5bca7125,"#N/A","#N/A",false,Web,"#N/A","#N/A",Medium,"#N/A",New,Subject_vuktg,"#N/A","#N/A","#N/A","#N/A","#N/A"
e96e1874-d443-41ff-863f-0dfc4f5c5dc2,"#N/A","#N/A",false,Web,"#N/A","#N/A",Medium,"#N/A",New,Subject_sonwb,"#N/A","#N/A","#N/A","#N/A","#N/A"
e9711aea-d0a8-47e0-938e-2f265a663049,"#N/A","#N/A",false,Web,"#N/A","#N/A",Medium,"#N/A",New,Subject_euufh,"#N/A","#N/A","#N/A","#N/A","#N/A"
e97188c7-14f6-44dd-ad77-01e818d4e02c,"#N/A","#N/A",false,Web,"#N/A","#N/A",Medium,"#N/A",New,Subject_oyhlh,"#N/A","#N/A","#N/A","#N/A","#N/A"
e97389c2-0a73-421f-a8eb-53967cde29de,"#N/A","#N/A",false,Web,"#N/A","#N/A",Medium,"#N/A",New,Subject_tbhrj,"#N/A","#N/A","#N/A","#N/A","#N/A"
e9755597-9110-429b-8276-3b7e049f2f47,"#N/A","#N/A",false,Web,"#N/A","#N/A",Medium,"#N/A",New,Subject_xnccv,"#N/A","#N/A","#N/A","#N/A","#N/A"
e975e85d-a972-4b12-b53b-d67b3850dc0d,"#N/A","#N/A",false,Web,"#N/A","#N/A",Medium,"#N/A",New,Subject_qjwic,"#N/A","#N/A","#N/A","#N/A","#N/A"
e97801d1-5095-4c1e-8f98-bc0179730698,"#N/A","#N/A",false,Web,"#N/A","#N/A",Medium,"#N/A",New,Subject_phxlt,"#N/A","#N/A","#N/A","#N/A","#N/A"
e97cc476-79c4-47d8-a01d-6675890f4ad0,"#N/A","#N/A",false,Web,"#N/A","#N/A",Medium,"#N/A",New,Subject_hnedw,"#N/A","#N/A","#N/A","#N/A","#N/A"
e98043f4-f50a-43e5-a2d5-c3f9fc099081,"#N/A","#N/A",false,Web,"#N/A","#N/A",Medium,"#N/A",New,Subject_gysrg,"#N/A","#N/A","#N/A","#N/A","#N/A"
e983b845-7830-4914-8ac7-51e04f2521bf,"#N/A","#N/A",false,Web,"#N/A","#N/A",Medium,"#N/A",New,Subject_qjdek,"#N/A","#N/A","#N/A","#N/A","#N/A"
e985cb11-e314-49e3-a902-9387eb62339d,"#N/A","#N/A",false,Web,"#N/A","#N/A",Medium,"#N/A",New,Subject_cqlzd,"#N/A","#N/A","#N/A","#N/A","#N/A"
e98ab784-68ef-47a8-9ccb-115c6ec9fc63,"#N/A","#N/A",false,Web,"#N/A","#N/A",Medium,"#N/A",New,Subject_lvpjb,"#N/A","#N/A","#N/A","#N/A","#N/A"
e98ab85b-8032-47a0-9470-c79c96ca1fb8,"#N/A","#N/A",false,Web,"#N/A","#N/A",Medium,"#N/A",New,Subject_mijar,"#N/A","#N/A","#N/A","#N/A","#N/A"
e98c5c3f-0a0e-4003-ae84-6b3b77b7a3cf,"#N/A","#N/A",false,Web,"#N/A","#N/A",Medium,"#N/A",New,Subject_hqqoi,"#N/A","#N/A","#N/A","#N/A","#N/A"
e98ef2a6-aab4-4bcb-ad1b-cc072c767377,"#N/A","#N/A",false,Web,"#N/A","#N/A",Medium,"#N/A",New,Subject_arzef,"#N/A","#N/A","#N/A","#N/A","#N/A"
e98f8f5c-6aeb-4d06-af8d-cad6cfe51082,"#N/A","#N/A",false,Web,"#N/A","#N/A",Medium,"#N/A",New,Subject_howny,"#N/A","#N/A","#N/A","#N/A","#N/A"
e98fc3a5-3997-4a02-800f-80fe5e62330d,"#N/A","#N/A",false,Web,"#N/A","#N/A",Medium,"#N/A",New,Subject_aplpm,"#N/A","#N/A","#N/A","#N/A","#N/A"
e9917f94-71ef-4aab-b7fe-2526d7e457ed,"#N/A","#N/A",false,Web,"#N/A","#N/A",Medium,"#N/A",New,Subject_uayht,"#N/A","#N/A","#N/A","#N/A","#N/A"
e9938b59-0d9f-48b1-9a9c-6e54ba744dab,"#N/A","#N/A",false,Web,"#N/A","#N/A",Medium,"#N/A",New,Subject_drewk,"#N/A","#N/A","#N/A","#N/A","#N/A"
e995953a-75fc-4d4a-bcac-7c3d979c058a,"#N/A","#N/A",false,Web,"#N/A","#N/A",Medium,"#N/A",New,Subject_zyutv,"#N/A","#N/A","#N/A","#N/A","#N/A"
e99b2b56-38a0-426e-bf17-78bee0f6228c,"#N/A","#N/A",false,Web,"#N/A","#N/A",Medium,"#N/A",New,Subject_mgolx,"#N/A","#N/A","#N/A","#N/A","#N/A"
e99b6175-4964-441e-a638-7ffad1b50b3b,"#N/A","#N/A",false,Web,"#N/A","#N/A",Medium,"#N/A",New,Subject_ylkai,"#N/A","#N/A","#N/A","#N/A","#N/A"
e9a1fccc-9c95-449b-92d4-15d928d7accb,"#N/A","#N/A",false,Web,"#N/A","#N/A",Medium,"#N/A",New,Subject_bvwgy,"#N/A","#N/A","#N/A","#N/A","#N/A"
e9a944c4-4efe-4785-861e-6adf09e353f9,"#N/A","#N/A",false,Web,"#N/A","#N/A",Medium,"#N/A",New,Subject_kqnka,"#N/A","#N/A","#N/A","#N/A","#N/A"
e9a9a2f5-dd13-4a60-b4e8-8a7bf4a02cf5,"#N/A","#N/A",false,Web,"#N/A","#N/A",Medium,"#N/A",New,Subject_iljuy,"#N/A","#N/A","#N/A","#N/A","#N/A"
e9ac4be4-7985-4de6-aa5e-ba0bd4d1ec58,"#N/A","#N/A",false,Web,"#N/A","#N/A",Medium,"#N/A",New,Subject_faoii,"#N/A","#N/A","#N/A","#N/A","#N/A"
e9ac82d6-3e53-4c1e-9bf6-d5a9c9fe56a2,"#N/A","#N/A",false,Web,"#N/A","#N/A",Medium,"#N/A",New,Subject_ietnd,"#N/A","#N/A","#N/A","#N/A","#N/A"
e9ad4c5e-732e-4367-9640-57ca867529d5,"#N/A","#N/A",false,Web,"#N/A","#N/A",Medium,"#N/A",New,Subject_atasg,"#N/A","#N/A","#N/A","#N/A","#N/A"
e9aff880-4df0-4c28-a004-52b56ab98670,"#N/A","#N/A",false,Web,"#N/A","#N/A",Medium,"#N/A",New,Subject_kujoc,"#N/A","#N/A","#N/A","#N/A","#N/A"
e9b1e948-d26d-4797-b66f-c2e5ea23ab45,"#N/A","#N/A",false,Web,"#N/A","#N/A",Medium,"#N/A",New,Subject_ysjcf,"#N/A","#N/A","#N/A","#N/A","#N/A"
e9b5a32a-43c6-449a-a060-cc429b6cd7a5,"#N/A","#N/A",false,Web,"#N/A","#N/A",Medium,"#N/A",New,Subject_suvth,"#N/A","#N/A","#N/A","#N/A","#N/A"
e9b89a21-3eaf-40e0-a683-52bbece23cac,"#N/A","#N/A",false,Web,"#N/A","#N/A",Medium,"#N/A",New,Subject_uuesw,"#N/A","#N/A","#N/A","#N/A","#N/A"
e9ba04cd-8739-42d4-b628-a7dfff6c22f3,"#N/A","#N/A",false,Web,"#N/A","#N/A",Medium,"#N/A",New,Subject_ncfhb,"#N/A","#N/A","#N/A","#N/A","#N/A"
e9bd2fda-fea7-4b38-8377-775f393bf8e1,"#N/A","#N/A",false,Web,"#N/A","#N/A",Medium,"#N/A",New,Subject_nuarn,"#N/A","#N/A","#N/A","#N/A","#N/A"
e9c305c5-76c7-4a46-9ca1-8a5eb5ced07b,"#N/A","#N/A",false,Web,"#N/A","#N/A",Medium,"#N/A",New,Subject_jatxi,"#N/A","#N/A","#N/A","#N/A","#N/A"
e9c84e40-6e08-42a3-a387-7febb3328b2f,"#N/A","#N/A",false,Web,"#N/A","#N/A",Medium,"#N/A",New,Subject_vevjs,"#N/A","#N/A","#N/A","#N/A","#N/A"
e9c88ac5-4518-481c-a92a-71b716106111,"#N/A","#N/A",false,Web,"#N/A","#N/A",Medium,"#N/A",New,Subject_rzyfw,"#N/A","#N/A","#N/A","#N/A","#N/A"
e9c92230-94a3-4d3f-89c2-b50e007f62b2,"#N/A","#N/A",false,Web,"#N/A","#N/A",Medium,"#N/A",New,Subject_eoppz,"#N/A","#N/A","#N/A","#N/A","#N/A"
e9c97515-675f-4fc6-8924-5345fa9bc060,"#N/A","#N/A",false,Web,"#N/A","#N/A",Medium,"#N/A",New,Subject_loyyy,"#N/A","#N/A","#N/A","#N/A","#N/A"
e9ca6bce-96db-4c72-bc65-67a00425685a,"#N/A","#N/A",false,Web,"#N/A","#N/A",Medium,"#N/A",New,Subject_nzcvg,"#N/A","#N/A","#N/A","#N/A","#N/A"
e9cd07ab-3539-4a3d-afcd-38701fa7225d,"#N/A","#N/A",false,Web,"#N/A","#N/A",Medium,"#N/A",New,Subject_dltrs,"#N/A","#N/A","#N/A","#N/A","#N/A"
e9d0f2d0-4bce-4afb-8521-522ae1336e2a,"#N/A","#N/A",false,Web,"#N/A","#N/A",Medium,"#N/A",New,Subject_qlxxw,"#N/A","#N/A","#N/A","#N/A","#N/A"
e9d198e5-c72d-4587-baf6-e267eec8500b,"#N/A","#N/A",false,Web,"#N/A","#N/A",Medium,"#N/A",New,Subject_hzcmc,"#N/A","#N/A","#N/A","#N/A","#N/A"
e9da7223-f803-44a9-8251-a143a658bee6,"#N/A","#N/A",false,Web,"#N/A","#N/A",Medium,"#N/A",New,Subject_waixf,"#N/A","#N/A","#N/A","#N/A","#N/A"
e9dc1d03-de37-436a-b749-4598b9983330,"#N/A","#N/A",false,Web,"#N/A","#N/A",Medium,"#N/A",New,Subject_hyvtu,"#N/A","#N/A","#N/A","#N/A","#N/A"
e9e21132-329d-4f4c-af4e-0c866b858f4a,"#N/A","#N/A",false,Web,"#N/A","#N/A",Medium,"#N/A",New,Subject_abkgk,"#N/A","#N/A","#N/A","#N/A","#N/A"
e9e37d4d-19d7-4eeb-a951-79cdde54a48a,"#N/A","#N/A",false,Web,"#N/A","#N/A",Medium,"#N/A",New,Subject_cukhi,"#N/A","#N/A","#N/A","#N/A","#N/A"
e9e3d142-4d10-44af-9e67-90380e0b7ee6,"#N/A","#N/A",false,Web,"#N/A","#N/A",Medium,"#N/A",New,Subject_tchgj,"#N/A","#N/A","#N/A","#N/A","#N/A"
e9e42ae1-9710-4421-a73e-edb656332562,"#N/A","#N/A",false,Web,"#N/A","#N/A",Medium,"#N/A",New,Subject_lncyl,"#N/A","#N/A","#N/A","#N/A","#N/A"
e9e48f4b-1921-4c34-bd47-480c338d8441,"#N/A","#N/A",false,Web,"#N/A","#N/A",Medium,"#N/A",New,Subject_xhmxi,"#N/A","#N/A","#N/A","#N/A","#N/A"
e9e4a167-353e-415e-8eb2-d4d50d4b18ad,"#N/A","#N/A",false,Web,"#N/A","#N/A",Medium,"#N/A",New,Subject_bjytt,"#N/A","#N/A","#N/A","#N/A","#N/A"
e9e4a316-c0ab-407f-89f1-f380956f7d28,"#N/A","#N/A",false,Web,"#N/A","#N/A",Medium,"#N/A",New,Subject_exqky,"#N/A","#N/A","#N/A","#N/A","#N/A"
e9e8dafd-4a49-400e-8029-3db90239f46e,"#N/A","#N/A",false,Web,"#N/A","#N/A",Medium,"#N/A",New,Subject_kzpgm,"#N/A","#N/A","#N/A","#N/A","#N/A"
e9e9bc90-6efc-42ec-9960-2bcf3fc39de5,"#N/A","#N/A",false,Web,"#N/A","#N/A",Medium,"#N/A",New,Subject_sxyas,"#N/A","#N/A","#N/A","#N/A","#N/A"
e9ea9d7f-4992-4ae6-9831-2e9f4da2902a,"#N/A","#N/A",false,Web,"#N/A","#N/A",Medium,"#N/A",New,Subject_dtuby,"#N/A","#N/A","#N/A","#N/A","#N/A"
e9ebf188-86c0-4a76-a67b-bf209d1167fb,"#N/A","#N/A",false,Web,"#N/A","#N/A",Medium,"#N/A",New,Subject_auugz,"#N/A","#N/A","#N/A","#N/A","#N/A"
e9f28bf8-c3d4-4637-a3d8-f4c99f4874c9,"#N/A","#N/A",false,Web,"#N/A","#N/A",Medium,"#N/A",New,Subject_pppsj,"#N/A","#N/A","#N/A","#N/A","#N/A"
e9f4e3cd-2c53-4692-86b2-d9665ca28021,"#N/A","#N/A",false,Web,"#N/A","#N/A",Medium,"#N/A",New,Subject_emlbb,"#N/A","#N/A","#N/A","#N/A","#N/A"
e9f55fa4-f463-47ab-8db4-570b3710c8b8,"#N/A","#N/A",false,Web,"#N/A","#N/A",Medium,"#N/A",New,Subject_leuvh,"#N/A","#N/A","#N/A","#N/A","#N/A"
e9f932f2-cfc5-49b6-8ffb-6146d930ec0a,"#N/A","#N/A",false,Web,"#N/A","#N/A",Medium,"#N/A",New,Subject_gjobe,"#N/A","#N/A","#N/A","#N/A","#N/A"
e9fb4795-3c2b-4ad8-b0e2-fe7619594854,"#N/A","#N/A",false,Web,"#N/A","#N/A",Medium,"#N/A",New,Subject_yklcl,"#N/A","#N/A","#N/A","#N/A","#N/A"
e9fef0b2-4471-4b86-87c8-007302fd2015,"#N/A","#N/A",false,Web,"#N/A","#N/A",Medium,"#N/A",New,Subject_ktsms,"#N/A","#N/A","#N/A","#N/A","#N/A"
ea0643e3-6a59-4781-8e37-e1f89a424776,"#N/A","#N/A",false,Web,"#N/A","#N/A",Medium,"#N/A",New,Subject_htnjy,"#N/A","#N/A","#N/A","#N/A","#N/A"
ea077dc2-befa-4784-8147-7efae8c6c15c,"#N/A","#N/A",false,Web,"#N/A","#N/A",Medium,"#N/A",New,Subject_aewzx,"#N/A","#N/A","#N/A","#N/A","#N/A"
ea09ebcb-ca7f-4f15-90ac-d8d2e260bccb,"#N/A","#N/A",false,Web,"#N/A","#N/A",Medium,"#N/A",New,Subject_vkmuk,"#N/A","#N/A","#N/A","#N/A","#N/A"
ea0b3bf1-eb41-48a8-a711-323a14d7cb95,"#N/A","#N/A",false,Web,"#N/A","#N/A",Medium,"#N/A",New,Subject_npemt,"#N/A","#N/A","#N/A","#N/A","#N/A"
ea10445c-cf03-4a66-9e09-c2757d4203ec,"#N/A","#N/A",false,Web,"#N/A","#N/A",Medium,"#N/A",New,Subject_dqjqn,"#N/A","#N/A","#N/A","#N/A","#N/A"
ea15cc4b-19fa-4984-be7e-e065c19ad65d,"#N/A","#N/A",false,Web,"#N/A","#N/A",Medium,"#N/A",New,Subject_aajzw,"#N/A","#N/A","#N/A","#N/A","#N/A"
ea1a715e-05e2-442a-b8fa-a58b5e9d3a15,"#N/A","#N/A",false,Web,"#N/A","#N/A",Medium,"#N/A",New,Subject_nrwde,"#N/A","#N/A","#N/A","#N/A","#N/A"
ea1bef51-e266-4327-b4a0-09f6fb82fb88,"#N/A","#N/A",false,Web,"#N/A","#N/A",Medium,"#N/A",New,Subject_qimcj,"#N/A","#N/A","#N/A","#N/A","#N/A"
ea1ce147-281a-4650-9d32-76df21eb0972,"#N/A","#N/A",false,Web,"#N/A","#N/A",Medium,"#N/A",New,Subject_xrnni,"#N/A","#N/A","#N/A","#N/A","#N/A"
ea1f744a-1027-49b5-a9d6-45d88d952c56,"#N/A","#N/A",false,Web,"#N/A","#N/A",Medium,"#N/A",New,Subject_zixkm,"#N/A","#N/A","#N/A","#N/A","#N/A"
ea219014-e900-46dd-9d49-db67bd2479fe,"#N/A","#N/A",false,Web,"#N/A","#N/A",Medium,"#N/A",New,Subject_mjqkv,"#N/A","#N/A","#N/A","#N/A","#N/A"
ea2222e6-62d7-4a8d-a827-797bcadcfd4e,"#N/A","#N/A",false,Web,"#N/A","#N/A",Medium,"#N/A",New,Subject_yfjnt,"#N/A","#N/A","#N/A","#N/A","#N/A"
ea2363b2-81ce-435f-9458-6a31b350e244,"#N/A","#N/A",false,Web,"#N/A","#N/A",Medium,"#N/A",New,Subject_gsrde,"#N/A","#N/A","#N/A","#N/A","#N/A"
ea24df4e-9d79-4f76-88b7-e0e73d99ce14,"#N/A","#N/A",false,Web,"#N/A","#N/A",Medium,"#N/A",New,Subject_caowx,"#N/A","#N/A","#N/A","#N/A","#N/A"
ea263a55-52d3-480b-960a-7d39c3da80be,"#N/A","#N/A",false,Web,"#N/A","#N/A",Medium,"#N/A",New,Subject_tohxy,"#N/A","#N/A","#N/A","#N/A","#N/A"
ea271db7-1f99-44e9-b11b-952e569a2995,"#N/A","#N/A",false,Web,"#N/A","#N/A",Medium,"#N/A",New,Subject_nhdpe,"#N/A","#N/A","#N/A","#N/A","#N/A"
ea28b1b9-b746-4ed8-9eb7-2102d1434eb9,"#N/A","#N/A",false,Web,"#N/A","#N/A",Medium,"#N/A",New,Subject_vbrxt,"#N/A","#N/A","#N/A","#N/A","#N/A"
ea2905f9-d7ff-4148-8876-2fb7dd9a722e,"#N/A","#N/A",false,Web,"#N/A","#N/A",Medium,"#N/A",New,Subject_bxrnz,"#N/A","#N/A","#N/A","#N/A","#N/A"
ea293a09-5b71-439d-aaff-166bf49aac6a,"#N/A","#N/A",false,Web,"#N/A","#N/A",Medium,"#N/A",New,Subject_oppnf,"#N/A","#N/A","#N/A","#N/A","#N/A"
ea2ff187-ef2a-4488-914b-16d9ce37eaac,"#N/A","#N/A",false,Web,"#N/A","#N/A",Medium,"#N/A",New,Subject_axoaz,"#N/A","#N/A","#N/A","#N/A","#N/A"
ea319e93-319a-4b14-83c8-8c253426da6a,"#N/A","#N/A",false,Web,"#N/A","#N/A",Medium,"#N/A",New,Subject_pqgva,"#N/A","#N/A","#N/A","#N/A","#N/A"
ea331c00-2fcf-4d59-b10f-0d7d269877a3,"#N/A","#N/A",false,Web,"#N/A","#N/A",Medium,"#N/A",New,Subject_arkem,"#N/A","#N/A","#N/A","#N/A","#N/A"
ea39a580-ed1c-4a9f-a33d-12813035fb0c,"#N/A","#N/A",false,Web,"#N/A","#N/A",Medium,"#N/A",New,Subject_lgdkj,"#N/A","#N/A","#N/A","#N/A","#N/A"
ea39c38c-bd5a-451f-b02f-d02aea8ecfb6,"#N/A","#N/A",false,Web,"#N/A","#N/A",Medium,"#N/A",New,Subject_xunho,"#N/A","#N/A","#N/A","#N/A","#N/A"
ea3c5177-9080-40fe-88ae-f2d382846d2b,"#N/A","#N/A",false,Web,"#N/A","#N/A",Medium,"#N/A",New,Subject_xabcq,"#N/A","#N/A","#N/A","#N/A","#N/A"
ea41627e-0939-4c21-bb40-7dab5e293c61,"#N/A","#N/A",false,Web,"#N/A","#N/A",Medium,"#N/A",New,Subject_wtgkb,"#N/A","#N/A","#N/A","#N/A","#N/A"
ea47b5e0-3776-4f3b-b110-e4177d5e8e01,"#N/A","#N/A",false,Web,"#N/A","#N/A",Medium,"#N/A",New,Subject_labaa,"#N/A","#N/A","#N/A","#N/A","#N/A"
ea487fd3-7a24-480d-a422-527351a5e50c,"#N/A","#N/A",false,Web,"#N/A","#N/A",Medium,"#N/A",New,Subject_ghsbq,"#N/A","#N/A","#N/A","#N/A","#N/A"
ea4a07c7-f477-442f-9b4e-0d7ecac76ee5,"#N/A","#N/A",false,Web,"#N/A","#N/A",Medium,"#N/A",New,Subject_jfdbg,"#N/A","#N/A","#N/A","#N/A","#N/A"
ea4cdd46-7254-41c8-9b7c-d7ef28b60285,"#N/A","#N/A",false,Web,"#N/A","#N/A",Medium,"#N/A",New,Subject_eprkt,"#N/A","#N/A","#N/A","#N/A","#N/A"
ea4d9270-b506-4126-9e48-78b4bd1503d5,"#N/A","#N/A",false,Web,"#N/A","#N/A",Medium,"#N/A",New,Subject_hxpsk,"#N/A","#N/A","#N/A","#N/A","#N/A"
ea4e36cf-f17a-4095-8d58-1c98f64ee32e,"#N/A","#N/A",false,Web,"#N/A","#N/A",Medium,"#N/A",New,Subject_mfbuz,"#N/A","#N/A","#N/A","#N/A","#N/A"
ea50525b-87da-40cc-88fd-65882b9194d0,"#N/A","#N/A",false,Web,"#N/A","#N/A",Medium,"#N/A",New,Subject_rtypd,"#N/A","#N/A","#N/A","#N/A","#N/A"
ea558548-9384-48ee-96f7-3670683d9d46,"#N/A","#N/A",false,Web,"#N/A","#N/A",Medium,"#N/A",New,Subject_bkpuy,"#N/A","#N/A","#N/A","#N/A","#N/A"
ea5713f2-4501-4d2b-9a1a-b6e2b3bf1968,"#N/A","#N/A",false,Web,"#N/A","#N/A",Medium,"#N/A",New,Subject_hxrqz,"#N/A","#N/A","#N/A","#N/A","#N/A"
ea5d0f44-e969-4539-9876-5d056e6e164c,"#N/A","#N/A",false,Web,"#N/A","#N/A",Medium,"#N/A",New,Subject_xvvjr,"#N/A","#N/A","#N/A","#N/A","#N/A"
ea5f5cfc-b094-4687-b60f-e1b884cfb15c,"#N/A","#N/A",false,Web,"#N/A","#N/A",Medium,"#N/A",New,Subject_kfqtt,"#N/A","#N/A","#N/A","#N/A","#N/A"
ea610475-89a2-4a41-bcf8-2fbb9403b69f,"#N/A","#N/A",false,Web,"#N/A","#N/A",Medium,"#N/A",New,Subject_ikojo,"#N/A","#N/A","#N/A","#N/A","#N/A"
ea610f1e-c80f-4242-8d3c-f4380f8053f6,"#N/A","#N/A",false,Web,"#N/A","#N/A",Medium,"#N/A",New,Subject_xvigw,"#N/A","#N/A","#N/A","#N/A","#N/A"
ea61e05d-7314-4001-b5a1-a54238cc8f32,"#N/A","#N/A",false,Web,"#N/A","#N/A",Medium,"#N/A",New,Subject_renmq,"#N/A","#N/A","#N/A","#N/A","#N/A"
ea622523-8223-4cad-9ead-fed83ed39735,"#N/A","#N/A",false,Web,"#N/A","#N/A",Medium,"#N/A",New,Subject_dvlqz,"#N/A","#N/A","#N/A","#N/A","#N/A"
ea625631-eb31-4218-9296-467fc276cb2f,"#N/A","#N/A",false,Web,"#N/A","#N/A",Medium,"#N/A",New,Subject_ovdns,"#N/A","#N/A","#N/A","#N/A","#N/A"
ea62a197-8ede-4395-a08c-580363c727fa,"#N/A","#N/A",false,Web,"#N/A","#N/A",Medium,"#N/A",New,Subject_qywao,"#N/A","#N/A","#N/A","#N/A","#N/A"
ea64d006-540e-44f8-aeeb-b25b18f18e3d,"#N/A","#N/A",false,Web,"#N/A","#N/A",Medium,"#N/A",New,Subject_awtie,"#N/A","#N/A","#N/A","#N/A","#N/A"
ea66c4db-8640-4e01-b7d7-79c4da4290c4,"#N/A","#N/A",false,Web,"#N/A","#N/A",Medium,"#N/A",New,Subject_mmtou,"#N/A","#N/A","#N/A","#N/A","#N/A"
ea6add63-e716-41bf-ab9a-6674ede85a8b,"#N/A","#N/A",false,Web,"#N/A","#N/A",Medium,"#N/A",New,Subject_qmrnb,"#N/A","#N/A","#N/A","#N/A","#N/A"
ea6f673a-f4c1-4c21-8bcd-ef998bb10467,"#N/A","#N/A",false,Web,"#N/A","#N/A",Medium,"#N/A",New,Subject_oclqe,"#N/A","#N/A","#N/A","#N/A","#N/A"
ea6f80a7-802a-4aa4-aa53-73919a5d08ea,"#N/A","#N/A",false,Web,"#N/A","#N/A",Medium,"#N/A",New,Subject_rcdjk,"#N/A","#N/A","#N/A","#N/A","#N/A"
ea71c420-4f29-4f2e-a73a-e7939af39f0d,"#N/A","#N/A",false,Web,"#N/A","#N/A",Medium,"#N/A",New,Subject_tkwpo,"#N/A","#N/A","#N/A","#N/A","#N/A"
ea72e5e1-16da-41e3-b339-2cdae2d77ec7,"#N/A","#N/A",false,Web,"#N/A","#N/A",Medium,"#N/A",New,Subject_qxzye,"#N/A","#N/A","#N/A","#N/A","#N/A"
ea75bb80-e4a5-44f5-bea9-59a79c9bc917,"#N/A","#N/A",false,Web,"#N/A","#N/A",Medium,"#N/A",New,Subject_wjitb,"#N/A","#N/A","#N/A","#N/A","#N/A"
ea75d7c8-af4f-43d7-9b93-6e0e2f8daed7,"#N/A","#N/A",false,Web,"#N/A","#N/A",Medium,"#N/A",New,Subject_avqdi,"#N/A","#N/A","#N/A","#N/A","#N/A"
ea76237d-759b-4cf4-8f91-d49165441afd,"#N/A","#N/A",false,Web,"#N/A","#N/A",Medium,"#N/A",New,Subject_qouuh,"#N/A","#N/A","#N/A","#N/A","#N/A"
ea76c0e9-d806-47f4-af03-0a7c28f92a9a,"#N/A","#N/A",false,Web,"#N/A","#N/A",Medium,"#N/A",New,Subject_gxumu,"#N/A","#N/A","#N/A","#N/A","#N/A"
ea7b2aff-ac08-44a1-b82d-b1c3eb5aac8a,"#N/A","#N/A",false,Web,"#N/A","#N/A",Medium,"#N/A",New,Subject_dxgmj,"#N/A","#N/A","#N/A","#N/A","#N/A"
ea7cd2ec-d375-4e72-8559-779a02de7314,"#N/A","#N/A",false,Web,"#N/A","#N/A",Medium,"#N/A",New,Subject_ltdmr,"#N/A","#N/A","#N/A","#N/A","#N/A"
ea80af80-4de5-4ed7-b8dc-9ee972184db7,"#N/A","#N/A",false,Web,"#N/A","#N/A",Medium,"#N/A",New,Subject_oolwc,"#N/A","#N/A","#N/A","#N/A","#N/A"
ea8157b8-37f9-4acb-b62b-29147e40dd26,"#N/A","#N/A",false,Web,"#N/A","#N/A",Medium,"#N/A",New,Subject_tkfbq,"#N/A","#N/A","#N/A","#N/A","#N/A"
ea85a9d7-fd5d-4bcc-903a-883044f6fa8e,"#N/A","#N/A",false,Web,"#N/A","#N/A",Medium,"#N/A",New,Subject_rojoa,"#N/A","#N/A","#N/A","#N/A","#N/A"
ea87839c-8767-4c7c-a912-f1ce813880b5,"#N/A","#N/A",false,Web,"#N/A","#N/A",Medium,"#N/A",New,Subject_nyvsf,"#N/A","#N/A","#N/A","#N/A","#N/A"
ea8c26fd-1601-41c3-96fc-4d166f1ecd61,"#N/A","#N/A",false,Web,"#N/A","#N/A",Medium,"#N/A",New,Subject_edgtj,"#N/A","#N/A","#N/A","#N/A","#N/A"
ea8c655b-d2ae-4455-8d10-b8bf8a66d837,"#N/A","#N/A",false,Web,"#N/A","#N/A",Medium,"#N/A",New,Subject_puxmi,"#N/A","#N/A","#N/A","#N/A","#N/A"
ea906d46-6904-4079-84cf-02fe753f96b6,"#N/A","#N/A",false,Web,"#N/A","#N/A",Medium,"#N/A",New,Subject_khzqs,"#N/A","#N/A","#N/A","#N/A","#N/A"
ea90c505-2507-4723-849f-f6bb8535b95c,"#N/A","#N/A",false,Web,"#N/A","#N/A",Medium,"#N/A",New,Subject_dgwkz,"#N/A","#N/A","#N/A","#N/A","#N/A"
ea918748-21be-4e75-add1-749a74e5d9ea,"#N/A","#N/A",false,Web,"#N/A","#N/A",Medium,"#N/A",New,Subject_pzcct,"#N/A","#N/A","#N/A","#N/A","#N/A"
ea937d3b-26d1-43c0-bdb7-85c08252169a,"#N/A","#N/A",false,Web,"#N/A","#N/A",Medium,"#N/A",New,Subject_ocfsm,"#N/A","#N/A","#N/A","#N/A","#N/A"
ea972180-5c7d-4a16-b7f3-5d15e7d7a57f,"#N/A","#N/A",false,Web,"#N/A","#N/A",Medium,"#N/A",New,Subject_ucapn,"#N/A","#N/A","#N/A","#N/A","#N/A"
ea98f890-dd00-41d8-9382-37cbce78b1c0,"#N/A","#N/A",false,Web,"#N/A","#N/A",Medium,"#N/A",New,Subject_ripun,"#N/A","#N/A","#N/A","#N/A","#N/A"
ea9951f1-1135-4882-8f33-ea56b9af54f0,"#N/A","#N/A",false,Web,"#N/A","#N/A",Medium,"#N/A",New,Subject_oqcke,"#N/A","#N/A","#N/A","#N/A","#N/A"
ea9b7bba-5ba3-4100-8b3a-fb2bdbf141aa,"#N/A","#N/A",false,Web,"#N/A","#N/A",Medium,"#N/A",New,Subject_olsme,"#N/A","#N/A","#N/A","#N/A","#N/A"
ea9dc295-85fb-41c8-8e8c-81a38e235d9c,"#N/A","#N/A",false,Web,"#N/A","#N/A",Medium,"#N/A",New,Subject_nthct,"#N/A","#N/A","#N/A","#N/A","#N/A"
ea9f44d3-e0ca-47de-9c09-23a34bc96bce,"#N/A","#N/A",false,Web,"#N/A","#N/A",Medium,"#N/A",New,Subject_wlpry,"#N/A","#N/A","#N/A","#N/A","#N/A"
eaa7537f-ef3f-47e4-b010-2b1870e65eb0,"#N/A","#N/A",false,Web,"#N/A","#N/A",Medium,"#N/A",New,Subject_nnmyd,"#N/A","#N/A","#N/A","#N/A","#N/A"
eaa7df7b-75a6-4913-9c8d-af093cccf8da,"#N/A","#N/A",false,Web,"#N/A","#N/A",Medium,"#N/A",New,Subject_zknhu,"#N/A","#N/A","#N/A","#N/A","#N/A"
eaa91acb-a235-4771-a52e-31b77949bab3,"#N/A","#N/A",false,Web,"#N/A","#N/A",Medium,"#N/A",New,Subject_gruak,"#N/A","#N/A","#N/A","#N/A","#N/A"
eaa9f117-3f1b-4fa6-a9f9-ee423e674850,"#N/A","#N/A",false,Web,"#N/A","#N/A",Medium,"#N/A",New,Subject_yfuvp,"#N/A","#N/A","#N/A","#N/A","#N/A"
eaaba0a9-1d45-49d3-84db-f780de506953,"#N/A","#N/A",false,Web,"#N/A","#N/A",Medium,"#N/A",New,Subject_wdabh,"#N/A","#N/A","#N/A","#N/A","#N/A"
eabcafaf-0463-401b-9568-618900867bfa,"#N/A","#N/A",false,Web,"#N/A","#N/A",Medium,"#N/A",New,Subject_oyaut,"#N/A","#N/A","#N/A","#N/A","#N/A"
eac1b504-c917-4ad0-a24d-75498e7f0877,"#N/A","#N/A",false,Web,"#N/A","#N/A",Medium,"#N/A",New,Subject_pqbis,"#N/A","#N/A","#N/A","#N/A","#N/A"
eac1cfc2-497d-4a12-aaa5-df6ca0e4eb8d,"#N/A","#N/A",false,Web,"#N/A","#N/A",Medium,"#N/A",New,Subject_xfkfo,"#N/A","#N/A","#N/A","#N/A","#N/A"
eac31d23-bf15-4b6d-a683-204a07349803,"#N/A","#N/A",false,Web,"#N/A","#N/A",Medium,"#N/A",New,Subject_hwatn,"#N/A","#N/A","#N/A","#N/A","#N/A"
eac9117e-3098-4a0c-8fa6-d3175487dce9,"#N/A","#N/A",false,Web,"#N/A","#N/A",Medium,"#N/A",New,Subject_rftvd,"#N/A","#N/A","#N/A","#N/A","#N/A"
ead4ef19-e60e-478c-bb60-4a80144be7f2,"#N/A","#N/A",false,Web,"#N/A","#N/A",Medium,"#N/A",New,Subject_wxzdl,"#N/A","#N/A","#N/A","#N/A","#N/A"
ead9898a-4ccf-410b-a2cf-a2a9738db07b,"#N/A","#N/A",false,Web,"#N/A","#N/A",Medium,"#N/A",New,Subject_ggehw,"#N/A","#N/A","#N/A","#N/A","#N/A"
eadbf46d-ad5c-4031-b9ed-031bade0ddce,"#N/A","#N/A",false,Web,"#N/A","#N/A",Medium,"#N/A",New,Subject_ruscz,"#N/A","#N/A","#N/A","#N/A","#N/A"
eae16544-561a-464d-8c1a-e145f3ab9353,"#N/A","#N/A",false,Web,"#N/A","#N/A",Medium,"#N/A",New,Subject_kdyqj,"#N/A","#N/A","#N/A","#N/A","#N/A"
eaeb01de-6365-44b4-8242-dfbed7fd8096,"#N/A","#N/A",false,Web,"#N/A","#N/A",Medium,"#N/A",New,Subject_belcy,"#N/A","#N/A","#N/A","#N/A","#N/A"
eaeb3a5d-2cf0-48a5-b069-4119cd88361e,"#N/A","#N/A",false,Web,"#N/A","#N/A",Medium,"#N/A",New,Subject_qmjza,"#N/A","#N/A","#N/A","#N/A","#N/A"
eaec78e8-b4b5-45a2-ae99-984f2556afec,"#N/A","#N/A",false,Web,"#N/A","#N/A",Medium,"#N/A",New,Subject_aqjkp,"#N/A","#N/A","#N/A","#N/A","#N/A"
eaedbbba-16a2-4f17-bfad-0301a915e865,"#N/A","#N/A",false,Web,"#N/A","#N/A",Medium,"#N/A",New,Subject_nwvxo,"#N/A","#N/A","#N/A","#N/A","#N/A"
eaf06085-0a58-44bf-8368-49393b229da2,"#N/A","#N/A",false,Web,"#N/A","#N/A",Medium,"#N/A",New,Subject_velvn,"#N/A","#N/A","#N/A","#N/A","#N/A"
eaf55933-16a9-42d1-b01f-a26c60abac86,"#N/A","#N/A",false,Web,"#N/A","#N/A",Medium,"#N/A",New,Subject_aexuj,"#N/A","#N/A","#N/A","#N/A","#N/A"
eaf615dc-6312-47a5-8414-20be3b6c6ff1,"#N/A","#N/A",false,Web,"#N/A","#N/A",Medium,"#N/A",New,Subject_tcvbw,"#N/A","#N/A","#N/A","#N/A","#N/A"
eaf6ad97-8add-4732-b084-fcba3ceada4a,"#N/A","#N/A",false,Web,"#N/A","#N/A",Medium,"#N/A",New,Subject_ymczj,"#N/A","#N/A","#N/A","#N/A","#N/A"
eaf80e1a-5ea4-469c-a46c-61c476ad4147,"#N/A","#N/A",false,Web,"#N/A","#N/A",Medium,"#N/A",New,Subject_encnv,"#N/A","#N/A","#N/A","#N/A","#N/A"
eafa503a-c0b0-46c5-abcd-53de60cc5a57,"#N/A","#N/A",false,Web,"#N/A","#N/A",Medium,"#N/A",New,Subject_gzjun,"#N/A","#N/A","#N/A","#N/A","#N/A"
eaff5331-f1b4-452f-9877-4953f9fea58d,"#N/A","#N/A",false,Web,"#N/A","#N/A",Medium,"#N/A",New,Subject_xbxdr,"#N/A","#N/A","#N/A","#N/A","#N/A"
eb01a9ff-c9b8-45cf-9b58-d805159d8e60,"#N/A","#N/A",false,Web,"#N/A","#N/A",Medium,"#N/A",New,Subject_fmvdf,"#N/A","#N/A","#N/A","#N/A","#N/A"
eb0489b5-5d68-46bc-b431-df63eb97caf6,"#N/A","#N/A",false,Web,"#N/A","#N/A",Medium,"#N/A",New,Subject_dkiuu,"#N/A","#N/A","#N/A","#N/A","#N/A"
eb059d6d-cbe2-4fd3-b0a7-b2e55616ca02,"#N/A","#N/A",false,Web,"#N/A","#N/A",Medium,"#N/A",New,Subject_gitej,"#N/A","#N/A","#N/A","#N/A","#N/A"
eb07bed3-074f-488c-8e52-d404229c91f2,"#N/A","#N/A",false,Web,"#N/A","#N/A",Medium,"#N/A",New,Subject_priyz,"#N/A","#N/A","#N/A","#N/A","#N/A"
eb09e416-1aa8-46ba-b4a2-9052a8768004,"#N/A","#N/A",false,Web,"#N/A","#N/A",Medium,"#N/A",New,Subject_xzcjy,"#N/A","#N/A","#N/A","#N/A","#N/A"
eb0a8ad6-8135-46cf-a03c-89214159287a,"#N/A","#N/A",false,Web,"#N/A","#N/A",Medium,"#N/A",New,Subject_kmiod,"#N/A","#N/A","#N/A","#N/A","#N/A"
eb0fc375-4a16-47e7-b661-184fdb723045,"#N/A","#N/A",false,Web,"#N/A","#N/A",Medium,"#N/A",New,Subject_lqpll,"#N/A","#N/A","#N/A","#N/A","#N/A"
eb11be89-d3f3-4bfa-8fd7-7b434156d0d4,"#N/A","#N/A",false,Web,"#N/A","#N/A",Medium,"#N/A",New,Subject_dmymc,"#N/A","#N/A","#N/A","#N/A","#N/A"
eb13f60e-f5c3-44db-bfdd-4601a30fc3e8,"#N/A","#N/A",false,Web,"#N/A","#N/A",Medium,"#N/A",New,Subject_zwlxu,"#N/A","#N/A","#N/A","#N/A","#N/A"
eb153195-0ce0-4ce9-b28c-38c3e8a20fce,"#N/A","#N/A",false,Web,"#N/A","#N/A",Medium,"#N/A",New,Subject_llmtv,"#N/A","#N/A","#N/A","#N/A","#N/A"
eb1571e6-cbe8-4fce-b6ac-4d7658ca5803,"#N/A","#N/A",false,Web,"#N/A","#N/A",Medium,"#N/A",New,Subject_csnjn,"#N/A","#N/A","#N/A","#N/A","#N/A"
eb17796f-4378-4a7b-91c5-b39c32907617,"#N/A","#N/A",false,Web,"#N/A","#N/A",Medium,"#N/A",New,Subject_qmroq,"#N/A","#N/A","#N/A","#N/A","#N/A"
eb1bccc0-5d00-43b2-81b5-00f46e9d0a75,"#N/A","#N/A",false,Web,"#N/A","#N/A",Medium,"#N/A",New,Subject_wcees,"#N/A","#N/A","#N/A","#N/A","#N/A"
eb1bffc4-bcc7-4752-b51b-8a1ada672ec6,"#N/A","#N/A",false,Web,"#N/A","#N/A",Medium,"#N/A",New,Subject_slhrh,"#N/A","#N/A","#N/A","#N/A","#N/A"
eb20b548-8bd4-4afa-aa3e-9c6a5de52901,"#N/A","#N/A",false,Web,"#N/A","#N/A",Medium,"#N/A",New,Subject_ruscz,"#N/A","#N/A","#N/A","#N/A","#N/A"
eb217ab7-56ec-41aa-be8a-62f129dbd9ee,"#N/A","#N/A",false,Web,"#N/A","#N/A",Medium,"#N/A",New,Subject_iqtuh,"#N/A","#N/A","#N/A","#N/A","#N/A"
eb21cea4-0fea-47f6-9f28-fd3b2e4a170f,"#N/A","#N/A",false,Web,"#N/A","#N/A",Medium,"#N/A",New,Subject_qqsmi,"#N/A","#N/A","#N/A","#N/A","#N/A"
eb26ccec-a23d-4953-8378-11b7bff31ae8,"#N/A","#N/A",false,Web,"#N/A","#N/A",Medium,"#N/A",New,Subject_gyzrf,"#N/A","#N/A","#N/A","#N/A","#N/A"
eb28673b-3236-4288-8e7d-7931a4e45059,"#N/A","#N/A",false,Web,"#N/A","#N/A",Medium,"#N/A",New,Subject_xstpg,"#N/A","#N/A","#N/A","#N/A","#N/A"
eb28d5c2-b72c-4b35-a484-8e62096f7c5d,"#N/A","#N/A",false,Web,"#N/A","#N/A",Medium,"#N/A",New,Subject_wqyyc,"#N/A","#N/A","#N/A","#N/A","#N/A"
eb297247-247f-4086-97ae-7669df99e155,"#N/A","#N/A",false,Web,"#N/A","#N/A",Medium,"#N/A",New,Subject_pyead,"#N/A","#N/A","#N/A","#N/A","#N/A"
eb2b6895-e5d4-4415-b7a2-238c31281d92,"#N/A","#N/A",false,Web,"#N/A","#N/A",Medium,"#N/A",New,Subject_qshgr,"#N/A","#N/A","#N/A","#N/A","#N/A"
eb37a63b-e172-4619-ad63-72579142b38d,"#N/A","#N/A",false,Web,"#N/A","#N/A",Medium,"#N/A",New,Subject_mnqto,"#N/A","#N/A","#N/A","#N/A","#N/A"
eb3ba2a5-d03c-43c5-8bf9-0ab5b9c5ce9b,"#N/A","#N/A",false,Web,"#N/A","#N/A",Medium,"#N/A",New,Subject_pgdgw,"#N/A","#N/A","#N/A","#N/A","#N/A"
eb3ed3b9-313c-4294-be75-0584bb26c499,"#N/A","#N/A",false,Web,"#N/A","#N/A",Medium,"#N/A",New,Subject_llmit,"#N/A","#N/A","#N/A","#N/A","#N/A"
eb41d839-3d14-4572-af85-1fc0bc83a5e2,"#N/A","#N/A",false,Web,"#N/A","#N/A",Medium,"#N/A",New,Subject_kjurt,"#N/A","#N/A","#N/A","#N/A","#N/A"
eb464135-6c4a-426b-8b65-28b5315fc465,"#N/A","#N/A",false,Web,"#N/A","#N/A",Medium,"#N/A",New,Subject_qouuh,"#N/A","#N/A","#N/A","#N/A","#N/A"
eb47e436-927a-45f9-aa90-d6ddad8d116f,"#N/A","#N/A",false,Web,"#N/A","#N/A",Medium,"#N/A",New,Subject_jmbbt,"#N/A","#N/A","#N/A","#N/A","#N/A"
eb4828e8-aaa0-48aa-bdba-c5e101753451,"#N/A","#N/A",false,Web,"#N/A","#N/A",Medium,"#N/A",New,Subject_lkhya,"#N/A","#N/A","#N/A","#N/A","#N/A"
eb4b609e-a827-4ac9-a241-8cec96ec8a6b,"#N/A","#N/A",false,Web,"#N/A","#N/A",Medium,"#N/A",New,Subject_kzeba,"#N/A","#N/A","#N/A","#N/A","#N/A"
eb4d4227-c5be-4348-9b18-6256271c1bd7,"#N/A","#N/A",false,Web,"#N/A","#N/A",Medium,"#N/A",New,Subject_iwzjb,"#N/A","#N/A","#N/A","#N/A","#N/A"
eb4e50cf-4e2b-41be-9199-405ff64e2aca,"#N/A","#N/A",false,Web,"#N/A","#N/A",Medium,"#N/A",New,Subject_gmhaf,"#N/A","#N/A","#N/A","#N/A","#N/A"
eb4f284a-16c0-467f-97a6-70c4a6920c11,"#N/A","#N/A",false,Web,"#N/A","#N/A",Medium,"#N/A",New,Subject_tnetv,"#N/A","#N/A","#N/A","#N/A","#N/A"
eb50ef1d-0529-4d8d-aa56-6b1828760c55,"#N/A","#N/A",false,Web,"#N/A","#N/A",Medium,"#N/A",New,Subject_rvppc,"#N/A","#N/A","#N/A","#N/A","#N/A"
eb55b63c-9ae6-454d-9c8c-0c19dc5dd3ba,"#N/A","#N/A",false,Web,"#N/A","#N/A",Medium,"#N/A",New,Subject_copxa,"#N/A","#N/A","#N/A","#N/A","#N/A"
eb56a597-e9cc-4573-9079-0b7ced2a2b92,"#N/A","#N/A",false,Web,"#N/A","#N/A",Medium,"#N/A",New,Subject_cqzfp,"#N/A","#N/A","#N/A","#N/A","#N/A"
eb579ede-09b3-4c9a-a534-87b8985aa152,"#N/A","#N/A",false,Web,"#N/A","#N/A",Medium,"#N/A",New,Subject_dqfmv,"#N/A","#N/A","#N/A","#N/A","#N/A"
eb600063-9966-4180-bdb2-a2623498bc2d,"#N/A","#N/A",false,Web,"#N/A","#N/A",Medium,"#N/A",New,Subject_oxblx,"#N/A","#N/A","#N/A","#N/A","#N/A"
eb60d7d3-587d-476e-9fbe-5d310719d733,"#N/A","#N/A",false,Web,"#N/A","#N/A",Medium,"#N/A",New,Subject_nzvgu,"#N/A","#N/A","#N/A","#N/A","#N/A"
eb631091-ca6e-4ecc-80d8-43af342022d1,"#N/A","#N/A",false,Web,"#N/A","#N/A",Medium,"#N/A",New,Subject_tttwe,"#N/A","#N/A","#N/A","#N/A","#N/A"
eb6637ca-4ce4-42d5-9cee-c153ab06318b,"#N/A","#N/A",false,Web,"#N/A","#N/A",Medium,"#N/A",New,Subject_scuqa,"#N/A","#N/A","#N/A","#N/A","#N/A"
eb66a2af-0968-4560-8cd9-5b48206e44ac,"#N/A","#N/A",false,Web,"#N/A","#N/A",Medium,"#N/A",New,Subject_lwxtu,"#N/A","#N/A","#N/A","#N/A","#N/A"
eb6b3e18-17bc-4c15-a6a5-1e21660dcedd,"#N/A","#N/A",false,Web,"#N/A","#N/A",Medium,"#N/A",New,Subject_kptqc,"#N/A","#N/A","#N/A","#N/A","#N/A"
eb6bb5c6-ef96-450d-95b2-c87203c053b2,"#N/A","#N/A",false,Web,"#N/A","#N/A",Medium,"#N/A",New,Subject_amloe,"#N/A","#N/A","#N/A","#N/A","#N/A"
eb7437c2-0a6a-45f9-b3cb-82a451a0de1c,"#N/A","#N/A",false,Web,"#N/A","#N/A",Medium,"#N/A",New,Subject_ozhdw,"#N/A","#N/A","#N/A","#N/A","#N/A"
eb77098f-cd9d-40bc-8564-76d59c63b89e,"#N/A","#N/A",false,Web,"#N/A","#N/A",Medium,"#N/A",New,Subject_blbzh,"#N/A","#N/A","#N/A","#N/A","#N/A"
eb7bc871-2d55-44f0-8ae0-c1ae43cf3a8f,"#N/A","#N/A",false,Web,"#N/A","#N/A",Medium,"#N/A",New,Subject_rqgdj,"#N/A","#N/A","#N/A","#N/A","#N/A"
eb80b7a3-e9e6-46fe-a1ad-e04f8adcb53c,"#N/A","#N/A",false,Web,"#N/A","#N/A",Medium,"#N/A",New,Subject_pgftn,"#N/A","#N/A","#N/A","#N/A","#N/A"
eb8144ea-2c05-4d98-9a13-3df537270d3a,"#N/A","#N/A",false,Web,"#N/A","#N/A",Medium,"#N/A",New,Subject_hxxyz,"#N/A","#N/A","#N/A","#N/A","#N/A"
eb846cfb-5e8d-4aaf-a48a-9843d0d252b5,"#N/A","#N/A",false,Web,"#N/A","#N/A",Medium,"#N/A",New,Subject_fvvcf,"#N/A","#N/A","#N/A","#N/A","#N/A"
eb87d0dd-91a2-41ec-9931-253315e32114,"#N/A","#N/A",false,Web,"#N/A","#N/A",Medium,"#N/A",New,Subject_yznoh,"#N/A","#N/A","#N/A","#N/A","#N/A"
eb89966f-3597-4f55-97fd-5293092d7a04,"#N/A","#N/A",false,Web,"#N/A","#N/A",Medium,"#N/A",New,Subject_yrabn,"#N/A","#N/A","#N/A","#N/A","#N/A"
eb89bf6c-9215-4595-a87e-2fd1f6e74064,"#N/A","#N/A",false,Web,"#N/A","#N/A",Medium,"#N/A",New,Subject_gznjp,"#N/A","#N/A","#N/A","#N/A","#N/A"
eb9a1a68-a3fa-46b2-8ee3-4fe9d3905ffa,"#N/A","#N/A",false,Web,"#N/A","#N/A",Medium,"#N/A",New,Subject_yrmrp,"#N/A","#N/A","#N/A","#N/A","#N/A"
eb9a903c-a2e4-428c-8eea-95cf3544a26d,"#N/A","#N/A",false,Web,"#N/A","#N/A",Medium,"#N/A",New,Subject_uhvrt,"#N/A","#N/A","#N/A","#N/A","#N/A"
eb9e1c3d-8dcb-4d9c-8840-2fcf7254dd91,"#N/A","#N/A",false,Web,"#N/A","#N/A",Medium,"#N/A",New,Subject_xvakw,"#N/A","#N/A","#N/A","#N/A","#N/A"
eb9fe493-9d8a-4464-bf9e-d77a36dd4412,"#N/A","#N/A",false,Web,"#N/A","#N/A",Medium,"#N/A",New,Subject_dpapf,"#N/A","#N/A","#N/A","#N/A","#N/A"
eba0683e-28f0-4e84-937b-396ac5949064,"#N/A","#N/A",false,Web,"#N/A","#N/A",Medium,"#N/A",New,Subject_gomwa,"#N/A","#N/A","#N/A","#N/A","#N/A"
eba2a37e-13d4-492f-bbd9-3dc5fb2085f5,"#N/A","#N/A",false,Web,"#N/A","#N/A",Medium,"#N/A",New,Subject_gxnfn,"#N/A","#N/A","#N/A","#N/A","#N/A"
eba559ba-61ec-4c7a-a23e-123a4617625d,"#N/A","#N/A",false,Web,"#N/A","#N/A",Medium,"#N/A",New,Subject_uiqyo,"#N/A","#N/A","#N/A","#N/A","#N/A"
eba8cfd2-2dcb-4a39-85d1-bb8ef0a820b6,"#N/A","#N/A",false,Web,"#N/A","#N/A",Medium,"#N/A",New,Subject_hrdgy,"#N/A","#N/A","#N/A","#N/A","#N/A"
ebb328d8-4131-43e2-a230-6d0be75cd066,"#N/A","#N/A",false,Web,"#N/A","#N/A",Medium,"#N/A",New,Subject_vukzf,"#N/A","#N/A","#N/A","#N/A","#N/A"
ebb5d81c-080a-4004-9cd5-be22421bbc76,"#N/A","#N/A",false,Web,"#N/A","#N/A",Medium,"#N/A",New,Subject_rrpwe,"#N/A","#N/A","#N/A","#N/A","#N/A"
ebb888e5-222a-49f9-9de4-92c88ca78c30,"#N/A","#N/A",false,Web,"#N/A","#N/A",Medium,"#N/A",New,Subject_krzfq,"#N/A","#N/A","#N/A","#N/A","#N/A"
ebb96667-86c7-4f71-8c8d-a26c5aba0f2e,"#N/A","#N/A",false,Web,"#N/A","#N/A",Medium,"#N/A",New,Subject_gdoip,"#N/A","#N/A","#N/A","#N/A","#N/A"
ebba2a26-21a5-4d6d-a39c-a6f6b5ce1768,"#N/A","#N/A",false,Web,"#N/A","#N/A",Medium,"#N/A",New,Subject_mixae,"#N/A","#N/A","#N/A","#N/A","#N/A"
ebbb54e8-6916-4a71-ae82-07c710e7c3b3,"#N/A","#N/A",false,Web,"#N/A","#N/A",Medium,"#N/A",New,Subject_mitfy,"#N/A","#N/A","#N/A","#N/A","#N/A"
ebbd96f2-c2c2-4cc2-a729-276a599810ab,"#N/A","#N/A",false,Web,"#N/A","#N/A",Medium,"#N/A",New,Subject_qbmpw,"#N/A","#N/A","#N/A","#N/A","#N/A"
ebbeaae8-9306-440b-bf11-a44cb718dd51,"#N/A","#N/A",false,Web,"#N/A","#N/A",Medium,"#N/A",New,Subject_dxijh,"#N/A","#N/A","#N/A","#N/A","#N/A"
ebbfa794-5545-46a5-859d-e9c6270a046b,"#N/A","#N/A",false,Web,"#N/A","#N/A",Medium,"#N/A",New,Subject_hujbf,"#N/A","#N/A","#N/A","#N/A","#N/A"
ebbfafd5-f3ca-4d76-b62a-be7e5c4640ae,"#N/A","#N/A",false,Web,"#N/A","#N/A",Medium,"#N/A",New,Subject_pjkku,"#N/A","#N/A","#N/A","#N/A","#N/A"
ebbfdf42-a5f0-4e2e-9352-1af87587e466,"#N/A","#N/A",false,Web,"#N/A","#N/A",Medium,"#N/A",New,Subject_fmely,"#N/A","#N/A","#N/A","#N/A","#N/A"
ebc01846-82da-4a5c-8415-3927265dcf9b,"#N/A","#N/A",false,Web,"#N/A","#N/A",Medium,"#N/A",New,Subject_ybwyk,"#N/A","#N/A","#N/A","#N/A","#N/A"
ebc02dd0-5b3c-4152-9565-ccf4b01dc19b,"#N/A","#N/A",false,Web,"#N/A","#N/A",Medium,"#N/A",New,Subject_hjizf,"#N/A","#N/A","#N/A","#N/A","#N/A"
ebc0f7bb-5f36-43ab-b9ff-aa6ff97ba4cf,"#N/A","#N/A",false,Web,"#N/A","#N/A",Medium,"#N/A",New,Subject_pyyma,"#N/A","#N/A","#N/A","#N/A","#N/A"
ebc569e1-9957-4106-97eb-e45f652051bf,"#N/A","#N/A",false,Web,"#N/A","#N/A",Medium,"#N/A",New,Subject_wucoq,"#N/A","#N/A","#N/A","#N/A","#N/A"
ebc6122d-1c45-4fa0-885e-d72200a51480,"#N/A","#N/A",false,Web,"#N/A","#N/A",Medium,"#N/A",New,Subject_evzrt,"#N/A","#N/A","#N/A","#N/A","#N/A"
ebc65525-fa97-4ab0-b86a-789038fc60da,"#N/A","#N/A",false,Web,"#N/A","#N/A",Medium,"#N/A",New,Subject_snokj,"#N/A","#N/A","#N/A","#N/A","#N/A"
ebc85763-6fb9-474b-a033-0568ab9fc60a,"#N/A","#N/A",false,Web,"#N/A","#N/A",Medium,"#N/A",New,Subject_wgjpe,"#N/A","#N/A","#N/A","#N/A","#N/A"
ebc8e901-1d3e-47b9-9feb-8dfb15767012,"#N/A","#N/A",false,Web,"#N/A","#N/A",Medium,"#N/A",New,Subject_uelrq,"#N/A","#N/A","#N/A","#N/A","#N/A"
ebcb2a86-a8f6-48b3-b003-b04b052215d2,"#N/A","#N/A",false,Web,"#N/A","#N/A",Medium,"#N/A",New,Subject_ewiae,"#N/A","#N/A","#N/A","#N/A","#N/A"
ebcda873-99ed-40ca-a08a-71ecc55fdb41,"#N/A","#N/A",false,Web,"#N/A","#N/A",Medium,"#N/A",New,Subject_esvxe,"#N/A","#N/A","#N/A","#N/A","#N/A"
ebce05d9-4dcc-4c04-b76c-7e238a61075a,"#N/A","#N/A",false,Web,"#N/A","#N/A",Medium,"#N/A",New,Subject_ogxux,"#N/A","#N/A","#N/A","#N/A","#N/A"
ebce37f3-3010-4384-8030-f8fe65e90d9f,"#N/A","#N/A",false,Web,"#N/A","#N/A",Medium,"#N/A",New,Subject_wbihe,"#N/A","#N/A","#N/A","#N/A","#N/A"
ebcfabc7-4055-4a25-83a2-c681d0f72cc8,"#N/A","#N/A",false,Web,"#N/A","#N/A",Medium,"#N/A",New,Subject_ltdoo,"#N/A","#N/A","#N/A","#N/A","#N/A"
ebd49dd6-8fa4-4868-9941-0997670c316b,"#N/A","#N/A",false,Web,"#N/A","#N/A",Medium,"#N/A",New,Subject_ruugy,"#N/A","#N/A","#N/A","#N/A","#N/A"
ebd789ed-48c3-4d95-a3ff-18ab1de121bf,"#N/A","#N/A",false,Web,"#N/A","#N/A",Medium,"#N/A",New,Subject_cuyet,"#N/A","#N/A","#N/A","#N/A","#N/A"
ebd7bc0d-9744-49de-a6ce-1c8250b8dd5b,"#N/A","#N/A",false,Web,"#N/A","#N/A",Medium,"#N/A",New,Subject_nlrhk,"#N/A","#N/A","#N/A","#N/A","#N/A"
ebdb4786-255c-4fb6-8eb6-ea6c09030754,"#N/A","#N/A",false,Web,"#N/A","#N/A",Medium,"#N/A",New,Subject_beslp,"#N/A","#N/A","#N/A","#N/A","#N/A"
ebde2a8c-921f-42c3-b786-32a53354c08c,"#N/A","#N/A",false,Web,"#N/A","#N/A",Medium,"#N/A",New,Subject_lhzcq,"#N/A","#N/A","#N/A","#N/A","#N/A"
ebe1a414-e77b-48c9-93f4-d31c9fbbfb40,"#N/A","#N/A",false,Web,"#N/A","#N/A",Medium,"#N/A",New,Subject_mjqul,"#N/A","#N/A","#N/A","#N/A","#N/A"
ebe24d26-0648-412e-9055-cea09e76d0ed,"#N/A","#N/A",false,Web,"#N/A","#N/A",Medium,"#N/A",New,Subject_yazje,"#N/A","#N/A","#N/A","#N/A","#N/A"
ebe67056-e1e8-44a8-ab02-703d82ce163c,"#N/A","#N/A",false,Web,"#N/A","#N/A",Medium,"#N/A",New,Subject_iksjq,"#N/A","#N/A","#N/A","#N/A","#N/A"
ebeb0091-b62a-435c-b966-daa132fd0263,"#N/A","#N/A",false,Web,"#N/A","#N/A",Medium,"#N/A",New,Subject_shqth,"#N/A","#N/A","#N/A","#N/A","#N/A"
ebed387b-56dd-49b6-99be-dbcae2358abb,"#N/A","#N/A",false,Web,"#N/A","#N/A",Medium,"#N/A",New,Subject_qbqid,"#N/A","#N/A","#N/A","#N/A","#N/A"
ebef1eb3-e480-4469-b6bf-a6940ae96079,"#N/A","#N/A",false,Web,"#N/A","#N/A",Medium,"#N/A",New,Subject_bojhz,"#N/A","#N/A","#N/A","#N/A","#N/A"
ebf073a8-5c97-4ffa-bae4-54a99e945902,"#N/A","#N/A",false,Web,"#N/A","#N/A",Medium,"#N/A",New,Subject_kgqsj,"#N/A","#N/A","#N/A","#N/A","#N/A"
ebf13b1c-640c-475c-86a2-33e6653540a1,"#N/A","#N/A",false,Web,"#N/A","#N/A",Medium,"#N/A",New,Subject_lvgob,"#N/A","#N/A","#N/A","#N/A","#N/A"
ebf1f40c-9425-4d5f-b3a0-aca792b4e19f,"#N/A","#N/A",false,Web,"#N/A","#N/A",Medium,"#N/A",New,Subject_xuhot,"#N/A","#N/A","#N/A","#N/A","#N/A"
ebf4433c-f210-4138-ac9c-72fe98fa94cb,"#N/A","#N/A",false,Web,"#N/A","#N/A",Medium,"#N/A",New,Subject_vqmyj,"#N/A","#N/A","#N/A","#N/A","#N/A"
ebf78abb-d254-408b-9791-2d914af95c24,"#N/A","#N/A",false,Web,"#N/A","#N/A",Medium,"#N/A",New,Subject_umera,"#N/A","#N/A","#N/A","#N/A","#N/A"
ebfaf86f-953a-4a1f-8727-158792f8d949,"#N/A","#N/A",false,Web,"#N/A","#N/A",Medium,"#N/A",New,Subject_ecbdb,"#N/A","#N/A","#N/A","#N/A","#N/A"
ebfc2a07-a81b-4b3c-b4be-8fa61b876af0,"#N/A","#N/A",false,Web,"#N/A","#N/A",Medium,"#N/A",New,Subject_etbrm,"#N/A","#N/A","#N/A","#N/A","#N/A"
ebfd787e-5cc8-4f09-8ef6-70ec7b90a344,"#N/A","#N/A",false,Web,"#N/A","#N/A",Medium,"#N/A",New,Subject_esinq,"#N/A","#N/A","#N/A","#N/A","#N/A"
ebfdcb90-3fc7-40dd-a672-d1446aeec021,"#N/A","#N/A",false,Web,"#N/A","#N/A",Medium,"#N/A",New,Subject_psjfd,"#N/A","#N/A","#N/A","#N/A","#N/A"
ebff1066-d683-4e20-ac7a-4c9539973916,"#N/A","#N/A",false,Web,"#N/A","#N/A",Medium,"#N/A",New,Subject_khppf,"#N/A","#N/A","#N/A","#N/A","#N/A"
ec084d05-61ec-4526-933b-21a4a7594f76,"#N/A","#N/A",false,Web,"#N/A","#N/A",Medium,"#N/A",New,Subject_kevqj,"#N/A","#N/A","#N/A","#N/A","#N/A"
ec09de0a-8cee-4c5b-bcc1-818e530bba21,"#N/A","#N/A",false,Web,"#N/A","#N/A",Medium,"#N/A",New,Subject_yviqh,"#N/A","#N/A","#N/A","#N/A","#N/A"
ec0c2ce6-60ac-42e6-9ca1-d85cf8a91544,"#N/A","#N/A",false,Web,"#N/A","#N/A",Medium,"#N/A",New,Subject_jdzxk,"#N/A","#N/A","#N/A","#N/A","#N/A"
ec11a587-fa94-43ea-b35c-41148c84f9f1,"#N/A","#N/A",false,Web,"#N/A","#N/A",Medium,"#N/A",New,Subject_pzpmp,"#N/A","#N/A","#N/A","#N/A","#N/A"
ec124cd9-787b-492d-b32c-f70f704011bf,"#N/A","#N/A",false,Web,"#N/A","#N/A",Medium,"#N/A",New,Subject_tvkbr,"#N/A","#N/A","#N/A","#N/A","#N/A"
ec155244-4066-4bd2-9613-db21a5222dc1,"#N/A","#N/A",false,Web,"#N/A","#N/A",Medium,"#N/A",New,Subject_syvwn,"#N/A","#N/A","#N/A","#N/A","#N/A"
ec191273-1cd6-4816-9b85-6640bf5658bf,"#N/A","#N/A",false,Web,"#N/A","#N/A",Medium,"#N/A",New,Subject_ocrjn,"#N/A","#N/A","#N/A","#N/A","#N/A"
ec1aa19b-952d-431b-aa21-cae3c7ddafde,"#N/A","#N/A",false,Web,"#N/A","#N/A",Medium,"#N/A",New,Subject_cgult,"#N/A","#N/A","#N/A","#N/A","#N/A"
ec1d4c2f-63f6-4256-bfe9-f58097737462,"#N/A","#N/A",false,Web,"#N/A","#N/A",Medium,"#N/A",New,Subject_efzcs,"#N/A","#N/A","#N/A","#N/A","#N/A"
ec205ff1-c2f2-4168-8c4d-9afa1d35066f,"#N/A","#N/A",false,Web,"#N/A","#N/A",Medium,"#N/A",New,Subject_whdrk,"#N/A","#N/A","#N/A","#N/A","#N/A"
ec25f0d1-0cfe-46af-a5cb-42ac517f9196,"#N/A","#N/A",false,Web,"#N/A","#N/A",Medium,"#N/A",New,Subject_wdnbl,"#N/A","#N/A","#N/A","#N/A","#N/A"
ec26f2d0-8ca6-49ff-bcc2-f524446e5516,"#N/A","#N/A",false,Web,"#N/A","#N/A",Medium,"#N/A",New,Subject_umntq,"#N/A","#N/A","#N/A","#N/A","#N/A"
ec273ddd-5a73-4b8f-97e3-a95dd348d7e8,"#N/A","#N/A",false,Web,"#N/A","#N/A",Medium,"#N/A",New,Subject_veipc,"#N/A","#N/A","#N/A","#N/A","#N/A"
ec283bfa-19a9-45d9-afc7-44db792e9d8d,"#N/A","#N/A",false,Web,"#N/A","#N/A",Medium,"#N/A",New,Subject_qkxnu,"#N/A","#N/A","#N/A","#N/A","#N/A"
ec2e846d-0ef2-41f9-81cc-803ae1b27b37,"#N/A","#N/A",false,Web,"#N/A","#N/A",Medium,"#N/A",New,Subject_htenx,"#N/A","#N/A","#N/A","#N/A","#N/A"
ec315a02-6cc8-4990-bc5a-3c979d084050,"#N/A","#N/A",false,Web,"#N/A","#N/A",Medium,"#N/A",New,Subject_beiqz,"#N/A","#N/A","#N/A","#N/A","#N/A"
ec325342-93b4-498e-b36b-86870e49f768,"#N/A","#N/A",false,Web,"#N/A","#N/A",Medium,"#N/A",New,Subject_kmsno,"#N/A","#N/A","#N/A","#N/A","#N/A"
ec3259d2-1772-4c83-a989-54986b2257b5,"#N/A","#N/A",false,Web,"#N/A","#N/A",Medium,"#N/A",New,Subject_ovhpn,"#N/A","#N/A","#N/A","#N/A","#N/A"
ec331ff2-9307-4fc4-bbd1-94edca3edd9f,"#N/A","#N/A",false,Web,"#N/A","#N/A",Medium,"#N/A",New,Subject_tqiek,"#N/A","#N/A","#N/A","#N/A","#N/A"
ec383feb-df55-49ac-a9fd-bf9b651424d5,"#N/A","#N/A",false,Web,"#N/A","#N/A",Medium,"#N/A",New,Subject_xqciz,"#N/A","#N/A","#N/A","#N/A","#N/A"
ec39ed6d-9bda-44f1-8841-ce792c63a6ce,"#N/A","#N/A",false,Web,"#N/A","#N/A",Medium,"#N/A",New,Subject_jkvlx,"#N/A","#N/A","#N/A","#N/A","#N/A"
ec3c1c93-10ff-4375-a3aa-53da1b6e5100,"#N/A","#N/A",false,Web,"#N/A","#N/A",Medium,"#N/A",New,Subject_bqfuo,"#N/A","#N/A","#N/A","#N/A","#N/A"
ec3d881b-28e9-490a-a952-f50370fd6458,"#N/A","#N/A",false,Web,"#N/A","#N/A",Medium,"#N/A",New,Subject_xqfcm,"#N/A","#N/A","#N/A","#N/A","#N/A"
ec42a9f5-d984-41df-bbb0-0d013af00ba2,"#N/A","#N/A",false,Web,"#N/A","#N/A",Medium,"#N/A",New,Subject_qsluk,"#N/A","#N/A","#N/A","#N/A","#N/A"
ec44bdac-5033-4bf1-a8d5-87315caca2fb,"#N/A","#N/A",false,Web,"#N/A","#N/A",Medium,"#N/A",New,Subject_fmgpc,"#N/A","#N/A","#N/A","#N/A","#N/A"
ec466791-3734-4e50-9399-ffdb1991cf71,"#N/A","#N/A",false,Web,"#N/A","#N/A",Medium,"#N/A",New,Subject_mwmuf,"#N/A","#N/A","#N/A","#N/A","#N/A"
ec46ace2-308c-4734-94dc-23639131d657,"#N/A","#N/A",false,Web,"#N/A","#N/A",Medium,"#N/A",New,Subject_oollf,"#N/A","#N/A","#N/A","#N/A","#N/A"
ec486cd1-56ac-4823-9b3c-28e4586bc561,"#N/A","#N/A",false,Web,"#N/A","#N/A",Medium,"#N/A",New,Subject_gbgky,"#N/A","#N/A","#N/A","#N/A","#N/A"
ec49ca5a-e6e2-4075-a23b-f3718fd1976c,"#N/A","#N/A",false,Web,"#N/A","#N/A",Medium,"#N/A",New,Subject_dmymc,"#N/A","#N/A","#N/A","#N/A","#N/A"
ec4dedd1-b9bd-40f3-a99e-24ed5c708c01,"#N/A","#N/A",false,Web,"#N/A","#N/A",Medium,"#N/A",New,Subject_hdgkf,"#N/A","#N/A","#N/A","#N/A","#N/A"
ec4f1964-32d5-4b12-9307-c19448a2e54e,"#N/A","#N/A",false,Web,"#N/A","#N/A",Medium,"#N/A",New,Subject_dxciv,"#N/A","#N/A","#N/A","#N/A","#N/A"
ec52bed9-472e-4a96-9528-7a03d3606c1b,"#N/A","#N/A",false,Web,"#N/A","#N/A",Medium,"#N/A",New,Subject_jomjm,"#N/A","#N/A","#N/A","#N/A","#N/A"
ec54ae01-47d5-442d-997c-d093b27bf261,"#N/A","#N/A",false,Web,"#N/A","#N/A",Medium,"#N/A",New,Subject_cjebj,"#N/A","#N/A","#N/A","#N/A","#N/A"
ec5839e9-2fc8-4312-8fc1-155ccb2758c6,"#N/A","#N/A",false,Web,"#N/A","#N/A",Medium,"#N/A",New,Subject_zmmdg,"#N/A","#N/A","#N/A","#N/A","#N/A"
ec5b900b-2d75-4a99-ab7b-1d806f819ab4,"#N/A","#N/A",false,Web,"#N/A","#N/A",Medium,"#N/A",New,Subject_mgepr,"#N/A","#N/A","#N/A","#N/A","#N/A"
ec60da63-9eb1-40ff-a901-34953adac84e,"#N/A","#N/A",false,Web,"#N/A","#N/A",Medium,"#N/A",New,Subject_vxfxh,"#N/A","#N/A","#N/A","#N/A","#N/A"
ec61dde3-260c-4f6f-b3ae-26d8728da9b7,"#N/A","#N/A",false,Web,"#N/A","#N/A",Medium,"#N/A",New,Subject_zxizt,"#N/A","#N/A","#N/A","#N/A","#N/A"
ec62893f-cfa2-4f0e-b39b-bc31c435633d,"#N/A","#N/A",false,Web,"#N/A","#N/A",Medium,"#N/A",New,Subject_ksuju,"#N/A","#N/A","#N/A","#N/A","#N/A"
ec62e374-8d79-42ec-be77-e0d331f2b7e6,"#N/A","#N/A",false,Web,"#N/A","#N/A",Medium,"#N/A",New,Subject_psguc,"#N/A","#N/A","#N/A","#N/A","#N/A"
ec675578-3584-48e1-bd3d-e115ea8f13ee,"#N/A","#N/A",false,Web,"#N/A","#N/A",Medium,"#N/A",New,Subject_saocz,"#N/A","#N/A","#N/A","#N/A","#N/A"
ec6c4ce7-3ecc-47df-8ea7-2873ce25d939,"#N/A","#N/A",false,Web,"#N/A","#N/A",Medium,"#N/A",New,Subject_vuzch,"#N/A","#N/A","#N/A","#N/A","#N/A"
ec6f2a8a-458e-43fa-b20c-b0c4f38ff1b2,"#N/A","#N/A",false,Web,"#N/A","#N/A",Medium,"#N/A",New,Subject_xopdz,"#N/A","#N/A","#N/A","#N/A","#N/A"
ec708b6a-b9bb-407b-9cac-980d791435c1,"#N/A","#N/A",false,Web,"#N/A","#N/A",Medium,"#N/A",New,Subject_iwgti,"#N/A","#N/A","#N/A","#N/A","#N/A"
ec71301d-bfae-4ff9-8ee3-c34bf27d4fb5,"#N/A","#N/A",false,Web,"#N/A","#N/A",Medium,"#N/A",New,Subject_idoab,"#N/A","#N/A","#N/A","#N/A","#N/A"
ec76a847-ccc6-4957-86bd-9e2984d87227,"#N/A","#N/A",false,Web,"#N/A","#N/A",Medium,"#N/A",New,Subject_fdwol,"#N/A","#N/A","#N/A","#N/A","#N/A"
ec7bbfb5-d441-457a-9718-2e506eb53f20,"#N/A","#N/A",false,Web,"#N/A","#N/A",Medium,"#N/A",New,Subject_rmsnw,"#N/A","#N/A","#N/A","#N/A","#N/A"
ec7c610c-7764-438f-8db8-b75bbfb9435e,"#N/A","#N/A",false,Web,"#N/A","#N/A",Medium,"#N/A",New,Subject_juanj,"#N/A","#N/A","#N/A","#N/A","#N/A"
ec7fcbc8-3ad6-48f3-b1af-0ae306958c37,"#N/A","#N/A",false,Web,"#N/A","#N/A",Medium,"#N/A",New,Subject_wbigi,"#N/A","#N/A","#N/A","#N/A","#N/A"
ec822e48-305a-4482-9476-2bad08e223d2,"#N/A","#N/A",false,Web,"#N/A","#N/A",Medium,"#N/A",New,Subject_ywsoe,"#N/A","#N/A","#N/A","#N/A","#N/A"
ec8320d1-e715-4005-9872-79bed38b2be7,"#N/A","#N/A",false,Web,"#N/A","#N/A",Medium,"#N/A",New,Subject_wuhqo,"#N/A","#N/A","#N/A","#N/A","#N/A"
ec832ee1-bc00-4859-869a-f02c43974298,"#N/A","#N/A",false,Web,"#N/A","#N/A",Medium,"#N/A",New,Subject_fderc,"#N/A","#N/A","#N/A","#N/A","#N/A"
ec879181-1793-4fc3-a544-e02b9dadaf42,"#N/A","#N/A",false,Web,"#N/A","#N/A",Medium,"#N/A",New,Subject_xuvls,"#N/A","#N/A","#N/A","#N/A","#N/A"
ec89f76f-ee44-4804-8103-ea5d30c76fd1,"#N/A","#N/A",false,Web,"#N/A","#N/A",Medium,"#N/A",New,Subject_ukodf,"#N/A","#N/A","#N/A","#N/A","#N/A"
ec8ab737-b1fa-45cc-aee1-3df7cc401672,"#N/A","#N/A",false,Web,"#N/A","#N/A",Medium,"#N/A",New,Subject_moyyv,"#N/A","#N/A","#N/A","#N/A","#N/A"
ec92d1e1-e5d9-45eb-9f96-b818da04f85a,"#N/A","#N/A",false,Web,"#N/A","#N/A",Medium,"#N/A",New,Subject_ehjlx,"#N/A","#N/A","#N/A","#N/A","#N/A"
ec94ea49-50bf-4dbd-adb6-bfb0b8ad6110,"#N/A","#N/A",false,Web,"#N/A","#N/A",Medium,"#N/A",New,Subject_rdnof,"#N/A","#N/A","#N/A","#N/A","#N/A"
ec952ccd-2d92-4e17-abef-2f5531da08a5,"#N/A","#N/A",false,Web,"#N/A","#N/A",Medium,"#N/A",New,Subject_bhgay,"#N/A","#N/A","#N/A","#N/A","#N/A"
ec96986b-1b93-4852-b7f0-1a3c9c7ee53a,"#N/A","#N/A",false,Web,"#N/A","#N/A",Medium,"#N/A",New,Subject_jkahr,"#N/A","#N/A","#N/A","#N/A","#N/A"
ec97bae3-6194-4e8e-96c7-13aaba781468,"#N/A","#N/A",false,Web,"#N/A","#N/A",Medium,"#N/A",New,Subject_zzyfk,"#N/A","#N/A","#N/A","#N/A","#N/A"
ec9fe617-6bf9-447d-a629-850667c39ca5,"#N/A","#N/A",false,Web,"#N/A","#N/A",Medium,"#N/A",New,Subject_aarxi,"#N/A","#N/A","#N/A","#N/A","#N/A"
eca133d2-6e17-4de7-88cc-a81a1c43cec5,"#N/A","#N/A",false,Web,"#N/A","#N/A",Medium,"#N/A",New,Subject_ohyob,"#N/A","#N/A","#N/A","#N/A","#N/A"
eca29ba0-86b8-4368-8f79-4d04c11fc14e,"#N/A","#N/A",false,Web,"#N/A","#N/A",Medium,"#N/A",New,Subject_nnvyz,"#N/A","#N/A","#N/A","#N/A","#N/A"
eca8c760-5fdf-4459-aae6-7f75c4e9cebd,"#N/A","#N/A",false,Web,"#N/A","#N/A",Medium,"#N/A",New,Subject_vtmba,"#N/A","#N/A","#N/A","#N/A","#N/A"
eca940b1-fb1e-421a-beee-37c130c2db78,"#N/A","#N/A",false,Web,"#N/A","#N/A",Medium,"#N/A",New,Subject_ommuo,"#N/A","#N/A","#N/A","#N/A","#N/A"
ecaa7569-2ae0-4791-94ba-a06a94129161,"#N/A","#N/A",false,Web,"#N/A","#N/A",Medium,"#N/A",New,Subject_crkss,"#N/A","#N/A","#N/A","#N/A","#N/A"
ecaafb6e-b6c5-437a-a4df-c9c73eb5e376,"#N/A","#N/A",false,Web,"#N/A","#N/A",Medium,"#N/A",New,Subject_dgufr,"#N/A","#N/A","#N/A","#N/A","#N/A"
ecabda3f-3611-47c1-b0c3-9ee81677b74c,"#N/A","#N/A",false,Web,"#N/A","#N/A",Medium,"#N/A",New,Subject_uyzix,"#N/A","#N/A","#N/A","#N/A","#N/A"
ecaf517d-6bb3-4182-8ae1-b4dc29e81e19,"#N/A","#N/A",false,Web,"#N/A","#N/A",Medium,"#N/A",New,Subject_cvpgq,"#N/A","#N/A","#N/A","#N/A","#N/A"
ecb121b6-ee56-4db5-a228-66ebb8794cd6,"#N/A","#N/A",false,Web,"#N/A","#N/A",Medium,"#N/A",New,Subject_ilnhe,"#N/A","#N/A","#N/A","#N/A","#N/A"
ecb17338-8502-4ea6-8baf-216c3541281f,"#N/A","#N/A",false,Web,"#N/A","#N/A",Medium,"#N/A",New,Subject_idzam,"#N/A","#N/A","#N/A","#N/A","#N/A"
ecb715f1-6e4c-42fa-a9c7-0799c316528c,"#N/A","#N/A",false,Web,"#N/A","#N/A",Medium,"#N/A",New,Subject_wrpke,"#N/A","#N/A","#N/A","#N/A","#N/A"
ecbd4068-4f77-40e2-8171-0eec9fe59699,"#N/A","#N/A",false,Web,"#N/A","#N/A",Medium,"#N/A",New,Subject_rpzbs,"#N/A","#N/A","#N/A","#N/A","#N/A"
ecc4a53c-8a6c-48c7-aa78-950273730ced,"#N/A","#N/A",false,Web,"#N/A","#N/A",Medium,"#N/A",New,Subject_adrwp,"#N/A","#N/A","#N/A","#N/A","#N/A"
ecc74752-ba0d-4756-8d2e-f38d9d913768,"#N/A","#N/A",false,Web,"#N/A","#N/A",Medium,"#N/A",New,Subject_ktnzr,"#N/A","#N/A","#N/A","#N/A","#N/A"
ecc818e4-b01f-4faa-a042-f0d986ccd951,"#N/A","#N/A",false,Web,"#N/A","#N/A",Medium,"#N/A",New,Subject_ubdoh,"#N/A","#N/A","#N/A","#N/A","#N/A"
ecca8f2b-e75a-4c48-b084-684c558dce35,"#N/A","#N/A",false,Web,"#N/A","#N/A",Medium,"#N/A",New,Subject_pnovq,"#N/A","#N/A","#N/A","#N/A","#N/A"
ecd590bc-9cb6-462c-8d61-30a0e8eae5ee,"#N/A","#N/A",false,Web,"#N/A","#N/A",Medium,"#N/A",New,Subject_eopzl,"#N/A","#N/A","#N/A","#N/A","#N/A"
ecd71873-ee27-4ef7-b8c7-24ae1a687728,"#N/A","#N/A",false,Web,"#N/A","#N/A",Medium,"#N/A",New,Subject_bfufw,"#N/A","#N/A","#N/A","#N/A","#N/A"
ecd7b6ee-adc8-45f6-b695-3b3b2215fa92,"#N/A","#N/A",false,Web,"#N/A","#N/A",Medium,"#N/A",New,Subject_noicx,"#N/A","#N/A","#N/A","#N/A","#N/A"
ecd8c8ac-d1d6-4404-b6c9-a81bb4f676bf,"#N/A","#N/A",false,Web,"#N/A","#N/A",Medium,"#N/A",New,Subject_kihrh,"#N/A","#N/A","#N/A","#N/A","#N/A"
ecd8c9b8-eaf9-4063-94bd-6d7ae1d76865,"#N/A","#N/A",false,Web,"#N/A","#N/A",Medium,"#N/A",New,Subject_ivzow,"#N/A","#N/A","#N/A","#N/A","#N/A"
ecdbb26c-19f8-4f05-8882-380b11c97114,"#N/A","#N/A",false,Web,"#N/A","#N/A",Medium,"#N/A",New,Subject_woqpj,"#N/A","#N/A","#N/A","#N/A","#N/A"
ecdcc59e-c8f2-43b0-a8d0-ce8bad3747fa,"#N/A","#N/A",false,Web,"#N/A","#N/A",Medium,"#N/A",New,Subject_ttdal,"#N/A","#N/A","#N/A","#N/A","#N/A"
ecdf4ed4-fbd8-4819-a67c-563f08f48f9d,"#N/A","#N/A",false,Web,"#N/A","#N/A",Medium,"#N/A",New,Subject_vzkli,"#N/A","#N/A","#N/A","#N/A","#N/A"
ece0b4d9-31e0-492c-9e3b-53075a99019b,"#N/A","#N/A",false,Web,"#N/A","#N/A",Medium,"#N/A",New,Subject_pajcy,"#N/A","#N/A","#N/A","#N/A","#N/A"
ece41109-0195-4ec8-b2b2-6ba64674ce61,"#N/A","#N/A",false,Web,"#N/A","#N/A",Medium,"#N/A",New,Subject_zvhgi,"#N/A","#N/A","#N/A","#N/A","#N/A"
ece46e0b-940b-4fbe-9371-4d7c2c81c6c2,"#N/A","#N/A",false,Web,"#N/A","#N/A",Medium,"#N/A",New,Subject_wxawu,"#N/A","#N/A","#N/A","#N/A","#N/A"
ece49118-df26-4e86-a12c-2d7015b1472b,"#N/A","#N/A",false,Web,"#N/A","#N/A",Medium,"#N/A",New,Subject_hsjka,"#N/A","#N/A","#N/A","#N/A","#N/A"
ece615ec-c7f8-43df-aee6-74f01add825c,"#N/A","#N/A",false,Web,"#N/A","#N/A",Medium,"#N/A",New,Subject_wtczf,"#N/A","#N/A","#N/A","#N/A","#N/A"
ecea07f1-f013-4256-a84a-328874ffa227,"#N/A","#N/A",false,Web,"#N/A","#N/A",Medium,"#N/A",New,Subject_jbksn,"#N/A","#N/A","#N/A","#N/A","#N/A"
ecefe8ea-7635-470c-b16e-f0250d006f96,"#N/A","#N/A",false,Web,"#N/A","#N/A",Medium,"#N/A",New,Subject_gprhq,"#N/A","#N/A","#N/A","#N/A","#N/A"
ecf052a7-5c3a-47f8-92d1-f7ca386706c6,"#N/A","#N/A",false,Web,"#N/A","#N/A",Medium,"#N/A",New,Subject_nyumm,"#N/A","#N/A","#N/A","#N/A","#N/A"
ecf0d905-dd41-482f-8597-10a90aceb9de,"#N/A","#N/A",false,Web,"#N/A","#N/A",Medium,"#N/A",New,Subject_wuxxt,"#N/A","#N/A","#N/A","#N/A","#N/A"
ecf22030-466a-4fd5-9816-e92a0af668ef,"#N/A","#N/A",false,Web,"#N/A","#N/A",Medium,"#N/A",New,Subject_iaimg,"#N/A","#N/A","#N/A","#N/A","#N/A"
ecf51d23-0348-421f-baa3-f0e4c0b5f3d3,"#N/A","#N/A",false,Web,"#N/A","#N/A",Medium,"#N/A",New,Subject_ycrwu,"#N/A","#N/A","#N/A","#N/A","#N/A"
ecf560b9-f11c-4a70-82dc-975d10ee741f,"#N/A","#N/A",false,Web,"#N/A","#N/A",Medium,"#N/A",New,Subject_eigfk,"#N/A","#N/A","#N/A","#N/A","#N/A"
ecfa0191-b739-452b-aaef-5974e37762f9,"#N/A","#N/A",false,Web,"#N/A","#N/A",Medium,"#N/A",New,Subject_zlmug,"#N/A","#N/A","#N/A","#N/A","#N/A"
ecfd9aa3-e831-4019-b1b4-1070369dcba4,"#N/A","#N/A",false,Web,"#N/A","#N/A",Medium,"#N/A",New,Subject_luatp,"#N/A","#N/A","#N/A","#N/A","#N/A"
ecfe4d8b-2ccb-4290-940d-2cec0d3c01f2,"#N/A","#N/A",false,Web,"#N/A","#N/A",Medium,"#N/A",New,Subject_shqvw,"#N/A","#N/A","#N/A","#N/A","#N/A"
ed04f9b7-848d-4a04-8e4c-67c5d3347023,"#N/A","#N/A",false,Web,"#N/A","#N/A",Medium,"#N/A",New,Subject_byyue,"#N/A","#N/A","#N/A","#N/A","#N/A"
ed0881b6-871c-4fe5-9efa-65ce18c70926,"#N/A","#N/A",false,Web,"#N/A","#N/A",Medium,"#N/A",New,Subject_oskrz,"#N/A","#N/A","#N/A","#N/A","#N/A"
ed0c2151-81ba-4ba4-a13d-cdd1294d500b,"#N/A","#N/A",false,Web,"#N/A","#N/A",Medium,"#N/A",New,Subject_gtuba,"#N/A","#N/A","#N/A","#N/A","#N/A"
ed0c3ef1-c6a1-459c-90e0-3cf5593697fb,"#N/A","#N/A",false,Web,"#N/A","#N/A",Medium,"#N/A",New,Subject_jrurd,"#N/A","#N/A","#N/A","#N/A","#N/A"
ed1eb67f-43cf-4d7e-b9ce-1814e54da3cf,"#N/A","#N/A",false,Web,"#N/A","#N/A",Medium,"#N/A",New,Subject_gezbd,"#N/A","#N/A","#N/A","#N/A","#N/A"
ed1f09be-872c-4941-a7d6-9788b270921d,"#N/A","#N/A",false,Web,"#N/A","#N/A",Medium,"#N/A",New,Subject_vgkmz,"#N/A","#N/A","#N/A","#N/A","#N/A"
ed1f3733-35ef-429c-bb48-89efcab05f4c,"#N/A","#N/A",false,Web,"#N/A","#N/A",Medium,"#N/A",New,Subject_wevni,"#N/A","#N/A","#N/A","#N/A","#N/A"
ed1f7530-57bb-4f36-a8ab-5c0c475681a9,"#N/A","#N/A",false,Web,"#N/A","#N/A",Medium,"#N/A",New,Subject_dliqa,"#N/A","#N/A","#N/A","#N/A","#N/A"
ed24f40e-283c-46b1-b55e-24b94463cf17,"#N/A","#N/A",false,Web,"#N/A","#N/A",Medium,"#N/A",New,Subject_szjuh,"#N/A","#N/A","#N/A","#N/A","#N/A"
ed28c6d7-6af4-4474-8b72-4a5a9306f28c,"#N/A","#N/A",false,Web,"#N/A","#N/A",Medium,"#N/A",New,Subject_gptnz,"#N/A","#N/A","#N/A","#N/A","#N/A"
ed2ddd52-2e6d-4df7-87f7-073a8e02004c,"#N/A","#N/A",false,Web,"#N/A","#N/A",Medium,"#N/A",New,Subject_sgnjh,"#N/A","#N/A","#N/A","#N/A","#N/A"
ed32ee6f-66bf-40f3-b0ca-0041ffad6ccd,"#N/A","#N/A",false,Web,"#N/A","#N/A",Medium,"#N/A",New,Subject_tndtc,"#N/A","#N/A","#N/A","#N/A","#N/A"
ed3322b0-abe7-4738-a768-3f82432a9317,"#N/A","#N/A",false,Web,"#N/A","#N/A",Medium,"#N/A",New,Subject_kbbkd,"#N/A","#N/A","#N/A","#N/A","#N/A"
ed3501d4-dc72-4a72-9663-066cd470f660,"#N/A","#N/A",false,Web,"#N/A","#N/A",Medium,"#N/A",New,Subject_daxsc,"#N/A","#N/A","#N/A","#N/A","#N/A"
ed35fb6d-a5a6-4816-8b7a-68e366a5ee83,"#N/A","#N/A",false,Web,"#N/A","#N/A",Medium,"#N/A",New,Subject_puzpm,"#N/A","#N/A","#N/A","#N/A","#N/A"
ed37f094-689c-4d3b-a2f3-02d5ee2e33b1,"#N/A","#N/A",false,Web,"#N/A","#N/A",Medium,"#N/A",New,Subject_plsml,"#N/A","#N/A","#N/A","#N/A","#N/A"
ed3810f4-c850-4028-aea1-bc12f19d101f,"#N/A","#N/A",false,Web,"#N/A","#N/A",Medium,"#N/A",New,Subject_vdbxb,"#N/A","#N/A","#N/A","#N/A","#N/A"
ed3be5ae-9099-404d-8aa6-f7e5ab0ed21f,"#N/A","#N/A",false,Web,"#N/A","#N/A",Medium,"#N/A",New,Subject_alzvz,"#N/A","#N/A","#N/A","#N/A","#N/A"
ed445aa1-ddbb-441c-aa30-990e6a508c3e,"#N/A","#N/A",false,Web,"#N/A","#N/A",Medium,"#N/A",New,Subject_wmdzc,"#N/A","#N/A","#N/A","#N/A","#N/A"
ed44962e-2c7d-4d32-a47d-90fa29b1b0e6,"#N/A","#N/A",false,Web,"#N/A","#N/A",Medium,"#N/A",New,Subject_bkfua,"#N/A","#N/A","#N/A","#N/A","#N/A"
ed46746c-a90b-4911-80ab-3f6458a68410,"#N/A","#N/A",false,Web,"#N/A","#N/A",Medium,"#N/A",New,Subject_lrhgp,"#N/A","#N/A","#N/A","#N/A","#N/A"
ed4d8637-9322-45f6-9d24-e4390371fd2b,"#N/A","#N/A",false,Web,"#N/A","#N/A",Medium,"#N/A",New,Subject_ogebi,"#N/A","#N/A","#N/A","#N/A","#N/A"
ed51ed44-5094-41d2-9473-58423a55c23a,"#N/A","#N/A",false,Web,"#N/A","#N/A",Medium,"#N/A",New,Subject_ghqqx,"#N/A","#N/A","#N/A","#N/A","#N/A"
ed52c1fb-13bc-4c81-9e64-d0e6ba404c7a,"#N/A","#N/A",false,Web,"#N/A","#N/A",Medium,"#N/A",New,Subject_iiclm,"#N/A","#N/A","#N/A","#N/A","#N/A"
ed5399b2-e6c9-4604-bf4d-b924428cde08,"#N/A","#N/A",false,Web,"#N/A","#N/A",Medium,"#N/A",New,Subject_sokcn,"#N/A","#N/A","#N/A","#N/A","#N/A"
ed5b70ef-6be0-442e-9b55-1cc0bda0cdb4,"#N/A","#N/A",false,Web,"#N/A","#N/A",Medium,"#N/A",New,Subject_badeu,"#N/A","#N/A","#N/A","#N/A","#N/A"
ed5f7546-c740-4d8a-8bbd-8ebeef0e923c,"#N/A","#N/A",false,Web,"#N/A","#N/A",Medium,"#N/A",New,Subject_tbggv,"#N/A","#N/A","#N/A","#N/A","#N/A"
ed60e7c3-fdf5-4457-a4a0-e8402de793dc,"#N/A","#N/A",false,Web,"#N/A","#N/A",Medium,"#N/A",New,Subject_gtcbx,"#N/A","#N/A","#N/A","#N/A","#N/A"
ed619bbb-84f2-4542-8318-01b3ab7b3b42,"#N/A","#N/A",false,Web,"#N/A","#N/A",Medium,"#N/A",New,Subject_haqhs,"#N/A","#N/A","#N/A","#N/A","#N/A"
ed62e293-1750-48e6-85b5-edf6b32968aa,"#N/A","#N/A",false,Web,"#N/A","#N/A",Medium,"#N/A",New,Subject_gdlna,"#N/A","#N/A","#N/A","#N/A","#N/A"
ed6479fa-c962-4d74-88d4-e97374047d1e,"#N/A","#N/A",false,Web,"#N/A","#N/A",Medium,"#N/A",New,Subject_xsdzm,"#N/A","#N/A","#N/A","#N/A","#N/A"
ed661dcd-e1e6-4ca2-8c97-701ca0147720,"#N/A","#N/A",false,Web,"#N/A","#N/A",Medium,"#N/A",New,Subject_ekspu,"#N/A","#N/A","#N/A","#N/A","#N/A"
ed680a76-d385-4098-81a4-09d61bd8c835,"#N/A","#N/A",false,Web,"#N/A","#N/A",Medium,"#N/A",New,Subject_egweo,"#N/A","#N/A","#N/A","#N/A","#N/A"
ed684141-0a8a-44c9-807d-f0de509ca58e,"#N/A","#N/A",false,Web,"#N/A","#N/A",Medium,"#N/A",New,Subject_fnzdt,"#N/A","#N/A","#N/A","#N/A","#N/A"
ed694904-9e13-4e2f-bf11-e68da743e411,"#N/A","#N/A",false,Web,"#N/A","#N/A",Medium,"#N/A",New,Subject_brlnn,"#N/A","#N/A","#N/A","#N/A","#N/A"
ed69cb02-c175-463e-8e68-557924f0c09b,"#N/A","#N/A",false,Web,"#N/A","#N/A",Medium,"#N/A",New,Subject_edgze,"#N/A","#N/A","#N/A","#N/A","#N/A"
ed710824-70bb-4255-830a-0db4263d9ec1,"#N/A","#N/A",false,Web,"#N/A","#N/A",Medium,"#N/A",New,Subject_pdexs,"#N/A","#N/A","#N/A","#N/A","#N/A"
ed73a0ae-f028-490b-bdfa-9063c7760bd3,"#N/A","#N/A",false,Web,"#N/A","#N/A",Medium,"#N/A",New,Subject_zrklm,"#N/A","#N/A","#N/A","#N/A","#N/A"
ed776a3e-12ec-4567-a12a-51b922afc0e9,"#N/A","#N/A",false,Web,"#N/A","#N/A",Medium,"#N/A",New,Subject_gaopp,"#N/A","#N/A","#N/A","#N/A","#N/A"
ed778fb1-0733-4e81-88f2-06691295038c,"#N/A","#N/A",false,Web,"#N/A","#N/A",Medium,"#N/A",New,Subject_wouct,"#N/A","#N/A","#N/A","#N/A","#N/A"
ed7a36a8-b2c3-4c27-b6a3-50bcef40932b,"#N/A","#N/A",false,Web,"#N/A","#N/A",Medium,"#N/A",New,Subject_qqmoj,"#N/A","#N/A","#N/A","#N/A","#N/A"
ed7ecfad-e56d-416f-a754-5549e34caf05,"#N/A","#N/A",false,Web,"#N/A","#N/A",Medium,"#N/A",New,Subject_euufh,"#N/A","#N/A","#N/A","#N/A","#N/A"
ed7f36c3-4c36-4aef-b25d-cb960b70af75,"#N/A","#N/A",false,Web,"#N/A","#N/A",Medium,"#N/A",New,Subject_magil,"#N/A","#N/A","#N/A","#N/A","#N/A"
ed7f6c8f-acf7-47b7-b835-32b01acb7a1c,"#N/A","#N/A",false,Web,"#N/A","#N/A",Medium,"#N/A",New,Subject_exiyf,"#N/A","#N/A","#N/A","#N/A","#N/A"
ed858ce6-fb5b-4d9f-8c38-3dff0aac8dd0,"#N/A","#N/A",false,Web,"#N/A","#N/A",Medium,"#N/A",New,Subject_lvzdn,"#N/A","#N/A","#N/A","#N/A","#N/A"
ed86efc1-777b-4469-95ca-bf673236f4fa,"#N/A","#N/A",false,Web,"#N/A","#N/A",Medium,"#N/A",New,Subject_cnwxc,"#N/A","#N/A","#N/A","#N/A","#N/A"
ed8a0626-1247-46e9-a93a-dc13c517a956,"#N/A","#N/A",false,Web,"#N/A","#N/A",Medium,"#N/A",New,Subject_beslp,"#N/A","#N/A","#N/A","#N/A","#N/A"
ed8c653b-7396-4fb3-94d4-b5f01ebe05ff,"#N/A","#N/A",false,Web,"#N/A","#N/A",Medium,"#N/A",New,Subject_niswm,"#N/A","#N/A","#N/A","#N/A","#N/A"
ed8fbc15-0231-4332-ac88-36aed01d7fd6,"#N/A","#N/A",false,Web,"#N/A","#N/A",Medium,"#N/A",New,Subject_oyjye,"#N/A","#N/A","#N/A","#N/A","#N/A"
ed938b49-d8aa-4aab-bc21-2767bd4168d1,"#N/A","#N/A",false,Web,"#N/A","#N/A",Medium,"#N/A",New,Subject_nigdp,"#N/A","#N/A","#N/A","#N/A","#N/A"
ed95cdfa-32e0-42a7-94b7-1c492468fd4d,"#N/A","#N/A",false,Web,"#N/A","#N/A",Medium,"#N/A",New,Subject_zzzak,"#N/A","#N/A","#N/A","#N/A","#N/A"
ed9ba362-40b8-4d28-8b16-d062d99d97ff,"#N/A","#N/A",false,Web,"#N/A","#N/A",Medium,"#N/A",New,Subject_agudy,"#N/A","#N/A","#N/A","#N/A","#N/A"
eda02623-ceb7-4df3-b124-cf02e3af1771,"#N/A","#N/A",false,Web,"#N/A","#N/A",Medium,"#N/A",New,Subject_gspwl,"#N/A","#N/A","#N/A","#N/A","#N/A"
edaad51d-085f-4697-ac0d-ab0544ab1f32,"#N/A","#N/A",false,Web,"#N/A","#N/A",Medium,"#N/A",New,Subject_dsbfd,"#N/A","#N/A","#N/A","#N/A","#N/A"
edaccea5-1f7b-4a66-971f-89eeafe516a7,"#N/A","#N/A",false,Web,"#N/A","#N/A",Medium,"#N/A",New,Subject_ufjfu,"#N/A","#N/A","#N/A","#N/A","#N/A"
edaf2463-b124-4c35-b00c-e679de7a732a,"#N/A","#N/A",false,Web,"#N/A","#N/A",Medium,"#N/A",New,Subject_etmcg,"#N/A","#N/A","#N/A","#N/A","#N/A"
edb1d95c-2ff9-4a88-b926-eb9b2c61726c,"#N/A","#N/A",false,Web,"#N/A","#N/A",Medium,"#N/A",New,Subject_eukfc,"#N/A","#N/A","#N/A","#N/A","#N/A"
edb234b5-aee3-4f95-bdf8-8fe547b1bf99,"#N/A","#N/A",false,Web,"#N/A","#N/A",Medium,"#N/A",New,Subject_punvg,"#N/A","#N/A","#N/A","#N/A","#N/A"
edb2fbb0-d1cf-4d44-b033-d96442477b67,"#N/A","#N/A",false,Web,"#N/A","#N/A",Medium,"#N/A",New,Subject_atbaj,"#N/A","#N/A","#N/A","#N/A","#N/A"
edb39387-fac6-4017-a04f-d7d5622ce1be,"#N/A","#N/A",false,Web,"#N/A","#N/A",Medium,"#N/A",New,Subject_cxyfb,"#N/A","#N/A","#N/A","#N/A","#N/A"
edb40587-04f6-49ee-ada6-a4d3536df8df,"#N/A","#N/A",false,Web,"#N/A","#N/A",Medium,"#N/A",New,Subject_tcwbo,"#N/A","#N/A","#N/A","#N/A","#N/A"
edb46867-1a1c-42a1-82dd-d08933b2759a,"#N/A","#N/A",false,Web,"#N/A","#N/A",Medium,"#N/A",New,Subject_vkzkq,"#N/A","#N/A","#N/A","#N/A","#N/A"
edba2164-1a4c-4b6a-97d4-1a17cb445427,"#N/A","#N/A",false,Web,"#N/A","#N/A",Medium,"#N/A",New,Subject_cocii,"#N/A","#N/A","#N/A","#N/A","#N/A"
edbb11fe-8e62-49ef-a817-ec43caf832a0,"#N/A","#N/A",false,Web,"#N/A","#N/A",Medium,"#N/A",New,Subject_qwjyc,"#N/A","#N/A","#N/A","#N/A","#N/A"
edbbf88e-c9c1-445e-8860-57426fbfef32,"#N/A","#N/A",false,Web,"#N/A","#N/A",Medium,"#N/A",New,Subject_chwav,"#N/A","#N/A","#N/A","#N/A","#N/A"
edbc5306-4586-4d68-a7cd-7e427a2347d8,"#N/A","#N/A",false,Web,"#N/A","#N/A",Medium,"#N/A",New,Subject_jmtte,"#N/A","#N/A","#N/A","#N/A","#N/A"
edbd452e-404b-4a20-88ff-27467e15c205,"#N/A","#N/A",false,Web,"#N/A","#N/A",Medium,"#N/A",New,Subject_dpvbm,"#N/A","#N/A","#N/A","#N/A","#N/A"
edbd8063-93fa-404d-b638-e916e4027736,"#N/A","#N/A",false,Web,"#N/A","#N/A",Medium,"#N/A",New,Subject_javxs,"#N/A","#N/A","#N/A","#N/A","#N/A"
edc0dc9b-500e-4121-9949-43447efc5a1c,"#N/A","#N/A",false,Web,"#N/A","#N/A",Medium,"#N/A",New,Subject_khqih,"#N/A","#N/A","#N/A","#N/A","#N/A"
edc7553a-4744-4930-96b8-9ef5ed409b79,"#N/A","#N/A",false,Web,"#N/A","#N/A",Medium,"#N/A",New,Subject_kitzj,"#N/A","#N/A","#N/A","#N/A","#N/A"
edc9a2e2-23c6-41b4-8eda-1406636f06d2,"#N/A","#N/A",false,Web,"#N/A","#N/A",Medium,"#N/A",New,Subject_jqwlq,"#N/A","#N/A","#N/A","#N/A","#N/A"
edd3248b-e1c3-4090-95cb-00200c114bee,"#N/A","#N/A",false,Web,"#N/A","#N/A",Medium,"#N/A",New,Subject_qdwho,"#N/A","#N/A","#N/A","#N/A","#N/A"
edd327b9-3b18-495c-ac21-a930657106c4,"#N/A","#N/A",false,Web,"#N/A","#N/A",Medium,"#N/A",New,Subject_etkqg,"#N/A","#N/A","#N/A","#N/A","#N/A"
edd5f034-d1ce-429d-b77f-18fc9179001a,"#N/A","#N/A",false,Web,"#N/A","#N/A",Medium,"#N/A",New,Subject_vsium,"#N/A","#N/A","#N/A","#N/A","#N/A"
edd95916-73a3-492c-ae13-3916d9d02f89,"#N/A","#N/A",false,Web,"#N/A","#N/A",Medium,"#N/A",New,Subject_beabu,"#N/A","#N/A","#N/A","#N/A","#N/A"
eddacd58-5805-42c9-afde-9d984fbef289,"#N/A","#N/A",false,Web,"#N/A","#N/A",Medium,"#N/A",New,Subject_ttzor,"#N/A","#N/A","#N/A","#N/A","#N/A"
eddb425f-ee55-47bd-90a3-b64f0444ec63,"#N/A","#N/A",false,Web,"#N/A","#N/A",Medium,"#N/A",New,Subject_hqxzl,"#N/A","#N/A","#N/A","#N/A","#N/A"
ede1466c-a468-4730-8c69-4dbf76e08951,"#N/A","#N/A",false,Web,"#N/A","#N/A",Medium,"#N/A",New,Subject_gmdwp,"#N/A","#N/A","#N/A","#N/A","#N/A"
ede5176e-4f23-4208-aabf-5b33a82f362b,"#N/A","#N/A",false,Web,"#N/A","#N/A",Medium,"#N/A",New,Subject_tpxkl,"#N/A","#N/A","#N/A","#N/A","#N/A"
ede73b52-3acf-4ed9-a8bb-5ba65bde5eca,"#N/A","#N/A",false,Web,"#N/A","#N/A",Medium,"#N/A",New,Subject_qpohm,"#N/A","#N/A","#N/A","#N/A","#N/A"
edec24cf-b05f-4ffa-a7f9-5d7bd15ba11a,"#N/A","#N/A",false,Web,"#N/A","#N/A",Medium,"#N/A",New,Subject_dotqx,"#N/A","#N/A","#N/A","#N/A","#N/A"
ededd52c-2ace-45aa-9926-0d1c955fc981,"#N/A","#N/A",false,Web,"#N/A","#N/A",Medium,"#N/A",New,Subject_dnins,"#N/A","#N/A","#N/A","#N/A","#N/A"
edefb638-7797-4b2c-a61d-74566d3398b0,"#N/A","#N/A",false,Web,"#N/A","#N/A",Medium,"#N/A",New,Subject_dmxxy,"#N/A","#N/A","#N/A","#N/A","#N/A"
edf0e02a-af85-473b-b2f0-b72b9e4a4d9f,"#N/A","#N/A",false,Web,"#N/A","#N/A",Medium,"#N/A",New,Subject_ndesm,"#N/A","#N/A","#N/A","#N/A","#N/A"
edf1cd6c-ec31-4e41-a7ca-13cd41c0325b,"#N/A","#N/A",false,Web,"#N/A","#N/A",Medium,"#N/A",New,Subject_dmeue,"#N/A","#N/A","#N/A","#N/A","#N/A"
edf282ed-9953-4e30-8452-cec0700f7f66,"#N/A","#N/A",false,Web,"#N/A","#N/A",Medium,"#N/A",New,Subject_ghnxw,"#N/A","#N/A","#N/A","#N/A","#N/A"
edf54010-2e5a-4968-b62e-83dc8081f267,"#N/A","#N/A",false,Web,"#N/A","#N/A",Medium,"#N/A",New,Subject_mlhpi,"#N/A","#N/A","#N/A","#N/A","#N/A"
edf714c6-be99-4799-85c7-82d6a96d49ab,"#N/A","#N/A",false,Web,"#N/A","#N/A",Medium,"#N/A",New,Subject_stqwc,"#N/A","#N/A","#N/A","#N/A","#N/A"
edf7b5df-5f62-48e4-b6f2-fae04b24fd64,"#N/A","#N/A",false,Web,"#N/A","#N/A",Medium,"#N/A",New,Subject_cmsaz,"#N/A","#N/A","#N/A","#N/A","#N/A"
edfe215f-e78b-4ce3-9d4e-e3c1f62459d7,"#N/A","#N/A",false,Web,"#N/A","#N/A",Medium,"#N/A",New,Subject_imzzp,"#N/A","#N/A","#N/A","#N/A","#N/A"
ee0740af-379b-404c-858e-4d1df4d915a4,"#N/A","#N/A",false,Web,"#N/A","#N/A",Medium,"#N/A",New,Subject_ddeds,"#N/A","#N/A","#N/A","#N/A","#N/A"
ee0a28cc-37e4-4a21-9cb7-a91027775944,"#N/A","#N/A",false,Web,"#N/A","#N/A",Medium,"#N/A",New,Subject_ufucg,"#N/A","#N/A","#N/A","#N/A","#N/A"
ee0a4ed2-2163-4995-8912-46679966e3e5,"#N/A","#N/A",false,Web,"#N/A","#N/A",Medium,"#N/A",New,Subject_pftni,"#N/A","#N/A","#N/A","#N/A","#N/A"
ee12c355-4fa6-4d40-b4da-181102620ab9,"#N/A","#N/A",false,Web,"#N/A","#N/A",Medium,"#N/A",New,Subject_anqxw,"#N/A","#N/A","#N/A","#N/A","#N/A"
ee1549be-d99e-4fd0-a53c-068ec092f48e,"#N/A","#N/A",false,Web,"#N/A","#N/A",Medium,"#N/A",New,Subject_szlik,"#N/A","#N/A","#N/A","#N/A","#N/A"
ee1b6c6a-b61b-4930-956b-d57d234cf1e8,"#N/A","#N/A",false,Web,"#N/A","#N/A",Medium,"#N/A",New,Subject_yyxqf,"#N/A","#N/A","#N/A","#N/A","#N/A"
ee1f5ee1-6293-4f0f-a297-5f05ceaf4094,"#N/A","#N/A",false,Web,"#N/A","#N/A",Medium,"#N/A",New,Subject_fvoah,"#N/A","#N/A","#N/A","#N/A","#N/A"
ee2395ce-fa05-4df3-a6c2-4fbed2e87f13,"#N/A","#N/A",false,Web,"#N/A","#N/A",Medium,"#N/A",New,Subject_alopc,"#N/A","#N/A","#N/A","#N/A","#N/A"
ee23d053-8f57-45e4-8947-338bb02542f4,"#N/A","#N/A",false,Web,"#N/A","#N/A",Medium,"#N/A",New,Subject_xahir,"#N/A","#N/A","#N/A","#N/A","#N/A"
ee2ac321-7221-4e48-9b45-a56d32efef0b,"#N/A","#N/A",false,Web,"#N/A","#N/A",Medium,"#N/A",New,Subject_feajr,"#N/A","#N/A","#N/A","#N/A","#N/A"
ee2ba0e2-860d-4f1c-a2af-ae5d61fbd005,"#N/A","#N/A",false,Web,"#N/A","#N/A",Medium,"#N/A",New,Subject_uzhib,"#N/A","#N/A","#N/A","#N/A","#N/A"
ee332252-0e17-4706-8918-8fdc0cb61b33,"#N/A","#N/A",false,Web,"#N/A","#N/A",Medium,"#N/A",New,Subject_vmgcu,"#N/A","#N/A","#N/A","#N/A","#N/A"
ee341a06-3b12-46e2-99ef-085e7752901a,"#N/A","#N/A",false,Web,"#N/A","#N/A",Medium,"#N/A",New,Subject_xpygk,"#N/A","#N/A","#N/A","#N/A","#N/A"
ee38cb7f-f462-4f51-86da-e5e06cfe990e,"#N/A","#N/A",false,Web,"#N/A","#N/A",Medium,"#N/A",New,Subject_dyzvv,"#N/A","#N/A","#N/A","#N/A","#N/A"
ee3cc3a4-a08d-4c2d-bd18-01107468c00b,"#N/A","#N/A",false,Web,"#N/A","#N/A",Medium,"#N/A",New,Subject_osqvc,"#N/A","#N/A","#N/A","#N/A","#N/A"
ee3e4837-23d4-457c-bd31-7ea0d60cd30b,"#N/A","#N/A",false,Web,"#N/A","#N/A",Medium,"#N/A",New,Subject_xryer,"#N/A","#N/A","#N/A","#N/A","#N/A"
ee40759f-5875-4a8c-8c3a-ef279466d05c,"#N/A","#N/A",false,Web,"#N/A","#N/A",Medium,"#N/A",New,Subject_vxmoa,"#N/A","#N/A","#N/A","#N/A","#N/A"
ee425fee-1d83-48ff-82c3-9df6542d8aae,"#N/A","#N/A",false,Web,"#N/A","#N/A",Medium,"#N/A",New,Subject_ekssr,"#N/A","#N/A","#N/A","#N/A","#N/A"
ee42c85b-f2b8-4517-a7f4-51b795d07c34,"#N/A","#N/A",false,Web,"#N/A","#N/A",Medium,"#N/A",New,Subject_mxueq,"#N/A","#N/A","#N/A","#N/A","#N/A"
ee445a69-4ad6-413c-ac52-16987e5e6879,"#N/A","#N/A",false,Web,"#N/A","#N/A",Medium,"#N/A",New,Subject_voqck,"#N/A","#N/A","#N/A","#N/A","#N/A"
ee46c6e7-0ea0-45ba-afb7-70432e3768fd,"#N/A","#N/A",false,Web,"#N/A","#N/A",Medium,"#N/A",New,Subject_qirvu,"#N/A","#N/A","#N/A","#N/A","#N/A"
ee4a9cd9-3838-433d-9a4b-6e82659997f3,"#N/A","#N/A",false,Web,"#N/A","#N/A",Medium,"#N/A",New,Subject_rpdmn,"#N/A","#N/A","#N/A","#N/A","#N/A"
ee4fe111-9fa5-44f9-b8db-c845749f8139,"#N/A","#N/A",false,Web,"#N/A","#N/A",Medium,"#N/A",New,Subject_wnkqu,"#N/A","#N/A","#N/A","#N/A","#N/A"
ee52356f-56f6-4b51-a10d-b394fdc4ed10,"#N/A","#N/A",false,Web,"#N/A","#N/A",Medium,"#N/A",New,Subject_vnaea,"#N/A","#N/A","#N/A","#N/A","#N/A"
ee52cc0a-0674-4808-8a16-225be3ee9fe8,"#N/A","#N/A",false,Web,"#N/A","#N/A",Medium,"#N/A",New,Subject_izffa,"#N/A","#N/A","#N/A","#N/A","#N/A"
ee60a838-3951-41bb-98d9-efa509e66e97,"#N/A","#N/A",false,Web,"#N/A","#N/A",Medium,"#N/A",New,Subject_cavgk,"#N/A","#N/A","#N/A","#N/A","#N/A"
ee63f395-db3a-4422-9962-911f5faecbc9,"#N/A","#N/A",false,Web,"#N/A","#N/A",Medium,"#N/A",New,Subject_ztgfs,"#N/A","#N/A","#N/A","#N/A","#N/A"
ee64939e-791b-4ef6-9d2f-8d1b99ba33fa,"#N/A","#N/A",false,Web,"#N/A","#N/A",Medium,"#N/A",New,Subject_jbrob,"#N/A","#N/A","#N/A","#N/A","#N/A"
ee6b3caf-e87e-41c9-8616-f2cb494e3bbe,"#N/A","#N/A",false,Web,"#N/A","#N/A",Medium,"#N/A",New,Subject_qoynr,"#N/A","#N/A","#N/A","#N/A","#N/A"
ee6e608f-10f8-432d-a420-f6e58fffac6b,"#N/A","#N/A",false,Web,"#N/A","#N/A",Medium,"#N/A",New,Subject_irifs,"#N/A","#N/A","#N/A","#N/A","#N/A"
ee6f77d2-e3af-4eb0-8209-c450e8e277d0,"#N/A","#N/A",false,Web,"#N/A","#N/A",Medium,"#N/A",New,Subject_gocti,"#N/A","#N/A","#N/A","#N/A","#N/A"
ee7138ab-2633-4677-aeac-72f739cc6e64,"#N/A","#N/A",false,Web,"#N/A","#N/A",Medium,"#N/A",New,Subject_euihc,"#N/A","#N/A","#N/A","#N/A","#N/A"
ee7560b1-9f2b-4f98-bf13-2aecd8013e82,"#N/A","#N/A",false,Web,"#N/A","#N/A",Medium,"#N/A",New,Subject_akpha,"#N/A","#N/A","#N/A","#N/A","#N/A"
ee75d093-88b8-4bff-b38e-b2b674f1980a,"#N/A","#N/A",false,Web,"#N/A","#N/A",Medium,"#N/A",New,Subject_htamt,"#N/A","#N/A","#N/A","#N/A","#N/A"
ee76ba25-9cb5-432f-b404-883040cc5e3f,"#N/A","#N/A",false,Web,"#N/A","#N/A",Medium,"#N/A",New,Subject_wxufe,"#N/A","#N/A","#N/A","#N/A","#N/A"
ee77f941-ca52-4b4d-8749-a957d39b92f3,"#N/A","#N/A",false,Web,"#N/A","#N/A",Medium,"#N/A",New,Subject_xtrym,"#N/A","#N/A","#N/A","#N/A","#N/A"
ee7c143d-0c67-4233-816c-2d6148a4ef65,"#N/A","#N/A",false,Web,"#N/A","#N/A",Medium,"#N/A",New,Subject_lmztq,"#N/A","#N/A","#N/A","#N/A","#N/A"
ee83acad-9512-454c-8c79-9f780a3bd098,"#N/A","#N/A",false,Web,"#N/A","#N/A",Medium,"#N/A",New,Subject_yxkqu,"#N/A","#N/A","#N/A","#N/A","#N/A"
ee8a9696-9e17-4f7b-bb94-f4367111e693,"#N/A","#N/A",false,Web,"#N/A","#N/A",Medium,"#N/A",New,Subject_ugicb,"#N/A","#N/A","#N/A","#N/A","#N/A"
ee8ad3e6-224d-4f92-98ca-8066c00be84f,"#N/A","#N/A",false,Web,"#N/A","#N/A",Medium,"#N/A",New,Subject_mpjfm,"#N/A","#N/A","#N/A","#N/A","#N/A"
ee8c179c-48dc-43a9-a1dc-1e2ff5902a56,"#N/A","#N/A",false,Web,"#N/A","#N/A",Medium,"#N/A",New,Subject_liwzf,"#N/A","#N/A","#N/A","#N/A","#N/A"
ee8daf37-05a1-4558-a10b-dc5e673fcadf,"#N/A","#N/A",false,Web,"#N/A","#N/A",Medium,"#N/A",New,Subject_jmpmm,"#N/A","#N/A","#N/A","#N/A","#N/A"
ee8e804c-7b52-4bb0-a5ed-a9cdf29ce8bd,"#N/A","#N/A",false,Web,"#N/A","#N/A",Medium,"#N/A",New,Subject_ngvic,"#N/A","#N/A","#N/A","#N/A","#N/A"
ee90bd48-30b1-4374-928c-f53548b5c283,"#N/A","#N/A",false,Web,"#N/A","#N/A",Medium,"#N/A",New,Subject_pfdpf,"#N/A","#N/A","#N/A","#N/A","#N/A"
ee93914b-9073-4ce3-bc17-aa0b64d0f517,"#N/A","#N/A",false,Web,"#N/A","#N/A",Medium,"#N/A",New,Subject_qcnrl,"#N/A","#N/A","#N/A","#N/A","#N/A"
ee93b598-dfac-458d-bc4c-741d914029b5,"#N/A","#N/A",false,Web,"#N/A","#N/A",Medium,"#N/A",New,Subject_mcygt,"#N/A","#N/A","#N/A","#N/A","#N/A"
ee9631dc-fda5-43f8-b6a3-6301c2e1f571,"#N/A","#N/A",false,Web,"#N/A","#N/A",Medium,"#N/A",New,Subject_sobsm,"#N/A","#N/A","#N/A","#N/A","#N/A"
ee9ab19e-4573-462e-aa19-cc528bc5816c,"#N/A","#N/A",false,Web,"#N/A","#N/A",Medium,"#N/A",New,Subject_ispxl,"#N/A","#N/A","#N/A","#N/A","#N/A"
ee9e39a9-2633-4845-8c92-59aeafcabf54,"#N/A","#N/A",false,Web,"#N/A","#N/A",Medium,"#N/A",New,Subject_aowsm,"#N/A","#N/A","#N/A","#N/A","#N/A"
ee9eae7a-9b32-4334-b59f-a8742a4a25e1,"#N/A","#N/A",false,Web,"#N/A","#N/A",Medium,"#N/A",New,Subject_ueqcd,"#N/A","#N/A","#N/A","#N/A","#N/A"
eea508c1-c86c-442c-bf8c-2a75c55a71d5,"#N/A","#N/A",false,Web,"#N/A","#N/A",Medium,"#N/A",New,Subject_bdtup,"#N/A","#N/A","#N/A","#N/A","#N/A"
eea67aeb-6659-45a3-9918-3e833ab6662f,"#N/A","#N/A",false,Web,"#N/A","#N/A",Medium,"#N/A",New,Subject_oggnx,"#N/A","#N/A","#N/A","#N/A","#N/A"
eea80f2c-c302-42af-94d9-874200c4bb30,"#N/A","#N/A",false,Web,"#N/A","#N/A",Medium,"#N/A",New,Subject_gjjog,"#N/A","#N/A","#N/A","#N/A","#N/A"
eeab1408-f295-4666-b6db-bb389d13eaa3,"#N/A","#N/A",false,Web,"#N/A","#N/A",Medium,"#N/A",New,Subject_xrzrv,"#N/A","#N/A","#N/A","#N/A","#N/A"
eeacb724-3564-4046-85ed-415cffc680be,"#N/A","#N/A",false,Web,"#N/A","#N/A",Medium,"#N/A",New,Subject_chtvi,"#N/A","#N/A","#N/A","#N/A","#N/A"
eeae340a-ca4d-4be5-8d9c-5810d24f426c,"#N/A","#N/A",false,Web,"#N/A","#N/A",Medium,"#N/A",New,Subject_dubub,"#N/A","#N/A","#N/A","#N/A","#N/A"
eeaef689-a4a2-4778-bc8e-84c2314d3ca8,"#N/A","#N/A",false,Web,"#N/A","#N/A",Medium,"#N/A",New,Subject_whcif,"#N/A","#N/A","#N/A","#N/A","#N/A"
eeaf7b2f-3b81-410c-b147-09d1faf5765b,"#N/A","#N/A",false,Web,"#N/A","#N/A",Medium,"#N/A",New,Subject_lydka,"#N/A","#N/A","#N/A","#N/A","#N/A"
eeafb8e1-c7ba-4eaf-9c99-cd501ec501ca,"#N/A","#N/A",false,Web,"#N/A","#N/A",Medium,"#N/A",New,Subject_xawaa,"#N/A","#N/A","#N/A","#N/A","#N/A"
eeb27e3e-9426-408f-b43d-b20f146b025c,"#N/A","#N/A",false,Web,"#N/A","#N/A",Medium,"#N/A",New,Subject_pbxgp,"#N/A","#N/A","#N/A","#N/A","#N/A"
eeb37419-bf1c-41ed-b3cd-75aec3d21e7f,"#N/A","#N/A",false,Web,"#N/A","#N/A",Medium,"#N/A",New,Subject_ttpoq,"#N/A","#N/A","#N/A","#N/A","#N/A"
eeb74df5-0e8f-4923-af4b-7189ea3b705d,"#N/A","#N/A",false,Web,"#N/A","#N/A",Medium,"#N/A",New,Subject_kbonq,"#N/A","#N/A","#N/A","#N/A","#N/A"
eeb94146-5417-4334-87e4-90a7f9e6d668,"#N/A","#N/A",false,Web,"#N/A","#N/A",Medium,"#N/A",New,Subject_twxoq,"#N/A","#N/A","#N/A","#N/A","#N/A"
eeb9570b-2200-4c1a-a5ae-5ca6daffe759,"#N/A","#N/A",false,Web,"#N/A","#N/A",Medium,"#N/A",New,Subject_jtunf,"#N/A","#N/A","#N/A","#N/A","#N/A"
eec1d062-f684-4096-b3ad-a94986aa33e9,"#N/A","#N/A",false,Web,"#N/A","#N/A",Medium,"#N/A",New,Subject_bnfmb,"#N/A","#N/A","#N/A","#N/A","#N/A"
eec2a8a2-8e32-4c8b-84b1-91192063d9c0,"#N/A","#N/A",false,Web,"#N/A","#N/A",Medium,"#N/A",New,Subject_qstyt,"#N/A","#N/A","#N/A","#N/A","#N/A"
eec30e95-97a7-495b-bec7-6d3f29bbdd92,"#N/A","#N/A",false,Web,"#N/A","#N/A",Medium,"#N/A",New,Subject_ipouc,"#N/A","#N/A","#N/A","#N/A","#N/A"
eec4c6b2-2fe5-4fd2-a468-505db418ca02,"#N/A","#N/A",false,Web,"#N/A","#N/A",Medium,"#N/A",New,Subject_aaekm,"#N/A","#N/A","#N/A","#N/A","#N/A"
eec6b1d4-b4b1-4abf-a582-5d7777c371ca,"#N/A","#N/A",false,Web,"#N/A","#N/A",Medium,"#N/A",New,Subject_yrzpz,"#N/A","#N/A","#N/A","#N/A","#N/A"
eec989b1-6305-4340-bcf2-9cc19ffa5b88,"#N/A","#N/A",false,Web,"#N/A","#N/A",Medium,"#N/A",New,Subject_rzjlh,"#N/A","#N/A","#N/A","#N/A","#N/A"
eeca5350-cbbd-4a61-ad33-83b15a8f325f,"#N/A","#N/A",false,Web,"#N/A","#N/A",Medium,"#N/A",New,Subject_bdaam,"#N/A","#N/A","#N/A","#N/A","#N/A"
eecf5fa6-d99e-4435-a301-8ca82fbbf2ba,"#N/A","#N/A",false,Web,"#N/A","#N/A",Medium,"#N/A",New,Subject_bteoq,"#N/A","#N/A","#N/A","#N/A","#N/A"
eed3af90-7488-4ce3-8897-7be28b8e352e,"#N/A","#N/A",false,Web,"#N/A","#N/A",Medium,"#N/A",New,Subject_sljsv,"#N/A","#N/A","#N/A","#N/A","#N/A"
eeda4091-4156-4cad-b738-9b93f44ff86f,"#N/A","#N/A",false,Web,"#N/A","#N/A",Medium,"#N/A",New,Subject_wsldv,"#N/A","#N/A","#N/A","#N/A","#N/A"
eedf82ec-6430-47e3-8eef-f7ef17fdd95a,"#N/A","#N/A",false,Web,"#N/A","#N/A",Medium,"#N/A",New,Subject_mvonu,"#N/A","#N/A","#N/A","#N/A","#N/A"
eedf9287-a414-4098-b854-ee455a9f8cb2,"#N/A","#N/A",false,Web,"#N/A","#N/A",Medium,"#N/A",New,Subject_defpl,"#N/A","#N/A","#N/A","#N/A","#N/A"
eee55803-d9c2-47d0-bc61-ec7249e84e6a,"#N/A","#N/A",false,Web,"#N/A","#N/A",Medium,"#N/A",New,Subject_rjkll,"#N/A","#N/A","#N/A","#N/A","#N/A"
eeed0c46-ed3e-47ff-9357-be839b99661c,"#N/A","#N/A",false,Web,"#N/A","#N/A",Medium,"#N/A",New,Subject_lenev,"#N/A","#N/A","#N/A","#N/A","#N/A"
eef04ed9-79c4-4e15-a766-d2bb3af427f3,"#N/A","#N/A",false,Web,"#N/A","#N/A",Medium,"#N/A",New,Subject_smjbi,"#N/A","#N/A","#N/A","#N/A","#N/A"
eef089c0-7a19-492a-86b0-36f19ac112a7,"#N/A","#N/A",false,Web,"#N/A","#N/A",Medium,"#N/A",New,Subject_lwinr,"#N/A","#N/A","#N/A","#N/A","#N/A"
eef401e6-895c-426f-ac5d-beb40ccf6837,"#N/A","#N/A",false,Web,"#N/A","#N/A",Medium,"#N/A",New,Subject_jumjj,"#N/A","#N/A","#N/A","#N/A","#N/A"
eef61278-44ec-4022-8596-ae72a112390f,"#N/A","#N/A",false,Web,"#N/A","#N/A",Medium,"#N/A",New,Subject_kyflk,"#N/A","#N/A","#N/A","#N/A","#N/A"
eefef633-e553-4ad3-a7f8-06f1711f72a7,"#N/A","#N/A",false,Web,"#N/A","#N/A",Medium,"#N/A",New,Subject_tsmrv,"#N/A","#N/A","#N/A","#N/A","#N/A"
eeff0489-7d40-4b3d-903d-bf8bf70d92cf,"#N/A","#N/A",false,Web,"#N/A","#N/A",Medium,"#N/A",New,Subject_awdqj,"#N/A","#N/A","#N/A","#N/A","#N/A"
eeffb2ef-69fe-4012-8dfb-48616676c80d,"#N/A","#N/A",false,Web,"#N/A","#N/A",Medium,"#N/A",New,Subject_dwbty,"#N/A","#N/A","#N/A","#N/A","#N/A"
ef018a78-667b-46cb-a6a2-c67690eb8520,"#N/A","#N/A",false,Web,"#N/A","#N/A",Medium,"#N/A",New,Subject_exjrc,"#N/A","#N/A","#N/A","#N/A","#N/A"
ef02744c-58fa-4e33-b0b5-6fa3e27b1168,"#N/A","#N/A",false,Web,"#N/A","#N/A",Medium,"#N/A",New,Subject_psoil,"#N/A","#N/A","#N/A","#N/A","#N/A"
ef033355-1975-4146-8004-2a3a38be730d,"#N/A","#N/A",false,Web,"#N/A","#N/A",Medium,"#N/A",New,Subject_sclqg,"#N/A","#N/A","#N/A","#N/A","#N/A"
ef061eb2-bdfd-4c33-a765-238684c806ce,"#N/A","#N/A",false,Web,"#N/A","#N/A",Medium,"#N/A",New,Subject_zbkxz,"#N/A","#N/A","#N/A","#N/A","#N/A"
ef087b27-a15a-4370-81c1-f27ccc75ca07,"#N/A","#N/A",false,Web,"#N/A","#N/A",Medium,"#N/A",New,Subject_ecdcu,"#N/A","#N/A","#N/A","#N/A","#N/A"
ef0a90e4-43e2-4bf3-a871-c3387d7db49f,"#N/A","#N/A",false,Web,"#N/A","#N/A",Medium,"#N/A",New,Subject_qgazp,"#N/A","#N/A","#N/A","#N/A","#N/A"
ef10d05f-adf5-4a9f-b42d-8b9b5c5357af,"#N/A","#N/A",false,Web,"#N/A","#N/A",Medium,"#N/A",New,Subject_astdg,"#N/A","#N/A","#N/A","#N/A","#N/A"
ef13b3d3-d94d-4eef-84c4-88fbafed0f0c,"#N/A","#N/A",false,Web,"#N/A","#N/A",Medium,"#N/A",New,Subject_hkzta,"#N/A","#N/A","#N/A","#N/A","#N/A"
ef19c20c-6863-4a5f-b996-3ff9c4176554,"#N/A","#N/A",false,Web,"#N/A","#N/A",Medium,"#N/A",New,Subject_wpfiu,"#N/A","#N/A","#N/A","#N/A","#N/A"
ef1aca79-1508-4058-a749-fbea83287258,"#N/A","#N/A",false,Web,"#N/A","#N/A",Medium,"#N/A",New,Subject_nsahg,"#N/A","#N/A","#N/A","#N/A","#N/A"
ef1f7fff-2310-47b3-b18d-81232836c1e6,"#N/A","#N/A",false,Web,"#N/A","#N/A",Medium,"#N/A",New,Subject_isuvo,"#N/A","#N/A","#N/A","#N/A","#N/A"
ef205c50-4188-40aa-9c75-c8ee0d77d5ad,"#N/A","#N/A",false,Web,"#N/A","#N/A",Medium,"#N/A",New,Subject_jnqus,"#N/A","#N/A","#N/A","#N/A","#N/A"
ef21f874-0a87-4b9b-a6d9-1fd7fbf51759,"#N/A","#N/A",false,Web,"#N/A","#N/A",Medium,"#N/A",New,Subject_ezstq,"#N/A","#N/A","#N/A","#N/A","#N/A"
ef2b519b-479f-451e-8151-240da872b5bb,"#N/A","#N/A",false,Web,"#N/A","#N/A",Medium,"#N/A",New,Subject_uzuif,"#N/A","#N/A","#N/A","#N/A","#N/A"
ef2da643-4033-491f-a692-a41ada61c2a4,"#N/A","#N/A",false,Web,"#N/A","#N/A",Medium,"#N/A",New,Subject_idbuz,"#N/A","#N/A","#N/A","#N/A","#N/A"
ef2f8df8-27cb-4402-9261-b067d73d1b48,"#N/A","#N/A",false,Web,"#N/A","#N/A",Medium,"#N/A",New,Subject_voklq,"#N/A","#N/A","#N/A","#N/A","#N/A"
ef2fd1e2-2f24-49d0-9320-4a2a6dd4424d,"#N/A","#N/A",false,Web,"#N/A","#N/A",Medium,"#N/A",New,Subject_fepyz,"#N/A","#N/A","#N/A","#N/A","#N/A"
ef347300-a3f6-4661-b943-80828c96d949,"#N/A","#N/A",false,Web,"#N/A","#N/A",Medium,"#N/A",New,Subject_lzqtr,"#N/A","#N/A","#N/A","#N/A","#N/A"
ef389a78-2916-4fa7-881c-30e2fd421d90,"#N/A","#N/A",false,Web,"#N/A","#N/A",Medium,"#N/A",New,Subject_rputt,"#N/A","#N/A","#N/A","#N/A","#N/A"
ef395ed7-f755-489e-9b9c-cb9c84caa8d2,"#N/A","#N/A",false,Web,"#N/A","#N/A",Medium,"#N/A",New,Subject_vcitj,"#N/A","#N/A","#N/A","#N/A","#N/A"
ef3a8493-346a-4112-a6ff-0815d06e96ac,"#N/A","#N/A",false,Web,"#N/A","#N/A",Medium,"#N/A",New,Subject_mrmux,"#N/A","#N/A","#N/A","#N/A","#N/A"
ef3c3057-da9c-4c31-ba39-f038389b8b3c,"#N/A","#N/A",false,Web,"#N/A","#N/A",Medium,"#N/A",New,Subject_sqlat,"#N/A","#N/A","#N/A","#N/A","#N/A"
ef3d506f-bf82-4ddb-bf0f-95d29cf612e6,"#N/A","#N/A",false,Web,"#N/A","#N/A",Medium,"#N/A",New,Subject_vlcve,"#N/A","#N/A","#N/A","#N/A","#N/A"
ef3d97d9-3446-4afe-a681-3d95cc9c9a2a,"#N/A","#N/A",false,Web,"#N/A","#N/A",Medium,"#N/A",New,Subject_gwvmx,"#N/A","#N/A","#N/A","#N/A","#N/A"
ef3e192e-e57c-4fd5-9f7c-3d87ff99a72c,"#N/A","#N/A",false,Web,"#N/A","#N/A",Medium,"#N/A",New,Subject_rcrso,"#N/A","#N/A","#N/A","#N/A","#N/A"
ef40c932-9d29-41b6-87ea-10833379ba75,"#N/A","#N/A",false,Web,"#N/A","#N/A",Medium,"#N/A",New,Subject_qbrhp,"#N/A","#N/A","#N/A","#N/A","#N/A"
ef49286d-b375-4e23-9a8b-726d4b596b1b,"#N/A","#N/A",false,Web,"#N/A","#N/A",Medium,"#N/A",New,Subject_bgtwt,"#N/A","#N/A","#N/A","#N/A","#N/A"
ef4a2c7d-57d1-4719-ab36-5252debba6b6,"#N/A","#N/A",false,Web,"#N/A","#N/A",Medium,"#N/A",New,Subject_emqhm,"#N/A","#N/A","#N/A","#N/A","#N/A"
ef5437fa-4e51-4441-88a2-98d6e23c37a7,"#N/A","#N/A",false,Web,"#N/A","#N/A",Medium,"#N/A",New,Subject_zqllr,"#N/A","#N/A","#N/A","#N/A","#N/A"
ef55ac81-faf1-4aa2-8ad1-1ddb3c841e07,"#N/A","#N/A",false,Web,"#N/A","#N/A",Medium,"#N/A",New,Subject_podvc,"#N/A","#N/A","#N/A","#N/A","#N/A"
ef57af59-fdb5-468f-a407-4eae248a633f,"#N/A","#N/A",false,Web,"#N/A","#N/A",Medium,"#N/A",New,Subject_fzlkf,"#N/A","#N/A","#N/A","#N/A","#N/A"
ef5bdb27-02c0-4c42-85fb-7c98e43b5994,"#N/A","#N/A",false,Web,"#N/A","#N/A",Medium,"#N/A",New,Subject_qqoxz,"#N/A","#N/A","#N/A","#N/A","#N/A"
ef5c2f33-7172-44e7-a71c-4b915af2a3b4,"#N/A","#N/A",false,Web,"#N/A","#N/A",Medium,"#N/A",New,Subject_yjtkd,"#N/A","#N/A","#N/A","#N/A","#N/A"
ef5f9a50-b5ba-4a41-9c53-06089ae608de,"#N/A","#N/A",false,Web,"#N/A","#N/A",Medium,"#N/A",New,Subject_dsemx,"#N/A","#N/A","#N/A","#N/A","#N/A"
ef600b1e-97b8-4583-b8e0-b3df6e9e5d0a,"#N/A","#N/A",false,Web,"#N/A","#N/A",Medium,"#N/A",New,Subject_fqzys,"#N/A","#N/A","#N/A","#N/A","#N/A"
ef666657-897c-441c-8aa4-099c5e64d2b0,"#N/A","#N/A",false,Web,"#N/A","#N/A",Medium,"#N/A",New,Subject_xfvtx,"#N/A","#N/A","#N/A","#N/A","#N/A"
ef68ed6e-ea20-4540-8f72-4e67d98620f3,"#N/A","#N/A",false,Web,"#N/A","#N/A",Medium,"#N/A",New,Subject_qnxiz,"#N/A","#N/A","#N/A","#N/A","#N/A"
ef6d4bb1-39fa-4272-8c26-86644731ef41,"#N/A","#N/A",false,Web,"#N/A","#N/A",Medium,"#N/A",New,Subject_dxaps,"#N/A","#N/A","#N/A","#N/A","#N/A"
ef6e69e9-caab-425a-856f-d53772505d31,"#N/A","#N/A",false,Web,"#N/A","#N/A",Medium,"#N/A",New,Subject_cegsl,"#N/A","#N/A","#N/A","#N/A","#N/A"
ef6f9dfa-fe4f-4526-899f-b9bd7854086f,"#N/A","#N/A",false,Web,"#N/A","#N/A",Medium,"#N/A",New,Subject_zowdy,"#N/A","#N/A","#N/A","#N/A","#N/A"
ef73ea45-f5dd-4e0c-b067-8aa0f6c64331,"#N/A","#N/A",false,Web,"#N/A","#N/A",Medium,"#N/A",New,Subject_gmelf,"#N/A","#N/A","#N/A","#N/A","#N/A"
ef755297-c821-4c94-af8f-5a59097928ee,"#N/A","#N/A",false,Web,"#N/A","#N/A",Medium,"#N/A",New,Subject_rbvpy,"#N/A","#N/A","#N/A","#N/A","#N/A"
ef7cbbbe-d54d-4939-9b7d-af992ab26cbf,"#N/A","#N/A",false,Web,"#N/A","#N/A",Medium,"#N/A",New,Subject_pxdrj,"#N/A","#N/A","#N/A","#N/A","#N/A"
ef851727-9715-474a-b7e5-9a8d893298ef,"#N/A","#N/A",false,Web,"#N/A","#N/A",Medium,"#N/A",New,Subject_zwouo,"#N/A","#N/A","#N/A","#N/A","#N/A"
ef85e385-a1a1-4d27-8f7f-5dec5dcc0784,"#N/A","#N/A",false,Web,"#N/A","#N/A",Medium,"#N/A",New,Subject_evroh,"#N/A","#N/A","#N/A","#N/A","#N/A"
ef863ef6-12a9-4c1a-8653-749cff5b45c9,"#N/A","#N/A",false,Web,"#N/A","#N/A",Medium,"#N/A",New,Subject_pjqnp,"#N/A","#N/A","#N/A","#N/A","#N/A"
ef86e3f4-9238-4a4b-b4db-22a36aab0f7f,"#N/A","#N/A",false,Web,"#N/A","#N/A",Medium,"#N/A",New,Subject_kesyk,"#N/A","#N/A","#N/A","#N/A","#N/A"
ef8d7e5d-cfe8-436b-a7a8-61074ddd1646,"#N/A","#N/A",false,Web,"#N/A","#N/A",Medium,"#N/A",New,Subject_ejyyk,"#N/A","#N/A","#N/A","#N/A","#N/A"
ef90acfe-f904-4de9-922d-cde277de5372,"#N/A","#N/A",false,Web,"#N/A","#N/A",Medium,"#N/A",New,Subject_pgwgr,"#N/A","#N/A","#N/A","#N/A","#N/A"
ef917d5a-4bd7-40b2-b11f-64cc9181a4c3,"#N/A","#N/A",false,Web,"#N/A","#N/A",Medium,"#N/A",New,Subject_yukpd,"#N/A","#N/A","#N/A","#N/A","#N/A"
ef919df1-0008-4973-b4fc-1ae84122039d,"#N/A","#N/A",false,Web,"#N/A","#N/A",Medium,"#N/A",New,Subject_lxnqv,"#N/A","#N/A","#N/A","#N/A","#N/A"
ef95fc3b-378d-448c-90e9-e29492b09060,"#N/A","#N/A",false,Web,"#N/A","#N/A",Medium,"#N/A",New,Subject_zkayo,"#N/A","#N/A","#N/A","#N/A","#N/A"
ef987a77-bd74-4f6f-b7b0-68d28e0b821d,"#N/A","#N/A",false,Web,"#N/A","#N/A",Medium,"#N/A",New,Subject_pvbuu,"#N/A","#N/A","#N/A","#N/A","#N/A"
ef98b34f-4140-461d-8127-d0753c14a580,"#N/A","#N/A",false,Web,"#N/A","#N/A",Medium,"#N/A",New,Subject_ixcyu,"#N/A","#N/A","#N/A","#N/A","#N/A"
ef9cd7c1-cd86-46c1-9e7b-11911a89830d,"#N/A","#N/A",false,Web,"#N/A","#N/A",Medium,"#N/A",New,Subject_fkrsu,"#N/A","#N/A","#N/A","#N/A","#N/A"
ef9d72b9-d193-4ed9-b678-14ab882397dd,"#N/A","#N/A",false,Web,"#N/A","#N/A",Medium,"#N/A",New,Subject_rmegk,"#N/A","#N/A","#N/A","#N/A","#N/A"
ef9da17c-4d5d-40c1-98be-c7c12eea5dbf,"#N/A","#N/A",false,Web,"#N/A","#N/A",Medium,"#N/A",New,Subject_avceo,"#N/A","#N/A","#N/A","#N/A","#N/A"
efa30531-89a2-4109-b518-0438bff30438,"#N/A","#N/A",false,Web,"#N/A","#N/A",Medium,"#N/A",New,Subject_bigid,"#N/A","#N/A","#N/A","#N/A","#N/A"
efa3cc3a-0510-4f12-97fe-c9f4e4aa6c39,"#N/A","#N/A",false,Web,"#N/A","#N/A",Medium,"#N/A",New,Subject_taeci,"#N/A","#N/A","#N/A","#N/A","#N/A"
efa642f3-3db0-4ffd-85a2-2bfba47aa6dc,"#N/A","#N/A",false,Web,"#N/A","#N/A",Medium,"#N/A",New,Subject_mpboq,"#N/A","#N/A","#N/A","#N/A","#N/A"
efa9290f-39bf-4275-a9dc-9ebb74cb64b1,"#N/A","#N/A",false,Web,"#N/A","#N/A",Medium,"#N/A",New,Subject_xausw,"#N/A","#N/A","#N/A","#N/A","#N/A"
efaa1daf-4744-4192-bdb9-e5f21c965430,"#N/A","#N/A",false,Web,"#N/A","#N/A",Medium,"#N/A",New,Subject_nqkru,"#N/A","#N/A","#N/A","#N/A","#N/A"
efad6a81-3d2e-4350-9886-2d4f26fd35db,"#N/A","#N/A",false,Web,"#N/A","#N/A",Medium,"#N/A",New,Subject_uzkef,"#N/A","#N/A","#N/A","#N/A","#N/A"
efad7c88-8bf4-4837-ac9d-f81544c32287,"#N/A","#N/A",false,Web,"#N/A","#N/A",Medium,"#N/A",New,Subject_xqkjo,"#N/A","#N/A","#N/A","#N/A","#N/A"
efaf2429-c7ad-4d2f-b356-3c2f261d24c4,"#N/A","#N/A",false,Web,"#N/A","#N/A",Medium,"#N/A",New,Subject_wkowz,"#N/A","#N/A","#N/A","#N/A","#N/A"
efb15ec6-7f97-4fd9-96c0-efe19896fc97,"#N/A","#N/A",false,Web,"#N/A","#N/A",Medium,"#N/A",New,Subject_dkofu,"#N/A","#N/A","#N/A","#N/A","#N/A"
efb17354-7127-4f5c-b4a5-4203fb8b9901,"#N/A","#N/A",false,Web,"#N/A","#N/A",Medium,"#N/A",New,Subject_atkoe,"#N/A","#N/A","#N/A","#N/A","#N/A"
efb1e58a-c490-4444-8cef-adbe7142d001,"#N/A","#N/A",false,Web,"#N/A","#N/A",Medium,"#N/A",New,Subject_uzbkm,"#N/A","#N/A","#N/A","#N/A","#N/A"
efb205fd-2e40-456e-9981-6358c138b42f,"#N/A","#N/A",false,Web,"#N/A","#N/A",Medium,"#N/A",New,Subject_qlvqw,"#N/A","#N/A","#N/A","#N/A","#N/A"
efb2c6dc-fe04-42ba-8a04-a1f26ef0842b,"#N/A","#N/A",false,Web,"#N/A","#N/A",Medium,"#N/A",New,Subject_tbgld,"#N/A","#N/A","#N/A","#N/A","#N/A"
efbb9c2a-8817-4603-9f53-c0b3ac550428,"#N/A","#N/A",false,Web,"#N/A","#N/A",Medium,"#N/A",New,Subject_ekcmd,"#N/A","#N/A","#N/A","#N/A","#N/A"
efc37ebd-46ab-4fbe-afbf-8c4b50c84377,"#N/A","#N/A",false,Web,"#N/A","#N/A",Medium,"#N/A",New,Subject_kxvwm,"#N/A","#N/A","#N/A","#N/A","#N/A"
efc7c746-e6be-4b45-97a2-dbb2da153581,"#N/A","#N/A",false,Web,"#N/A","#N/A",Medium,"#N/A",New,Subject_mqzqm,"#N/A","#N/A","#N/A","#N/A","#N/A"
efc7f152-a4a1-47cc-8404-ba12ce7f93a9,"#N/A","#N/A",false,Web,"#N/A","#N/A",Medium,"#N/A",New,Subject_takcw,"#N/A","#N/A","#N/A","#N/A","#N/A"
efcc74f3-52f7-4759-84e9-ea24af3d16ef,"#N/A","#N/A",false,Web,"#N/A","#N/A",Medium,"#N/A",New,Subject_izgeu,"#N/A","#N/A","#N/A","#N/A","#N/A"
efd4a29e-f2c1-41f8-97b1-de00cf3d25a4,"#N/A","#N/A",false,Web,"#N/A","#N/A",Medium,"#N/A",New,Subject_fyude,"#N/A","#N/A","#N/A","#N/A","#N/A"
efd59dda-f56f-4c40-8c96-b9bdcf283f85,"#N/A","#N/A",false,Web,"#N/A","#N/A",Medium,"#N/A",New,Subject_uywjl,"#N/A","#N/A","#N/A","#N/A","#N/A"
efd728ec-9fce-4f5f-a365-7bfa61aaac89,"#N/A","#N/A",false,Web,"#N/A","#N/A",Medium,"#N/A",New,Subject_qeays,"#N/A","#N/A","#N/A","#N/A","#N/A"
efd7caf4-cef4-44fa-9060-13004990dd3d,"#N/A","#N/A",false,Web,"#N/A","#N/A",Medium,"#N/A",New,Subject_qfuys,"#N/A","#N/A","#N/A","#N/A","#N/A"
efd8f1e0-8b61-4041-806c-8eb1170c2535,"#N/A","#N/A",false,Web,"#N/A","#N/A",Medium,"#N/A",New,Subject_hyizl,"#N/A","#N/A","#N/A","#N/A","#N/A"
efdcc1cb-7d51-49dc-8a91-56209e970a2c,"#N/A","#N/A",false,Web,"#N/A","#N/A",Medium,"#N/A",New,Subject_osvtk,"#N/A","#N/A","#N/A","#N/A","#N/A"
efe0b4aa-b35e-46be-b4fc-fb3e3d78ded4,"#N/A","#N/A",false,Web,"#N/A","#N/A",Medium,"#N/A",New,Subject_butro,"#N/A","#N/A","#N/A","#N/A","#N/A"
efe3a7d6-909b-4c6c-a04f-9cd643125e2a,"#N/A","#N/A",false,Web,"#N/A","#N/A",Medium,"#N/A",New,Subject_eehnv,"#N/A","#N/A","#N/A","#N/A","#N/A"
efe3fc5f-8cee-43c0-9bbb-ed80d30f3e25,"#N/A","#N/A",false,Web,"#N/A","#N/A",Medium,"#N/A",New,Subject_qzula,"#N/A","#N/A","#N/A","#N/A","#N/A"
efe8d810-5c50-4906-8ee3-aa121bd8b515,"#N/A","#N/A",false,Web,"#N/A","#N/A",Medium,"#N/A",New,Subject_gtdku,"#N/A","#N/A","#N/A","#N/A","#N/A"
efef9cac-24cd-4134-8387-68489d3aeeb9,"#N/A","#N/A",false,Web,"#N/A","#N/A",Medium,"#N/A",New,Subject_wbtxn,"#N/A","#N/A","#N/A","#N/A","#N/A"
eff1a6cc-b35c-4ad3-a305-c082df412898,"#N/A","#N/A",false,Web,"#N/A","#N/A",Medium,"#N/A",New,Subject_pdurj,"#N/A","#N/A","#N/A","#N/A","#N/A"
eff29f46-09a0-492a-8cea-81d99d3f9600,"#N/A","#N/A",false,Web,"#N/A","#N/A",Medium,"#N/A",New,Subject_rcgef,"#N/A","#N/A","#N/A","#N/A","#N/A"
eff435ac-a21b-4e37-a2dc-7a861edcb4e8,"#N/A","#N/A",false,Web,"#N/A","#N/A",Medium,"#N/A",New,Subject_uhgko,"#N/A","#N/A","#N/A","#N/A","#N/A"
eff549f4-0abe-4d2b-92ac-060c1ab52a9c,"#N/A","#N/A",false,Web,"#N/A","#N/A",Medium,"#N/A",New,Subject_wupjx,"#N/A","#N/A","#N/A","#N/A","#N/A"
effd8ea1-2d90-42e9-b387-8676818decf5,"#N/A","#N/A",false,Web,"#N/A","#N/A",Medium,"#N/A",New,Subject_wnpmx,"#N/A","#N/A","#N/A","#N/A","#N/A"
efff05f4-3d65-423e-8d69-2abd7beb6189,"#N/A","#N/A",false,Web,"#N/A","#N/A",Medium,"#N/A",New,Subject_upoqm,"#N/A","#N/A","#N/A","#N/A","#N/A"
f001a8a0-028d-4161-b9aa-26268247dd4f,"#N/A","#N/A",false,Web,"#N/A","#N/A",Medium,"#N/A",New,Subject_ansyt,"#N/A","#N/A","#N/A","#N/A","#N/A"
f00f64c9-bb5e-49dd-87c2-fb458b4ea893,"#N/A","#N/A",false,Web,"#N/A","#N/A",Medium,"#N/A",New,Subject_pgzyi,"#N/A","#N/A","#N/A","#N/A","#N/A"
f014619b-5146-48c6-b1ea-7ee7d863717a,"#N/A","#N/A",false,Web,"#N/A","#N/A",Medium,"#N/A",New,Subject_nqytz,"#N/A","#N/A","#N/A","#N/A","#N/A"
f0146cbf-60ff-4e1e-8888-800123b31ef9,"#N/A","#N/A",false,Web,"#N/A","#N/A",Medium,"#N/A",New,Subject_frwcv,"#N/A","#N/A","#N/A","#N/A","#N/A"
f015d606-6eed-4806-974c-379a5174aca1,"#N/A","#N/A",false,Web,"#N/A","#N/A",Medium,"#N/A",New,Subject_vnosa,"#N/A","#N/A","#N/A","#N/A","#N/A"
f017a3cc-0724-412b-9082-0734afc0d286,"#N/A","#N/A",false,Web,"#N/A","#N/A",Medium,"#N/A",New,Subject_oztwt,"#N/A","#N/A","#N/A","#N/A","#N/A"
f018328a-4d70-457d-a706-ff60f4e515e1,"#N/A","#N/A",false,Web,"#N/A","#N/A",Medium,"#N/A",New,Subject_yrrwn,"#N/A","#N/A","#N/A","#N/A","#N/A"
f01bc1fb-2353-4174-9b91-89693f8230c1,"#N/A","#N/A",false,Web,"#N/A","#N/A",Medium,"#N/A",New,Subject_immgc,"#N/A","#N/A","#N/A","#N/A","#N/A"
f021dbcd-269d-4e96-a87f-d5f5b5b0d9b5,"#N/A","#N/A",false,Web,"#N/A","#N/A",Medium,"#N/A",New,Subject_asrgz,"#N/A","#N/A","#N/A","#N/A","#N/A"
f023f6aa-aa8b-4d51-92ee-4c2be9aba0b9,"#N/A","#N/A",false,Web,"#N/A","#N/A",Medium,"#N/A",New,Subject_ekxex,"#N/A","#N/A","#N/A","#N/A","#N/A"
f027d2a5-363c-4b3a-97d8-5795f4e2b892,"#N/A","#N/A",false,Web,"#N/A","#N/A",Medium,"#N/A",New,Subject_aebre,"#N/A","#N/A","#N/A","#N/A","#N/A"
f0292f2c-531c-406a-83af-5b2c2f109a08,"#N/A","#N/A",false,Web,"#N/A","#N/A",Medium,"#N/A",New,Subject_mhijn,"#N/A","#N/A","#N/A","#N/A","#N/A"
f02b7a3f-508f-4111-975f-45fe482b2451,"#N/A","#N/A",false,Web,"#N/A","#N/A",Medium,"#N/A",New,Subject_rqghs,"#N/A","#N/A","#N/A","#N/A","#N/A"
f02bb626-9a19-4832-8395-b8ec402e03d7,"#N/A","#N/A",false,Web,"#N/A","#N/A",Medium,"#N/A",New,Subject_bgmto,"#N/A","#N/A","#N/A","#N/A","#N/A"
f02e8d2a-c730-47ae-9794-b5ea184d2f2a,"#N/A","#N/A",false,Web,"#N/A","#N/A",Medium,"#N/A",New,Subject_yelqb,"#N/A","#N/A","#N/A","#N/A","#N/A"
f02ecb1b-62de-4180-bd6a-2be986a8b965,"#N/A","#N/A",false,Web,"#N/A","#N/A",Medium,"#N/A",New,Subject_xleux,"#N/A","#N/A","#N/A","#N/A","#N/A"
f033d993-2981-41f9-89be-6c1c8f2fd2cc,"#N/A","#N/A",false,Web,"#N/A","#N/A",Medium,"#N/A",New,Subject_xxbve,"#N/A","#N/A","#N/A","#N/A","#N/A"
f0398649-6401-41ee-b92e-ae4f0ac72e0a,"#N/A","#N/A",false,Web,"#N/A","#N/A",Medium,"#N/A",New,Subject_clbob,"#N/A","#N/A","#N/A","#N/A","#N/A"
f03db0f9-5c2b-4e47-b096-b97a317afe8c,"#N/A","#N/A",false,Web,"#N/A","#N/A",Medium,"#N/A",New,Subject_pbwaq,"#N/A","#N/A","#N/A","#N/A","#N/A"
f03ea0af-98db-4ddd-8dd4-18d841896ccb,"#N/A","#N/A",false,Web,"#N/A","#N/A",Medium,"#N/A",New,Subject_ubxpy,"#N/A","#N/A","#N/A","#N/A","#N/A"
f03f3216-d024-4fb0-8521-df3d21ca622b,"#N/A","#N/A",false,Web,"#N/A","#N/A",Medium,"#N/A",New,Subject_uavyk,"#N/A","#N/A","#N/A","#N/A","#N/A"
f03fafb0-8ff9-4c0a-9950-d866f9da5295,"#N/A","#N/A",false,Web,"#N/A","#N/A",Medium,"#N/A",New,Subject_eityt,"#N/A","#N/A","#N/A","#N/A","#N/A"
f0410ae5-77dd-4aa7-baac-8236d081538d,"#N/A","#N/A",false,Web,"#N/A","#N/A",Medium,"#N/A",New,Subject_zeuqn,"#N/A","#N/A","#N/A","#N/A","#N/A"
f0422caf-9ffb-4bfe-99c0-100808ae245d,"#N/A","#N/A",false,Web,"#N/A","#N/A",Medium,"#N/A",New,Subject_nhsjs,"#N/A","#N/A","#N/A","#N/A","#N/A"
f0449e5a-f216-4b10-b6e6-f866e872f355,"#N/A","#N/A",false,Web,"#N/A","#N/A",Medium,"#N/A",New,Subject_ycosd,"#N/A","#N/A","#N/A","#N/A","#N/A"
f0479e0d-c690-4093-b181-2644a9363ba9,"#N/A","#N/A",false,Web,"#N/A","#N/A",Medium,"#N/A",New,Subject_msmki,"#N/A","#N/A","#N/A","#N/A","#N/A"
f0488e82-c2c2-4093-91e7-2dd6bd2300b8,"#N/A","#N/A",false,Web,"#N/A","#N/A",Medium,"#N/A",New,Subject_gxnfn,"#N/A","#N/A","#N/A","#N/A","#N/A"
f048ec06-1a48-4a7a-8d5e-63247d6b80c1,"#N/A","#N/A",false,Web,"#N/A","#N/A",Medium,"#N/A",New,Subject_baxnb,"#N/A","#N/A","#N/A","#N/A","#N/A"
f04f1735-db52-4439-93c4-a4df12cebec7,"#N/A","#N/A",false,Web,"#N/A","#N/A",Medium,"#N/A",New,Subject_eahvn,"#N/A","#N/A","#N/A","#N/A","#N/A"
f0540f16-b6ef-48e6-a35f-2c8fd161a6a4,"#N/A","#N/A",false,Web,"#N/A","#N/A",Medium,"#N/A",New,Subject_meepv,"#N/A","#N/A","#N/A","#N/A","#N/A"
f05b6782-c9c1-42ff-a676-05f0f3a399be,"#N/A","#N/A",false,Web,"#N/A","#N/A",Medium,"#N/A",New,Subject_cuhdi,"#N/A","#N/A","#N/A","#N/A","#N/A"
f05f3e4f-d292-4842-8109-b4213a5dbfd3,"#N/A","#N/A",false,Web,"#N/A","#N/A",Medium,"#N/A",New,Subject_kcfns,"#N/A","#N/A","#N/A","#N/A","#N/A"
f05f9522-8c0f-4dac-9635-bd5a137cf1c5,"#N/A","#N/A",false,Web,"#N/A","#N/A",Medium,"#N/A",New,Subject_lfxdf,"#N/A","#N/A","#N/A","#N/A","#N/A"
f060c3e6-de0e-4fbf-bbf7-166674d53bc3,"#N/A","#N/A",false,Web,"#N/A","#N/A",Medium,"#N/A",New,Subject_papyx,"#N/A","#N/A","#N/A","#N/A","#N/A"
f06274da-a79a-47ec-bc02-7d1ac24e2448,"#N/A","#N/A",false,Web,"#N/A","#N/A",Medium,"#N/A",New,Subject_fkqht,"#N/A","#N/A","#N/A","#N/A","#N/A"
f063a490-4853-45dd-aae5-59ddcfbf4207,"#N/A","#N/A",false,Web,"#N/A","#N/A",Medium,"#N/A",New,Subject_gozjx,"#N/A","#N/A","#N/A","#N/A","#N/A"
f065b1ca-dc71-42d2-b4a9-08410d0eb497,"#N/A","#N/A",false,Web,"#N/A","#N/A",Medium,"#N/A",New,Subject_rrusl,"#N/A","#N/A","#N/A","#N/A","#N/A"
f0669ccd-97d9-4b18-9371-ce8dc8f7a698,"#N/A","#N/A",false,Web,"#N/A","#N/A",Medium,"#N/A",New,Subject_vzreh,"#N/A","#N/A","#N/A","#N/A","#N/A"
f069387f-5a07-40d9-a00a-a2580b3726af,"#N/A","#N/A",false,Web,"#N/A","#N/A",Medium,"#N/A",New,Subject_vzvdz,"#N/A","#N/A","#N/A","#N/A","#N/A"
f06b8b23-7045-433f-a9b5-463c9b2fd663,"#N/A","#N/A",false,Web,"#N/A","#N/A",Medium,"#N/A",New,Subject_xfzte,"#N/A","#N/A","#N/A","#N/A","#N/A"
f0721b7c-0fec-4a1e-aa0a-566522ed0a52,"#N/A","#N/A",false,Web,"#N/A","#N/A",Medium,"#N/A",New,Subject_zizfp,"#N/A","#N/A","#N/A","#N/A","#N/A"
f07391bb-bfc4-420c-9882-4828000b5a06,"#N/A","#N/A",false,Web,"#N/A","#N/A",Medium,"#N/A",New,Subject_dnohv,"#N/A","#N/A","#N/A","#N/A","#N/A"
f074bf6b-972c-4be6-8f40-a21776d6d18f,"#N/A","#N/A",false,Web,"#N/A","#N/A",Medium,"#N/A",New,Subject_sryub,"#N/A","#N/A","#N/A","#N/A","#N/A"
f0776a0e-47af-4472-98fd-00b6d0290446,"#N/A","#N/A",false,Web,"#N/A","#N/A",Medium,"#N/A",New,Subject_kokzn,"#N/A","#N/A","#N/A","#N/A","#N/A"
f07a3b7e-22c2-4e7c-bcaf-dff30163659d,"#N/A","#N/A",false,Web,"#N/A","#N/A",Medium,"#N/A",New,Subject_jjwfg,"#N/A","#N/A","#N/A","#N/A","#N/A"
f07cef4b-44fd-44fe-bb64-300dbe7636c9,"#N/A","#N/A",false,Web,"#N/A","#N/A",Medium,"#N/A",New,Subject_jcsmw,"#N/A","#N/A","#N/A","#N/A","#N/A"
f080dc6a-a052-48fc-94cc-4971f88ab22b,"#N/A","#N/A",false,Web,"#N/A","#N/A",Medium,"#N/A",New,Subject_tlqsm,"#N/A","#N/A","#N/A","#N/A","#N/A"
f084a28f-0d19-498c-9844-d4090794cb88,"#N/A","#N/A",false,Web,"#N/A","#N/A",Medium,"#N/A",New,Subject_ggezn,"#N/A","#N/A","#N/A","#N/A","#N/A"
f085f12f-a459-4055-b9fb-f3a0acf6a5f9,"#N/A","#N/A",false,Web,"#N/A","#N/A",Medium,"#N/A",New,Subject_lokzk,"#N/A","#N/A","#N/A","#N/A","#N/A"
f0871591-996d-4233-92e0-c26a05acc4f2,"#N/A","#N/A",false,Web,"#N/A","#N/A",Medium,"#N/A",New,Subject_cznoe,"#N/A","#N/A","#N/A","#N/A","#N/A"
f0876d5a-f553-4435-8d86-f7924b835d5b,"#N/A","#N/A",false,Web,"#N/A","#N/A",Medium,"#N/A",New,Subject_hvwrg,"#N/A","#N/A","#N/A","#N/A","#N/A"
f08970e7-584d-40be-ab85-b791711448d2,"#N/A","#N/A",false,Web,"#N/A","#N/A",Medium,"#N/A",New,Subject_dkbye,"#N/A","#N/A","#N/A","#N/A","#N/A"
f08a8075-957c-4e69-9a07-fbbecb4819d0,"#N/A","#N/A",false,Web,"#N/A","#N/A",Medium,"#N/A",New,Subject_arqgp,"#N/A","#N/A","#N/A","#N/A","#N/A"
f08bb43c-09c1-40e5-8051-c425c07ea4f4,"#N/A","#N/A",false,Web,"#N/A","#N/A",Medium,"#N/A",New,Subject_puvww,"#N/A","#N/A","#N/A","#N/A","#N/A"
f095ff28-f963-44fb-bc85-8fbd3644f220,"#N/A","#N/A",false,Web,"#N/A","#N/A",Medium,"#N/A",New,Subject_yyert,"#N/A","#N/A","#N/A","#N/A","#N/A"
f09b2bf3-7d53-439c-9ce9-cb0d5a85a350,"#N/A","#N/A",false,Web,"#N/A","#N/A",Medium,"#N/A",New,Subject_ugpqb,"#N/A","#N/A","#N/A","#N/A","#N/A"
f09bfbb5-204e-421c-9289-2f1b1fc77842,"#N/A","#N/A",false,Web,"#N/A","#N/A",Medium,"#N/A",New,Subject_iivvy,"#N/A","#N/A","#N/A","#N/A","#N/A"
f09f115d-d679-4312-89c9-c41a417aa394,"#N/A","#N/A",false,Web,"#N/A","#N/A",Medium,"#N/A",New,Subject_hzksf,"#N/A","#N/A","#N/A","#N/A","#N/A"
f0a06dab-6d69-4e1b-ba0e-c60c64d88894,"#N/A","#N/A",false,Web,"#N/A","#N/A",Medium,"#N/A",New,Subject_vzreh,"#N/A","#N/A","#N/A","#N/A","#N/A"
f0a4e06d-9aea-4be9-a37f-0d6faa2a2ec1,"#N/A","#N/A",false,Web,"#N/A","#N/A",Medium,"#N/A",New,Subject_empvd,"#N/A","#N/A","#N/A","#N/A","#N/A"
f0ab4029-16e4-4e67-93c9-67f559839900,"#N/A","#N/A",false,Web,"#N/A","#N/A",Medium,"#N/A",New,Subject_zvaky,"#N/A","#N/A","#N/A","#N/A","#N/A"
f0ad93fc-68f0-4701-a2d5-8eacac462234,"#N/A","#N/A",false,Web,"#N/A","#N/A",Medium,"#N/A",New,Subject_rfhfk,"#N/A","#N/A","#N/A","#N/A","#N/A"
f0aef4bb-0f4a-4db9-ac32-2bb228fe25ce,"#N/A","#N/A",false,Web,"#N/A","#N/A",Medium,"#N/A",New,Subject_auvkb,"#N/A","#N/A","#N/A","#N/A","#N/A"
f0b049f7-b339-4539-b415-5450f34cc94f,"#N/A","#N/A",false,Web,"#N/A","#N/A",Medium,"#N/A",New,Subject_chkfj,"#N/A","#N/A","#N/A","#N/A","#N/A"
f0b5a2de-19ea-40f5-8d9f-06d6c7926a8e,"#N/A","#N/A",false,Web,"#N/A","#N/A",Medium,"#N/A",New,Subject_sodqi,"#N/A","#N/A","#N/A","#N/A","#N/A"
f0b6beac-acb1-4b0d-a0f5-a1724974bca3,"#N/A","#N/A",false,Web,"#N/A","#N/A",Medium,"#N/A",New,Subject_racrq,"#N/A","#N/A","#N/A","#N/A","#N/A"
f0b6e69d-7411-4fd5-9f80-334b07c68ea2,"#N/A","#N/A",false,Web,"#N/A","#N/A",Medium,"#N/A",New,Subject_iwdqc,"#N/A","#N/A","#N/A","#N/A","#N/A"
f0b7fc8b-da23-46ce-8377-f60ab098468a,"#N/A","#N/A",false,Web,"#N/A","#N/A",Medium,"#N/A",New,Subject_gmjym,"#N/A","#N/A","#N/A","#N/A","#N/A"
f0ba056c-6180-4ac8-9405-887ba0888086,"#N/A","#N/A",false,Web,"#N/A","#N/A",Medium,"#N/A",New,Subject_lyldx,"#N/A","#N/A","#N/A","#N/A","#N/A"
f0be4b87-0310-4b85-905a-801faead88a4,"#N/A","#N/A",false,Web,"#N/A","#N/A",Medium,"#N/A",New,Subject_bqhmc,"#N/A","#N/A","#N/A","#N/A","#N/A"
f0be4e56-1cef-437c-89ec-6e84c35333e5,"#N/A","#N/A",false,Web,"#N/A","#N/A",Medium,"#N/A",New,Subject_rxvko,"#N/A","#N/A","#N/A","#N/A","#N/A"
f0c50393-8d8f-4163-ba78-d77cbe3726d4,"#N/A","#N/A",false,Web,"#N/A","#N/A",Medium,"#N/A",New,Subject_tgqas,"#N/A","#N/A","#N/A","#N/A","#N/A"
f0c7e53b-69f2-43d1-8051-efb61d03442d,"#N/A","#N/A",false,Web,"#N/A","#N/A",Medium,"#N/A",New,Subject_iwjzb,"#N/A","#N/A","#N/A","#N/A","#N/A"
f0c9fd62-8a9e-486d-8545-6b9bc47133ef,"#N/A","#N/A",false,Web,"#N/A","#N/A",Medium,"#N/A",New,Subject_mgygr,"#N/A","#N/A","#N/A","#N/A","#N/A"
f0cfc64a-3c8e-41c6-aa0b-090898de2b5a,"#N/A","#N/A",false,Web,"#N/A","#N/A",Medium,"#N/A",New,Subject_anxrn,"#N/A","#N/A","#N/A","#N/A","#N/A"
f0d1f2ec-17a3-4d73-b306-b64c512d4dcc,"#N/A","#N/A",false,Web,"#N/A","#N/A",Medium,"#N/A",New,Subject_cggac,"#N/A","#N/A","#N/A","#N/A","#N/A"
f0d6dc11-73b1-444e-b8f0-98de5cf27b59,"#N/A","#N/A",false,Web,"#N/A","#N/A",Medium,"#N/A",New,Subject_fyhka,"#N/A","#N/A","#N/A","#N/A","#N/A"
f0dc76d6-ffe9-49d7-8ad9-5e5ecde021e3,"#N/A","#N/A",false,Web,"#N/A","#N/A",Medium,"#N/A",New,Subject_lbnqc,"#N/A","#N/A","#N/A","#N/A","#N/A"
f0ea20f8-87f0-4add-a83a-e7b40c7d6287,"#N/A","#N/A",false,Web,"#N/A","#N/A",Medium,"#N/A",New,Subject_oarvv,"#N/A","#N/A","#N/A","#N/A","#N/A"
f0ecd17c-53f2-4a1e-8aa8-dad61a87feb8,"#N/A","#N/A",false,Web,"#N/A","#N/A",Medium,"#N/A",New,Subject_qvyfb,"#N/A","#N/A","#N/A","#N/A","#N/A"
f0f80272-45a0-4ccc-8cc1-945178acd02f,"#N/A","#N/A",false,Web,"#N/A","#N/A",Medium,"#N/A",New,Subject_eqfuy,"#N/A","#N/A","#N/A","#N/A","#N/A"
f0f84b1f-a916-4881-835f-3936adb0097b,"#N/A","#N/A",false,Web,"#N/A","#N/A",Medium,"#N/A",New,Subject_cbmie,"#N/A","#N/A","#N/A","#N/A","#N/A"
f0fdad60-85b7-4526-96d4-90b46382586d,"#N/A","#N/A",false,Web,"#N/A","#N/A",Medium,"#N/A",New,Subject_loezi,"#N/A","#N/A","#N/A","#N/A","#N/A"
f0ff4179-ee39-48bb-9cdf-1c1989196487,"#N/A","#N/A",false,Web,"#N/A","#N/A",Medium,"#N/A",New,Subject_subbx,"#N/A","#N/A","#N/A","#N/A","#N/A"
f1001271-1f64-45de-9367-b17f3542e689,"#N/A","#N/A",false,Web,"#N/A","#N/A",Medium,"#N/A",New,Subject_ijhtf,"#N/A","#N/A","#N/A","#N/A","#N/A"
f10564f5-422a-423c-bbe1-6a3ab2b1cbe7,"#N/A","#N/A",false,Web,"#N/A","#N/A",Medium,"#N/A",New,Subject_wjttf,"#N/A","#N/A","#N/A","#N/A","#N/A"
f10adf2d-c49d-417d-b03e-941b4f48fa46,"#N/A","#N/A",false,Web,"#N/A","#N/A",Medium,"#N/A",New,Subject_abnvi,"#N/A","#N/A","#N/A","#N/A","#N/A"
f10dc28b-9626-427e-bdae-51ea21fe7a59,"#N/A","#N/A",false,Web,"#N/A","#N/A",Medium,"#N/A",New,Subject_xbtzs,"#N/A","#N/A","#N/A","#N/A","#N/A"
f10e8dbe-64ee-4f78-859d-6449d5a2295a,"#N/A","#N/A",false,Web,"#N/A","#N/A",Medium,"#N/A",New,Subject_tyang,"#N/A","#N/A","#N/A","#N/A","#N/A"
f111d35b-dd8a-4e2e-a2da-64af596ca9e4,"#N/A","#N/A",false,Web,"#N/A","#N/A",Medium,"#N/A",New,Subject_czqnq,"#N/A","#N/A","#N/A","#N/A","#N/A"
f115db29-12d8-4939-b7de-20585e85a13c,"#N/A","#N/A",false,Web,"#N/A","#N/A",Medium,"#N/A",New,Subject_zevbc,"#N/A","#N/A","#N/A","#N/A","#N/A"
f1160568-a4d8-4714-8d11-475ee4139082,"#N/A","#N/A",false,Web,"#N/A","#N/A",Medium,"#N/A",New,Subject_lvayi,"#N/A","#N/A","#N/A","#N/A","#N/A"
f118e201-ffb6-4f19-bde9-a26b49d08b52,"#N/A","#N/A",false,Web,"#N/A","#N/A",Medium,"#N/A",New,Subject_llxdg,"#N/A","#N/A","#N/A","#N/A","#N/A"
f11b81ad-78bd-45ac-8dd2-c1541b9d3af6,"#N/A","#N/A",false,Web,"#N/A","#N/A",Medium,"#N/A",New,Subject_vgzyb,"#N/A","#N/A","#N/A","#N/A","#N/A"
f11d055e-7b06-4140-948c-534dce334b02,"#N/A","#N/A",false,Web,"#N/A","#N/A",Medium,"#N/A",New,Subject_mowpm,"#N/A","#N/A","#N/A","#N/A","#N/A"
f1242728-bdd4-40ed-9118-346b29233806,"#N/A","#N/A",false,Web,"#N/A","#N/A",Medium,"#N/A",New,Subject_ivhsm,"#N/A","#N/A","#N/A","#N/A","#N/A"
f1259f9d-8845-4b42-8519-c07ba825cebb,"#N/A","#N/A",false,Web,"#N/A","#N/A",Medium,"#N/A",New,Subject_bzgao,"#N/A","#N/A","#N/A","#N/A","#N/A"
f125fa2a-603d-4830-90ef-6cc9b85186a3,"#N/A","#N/A",false,Web,"#N/A","#N/A",Medium,"#N/A",New,Subject_gguvr,"#N/A","#N/A","#N/A","#N/A","#N/A"
f1278453-7b3f-4528-a6d7-cb1a2114bb82,"#N/A","#N/A",false,Web,"#N/A","#N/A",Medium,"#N/A",New,Subject_wpplx,"#N/A","#N/A","#N/A","#N/A","#N/A"
f1298743-b3ab-4338-975b-21023f993589,"#N/A","#N/A",false,Web,"#N/A","#N/A",Medium,"#N/A",New,Subject_ieqkf,"#N/A","#N/A","#N/A","#N/A","#N/A"
f12a02a5-6389-4e07-9dbf-11aff4202b93,"#N/A","#N/A",false,Web,"#N/A","#N/A",Medium,"#N/A",New,Subject_mdpyu,"#N/A","#N/A","#N/A","#N/A","#N/A"
f12c8395-3790-44b4-9689-d3f7ee29d97f,"#N/A","#N/A",false,Web,"#N/A","#N/A",Medium,"#N/A",New,Subject_xxmxa,"#N/A","#N/A","#N/A","#N/A","#N/A"
f12ceced-d622-4325-9246-5c3615862eac,"#N/A","#N/A",false,Web,"#N/A","#N/A",Medium,"#N/A",New,Subject_andon,"#N/A","#N/A","#N/A","#N/A","#N/A"
f12f33f5-23ad-4672-a1ed-f43490c389d5,"#N/A","#N/A",false,Web,"#N/A","#N/A",Medium,"#N/A",New,Subject_outau,"#N/A","#N/A","#N/A","#N/A","#N/A"
f1359b79-aae9-4d3a-aa0a-99245a3933ca,"#N/A","#N/A",false,Web,"#N/A","#N/A",Medium,"#N/A",New,Subject_iotqq,"#N/A","#N/A","#N/A","#N/A","#N/A"
f136925d-ac2b-4072-a0d9-19cbfaf65bf8,"#N/A","#N/A",false,Web,"#N/A","#N/A",Medium,"#N/A",New,Subject_bfcza,"#N/A","#N/A","#N/A","#N/A","#N/A"
f13794ea-0afa-4e53-9377-cb177b879308,"#N/A","#N/A",false,Web,"#N/A","#N/A",Medium,"#N/A",New,Subject_gbwhv,"#N/A","#N/A","#N/A","#N/A","#N/A"
f1383e95-05d6-4155-bd7e-8d076e6153f5,"#N/A","#N/A",false,Web,"#N/A","#N/A",Medium,"#N/A",New,Subject_pcajv,"#N/A","#N/A","#N/A","#N/A","#N/A"
f13ada9f-0cf1-4bbb-b59a-ebe56c2d8d19,"#N/A","#N/A",false,Web,"#N/A","#N/A",Medium,"#N/A",New,Subject_ukpdw,"#N/A","#N/A","#N/A","#N/A","#N/A"
f140ed8b-4746-41a4-a018-e1ebaa13c52d,"#N/A","#N/A",false,Web,"#N/A","#N/A",Medium,"#N/A",New,Subject_xfjux,"#N/A","#N/A","#N/A","#N/A","#N/A"
f1436cea-3fbb-4bb3-8090-0f546fd5e8ae,"#N/A","#N/A",false,Web,"#N/A","#N/A",Medium,"#N/A",New,Subject_qldfj,"#N/A","#N/A","#N/A","#N/A","#N/A"
f1459df5-39d1-4149-959a-a869e6a0883e,"#N/A","#N/A",false,Web,"#N/A","#N/A",Medium,"#N/A",New,Subject_erzxa,"#N/A","#N/A","#N/A","#N/A","#N/A"
f1479470-b68d-47d7-adcc-d3ed4ab51edd,"#N/A","#N/A",false,Web,"#N/A","#N/A",Medium,"#N/A",New,Subject_lmgzd,"#N/A","#N/A","#N/A","#N/A","#N/A"
f14a914a-421e-4239-9275-f0d95a47ea6f,"#N/A","#N/A",false,Web,"#N/A","#N/A",Medium,"#N/A",New,Subject_bsumd,"#N/A","#N/A","#N/A","#N/A","#N/A"
f14ce755-8c34-4e71-8748-14858ef586d6,"#N/A","#N/A",false,Web,"#N/A","#N/A",Medium,"#N/A",New,Subject_kmmqw,"#N/A","#N/A","#N/A","#N/A","#N/A"
f15214cb-3af4-4bd8-8a58-ca9dec90943d,"#N/A","#N/A",false,Web,"#N/A","#N/A",Medium,"#N/A",New,Subject_rpeom,"#N/A","#N/A","#N/A","#N/A","#N/A"
f155050b-b567-482d-a480-a144469a7373,"#N/A","#N/A",false,Web,"#N/A","#N/A",Medium,"#N/A",New,Subject_lxokn,"#N/A","#N/A","#N/A","#N/A","#N/A"
f15637f5-5c82-4fc7-a700-489fc6cded30,"#N/A","#N/A",false,Web,"#N/A","#N/A",Medium,"#N/A",New,Subject_jeeih,"#N/A","#N/A","#N/A","#N/A","#N/A"
f15abbf2-8e13-4f39-8515-6b92cad53df6,"#N/A","#N/A",false,Web,"#N/A","#N/A",Medium,"#N/A",New,Subject_ondho,"#N/A","#N/A","#N/A","#N/A","#N/A"
f15d2361-ba4d-464f-9963-a54e6a01f563,"#N/A","#N/A",false,Web,"#N/A","#N/A",Medium,"#N/A",New,Subject_pkago,"#N/A","#N/A","#N/A","#N/A","#N/A"
f15da7e8-4da1-4d71-b066-2327bbd086d3,"#N/A","#N/A",false,Web,"#N/A","#N/A",Medium,"#N/A",New,Subject_ifgas,"#N/A","#N/A","#N/A","#N/A","#N/A"
f15e7e2a-398d-4df4-ad52-8abe065d6158,"#N/A","#N/A",false,Web,"#N/A","#N/A",Medium,"#N/A",New,Subject_vmjck,"#N/A","#N/A","#N/A","#N/A","#N/A"
f164d8f2-5155-4a1c-8150-449b2fa08951,"#N/A","#N/A",false,Web,"#N/A","#N/A",Medium,"#N/A",New,Subject_pnosa,"#N/A","#N/A","#N/A","#N/A","#N/A"
f165dbfe-c94c-4d41-a39c-f2e0dc97fa91,"#N/A","#N/A",false,Web,"#N/A","#N/A",Medium,"#N/A",New,Subject_sgray,"#N/A","#N/A","#N/A","#N/A","#N/A"
f168cd52-9866-41da-a73b-9ecd165582f1,"#N/A","#N/A",false,Web,"#N/A","#N/A",Medium,"#N/A",New,Subject_btwhq,"#N/A","#N/A","#N/A","#N/A","#N/A"
f16abf73-047a-40ab-a45c-3a637f78f277,"#N/A","#N/A",false,Web,"#N/A","#N/A",Medium,"#N/A",New,Subject_jdhkp,"#N/A","#N/A","#N/A","#N/A","#N/A"
f16bac2b-a0e2-4ce7-87a2-b8a0a89c78e8,"#N/A","#N/A",false,Web,"#N/A","#N/A",Medium,"#N/A",New,Subject_zbtub,"#N/A","#N/A","#N/A","#N/A","#N/A"
f16c8e6c-02f1-4641-a08a-06c446f520f1,"#N/A","#N/A",false,Web,"#N/A","#N/A",Medium,"#N/A",New,Subject_doexx,"#N/A","#N/A","#N/A","#N/A","#N/A"
f16fc3a2-9008-4509-9e36-9cb12e05e0c7,"#N/A","#N/A",false,Web,"#N/A","#N/A",Medium,"#N/A",New,Subject_xrvqr,"#N/A","#N/A","#N/A","#N/A","#N/A"
f179469e-7164-416e-a338-b87d2664b33f,"#N/A","#N/A",false,Web,"#N/A","#N/A",Medium,"#N/A",New,Subject_rzfcp,"#N/A","#N/A","#N/A","#N/A","#N/A"
f17d1c0b-d2ff-4d18-ab9d-692ad3d4a1cf,"#N/A","#N/A",false,Web,"#N/A","#N/A",Medium,"#N/A",New,Subject_dlqea,"#N/A","#N/A","#N/A","#N/A","#N/A"
f17f2754-23ae-4208-a2aa-2166b8992468,"#N/A","#N/A",false,Web,"#N/A","#N/A",Medium,"#N/A",New,Subject_ftpjq,"#N/A","#N/A","#N/A","#N/A","#N/A"
f181c868-bd05-47fa-8f52-16d2ba6fb4ec,"#N/A","#N/A",false,Web,"#N/A","#N/A",Medium,"#N/A",New,Subject_blfcl,"#N/A","#N/A","#N/A","#N/A","#N/A"
f18351e6-c22f-4d56-a391-9f144f3f7e19,"#N/A","#N/A",false,Web,"#N/A","#N/A",Medium,"#N/A",New,Subject_atejm,"#N/A","#N/A","#N/A","#N/A","#N/A"
f183ed60-4d86-4b27-9afd-6adfcc12c020,"#N/A","#N/A",false,Web,"#N/A","#N/A",Medium,"#N/A",New,Subject_kilww,"#N/A","#N/A","#N/A","#N/A","#N/A"
f185dc08-c25f-4bbd-9c8d-608bf638de7b,"#N/A","#N/A",false,Web,"#N/A","#N/A",Medium,"#N/A",New,Subject_syzog,"#N/A","#N/A","#N/A","#N/A","#N/A"
f186a656-6340-487e-9d38-5a0fe31e1dde,"#N/A","#N/A",false,Web,"#N/A","#N/A",Medium,"#N/A",New,Subject_cedbm,"#N/A","#N/A","#N/A","#N/A","#N/A"
f186db21-d93a-422d-b6d9-418e5c2d4973,"#N/A","#N/A",false,Web,"#N/A","#N/A",Medium,"#N/A",New,Subject_noyxj,"#N/A","#N/A","#N/A","#N/A","#N/A"
f18c2321-711e-440c-917e-181e927c145d,"#N/A","#N/A",false,Web,"#N/A","#N/A",Medium,"#N/A",New,Subject_wnweg,"#N/A","#N/A","#N/A","#N/A","#N/A"
f18dc6cb-6f7f-42fe-b81a-658d46679313,"#N/A","#N/A",false,Web,"#N/A","#N/A",Medium,"#N/A",New,Subject_dopdd,"#N/A","#N/A","#N/A","#N/A","#N/A"
f18e293c-e948-47fe-9ff3-3deacaf9be42,"#N/A","#N/A",false,Web,"#N/A","#N/A",Medium,"#N/A",New,Subject_hpsff,"#N/A","#N/A","#N/A","#N/A","#N/A"
f198c616-292b-400f-8770-70358086e990,"#N/A","#N/A",false,Web,"#N/A","#N/A",Medium,"#N/A",New,Subject_ftkrk,"#N/A","#N/A","#N/A","#N/A","#N/A"
f199bda8-2112-4651-a47e-903b2826e0f3,"#N/A","#N/A",false,Web,"#N/A","#N/A",Medium,"#N/A",New,Subject_goxbe,"#N/A","#N/A","#N/A","#N/A","#N/A"
f19d3c76-b7f8-47ff-afbe-41e7254694ce,"#N/A","#N/A",false,Web,"#N/A","#N/A",Medium,"#N/A",New,Subject_kfplb,"#N/A","#N/A","#N/A","#N/A","#N/A"
f1a68930-5e60-4140-8c10-fcc542347348,"#N/A","#N/A",false,Web,"#N/A","#N/A",Medium,"#N/A",New,Subject_scbgm,"#N/A","#N/A","#N/A","#N/A","#N/A"
f1adb270-ec24-4819-acb8-1316390cbcec,"#N/A","#N/A",false,Web,"#N/A","#N/A",Medium,"#N/A",New,Subject_qplba,"#N/A","#N/A","#N/A","#N/A","#N/A"
f1aefd0e-ac7d-43f1-8e2d-1e2a35ebd965,"#N/A","#N/A",false,Web,"#N/A","#N/A",Medium,"#N/A",New,Subject_yftpz,"#N/A","#N/A","#N/A","#N/A","#N/A"
f1b3c2a2-e296-4280-b8ba-863dcd0d3f20,"#N/A","#N/A",false,Web,"#N/A","#N/A",Medium,"#N/A",New,Subject_klzsa,"#N/A","#N/A","#N/A","#N/A","#N/A"
f1b420bd-2d71-48bf-a5c1-643c773c4db0,"#N/A","#N/A",false,Web,"#N/A","#N/A",Medium,"#N/A",New,Subject_bcrdi,"#N/A","#N/A","#N/A","#N/A","#N/A"
f1b42364-ed09-4f9b-a849-63b8739475aa,"#N/A","#N/A",false,Web,"#N/A","#N/A",Medium,"#N/A",New,Subject_ueyxb,"#N/A","#N/A","#N/A","#N/A","#N/A"
f1b44c3a-1953-49d1-852e-d20675bb2324,"#N/A","#N/A",false,Web,"#N/A","#N/A",Medium,"#N/A",New,Subject_afjzy,"#N/A","#N/A","#N/A","#N/A","#N/A"
f1b73f00-d88e-4b17-98a5-7d24b470b641,"#N/A","#N/A",false,Web,"#N/A","#N/A",Medium,"#N/A",New,Subject_gdzzv,"#N/A","#N/A","#N/A","#N/A","#N/A"
f1b7c2c9-010c-4715-9ea8-acabefe4b5cd,"#N/A","#N/A",false,Web,"#N/A","#N/A",Medium,"#N/A",New,Subject_psgeh,"#N/A","#N/A","#N/A","#N/A","#N/A"
f1b8fbfc-11fb-4db2-97a1-cf9e253f8a65,"#N/A","#N/A",false,Web,"#N/A","#N/A",Medium,"#N/A",New,Subject_qqmop,"#N/A","#N/A","#N/A","#N/A","#N/A"
f1bcac21-704b-43c1-84e8-438d72e26bc5,"#N/A","#N/A",false,Web,"#N/A","#N/A",Medium,"#N/A",New,Subject_iqvrq,"#N/A","#N/A","#N/A","#N/A","#N/A"
f1c3f0cd-d250-43e9-91c9-36e1eb8ddf45,"#N/A","#N/A",false,Web,"#N/A","#N/A",Medium,"#N/A",New,Subject_xwzvm,"#N/A","#N/A","#N/A","#N/A","#N/A"
f1c3fd02-e66e-4e98-8b3d-444c6cb782b2,"#N/A","#N/A",false,Web,"#N/A","#N/A",Medium,"#N/A",New,Subject_qvtyq,"#N/A","#N/A","#N/A","#N/A","#N/A"
f1c5159a-f9dd-4a70-a622-92fa34857574,"#N/A","#N/A",false,Web,"#N/A","#N/A",Medium,"#N/A",New,Subject_bpqrb,"#N/A","#N/A","#N/A","#N/A","#N/A"
f1c5323e-ba1a-4c89-9d13-b1709db63eb0,"#N/A","#N/A",false,Web,"#N/A","#N/A",Medium,"#N/A",New,Subject_zytjg,"#N/A","#N/A","#N/A","#N/A","#N/A"
f1c65a84-8a9a-461b-8a1b-914796a9a6f9,"#N/A","#N/A",false,Web,"#N/A","#N/A",Medium,"#N/A",New,Subject_rloif,"#N/A","#N/A","#N/A","#N/A","#N/A"
f1cab4b0-6207-4cac-8c48-b0e6c9334abb,"#N/A","#N/A",false,Web,"#N/A","#N/A",Medium,"#N/A",New,Subject_yrkgm,"#N/A","#N/A","#N/A","#N/A","#N/A"
f1cacfbe-9fd5-4721-ac82-6451af301e4f,"#N/A","#N/A",false,Web,"#N/A","#N/A",Medium,"#N/A",New,Subject_izfil,"#N/A","#N/A","#N/A","#N/A","#N/A"
f1cf79e7-c13e-42ad-9933-1311eedf6916,"#N/A","#N/A",false,Web,"#N/A","#N/A",Medium,"#N/A",New,Subject_dihgd,"#N/A","#N/A","#N/A","#N/A","#N/A"
f1d1e881-f3ef-44bf-970c-6a20bf35a2b0,"#N/A","#N/A",false,Web,"#N/A","#N/A",Medium,"#N/A",New,Subject_vnhfa,"#N/A","#N/A","#N/A","#N/A","#N/A"
f1d2d2d3-da43-4cab-ba55-fb954e3d1724,"#N/A","#N/A",false,Web,"#N/A","#N/A",Medium,"#N/A",New,Subject_sizqv,"#N/A","#N/A","#N/A","#N/A","#N/A"
f1d3b296-7a31-4c94-aa92-2f2a98f27884,"#N/A","#N/A",false,Web,"#N/A","#N/A",Medium,"#N/A",New,Subject_zntzd,"#N/A","#N/A","#N/A","#N/A","#N/A"
f1d5812c-2334-419f-9fb0-702c8b125394,"#N/A","#N/A",false,Web,"#N/A","#N/A",Medium,"#N/A",New,Subject_juhev,"#N/A","#N/A","#N/A","#N/A","#N/A"
f1d62c2c-9e31-4201-be34-b353df21077b,"#N/A","#N/A",false,Web,"#N/A","#N/A",Medium,"#N/A",New,Subject_sqdli,"#N/A","#N/A","#N/A","#N/A","#N/A"
f1d9f306-d468-4901-b366-14a8b7534f46,"#N/A","#N/A",false,Web,"#N/A","#N/A",Medium,"#N/A",New,Subject_gudal,"#N/A","#N/A","#N/A","#N/A","#N/A"
f1d9f56c-aa17-4bf6-b457-5e2ed5ab5aba,"#N/A","#N/A",false,Web,"#N/A","#N/A",Medium,"#N/A",New,Subject_qokqg,"#N/A","#N/A","#N/A","#N/A","#N/A"
f1dc58f5-4a32-4155-bf42-977ad0a281d0,"#N/A","#N/A",false,Web,"#N/A","#N/A",Medium,"#N/A",New,Subject_zkpmp,"#N/A","#N/A","#N/A","#N/A","#N/A"
f1de2c6d-c793-4261-ac57-2202235fab05,"#N/A","#N/A",false,Web,"#N/A","#N/A",Medium,"#N/A",New,Subject_ykicg,"#N/A","#N/A","#N/A","#N/A","#N/A"
f1de85dd-cfac-446e-a304-2b8e906cd495,"#N/A","#N/A",false,Web,"#N/A","#N/A",Medium,"#N/A",New,Subject_beyul,"#N/A","#N/A","#N/A","#N/A","#N/A"
f1e439ab-c8d2-44cf-a7be-1062505deb51,"#N/A","#N/A",false,Web,"#N/A","#N/A",Medium,"#N/A",New,Subject_gutex,"#N/A","#N/A","#N/A","#N/A","#N/A"
f1e5784e-d9b0-40d6-9638-1bca99fba102,"#N/A","#N/A",false,Web,"#N/A","#N/A",Medium,"#N/A",New,Subject_rybch,"#N/A","#N/A","#N/A","#N/A","#N/A"
f1eaa430-a975-49a9-83f4-09a5a2d2de30,"#N/A","#N/A",false,Web,"#N/A","#N/A",Medium,"#N/A",New,Subject_nsahg,"#N/A","#N/A","#N/A","#N/A","#N/A"
f1f28f8d-d097-470a-a4de-15ace0c9a263,"#N/A","#N/A",false,Web,"#N/A","#N/A",Medium,"#N/A",New,Subject_mlqmb,"#N/A","#N/A","#N/A","#N/A","#N/A"
f1f748b0-b5b3-4b25-a974-6f058fac557a,"#N/A","#N/A",false,Web,"#N/A","#N/A",Medium,"#N/A",New,Subject_wywux,"#N/A","#N/A","#N/A","#N/A","#N/A"
f1f7bb34-097c-4262-b9b2-63556bcffd3d,"#N/A","#N/A",false,Web,"#N/A","#N/A",Medium,"#N/A",New,Subject_tiycl,"#N/A","#N/A","#N/A","#N/A","#N/A"
f1f958bb-05d5-4377-85ae-ac887119465f,"#N/A","#N/A",false,Web,"#N/A","#N/A",Medium,"#N/A",New,Subject_ypbfg,"#N/A","#N/A","#N/A","#N/A","#N/A"
f1fad5d8-a573-4ac5-8e1b-fd98f4643ec5,"#N/A","#N/A",false,Web,"#N/A","#N/A",Medium,"#N/A",New,Subject_dmcue,"#N/A","#N/A","#N/A","#N/A","#N/A"
f1fc8394-c752-43af-a8e6-e92d668948b5,"#N/A","#N/A",false,Web,"#N/A","#N/A",Medium,"#N/A",New,Subject_zbvwk,"#N/A","#N/A","#N/A","#N/A","#N/A"
f2029517-20bf-4684-b44d-8241a094d3b4,"#N/A","#N/A",false,Web,"#N/A","#N/A",Medium,"#N/A",New,Subject_zlmdu,"#N/A","#N/A","#N/A","#N/A","#N/A"
f202d7ce-c28b-4f52-a3b4-b8068e352293,"#N/A","#N/A",false,Web,"#N/A","#N/A",Medium,"#N/A",New,Subject_jysif,"#N/A","#N/A","#N/A","#N/A","#N/A"
f20566ed-7f5f-4f33-b147-d2f40cbffbb8,"#N/A","#N/A",false,Web,"#N/A","#N/A",Medium,"#N/A",New,Subject_zoivu,"#N/A","#N/A","#N/A","#N/A","#N/A"
f2060828-94ac-4de3-a42b-8d327883dbac,"#N/A","#N/A",false,Web,"#N/A","#N/A",Medium,"#N/A",New,Subject_hqpep,"#N/A","#N/A","#N/A","#N/A","#N/A"
f2088259-7682-49ad-b7b2-852f94a6e1e6,"#N/A","#N/A",false,Web,"#N/A","#N/A",Medium,"#N/A",New,Subject_xerxf,"#N/A","#N/A","#N/A","#N/A","#N/A"
f2093712-f5f0-4d4f-8763-a40ecc09dd57,"#N/A","#N/A",false,Web,"#N/A","#N/A",Medium,"#N/A",New,Subject_zkztg,"#N/A","#N/A","#N/A","#N/A","#N/A"
f20f1879-a623-4726-b515-f1e07e561a82,"#N/A","#N/A",false,Web,"#N/A","#N/A",Medium,"#N/A",New,Subject_gmavt,"#N/A","#N/A","#N/A","#N/A","#N/A"
f214c45b-b570-43ab-97f2-eb10bb02b7fc,"#N/A","#N/A",false,Web,"#N/A","#N/A",Medium,"#N/A",New,Subject_vgrno,"#N/A","#N/A","#N/A","#N/A","#N/A"
f219c255-1660-4923-ade2-c6a95da367be,"#N/A","#N/A",false,Web,"#N/A","#N/A",Medium,"#N/A",New,Subject_mxbfy,"#N/A","#N/A","#N/A","#N/A","#N/A"
f21d1d62-a094-4e90-8f53-a43dcfab97ce,"#N/A","#N/A",false,Web,"#N/A","#N/A",Medium,"#N/A",New,Subject_qnnba,"#N/A","#N/A","#N/A","#N/A","#N/A"
f21e5a75-02c3-4f1f-95e9-8e36ddcc2e44,"#N/A","#N/A",false,Web,"#N/A","#N/A",Medium,"#N/A",New,Subject_vxfbc,"#N/A","#N/A","#N/A","#N/A","#N/A"
f21f3e41-c8ec-41f2-af54-22a994a128c1,"#N/A","#N/A",false,Web,"#N/A","#N/A",Medium,"#N/A",New,Subject_dkryq,"#N/A","#N/A","#N/A","#N/A","#N/A"
f223ca60-dacb-4f5b-a722-58b416dedcc8,"#N/A","#N/A",false,Web,"#N/A","#N/A",Medium,"#N/A",New,Subject_xdgdh,"#N/A","#N/A","#N/A","#N/A","#N/A"
f22476dd-18cf-4145-9e1c-9aaaab483384,"#N/A","#N/A",false,Web,"#N/A","#N/A",Medium,"#N/A",New,Subject_zrkuw,"#N/A","#N/A","#N/A","#N/A","#N/A"
f224fb75-170d-4f8d-ac26-fecc9330b3e2,"#N/A","#N/A",false,Web,"#N/A","#N/A",Medium,"#N/A",New,Subject_dkssn,"#N/A","#N/A","#N/A","#N/A","#N/A"
f22afef8-2afa-45dd-9e9f-b341a74d9be7,"#N/A","#N/A",false,Web,"#N/A","#N/A",Medium,"#N/A",New,Subject_nitgj,"#N/A","#N/A","#N/A","#N/A","#N/A"
f22b7a0f-4543-446d-8ffc-b9fd80b38d09,"#N/A","#N/A",false,Web,"#N/A","#N/A",Medium,"#N/A",New,Subject_vvbcm,"#N/A","#N/A","#N/A","#N/A","#N/A"
f22efb21-b463-4d39-90e7-936af8f6d1dd,"#N/A","#N/A",false,Web,"#N/A","#N/A",Medium,"#N/A",New,Subject_crbdq,"#N/A","#N/A","#N/A","#N/A","#N/A"
f239304f-7521-44b7-aea0-ddf8ef25c33c,"#N/A","#N/A",false,Web,"#N/A","#N/A",Medium,"#N/A",New,Subject_jquqv,"#N/A","#N/A","#N/A","#N/A","#N/A"
f23be1ee-bb59-4fad-b07c-2a0344a1b4c9,"#N/A","#N/A",false,Web,"#N/A","#N/A",Medium,"#N/A",New,Subject_uclmr,"#N/A","#N/A","#N/A","#N/A","#N/A"
f23c091b-fb96-4d0b-abec-da4ece937f7a,"#N/A","#N/A",false,Web,"#N/A","#N/A",Medium,"#N/A",New,Subject_qcthy,"#N/A","#N/A","#N/A","#N/A","#N/A"
f23cc06a-2744-4a5c-88c9-ae0d0c0d3fff,"#N/A","#N/A",false,Web,"#N/A","#N/A",Medium,"#N/A",New,Subject_obgdt,"#N/A","#N/A","#N/A","#N/A","#N/A"
f241ba5e-fa7f-410f-ab12-b07c91ad5ade,"#N/A","#N/A",false,Web,"#N/A","#N/A",Medium,"#N/A",New,Subject_xajze,"#N/A","#N/A","#N/A","#N/A","#N/A"
f24217de-3efd-4b22-afb6-5c33c9e6bded,"#N/A","#N/A",false,Web,"#N/A","#N/A",Medium,"#N/A",New,Subject_fmvzo,"#N/A","#N/A","#N/A","#N/A","#N/A"
f2448502-10d6-4960-93de-6da59d618749,"#N/A","#N/A",false,Web,"#N/A","#N/A",Medium,"#N/A",New,Subject_oiajm,"#N/A","#N/A","#N/A","#N/A","#N/A"
f244a5a5-cb47-4eb9-b28a-25e2d97ac66a,"#N/A","#N/A",false,Web,"#N/A","#N/A",Medium,"#N/A",New,Subject_nogqa,"#N/A","#N/A","#N/A","#N/A","#N/A"
f24b353a-fba5-4f2a-83f4-de029d6cb076,"#N/A","#N/A",false,Web,"#N/A","#N/A",Medium,"#N/A",New,Subject_hdcdy,"#N/A","#N/A","#N/A","#N/A","#N/A"
f24bde97-c9b8-414d-b7e2-270f4c5e977c,"#N/A","#N/A",false,Web,"#N/A","#N/A",Medium,"#N/A",New,Subject_xvvpp,"#N/A","#N/A","#N/A","#N/A","#N/A"
f24dfb90-a05d-4ded-8e87-73641fd560be,"#N/A","#N/A",false,Web,"#N/A","#N/A",Medium,"#N/A",New,Subject_jitka,"#N/A","#N/A","#N/A","#N/A","#N/A"
f24fb93c-7069-41e9-8890-fb6c56f8c9b8,"#N/A","#N/A",false,Web,"#N/A","#N/A",Medium,"#N/A",New,Subject_ukwcl,"#N/A","#N/A","#N/A","#N/A","#N/A"
f252b47f-221a-4eb0-8f43-6c9c60cc7ac5,"#N/A","#N/A",false,Web,"#N/A","#N/A",Medium,"#N/A",New,Subject_vxzor,"#N/A","#N/A","#N/A","#N/A","#N/A"
f25f2b29-394c-46e9-b39a-0252bf5e6d38,"#N/A","#N/A",false,Web,"#N/A","#N/A",Medium,"#N/A",New,Subject_afqga,"#N/A","#N/A","#N/A","#N/A","#N/A"
f262fc7f-4bbf-484b-a6f1-212e51523f10,"#N/A","#N/A",false,Web,"#N/A","#N/A",Medium,"#N/A",New,Subject_paezq,"#N/A","#N/A","#N/A","#N/A","#N/A"
f265992a-5b65-4311-990d-06d663d35035,"#N/A","#N/A",false,Web,"#N/A","#N/A",Medium,"#N/A",New,Subject_zbmcp,"#N/A","#N/A","#N/A","#N/A","#N/A"
f268c8a1-2583-4477-aabc-28b341078d82,"#N/A","#N/A",false,Web,"#N/A","#N/A",Medium,"#N/A",New,Subject_vygjh,"#N/A","#N/A","#N/A","#N/A","#N/A"
f270b005-fc31-49af-9c9e-e19c5f4754a7,"#N/A","#N/A",false,Web,"#N/A","#N/A",Medium,"#N/A",New,Subject_fvkdq,"#N/A","#N/A","#N/A","#N/A","#N/A"
f270e6b7-a0dc-4a2d-aff5-adbde2ded48d,"#N/A","#N/A",false,Web,"#N/A","#N/A",Medium,"#N/A",New,Subject_goqog,"#N/A","#N/A","#N/A","#N/A","#N/A"
f274d330-6a81-4fe5-a616-9ac1c389ccb9,"#N/A","#N/A",false,Web,"#N/A","#N/A",Medium,"#N/A",New,Subject_sjdgq,"#N/A","#N/A","#N/A","#N/A","#N/A"
f276215d-09ab-4736-91f3-09a51b5bc2e0,"#N/A","#N/A",false,Web,"#N/A","#N/A",Medium,"#N/A",New,Subject_xasek,"#N/A","#N/A","#N/A","#N/A","#N/A"
f276a605-a975-437b-81c0-d053a1cf36c5,"#N/A","#N/A",false,Web,"#N/A","#N/A",Medium,"#N/A",New,Subject_purul,"#N/A","#N/A","#N/A","#N/A","#N/A"
f276f29a-e2cb-4858-9ab2-49fe442680f4,"#N/A","#N/A",false,Web,"#N/A","#N/A",Medium,"#N/A",New,Subject_wkclk,"#N/A","#N/A","#N/A","#N/A","#N/A"
f277a878-7804-4f89-a811-3f6e07818915,"#N/A","#N/A",false,Web,"#N/A","#N/A",Medium,"#N/A",New,Subject_txpbu,"#N/A","#N/A","#N/A","#N/A","#N/A"
f27ca3c9-81fc-41e6-9f3f-74a4eb869b95,"#N/A","#N/A",false,Web,"#N/A","#N/A",Medium,"#N/A",New,Subject_zlpgt,"#N/A","#N/A","#N/A","#N/A","#N/A"
f27f1758-9a30-4374-9ee0-a8d90cc3ddb4,"#N/A","#N/A",false,Web,"#N/A","#N/A",Medium,"#N/A",New,Subject_wwuck,"#N/A","#N/A","#N/A","#N/A","#N/A"
f27ff0c9-ea87-4e02-aeec-387d3b0704d7,"#N/A","#N/A",false,Web,"#N/A","#N/A",Medium,"#N/A",New,Subject_oilvx,"#N/A","#N/A","#N/A","#N/A","#N/A"
f2833776-bbc8-45f2-ba96-0f79a5e4c77b,"#N/A","#N/A",false,Web,"#N/A","#N/A",Medium,"#N/A",New,Subject_zsfwb,"#N/A","#N/A","#N/A","#N/A","#N/A"
f28610cc-18a4-4f4a-b68b-397674f6b909,"#N/A","#N/A",false,Web,"#N/A","#N/A",Medium,"#N/A",New,Subject_uzdgu,"#N/A","#N/A","#N/A","#N/A","#N/A"
f2872720-98ec-4eff-a3ef-8a4e194061b6,"#N/A","#N/A",false,Web,"#N/A","#N/A",Medium,"#N/A",New,Subject_nibzl,"#N/A","#N/A","#N/A","#N/A","#N/A"
f28a9411-525b-4a7f-8288-454a68dbad4e,"#N/A","#N/A",false,Web,"#N/A","#N/A",Medium,"#N/A",New,Subject_rlhyq,"#N/A","#N/A","#N/A","#N/A","#N/A"
f290cb6e-325f-4d19-9896-42cde84c0bbc,"#N/A","#N/A",false,Web,"#N/A","#N/A",Medium,"#N/A",New,Subject_xqqub,"#N/A","#N/A","#N/A","#N/A","#N/A"
f291573f-23f9-43f5-9662-ed23d343b3da,"#N/A","#N/A",false,Web,"#N/A","#N/A",Medium,"#N/A",New,Subject_qfftq,"#N/A","#N/A","#N/A","#N/A","#N/A"
f29348b9-89d1-4e26-83d5-16e096029839,"#N/A","#N/A",false,Web,"#N/A","#N/A",Medium,"#N/A",New,Subject_pghzc,"#N/A","#N/A","#N/A","#N/A","#N/A"
f2946197-2e19-4567-bfc1-90e76db97aad,"#N/A","#N/A",false,Web,"#N/A","#N/A",Medium,"#N/A",New,Subject_ygvuh,"#N/A","#N/A","#N/A","#N/A","#N/A"
f2960335-4384-46a8-91c5-ba46b9962587,"#N/A","#N/A",false,Web,"#N/A","#N/A",Medium,"#N/A",New,Subject_qcrse,"#N/A","#N/A","#N/A","#N/A","#N/A"
f296d517-a9c4-480e-b11e-20892ccec261,"#N/A","#N/A",false,Web,"#N/A","#N/A",Medium,"#N/A",New,Subject_nimcz,"#N/A","#N/A","#N/A","#N/A","#N/A"
f29c56d8-6cef-404e-854d-8980a7d96dde,"#N/A","#N/A",false,Web,"#N/A","#N/A",Medium,"#N/A",New,Subject_eqfex,"#N/A","#N/A","#N/A","#N/A","#N/A"
f29f7da1-8344-4247-b3e2-848ea62b2e04,"#N/A","#N/A",false,Web,"#N/A","#N/A",Medium,"#N/A",New,Subject_asghs,"#N/A","#N/A","#N/A","#N/A","#N/A"
f29f8279-4286-4206-b979-5869d0b989bf,"#N/A","#N/A",false,Web,"#N/A","#N/A",Medium,"#N/A",New,Subject_hhtiq,"#N/A","#N/A","#N/A","#N/A","#N/A"
f29fffa9-c4f9-4e03-81bc-07ce150a11c3,"#N/A","#N/A",false,Web,"#N/A","#N/A",Medium,"#N/A",New,Subject_mmgef,"#N/A","#N/A","#N/A","#N/A","#N/A"
f2a0aacb-f2b4-4431-bdc7-73e9246ef9ca,"#N/A","#N/A",false,Web,"#N/A","#N/A",Medium,"#N/A",New,Subject_enxnl,"#N/A","#N/A","#N/A","#N/A","#N/A"
f2a4f7c5-06f0-4677-adb2-fdf5bf812cbb,"#N/A","#N/A",false,Web,"#N/A","#N/A",Medium,"#N/A",New,Subject_rctai,"#N/A","#N/A","#N/A","#N/A","#N/A"
f2a5b9ff-af22-42f8-9237-29f0e7aa7fb1,"#N/A","#N/A",false,Web,"#N/A","#N/A",Medium,"#N/A",New,Subject_woggr,"#N/A","#N/A","#N/A","#N/A","#N/A"
f2a70b43-e962-4dba-8775-79300a74ddbc,"#N/A","#N/A",false,Web,"#N/A","#N/A",Medium,"#N/A",New,Subject_xmaql,"#N/A","#N/A","#N/A","#N/A","#N/A"
f2a80707-51ea-4ddf-aaa3-c6bfb6cca314,"#N/A","#N/A",false,Web,"#N/A","#N/A",Medium,"#N/A",New,Subject_ginsh,"#N/A","#N/A","#N/A","#N/A","#N/A"
f2a8e64f-14db-4c26-aef1-5e2879f252b0,"#N/A","#N/A",false,Web,"#N/A","#N/A",Medium,"#N/A",New,Subject_ympdq,"#N/A","#N/A","#N/A","#N/A","#N/A"
f2a95b16-9158-41ae-babd-9c9dcb5e5f48,"#N/A","#N/A",false,Web,"#N/A","#N/A",Medium,"#N/A",New,Subject_khqih,"#N/A","#N/A","#N/A","#N/A","#N/A"
f2aa077e-d116-439a-b3bc-0b6f68dd662b,"#N/A","#N/A",false,Web,"#N/A","#N/A",Medium,"#N/A",New,Subject_decvb,"#N/A","#N/A","#N/A","#N/A","#N/A"
f2aabcd1-5adc-49b9-92ae-5dc5126a8973,"#N/A","#N/A",false,Web,"#N/A","#N/A",Medium,"#N/A",New,Subject_itril,"#N/A","#N/A","#N/A","#N/A","#N/A"
f2af64a6-17de-4877-ad2d-63d9bd2e1bc0,"#N/A","#N/A",false,Web,"#N/A","#N/A",Medium,"#N/A",New,Subject_wgdbh,"#N/A","#N/A","#N/A","#N/A","#N/A"
f2b0550f-a493-4a65-a80f-1a9a6dfe12fe,"#N/A","#N/A",false,Web,"#N/A","#N/A",Medium,"#N/A",New,Subject_aibcv,"#N/A","#N/A","#N/A","#N/A","#N/A"
f2b0ffb5-f014-4d2f-bc69-75719c5a8841,"#N/A","#N/A",false,Web,"#N/A","#N/A",Medium,"#N/A",New,Subject_ndqsv,"#N/A","#N/A","#N/A","#N/A","#N/A"
f2b3582a-3e0d-4168-94f4-1f9997867d49,"#N/A","#N/A",false,Web,"#N/A","#N/A",Medium,"#N/A",New,Subject_sjzic,"#N/A","#N/A","#N/A","#N/A","#N/A"
f2b371cb-c89a-47e3-9466-ac3ae9ad492b,"#N/A","#N/A",false,Web,"#N/A","#N/A",Medium,"#N/A",New,Subject_dmlxg,"#N/A","#N/A","#N/A","#N/A","#N/A"
f2b469c6-6804-42a1-b648-8863f13d7a47,"#N/A","#N/A",false,Web,"#N/A","#N/A",Medium,"#N/A",New,Subject_bffuc,"#N/A","#N/A","#N/A","#N/A","#N/A"
f2b85869-7064-4e94-9b0c-49c556ad8161,"#N/A","#N/A",false,Web,"#N/A","#N/A",Medium,"#N/A",New,Subject_sxggh,"#N/A","#N/A","#N/A","#N/A","#N/A"
f2b882f3-ad5e-4517-841b-c2212722059d,"#N/A","#N/A",false,Web,"#N/A","#N/A",Medium,"#N/A",New,Subject_dlhtl,"#N/A","#N/A","#N/A","#N/A","#N/A"
f2bdbd88-7206-465e-be5d-12a193240233,"#N/A","#N/A",false,Web,"#N/A","#N/A",Medium,"#N/A",New,Subject_mxrhk,"#N/A","#N/A","#N/A","#N/A","#N/A"
f2be7082-fd0d-49a6-92cc-20c913cf6501,"#N/A","#N/A",false,Web,"#N/A","#N/A",Medium,"#N/A",New,Subject_hgvhx,"#N/A","#N/A","#N/A","#N/A","#N/A"
f2bff0b6-1147-473d-9cce-a62b5eccff38,"#N/A","#N/A",false,Web,"#N/A","#N/A",Medium,"#N/A",New,Subject_aewzx,"#N/A","#N/A","#N/A","#N/A","#N/A"
f2c51c33-8fb8-49db-908e-45887a0922a6,"#N/A","#N/A",false,Web,"#N/A","#N/A",Medium,"#N/A",New,Subject_qlvqw,"#N/A","#N/A","#N/A","#N/A","#N/A"
f2ca9b7c-5f4c-4bc3-8236-2f1620b86630,"#N/A","#N/A",false,Web,"#N/A","#N/A",Medium,"#N/A",New,Subject_hvuqu,"#N/A","#N/A","#N/A","#N/A","#N/A"
f2cd4914-6bab-4938-a9c4-f2fe060903bc,"#N/A","#N/A",false,Web,"#N/A","#N/A",Medium,"#N/A",New,Subject_lacav,"#N/A","#N/A","#N/A","#N/A","#N/A"
f2cf08b9-bf2f-4c54-8202-c83cbf4c335f,"#N/A","#N/A",false,Web,"#N/A","#N/A",Medium,"#N/A",New,Subject_ztrpf,"#N/A","#N/A","#N/A","#N/A","#N/A"
f2d04de5-2c04-4a63-9450-4651c0ef1aad,"#N/A","#N/A",false,Web,"#N/A","#N/A",Medium,"#N/A",New,Subject_sobbt,"#N/A","#N/A","#N/A","#N/A","#N/A"
f2d5dfd2-e4f8-4317-bfb3-445afaa29d25,"#N/A","#N/A",false,Web,"#N/A","#N/A",Medium,"#N/A",New,Subject_xryut,"#N/A","#N/A","#N/A","#N/A","#N/A"
f2d7322e-48a9-4e80-b03f-465357795be2,"#N/A","#N/A",false,Web,"#N/A","#N/A",Medium,"#N/A",New,Subject_issee,"#N/A","#N/A","#N/A","#N/A","#N/A"
f2d96fed-de85-4d2f-84e2-c0481d3e85bf,"#N/A","#N/A",false,Web,"#N/A","#N/A",Medium,"#N/A",New,Subject_tnguy,"#N/A","#N/A","#N/A","#N/A","#N/A"
f2db83c1-921c-4b5c-8ed4-ae850ae5f9a9,"#N/A","#N/A",false,Web,"#N/A","#N/A",Medium,"#N/A",New,Subject_whxsl,"#N/A","#N/A","#N/A","#N/A","#N/A"
f2dc259d-2c90-461b-9e9d-e536b2b380af,"#N/A","#N/A",false,Web,"#N/A","#N/A",Medium,"#N/A",New,Subject_yljqt,"#N/A","#N/A","#N/A","#N/A","#N/A"
f2dc4808-085a-4c65-8153-a882338e4e02,"#N/A","#N/A",false,Web,"#N/A","#N/A",Medium,"#N/A",New,Subject_fyyrz,"#N/A","#N/A","#N/A","#N/A","#N/A"
f2dd6834-431c-4aa2-b3c0-11b5d8f144ba,"#N/A","#N/A",false,Web,"#N/A","#N/A",Medium,"#N/A",New,Subject_ebnam,"#N/A","#N/A","#N/A","#N/A","#N/A"
f2e29f1a-c360-474e-839c-0ccac9a5d77b,"#N/A","#N/A",false,Web,"#N/A","#N/A",Medium,"#N/A",New,Subject_pieoe,"#N/A","#N/A","#N/A","#N/A","#N/A"
f2e389f0-5368-4e84-9826-0d2f46913adb,"#N/A","#N/A",false,Web,"#N/A","#N/A",Medium,"#N/A",New,Subject_txfjp,"#N/A","#N/A","#N/A","#N/A","#N/A"
f2e56329-7bb6-4b9e-aaf4-8c387a21024d,"#N/A","#N/A",false,Web,"#N/A","#N/A",Medium,"#N/A",New,Subject_ewiae,"#N/A","#N/A","#N/A","#N/A","#N/A"
f2e8d522-3cb9-4e6d-a071-fe991820f050,"#N/A","#N/A",false,Web,"#N/A","#N/A",Medium,"#N/A",New,Subject_qghns,"#N/A","#N/A","#N/A","#N/A","#N/A"
f2ebccc7-285c-4611-8b8b-d8dbefc00f25,"#N/A","#N/A",false,Web,"#N/A","#N/A",Medium,"#N/A",New,Subject_fcein,"#N/A","#N/A","#N/A","#N/A","#N/A"
f2efda73-6374-41e3-9e33-6f5affe9e2ba,"#N/A","#N/A",false,Web,"#N/A","#N/A",Medium,"#N/A",New,Subject_edbfn,"#N/A","#N/A","#N/A","#N/A","#N/A"
f2f0a437-ed37-4d91-a365-33c71e2ea933,"#N/A","#N/A",false,Web,"#N/A","#N/A",Medium,"#N/A",New,Subject_eyevl,"#N/A","#N/A","#N/A","#N/A","#N/A"
f2f525b0-41e0-41e5-8b30-58466d5d617f,"#N/A","#N/A",false,Web,"#N/A","#N/A",Medium,"#N/A",New,Subject_zldrl,"#N/A","#N/A","#N/A","#N/A","#N/A"
f2f869b7-c737-4d95-b61f-c641d5c2960f,"#N/A","#N/A",false,Web,"#N/A","#N/A",Medium,"#N/A",New,Subject_pwvfs,"#N/A","#N/A","#N/A","#N/A","#N/A"
f2fed40b-52f5-4a24-b5f7-ed6a57bd656d,"#N/A","#N/A",false,Web,"#N/A","#N/A",Medium,"#N/A",New,Subject_ybadi,"#N/A","#N/A","#N/A","#N/A","#N/A"
f303ab1c-0771-44be-ab16-f3343c50effd,"#N/A","#N/A",false,Web,"#N/A","#N/A",Medium,"#N/A",New,Subject_diwdf,"#N/A","#N/A","#N/A","#N/A","#N/A"
f304f955-3f2a-4321-b282-1119edeb907d,"#N/A","#N/A",false,Web,"#N/A","#N/A",Medium,"#N/A",New,Subject_owpft,"#N/A","#N/A","#N/A","#N/A","#N/A"
f306ed8b-d90e-42d4-babb-5a6cb29ab5a5,"#N/A","#N/A",false,Web,"#N/A","#N/A",Medium,"#N/A",New,Subject_udhcq,"#N/A","#N/A","#N/A","#N/A","#N/A"
f30730d1-7150-4960-9d66-ccb577060fed,"#N/A","#N/A",false,Web,"#N/A","#N/A",Medium,"#N/A",New,Subject_aumqy,"#N/A","#N/A","#N/A","#N/A","#N/A"
f3097a37-dfc0-4f82-8e94-8581c4901e7c,"#N/A","#N/A",false,Web,"#N/A","#N/A",Medium,"#N/A",New,Subject_bkaql,"#N/A","#N/A","#N/A","#N/A","#N/A"
f30d70bf-265b-44a0-8747-002485841f90,"#N/A","#N/A",false,Web,"#N/A","#N/A",Medium,"#N/A",New,Subject_vcpzk,"#N/A","#N/A","#N/A","#N/A","#N/A"
f30e156a-ea87-4787-ba6f-12d84956cef3,"#N/A","#N/A",false,Web,"#N/A","#N/A",Medium,"#N/A",New,Subject_meeiq,"#N/A","#N/A","#N/A","#N/A","#N/A"
f312b476-8f34-448b-8e76-acce80b3189a,"#N/A","#N/A",false,Web,"#N/A","#N/A",Medium,"#N/A",New,Subject_ebzyg,"#N/A","#N/A","#N/A","#N/A","#N/A"
f3140b85-3094-4cc0-b43a-905c889783c6,"#N/A","#N/A",false,Web,"#N/A","#N/A",Medium,"#N/A",New,Subject_rtzal,"#N/A","#N/A","#N/A","#N/A","#N/A"
f315aef4-7785-429d-ab9b-6c5de9f4a80a,"#N/A","#N/A",false,Web,"#N/A","#N/A",Medium,"#N/A",New,Subject_kwnhs,"#N/A","#N/A","#N/A","#N/A","#N/A"
f31c1b71-376c-42fe-b3de-702a7cfe9130,"#N/A","#N/A",false,Web,"#N/A","#N/A",Medium,"#N/A",New,Subject_snmmp,"#N/A","#N/A","#N/A","#N/A","#N/A"
f31df868-426c-4bb9-aadd-c4b6979ba474,"#N/A","#N/A",false,Web,"#N/A","#N/A",Medium,"#N/A",New,Subject_ryhme,"#N/A","#N/A","#N/A","#N/A","#N/A"
f326648d-cf5b-4170-919a-df70d28a9d2f,"#N/A","#N/A",false,Web,"#N/A","#N/A",Medium,"#N/A",New,Subject_yesfa,"#N/A","#N/A","#N/A","#N/A","#N/A"
f32668be-da29-451c-82e1-d021c798890f,"#N/A","#N/A",false,Web,"#N/A","#N/A",Medium,"#N/A",New,Subject_gejjl,"#N/A","#N/A","#N/A","#N/A","#N/A"
f32d0b7f-137d-41df-a8a5-508e23ede405,"#N/A","#N/A",false,Web,"#N/A","#N/A",Medium,"#N/A",New,Subject_vvxev,"#N/A","#N/A","#N/A","#N/A","#N/A"
f33021be-ab06-4b83-948b-8ced6d88fdc4,"#N/A","#N/A",false,Web,"#N/A","#N/A",Medium,"#N/A",New,Subject_hofka,"#N/A","#N/A","#N/A","#N/A","#N/A"
f333ded1-c248-45da-9368-249a97c2797c,"#N/A","#N/A",false,Web,"#N/A","#N/A",Medium,"#N/A",New,Subject_oaqol,"#N/A","#N/A","#N/A","#N/A","#N/A"
f335c997-14ed-4fd7-8f85-4f309f20f717,"#N/A","#N/A",false,Web,"#N/A","#N/A",Medium,"#N/A",New,Subject_osrav,"#N/A","#N/A","#N/A","#N/A","#N/A"
f335fcb9-f16b-45f7-97bd-c112e6499d2e,"#N/A","#N/A",false,Web,"#N/A","#N/A",Medium,"#N/A",New,Subject_bhtgu,"#N/A","#N/A","#N/A","#N/A","#N/A"
f337c59f-55a3-45e0-90f5-536e7c30b450,"#N/A","#N/A",false,Web,"#N/A","#N/A",Medium,"#N/A",New,Subject_wduux,"#N/A","#N/A","#N/A","#N/A","#N/A"
f3382726-4e3b-441c-9b8f-af81eeacfefa,"#N/A","#N/A",false,Web,"#N/A","#N/A",Medium,"#N/A",New,Subject_uqbeu,"#N/A","#N/A","#N/A","#N/A","#N/A"
f338a404-19d0-4089-a506-35c373e721f2,"#N/A","#N/A",false,Web,"#N/A","#N/A",Medium,"#N/A",New,Subject_bbrth,"#N/A","#N/A","#N/A","#N/A","#N/A"
f339d41c-ee10-4a3a-9972-79cccef7b430,"#N/A","#N/A",false,Web,"#N/A","#N/A",Medium,"#N/A",New,Subject_cfvpb,"#N/A","#N/A","#N/A","#N/A","#N/A"
f33d173b-5044-45ef-8be7-a1d85467d981,"#N/A","#N/A",false,Web,"#N/A","#N/A",Medium,"#N/A",New,Subject_cjhji,"#N/A","#N/A","#N/A","#N/A","#N/A"
f33d19ea-2bf1-4093-b974-af8c231aa691,"#N/A","#N/A",false,Web,"#N/A","#N/A",Medium,"#N/A",New,Subject_hmeso,"#N/A","#N/A","#N/A","#N/A","#N/A"
f3404408-7f1d-4edb-b425-193f2b85d04f,"#N/A","#N/A",false,Web,"#N/A","#N/A",Medium,"#N/A",New,Subject_omric,"#N/A","#N/A","#N/A","#N/A","#N/A"
f340cd51-8af9-480e-9bbf-3b0034a73250,"#N/A","#N/A",false,Web,"#N/A","#N/A",Medium,"#N/A",New,Subject_otkyr,"#N/A","#N/A","#N/A","#N/A","#N/A"
f345110c-4d86-4743-b39d-fcb396b5a748,"#N/A","#N/A",false,Web,"#N/A","#N/A",Medium,"#N/A",New,Subject_ulorv,"#N/A","#N/A","#N/A","#N/A","#N/A"
f345167b-27ad-4097-8532-87dd192840c4,"#N/A","#N/A",false,Web,"#N/A","#N/A",Medium,"#N/A",New,Subject_efvkj,"#N/A","#N/A","#N/A","#N/A","#N/A"
f34530a9-111d-4068-9424-c39f881a3366,"#N/A","#N/A",false,Web,"#N/A","#N/A",Medium,"#N/A",New,Subject_nrswq,"#N/A","#N/A","#N/A","#N/A","#N/A"
f3474dcc-0d73-4b17-bb06-0d58c32e71ed,"#N/A","#N/A",false,Web,"#N/A","#N/A",Medium,"#N/A",New,Subject_ezdig,"#N/A","#N/A","#N/A","#N/A","#N/A"
f34b8244-c287-4c4b-8d57-d3176892c014,"#N/A","#N/A",false,Web,"#N/A","#N/A",Medium,"#N/A",New,Subject_qtlhk,"#N/A","#N/A","#N/A","#N/A","#N/A"
f34bf360-548e-4f9d-9f8b-45ff3ad76cd6,"#N/A","#N/A",false,Web,"#N/A","#N/A",Medium,"#N/A",New,Subject_ivctj,"#N/A","#N/A","#N/A","#N/A","#N/A"
f34c0656-18e7-464f-8e42-3fcaa4acf932,"#N/A","#N/A",false,Web,"#N/A","#N/A",Medium,"#N/A",New,Subject_vntwq,"#N/A","#N/A","#N/A","#N/A","#N/A"
f34e4bc8-12ca-438b-8d98-19b4aea67819,"#N/A","#N/A",false,Web,"#N/A","#N/A",Medium,"#N/A",New,Subject_ydzwi,"#N/A","#N/A","#N/A","#N/A","#N/A"
f3523264-59f7-4940-98ea-3e5c74682b10,"#N/A","#N/A",false,Web,"#N/A","#N/A",Medium,"#N/A",New,Subject_ntsue,"#N/A","#N/A","#N/A","#N/A","#N/A"
f357f6e0-014b-46fa-9bb3-10c33a72b41c,"#N/A","#N/A",false,Web,"#N/A","#N/A",Medium,"#N/A",New,Subject_ulgga,"#N/A","#N/A","#N/A","#N/A","#N/A"
f35e9b32-301b-49f1-a4cb-6a859a70898e,"#N/A","#N/A",false,Web,"#N/A","#N/A",Medium,"#N/A",New,Subject_ezgkr,"#N/A","#N/A","#N/A","#N/A","#N/A"
f3602e3a-2510-407f-b782-fa8fc9b4a1ce,"#N/A","#N/A",false,Web,"#N/A","#N/A",Medium,"#N/A",New,Subject_qemku,"#N/A","#N/A","#N/A","#N/A","#N/A"
f3637e76-1590-4ae2-b20d-a2a3e0424234,"#N/A","#N/A",false,Web,"#N/A","#N/A",Medium,"#N/A",New,Subject_ychgp,"#N/A","#N/A","#N/A","#N/A","#N/A"
f363f2c8-2e52-48b0-8bd6-80df29ce23a8,"#N/A","#N/A",false,Web,"#N/A","#N/A",Medium,"#N/A",New,Subject_teems,"#N/A","#N/A","#N/A","#N/A","#N/A"
f364d84d-ad2c-4916-a56f-b50782767ae5,"#N/A","#N/A",false,Web,"#N/A","#N/A",Medium,"#N/A",New,Subject_eugwh,"#N/A","#N/A","#N/A","#N/A","#N/A"
f365423a-332f-487d-a857-594f88c5f006,"#N/A","#N/A",false,Web,"#N/A","#N/A",Medium,"#N/A",New,Subject_ejaxe,"#N/A","#N/A","#N/A","#N/A","#N/A"
f36d9a9b-1d57-461a-a855-aa37093c1467,"#N/A","#N/A",false,Web,"#N/A","#N/A",Medium,"#N/A",New,Subject_uumpk,"#N/A","#N/A","#N/A","#N/A","#N/A"
f36ea451-368f-4b4d-bc11-27ac9187d599,"#N/A","#N/A",false,Web,"#N/A","#N/A",Medium,"#N/A",New,Subject_zhnmb,"#N/A","#N/A","#N/A","#N/A","#N/A"
f36f4d29-3a6a-448a-82e4-8f0d12d35bdf,"#N/A","#N/A",false,Web,"#N/A","#N/A",Medium,"#N/A",New,Subject_ovmfk,"#N/A","#N/A","#N/A","#N/A","#N/A"
f37591fb-b11e-4842-a646-145bf0148da5,"#N/A","#N/A",false,Web,"#N/A","#N/A",Medium,"#N/A",New,Subject_btmsg,"#N/A","#N/A","#N/A","#N/A","#N/A"
f378ce57-d199-4e27-9753-affe4ac67c0f,"#N/A","#N/A",false,Web,"#N/A","#N/A",Medium,"#N/A",New,Subject_dfsxj,"#N/A","#N/A","#N/A","#N/A","#N/A"
f37d46c7-5cda-424b-a03f-52d226c8b2fd,"#N/A","#N/A",false,Web,"#N/A","#N/A",Medium,"#N/A",New,Subject_lgxde,"#N/A","#N/A","#N/A","#N/A","#N/A"
f37dd920-b12e-4aab-b831-85fe89942860,"#N/A","#N/A",false,Web,"#N/A","#N/A",Medium,"#N/A",New,Subject_dtkyx,"#N/A","#N/A","#N/A","#N/A","#N/A"
f3866493-3e6f-42b6-b2f3-77ea2b8c6492,"#N/A","#N/A",false,Web,"#N/A","#N/A",Medium,"#N/A",New,Subject_hykos,"#N/A","#N/A","#N/A","#N/A","#N/A"
f3884dc9-3ba2-4b2b-95ca-e7635877932a,"#N/A","#N/A",false,Web,"#N/A","#N/A",Medium,"#N/A",New,Subject_czrla,"#N/A","#N/A","#N/A","#N/A","#N/A"
f38993b5-8080-4860-aa5b-153e6dc1ef20,"#N/A","#N/A",false,Web,"#N/A","#N/A",Medium,"#N/A",New,Subject_xvdzb,"#N/A","#N/A","#N/A","#N/A","#N/A"
f38bf13c-ba54-44af-86c5-6c49c182d47c,"#N/A","#N/A",false,Web,"#N/A","#N/A",Medium,"#N/A",New,Subject_tlsba,"#N/A","#N/A","#N/A","#N/A","#N/A"
f38cc155-7fff-4a42-9231-5ba2bac90856,"#N/A","#N/A",false,Web,"#N/A","#N/A",Medium,"#N/A",New,Subject_kraxt,"#N/A","#N/A","#N/A","#N/A","#N/A"
f38fc520-64e6-4135-8ffa-92e27eeed35b,"#N/A","#N/A",false,Web,"#N/A","#N/A",Medium,"#N/A",New,Subject_vlsvv,"#N/A","#N/A","#N/A","#N/A","#N/A"
f3914ecd-c7f3-427d-a1ab-558f3c7e7740,"#N/A","#N/A",false,Web,"#N/A","#N/A",Medium,"#N/A",New,Subject_ucwbz,"#N/A","#N/A","#N/A","#N/A","#N/A"
f392be67-29b9-4193-a09f-1549d1598c92,"#N/A","#N/A",false,Web,"#N/A","#N/A",Medium,"#N/A",New,Subject_iglxm,"#N/A","#N/A","#N/A","#N/A","#N/A"
f3933516-35a8-4e65-ae76-cebe63a139e7,"#N/A","#N/A",false,Web,"#N/A","#N/A",Medium,"#N/A",New,Subject_zavpp,"#N/A","#N/A","#N/A","#N/A","#N/A"
f39675d5-2ba9-4c82-a292-cd7aef9a5b70,"#N/A","#N/A",false,Web,"#N/A","#N/A",Medium,"#N/A",New,Subject_kbiqm,"#N/A","#N/A","#N/A","#N/A","#N/A"
f397de14-395a-47ae-b3f0-0503effabe97,"#N/A","#N/A",false,Web,"#N/A","#N/A",Medium,"#N/A",New,Subject_kokky,"#N/A","#N/A","#N/A","#N/A","#N/A"
f3996234-94f4-4c78-8ec7-35b9de8763b6,"#N/A","#N/A",false,Web,"#N/A","#N/A",Medium,"#N/A",New,Subject_muhmb,"#N/A","#N/A","#N/A","#N/A","#N/A"
f399d010-ddf5-437e-8826-25a2e7a6b195,"#N/A","#N/A",false,Web,"#N/A","#N/A",Medium,"#N/A",New,Subject_ippnh,"#N/A","#N/A","#N/A","#N/A","#N/A"
f39a9e56-07e3-4b1d-bd6c-9e030cb94873,"#N/A","#N/A",false,Web,"#N/A","#N/A",Medium,"#N/A",New,Subject_hfcfw,"#N/A","#N/A","#N/A","#N/A","#N/A"
f39aa14e-c6cc-414c-87ae-8d0d53318aa9,"#N/A","#N/A",false,Web,"#N/A","#N/A",Medium,"#N/A",New,Subject_owrkz,"#N/A","#N/A","#N/A","#N/A","#N/A"
f39c5c46-e216-4f19-b3fa-a8b5c6a1cb1b,"#N/A","#N/A",false,Web,"#N/A","#N/A",Medium,"#N/A",New,Subject_ojrjk,"#N/A","#N/A","#N/A","#N/A","#N/A"
f39e882b-624c-4318-ae9c-8a6b7e8f3c02,"#N/A","#N/A",false,Web,"#N/A","#N/A",Medium,"#N/A",New,Subject_oojgw,"#N/A","#N/A","#N/A","#N/A","#N/A"
f39f169f-0c15-4dce-b787-22666c3af148,"#N/A","#N/A",false,Web,"#N/A","#N/A",Medium,"#N/A",New,Subject_uwkmu,"#N/A","#N/A","#N/A","#N/A","#N/A"
f39f595f-043a-4b39-b8ca-25b228f1d48b,"#N/A","#N/A",false,Web,"#N/A","#N/A",Medium,"#N/A",New,Subject_dmlxg,"#N/A","#N/A","#N/A","#N/A","#N/A"
f3a6ca52-dd47-446a-be69-26c4b7bcccaa,"#N/A","#N/A",false,Web,"#N/A","#N/A",Medium,"#N/A",New,Subject_pncby,"#N/A","#N/A","#N/A","#N/A","#N/A"
f3a96a19-f288-44d8-87de-576e36d68445,"#N/A","#N/A",false,Web,"#N/A","#N/A",Medium,"#N/A",New,Subject_kdhqj,"#N/A","#N/A","#N/A","#N/A","#N/A"
f3ac4aa7-d19c-4e33-9a20-8cb5794d695c,"#N/A","#N/A",false,Web,"#N/A","#N/A",Medium,"#N/A",New,Subject_ikgqk,"#N/A","#N/A","#N/A","#N/A","#N/A"
f3ac4eae-26e6-49ec-af53-e402b92d6fa4,"#N/A","#N/A",false,Web,"#N/A","#N/A",Medium,"#N/A",New,Subject_siehe,"#N/A","#N/A","#N/A","#N/A","#N/A"
f3ae89fe-ef1f-44cf-828e-2ddf61ee6ddf,"#N/A","#N/A",false,Web,"#N/A","#N/A",Medium,"#N/A",New,Subject_pdurj,"#N/A","#N/A","#N/A","#N/A","#N/A"
f3b0f273-aaae-4c74-a2e4-91185278b931,"#N/A","#N/A",false,Web,"#N/A","#N/A",Medium,"#N/A",New,Subject_umbiu,"#N/A","#N/A","#N/A","#N/A","#N/A"
f3b8bdde-79bf-4191-96f7-1f8a9540cab4,"#N/A","#N/A",false,Web,"#N/A","#N/A",Medium,"#N/A",New,Subject_tjzpb,"#N/A","#N/A","#N/A","#N/A","#N/A"
f3b9188b-ab2e-4d6d-bb20-121ea9eb99ee,"#N/A","#N/A",false,Web,"#N/A","#N/A",Medium,"#N/A",New,Subject_matte,"#N/A","#N/A","#N/A","#N/A","#N/A"
f3ba8ad9-e822-46be-ad34-b95992a4a7ea,"#N/A","#N/A",false,Web,"#N/A","#N/A",Medium,"#N/A",New,Subject_zkcrt,"#N/A","#N/A","#N/A","#N/A","#N/A"
f3bf3979-17c2-4743-bb81-962a1e81db27,"#N/A","#N/A",false,Web,"#N/A","#N/A",Medium,"#N/A",New,Subject_nilto,"#N/A","#N/A","#N/A","#N/A","#N/A"
f3bfd2a5-bb86-4e4e-9482-a42b1d86162b,"#N/A","#N/A",false,Web,"#N/A","#N/A",Medium,"#N/A",New,Subject_wsmld,"#N/A","#N/A","#N/A","#N/A","#N/A"
f3c2a511-5e3c-4570-915e-93aa372240d7,"#N/A","#N/A",false,Web,"#N/A","#N/A",Medium,"#N/A",New,Subject_inhvr,"#N/A","#N/A","#N/A","#N/A","#N/A"
f3c5aab1-e74a-4ec8-96a4-e1fcebfa8eef,"#N/A","#N/A",false,Web,"#N/A","#N/A",Medium,"#N/A",New,Subject_swhad,"#N/A","#N/A","#N/A","#N/A","#N/A"
f3cd5814-c853-467c-bc22-d9d2161de476,"#N/A","#N/A",false,Web,"#N/A","#N/A",Medium,"#N/A",New,Subject_veixp,"#N/A","#N/A","#N/A","#N/A","#N/A"
f3cf4d3f-cf39-45e8-9368-5a5303c3e80f,"#N/A","#N/A",false,Web,"#N/A","#N/A",Medium,"#N/A",New,Subject_djhrm,"#N/A","#N/A","#N/A","#N/A","#N/A"
f3d194b9-9f1b-49d7-82cf-ff00d3710d18,"#N/A","#N/A",false,Web,"#N/A","#N/A",Medium,"#N/A",New,Subject_uombz,"#N/A","#N/A","#N/A","#N/A","#N/A"
f3d1fd6c-d3ae-4772-8eb5-e14f68f33a12,"#N/A","#N/A",false,Web,"#N/A","#N/A",Medium,"#N/A",New,Subject_ubqnj,"#N/A","#N/A","#N/A","#N/A","#N/A"
f3d337e4-fa62-4a49-b84b-bf28a4de18b5,"#N/A","#N/A",false,Web,"#N/A","#N/A",Medium,"#N/A",New,Subject_zozgp,"#N/A","#N/A","#N/A","#N/A","#N/A"
f3d39bce-c2b5-4226-b009-1d9b0b13d3dc,"#N/A","#N/A",false,Web,"#N/A","#N/A",Medium,"#N/A",New,Subject_sxvdg,"#N/A","#N/A","#N/A","#N/A","#N/A"
f3d66b3c-912e-45a3-bc3f-6e73c5d69409,"#N/A","#N/A",false,Web,"#N/A","#N/A",Medium,"#N/A",New,Subject_pndym,"#N/A","#N/A","#N/A","#N/A","#N/A"
f3e29fd0-ff6e-439e-84fb-7774acbd85c3,"#N/A","#N/A",false,Web,"#N/A","#N/A",Medium,"#N/A",New,Subject_tglye,"#N/A","#N/A","#N/A","#N/A","#N/A"
f3e3f6b5-6ea7-447d-a509-7175b5dcac0a,"#N/A","#N/A",false,Web,"#N/A","#N/A",Medium,"#N/A",New,Subject_etrre,"#N/A","#N/A","#N/A","#N/A","#N/A"
f3e63e04-524d-453e-b0a2-fe1bcbfb9efe,"#N/A","#N/A",false,Web,"#N/A","#N/A",Medium,"#N/A",New,Subject_qzulj,"#N/A","#N/A","#N/A","#N/A","#N/A"
f3eb6ea7-5273-4990-b430-1545ad29df53,"#N/A","#N/A",false,Web,"#N/A","#N/A",Medium,"#N/A",New,Subject_vjxtv,"#N/A","#N/A","#N/A","#N/A","#N/A"
f3ebfb8f-0f8e-40c7-922a-1fad25cb3789,"#N/A","#N/A",false,Web,"#N/A","#N/A",Medium,"#N/A",New,Subject_rsaql,"#N/A","#N/A","#N/A","#N/A","#N/A"
f3f06bea-886b-47e9-9b08-fb484d96b345,"#N/A","#N/A",false,Web,"#N/A","#N/A",Medium,"#N/A",New,Subject_edevs,"#N/A","#N/A","#N/A","#N/A","#N/A"
f3f14345-cc3e-4079-b2a1-96b5fc2ed822,"#N/A","#N/A",false,Web,"#N/A","#N/A",Medium,"#N/A",New,Subject_zqxos,"#N/A","#N/A","#N/A","#N/A","#N/A"
f3f9defd-86ec-4bfc-9528-1eac74894178,"#N/A","#N/A",false,Web,"#N/A","#N/A",Medium,"#N/A",New,Subject_zhnke,"#N/A","#N/A","#N/A","#N/A","#N/A"
f3fa0563-79bd-4de6-9f26-b2d868fe81d3,"#N/A","#N/A",false,Web,"#N/A","#N/A",Medium,"#N/A",New,Subject_zawes,"#N/A","#N/A","#N/A","#N/A","#N/A"
f3fba098-1b2a-4197-aab4-1c1cdcbcb97a,"#N/A","#N/A",false,Web,"#N/A","#N/A",Medium,"#N/A",New,Subject_asmxr,"#N/A","#N/A","#N/A","#N/A","#N/A"
f3fefa93-bdd5-44e2-be7c-05d6837aa364,"#N/A","#N/A",false,Web,"#N/A","#N/A",Medium,"#N/A",New,Subject_mcvqo,"#N/A","#N/A","#N/A","#N/A","#N/A"
f40400b1-bc45-4809-815d-0e8d8975515a,"#N/A","#N/A",false,Web,"#N/A","#N/A",Medium,"#N/A",New,Subject_idkkk,"#N/A","#N/A","#N/A","#N/A","#N/A"
f40585e0-8914-479c-9d39-0a1495f8c0f2,"#N/A","#N/A",false,Web,"#N/A","#N/A",Medium,"#N/A",New,Subject_zbfug,"#N/A","#N/A","#N/A","#N/A","#N/A"
f4059b39-693f-424f-ba4e-da20291bff96,"#N/A","#N/A",false,Web,"#N/A","#N/A",Medium,"#N/A",New,Subject_npqeq,"#N/A","#N/A","#N/A","#N/A","#N/A"
f405ed41-78b0-48ed-b456-6a0663f87242,"#N/A","#N/A",false,Web,"#N/A","#N/A",Medium,"#N/A",New,Subject_hzcij,"#N/A","#N/A","#N/A","#N/A","#N/A"
f40cb16a-51fb-45a1-8814-1d43888e6f3d,"#N/A","#N/A",false,Web,"#N/A","#N/A",Medium,"#N/A",New,Subject_inlal,"#N/A","#N/A","#N/A","#N/A","#N/A"
f40ec5d3-02dc-42b6-a34d-d1c143ff1f00,"#N/A","#N/A",false,Web,"#N/A","#N/A",Medium,"#N/A",New,Subject_xbhtj,"#N/A","#N/A","#N/A","#N/A","#N/A"
f41444a0-1728-4b26-9f3c-1bb636a5b9ce,"#N/A","#N/A",false,Web,"#N/A","#N/A",Medium,"#N/A",New,Subject_bpeho,"#N/A","#N/A","#N/A","#N/A","#N/A"
f4147569-e541-4ed3-8744-17b385eb5b93,"#N/A","#N/A",false,Web,"#N/A","#N/A",Medium,"#N/A",New,Subject_rtart,"#N/A","#N/A","#N/A","#N/A","#N/A"
f414a504-9590-435a-936f-775c97bdad66,"#N/A","#N/A",false,Web,"#N/A","#N/A",Medium,"#N/A",New,Subject_gcukh,"#N/A","#N/A","#N/A","#N/A","#N/A"
f414ce77-a4dd-4975-86d9-8d65603adc27,"#N/A","#N/A",false,Web,"#N/A","#N/A",Medium,"#N/A",New,Subject_aziyw,"#N/A","#N/A","#N/A","#N/A","#N/A"
f4174a99-64fc-4a85-80b2-3d7e5fd150a7,"#N/A","#N/A",false,Web,"#N/A","#N/A",Medium,"#N/A",New,Subject_aucey,"#N/A","#N/A","#N/A","#N/A","#N/A"
f41ce664-ca3f-4407-a9b4-7fa210bffb3a,"#N/A","#N/A",false,Web,"#N/A","#N/A",Medium,"#N/A",New,Subject_fgsta,"#N/A","#N/A","#N/A","#N/A","#N/A"
f4232ac7-a95c-4beb-bb2b-8e90ad81735a,"#N/A","#N/A",false,Web,"#N/A","#N/A",Medium,"#N/A",New,Subject_uaqge,"#N/A","#N/A","#N/A","#N/A","#N/A"
f42516e3-9192-42cd-a45d-0317f4ae8a1e,"#N/A","#N/A",false,Web,"#N/A","#N/A",Medium,"#N/A",New,Subject_ojwkw,"#N/A","#N/A","#N/A","#N/A","#N/A"
f4263ff2-6fa1-4788-bddf-beb459bd437a,"#N/A","#N/A",false,Web,"#N/A","#N/A",Medium,"#N/A",New,Subject_lijgb,"#N/A","#N/A","#N/A","#N/A","#N/A"
f4277f5f-0f72-445e-8e10-bbb1535cde6e,"#N/A","#N/A",false,Web,"#N/A","#N/A",Medium,"#N/A",New,Subject_xboby,"#N/A","#N/A","#N/A","#N/A","#N/A"
f42df4eb-f83a-4845-9d65-37037fc7a085,"#N/A","#N/A",false,Web,"#N/A","#N/A",Medium,"#N/A",New,Subject_tepde,"#N/A","#N/A","#N/A","#N/A","#N/A"
f432150c-8b48-4b6d-95c1-7ce9dd8d9f29,"#N/A","#N/A",false,Web,"#N/A","#N/A",Medium,"#N/A",New,Subject_kklww,"#N/A","#N/A","#N/A","#N/A","#N/A"
f433c3d5-8b76-4646-a5a5-5aab46c9c79b,"#N/A","#N/A",false,Web,"#N/A","#N/A",Medium,"#N/A",New,Subject_kumkc,"#N/A","#N/A","#N/A","#N/A","#N/A"
f434f475-aa5c-4bd5-b331-6d795970d5ff,"#N/A","#N/A",false,Web,"#N/A","#N/A",Medium,"#N/A",New,Subject_kffrf,"#N/A","#N/A","#N/A","#N/A","#N/A"
f43a90e3-b401-46f0-b418-8b3bdaf9fafe,"#N/A","#N/A",false,Web,"#N/A","#N/A",Medium,"#N/A",New,Subject_dtxms,"#N/A","#N/A","#N/A","#N/A","#N/A"
f43aa420-84b9-4734-889d-82f668f2d29b,"#N/A","#N/A",false,Web,"#N/A","#N/A",Medium,"#N/A",New,Subject_tajqa,"#N/A","#N/A","#N/A","#N/A","#N/A"
f43d8e6e-1a82-4036-89ed-9ef3bc46ef73,"#N/A","#N/A",false,Web,"#N/A","#N/A",Medium,"#N/A",New,Subject_xopdz,"#N/A","#N/A","#N/A","#N/A","#N/A"
f43e5e53-32c6-493b-a792-cb10f051cce6,"#N/A","#N/A",false,Web,"#N/A","#N/A",Medium,"#N/A",New,Subject_tzkqp,"#N/A","#N/A","#N/A","#N/A","#N/A"
f43effef-4941-4fe7-b912-5cfe379f9231,"#N/A","#N/A",false,Web,"#N/A","#N/A",Medium,"#N/A",New,Subject_cfmhl,"#N/A","#N/A","#N/A","#N/A","#N/A"
f448b26f-c684-47f1-873c-666f48d9848e,"#N/A","#N/A",false,Web,"#N/A","#N/A",Medium,"#N/A",New,Subject_hlrqc,"#N/A","#N/A","#N/A","#N/A","#N/A"
f449000d-c117-467c-a5e2-002f7d95683d,"#N/A","#N/A",false,Web,"#N/A","#N/A",Medium,"#N/A",New,Subject_rxfsx,"#N/A","#N/A","#N/A","#N/A","#N/A"
f44af878-cbe6-48cd-bb2d-c4cb70106a62,"#N/A","#N/A",false,Web,"#N/A","#N/A",Medium,"#N/A",New,Subject_zqkph,"#N/A","#N/A","#N/A","#N/A","#N/A"
f44bed02-4e9d-4705-b347-df4cc0a1869b,"#N/A","#N/A",false,Web,"#N/A","#N/A",Medium,"#N/A",New,Subject_uzhzj,"#N/A","#N/A","#N/A","#N/A","#N/A"
f44f4700-5463-4323-aaa7-ec551ae9ef03,"#N/A","#N/A",false,Web,"#N/A","#N/A",Medium,"#N/A",New,Subject_vkgqj,"#N/A","#N/A","#N/A","#N/A","#N/A"
f451079c-4a7d-449f-8af0-481536888336,"#N/A","#N/A",false,Web,"#N/A","#N/A",Medium,"#N/A",New,Subject_yhyfa,"#N/A","#N/A","#N/A","#N/A","#N/A"
f45144a6-7012-4a4e-84f9-0f96850fdb43,"#N/A","#N/A",false,Web,"#N/A","#N/A",Medium,"#N/A",New,Subject_psgeh,"#N/A","#N/A","#N/A","#N/A","#N/A"
f451fd00-e32e-46c9-b9c7-8568d46cf0b1,"#N/A","#N/A",false,Web,"#N/A","#N/A",Medium,"#N/A",New,Subject_yqkgw,"#N/A","#N/A","#N/A","#N/A","#N/A"
f452d876-ef1e-4bc5-a285-881af7e504ba,"#N/A","#N/A",false,Web,"#N/A","#N/A",Medium,"#N/A",New,Subject_hpbqt,"#N/A","#N/A","#N/A","#N/A","#N/A"
f453ccb6-f152-42f3-b20c-0a5caf048a78,"#N/A","#N/A",false,Web,"#N/A","#N/A",Medium,"#N/A",New,Subject_qruqu,"#N/A","#N/A","#N/A","#N/A","#N/A"
f4576348-66f9-4640-a224-b7a69ac84a5a,"#N/A","#N/A",false,Web,"#N/A","#N/A",Medium,"#N/A",New,Subject_qhghb,"#N/A","#N/A","#N/A","#N/A","#N/A"
f4592e7e-9fe3-4420-967c-10a3ae74b710,"#N/A","#N/A",false,Web,"#N/A","#N/A",Medium,"#N/A",New,Subject_jtqpw,"#N/A","#N/A","#N/A","#N/A","#N/A"
f459780f-a3be-402a-963d-9b24a2d22d71,"#N/A","#N/A",false,Web,"#N/A","#N/A",Medium,"#N/A",New,Subject_iwapk,"#N/A","#N/A","#N/A","#N/A","#N/A"
f45d1c1c-5d20-4546-bfd9-ef2138cca71c,"#N/A","#N/A",false,Web,"#N/A","#N/A",Medium,"#N/A",New,Subject_hkfpp,"#N/A","#N/A","#N/A","#N/A","#N/A"
f45e9e56-ad0d-493f-b21d-697d584a5a21,"#N/A","#N/A",false,Web,"#N/A","#N/A",Medium,"#N/A",New,Subject_rmalb,"#N/A","#N/A","#N/A","#N/A","#N/A"
f460711f-a3f9-490c-917e-e36b362f9e4c,"#N/A","#N/A",false,Web,"#N/A","#N/A",Medium,"#N/A",New,Subject_ciqva,"#N/A","#N/A","#N/A","#N/A","#N/A"
f46155d3-10dc-4944-ac9d-529dd213ecf1,"#N/A","#N/A",false,Web,"#N/A","#N/A",Medium,"#N/A",New,Subject_dleum,"#N/A","#N/A","#N/A","#N/A","#N/A"
f463f7b2-c11c-43ae-bdac-42ea822eca08,"#N/A","#N/A",false,Web,"#N/A","#N/A",Medium,"#N/A",New,Subject_dirly,"#N/A","#N/A","#N/A","#N/A","#N/A"
f465bd52-c7f5-45e7-867d-1b9d8673babf,"#N/A","#N/A",false,Web,"#N/A","#N/A",Medium,"#N/A",New,Subject_yysfr,"#N/A","#N/A","#N/A","#N/A","#N/A"
f46c0102-32bd-43c0-bd69-4055ccbf3713,"#N/A","#N/A",false,Web,"#N/A","#N/A",Medium,"#N/A",New,Subject_jttbm,"#N/A","#N/A","#N/A","#N/A","#N/A"
f472c8d4-948a-4ba3-9887-2cefec748b96,"#N/A","#N/A",false,Web,"#N/A","#N/A",Medium,"#N/A",New,Subject_mlibu,"#N/A","#N/A","#N/A","#N/A","#N/A"
f4783bba-de10-4dd7-a17c-b54bdbfc6cac,"#N/A","#N/A",false,Web,"#N/A","#N/A",Medium,"#N/A",New,Subject_tfojf,"#N/A","#N/A","#N/A","#N/A","#N/A"
f4790cfd-2fa2-4626-9575-15593bab3a1d,"#N/A","#N/A",false,Web,"#N/A","#N/A",Medium,"#N/A",New,Subject_tvfxb,"#N/A","#N/A","#N/A","#N/A","#N/A"
f479a5c1-6f90-4dfd-ac81-7de138b39762,"#N/A","#N/A",false,Web,"#N/A","#N/A",Medium,"#N/A",New,Subject_vbrqc,"#N/A","#N/A","#N/A","#N/A","#N/A"
f47e7fc1-30f0-43a6-b78f-779699b65c1f,"#N/A","#N/A",false,Web,"#N/A","#N/A",Medium,"#N/A",New,Subject_albsl,"#N/A","#N/A","#N/A","#N/A","#N/A"
f47f9585-d5da-4e0d-b8f9-132027dab91f,"#N/A","#N/A",false,Web,"#N/A","#N/A",Medium,"#N/A",New,Subject_vaqct,"#N/A","#N/A","#N/A","#N/A","#N/A"
f4817aff-0403-4225-9e39-cca4e986889e,"#N/A","#N/A",false,Web,"#N/A","#N/A",Medium,"#N/A",New,Subject_iddeb,"#N/A","#N/A","#N/A","#N/A","#N/A"
f48211cc-4328-45a6-875a-7c27ab8b5ec2,"#N/A","#N/A",false,Web,"#N/A","#N/A",Medium,"#N/A",New,Subject_nhjdy,"#N/A","#N/A","#N/A","#N/A","#N/A"
f486015c-d6f0-4004-9593-316e9ce8811a,"#N/A","#N/A",false,Web,"#N/A","#N/A",Medium,"#N/A",New,Subject_psihi,"#N/A","#N/A","#N/A","#N/A","#N/A"
f48f260c-ec01-4522-906e-55ad37fd23eb,"#N/A","#N/A",false,Web,"#N/A","#N/A",Medium,"#N/A",New,Subject_snlhk,"#N/A","#N/A","#N/A","#N/A","#N/A"
f4937f94-bfec-4482-bed1-424bfd8eb31a,"#N/A","#N/A",false,Web,"#N/A","#N/A",Medium,"#N/A",New,Subject_widng,"#N/A","#N/A","#N/A","#N/A","#N/A"
f498125f-3d91-40ba-ab93-b15f25a56fc4,"#N/A","#N/A",false,Web,"#N/A","#N/A",Medium,"#N/A",New,Subject_qbrij,"#N/A","#N/A","#N/A","#N/A","#N/A"
f49ab94a-b4dc-47d9-9c75-cdd9ef4ea1ba,"#N/A","#N/A",false,Web,"#N/A","#N/A",Medium,"#N/A",New,Subject_ieqoq,"#N/A","#N/A","#N/A","#N/A","#N/A"
f49e748b-2efd-4006-b2fb-2f5c944939a3,"#N/A","#N/A",false,Web,"#N/A","#N/A",Medium,"#N/A",New,Subject_svlbk,"#N/A","#N/A","#N/A","#N/A","#N/A"
f4aacd90-b752-4b75-9a6c-b91684d86ad6,"#N/A","#N/A",false,Web,"#N/A","#N/A",Medium,"#N/A",New,Subject_zjnab,"#N/A","#N/A","#N/A","#N/A","#N/A"
f4abf2ff-c8c7-4198-bed7-dbd286e2598d,"#N/A","#N/A",false,Web,"#N/A","#N/A",Medium,"#N/A",New,Subject_uxhco,"#N/A","#N/A","#N/A","#N/A","#N/A"
f4b4f467-1e76-4fe6-87db-b17b07f9313b,"#N/A","#N/A",false,Web,"#N/A","#N/A",Medium,"#N/A",New,Subject_gpots,"#N/A","#N/A","#N/A","#N/A","#N/A"
f4b983e9-c253-4591-ba23-f4afebb1f819,"#N/A","#N/A",false,Web,"#N/A","#N/A",Medium,"#N/A",New,Subject_vihkq,"#N/A","#N/A","#N/A","#N/A","#N/A"
f4bd46b1-02c3-4003-89af-28587b9c6bee,"#N/A","#N/A",false,Web,"#N/A","#N/A",Medium,"#N/A",New,Subject_tzvbf,"#N/A","#N/A","#N/A","#N/A","#N/A"
f4be5c34-0571-416e-99cc-22c8be08ddcb,"#N/A","#N/A",false,Web,"#N/A","#N/A",Medium,"#N/A",New,Subject_ukiao,"#N/A","#N/A","#N/A","#N/A","#N/A"
f4c0d717-8dce-4b03-9421-f841dde81bc2,"#N/A","#N/A",false,Web,"#N/A","#N/A",Medium,"#N/A",New,Subject_wirom,"#N/A","#N/A","#N/A","#N/A","#N/A"
f4c8089a-4d3b-4091-991b-a6615f63ebec,"#N/A","#N/A",false,Web,"#N/A","#N/A",Medium,"#N/A",New,Subject_geqxn,"#N/A","#N/A","#N/A","#N/A","#N/A"
f4c8e379-8519-4a7a-9e73-2630a53b133d,"#N/A","#N/A",false,Web,"#N/A","#N/A",Medium,"#N/A",New,Subject_mhiwa,"#N/A","#N/A","#N/A","#N/A","#N/A"
f4c9d4a3-6776-4a0d-8008-338ce90602f0,"#N/A","#N/A",false,Web,"#N/A","#N/A",Medium,"#N/A",New,Subject_jsczo,"#N/A","#N/A","#N/A","#N/A","#N/A"
f4ce3b22-ae04-40b7-aed9-638de9386b2a,"#N/A","#N/A",false,Web,"#N/A","#N/A",Medium,"#N/A",New,Subject_kzwph,"#N/A","#N/A","#N/A","#N/A","#N/A"
f4d0cd80-a313-47d9-a906-2806ecb7d2c7,"#N/A","#N/A",false,Web,"#N/A","#N/A",Medium,"#N/A",New,Subject_buzsh,"#N/A","#N/A","#N/A","#N/A","#N/A"
f4d0d79c-89e1-4634-96ec-4e994c030323,"#N/A","#N/A",false,Web,"#N/A","#N/A",Medium,"#N/A",New,Subject_wceac,"#N/A","#N/A","#N/A","#N/A","#N/A"
f4d151f4-9fa3-4b68-a537-cd6015ddb5df,"#N/A","#N/A",false,Web,"#N/A","#N/A",Medium,"#N/A",New,Subject_vkigo,"#N/A","#N/A","#N/A","#N/A","#N/A"
f4d1a077-306a-4438-857c-66d6f6635eb6,"#N/A","#N/A",false,Web,"#N/A","#N/A",Medium,"#N/A",New,Subject_cifyv,"#N/A","#N/A","#N/A","#N/A","#N/A"
f4da6d87-392b-4c98-af18-4454f5c879fc,"#N/A","#N/A",false,Web,"#N/A","#N/A",Medium,"#N/A",New,Subject_uzdpk,"#N/A","#N/A","#N/A","#N/A","#N/A"
f4dc1a57-55fd-447c-893a-2d2c02e1e4e4,"#N/A","#N/A",false,Web,"#N/A","#N/A",Medium,"#N/A",New,Subject_ioaei,"#N/A","#N/A","#N/A","#N/A","#N/A"
f4e0f9a0-51f6-4c25-8fb2-58862234d799,"#N/A","#N/A",false,Web,"#N/A","#N/A",Medium,"#N/A",New,Subject_vadtj,"#N/A","#N/A","#N/A","#N/A","#N/A"
f4eab24c-e03a-4ca6-84c1-919dc530b282,"#N/A","#N/A",false,Web,"#N/A","#N/A",Medium,"#N/A",New,Subject_jhqop,"#N/A","#N/A","#N/A","#N/A","#N/A"
f4f16fbd-9203-43bb-a463-50340ff54154,"#N/A","#N/A",false,Web,"#N/A","#N/A",Medium,"#N/A",New,Subject_zkjgj,"#N/A","#N/A","#N/A","#N/A","#N/A"
f4f1eaad-a363-46ee-aa1f-dbe83db00a32,"#N/A","#N/A",false,Web,"#N/A","#N/A",Medium,"#N/A",New,Subject_djoqu,"#N/A","#N/A","#N/A","#N/A","#N/A"
f4f72558-539a-47f4-ac29-a23c788d5973,"#N/A","#N/A",false,Web,"#N/A","#N/A",Medium,"#N/A",New,Subject_agtbf,"#N/A","#N/A","#N/A","#N/A","#N/A"
f4f736cd-ebb4-42fc-8bb0-4c7054cce9e9,"#N/A","#N/A",false,Web,"#N/A","#N/A",Medium,"#N/A",New,Subject_ujiaz,"#N/A","#N/A","#N/A","#N/A","#N/A"
f4f816a7-694d-47c7-8037-ab367ea184fc,"#N/A","#N/A",false,Web,"#N/A","#N/A",Medium,"#N/A",New,Subject_yuwwx,"#N/A","#N/A","#N/A","#N/A","#N/A"
f4f911b5-18f9-440e-a8a8-cee9130d3943,"#N/A","#N/A",false,Web,"#N/A","#N/A",Medium,"#N/A",New,Subject_hjzfz,"#N/A","#N/A","#N/A","#N/A","#N/A"
f4ff80e7-58ea-4590-b537-5c0375cf76e4,"#N/A","#N/A",false,Web,"#N/A","#N/A",Medium,"#N/A",New,Subject_wejlo,"#N/A","#N/A","#N/A","#N/A","#N/A"
f502f8f9-6546-4a76-99e7-be745fbea8e1,"#N/A","#N/A",false,Web,"#N/A","#N/A",Medium,"#N/A",New,Subject_koomq,"#N/A","#N/A","#N/A","#N/A","#N/A"
f5033f59-963d-4139-8cac-83e56981ac5c,"#N/A","#N/A",false,Web,"#N/A","#N/A",Medium,"#N/A",New,Subject_nlgzq,"#N/A","#N/A","#N/A","#N/A","#N/A"
f5053c70-e1eb-4c0f-bf9c-f4341b772666,"#N/A","#N/A",false,Web,"#N/A","#N/A",Medium,"#N/A",New,Subject_dqzpl,"#N/A","#N/A","#N/A","#N/A","#N/A"
f508c623-d578-4fa0-b37e-142f1bab2db3,"#N/A","#N/A",false,Web,"#N/A","#N/A",Medium,"#N/A",New,Subject_kkjyf,"#N/A","#N/A","#N/A","#N/A","#N/A"
f50b1ec7-4795-4793-8ce4-63699617fccc,"#N/A","#N/A",false,Web,"#N/A","#N/A",Medium,"#N/A",New,Subject_bjtye,"#N/A","#N/A","#N/A","#N/A","#N/A"
f50b7386-4fb5-4548-acd4-16e8da0228d7,"#N/A","#N/A",false,Web,"#N/A","#N/A",Medium,"#N/A",New,Subject_fhvnn,"#N/A","#N/A","#N/A","#N/A","#N/A"
f50dac41-0126-4d46-a449-131eea048156,"#N/A","#N/A",false,Web,"#N/A","#N/A",Medium,"#N/A",New,Subject_fpzjq,"#N/A","#N/A","#N/A","#N/A","#N/A"
f5126064-84c0-4e69-873e-be409eb505cd,"#N/A","#N/A",false,Web,"#N/A","#N/A",Medium,"#N/A",New,Subject_ahedm,"#N/A","#N/A","#N/A","#N/A","#N/A"
f51dab0f-b39f-4fe4-b0b1-7dadcb18f817,"#N/A","#N/A",false,Web,"#N/A","#N/A",Medium,"#N/A",New,Subject_jhprm,"#N/A","#N/A","#N/A","#N/A","#N/A"
f51e467b-ded9-48ab-a3e2-2448cedd0d0d,"#N/A","#N/A",false,Web,"#N/A","#N/A",Medium,"#N/A",New,Subject_ikefa,"#N/A","#N/A","#N/A","#N/A","#N/A"
f52029fc-115c-4504-bc1b-8bc868a3353e,"#N/A","#N/A",false,Web,"#N/A","#N/A",Medium,"#N/A",New,Subject_ogcqi,"#N/A","#N/A","#N/A","#N/A","#N/A"
f5208a69-bd53-4a19-83d3-9bfe61e2e0ea,"#N/A","#N/A",false,Web,"#N/A","#N/A",Medium,"#N/A",New,Subject_knpbu,"#N/A","#N/A","#N/A","#N/A","#N/A"
f525afe7-e768-48cd-98e4-dd0552a16336,"#N/A","#N/A",false,Web,"#N/A","#N/A",Medium,"#N/A",New,Subject_kttro,"#N/A","#N/A","#N/A","#N/A","#N/A"
f526f357-052e-43a1-a4a5-259a50df9980,"#N/A","#N/A",false,Web,"#N/A","#N/A",Medium,"#N/A",New,Subject_bsrsy,"#N/A","#N/A","#N/A","#N/A","#N/A"
f52a2598-7f68-44a0-ad86-aaa78c42f487,"#N/A","#N/A",false,Web,"#N/A","#N/A",Medium,"#N/A",New,Subject_bbfvl,"#N/A","#N/A","#N/A","#N/A","#N/A"
f52e0490-7d96-4ebb-b181-ee344001d46e,"#N/A","#N/A",false,Web,"#N/A","#N/A",Medium,"#N/A",New,Subject_hyyea,"#N/A","#N/A","#N/A","#N/A","#N/A"
f5310faa-e691-4882-ad16-7d806e5e5fad,"#N/A","#N/A",false,Web,"#N/A","#N/A",Medium,"#N/A",New,Subject_mszoz,"#N/A","#N/A","#N/A","#N/A","#N/A"
f53994bd-163e-4b6e-b818-d65c793dead3,"#N/A","#N/A",false,Web,"#N/A","#N/A",Medium,"#N/A",New,Subject_wsjuj,"#N/A","#N/A","#N/A","#N/A","#N/A"
f53aa268-5db4-4265-85b7-a5acd8236179,"#N/A","#N/A",false,Web,"#N/A","#N/A",Medium,"#N/A",New,Subject_oknvb,"#N/A","#N/A","#N/A","#N/A","#N/A"
f53c730e-b879-4c0b-b1bf-5110e62f85df,"#N/A","#N/A",false,Web,"#N/A","#N/A",Medium,"#N/A",New,Subject_jxaps,"#N/A","#N/A","#N/A","#N/A","#N/A"
f53d1868-590e-45d0-8ada-f81bd5d8f990,"#N/A","#N/A",false,Web,"#N/A","#N/A",Medium,"#N/A",New,Subject_mdvya,"#N/A","#N/A","#N/A","#N/A","#N/A"
f53eb970-c042-499d-9025-caf98586d539,"#N/A","#N/A",false,Web,"#N/A","#N/A",Medium,"#N/A",New,Subject_ipifi,"#N/A","#N/A","#N/A","#N/A","#N/A"
f541218b-86f2-4993-a2d8-1b1a9c011d4f,"#N/A","#N/A",false,Web,"#N/A","#N/A",Medium,"#N/A",New,Subject_ufxin,"#N/A","#N/A","#N/A","#N/A","#N/A"
f544d937-e434-44e1-81b4-0013a62a0084,"#N/A","#N/A",false,Web,"#N/A","#N/A",Medium,"#N/A",New,Subject_zcvky,"#N/A","#N/A","#N/A","#N/A","#N/A"
f54cd396-45c8-435a-a0ca-cd1455d9f006,"#N/A","#N/A",false,Web,"#N/A","#N/A",Medium,"#N/A",New,Subject_qdyxl,"#N/A","#N/A","#N/A","#N/A","#N/A"
f55085e5-fa35-4abb-a391-876936d3fdb8,"#N/A","#N/A",false,Web,"#N/A","#N/A",Medium,"#N/A",New,Subject_bpuqz,"#N/A","#N/A","#N/A","#N/A","#N/A"
f550c275-ba17-4d88-8517-6d35ea699f4f,"#N/A","#N/A",false,Web,"#N/A","#N/A",Medium,"#N/A",New,Subject_tagvn,"#N/A","#N/A","#N/A","#N/A","#N/A"
f5547509-90d6-431e-bc27-61a5512388e9,"#N/A","#N/A",false,Web,"#N/A","#N/A",Medium,"#N/A",New,Subject_wzwuc,"#N/A","#N/A","#N/A","#N/A","#N/A"
f5569a6a-0698-45bc-b1ac-90baf57c9093,"#N/A","#N/A",false,Web,"#N/A","#N/A",Medium,"#N/A",New,Subject_ypaan,"#N/A","#N/A","#N/A","#N/A","#N/A"
f558467a-36e4-4f6e-9398-19c231398138,"#N/A","#N/A",false,Web,"#N/A","#N/A",Medium,"#N/A",New,Subject_wimol,"#N/A","#N/A","#N/A","#N/A","#N/A"
f5593f36-7029-4713-8253-46287cd7efdb,"#N/A","#N/A",false,Web,"#N/A","#N/A",Medium,"#N/A",New,Subject_aywse,"#N/A","#N/A","#N/A","#N/A","#N/A"
f55cd93d-c9f4-44a2-880a-da0ad64c6380,"#N/A","#N/A",false,Web,"#N/A","#N/A",Medium,"#N/A",New,Subject_pckfn,"#N/A","#N/A","#N/A","#N/A","#N/A"
f55d29f5-ceef-431b-ac22-e70177854d1c,"#N/A","#N/A",false,Web,"#N/A","#N/A",Medium,"#N/A",New,Subject_qecjr,"#N/A","#N/A","#N/A","#N/A","#N/A"
f560d466-280e-4ba4-9f49-67a3a00132e9,"#N/A","#N/A",false,Web,"#N/A","#N/A",Medium,"#N/A",New,Subject_spcvk,"#N/A","#N/A","#N/A","#N/A","#N/A"
f565ae54-475e-4740-a24e-8df023b89281,"#N/A","#N/A",false,Web,"#N/A","#N/A",Medium,"#N/A",New,Subject_rkndy,"#N/A","#N/A","#N/A","#N/A","#N/A"
f5677e8c-2bb9-4893-8442-20ec7570ac7c,"#N/A","#N/A",false,Web,"#N/A","#N/A",Medium,"#N/A",New,Subject_nwrqd,"#N/A","#N/A","#N/A","#N/A","#N/A"
f569a05c-63a0-44a5-a0d9-f108c630e590,"#N/A","#N/A",false,Web,"#N/A","#N/A",Medium,"#N/A",New,Subject_lpqvt,"#N/A","#N/A","#N/A","#N/A","#N/A"
f56e1ca5-8a60-4c02-97d4-aab161982208,"#N/A","#N/A",false,Web,"#N/A","#N/A",Medium,"#N/A",New,Subject_cejtf,"#N/A","#N/A","#N/A","#N/A","#N/A"
f56e8493-5f32-494e-ac09-433a4a39a5d7,"#N/A","#N/A",false,Web,"#N/A","#N/A",Medium,"#N/A",New,Subject_xkgeo,"#N/A","#N/A","#N/A","#N/A","#N/A"
f56ee206-d716-445b-96c7-cd3f05d9b388,"#N/A","#N/A",false,Web,"#N/A","#N/A",Medium,"#N/A",New,Subject_szfyc,"#N/A","#N/A","#N/A","#N/A","#N/A"
f57463d8-e793-49ef-ac8f-9416ec4fbff3,"#N/A","#N/A",false,Web,"#N/A","#N/A",Medium,"#N/A",New,Subject_xnlyt,"#N/A","#N/A","#N/A","#N/A","#N/A"
f5793938-bb20-4a5f-a376-3bca24874821,"#N/A","#N/A",false,Web,"#N/A","#N/A",Medium,"#N/A",New,Subject_jccpy,"#N/A","#N/A","#N/A","#N/A","#N/A"
f57c76ad-7fef-4be8-be0d-5ef685f7308c,"#N/A","#N/A",false,Web,"#N/A","#N/A",Medium,"#N/A",New,Subject_aozqc,"#N/A","#N/A","#N/A","#N/A","#N/A"
f57c92ad-aa71-4f22-964c-779ea2df278a,"#N/A","#N/A",false,Web,"#N/A","#N/A",Medium,"#N/A",New,Subject_jhpcr,"#N/A","#N/A","#N/A","#N/A","#N/A"
f57db590-2ee5-411e-b2e3-06d38320c356,"#N/A","#N/A",false,Web,"#N/A","#N/A",Medium,"#N/A",New,Subject_uigzs,"#N/A","#N/A","#N/A","#N/A","#N/A"
f57dd9d3-438b-41c5-9f01-47243e00790b,"#N/A","#N/A",false,Web,"#N/A","#N/A",Medium,"#N/A",New,Subject_mesib,"#N/A","#N/A","#N/A","#N/A","#N/A"
f583304c-4265-4b5d-896f-2b669787ab65,"#N/A","#N/A",false,Web,"#N/A","#N/A",Medium,"#N/A",New,Subject_yplbu,"#N/A","#N/A","#N/A","#N/A","#N/A"
f589b417-8ea6-4937-be77-bf0dffc888f7,"#N/A","#N/A",false,Web,"#N/A","#N/A",Medium,"#N/A",New,Subject_unyai,"#N/A","#N/A","#N/A","#N/A","#N/A"
f58dba1d-d145-4433-9f0a-9543e66ae6c7,"#N/A","#N/A",false,Web,"#N/A","#N/A",Medium,"#N/A",New,Subject_jycdw,"#N/A","#N/A","#N/A","#N/A","#N/A"
f58e05a7-7ee4-49d5-856d-121d00094d80,"#N/A","#N/A",false,Web,"#N/A","#N/A",Medium,"#N/A",New,Subject_bbgrt,"#N/A","#N/A","#N/A","#N/A","#N/A"
f5915ee9-ad6c-4bd7-88ff-2354f701c2bf,"#N/A","#N/A",false,Web,"#N/A","#N/A",Medium,"#N/A",New,Subject_rkndy,"#N/A","#N/A","#N/A","#N/A","#N/A"
f59458e3-c199-4487-b4f1-ef513e47c33d,"#N/A","#N/A",false,Web,"#N/A","#N/A",Medium,"#N/A",New,Subject_tymeb,"#N/A","#N/A","#N/A","#N/A","#N/A"
f5946e1d-d992-4071-81fc-e72fd05c5b4d,"#N/A","#N/A",false,Web,"#N/A","#N/A",Medium,"#N/A",New,Subject_dvopf,"#N/A","#N/A","#N/A","#N/A","#N/A"
f5983c45-c540-484d-9654-8cd78fabe51b,"#N/A","#N/A",false,Web,"#N/A","#N/A",Medium,"#N/A",New,Subject_vieqm,"#N/A","#N/A","#N/A","#N/A","#N/A"
f5984c63-4b83-441a-b58a-f4406f9579ce,"#N/A","#N/A",false,Web,"#N/A","#N/A",Medium,"#N/A",New,Subject_kkabb,"#N/A","#N/A","#N/A","#N/A","#N/A"
f59cfd44-c0d7-412d-bc5f-3a136c8c463b,"#N/A","#N/A",false,Web,"#N/A","#N/A",Medium,"#N/A",New,Subject_ehlqf,"#N/A","#N/A","#N/A","#N/A","#N/A"
f5a4b4ce-0d8f-4e34-b2b7-7a9258c81da0,"#N/A","#N/A",false,Web,"#N/A","#N/A",Medium,"#N/A",New,Subject_psihi,"#N/A","#N/A","#N/A","#N/A","#N/A"
f5a81094-b96c-4d5a-b94d-4673ba5c858c,"#N/A","#N/A",false,Web,"#N/A","#N/A",Medium,"#N/A",New,Subject_kmdqj,"#N/A","#N/A","#N/A","#N/A","#N/A"
f5a8a3bf-0fb8-4897-a1c6-6dcc2b07c157,"#N/A","#N/A",false,Web,"#N/A","#N/A",Medium,"#N/A",New,Subject_lebrs,"#N/A","#N/A","#N/A","#N/A","#N/A"
f5a96fae-f03f-4c1f-bba8-3cf3cd9cc140,"#N/A","#N/A",false,Web,"#N/A","#N/A",Medium,"#N/A",New,Subject_wxhmm,"#N/A","#N/A","#N/A","#N/A","#N/A"
f5ab0fab-5c3c-4753-9d36-de0bb69f8d0b,"#N/A","#N/A",false,Web,"#N/A","#N/A",Medium,"#N/A",New,Subject_ekjwu,"#N/A","#N/A","#N/A","#N/A","#N/A"
f5adbb75-919a-43a3-8dc9-6c146137d1f3,"#N/A","#N/A",false,Web,"#N/A","#N/A",Medium,"#N/A",New,Subject_fkrgh,"#N/A","#N/A","#N/A","#N/A","#N/A"
f5afe931-9b50-4852-ab45-96aa7e0949d3,"#N/A","#N/A",false,Web,"#N/A","#N/A",Medium,"#N/A",New,Subject_ewzwd,"#N/A","#N/A","#N/A","#N/A","#N/A"
f5b4c2c0-dd1d-4624-9630-9e12c6772659,"#N/A","#N/A",false,Web,"#N/A","#N/A",Medium,"#N/A",New,Subject_mkocl,"#N/A","#N/A","#N/A","#N/A","#N/A"
f5b6075d-e22f-4531-9bfa-af5aee76a5e4,"#N/A","#N/A",false,Web,"#N/A","#N/A",Medium,"#N/A",New,Subject_jvcny,"#N/A","#N/A","#N/A","#N/A","#N/A"
f5b89c5a-a406-46f7-97a6-0284553c2b17,"#N/A","#N/A",false,Web,"#N/A","#N/A",Medium,"#N/A",New,Subject_irccp,"#N/A","#N/A","#N/A","#N/A","#N/A"
f5ba8dd2-8f6c-49ed-858c-b685ebaac884,"#N/A","#N/A",false,Web,"#N/A","#N/A",Medium,"#N/A",New,Subject_dsluh,"#N/A","#N/A","#N/A","#N/A","#N/A"
f5bbe0aa-50a6-496b-8769-bb0618d3f8e3,"#N/A","#N/A",false,Web,"#N/A","#N/A",Medium,"#N/A",New,Subject_cyukv,"#N/A","#N/A","#N/A","#N/A","#N/A"
f5bc599b-5500-4408-baee-8e730412a5f8,"#N/A","#N/A",false,Web,"#N/A","#N/A",Medium,"#N/A",New,Subject_niswm,"#N/A","#N/A","#N/A","#N/A","#N/A"
f5bcad34-ff47-4b0a-b9db-8cb5da63f795,"#N/A","#N/A",false,Web,"#N/A","#N/A",Medium,"#N/A",New,Subject_ilbhg,"#N/A","#N/A","#N/A","#N/A","#N/A"
f5bcee0c-430a-40d8-a8c7-1617e0c6f654,"#N/A","#N/A",false,Web,"#N/A","#N/A",Medium,"#N/A",New,Subject_ukqsl,"#N/A","#N/A","#N/A","#N/A","#N/A"
f5c19ceb-a112-4eaf-8ef8-13ebecf84213,"#N/A","#N/A",false,Web,"#N/A","#N/A",Medium,"#N/A",New,Subject_mcliz,"#N/A","#N/A","#N/A","#N/A","#N/A"
f5c5637e-d0f7-4c9e-8eb0-3607ed1a9aec,"#N/A","#N/A",false,Web,"#N/A","#N/A",Medium,"#N/A",New,Subject_hwlbq,"#N/A","#N/A","#N/A","#N/A","#N/A"
f5c78674-33fa-414e-94fd-dcb3dd8b330e,"#N/A","#N/A",false,Web,"#N/A","#N/A",Medium,"#N/A",New,Subject_ezuni,"#N/A","#N/A","#N/A","#N/A","#N/A"
f5ca344d-7721-489e-85a6-678d780dd329,"#N/A","#N/A",false,Web,"#N/A","#N/A",Medium,"#N/A",New,Subject_wzjkf,"#N/A","#N/A","#N/A","#N/A","#N/A"
f5cce080-8486-4963-b98a-bcd97a6c712d,"#N/A","#N/A",false,Web,"#N/A","#N/A",Medium,"#N/A",New,Subject_ccmwq,"#N/A","#N/A","#N/A","#N/A","#N/A"
f5d49ef8-98d1-4904-8b18-1408e0e57cd1,"#N/A","#N/A",false,Web,"#N/A","#N/A",Medium,"#N/A",New,Subject_ielqm,"#N/A","#N/A","#N/A","#N/A","#N/A"
f5d7f7a9-a58b-4bcf-8177-b341b847ff03,"#N/A","#N/A",false,Web,"#N/A","#N/A",Medium,"#N/A",New,Subject_kaysm,"#N/A","#N/A","#N/A","#N/A","#N/A"
f5d88607-ed8a-4ea8-afb9-640fda6d2204,"#N/A","#N/A",false,Web,"#N/A","#N/A",Medium,"#N/A",New,Subject_yprvw,"#N/A","#N/A","#N/A","#N/A","#N/A"
f5dc3ae7-e972-4129-bfa0-6dd243d8f4dc,"#N/A","#N/A",false,Web,"#N/A","#N/A",Medium,"#N/A",New,Subject_zadso,"#N/A","#N/A","#N/A","#N/A","#N/A"
f5ddd302-c6f8-4c60-9bf7-1346bdcd365a,"#N/A","#N/A",false,Web,"#N/A","#N/A",Medium,"#N/A",New,Subject_cednj,"#N/A","#N/A","#N/A","#N/A","#N/A"
f5e203ab-e7d7-4a33-afd2-f8047a23bfce,"#N/A","#N/A",false,Web,"#N/A","#N/A",Medium,"#N/A",New,Subject_bisdv,"#N/A","#N/A","#N/A","#N/A","#N/A"
f5e2dfa0-c2e1-4c75-bf61-8ab9b1059be2,"#N/A","#N/A",false,Web,"#N/A","#N/A",Medium,"#N/A",New,Subject_butro,"#N/A","#N/A","#N/A","#N/A","#N/A"
f5e3289d-a746-46d0-8238-a16ae6e5e36b,"#N/A","#N/A",false,Web,"#N/A","#N/A",Medium,"#N/A",New,Subject_wkaxa,"#N/A","#N/A","#N/A","#N/A","#N/A"
f5e59f1c-e1ac-4f5c-ba4d-e1c8838ffa18,"#N/A","#N/A",false,Web,"#N/A","#N/A",Medium,"#N/A",New,Subject_fazzs,"#N/A","#N/A","#N/A","#N/A","#N/A"
f5e60f80-4e6b-4198-997b-b59221b6d554,"#N/A","#N/A",false,Web,"#N/A","#N/A",Medium,"#N/A",New,Subject_atafq,"#N/A","#N/A","#N/A","#N/A","#N/A"
f5e65c05-5007-43e3-995a-2becf2a2b4d3,"#N/A","#N/A",false,Web,"#N/A","#N/A",Medium,"#N/A",New,Subject_fgrgo,"#N/A","#N/A","#N/A","#N/A","#N/A"
f5e6cfad-f213-4f25-8265-fda9d96b8870,"#N/A","#N/A",false,Web,"#N/A","#N/A",Medium,"#N/A",New,Subject_lotfk,"#N/A","#N/A","#N/A","#N/A","#N/A"
f5e6f642-c26f-415c-8ff1-865437738991,"#N/A","#N/A",false,Web,"#N/A","#N/A",Medium,"#N/A",New,Subject_jujrt,"#N/A","#N/A","#N/A","#N/A","#N/A"
f5ec5e34-62c5-4a33-b9cd-411f23a40e52,"#N/A","#N/A",false,Web,"#N/A","#N/A",Medium,"#N/A",New,Subject_ffohu,"#N/A","#N/A","#N/A","#N/A","#N/A"
f5ec7b85-be20-4b6a-a025-11885396ba07,"#N/A","#N/A",false,Web,"#N/A","#N/A",Medium,"#N/A",New,Subject_bzhsl,"#N/A","#N/A","#N/A","#N/A","#N/A"
f5ee5844-3840-4e38-b7ef-7fbc7886dd9c,"#N/A","#N/A",false,Web,"#N/A","#N/A",Medium,"#N/A",New,Subject_poltt,"#N/A","#N/A","#N/A","#N/A","#N/A"
f5ef0bb1-8328-4b03-bb4a-eaaace918148,"#N/A","#N/A",false,Web,"#N/A","#N/A",Medium,"#N/A",New,Subject_yczec,"#N/A","#N/A","#N/A","#N/A","#N/A"
f5f2ce09-9105-41da-91ed-aeecbb95a1fb,"#N/A","#N/A",false,Web,"#N/A","#N/A",Medium,"#N/A",New,Subject_huxjc,"#N/A","#N/A","#N/A","#N/A","#N/A"
f5f50636-cc1f-4e9d-a459-70162f066594,"#N/A","#N/A",false,Web,"#N/A","#N/A",Medium,"#N/A",New,Subject_arzej,"#N/A","#N/A","#N/A","#N/A","#N/A"
f5f5874b-fdeb-46b1-96be-22c896f0e148,"#N/A","#N/A",false,Web,"#N/A","#N/A",Medium,"#N/A",New,Subject_urxnh,"#N/A","#N/A","#N/A","#N/A","#N/A"
f5f7ce6a-917e-45e8-8c6c-6ec92c4ed68d,"#N/A","#N/A",false,Web,"#N/A","#N/A",Medium,"#N/A",New,Subject_urkdb,"#N/A","#N/A","#N/A","#N/A","#N/A"
f5f85547-c47b-4818-a23b-a4206c38f5c2,"#N/A","#N/A",false,Web,"#N/A","#N/A",Medium,"#N/A",New,Subject_ntojk,"#N/A","#N/A","#N/A","#N/A","#N/A"
f5fa0e88-7083-4eeb-bd66-f8eee627a0b5,"#N/A","#N/A",false,Web,"#N/A","#N/A",Medium,"#N/A",New,Subject_ondtz,"#N/A","#N/A","#N/A","#N/A","#N/A"
f5fa8dcd-0c1e-4619-ab9f-3195c0d3fcf0,"#N/A","#N/A",false,Web,"#N/A","#N/A",Medium,"#N/A",New,Subject_msqab,"#N/A","#N/A","#N/A","#N/A","#N/A"
f5fc41e7-2a01-4d2c-b1ef-9c7a032ac574,"#N/A","#N/A",false,Web,"#N/A","#N/A",Medium,"#N/A",New,Subject_kqnka,"#N/A","#N/A","#N/A","#N/A","#N/A"
f5ff3145-716b-4036-b1df-1e5fbb6631a5,"#N/A","#N/A",false,Web,"#N/A","#N/A",Medium,"#N/A",New,Subject_wtegb,"#N/A","#N/A","#N/A","#N/A","#N/A"
f60264d9-71f6-444e-9401-d51485d1f4ed,"#N/A","#N/A",false,Web,"#N/A","#N/A",Medium,"#N/A",New,Subject_wjmqq,"#N/A","#N/A","#N/A","#N/A","#N/A"
f605e079-1830-4051-ac58-809d415de6d8,"#N/A","#N/A",false,Web,"#N/A","#N/A",Medium,"#N/A",New,Subject_orlhj,"#N/A","#N/A","#N/A","#N/A","#N/A"
f60c8cc5-9555-466b-b1e6-15df86c41722,"#N/A","#N/A",false,Web,"#N/A","#N/A",Medium,"#N/A",New,Subject_vskdd,"#N/A","#N/A","#N/A","#N/A","#N/A"
f613350e-f73d-4780-bc0f-b58512f92b3a,"#N/A","#N/A",false,Web,"#N/A","#N/A",Medium,"#N/A",New,Subject_sdlfr,"#N/A","#N/A","#N/A","#N/A","#N/A"
f616e3ac-e443-4c2f-8d43-89aea1c2a77b,"#N/A","#N/A",false,Web,"#N/A","#N/A",Medium,"#N/A",New,Subject_gwrte,"#N/A","#N/A","#N/A","#N/A","#N/A"
f620156d-62d6-45a3-b4a9-4269586724cd,"#N/A","#N/A",false,Web,"#N/A","#N/A",Medium,"#N/A",New,Subject_quozc,"#N/A","#N/A","#N/A","#N/A","#N/A"
f620f255-1c42-4895-8276-293068cb0d10,"#N/A","#N/A",false,Web,"#N/A","#N/A",Medium,"#N/A",New,Subject_qaftq,"#N/A","#N/A","#N/A","#N/A","#N/A"
f6223773-399f-460f-8956-f632a3d025d2,"#N/A","#N/A",false,Web,"#N/A","#N/A",Medium,"#N/A",New,Subject_dydkn,"#N/A","#N/A","#N/A","#N/A","#N/A"
f622e58e-bdf6-4383-97cf-c295cdce1b1a,"#N/A","#N/A",false,Web,"#N/A","#N/A",Medium,"#N/A",New,Subject_nwepl,"#N/A","#N/A","#N/A","#N/A","#N/A"
f62582fe-f436-4aa9-96b7-2d942b84e264,"#N/A","#N/A",false,Web,"#N/A","#N/A",Medium,"#N/A",New,Subject_gzbxl,"#N/A","#N/A","#N/A","#N/A","#N/A"
f62c40ca-cdc5-4ba1-8519-21e87855288c,"#N/A","#N/A",false,Web,"#N/A","#N/A",Medium,"#N/A",New,Subject_lajfy,"#N/A","#N/A","#N/A","#N/A","#N/A"
f637e61e-b7da-4136-b966-baad4cd28aa7,"#N/A","#N/A",false,Web,"#N/A","#N/A",Medium,"#N/A",New,Subject_pslgi,"#N/A","#N/A","#N/A","#N/A","#N/A"
f6393225-ce7f-4b98-9b3c-2caa92eb4614,"#N/A","#N/A",false,Web,"#N/A","#N/A",Medium,"#N/A",New,Subject_zfxux,"#N/A","#N/A","#N/A","#N/A","#N/A"
f63a20bd-022f-41a6-9e7a-4d89cab24f3e,"#N/A","#N/A",false,Web,"#N/A","#N/A",Medium,"#N/A",New,Subject_bmdjb,"#N/A","#N/A","#N/A","#N/A","#N/A"
f63cc105-4faa-4ad2-8f6c-36813fe6d01c,"#N/A","#N/A",false,Web,"#N/A","#N/A",Medium,"#N/A",New,Subject_ifmjl,"#N/A","#N/A","#N/A","#N/A","#N/A"
f63d90b3-64c0-411a-ba93-c4f97648378f,"#N/A","#N/A",false,Web,"#N/A","#N/A",Medium,"#N/A",New,Subject_vepqv,"#N/A","#N/A","#N/A","#N/A","#N/A"
f63da0f0-7a83-4a1b-b86b-14db958f1ea6,"#N/A","#N/A",false,Web,"#N/A","#N/A",Medium,"#N/A",New,Subject_gniaz,"#N/A","#N/A","#N/A","#N/A","#N/A"
f63fae6c-9243-4893-a190-0049333861d5,"#N/A","#N/A",false,Web,"#N/A","#N/A",Medium,"#N/A",New,Subject_uwifa,"#N/A","#N/A","#N/A","#N/A","#N/A"
f6439c8d-09f3-4535-a808-cb0d2e65180e,"#N/A","#N/A",false,Web,"#N/A","#N/A",Medium,"#N/A",New,Subject_lwlif,"#N/A","#N/A","#N/A","#N/A","#N/A"
f646a103-b69a-47ff-99d5-870977ad4ac0,"#N/A","#N/A",false,Web,"#N/A","#N/A",Medium,"#N/A",New,Subject_uhhqb,"#N/A","#N/A","#N/A","#N/A","#N/A"
f646ccdb-f914-4017-8690-19c75f75a621,"#N/A","#N/A",false,Web,"#N/A","#N/A",Medium,"#N/A",New,Subject_ykmfu,"#N/A","#N/A","#N/A","#N/A","#N/A"
f6481a24-565d-4183-be62-b1d7491db799,"#N/A","#N/A",false,Web,"#N/A","#N/A",Medium,"#N/A",New,Subject_wmopf,"#N/A","#N/A","#N/A","#N/A","#N/A"
f64965e3-6f3a-4ff9-a4b7-961a46eb8ffc,"#N/A","#N/A",false,Web,"#N/A","#N/A",Medium,"#N/A",New,Subject_tonpc,"#N/A","#N/A","#N/A","#N/A","#N/A"
f64a74f2-ac02-4c25-9b86-63db76074dee,"#N/A","#N/A",false,Web,"#N/A","#N/A",Medium,"#N/A",New,Subject_hguke,"#N/A","#N/A","#N/A","#N/A","#N/A"
f64bd5f3-fdb2-40a8-933d-0db68e6576fd,"#N/A","#N/A",false,Web,"#N/A","#N/A",Medium,"#N/A",New,Subject_tgjzf,"#N/A","#N/A","#N/A","#N/A","#N/A"
f64c9017-a736-4b05-bae2-94c57d16f13d,"#N/A","#N/A",false,Web,"#N/A","#N/A",Medium,"#N/A",New,Subject_csatv,"#N/A","#N/A","#N/A","#N/A","#N/A"
f64f808c-b8a2-4b31-8a23-5bf96a6ad3d4,"#N/A","#N/A",false,Web,"#N/A","#N/A",Medium,"#N/A",New,Subject_zggjs,"#N/A","#N/A","#N/A","#N/A","#N/A"
f64ffb0f-99ad-40e2-87b4-b985143c84c7,"#N/A","#N/A",false,Web,"#N/A","#N/A",Medium,"#N/A",New,Subject_qzoku,"#N/A","#N/A","#N/A","#N/A","#N/A"
f651ecfe-20fa-4786-8e9a-f736c2a16879,"#N/A","#N/A",false,Web,"#N/A","#N/A",Medium,"#N/A",New,Subject_yztkc,"#N/A","#N/A","#N/A","#N/A","#N/A"
f65306c9-d0c2-4295-917c-afaff603693a,"#N/A","#N/A",false,Web,"#N/A","#N/A",Medium,"#N/A",New,Subject_xitpd,"#N/A","#N/A","#N/A","#N/A","#N/A"
f65f476b-a321-4077-96a5-e5813649d872,"#N/A","#N/A",false,Web,"#N/A","#N/A",Medium,"#N/A",New,Subject_kbhzx,"#N/A","#N/A","#N/A","#N/A","#N/A"
f660d3a1-1721-437b-b0f9-2168505b0fb7,"#N/A","#N/A",false,Web,"#N/A","#N/A",Medium,"#N/A",New,Subject_pnsmt,"#N/A","#N/A","#N/A","#N/A","#N/A"
f660e3fa-de79-4b1e-8997-e54b16a6422f,"#N/A","#N/A",false,Web,"#N/A","#N/A",Medium,"#N/A",New,Subject_apjfl,"#N/A","#N/A","#N/A","#N/A","#N/A"
f6633ec8-92a0-4027-9db1-328b0bc5fca5,"#N/A","#N/A",false,Web,"#N/A","#N/A",Medium,"#N/A",New,Subject_vigbu,"#N/A","#N/A","#N/A","#N/A","#N/A"
f664ccb2-c217-458e-99e8-cbb0c6cb4809,"#N/A","#N/A",false,Web,"#N/A","#N/A",Medium,"#N/A",New,Subject_mcjqm,"#N/A","#N/A","#N/A","#N/A","#N/A"
f6662d95-89ac-4f0b-8275-61bd28426115,"#N/A","#N/A",false,Web,"#N/A","#N/A",Medium,"#N/A",New,Subject_climp,"#N/A","#N/A","#N/A","#N/A","#N/A"
f669c17a-7bcc-474b-b660-b468a6605150,"#N/A","#N/A",false,Web,"#N/A","#N/A",Medium,"#N/A",New,Subject_xghey,"#N/A","#N/A","#N/A","#N/A","#N/A"
f66d2461-aea1-41fd-a0d5-f56f3a3acc6c,"#N/A","#N/A",false,Web,"#N/A","#N/A",Medium,"#N/A",New,Subject_kteby,"#N/A","#N/A","#N/A","#N/A","#N/A"
f67125a2-b5ac-4f8e-ba21-0d488b9d258f,"#N/A","#N/A",false,Web,"#N/A","#N/A",Medium,"#N/A",New,Subject_ujxls,"#N/A","#N/A","#N/A","#N/A","#N/A"
f671c789-6757-40f0-ab85-44676e492b72,"#N/A","#N/A",false,Web,"#N/A","#N/A",Medium,"#N/A",New,Subject_fqmue,"#N/A","#N/A","#N/A","#N/A","#N/A"
f675e8cb-62e3-46e2-928c-98f4e576042c,"#N/A","#N/A",false,Web,"#N/A","#N/A",Medium,"#N/A",New,Subject_xousi,"#N/A","#N/A","#N/A","#N/A","#N/A"
f6776522-6642-4277-8f1a-122f8c81aad9,"#N/A","#N/A",false,Web,"#N/A","#N/A",Medium,"#N/A",New,Subject_rrnni,"#N/A","#N/A","#N/A","#N/A","#N/A"
f67b14dd-244c-4423-b8de-32069fe7b4c8,"#N/A","#N/A",false,Web,"#N/A","#N/A",Medium,"#N/A",New,Subject_zzmgg,"#N/A","#N/A","#N/A","#N/A","#N/A"
f67d2f52-5ac1-443e-8c10-f4a8b4fbe651,"#N/A","#N/A",false,Web,"#N/A","#N/A",Medium,"#N/A",New,Subject_ianmp,"#N/A","#N/A","#N/A","#N/A","#N/A"
f67f596e-ee8e-44fb-9bd4-42796df1309c,"#N/A","#N/A",false,Web,"#N/A","#N/A",Medium,"#N/A",New,Subject_iqrpz,"#N/A","#N/A","#N/A","#N/A","#N/A"
f682e0f9-d557-4ead-b9d2-0a81af301db2,"#N/A","#N/A",false,Web,"#N/A","#N/A",Medium,"#N/A",New,Subject_rwehr,"#N/A","#N/A","#N/A","#N/A","#N/A"
f6838100-3a37-4974-890f-77847a240752,"#N/A","#N/A",false,Web,"#N/A","#N/A",Medium,"#N/A",New,Subject_iopte,"#N/A","#N/A","#N/A","#N/A","#N/A"
f6861d8b-e9ed-44e4-976a-1d034a052e3a,"#N/A","#N/A",false,Web,"#N/A","#N/A",Medium,"#N/A",New,Subject_lrywt,"#N/A","#N/A","#N/A","#N/A","#N/A"
f6873139-22d2-45d3-821a-ddf9cd719fb0,"#N/A","#N/A",false,Web,"#N/A","#N/A",Medium,"#N/A",New,Subject_ivzzj,"#N/A","#N/A","#N/A","#N/A","#N/A"
f688576f-ff49-4bff-a18c-8afee8179739,"#N/A","#N/A",false,Web,"#N/A","#N/A",Medium,"#N/A",New,Subject_ieoua,"#N/A","#N/A","#N/A","#N/A","#N/A"
f688dde6-8a2f-4940-adee-b10b89bb031a,"#N/A","#N/A",false,Web,"#N/A","#N/A",Medium,"#N/A",New,Subject_utsed,"#N/A","#N/A","#N/A","#N/A","#N/A"
f68a90b6-9a3c-4bac-a0e2-ed1a46198a1f,"#N/A","#N/A",false,Web,"#N/A","#N/A",Medium,"#N/A",New,Subject_fpzjq,"#N/A","#N/A","#N/A","#N/A","#N/A"
f68d54b2-53a4-417b-8f41-256842afac66,"#N/A","#N/A",false,Web,"#N/A","#N/A",Medium,"#N/A",New,Subject_gjzfx,"#N/A","#N/A","#N/A","#N/A","#N/A"
f691203c-5355-4d76-bc19-c2579ca25806,"#N/A","#N/A",false,Web,"#N/A","#N/A",Medium,"#N/A",New,Subject_gzzld,"#N/A","#N/A","#N/A","#N/A","#N/A"
f691b8f2-2616-492a-ae34-559bc92e60cc,"#N/A","#N/A",false,Web,"#N/A","#N/A",Medium,"#N/A",New,Subject_pgaqn,"#N/A","#N/A","#N/A","#N/A","#N/A"
f6933710-6444-4ce6-939d-01fca288db16,"#N/A","#N/A",false,Web,"#N/A","#N/A",Medium,"#N/A",New,Subject_vuetm,"#N/A","#N/A","#N/A","#N/A","#N/A"
f694fecc-6bff-44bc-b303-b5f558b9e914,"#N/A","#N/A",false,Web,"#N/A","#N/A",Medium,"#N/A",New,Subject_rlhyq,"#N/A","#N/A","#N/A","#N/A","#N/A"
f6967fb6-3f97-4170-9eab-24c7961502d8,"#N/A","#N/A",false,Web,"#N/A","#N/A",Medium,"#N/A",New,Subject_jsbmn,"#N/A","#N/A","#N/A","#N/A","#N/A"
f697d675-b8db-4461-922f-172d48c85109,"#N/A","#N/A",false,Web,"#N/A","#N/A",Medium,"#N/A",New,Subject_cfwky,"#N/A","#N/A","#N/A","#N/A","#N/A"
f6999f16-6bdf-4893-a0ae-17a4a280b433,"#N/A","#N/A",false,Web,"#N/A","#N/A",Medium,"#N/A",New,Subject_vsfwe,"#N/A","#N/A","#N/A","#N/A","#N/A"
f69c01bd-2335-4eb9-a3dd-78fd44df89fa,"#N/A","#N/A",false,Web,"#N/A","#N/A",Medium,"#N/A",New,Subject_ndvez,"#N/A","#N/A","#N/A","#N/A","#N/A"
f69d49a6-c7fa-4122-8de6-1f4f11a4019c,"#N/A","#N/A",false,Web,"#N/A","#N/A",Medium,"#N/A",New,Subject_udhhr,"#N/A","#N/A","#N/A","#N/A","#N/A"
f6a159b3-3fa4-4556-a566-1ed1b85f1809,"#N/A","#N/A",false,Web,"#N/A","#N/A",Medium,"#N/A",New,Subject_upcfv,"#N/A","#N/A","#N/A","#N/A","#N/A"
f6ab9fd7-97a2-4882-8f44-bbe91e7e6bb3,"#N/A","#N/A",false,Web,"#N/A","#N/A",Medium,"#N/A",New,Subject_rdzgx,"#N/A","#N/A","#N/A","#N/A","#N/A"
f6af8b2a-9318-4b0e-b5e3-3bacb86dbed8,"#N/A","#N/A",false,Web,"#N/A","#N/A",Medium,"#N/A",New,Subject_gulzd,"#N/A","#N/A","#N/A","#N/A","#N/A"
f6b1eb15-f9e2-47c0-8e2b-04e1d4178ada,"#N/A","#N/A",false,Web,"#N/A","#N/A",Medium,"#N/A",New,Subject_paflv,"#N/A","#N/A","#N/A","#N/A","#N/A"
f6b632ce-2cdc-49e9-9ba6-7584098407b3,"#N/A","#N/A",false,Web,"#N/A","#N/A",Medium,"#N/A",New,Subject_mhnqy,"#N/A","#N/A","#N/A","#N/A","#N/A"
f6b69166-d1c2-45c4-862c-026ea57d065e,"#N/A","#N/A",false,Web,"#N/A","#N/A",Medium,"#N/A",New,Subject_sxhph,"#N/A","#N/A","#N/A","#N/A","#N/A"
f6b99574-0ba5-41a2-9a1a-2ff0b8fd09c7,"#N/A","#N/A",false,Web,"#N/A","#N/A",Medium,"#N/A",New,Subject_uefbg,"#N/A","#N/A","#N/A","#N/A","#N/A"
f6ba856a-da0d-4bbc-b885-6f30cf0f3be2,"#N/A","#N/A",false,Web,"#N/A","#N/A",Medium,"#N/A",New,Subject_balnl,"#N/A","#N/A","#N/A","#N/A","#N/A"
f6c18d90-a1b5-49cf-8a49-6175b1ffc55a,"#N/A","#N/A",false,Web,"#N/A","#N/A",Medium,"#N/A",New,Subject_dvypi,"#N/A","#N/A","#N/A","#N/A","#N/A"
f6c3f1a3-592d-4838-bd87-80c58d4f0c09,"#N/A","#N/A",false,Web,"#N/A","#N/A",Medium,"#N/A",New,Subject_ivntg,"#N/A","#N/A","#N/A","#N/A","#N/A"
f6c49bdc-a1b4-4b76-8162-e780f06f99c9,"#N/A","#N/A",false,Web,"#N/A","#N/A",Medium,"#N/A",New,Subject_ewojb,"#N/A","#N/A","#N/A","#N/A","#N/A"
f6c806bf-bdee-4aa3-9882-735054b2578e,"#N/A","#N/A",false,Web,"#N/A","#N/A",Medium,"#N/A",New,Subject_yxqeq,"#N/A","#N/A","#N/A","#N/A","#N/A"
f6c8b8ff-2681-4987-8f81-f52d327c670d,"#N/A","#N/A",false,Web,"#N/A","#N/A",Medium,"#N/A",New,Subject_hxguk,"#N/A","#N/A","#N/A","#N/A","#N/A"
f6ccf526-afc2-4661-9175-9332da3cb26a,"#N/A","#N/A",false,Web,"#N/A","#N/A",Medium,"#N/A",New,Subject_aucew,"#N/A","#N/A","#N/A","#N/A","#N/A"
f6d27083-4a30-407d-b5b5-23283f29f684,"#N/A","#N/A",false,Web,"#N/A","#N/A",Medium,"#N/A",New,Subject_kkoto,"#N/A","#N/A","#N/A","#N/A","#N/A"
f6d8f732-d44f-4e50-a537-279c57650498,"#N/A","#N/A",false,Web,"#N/A","#N/A",Medium,"#N/A",New,Subject_hwzjl,"#N/A","#N/A","#N/A","#N/A","#N/A"
f6dab20a-eee6-4844-b0a9-e2be3bdc3647,"#N/A","#N/A",false,Web,"#N/A","#N/A",Medium,"#N/A",New,Subject_ucbzy,"#N/A","#N/A","#N/A","#N/A","#N/A"
f6db2fa7-42d8-4632-b372-542ee30a7a88,"#N/A","#N/A",false,Web,"#N/A","#N/A",Medium,"#N/A",New,Subject_txhjf,"#N/A","#N/A","#N/A","#N/A","#N/A"
f6dc0377-1498-4e30-b76f-d9b896e58b98,"#N/A","#N/A",false,Web,"#N/A","#N/A",Medium,"#N/A",New,Subject_xiowj,"#N/A","#N/A","#N/A","#N/A","#N/A"
f6dc3cf8-4e5a-4851-9926-c8ca382d5011,"#N/A","#N/A",false,Web,"#N/A","#N/A",Medium,"#N/A",New,Subject_fvbpd,"#N/A","#N/A","#N/A","#N/A","#N/A"
f6de3370-48be-4824-8005-b263e5e85ad1,"#N/A","#N/A",false,Web,"#N/A","#N/A",Medium,"#N/A",New,Subject_jksoa,"#N/A","#N/A","#N/A","#N/A","#N/A"
f6e13431-307c-47a9-ad82-74235299d31f,"#N/A","#N/A",false,Web,"#N/A","#N/A",Medium,"#N/A",New,Subject_jexqy,"#N/A","#N/A","#N/A","#N/A","#N/A"
f6e2c11c-6685-4280-8e76-0a413f986d99,"#N/A","#N/A",false,Web,"#N/A","#N/A",Medium,"#N/A",New,Subject_mbyog,"#N/A","#N/A","#N/A","#N/A","#N/A"
f6e317b0-02f5-46cc-b261-cbee75e69f6d,"#N/A","#N/A",false,Web,"#N/A","#N/A",Medium,"#N/A",New,Subject_iwiup,"#N/A","#N/A","#N/A","#N/A","#N/A"
f6e3297a-7cc7-4073-af11-a9a061379714,"#N/A","#N/A",false,Web,"#N/A","#N/A",Medium,"#N/A",New,Subject_zsnnj,"#N/A","#N/A","#N/A","#N/A","#N/A"
f6e5e93c-82a4-4687-af61-ff66a7fb9060,"#N/A","#N/A",false,Web,"#N/A","#N/A",Medium,"#N/A",New,Subject_rrbql,"#N/A","#N/A","#N/A","#N/A","#N/A"
f6e87c19-c52e-4fea-9676-93f63fa8b04f,"#N/A","#N/A",false,Web,"#N/A","#N/A",Medium,"#N/A",New,Subject_uomgp,"#N/A","#N/A","#N/A","#N/A","#N/A"
f6edff4f-67f3-498d-a1e6-bcb9b349e042,"#N/A","#N/A",false,Web,"#N/A","#N/A",Medium,"#N/A",New,Subject_bsvic,"#N/A","#N/A","#N/A","#N/A","#N/A"
f6f06951-e811-4cef-b951-13d81146b3a5,"#N/A","#N/A",false,Web,"#N/A","#N/A",Medium,"#N/A",New,Subject_btmzy,"#N/A","#N/A","#N/A","#N/A","#N/A"
f6f31c9c-4f61-4879-ba71-841e40dc7a97,"#N/A","#N/A",false,Web,"#N/A","#N/A",Medium,"#N/A",New,Subject_seyjk,"#N/A","#N/A","#N/A","#N/A","#N/A"
f6f8492f-0e5f-47cb-b12a-3eebf611de82,"#N/A","#N/A",false,Web,"#N/A","#N/A",Medium,"#N/A",New,Subject_ysjey,"#N/A","#N/A","#N/A","#N/A","#N/A"
f6f920ac-2b30-4443-9cff-2022d8068cdc,"#N/A","#N/A",false,Web,"#N/A","#N/A",Medium,"#N/A",New,Subject_zrmzr,"#N/A","#N/A","#N/A","#N/A","#N/A"
f6fa84da-8964-4204-bfc0-a054bd49c17e,"#N/A","#N/A",false,Web,"#N/A","#N/A",Medium,"#N/A",New,Subject_xmjsp,"#N/A","#N/A","#N/A","#N/A","#N/A"
f6fbbdf5-bf0c-4a6f-a714-8deab892ce34,"#N/A","#N/A",false,Web,"#N/A","#N/A",Medium,"#N/A",New,Subject_reetb,"#N/A","#N/A","#N/A","#N/A","#N/A"
f6fe44a9-2046-443c-831a-15fdc613d310,"#N/A","#N/A",false,Web,"#N/A","#N/A",Medium,"#N/A",New,Subject_cxtrj,"#N/A","#N/A","#N/A","#N/A","#N/A"
f6ff60de-f8d7-43d8-b0ce-4bdc41c976b1,"#N/A","#N/A",false,Web,"#N/A","#N/A",Medium,"#N/A",New,Subject_oobob,"#N/A","#N/A","#N/A","#N/A","#N/A"
f70602a3-54eb-4b26-af11-9a59e653654e,"#N/A","#N/A",false,Web,"#N/A","#N/A",Medium,"#N/A",New,Subject_gwnnm,"#N/A","#N/A","#N/A","#N/A","#N/A"
f7075807-b543-404c-ba10-e01becdfdc7b,"#N/A","#N/A",false,Web,"#N/A","#N/A",Medium,"#N/A",New,Subject_qycix,"#N/A","#N/A","#N/A","#N/A","#N/A"
f70997ca-e60b-475f-b8d5-1451e5cb6724,"#N/A","#N/A",false,Web,"#N/A","#N/A",Medium,"#N/A",New,Subject_cnqte,"#N/A","#N/A","#N/A","#N/A","#N/A"
f70cf716-9206-4eb0-b182-8a7bf0d8fcf1,"#N/A","#N/A",false,Web,"#N/A","#N/A",Medium,"#N/A",New,Subject_dsnmt,"#N/A","#N/A","#N/A","#N/A","#N/A"
f711068f-2c4d-46ae-9f56-c56810af810c,"#N/A","#N/A",false,Web,"#N/A","#N/A",Medium,"#N/A",New,Subject_vvzaj,"#N/A","#N/A","#N/A","#N/A","#N/A"
f7149cd9-31f1-4673-97d2-aff3d494dcc6,"#N/A","#N/A",false,Web,"#N/A","#N/A",Medium,"#N/A",New,Subject_glsov,"#N/A","#N/A","#N/A","#N/A","#N/A"
f715c682-eb67-46a3-85f5-05b03ed3f38a,"#N/A","#N/A",false,Web,"#N/A","#N/A",Medium,"#N/A",New,Subject_aacyq,"#N/A","#N/A","#N/A","#N/A","#N/A"
f71bdf6b-15fe-4b37-a94d-21933e540814,"#N/A","#N/A",false,Web,"#N/A","#N/A",Medium,"#N/A",New,Subject_wrmuk,"#N/A","#N/A","#N/A","#N/A","#N/A"
f71c5423-b361-480c-9ade-e56479fe6bb5,"#N/A","#N/A",false,Web,"#N/A","#N/A",Medium,"#N/A",New,Subject_fjsqi,"#N/A","#N/A","#N/A","#N/A","#N/A"
f71f6a42-74a1-49e6-9223-14d384fc86a9,"#N/A","#N/A",false,Web,"#N/A","#N/A",Medium,"#N/A",New,Subject_doars,"#N/A","#N/A","#N/A","#N/A","#N/A"
f721fcbd-6ebc-44ba-b03f-add0438f99bd,"#N/A","#N/A",false,Web,"#N/A","#N/A",Medium,"#N/A",New,Subject_iupmx,"#N/A","#N/A","#N/A","#N/A","#N/A"
f7229268-2395-4abc-aede-0999a286c84c,"#N/A","#N/A",false,Web,"#N/A","#N/A",Medium,"#N/A",New,Subject_xtczs,"#N/A","#N/A","#N/A","#N/A","#N/A"
f7229f11-26b2-474e-854e-bfa04f1781eb,"#N/A","#N/A",false,Web,"#N/A","#N/A",Medium,"#N/A",New,Subject_mviwq,"#N/A","#N/A","#N/A","#N/A","#N/A"
f72401e0-1b28-456c-88a2-8d624818c2c6,"#N/A","#N/A",false,Web,"#N/A","#N/A",Medium,"#N/A",New,Subject_tvuna,"#N/A","#N/A","#N/A","#N/A","#N/A"
f728b642-7562-4b1d-b48b-557018144c5e,"#N/A","#N/A",false,Web,"#N/A","#N/A",Medium,"#N/A",New,Subject_mjeuh,"#N/A","#N/A","#N/A","#N/A","#N/A"
f72c225d-6ecc-4d00-a8c2-154fa95aa381,"#N/A","#N/A",false,Web,"#N/A","#N/A",Medium,"#N/A",New,Subject_mosyg,"#N/A","#N/A","#N/A","#N/A","#N/A"
f72cf2ee-1b28-4fd2-809e-84c0a06394c6,"#N/A","#N/A",false,Web,"#N/A","#N/A",Medium,"#N/A",New,Subject_sxkdy,"#N/A","#N/A","#N/A","#N/A","#N/A"
f72d7ea1-f595-4f73-b3f8-bc30bb709bc2,"#N/A","#N/A",false,Web,"#N/A","#N/A",Medium,"#N/A",New,Subject_vvtbq,"#N/A","#N/A","#N/A","#N/A","#N/A"
f735606b-f774-4359-a031-2bea2226d150,"#N/A","#N/A",false,Web,"#N/A","#N/A",Medium,"#N/A",New,Subject_yftkr,"#N/A","#N/A","#N/A","#N/A","#N/A"
f73e156c-07a0-4bcd-840d-2a056a294b83,"#N/A","#N/A",false,Web,"#N/A","#N/A",Medium,"#N/A",New,Subject_yjdoc,"#N/A","#N/A","#N/A","#N/A","#N/A"
f74334be-ad6c-4504-8f02-e91c15ca28b2,"#N/A","#N/A",false,Web,"#N/A","#N/A",Medium,"#N/A",New,Subject_cjywg,"#N/A","#N/A","#N/A","#N/A","#N/A"
f74493f1-544b-4222-9f92-e4a0bfaa395b,"#N/A","#N/A",false,Web,"#N/A","#N/A",Medium,"#N/A",New,Subject_hxnzm,"#N/A","#N/A","#N/A","#N/A","#N/A"
f7470f4c-4592-4a03-81df-b1e3db24b4c5,"#N/A","#N/A",false,Web,"#N/A","#N/A",Medium,"#N/A",New,Subject_mgcbb,"#N/A","#N/A","#N/A","#N/A","#N/A"
f74af1c5-45f8-4333-a6f0-f5cb0e512d3d,"#N/A","#N/A",false,Web,"#N/A","#N/A",Medium,"#N/A",New,Subject_jkkdo,"#N/A","#N/A","#N/A","#N/A","#N/A"
f74ca0cb-fef1-480f-9271-52b58f60077c,"#N/A","#N/A",false,Web,"#N/A","#N/A",Medium,"#N/A",New,Subject_thrwy,"#N/A","#N/A","#N/A","#N/A","#N/A"
f74d732f-0d3a-45b3-8ab1-428f072bbc12,"#N/A","#N/A",false,Web,"#N/A","#N/A",Medium,"#N/A",New,Subject_sjqno,"#N/A","#N/A","#N/A","#N/A","#N/A"
f74e6146-031e-4526-a28d-1a6f27bc7f21,"#N/A","#N/A",false,Web,"#N/A","#N/A",Medium,"#N/A",New,Subject_fjqxy,"#N/A","#N/A","#N/A","#N/A","#N/A"
f74f2c62-1bce-4de2-a1c2-01da537e8c40,"#N/A","#N/A",false,Web,"#N/A","#N/A",Medium,"#N/A",New,Subject_sbtve,"#N/A","#N/A","#N/A","#N/A","#N/A"
f74f9bec-a1f3-41dc-8023-3b1121f8c060,"#N/A","#N/A",false,Web,"#N/A","#N/A",Medium,"#N/A",New,Subject_fmxpy,"#N/A","#N/A","#N/A","#N/A","#N/A"
f753f71c-86a9-4db8-82ce-ccad42b0c0be,"#N/A","#N/A",false,Web,"#N/A","#N/A",Medium,"#N/A",New,Subject_zmhys,"#N/A","#N/A","#N/A","#N/A","#N/A"
f758679a-906b-4eb1-a1fb-0b0b4c22a988,"#N/A","#N/A",false,Web,"#N/A","#N/A",Medium,"#N/A",New,Subject_xpqma,"#N/A","#N/A","#N/A","#N/A","#N/A"
f75a2995-7050-4880-b5b3-f24ba3246bb9,"#N/A","#N/A",false,Web,"#N/A","#N/A",Medium,"#N/A",New,Subject_pykkx,"#N/A","#N/A","#N/A","#N/A","#N/A"
f75bb907-138f-495f-b5df-b5081e035bdb,"#N/A","#N/A",false,Web,"#N/A","#N/A",Medium,"#N/A",New,Subject_cfdng,"#N/A","#N/A","#N/A","#N/A","#N/A"
f75be19d-4586-4fba-8bde-c9c09c6d2179,"#N/A","#N/A",false,Web,"#N/A","#N/A",Medium,"#N/A",New,Subject_cgpcb,"#N/A","#N/A","#N/A","#N/A","#N/A"
f75ceff0-fd26-4d3c-b33b-31daa33dab48,"#N/A","#N/A",false,Web,"#N/A","#N/A",Medium,"#N/A",New,Subject_ejnpz,"#N/A","#N/A","#N/A","#N/A","#N/A"
f75dc1a4-e5d1-42b7-8f8a-9c0ddc12eaec,"#N/A","#N/A",false,Web,"#N/A","#N/A",Medium,"#N/A",New,Subject_esvzm,"#N/A","#N/A","#N/A","#N/A","#N/A"
f75fcc78-3fc5-4073-b68a-2679ba035624,"#N/A","#N/A",false,Web,"#N/A","#N/A",Medium,"#N/A",New,Subject_vcpid,"#N/A","#N/A","#N/A","#N/A","#N/A"
f76034e2-d96c-4301-a69e-943b477b470e,"#N/A","#N/A",false,Web,"#N/A","#N/A",Medium,"#N/A",New,Subject_moyik,"#N/A","#N/A","#N/A","#N/A","#N/A"
f763cb12-6be4-439e-94c3-e39f0f14e83e,"#N/A","#N/A",false,Web,"#N/A","#N/A",Medium,"#N/A",New,Subject_mpwgc,"#N/A","#N/A","#N/A","#N/A","#N/A"
f7646dbe-f58f-4f04-9a0a-44beed346861,"#N/A","#N/A",false,Web,"#N/A","#N/A",Medium,"#N/A",New,Subject_efwfo,"#N/A","#N/A","#N/A","#N/A","#N/A"
f764be70-59dd-4325-9b62-2fcf33873a05,"#N/A","#N/A",false,Web,"#N/A","#N/A",Medium,"#N/A",New,Subject_wzeui,"#N/A","#N/A","#N/A","#N/A","#N/A"
f7685b04-5d17-4cc1-83bb-16b71258746e,"#N/A","#N/A",false,Web,"#N/A","#N/A",Medium,"#N/A",New,Subject_tosxs,"#N/A","#N/A","#N/A","#N/A","#N/A"
f76ade85-26f1-4c92-abee-5ef844ea4751,"#N/A","#N/A",false,Web,"#N/A","#N/A",Medium,"#N/A",New,Subject_anccd,"#N/A","#N/A","#N/A","#N/A","#N/A"
f76fcd4c-d764-4969-8ba4-647506ec7407,"#N/A","#N/A",false,Web,"#N/A","#N/A",Medium,"#N/A",New,Subject_hlgno,"#N/A","#N/A","#N/A","#N/A","#N/A"
f771d30f-6fe3-4928-b07a-07e67378b016,"#N/A","#N/A",false,Web,"#N/A","#N/A",Medium,"#N/A",New,Subject_ygfto,"#N/A","#N/A","#N/A","#N/A","#N/A"
f773b69e-ac8d-4f80-a965-ac6b9297cfc6,"#N/A","#N/A",false,Web,"#N/A","#N/A",Medium,"#N/A",New,Subject_vouvh,"#N/A","#N/A","#N/A","#N/A","#N/A"
f77806b8-9847-40e7-bb4a-40eaf676fbb8,"#N/A","#N/A",false,Web,"#N/A","#N/A",Medium,"#N/A",New,Subject_wxjmb,"#N/A","#N/A","#N/A","#N/A","#N/A"
f7789e62-1d4b-404a-93a5-9c7313b89be9,"#N/A","#N/A",false,Web,"#N/A","#N/A",Medium,"#N/A",New,Subject_pizgz,"#N/A","#N/A","#N/A","#N/A","#N/A"
f77c0c7b-6f81-4a0a-8da6-04efa7ebc0aa,"#N/A","#N/A",false,Web,"#N/A","#N/A",Medium,"#N/A",New,Subject_nziwh,"#N/A","#N/A","#N/A","#N/A","#N/A"
f77c391b-9dac-4cef-952f-0a9e48e0a56d,"#N/A","#N/A",false,Web,"#N/A","#N/A",Medium,"#N/A",New,Subject_xwimb,"#N/A","#N/A","#N/A","#N/A","#N/A"
f77d44fd-686c-4d0c-8d1e-691f8da46e96,"#N/A","#N/A",false,Web,"#N/A","#N/A",Medium,"#N/A",New,Subject_ywwpk,"#N/A","#N/A","#N/A","#N/A","#N/A"
f77e90ea-afd6-4b61-ad7a-c32b8bc1e1e9,"#N/A","#N/A",false,Web,"#N/A","#N/A",Medium,"#N/A",New,Subject_swllr,"#N/A","#N/A","#N/A","#N/A","#N/A"
f780d93a-6e8c-492a-acbc-93ec70d4c7bb,"#N/A","#N/A",false,Web,"#N/A","#N/A",Medium,"#N/A",New,Subject_ivyyl,"#N/A","#N/A","#N/A","#N/A","#N/A"
f78189b4-4a61-483e-80fb-75e62c195652,"#N/A","#N/A",false,Web,"#N/A","#N/A",Medium,"#N/A",New,Subject_iywhd,"#N/A","#N/A","#N/A","#N/A","#N/A"
f785bf07-9111-43af-b7c2-b1c864ac099e,"#N/A","#N/A",false,Web,"#N/A","#N/A",Medium,"#N/A",New,Subject_mpshs,"#N/A","#N/A","#N/A","#N/A","#N/A"
f78660df-b535-4bf4-9356-c39e554db2c2,"#N/A","#N/A",false,Web,"#N/A","#N/A",Medium,"#N/A",New,Subject_vmpcj,"#N/A","#N/A","#N/A","#N/A","#N/A"
f789be88-86da-40da-9fa2-942ddb24f83f,"#N/A","#N/A",false,Web,"#N/A","#N/A",Medium,"#N/A",New,Subject_talmu,"#N/A","#N/A","#N/A","#N/A","#N/A"
f78cfb3d-6338-4b13-9fae-7431d2e87331,"#N/A","#N/A",false,Web,"#N/A","#N/A",Medium,"#N/A",New,Subject_hjdda,"#N/A","#N/A","#N/A","#N/A","#N/A"
f78d2c91-1904-4230-b8e4-6ffd02ce7742,"#N/A","#N/A",false,Web,"#N/A","#N/A",Medium,"#N/A",New,Subject_jpeus,"#N/A","#N/A","#N/A","#N/A","#N/A"
f7904d9e-87a7-44ff-89d5-f59f508695f4,"#N/A","#N/A",false,Web,"#N/A","#N/A",Medium,"#N/A",New,Subject_psved,"#N/A","#N/A","#N/A","#N/A","#N/A"
f79275cc-5fe5-42bf-8e11-7bfa7c513bdb,"#N/A","#N/A",false,Web,"#N/A","#N/A",Medium,"#N/A",New,Subject_gewqd,"#N/A","#N/A","#N/A","#N/A","#N/A"
f7930dde-51f9-405f-b727-363b0d3d00aa,"#N/A","#N/A",false,Web,"#N/A","#N/A",Medium,"#N/A",New,Subject_yzalf,"#N/A","#N/A","#N/A","#N/A","#N/A"
f7952976-e8e7-4796-93a1-84759e5d858e,"#N/A","#N/A",false,Web,"#N/A","#N/A",Medium,"#N/A",New,Subject_ydclk,"#N/A","#N/A","#N/A","#N/A","#N/A"
f7973397-e2e9-49e7-a4cd-9126cca0d5cd,"#N/A","#N/A",false,Web,"#N/A","#N/A",Medium,"#N/A",New,Subject_jhwtp,"#N/A","#N/A","#N/A","#N/A","#N/A"
f79b393f-cf5e-462b-bb6f-d9cd6c394a98,"#N/A","#N/A",false,Web,"#N/A","#N/A",Medium,"#N/A",New,Subject_sughw,"#N/A","#N/A","#N/A","#N/A","#N/A"
f79e6bb9-e76e-4d50-84aa-65c9526d596a,"#N/A","#N/A",false,Web,"#N/A","#N/A",Medium,"#N/A",New,Subject_enemx,"#N/A","#N/A","#N/A","#N/A","#N/A"
f79ed670-4612-4da3-97ce-7f7fd4b827ed,"#N/A","#N/A",false,Web,"#N/A","#N/A",Medium,"#N/A",New,Subject_avnue,"#N/A","#N/A","#N/A","#N/A","#N/A"
f79f69fa-9350-4826-8a58-7e7aba3d6aec,"#N/A","#N/A",false,Web,"#N/A","#N/A",Medium,"#N/A",New,Subject_colps,"#N/A","#N/A","#N/A","#N/A","#N/A"
f7a073cb-d3cc-42fb-9070-b225018908a1,"#N/A","#N/A",false,Web,"#N/A","#N/A",Medium,"#N/A",New,Subject_koyqv,"#N/A","#N/A","#N/A","#N/A","#N/A"
f7a2187a-71f7-4d53-a5c5-d769348f9991,"#N/A","#N/A",false,Web,"#N/A","#N/A",Medium,"#N/A",New,Subject_dqcso,"#N/A","#N/A","#N/A","#N/A","#N/A"
f7a275eb-1075-4b76-a905-dc2bdf70d9da,"#N/A","#N/A",false,Web,"#N/A","#N/A",Medium,"#N/A",New,Subject_yljtk,"#N/A","#N/A","#N/A","#N/A","#N/A"
f7a2a7d1-adc5-4b0e-b7a8-b79fdf4a8d1f,"#N/A","#N/A",false,Web,"#N/A","#N/A",Medium,"#N/A",New,Subject_oanhf,"#N/A","#N/A","#N/A","#N/A","#N/A"
f7a3baf2-5346-4e8b-a63d-c18e4952c19e,"#N/A","#N/A",false,Web,"#N/A","#N/A",Medium,"#N/A",New,Subject_gocti,"#N/A","#N/A","#N/A","#N/A","#N/A"
f7a7f137-f550-4c74-8c6f-4b007976ce3c,"#N/A","#N/A",false,Web,"#N/A","#N/A",Medium,"#N/A",New,Subject_btwhq,"#N/A","#N/A","#N/A","#N/A","#N/A"
f7a8344c-6358-4b01-9e81-fd214a8d28a6,"#N/A","#N/A",false,Web,"#N/A","#N/A",Medium,"#N/A",New,Subject_wopqb,"#N/A","#N/A","#N/A","#N/A","#N/A"
f7aa1fbf-b1aa-4e77-b1e8-f2ce0793cd15,"#N/A","#N/A",false,Web,"#N/A","#N/A",Medium,"#N/A",New,Subject_bjoua,"#N/A","#N/A","#N/A","#N/A","#N/A"
f7ae93d2-0709-4275-a00e-da8d8c92ee96,"#N/A","#N/A",false,Web,"#N/A","#N/A",Medium,"#N/A",New,Subject_atdnt,"#N/A","#N/A","#N/A","#N/A","#N/A"
f7aea8b1-6861-4c0b-bb7f-9e6afcf62340,"#N/A","#N/A",false,Web,"#N/A","#N/A",Medium,"#N/A",New,Subject_tzqrn,"#N/A","#N/A","#N/A","#N/A","#N/A"
f7b6c82d-5757-411b-af11-5376394fa531,"#N/A","#N/A",false,Web,"#N/A","#N/A",Medium,"#N/A",New,Subject_tmvhu,"#N/A","#N/A","#N/A","#N/A","#N/A"
f7bc3bd8-3154-4e90-800f-54220e163adc,"#N/A","#N/A",false,Web,"#N/A","#N/A",Medium,"#N/A",New,Subject_dubub,"#N/A","#N/A","#N/A","#N/A","#N/A"
f7bcc5dd-98f7-4adc-82b4-484341f5f106,"#N/A","#N/A",false,Web,"#N/A","#N/A",Medium,"#N/A",New,Subject_vqhik,"#N/A","#N/A","#N/A","#N/A","#N/A"
f7bcc957-8a1f-42be-8ded-c4dfbc17504e,"#N/A","#N/A",false,Web,"#N/A","#N/A",Medium,"#N/A",New,Subject_vkyte,"#N/A","#N/A","#N/A","#N/A","#N/A"
f7c3cf0f-7479-4ff4-9c45-468d17c65cca,"#N/A","#N/A",false,Web,"#N/A","#N/A",Medium,"#N/A",New,Subject_xleux,"#N/A","#N/A","#N/A","#N/A","#N/A"
f7c40303-c6c8-4e76-8cf0-0955d8083a04,"#N/A","#N/A",false,Web,"#N/A","#N/A",Medium,"#N/A",New,Subject_rcdax,"#N/A","#N/A","#N/A","#N/A","#N/A"
f7c7c64c-0c70-4048-b4a8-bd8d6aca84a2,"#N/A","#N/A",false,Web,"#N/A","#N/A",Medium,"#N/A",New,Subject_bgcgg,"#N/A","#N/A","#N/A","#N/A","#N/A"
f7cd4e65-ae23-4049-9f6e-d43fe7946f3d,"#N/A","#N/A",false,Web,"#N/A","#N/A",Medium,"#N/A",New,Subject_ifcsf,"#N/A","#N/A","#N/A","#N/A","#N/A"
f7ce0f40-0139-437f-8d51-da3c0f8c56f6,"#N/A","#N/A",false,Web,"#N/A","#N/A",Medium,"#N/A",New,Subject_xlgzb,"#N/A","#N/A","#N/A","#N/A","#N/A"
f7cfd918-3318-42b0-9345-be2c4643f15e,"#N/A","#N/A",false,Web,"#N/A","#N/A",Medium,"#N/A",New,Subject_nexda,"#N/A","#N/A","#N/A","#N/A","#N/A"
f7d77785-2454-45ba-81c7-1715d2e95a51,"#N/A","#N/A",false,Web,"#N/A","#N/A",Medium,"#N/A",New,Subject_wxfin,"#N/A","#N/A","#N/A","#N/A","#N/A"
f7d8da76-4769-4d78-8fd4-1339cfe12fe1,"#N/A","#N/A",false,Web,"#N/A","#N/A",Medium,"#N/A",New,Subject_vrkzi,"#N/A","#N/A","#N/A","#N/A","#N/A"
f7d9dec0-56ad-46ac-95d9-6a2e4a7b0d7b,"#N/A","#N/A",false,Web,"#N/A","#N/A",Medium,"#N/A",New,Subject_crdwv,"#N/A","#N/A","#N/A","#N/A","#N/A"
f7db07aa-59a2-4e4a-b126-2059226350a5,"#N/A","#N/A",false,Web,"#N/A","#N/A",Medium,"#N/A",New,Subject_gngnp,"#N/A","#N/A","#N/A","#N/A","#N/A"
f7df9c56-7d27-400c-a02d-b5d03cd78034,"#N/A","#N/A",false,Web,"#N/A","#N/A",Medium,"#N/A",New,Subject_xogix,"#N/A","#N/A","#N/A","#N/A","#N/A"
f7e2ea53-68f5-42b0-81fb-92f70f358312,"#N/A","#N/A",false,Web,"#N/A","#N/A",Medium,"#N/A",New,Subject_mogeh,"#N/A","#N/A","#N/A","#N/A","#N/A"
f7ead784-4662-45c7-b93f-51cdc0a891b3,"#N/A","#N/A",false,Web,"#N/A","#N/A",Medium,"#N/A",New,Subject_edzyb,"#N/A","#N/A","#N/A","#N/A","#N/A"
f7f30ac6-b88e-4174-af42-20bb32f2d77a,"#N/A","#N/A",false,Web,"#N/A","#N/A",Medium,"#N/A",New,Subject_ivntg,"#N/A","#N/A","#N/A","#N/A","#N/A"
f7f4ed8d-84cd-4466-b6c4-f369300c2f4c,"#N/A","#N/A",false,Web,"#N/A","#N/A",Medium,"#N/A",New,Subject_schul,"#N/A","#N/A","#N/A","#N/A","#N/A"
f7f612c9-bc39-423d-a0e3-6873d092b01c,"#N/A","#N/A",false,Web,"#N/A","#N/A",Medium,"#N/A",New,Subject_ttpoq,"#N/A","#N/A","#N/A","#N/A","#N/A"
f7f6cf4f-489b-4901-8030-26fa70b1831d,"#N/A","#N/A",false,Web,"#N/A","#N/A",Medium,"#N/A",New,Subject_hdqby,"#N/A","#N/A","#N/A","#N/A","#N/A"
f7f76e3d-a281-44a7-89d0-9f4feae56f20,"#N/A","#N/A",false,Web,"#N/A","#N/A",Medium,"#N/A",New,Subject_oioxq,"#N/A","#N/A","#N/A","#N/A","#N/A"
f8070218-abd1-4e0d-88c3-ebac671fcb11,"#N/A","#N/A",false,Web,"#N/A","#N/A",Medium,"#N/A",New,Subject_vdjks,"#N/A","#N/A","#N/A","#N/A","#N/A"
f80759c7-67a3-4c40-8bba-f8a6051f19e9,"#N/A","#N/A",false,Web,"#N/A","#N/A",Medium,"#N/A",New,Subject_pelmv,"#N/A","#N/A","#N/A","#N/A","#N/A"
f80bc74c-a704-4f45-b3c8-83dc1ef2d824,"#N/A","#N/A",false,Web,"#N/A","#N/A",Medium,"#N/A",New,Subject_qtcei,"#N/A","#N/A","#N/A","#N/A","#N/A"
f80f72be-f7f4-4054-a61c-fc20d58ae567,"#N/A","#N/A",false,Web,"#N/A","#N/A",Medium,"#N/A",New,Subject_hpwiw,"#N/A","#N/A","#N/A","#N/A","#N/A"
f810f27a-9582-4e65-858b-8891a972a49d,"#N/A","#N/A",false,Web,"#N/A","#N/A",Medium,"#N/A",New,Subject_dflwh,"#N/A","#N/A","#N/A","#N/A","#N/A"
f8179189-27ac-44ef-bfde-19869e9755d8,"#N/A","#N/A",false,Web,"#N/A","#N/A",Medium,"#N/A",New,Subject_wwfld,"#N/A","#N/A","#N/A","#N/A","#N/A"
f818ad39-0391-41bc-9203-936c57344943,"#N/A","#N/A",false,Web,"#N/A","#N/A",Medium,"#N/A",New,Subject_aaqpw,"#N/A","#N/A","#N/A","#N/A","#N/A"
f81a6c01-a3b8-469f-b9b1-363d4992e0a1,"#N/A","#N/A",false,Web,"#N/A","#N/A",Medium,"#N/A",New,Subject_yvcwt,"#N/A","#N/A","#N/A","#N/A","#N/A"
f81f7d30-b506-4427-b410-163585baecd2,"#N/A","#N/A",false,Web,"#N/A","#N/A",Medium,"#N/A",New,Subject_ugeuv,"#N/A","#N/A","#N/A","#N/A","#N/A"
f81fc61e-6514-4db0-a943-3882957ae0e3,"#N/A","#N/A",false,Web,"#N/A","#N/A",Medium,"#N/A",New,Subject_hfoui,"#N/A","#N/A","#N/A","#N/A","#N/A"
f82058a6-b60a-4d95-aad6-2cf08847fd2c,"#N/A","#N/A",false,Web,"#N/A","#N/A",Medium,"#N/A",New,Subject_fxyxe,"#N/A","#N/A","#N/A","#N/A","#N/A"
f821af89-7f9f-47b2-8385-92c5bd49ed3c,"#N/A","#N/A",false,Web,"#N/A","#N/A",Medium,"#N/A",New,Subject_rmfxw,"#N/A","#N/A","#N/A","#N/A","#N/A"
f822206b-2665-4f42-902e-ea1db18dfca2,"#N/A","#N/A",false,Web,"#N/A","#N/A",Medium,"#N/A",New,Subject_copxt,"#N/A","#N/A","#N/A","#N/A","#N/A"
f8245660-78d6-42e3-a5ce-2079529142ce,"#N/A","#N/A",false,Web,"#N/A","#N/A",Medium,"#N/A",New,Subject_wmlfj,"#N/A","#N/A","#N/A","#N/A","#N/A"
f82ba0b7-2283-486b-b9f1-bfb05529b2fe,"#N/A","#N/A",false,Web,"#N/A","#N/A",Medium,"#N/A",New,Subject_meheg,"#N/A","#N/A","#N/A","#N/A","#N/A"
f82c718d-55fe-4e57-b06a-10cae1d7226b,"#N/A","#N/A",false,Web,"#N/A","#N/A",Medium,"#N/A",New,Subject_mlocx,"#N/A","#N/A","#N/A","#N/A","#N/A"
f830b919-baf9-4136-a772-55645118119f,"#N/A","#N/A",false,Web,"#N/A","#N/A",Medium,"#N/A",New,Subject_wyzjq,"#N/A","#N/A","#N/A","#N/A","#N/A"
f8364a1b-b5fd-4409-8fdb-008575207ad4,"#N/A","#N/A",false,Web,"#N/A","#N/A",Medium,"#N/A",New,Subject_ngiam,"#N/A","#N/A","#N/A","#N/A","#N/A"
f838ca93-7461-461c-b0a4-2afa87dfb038,"#N/A","#N/A",false,Web,"#N/A","#N/A",Medium,"#N/A",New,Subject_flklw,"#N/A","#N/A","#N/A","#N/A","#N/A"
f83a8ac7-aeb8-4805-8bfb-f95fdd32f3d6,"#N/A","#N/A",false,Web,"#N/A","#N/A",Medium,"#N/A",New,Subject_gpfak,"#N/A","#N/A","#N/A","#N/A","#N/A"
f8424773-096d-4550-bba5-b32e238272e1,"#N/A","#N/A",false,Web,"#N/A","#N/A",Medium,"#N/A",New,Subject_badeu,"#N/A","#N/A","#N/A","#N/A","#N/A"
f8438c77-d5df-449b-9f48-cefe76a7e6d0,"#N/A","#N/A",false,Web,"#N/A","#N/A",Medium,"#N/A",New,Subject_jhtvs,"#N/A","#N/A","#N/A","#N/A","#N/A"
f846b90e-f4ea-4a0d-9d64-5c58ef6b8a56,"#N/A","#N/A",false,Web,"#N/A","#N/A",Medium,"#N/A",New,Subject_scmnv,"#N/A","#N/A","#N/A","#N/A","#N/A"
f849b0f5-b762-423e-afc9-548ad7123427,"#N/A","#N/A",false,Web,"#N/A","#N/A",Medium,"#N/A",New,Subject_lkjjh,"#N/A","#N/A","#N/A","#N/A","#N/A"
f84ac7ca-6d9a-4f1e-bd59-c852a45eb847,"#N/A","#N/A",false,Web,"#N/A","#N/A",Medium,"#N/A",New,Subject_cblia,"#N/A","#N/A","#N/A","#N/A","#N/A"
f84ad626-9558-4656-854c-25959b08a234,"#N/A","#N/A",false,Web,"#N/A","#N/A",Medium,"#N/A",New,Subject_vigvk,"#N/A","#N/A","#N/A","#N/A","#N/A"
f84bf3cb-09ee-48ba-bbdb-52a5bf102f0a,"#N/A","#N/A",false,Web,"#N/A","#N/A",Medium,"#N/A",New,Subject_cyenh,"#N/A","#N/A","#N/A","#N/A","#N/A"
f84c90e5-8788-47c2-8ca1-992bf2f62146,"#N/A","#N/A",false,Web,"#N/A","#N/A",Medium,"#N/A",New,Subject_nmpmg,"#N/A","#N/A","#N/A","#N/A","#N/A"
f8501618-cc01-42a0-9128-050367b2bd57,"#N/A","#N/A",false,Web,"#N/A","#N/A",Medium,"#N/A",New,Subject_pjubr,"#N/A","#N/A","#N/A","#N/A","#N/A"
f8577766-66e7-4a48-afeb-6216a8999b60,"#N/A","#N/A",false,Web,"#N/A","#N/A",Medium,"#N/A",New,Subject_kpbsg,"#N/A","#N/A","#N/A","#N/A","#N/A"
f85a72b6-ef1f-4913-9599-0e889598f8a2,"#N/A","#N/A",false,Web,"#N/A","#N/A",Medium,"#N/A",New,Subject_lfubq,"#N/A","#N/A","#N/A","#N/A","#N/A"
f85c8c6c-eeb2-4d55-96c1-244bdc5ee0bd,"#N/A","#N/A",false,Web,"#N/A","#N/A",Medium,"#N/A",New,Subject_rzxez,"#N/A","#N/A","#N/A","#N/A","#N/A"
f8602f43-ec01-4ca3-8ec0-d2d2fb25e3fd,"#N/A","#N/A",false,Web,"#N/A","#N/A",Medium,"#N/A",New,Subject_mkocl,"#N/A","#N/A","#N/A","#N/A","#N/A"
f860a9b5-918e-4043-a460-aad594bea4d0,"#N/A","#N/A",false,Web,"#N/A","#N/A",Medium,"#N/A",New,Subject_znfaz,"#N/A","#N/A","#N/A","#N/A","#N/A"
f8621143-292f-4d53-bd7c-f60010aadd07,"#N/A","#N/A",false,Web,"#N/A","#N/A",Medium,"#N/A",New,Subject_netqy,"#N/A","#N/A","#N/A","#N/A","#N/A"
f8621fbc-4e93-4783-bb36-519891507668,"#N/A","#N/A",false,Web,"#N/A","#N/A",Medium,"#N/A",New,Subject_nwmhb,"#N/A","#N/A","#N/A","#N/A","#N/A"
f863050b-1c93-4a28-8f2c-26f66d3bf29d,"#N/A","#N/A",false,Web,"#N/A","#N/A",Medium,"#N/A",New,Subject_cblia,"#N/A","#N/A","#N/A","#N/A","#N/A"
f86901ab-8471-4514-86f2-4c311bc54976,"#N/A","#N/A",false,Web,"#N/A","#N/A",Medium,"#N/A",New,Subject_ihxfy,"#N/A","#N/A","#N/A","#N/A","#N/A"
f86ae3e7-5340-49e7-88a8-86e8a63ea8f9,"#N/A","#N/A",false,Web,"#N/A","#N/A",Medium,"#N/A",New,Subject_kjcjj,"#N/A","#N/A","#N/A","#N/A","#N/A"
f86d24e7-acb4-4521-be3c-798ca4da2e99,"#N/A","#N/A",false,Web,"#N/A","#N/A",Medium,"#N/A",New,Subject_xqiet,"#N/A","#N/A","#N/A","#N/A","#N/A"
f86f3197-a4c7-41e5-95ca-ffefe1f9b5c7,"#N/A","#N/A",false,Web,"#N/A","#N/A",Medium,"#N/A",New,Subject_ppfjd,"#N/A","#N/A","#N/A","#N/A","#N/A"
f8732d00-521c-4e11-b64a-fe05beb402be,"#N/A","#N/A",false,Web,"#N/A","#N/A",Medium,"#N/A",New,Subject_nylbi,"#N/A","#N/A","#N/A","#N/A","#N/A"
f87427d1-b593-48e4-b0db-49b295ea7526,"#N/A","#N/A",false,Web,"#N/A","#N/A",Medium,"#N/A",New,Subject_hlwbr,"#N/A","#N/A","#N/A","#N/A","#N/A"
f8747806-6e4d-47e3-ae27-43afb68f9ec7,"#N/A","#N/A",false,Web,"#N/A","#N/A",Medium,"#N/A",New,Subject_bgvhb,"#N/A","#N/A","#N/A","#N/A","#N/A"
f878a8d7-b431-49b5-877b-9a595c5cc05d,"#N/A","#N/A",false,Web,"#N/A","#N/A",Medium,"#N/A",New,Subject_tzjfq,"#N/A","#N/A","#N/A","#N/A","#N/A"
f87a5f8e-1048-412a-a2fc-1cd9e0a91bb0,"#N/A","#N/A",false,Web,"#N/A","#N/A",Medium,"#N/A",New,Subject_ssvwq,"#N/A","#N/A","#N/A","#N/A","#N/A"
f87a9d0a-f776-4c18-a8fa-886f6c6ad250,"#N/A","#N/A",false,Web,"#N/A","#N/A",Medium,"#N/A",New,Subject_qptzx,"#N/A","#N/A","#N/A","#N/A","#N/A"
f87b1031-49b6-43b6-afcb-fc0109210bef,"#N/A","#N/A",false,Web,"#N/A","#N/A",Medium,"#N/A",New,Subject_hofaq,"#N/A","#N/A","#N/A","#N/A","#N/A"
f87b7740-e7e2-4861-bba5-5a535317269b,"#N/A","#N/A",false,Web,"#N/A","#N/A",Medium,"#N/A",New,Subject_rtbsv,"#N/A","#N/A","#N/A","#N/A","#N/A"
f87fae75-251c-4de3-8dea-9ec4dd3af6d5,"#N/A","#N/A",false,Web,"#N/A","#N/A",Medium,"#N/A",New,Subject_xcifm,"#N/A","#N/A","#N/A","#N/A","#N/A"
f880298c-e2c9-4a93-9eed-c89d2ae02d34,"#N/A","#N/A",false,Web,"#N/A","#N/A",Medium,"#N/A",New,Subject_orlcp,"#N/A","#N/A","#N/A","#N/A","#N/A"
f884375c-0dd1-4efa-ab23-322cd319a73b,"#N/A","#N/A",false,Web,"#N/A","#N/A",Medium,"#N/A",New,Subject_cpfun,"#N/A","#N/A","#N/A","#N/A","#N/A"
f885297e-2833-4320-85b9-c2b564b4b19d,"#N/A","#N/A",false,Web,"#N/A","#N/A",Medium,"#N/A",New,Subject_uxmte,"#N/A","#N/A","#N/A","#N/A","#N/A"
f886d437-94d7-4301-bb2d-95f86788ada7,"#N/A","#N/A",false,Web,"#N/A","#N/A",Medium,"#N/A",New,Subject_xmljy,"#N/A","#N/A","#N/A","#N/A","#N/A"
f88789d1-e069-422e-82d8-bbd53bb01c6c,"#N/A","#N/A",false,Web,"#N/A","#N/A",Medium,"#N/A",New,Subject_ofyqy,"#N/A","#N/A","#N/A","#N/A","#N/A"
f888eb71-11b9-44a2-8555-d08ecaab421c,"#N/A","#N/A",false,Web,"#N/A","#N/A",Medium,"#N/A",New,Subject_nyrvh,"#N/A","#N/A","#N/A","#N/A","#N/A"
f88ab2e3-f3ec-4b55-9a7a-889fbc14f2c2,"#N/A","#N/A",false,Web,"#N/A","#N/A",Medium,"#N/A",New,Subject_toraw,"#N/A","#N/A","#N/A","#N/A","#N/A"
f88b176c-83aa-4e77-b191-96f8e75b227f,"#N/A","#N/A",false,Web,"#N/A","#N/A",Medium,"#N/A",New,Subject_ychat,"#N/A","#N/A","#N/A","#N/A","#N/A"
f88b8271-8f32-43c2-811d-9fd909094729,"#N/A","#N/A",false,Web,"#N/A","#N/A",Medium,"#N/A",New,Subject_xausw,"#N/A","#N/A","#N/A","#N/A","#N/A"
f88ca5da-25e8-4b47-a55f-f64da59ddf8f,"#N/A","#N/A",false,Web,"#N/A","#N/A",Medium,"#N/A",New,Subject_ptary,"#N/A","#N/A","#N/A","#N/A","#N/A"
f88d838c-68dd-4696-8fb1-1886be18944e,"#N/A","#N/A",false,Web,"#N/A","#N/A",Medium,"#N/A",New,Subject_wbfma,"#N/A","#N/A","#N/A","#N/A","#N/A"
f89599ce-63b0-4eeb-a8b2-aba3e9c73d21,"#N/A","#N/A",false,Web,"#N/A","#N/A",Medium,"#N/A",New,Subject_wmrhm,"#N/A","#N/A","#N/A","#N/A","#N/A"
f898f820-b5f2-4a7b-8a51-7d0952d138dc,"#N/A","#N/A",false,Web,"#N/A","#N/A",Medium,"#N/A",New,Subject_oucho,"#N/A","#N/A","#N/A","#N/A","#N/A"
f8994328-70b6-4171-914c-d518125988cf,"#N/A","#N/A",false,Web,"#N/A","#N/A",Medium,"#N/A",New,Subject_freze,"#N/A","#N/A","#N/A","#N/A","#N/A"
f89ba0f4-d36b-4bd6-bb5c-cc6a3b19cd6c,"#N/A","#N/A",false,Web,"#N/A","#N/A",Medium,"#N/A",New,Subject_cnfie,"#N/A","#N/A","#N/A","#N/A","#N/A"
f8a428f5-f9b8-40d5-bd80-7677bf2825f2,"#N/A","#N/A",false,Web,"#N/A","#N/A",Medium,"#N/A",New,Subject_qfzdi,"#N/A","#N/A","#N/A","#N/A","#N/A"
f8a7c462-b5d2-4f95-94ee-6cb6e5bc46e1,"#N/A","#N/A",false,Web,"#N/A","#N/A",Medium,"#N/A",New,Subject_bpqrb,"#N/A","#N/A","#N/A","#N/A","#N/A"
f8b11c54-db78-4aa9-bbd0-2a00e11c8427,"#N/A","#N/A",false,Web,"#N/A","#N/A",Medium,"#N/A",New,Subject_eadtt,"#N/A","#N/A","#N/A","#N/A","#N/A"
f8b1c2d3-6c73-4ac2-a6ee-e98606856560,"#N/A","#N/A",false,Web,"#N/A","#N/A",Medium,"#N/A",New,Subject_kgaya,"#N/A","#N/A","#N/A","#N/A","#N/A"
f8b2c062-06e8-4758-af61-492c6b642f18,"#N/A","#N/A",false,Web,"#N/A","#N/A",Medium,"#N/A",New,Subject_exjkw,"#N/A","#N/A","#N/A","#N/A","#N/A"
f8b48e12-868b-47f0-b5fd-4731ae9ffa01,"#N/A","#N/A",false,Web,"#N/A","#N/A",Medium,"#N/A",New,Subject_swnal,"#N/A","#N/A","#N/A","#N/A","#N/A"
f8b6b4b4-6c25-4ec6-b3fa-1e63e500d306,"#N/A","#N/A",false,Web,"#N/A","#N/A",Medium,"#N/A",New,Subject_uytml,"#N/A","#N/A","#N/A","#N/A","#N/A"
f8b97a29-c025-4e33-9693-e50fd48a79e3,"#N/A","#N/A",false,Web,"#N/A","#N/A",Medium,"#N/A",New,Subject_vxpaf,"#N/A","#N/A","#N/A","#N/A","#N/A"
f8b9f545-8edd-411c-820e-7723fb0c7e09,"#N/A","#N/A",false,Web,"#N/A","#N/A",Medium,"#N/A",New,Subject_dyvqf,"#N/A","#N/A","#N/A","#N/A","#N/A"
f8bb63c1-63dd-4cdc-92f8-e02b662708c3,"#N/A","#N/A",false,Web,"#N/A","#N/A",Medium,"#N/A",New,Subject_mosdx,"#N/A","#N/A","#N/A","#N/A","#N/A"
f8be362d-64d7-4794-bfd9-97ee53381236,"#N/A","#N/A",false,Web,"#N/A","#N/A",Medium,"#N/A",New,Subject_tgqsp,"#N/A","#N/A","#N/A","#N/A","#N/A"
f8c27d68-ce80-44d8-86b2-37a326241bca,"#N/A","#N/A",false,Web,"#N/A","#N/A",Medium,"#N/A",New,Subject_bwlpv,"#N/A","#N/A","#N/A","#N/A","#N/A"
f8cd1d3a-fcf8-460e-b501-f0477532b3a8,"#N/A","#N/A",false,Web,"#N/A","#N/A",Medium,"#N/A",New,Subject_dgufr,"#N/A","#N/A","#N/A","#N/A","#N/A"
f8cd3f67-5e13-4fb9-8dad-ac06bd95376d,"#N/A","#N/A",false,Web,"#N/A","#N/A",Medium,"#N/A",New,Subject_boaes,"#N/A","#N/A","#N/A","#N/A","#N/A"
f8d36ba7-b222-43ce-8e4e-ce33deac6b5f,"#N/A","#N/A",false,Web,"#N/A","#N/A",Medium,"#N/A",New,Subject_ykzdx,"#N/A","#N/A","#N/A","#N/A","#N/A"
f8d375a2-4edb-4d92-b3b9-d63904479f6a,"#N/A","#N/A",false,Web,"#N/A","#N/A",Medium,"#N/A",New,Subject_dpnmn,"#N/A","#N/A","#N/A","#N/A","#N/A"
f8dd51d2-1800-4a18-b824-05ab97b7d97d,"#N/A","#N/A",false,Web,"#N/A","#N/A",Medium,"#N/A",New,Subject_cxbxo,"#N/A","#N/A","#N/A","#N/A","#N/A"
f8e367ae-beb5-4479-8335-4f385e073861,"#N/A","#N/A",false,Web,"#N/A","#N/A",Medium,"#N/A",New,Subject_hsojn,"#N/A","#N/A","#N/A","#N/A","#N/A"
f8e5edae-874f-4492-bbb5-89f9079f3464,"#N/A","#N/A",false,Web,"#N/A","#N/A",Medium,"#N/A",New,Subject_mudgz,"#N/A","#N/A","#N/A","#N/A","#N/A"
f8e9dba7-bb52-4b63-a276-3d2ee158ebe1,"#N/A","#N/A",false,Web,"#N/A","#N/A",Medium,"#N/A",New,Subject_unfxe,"#N/A","#N/A","#N/A","#N/A","#N/A"
f8ec4ff4-c303-4680-aaa2-a84e08cfe5cf,"#N/A","#N/A",false,Web,"#N/A","#N/A",Medium,"#N/A",New,Subject_qyvcv,"#N/A","#N/A","#N/A","#N/A","#N/A"
f8f0b2da-518a-48e0-8ea8-b53869fdc164,"#N/A","#N/A",false,Web,"#N/A","#N/A",Medium,"#N/A",New,Subject_ultog,"#N/A","#N/A","#N/A","#N/A","#N/A"
f8f1cf31-e277-43b2-9fc3-4d0cff1d23c6,"#N/A","#N/A",false,Web,"#N/A","#N/A",Medium,"#N/A",New,Subject_qtyhv,"#N/A","#N/A","#N/A","#N/A","#N/A"
f8f5c914-302d-4fbe-b051-b143a889c15d,"#N/A","#N/A",false,Web,"#N/A","#N/A",Medium,"#N/A",New,Subject_gitmg,"#N/A","#N/A","#N/A","#N/A","#N/A"
f8f940c7-a1a2-4758-af53-978014bb0cc4,"#N/A","#N/A",false,Web,"#N/A","#N/A",Medium,"#N/A",New,Subject_tgybk,"#N/A","#N/A","#N/A","#N/A","#N/A"
f8fa2f75-c4c2-4a2a-82fa-914f0e594021,"#N/A","#N/A",false,Web,"#N/A","#N/A",Medium,"#N/A",New,Subject_rdnwd,"#N/A","#N/A","#N/A","#N/A","#N/A"
f8fa88d3-59cd-4654-8e46-d21fe6b7991b,"#N/A","#N/A",false,Web,"#N/A","#N/A",Medium,"#N/A",New,Subject_hatxe,"#N/A","#N/A","#N/A","#N/A","#N/A"
f8fe9364-4add-490a-b997-f78b54bf2de7,"#N/A","#N/A",false,Web,"#N/A","#N/A",Medium,"#N/A",New,Subject_srgma,"#N/A","#N/A","#N/A","#N/A","#N/A"
f8ff217e-5bf7-4cf3-accf-336552d580eb,"#N/A","#N/A",false,Web,"#N/A","#N/A",Medium,"#N/A",New,Subject_eopwi,"#N/A","#N/A","#N/A","#N/A","#N/A"
f8ffa299-7709-4ac5-8edb-f65f5545e8a3,"#N/A","#N/A",false,Web,"#N/A","#N/A",Medium,"#N/A",New,Subject_zlkrm,"#N/A","#N/A","#N/A","#N/A","#N/A"
f9007724-746f-4db1-94dc-b0dd26976a25,"#N/A","#N/A",false,Web,"#N/A","#N/A",Medium,"#N/A",New,Subject_svhnu,"#N/A","#N/A","#N/A","#N/A","#N/A"
f9007ab4-114b-4e16-8250-97c9a1b5da66,"#N/A","#N/A",false,Web,"#N/A","#N/A",Medium,"#N/A",New,Subject_lupug,"#N/A","#N/A","#N/A","#N/A","#N/A"
f9012798-6122-439c-bf86-1ee1e35762f3,"#N/A","#N/A",false,Web,"#N/A","#N/A",Medium,"#N/A",New,Subject_uudrg,"#N/A","#N/A","#N/A","#N/A","#N/A"
f9024dd6-509a-4295-a8cc-3d27dfc91c34,"#N/A","#N/A",false,Web,"#N/A","#N/A",Medium,"#N/A",New,Subject_iqcdx,"#N/A","#N/A","#N/A","#N/A","#N/A"
f9026010-3781-47a0-a989-8e3eb8013257,"#N/A","#N/A",false,Web,"#N/A","#N/A",Medium,"#N/A",New,Subject_wduux,"#N/A","#N/A","#N/A","#N/A","#N/A"
f902a28d-f1c6-4cdd-9c42-40b6d382fcae,"#N/A","#N/A",false,Web,"#N/A","#N/A",Medium,"#N/A",New,Subject_kjqzt,"#N/A","#N/A","#N/A","#N/A","#N/A"
f904cd70-fc71-4303-b76c-820d16718614,"#N/A","#N/A",false,Web,"#N/A","#N/A",Medium,"#N/A",New,Subject_uqbeu,"#N/A","#N/A","#N/A","#N/A","#N/A"
f907b5f1-43ea-43a3-ba80-58dbe16e6a1f,"#N/A","#N/A",false,Web,"#N/A","#N/A",Medium,"#N/A",New,Subject_qhfdg,"#N/A","#N/A","#N/A","#N/A","#N/A"
f9086f33-bae9-4ef9-ac2d-224ae1c62630,"#N/A","#N/A",false,Web,"#N/A","#N/A",Medium,"#N/A",New,Subject_qqnpu,"#N/A","#N/A","#N/A","#N/A","#N/A"
f908d190-069d-4db2-9972-44e4d31b1096,"#N/A","#N/A",false,Web,"#N/A","#N/A",Medium,"#N/A",New,Subject_jdwpw,"#N/A","#N/A","#N/A","#N/A","#N/A"
f90ba93d-1839-4fc6-8c5a-a2da8ef893a4,"#N/A","#N/A",false,Web,"#N/A","#N/A",Medium,"#N/A",New,Subject_gaenb,"#N/A","#N/A","#N/A","#N/A","#N/A"
f90dca3b-adde-4e06-86a2-8eb054dc872a,"#N/A","#N/A",false,Web,"#N/A","#N/A",Medium,"#N/A",New,Subject_dhorx,"#N/A","#N/A","#N/A","#N/A","#N/A"
f90e7f67-3054-4ac4-a9d2-213a4c3638a8,"#N/A","#N/A",false,Web,"#N/A","#N/A",Medium,"#N/A",New,Subject_qcxag,"#N/A","#N/A","#N/A","#N/A","#N/A"
f90eb722-e523-4a42-b6f8-e19734d05f04,"#N/A","#N/A",false,Web,"#N/A","#N/A",Medium,"#N/A",New,Subject_hbiwu,"#N/A","#N/A","#N/A","#N/A","#N/A"
f911d722-12de-4e2f-850a-6873ce0a37f8,"#N/A","#N/A",false,Web,"#N/A","#N/A",Medium,"#N/A",New,Subject_jdmrl,"#N/A","#N/A","#N/A","#N/A","#N/A"
f9130e46-ae7b-4c68-9b77-8937e1da747d,"#N/A","#N/A",false,Web,"#N/A","#N/A",Medium,"#N/A",New,Subject_axyda,"#N/A","#N/A","#N/A","#N/A","#N/A"
f914cdd5-f946-46f6-8883-bccc3f1b5f89,"#N/A","#N/A",false,Web,"#N/A","#N/A",Medium,"#N/A",New,Subject_rnmhr,"#N/A","#N/A","#N/A","#N/A","#N/A"
f915b2ba-74ed-47a8-9920-4e7781aba431,"#N/A","#N/A",false,Web,"#N/A","#N/A",Medium,"#N/A",New,Subject_wokip,"#N/A","#N/A","#N/A","#N/A","#N/A"
f920cbf4-8fdb-49ae-a12b-b567b24497d5,"#N/A","#N/A",false,Web,"#N/A","#N/A",Medium,"#N/A",New,Subject_fuqyd,"#N/A","#N/A","#N/A","#N/A","#N/A"
f9219cd9-0f3c-4df8-a18a-cfa0d2cd005d,"#N/A","#N/A",false,Web,"#N/A","#N/A",Medium,"#N/A",New,Subject_rnzir,"#N/A","#N/A","#N/A","#N/A","#N/A"
f921f519-4f9a-485f-a2b7-850476df4597,"#N/A","#N/A",false,Web,"#N/A","#N/A",Medium,"#N/A",New,Subject_ulmxu,"#N/A","#N/A","#N/A","#N/A","#N/A"
f923b272-330c-44b6-8988-1dfb3e2236e5,"#N/A","#N/A",false,Web,"#N/A","#N/A",Medium,"#N/A",New,Subject_blydu,"#N/A","#N/A","#N/A","#N/A","#N/A"
f9256667-94fa-402e-b840-13f8e032067c,"#N/A","#N/A",false,Web,"#N/A","#N/A",Medium,"#N/A",New,Subject_nvbkm,"#N/A","#N/A","#N/A","#N/A","#N/A"
f927a34b-886c-44c3-9f89-1b87a68ea724,"#N/A","#N/A",false,Web,"#N/A","#N/A",Medium,"#N/A",New,Subject_wxfin,"#N/A","#N/A","#N/A","#N/A","#N/A"
f92ab25c-e447-4f5b-abb4-cd04c3006550,"#N/A","#N/A",false,Web,"#N/A","#N/A",Medium,"#N/A",New,Subject_cjuxk,"#N/A","#N/A","#N/A","#N/A","#N/A"
f92b12e0-8898-48c7-bb7c-9d666d210a81,"#N/A","#N/A",false,Web,"#N/A","#N/A",Medium,"#N/A",New,Subject_lovaa,"#N/A","#N/A","#N/A","#N/A","#N/A"
f92e71bd-7db6-449f-a16c-5cf5477a2653,"#N/A","#N/A",false,Web,"#N/A","#N/A",Medium,"#N/A",New,Subject_mxvrf,"#N/A","#N/A","#N/A","#N/A","#N/A"
f92fb6d0-bb63-492a-9e0a-23d7a37d88df,"#N/A","#N/A",false,Web,"#N/A","#N/A",Medium,"#N/A",New,Subject_aclky,"#N/A","#N/A","#N/A","#N/A","#N/A"
f9359200-69ec-43d9-aa4a-5ad0be7a31f4,"#N/A","#N/A",false,Web,"#N/A","#N/A",Medium,"#N/A",New,Subject_fyfgb,"#N/A","#N/A","#N/A","#N/A","#N/A"
f937b268-dd39-4f93-876d-c2e096818b8b,"#N/A","#N/A",false,Web,"#N/A","#N/A",Medium,"#N/A",New,Subject_hruze,"#N/A","#N/A","#N/A","#N/A","#N/A"
f9387c17-bd4c-4948-9b77-246685e70f97,"#N/A","#N/A",false,Web,"#N/A","#N/A",Medium,"#N/A",New,Subject_feygj,"#N/A","#N/A","#N/A","#N/A","#N/A"
f93e391d-1b2e-4e08-9a2a-91f6cb22eabc,"#N/A","#N/A",false,Web,"#N/A","#N/A",Medium,"#N/A",New,Subject_wmkdu,"#N/A","#N/A","#N/A","#N/A","#N/A"
f942b3a0-eebb-49bd-bef5-d0c53c10c4bd,"#N/A","#N/A",false,Web,"#N/A","#N/A",Medium,"#N/A",New,Subject_unyai,"#N/A","#N/A","#N/A","#N/A","#N/A"
f948bb32-4c62-432c-8ecf-c41deed1cabb,"#N/A","#N/A",false,Web,"#N/A","#N/A",Medium,"#N/A",New,Subject_sbgpk,"#N/A","#N/A","#N/A","#N/A","#N/A"
f949a846-6810-4690-a419-49aa5d17aad9,"#N/A","#N/A",false,Web,"#N/A","#N/A",Medium,"#N/A",New,Subject_gwita,"#N/A","#N/A","#N/A","#N/A","#N/A"
f94a3748-a742-442c-8aef-9f41122a75e2,"#N/A","#N/A",false,Web,"#N/A","#N/A",Medium,"#N/A",New,Subject_nskds,"#N/A","#N/A","#N/A","#N/A","#N/A"
f94b2877-cff6-4f21-b793-3e5605f7a6da,"#N/A","#N/A",false,Web,"#N/A","#N/A",Medium,"#N/A",New,Subject_wdnuy,"#N/A","#N/A","#N/A","#N/A","#N/A"
f94bdaaa-4311-457f-ab0c-0edc920e7fe1,"#N/A","#N/A",false,Web,"#N/A","#N/A",Medium,"#N/A",New,Subject_hupqe,"#N/A","#N/A","#N/A","#N/A","#N/A"
f94c6ea0-65bc-4225-b446-0854a07e2390,"#N/A","#N/A",false,Web,"#N/A","#N/A",Medium,"#N/A",New,Subject_nemwm,"#N/A","#N/A","#N/A","#N/A","#N/A"
f9532e7d-04bb-4c2b-9a8c-783ad6681e9e,"#N/A","#N/A",false,Web,"#N/A","#N/A",Medium,"#N/A",New,Subject_rgdcx,"#N/A","#N/A","#N/A","#N/A","#N/A"
f95419e5-28f1-4162-a170-5b86a35ba462,"#N/A","#N/A",false,Web,"#N/A","#N/A",Medium,"#N/A",New,Subject_rsght,"#N/A","#N/A","#N/A","#N/A","#N/A"
f954af4c-1680-40a6-bd09-9ccb33a36655,"#N/A","#N/A",false,Web,"#N/A","#N/A",Medium,"#N/A",New,Subject_ovyrc,"#N/A","#N/A","#N/A","#N/A","#N/A"
f956cea2-607c-46fd-8b8a-d1126bf4068c,"#N/A","#N/A",false,Web,"#N/A","#N/A",Medium,"#N/A",New,Subject_yuclj,"#N/A","#N/A","#N/A","#N/A","#N/A"
f957af89-f181-4ae1-b9fc-5db9cf66ff14,"#N/A","#N/A",false,Web,"#N/A","#N/A",Medium,"#N/A",New,Subject_yjzlv,"#N/A","#N/A","#N/A","#N/A","#N/A"
f9597507-2539-41db-a22e-d645b45b5051,"#N/A","#N/A",false,Web,"#N/A","#N/A",Medium,"#N/A",New,Subject_czskp,"#N/A","#N/A","#N/A","#N/A","#N/A"
f95b7d2c-ba3c-4845-ba6f-69a871e57542,"#N/A","#N/A",false,Web,"#N/A","#N/A",Medium,"#N/A",New,Subject_rfntc,"#N/A","#N/A","#N/A","#N/A","#N/A"
f96346ab-02ee-470a-a9fa-20f093b2e9ac,"#N/A","#N/A",false,Web,"#N/A","#N/A",Medium,"#N/A",New,Subject_lhfbq,"#N/A","#N/A","#N/A","#N/A","#N/A"
f96934cb-3717-42d7-9ead-7bd2e896a24f,"#N/A","#N/A",false,Web,"#N/A","#N/A",Medium,"#N/A",New,Subject_kgppr,"#N/A","#N/A","#N/A","#N/A","#N/A"
f96aeee4-e3ec-4e58-a6ff-dfc37c6f74bc,"#N/A","#N/A",false,Web,"#N/A","#N/A",Medium,"#N/A",New,Subject_depxt,"#N/A","#N/A","#N/A","#N/A","#N/A"
f96d867e-6945-4f33-85e0-f5d037d20a8c,"#N/A","#N/A",false,Web,"#N/A","#N/A",Medium,"#N/A",New,Subject_qwdlw,"#N/A","#N/A","#N/A","#N/A","#N/A"
f97389db-ffe9-4c65-b90a-192de99467b9,"#N/A","#N/A",false,Web,"#N/A","#N/A",Medium,"#N/A",New,Subject_xlfiw,"#N/A","#N/A","#N/A","#N/A","#N/A"
f974a04d-ce92-4cdc-94e7-4062a77260a7,"#N/A","#N/A",false,Web,"#N/A","#N/A",Medium,"#N/A",New,Subject_vjlml,"#N/A","#N/A","#N/A","#N/A","#N/A"
f9799d52-3175-4a40-9774-9656339e9149,"#N/A","#N/A",false,Web,"#N/A","#N/A",Medium,"#N/A",New,Subject_dvhmp,"#N/A","#N/A","#N/A","#N/A","#N/A"
f97bf048-d6a9-4a12-9cc5-1d1670c13276,"#N/A","#N/A",false,Web,"#N/A","#N/A",Medium,"#N/A",New,Subject_obgkw,"#N/A","#N/A","#N/A","#N/A","#N/A"
f97bff7d-9d66-49fa-93cf-fde5f127a58d,"#N/A","#N/A",false,Web,"#N/A","#N/A",Medium,"#N/A",New,Subject_riilh,"#N/A","#N/A","#N/A","#N/A","#N/A"
f97e6da3-188b-401d-8450-66e9dfef3948,"#N/A","#N/A",false,Web,"#N/A","#N/A",Medium,"#N/A",New,Subject_vxmoa,"#N/A","#N/A","#N/A","#N/A","#N/A"
f981647e-4079-4458-b052-f51502907892,"#N/A","#N/A",false,Web,"#N/A","#N/A",Medium,"#N/A",New,Subject_ztuzl,"#N/A","#N/A","#N/A","#N/A","#N/A"
f98372cb-c4ba-4ca3-b522-f7220d6c8fe9,"#N/A","#N/A",false,Web,"#N/A","#N/A",Medium,"#N/A",New,Subject_qxwrt,"#N/A","#N/A","#N/A","#N/A","#N/A"
f983d95d-2d7c-49dc-b7b1-c7e2f1056b60,"#N/A","#N/A",false,Web,"#N/A","#N/A",Medium,"#N/A",New,Subject_spkia,"#N/A","#N/A","#N/A","#N/A","#N/A"
f9861286-0af7-4d89-8837-6779d7122462,"#N/A","#N/A",false,Web,"#N/A","#N/A",Medium,"#N/A",New,Subject_howpl,"#N/A","#N/A","#N/A","#N/A","#N/A"
f9877faf-4d2f-4148-9439-7ff3c2672258,"#N/A","#N/A",false,Web,"#N/A","#N/A",Medium,"#N/A",New,Subject_pihaq,"#N/A","#N/A","#N/A","#N/A","#N/A"
f98a145d-7e32-4968-9e3a-8b986dfed2ef,"#N/A","#N/A",false,Web,"#N/A","#N/A",Medium,"#N/A",New,Subject_yuwfd,"#N/A","#N/A","#N/A","#N/A","#N/A"
f98de160-336f-4fc9-a496-cbd17493a750,"#N/A","#N/A",false,Web,"#N/A","#N/A",Medium,"#N/A",New,Subject_rfafu,"#N/A","#N/A","#N/A","#N/A","#N/A"
f9928751-98a1-4440-a717-865fc861984f,"#N/A","#N/A",false,Web,"#N/A","#N/A",Medium,"#N/A",New,Subject_cqfep,"#N/A","#N/A","#N/A","#N/A","#N/A"
f9932bee-033b-438d-a17f-92b473ff0708,"#N/A","#N/A",false,Web,"#N/A","#N/A",Medium,"#N/A",New,Subject_unhfr,"#N/A","#N/A","#N/A","#N/A","#N/A"
f993342c-1d9f-4bcc-85f1-335e1e78832f,"#N/A","#N/A",false,Web,"#N/A","#N/A",Medium,"#N/A",New,Subject_kdclc,"#N/A","#N/A","#N/A","#N/A","#N/A"
f9935c43-9c2c-40a7-9994-ec44a7fbdb82,"#N/A","#N/A",false,Web,"#N/A","#N/A",Medium,"#N/A",New,Subject_qvdfr,"#N/A","#N/A","#N/A","#N/A","#N/A"
f995503f-e855-4500-98a7-dec84d5b14d7,"#N/A","#N/A",false,Web,"#N/A","#N/A",Medium,"#N/A",New,Subject_rdzzq,"#N/A","#N/A","#N/A","#N/A","#N/A"
f995ccdc-ef21-4be2-be4f-f362b0702449,"#N/A","#N/A",false,Web,"#N/A","#N/A",Medium,"#N/A",New,Subject_teegi,"#N/A","#N/A","#N/A","#N/A","#N/A"
f99b0861-99c4-445b-9688-0d885d36a842,"#N/A","#N/A",false,Web,"#N/A","#N/A",Medium,"#N/A",New,Subject_zerrm,"#N/A","#N/A","#N/A","#N/A","#N/A"
f9a2930e-f1b1-4b9e-9072-6bae58cfb0b6,"#N/A","#N/A",false,Web,"#N/A","#N/A",Medium,"#N/A",New,Subject_wvirk,"#N/A","#N/A","#N/A","#N/A","#N/A"
f9ad7beb-29ba-4bcd-bbb0-b4e0e03c48d3,"#N/A","#N/A",false,Web,"#N/A","#N/A",Medium,"#N/A",New,Subject_vpcrg,"#N/A","#N/A","#N/A","#N/A","#N/A"
f9ad9c79-b544-499c-a877-5f0195d045e4,"#N/A","#N/A",false,Web,"#N/A","#N/A",Medium,"#N/A",New,Subject_pdexs,"#N/A","#N/A","#N/A","#N/A","#N/A"
f9b2449b-1777-4ba6-8c3d-80c8dfda29de,"#N/A","#N/A",false,Web,"#N/A","#N/A",Medium,"#N/A",New,Subject_phkgn,"#N/A","#N/A","#N/A","#N/A","#N/A"
f9b2d674-124f-417f-b172-71e39f5ba119,"#N/A","#N/A",false,Web,"#N/A","#N/A",Medium,"#N/A",New,Subject_xwhgc,"#N/A","#N/A","#N/A","#N/A","#N/A"
f9b3cfd8-84b5-4ef0-b8b9-0e74a4d9cedd,"#N/A","#N/A",false,Web,"#N/A","#N/A",Medium,"#N/A",New,Subject_orihu,"#N/A","#N/A","#N/A","#N/A","#N/A"
f9b82936-9413-4cd9-8244-0379eaddcc8f,"#N/A","#N/A",false,Web,"#N/A","#N/A",Medium,"#N/A",New,Subject_arimg,"#N/A","#N/A","#N/A","#N/A","#N/A"
f9b9b0db-4c68-4b72-9497-ca760be32af0,"#N/A","#N/A",false,Web,"#N/A","#N/A",Medium,"#N/A",New,Subject_jewtm,"#N/A","#N/A","#N/A","#N/A","#N/A"
f9bdaa30-ed10-4c39-8940-6be052ad1a96,"#N/A","#N/A",false,Web,"#N/A","#N/A",Medium,"#N/A",New,Subject_ucunu,"#N/A","#N/A","#N/A","#N/A","#N/A"
f9c0895b-f5d7-4849-a25f-5518deb3aa60,"#N/A","#N/A",false,Web,"#N/A","#N/A",Medium,"#N/A",New,Subject_edkya,"#N/A","#N/A","#N/A","#N/A","#N/A"
f9c32028-904e-4f28-81b4-67dab019c15d,"#N/A","#N/A",false,Web,"#N/A","#N/A",Medium,"#N/A",New,Subject_iemii,"#N/A","#N/A","#N/A","#N/A","#N/A"
f9c3ba57-088f-4b0e-91f7-7a9b3d0bc330,"#N/A","#N/A",false,Web,"#N/A","#N/A",Medium,"#N/A",New,Subject_oftun,"#N/A","#N/A","#N/A","#N/A","#N/A"
f9c44168-aaae-48df-8f11-67a50a0e6d94,"#N/A","#N/A",false,Web,"#N/A","#N/A",Medium,"#N/A",New,Subject_rrgtt,"#N/A","#N/A","#N/A","#N/A","#N/A"
f9c676ba-d4d1-42d8-a0b4-a4a8565e378e,"#N/A","#N/A",false,Web,"#N/A","#N/A",Medium,"#N/A",New,Subject_cntfx,"#N/A","#N/A","#N/A","#N/A","#N/A"
f9c6948a-9e7d-4c0a-a57c-7be97753365c,"#N/A","#N/A",false,Web,"#N/A","#N/A",Medium,"#N/A",New,Subject_yjsem,"#N/A","#N/A","#N/A","#N/A","#N/A"
f9caad40-981e-443f-8508-1065190590df,"#N/A","#N/A",false,Web,"#N/A","#N/A",Medium,"#N/A",New,Subject_bsumd,"#N/A","#N/A","#N/A","#N/A","#N/A"
f9cad4a7-98d9-4594-8f68-a82c08d0ba4b,"#N/A","#N/A",false,Web,"#N/A","#N/A",Medium,"#N/A",New,Subject_oiajm,"#N/A","#N/A","#N/A","#N/A","#N/A"
f9d11f79-5092-41bf-8747-051ad8fa683c,"#N/A","#N/A",false,Web,"#N/A","#N/A",Medium,"#N/A",New,Subject_kwdlw,"#N/A","#N/A","#N/A","#N/A","#N/A"
f9d15a85-1f11-4c7e-b772-695c2821a3f7,"#N/A","#N/A",false,Web,"#N/A","#N/A",Medium,"#N/A",New,Subject_weecw,"#N/A","#N/A","#N/A","#N/A","#N/A"
f9d238d4-1b49-4ff6-8b25-3f351218a781,"#N/A","#N/A",false,Web,"#N/A","#N/A",Medium,"#N/A",New,Subject_pvlfh,"#N/A","#N/A","#N/A","#N/A","#N/A"
f9d2a83a-e45d-4ea4-8ce5-2c7e7cc1be3d,"#N/A","#N/A",false,Web,"#N/A","#N/A",Medium,"#N/A",New,Subject_kaubv,"#N/A","#N/A","#N/A","#N/A","#N/A"
f9d75499-bc75-4f44-ad79-59cbdcbcda55,"#N/A","#N/A",false,Web,"#N/A","#N/A",Medium,"#N/A",New,Subject_rxfwm,"#N/A","#N/A","#N/A","#N/A","#N/A"
f9dba892-cc77-4fbb-a3e8-1b7d2dd54dba,"#N/A","#N/A",false,Web,"#N/A","#N/A",Medium,"#N/A",New,Subject_iomyz,"#N/A","#N/A","#N/A","#N/A","#N/A"
f9dc4a21-6b78-47ea-8c7f-f0393299a761,"#N/A","#N/A",false,Web,"#N/A","#N/A",Medium,"#N/A",New,Subject_rtafu,"#N/A","#N/A","#N/A","#N/A","#N/A"
f9dd94ae-6f86-4b9e-9e0b-d6f82c5d1a2c,"#N/A","#N/A",false,Web,"#N/A","#N/A",Medium,"#N/A",New,Subject_hbodz,"#N/A","#N/A","#N/A","#N/A","#N/A"
f9ddf7fc-c18c-4fe8-a7c7-8786a90b9cfc,"#N/A","#N/A",false,Web,"#N/A","#N/A",Medium,"#N/A",New,Subject_uigdk,"#N/A","#N/A","#N/A","#N/A","#N/A"
f9e12fe9-fc56-4892-a2a2-e34844006fb3,"#N/A","#N/A",false,Web,"#N/A","#N/A",Medium,"#N/A",New,Subject_ajbot,"#N/A","#N/A","#N/A","#N/A","#N/A"
f9e3b643-1b9f-4916-931e-ea156dad3e5c,"#N/A","#N/A",false,Web,"#N/A","#N/A",Medium,"#N/A",New,Subject_ovgcb,"#N/A","#N/A","#N/A","#N/A","#N/A"
f9e4dba7-062d-4377-9ae2-3c4f1a8d054e,"#N/A","#N/A",false,Web,"#N/A","#N/A",Medium,"#N/A",New,Subject_pqjsk,"#N/A","#N/A","#N/A","#N/A","#N/A"
f9e55e16-defe-46b5-82af-d8367a7c0c22,"#N/A","#N/A",false,Web,"#N/A","#N/A",Medium,"#N/A",New,Subject_oopnj,"#N/A","#N/A","#N/A","#N/A","#N/A"
f9e5b1cb-de56-4127-b7bd-5987f00d40ee,"#N/A","#N/A",false,Web,"#N/A","#N/A",Medium,"#N/A",New,Subject_itxey,"#N/A","#N/A","#N/A","#N/A","#N/A"
f9e60c51-d4b1-474a-9044-e3b896f85007,"#N/A","#N/A",false,Web,"#N/A","#N/A",Medium,"#N/A",New,Subject_odexp,"#N/A","#N/A","#N/A","#N/A","#N/A"
f9e69779-70f8-4ca2-b1fa-a9258f9aa0a4,"#N/A","#N/A",false,Web,"#N/A","#N/A",Medium,"#N/A",New,Subject_udqyc,"#N/A","#N/A","#N/A","#N/A","#N/A"
f9ec5ba5-f539-490f-b03b-980a988df0df,"#N/A","#N/A",false,Web,"#N/A","#N/A",Medium,"#N/A",New,Subject_furqv,"#N/A","#N/A","#N/A","#N/A","#N/A"
f9ed3e97-46d8-4e3a-81f9-70b620808c09,"#N/A","#N/A",false,Web,"#N/A","#N/A",Medium,"#N/A",New,Subject_dljsy,"#N/A","#N/A","#N/A","#N/A","#N/A"
f9f0837e-3124-4cd3-bf7a-d05d3f7288a5,"#N/A","#N/A",false,Web,"#N/A","#N/A",Medium,"#N/A",New,Subject_jgngn,"#N/A","#N/A","#N/A","#N/A","#N/A"
f9fb8b11-bf46-40df-b6e6-fe5a690d8692,"#N/A","#N/A",false,Web,"#N/A","#N/A",Medium,"#N/A",New,Subject_oprke,"#N/A","#N/A","#N/A","#N/A","#N/A"
f9fc00a6-81df-4f22-bf21-a0d052a9d562,"#N/A","#N/A",false,Web,"#N/A","#N/A",Medium,"#N/A",New,Subject_bhfpq,"#N/A","#N/A","#N/A","#N/A","#N/A"
f9ff5875-7599-4b01-b653-23bf691fdc77,"#N/A","#N/A",false,Web,"#N/A","#N/A",Medium,"#N/A",New,Subject_rjeov,"#N/A","#N/A","#N/A","#N/A","#N/A"
fa054ab2-b201-489a-a835-188ccea4c8d8,"#N/A","#N/A",false,Web,"#N/A","#N/A",Medium,"#N/A",New,Subject_jgcmo,"#N/A","#N/A","#N/A","#N/A","#N/A"
fa0744ef-a4d0-4024-9f58-42448e255331,"#N/A","#N/A",false,Web,"#N/A","#N/A",Medium,"#N/A",New,Subject_omgdc,"#N/A","#N/A","#N/A","#N/A","#N/A"
fa09a903-60a3-451b-a1b1-75bbc37720e3,"#N/A","#N/A",false,Web,"#N/A","#N/A",Medium,"#N/A",New,Subject_dywzi,"#N/A","#N/A","#N/A","#N/A","#N/A"
fa0c34f4-ba76-49e4-8ec9-9648ae2be42f,"#N/A","#N/A",false,Web,"#N/A","#N/A",Medium,"#N/A",New,Subject_dlzkd,"#N/A","#N/A","#N/A","#N/A","#N/A"
fa0d626c-ce81-4598-9b17-a3ded7c405cc,"#N/A","#N/A",false,Web,"#N/A","#N/A",Medium,"#N/A",New,Subject_xeaad,"#N/A","#N/A","#N/A","#N/A","#N/A"
fa0d85e0-4f5b-4fdf-a94f-d64ea4d48c3e,"#N/A","#N/A",false,Web,"#N/A","#N/A",Medium,"#N/A",New,Subject_kuqqr,"#N/A","#N/A","#N/A","#N/A","#N/A"
fa0fa2ea-99eb-4964-9d36-34ee1f428e8e,"#N/A","#N/A",false,Web,"#N/A","#N/A",Medium,"#N/A",New,Subject_sjzic,"#N/A","#N/A","#N/A","#N/A","#N/A"
fa0fca59-f26f-4c89-a49d-a5a2ae5c3d63,"#N/A","#N/A",false,Web,"#N/A","#N/A",Medium,"#N/A",New,Subject_xsqeb,"#N/A","#N/A","#N/A","#N/A","#N/A"
fa163b55-3f23-4b44-8d74-16a6130ecb4e,"#N/A","#N/A",false,Web,"#N/A","#N/A",Medium,"#N/A",New,Subject_disby,"#N/A","#N/A","#N/A","#N/A","#N/A"
fa1fb82c-7b86-42bd-8118-e625bcc8f71d,"#N/A","#N/A",false,Web,"#N/A","#N/A",Medium,"#N/A",New,Subject_uamsa,"#N/A","#N/A","#N/A","#N/A","#N/A"
fa225d12-fb7e-472d-9614-16493897b2d0,"#N/A","#N/A",false,Web,"#N/A","#N/A",Medium,"#N/A",New,Subject_atfkj,"#N/A","#N/A","#N/A","#N/A","#N/A"
fa24daca-e076-42fb-bf28-157cb6905efa,"#N/A","#N/A",false,Web,"#N/A","#N/A",Medium,"#N/A",New,Subject_eblhe,"#N/A","#N/A","#N/A","#N/A","#N/A"
fa27354c-c031-464e-b669-9da8473b76cd,"#N/A","#N/A",false,Web,"#N/A","#N/A",Medium,"#N/A",New,Subject_djlxc,"#N/A","#N/A","#N/A","#N/A","#N/A"
fa2cfa63-3307-48a2-90bd-b7197fae2764,"#N/A","#N/A",false,Web,"#N/A","#N/A",Medium,"#N/A",New,Subject_wuvfm,"#N/A","#N/A","#N/A","#N/A","#N/A"
fa2e5885-c594-4605-83eb-0f89fe1c1182,"#N/A","#N/A",false,Web,"#N/A","#N/A",Medium,"#N/A",New,Subject_gyqzf,"#N/A","#N/A","#N/A","#N/A","#N/A"
fa31bbd4-ab87-4e73-964a-0d8a2f4b25c4,"#N/A","#N/A",false,Web,"#N/A","#N/A",Medium,"#N/A",New,Subject_mlpfm,"#N/A","#N/A","#N/A","#N/A","#N/A"
fa31e95c-1d87-4a3d-88b7-39e4a93d7db1,"#N/A","#N/A",false,Web,"#N/A","#N/A",Medium,"#N/A",New,Subject_djiwv,"#N/A","#N/A","#N/A","#N/A","#N/A"
fa3231e9-17c3-4308-baf4-951d6d04a4fe,"#N/A","#N/A",false,Web,"#N/A","#N/A",Medium,"#N/A",New,Subject_qecxk,"#N/A","#N/A","#N/A","#N/A","#N/A"
fa3751fe-1a48-44b7-aa58-0f01475126ca,"#N/A","#N/A",false,Web,"#N/A","#N/A",Medium,"#N/A",New,Subject_itfmf,"#N/A","#N/A","#N/A","#N/A","#N/A"
fa3c907d-e082-4b39-98cf-c92f9885fe2c,"#N/A","#N/A",false,Web,"#N/A","#N/A",Medium,"#N/A",New,Subject_kpzqq,"#N/A","#N/A","#N/A","#N/A","#N/A"
fa3e37bf-8a31-4c1a-9fc2-731824eb1328,"#N/A","#N/A",false,Web,"#N/A","#N/A",Medium,"#N/A",New,Subject_uqrue,"#N/A","#N/A","#N/A","#N/A","#N/A"
fa45d0bb-dc51-44f2-be06-dddc6da095f3,"#N/A","#N/A",false,Web,"#N/A","#N/A",Medium,"#N/A",New,Subject_uwpcp,"#N/A","#N/A","#N/A","#N/A","#N/A"
fa475781-4f2b-4d93-9226-2b226f9fcd67,"#N/A","#N/A",false,Web,"#N/A","#N/A",Medium,"#N/A",New,Subject_btggc,"#N/A","#N/A","#N/A","#N/A","#N/A"
fa48f622-3395-4a79-a452-54bd5fef9f4f,"#N/A","#N/A",false,Web,"#N/A","#N/A",Medium,"#N/A",New,Subject_mfbwt,"#N/A","#N/A","#N/A","#N/A","#N/A"
fa4aafc3-3495-4663-b9f0-f7a7e8f5dc33,"#N/A","#N/A",false,Web,"#N/A","#N/A",Medium,"#N/A",New,Subject_oijfv,"#N/A","#N/A","#N/A","#N/A","#N/A"
fa4ac8c0-9fad-485d-a4a1-0f0dca4811c1,"#N/A","#N/A",false,Web,"#N/A","#N/A",Medium,"#N/A",New,Subject_lydpc,"#N/A","#N/A","#N/A","#N/A","#N/A"
fa4eefc6-5c34-461b-b525-7dd6148a3912,"#N/A","#N/A",false,Web,"#N/A","#N/A",Medium,"#N/A",New,Subject_btrfc,"#N/A","#N/A","#N/A","#N/A","#N/A"
fa5216ac-5a18-419d-aa02-2a4471dde04b,"#N/A","#N/A",false,Web,"#N/A","#N/A",Medium,"#N/A",New,Subject_argjs,"#N/A","#N/A","#N/A","#N/A","#N/A"
fa532838-4eb7-40b0-bd2b-c84bfb3441fc,"#N/A","#N/A",false,Web,"#N/A","#N/A",Medium,"#N/A",New,Subject_lauzp,"#N/A","#N/A","#N/A","#N/A","#N/A"
fa54073c-5352-4233-8e3d-335998a290a6,"#N/A","#N/A",false,Web,"#N/A","#N/A",Medium,"#N/A",New,Subject_fegmd,"#N/A","#N/A","#N/A","#N/A","#N/A"
fa56c5c5-e99a-40a3-90d0-b65aeb628dd1,"#N/A","#N/A",false,Web,"#N/A","#N/A",Medium,"#N/A",New,Subject_lfvps,"#N/A","#N/A","#N/A","#N/A","#N/A"
fa58e7da-5f13-4c62-953d-ed87ce37ad2a,"#N/A","#N/A",false,Web,"#N/A","#N/A",Medium,"#N/A",New,Subject_aexhn,"#N/A","#N/A","#N/A","#N/A","#N/A"
fa593b33-43c0-4865-8c07-95e5181ff2f0,"#N/A","#N/A",false,Web,"#N/A","#N/A",Medium,"#N/A",New,Subject_qeiou,"#N/A","#N/A","#N/A","#N/A","#N/A"
fa5ab968-5a06-477a-820d-b21fdd7e0196,"#N/A","#N/A",false,Web,"#N/A","#N/A",Medium,"#N/A",New,Subject_jqnkf,"#N/A","#N/A","#N/A","#N/A","#N/A"
fa5c21ea-2f57-45fe-81b6-b4bf95824637,"#N/A","#N/A",false,Web,"#N/A","#N/A",Medium,"#N/A",New,Subject_ijjlc,"#N/A","#N/A","#N/A","#N/A","#N/A"
fa5e0db7-e2a7-40de-8eb6-3b2876ae8086,"#N/A","#N/A",false,Web,"#N/A","#N/A",Medium,"#N/A",New,Subject_xksyq,"#N/A","#N/A","#N/A","#N/A","#N/A"
fa5ec46b-0f10-4313-b550-ec52f661271e,"#N/A","#N/A",false,Web,"#N/A","#N/A",Medium,"#N/A",New,Subject_mzbci,"#N/A","#N/A","#N/A","#N/A","#N/A"
fa609d8c-78b4-4fc1-a337-e291faa8db2a,"#N/A","#N/A",false,Web,"#N/A","#N/A",Medium,"#N/A",New,Subject_xmmxx,"#N/A","#N/A","#N/A","#N/A","#N/A"
fa62dcbc-4ca1-4001-8947-d38efbfe78bd,"#N/A","#N/A",false,Web,"#N/A","#N/A",Medium,"#N/A",New,Subject_pdfkb,"#N/A","#N/A","#N/A","#N/A","#N/A"
fa652fe6-2008-4abc-ad4c-8cf503e77708,"#N/A","#N/A",false,Web,"#N/A","#N/A",Medium,"#N/A",New,Subject_lbphz,"#N/A","#N/A","#N/A","#N/A","#N/A"
fa6581fb-8923-47d9-98c1-44c0ba5afa48,"#N/A","#N/A",false,Web,"#N/A","#N/A",Medium,"#N/A",New,Subject_jasna,"#N/A","#N/A","#N/A","#N/A","#N/A"
fa65db6a-84e1-4c4f-af05-b93619da0e21,"#N/A","#N/A",false,Web,"#N/A","#N/A",Medium,"#N/A",New,Subject_allhw,"#N/A","#N/A","#N/A","#N/A","#N/A"
fa678bb7-8d26-434a-a4b3-8de8941684a6,"#N/A","#N/A",false,Web,"#N/A","#N/A",Medium,"#N/A",New,Subject_cunyu,"#N/A","#N/A","#N/A","#N/A","#N/A"
fa67f9cd-080f-4509-8d1e-d577f1f7ae50,"#N/A","#N/A",false,Web,"#N/A","#N/A",Medium,"#N/A",New,Subject_awuxx,"#N/A","#N/A","#N/A","#N/A","#N/A"
fa6ce9f0-87b8-40f8-9de1-f5866b3f2863,"#N/A","#N/A",false,Web,"#N/A","#N/A",Medium,"#N/A",New,Subject_mzjrx,"#N/A","#N/A","#N/A","#N/A","#N/A"
fa71a641-df85-4615-ab2c-a00960c6b541,"#N/A","#N/A",false,Web,"#N/A","#N/A",Medium,"#N/A",New,Subject_nrdtj,"#N/A","#N/A","#N/A","#N/A","#N/A"
fa71efc0-3ddc-4623-9753-3b7bf5821986,"#N/A","#N/A",false,Web,"#N/A","#N/A",Medium,"#N/A",New,Subject_uvydh,"#N/A","#N/A","#N/A","#N/A","#N/A"
fa7208a8-0dec-4906-acc1-328e5397b975,"#N/A","#N/A",false,Web,"#N/A","#N/A",Medium,"#N/A",New,Subject_yztsg,"#N/A","#N/A","#N/A","#N/A","#N/A"
fa74b880-436e-44d3-a43e-4c73b86bbb62,"#N/A","#N/A",false,Web,"#N/A","#N/A",Medium,"#N/A",New,Subject_lxvnf,"#N/A","#N/A","#N/A","#N/A","#N/A"
fa7721ed-e01c-428a-8ef9-783afc5200f3,"#N/A","#N/A",false,Web,"#N/A","#N/A",Medium,"#N/A",New,Subject_oqbuk,"#N/A","#N/A","#N/A","#N/A","#N/A"
fa7777da-9b54-426e-9780-9881df420b0f,"#N/A","#N/A",false,Web,"#N/A","#N/A",Medium,"#N/A",New,Subject_bahtj,"#N/A","#N/A","#N/A","#N/A","#N/A"
fa7a896d-01d6-44ce-a7f0-600a0ccd4b16,"#N/A","#N/A",false,Web,"#N/A","#N/A",Medium,"#N/A",New,Subject_bwjpb,"#N/A","#N/A","#N/A","#N/A","#N/A"
fa7ae145-67fd-46e6-a679-e35705861885,"#N/A","#N/A",false,Web,"#N/A","#N/A",Medium,"#N/A",New,Subject_sihnv,"#N/A","#N/A","#N/A","#N/A","#N/A"
fa7cc781-89ac-46e4-83d2-0a4b3d85db6c,"#N/A","#N/A",false,Web,"#N/A","#N/A",Medium,"#N/A",New,Subject_fulst,"#N/A","#N/A","#N/A","#N/A","#N/A"
fa7d75bd-5ca2-43e5-b92f-61efcc2c1743,"#N/A","#N/A",false,Web,"#N/A","#N/A",Medium,"#N/A",New,Subject_jjznh,"#N/A","#N/A","#N/A","#N/A","#N/A"
fa7f87bb-8c1c-411f-a067-b9cb254f4d57,"#N/A","#N/A",false,Web,"#N/A","#N/A",Medium,"#N/A",New,Subject_ohclg,"#N/A","#N/A","#N/A","#N/A","#N/A"
fa82f81b-9c1a-4c6c-85ae-648ba5fad9d6,"#N/A","#N/A",false,Web,"#N/A","#N/A",Medium,"#N/A",New,Subject_lhquy,"#N/A","#N/A","#N/A","#N/A","#N/A"
fa830cdb-6735-494b-8052-fadaa109dd34,"#N/A","#N/A",false,Web,"#N/A","#N/A",Medium,"#N/A",New,Subject_albsl,"#N/A","#N/A","#N/A","#N/A","#N/A"
fa86667b-9e28-48f2-9a6d-d3f5e50bcf26,"#N/A","#N/A",false,Web,"#N/A","#N/A",Medium,"#N/A",New,Subject_hayok,"#N/A","#N/A","#N/A","#N/A","#N/A"
fa89309a-8c0a-4d3d-941a-c9725a952b09,"#N/A","#N/A",false,Web,"#N/A","#N/A",Medium,"#N/A",New,Subject_pxxbn,"#N/A","#N/A","#N/A","#N/A","#N/A"
fa897ec2-14fe-4449-8cec-83edce1da277,"#N/A","#N/A",false,Web,"#N/A","#N/A",Medium,"#N/A",New,Subject_hvjeo,"#N/A","#N/A","#N/A","#N/A","#N/A"
fa89ea2f-1ec8-4b49-acf1-ff83118871c3,"#N/A","#N/A",false,Web,"#N/A","#N/A",Medium,"#N/A",New,Subject_vqjog,"#N/A","#N/A","#N/A","#N/A","#N/A"
fa8bde38-7832-4196-9661-8692e275dd00,"#N/A","#N/A",false,Web,"#N/A","#N/A",Medium,"#N/A",New,Subject_utsrw,"#N/A","#N/A","#N/A","#N/A","#N/A"
fa938e0b-93a4-4441-98d4-20fd9ce6aa7c,"#N/A","#N/A",false,Web,"#N/A","#N/A",Medium,"#N/A",New,Subject_aolru,"#N/A","#N/A","#N/A","#N/A","#N/A"
fa94e1e6-64c4-47e0-b867-7424a9ac1020,"#N/A","#N/A",false,Web,"#N/A","#N/A",Medium,"#N/A",New,Subject_hwzcz,"#N/A","#N/A","#N/A","#N/A","#N/A"
fa9606eb-3896-44fc-9392-727f57d34147,"#N/A","#N/A",false,Web,"#N/A","#N/A",Medium,"#N/A",New,Subject_kmdrk,"#N/A","#N/A","#N/A","#N/A","#N/A"
fa981d30-6e3c-471b-9553-ff308ff4eb24,"#N/A","#N/A",false,Web,"#N/A","#N/A",Medium,"#N/A",New,Subject_ibpio,"#N/A","#N/A","#N/A","#N/A","#N/A"
fa9f128a-4d39-41d8-b666-cefbdf9a239e,"#N/A","#N/A",false,Web,"#N/A","#N/A",Medium,"#N/A",New,Subject_juyod,"#N/A","#N/A","#N/A","#N/A","#N/A"
fa9f4174-7b56-47b1-990c-946fc820adac,"#N/A","#N/A",false,Web,"#N/A","#N/A",Medium,"#N/A",New,Subject_zfkor,"#N/A","#N/A","#N/A","#N/A","#N/A"
faa11b04-90a5-4980-9300-62dcf96e3a43,"#N/A","#N/A",false,Web,"#N/A","#N/A",Medium,"#N/A",New,Subject_ntcro,"#N/A","#N/A","#N/A","#N/A","#N/A"
faa6fe52-9e1d-449a-bd1f-eb6cbefded90,"#N/A","#N/A",false,Web,"#N/A","#N/A",Medium,"#N/A",New,Subject_riyoo,"#N/A","#N/A","#N/A","#N/A","#N/A"
faa75ebc-91f8-4c3a-bb16-26b88921d65f,"#N/A","#N/A",false,Web,"#N/A","#N/A",Medium,"#N/A",New,Subject_ylaon,"#N/A","#N/A","#N/A","#N/A","#N/A"
faa89896-279d-4054-b603-0302d96684f0,"#N/A","#N/A",false,Web,"#N/A","#N/A",Medium,"#N/A",New,Subject_mzemk,"#N/A","#N/A","#N/A","#N/A","#N/A"
faaa172e-7d4d-4bad-b0ec-ea2dd2d165f8,"#N/A","#N/A",false,Web,"#N/A","#N/A",Medium,"#N/A",New,Subject_uvzqk,"#N/A","#N/A","#N/A","#N/A","#N/A"
fab3d8bf-394e-4f98-8cf4-f0d52b9fdcfb,"#N/A","#N/A",false,Web,"#N/A","#N/A",Medium,"#N/A",New,Subject_okjhg,"#N/A","#N/A","#N/A","#N/A","#N/A"
fabeff60-6160-45bf-8c17-c281a74c87ea,"#N/A","#N/A",false,Web,"#N/A","#N/A",Medium,"#N/A",New,Subject_uvqxd,"#N/A","#N/A","#N/A","#N/A","#N/A"
fac5237a-f8b9-4282-9380-ccc0e7432241,"#N/A","#N/A",false,Web,"#N/A","#N/A",Medium,"#N/A",New,Subject_jsrfq,"#N/A","#N/A","#N/A","#N/A","#N/A"
fac6de40-626d-4d10-bf4f-8864e585b583,"#N/A","#N/A",false,Web,"#N/A","#N/A",Medium,"#N/A",New,Subject_akfhb,"#N/A","#N/A","#N/A","#N/A","#N/A"
facc13a1-7b25-437a-9206-303f128fe346,"#N/A","#N/A",false,Web,"#N/A","#N/A",Medium,"#N/A",New,Subject_pykkx,"#N/A","#N/A","#N/A","#N/A","#N/A"
facd0f38-4377-489c-83ae-32a759b300c1,"#N/A","#N/A",false,Web,"#N/A","#N/A",Medium,"#N/A",New,Subject_wtgyn,"#N/A","#N/A","#N/A","#N/A","#N/A"
facee342-c21d-4258-9074-6b6301f0c624,"#N/A","#N/A",false,Web,"#N/A","#N/A",Medium,"#N/A",New,Subject_bbnhv,"#N/A","#N/A","#N/A","#N/A","#N/A"
fad4a3f7-9982-4d93-85e2-29ef888bf685,"#N/A","#N/A",false,Web,"#N/A","#N/A",Medium,"#N/A",New,Subject_cgvki,"#N/A","#N/A","#N/A","#N/A","#N/A"
fad5e542-cb24-4ebc-aa6b-33d3e103064f,"#N/A","#N/A",false,Web,"#N/A","#N/A",Medium,"#N/A",New,Subject_qkzix,"#N/A","#N/A","#N/A","#N/A","#N/A"
fad93b9e-2ae8-4585-9efa-03ffae615908,"#N/A","#N/A",false,Web,"#N/A","#N/A",Medium,"#N/A",New,Subject_awyqo,"#N/A","#N/A","#N/A","#N/A","#N/A"
fada5a87-3f06-4ed0-8f55-b792d97112ef,"#N/A","#N/A",false,Web,"#N/A","#N/A",Medium,"#N/A",New,Subject_ehugy,"#N/A","#N/A","#N/A","#N/A","#N/A"
fae0f5d0-d992-41f5-8ead-0c19dd8e3803,"#N/A","#N/A",false,Web,"#N/A","#N/A",Medium,"#N/A",New,Subject_fgcjn,"#N/A","#N/A","#N/A","#N/A","#N/A"
fae4bcda-e9a1-4521-9214-1866be9c5f92,"#N/A","#N/A",false,Web,"#N/A","#N/A",Medium,"#N/A",New,Subject_jdzxk,"#N/A","#N/A","#N/A","#N/A","#N/A"
fae55a16-1958-4501-b8e6-3989d73a2f8d,"#N/A","#N/A",false,Web,"#N/A","#N/A",Medium,"#N/A",New,Subject_pazry,"#N/A","#N/A","#N/A","#N/A","#N/A"
fae591e2-e280-4377-8414-e371c30fc4d0,"#N/A","#N/A",false,Web,"#N/A","#N/A",Medium,"#N/A",New,Subject_bsgfe,"#N/A","#N/A","#N/A","#N/A","#N/A"
fae8bc16-d3e1-409e-9559-c5d494c4f314,"#N/A","#N/A",false,Web,"#N/A","#N/A",Medium,"#N/A",New,Subject_vrcbg,"#N/A","#N/A","#N/A","#N/A","#N/A"
fae9b1ec-74ff-44eb-bb71-cefa979b7642,"#N/A","#N/A",false,Web,"#N/A","#N/A",Medium,"#N/A",New,Subject_tdwrw,"#N/A","#N/A","#N/A","#N/A","#N/A"
faea678d-bcc0-4c8d-8697-47b83bc5e4b4,"#N/A","#N/A",false,Web,"#N/A","#N/A",Medium,"#N/A",New,Subject_shmvh,"#N/A","#N/A","#N/A","#N/A","#N/A"
faf30970-4e9a-40c2-a70a-8cd5ed01cf19,"#N/A","#N/A",false,Web,"#N/A","#N/A",Medium,"#N/A",New,Subject_oarvv,"#N/A","#N/A","#N/A","#N/A","#N/A"
faf38c2c-4935-40af-b8ec-5451ef1f175e,"#N/A","#N/A",false,Web,"#N/A","#N/A",Medium,"#N/A",New,Subject_ijzso,"#N/A","#N/A","#N/A","#N/A","#N/A"
faf4e3c8-eb40-417f-bb57-1f0c676f088f,"#N/A","#N/A",false,Web,"#N/A","#N/A",Medium,"#N/A",New,Subject_lafuy,"#N/A","#N/A","#N/A","#N/A","#N/A"
faf76e03-4169-4408-bd5e-35ec40bcbaa9,"#N/A","#N/A",false,Web,"#N/A","#N/A",Medium,"#N/A",New,Subject_mkzvq,"#N/A","#N/A","#N/A","#N/A","#N/A"
faf773d0-ab3e-4a6a-b45f-683a292d1800,"#N/A","#N/A",false,Web,"#N/A","#N/A",Medium,"#N/A",New,Subject_tyisj,"#N/A","#N/A","#N/A","#N/A","#N/A"
faf918e4-7483-4b1c-8f84-c6135c24695b,"#N/A","#N/A",false,Web,"#N/A","#N/A",Medium,"#N/A",New,Subject_aerbn,"#N/A","#N/A","#N/A","#N/A","#N/A"
fb000404-cafb-43db-942d-c67f59e756cd,"#N/A","#N/A",false,Web,"#N/A","#N/A",Medium,"#N/A",New,Subject_uqedm,"#N/A","#N/A","#N/A","#N/A","#N/A"
fb042914-40ae-46cc-bcdc-fce43c82d1bc,"#N/A","#N/A",false,Web,"#N/A","#N/A",Medium,"#N/A",New,Subject_kdlhz,"#N/A","#N/A","#N/A","#N/A","#N/A"
fb048133-c209-4b29-8ee7-7c472b4d9d41,"#N/A","#N/A",false,Web,"#N/A","#N/A",Medium,"#N/A",New,Subject_hbjpg,"#N/A","#N/A","#N/A","#N/A","#N/A"
fb04ce9d-b0bf-43bd-ada6-bc70ab1aaac1,"#N/A","#N/A",false,Web,"#N/A","#N/A",Medium,"#N/A",New,Subject_pxnvf,"#N/A","#N/A","#N/A","#N/A","#N/A"
fb053d40-c173-4a15-bd4f-f875836f5127,"#N/A","#N/A",false,Web,"#N/A","#N/A",Medium,"#N/A",New,Subject_xollj,"#N/A","#N/A","#N/A","#N/A","#N/A"
fb056995-d828-4fff-a8ce-5ad88bd3c923,"#N/A","#N/A",false,Web,"#N/A","#N/A",Medium,"#N/A",New,Subject_cbkui,"#N/A","#N/A","#N/A","#N/A","#N/A"
fb098d12-c8be-4409-b483-fd8512745f16,"#N/A","#N/A",false,Web,"#N/A","#N/A",Medium,"#N/A",New,Subject_mqjnp,"#N/A","#N/A","#N/A","#N/A","#N/A"
fb105588-563b-4905-81c0-7e31953ae0d9,"#N/A","#N/A",false,Web,"#N/A","#N/A",Medium,"#N/A",New,Subject_snezj,"#N/A","#N/A","#N/A","#N/A","#N/A"
fb117ea0-0755-49ea-8142-648c300370c7,"#N/A","#N/A",false,Web,"#N/A","#N/A",Medium,"#N/A",New,Subject_dvnbm,"#N/A","#N/A","#N/A","#N/A","#N/A"
fb13adf7-ea47-48e9-900d-badeefee3b20,"#N/A","#N/A",false,Web,"#N/A","#N/A",Medium,"#N/A",New,Subject_mgcsv,"#N/A","#N/A","#N/A","#N/A","#N/A"
fb15222c-0b0f-4b82-ae15-8f55ea8ba02c,"#N/A","#N/A",false,Web,"#N/A","#N/A",Medium,"#N/A",New,Subject_lcvxy,"#N/A","#N/A","#N/A","#N/A","#N/A"
fb189c8f-5ee7-47c1-aca8-5f39a766b62c,"#N/A","#N/A",false,Web,"#N/A","#N/A",Medium,"#N/A",New,Subject_uccvh,"#N/A","#N/A","#N/A","#N/A","#N/A"
fb1afad9-a002-4228-b2b0-e6c33454be6f,"#N/A","#N/A",false,Web,"#N/A","#N/A",Medium,"#N/A",New,Subject_yeaaq,"#N/A","#N/A","#N/A","#N/A","#N/A"
fb1f18bb-a63f-4c6f-a589-9577887f95a4,"#N/A","#N/A",false,Web,"#N/A","#N/A",Medium,"#N/A",New,Subject_ndvii,"#N/A","#N/A","#N/A","#N/A","#N/A"
fb1fe6fd-3262-4933-a064-26cfa9775792,"#N/A","#N/A",false,Web,"#N/A","#N/A",Medium,"#N/A",New,Subject_weehw,"#N/A","#N/A","#N/A","#N/A","#N/A"
fb20565a-e40b-477f-9ed3-90ef9b6c217c,"#N/A","#N/A",false,Web,"#N/A","#N/A",Medium,"#N/A",New,Subject_glzyp,"#N/A","#N/A","#N/A","#N/A","#N/A"
fb242d89-f43a-4bf5-9e11-dd2d2ea83a5a,"#N/A","#N/A",false,Web,"#N/A","#N/A",Medium,"#N/A",New,Subject_zqrdc,"#N/A","#N/A","#N/A","#N/A","#N/A"
fb2501e8-b123-446c-afcc-a263b35c6a1e,"#N/A","#N/A",false,Web,"#N/A","#N/A",Medium,"#N/A",New,Subject_hpqua,"#N/A","#N/A","#N/A","#N/A","#N/A"
fb250e6a-b705-47f1-a426-fbcb142dd306,"#N/A","#N/A",false,Web,"#N/A","#N/A",Medium,"#N/A",New,Subject_ztttl,"#N/A","#N/A","#N/A","#N/A","#N/A"
fb2d2ccb-c740-43b5-8d37-56d3c83ccfa5,"#N/A","#N/A",false,Web,"#N/A","#N/A",Medium,"#N/A",New,Subject_jopua,"#N/A","#N/A","#N/A","#N/A","#N/A"
fb2eea1e-8851-4305-a0d5-8646d418d562,"#N/A","#N/A",false,Web,"#N/A","#N/A",Medium,"#N/A",New,Subject_jaanp,"#N/A","#N/A","#N/A","#N/A","#N/A"
fb32484e-6c28-4c1f-967a-a1097484b56b,"#N/A","#N/A",false,Web,"#N/A","#N/A",Medium,"#N/A",New,Subject_rtpkn,"#N/A","#N/A","#N/A","#N/A","#N/A"
fb3404f1-b82a-4b9b-b835-f6f106e06d88,"#N/A","#N/A",false,Web,"#N/A","#N/A",Medium,"#N/A",New,Subject_fteqd,"#N/A","#N/A","#N/A","#N/A","#N/A"
fb344940-84da-4411-a136-26d1b2394408,"#N/A","#N/A",false,Web,"#N/A","#N/A",Medium,"#N/A",New,Subject_uehgn,"#N/A","#N/A","#N/A","#N/A","#N/A"
fb38bcc7-c7a0-4e92-9c67-428baa41abf5,"#N/A","#N/A",false,Web,"#N/A","#N/A",Medium,"#N/A",New,Subject_wmumm,"#N/A","#N/A","#N/A","#N/A","#N/A"
fb3a00f3-f03c-48eb-b505-a6d74a2e5db9,"#N/A","#N/A",false,Web,"#N/A","#N/A",Medium,"#N/A",New,Subject_vkimp,"#N/A","#N/A","#N/A","#N/A","#N/A"
fb3b94cf-dbc0-4e83-b438-e6224d88cc21,"#N/A","#N/A",false,Web,"#N/A","#N/A",Medium,"#N/A",New,Subject_bdumb,"#N/A","#N/A","#N/A","#N/A","#N/A"
fb3e05b5-3f13-4859-96d4-fe1b336ecd18,"#N/A","#N/A",false,Web,"#N/A","#N/A",Medium,"#N/A",New,Subject_rxxuy,"#N/A","#N/A","#N/A","#N/A","#N/A"
fb3ff955-7cc0-40b7-ac97-f0bada93deff,"#N/A","#N/A",false,Web,"#N/A","#N/A",Medium,"#N/A",New,Subject_lpanq,"#N/A","#N/A","#N/A","#N/A","#N/A"
fb438ba8-46d6-4b9c-bc51-a587a4534266,"#N/A","#N/A",false,Web,"#N/A","#N/A",Medium,"#N/A",New,Subject_nlglv,"#N/A","#N/A","#N/A","#N/A","#N/A"
fb43ea01-47f7-44a6-a86c-a8b628c3b58d,"#N/A","#N/A",false,Web,"#N/A","#N/A",Medium,"#N/A",New,Subject_wavzl,"#N/A","#N/A","#N/A","#N/A","#N/A"
fb468f11-dd32-4eaa-922e-6becd9ccfdbd,"#N/A","#N/A",false,Web,"#N/A","#N/A",Medium,"#N/A",New,Subject_jqccy,"#N/A","#N/A","#N/A","#N/A","#N/A"
fb4811e9-9255-4a13-b72d-55627efad830,"#N/A","#N/A",false,Web,"#N/A","#N/A",Medium,"#N/A",New,Subject_uxmte,"#N/A","#N/A","#N/A","#N/A","#N/A"
fb485674-18cc-4db7-b61f-28a0b2cebce6,"#N/A","#N/A",false,Web,"#N/A","#N/A",Medium,"#N/A",New,Subject_elkhe,"#N/A","#N/A","#N/A","#N/A","#N/A"
fb4ac5fd-02df-406e-af35-e3687ae40d72,"#N/A","#N/A",false,Web,"#N/A","#N/A",Medium,"#N/A",New,Subject_juohl,"#N/A","#N/A","#N/A","#N/A","#N/A"
fb4b47e5-967a-4bcf-b683-e9b612b1a5d7,"#N/A","#N/A",false,Web,"#N/A","#N/A",Medium,"#N/A",New,Subject_zmxep,"#N/A","#N/A","#N/A","#N/A","#N/A"
fb4e2a2a-7d4e-40f4-ae84-ce83c96d777c,"#N/A","#N/A",false,Web,"#N/A","#N/A",Medium,"#N/A",New,Subject_horto,"#N/A","#N/A","#N/A","#N/A","#N/A"
fb540407-5c19-490d-861e-1838e94f40de,"#N/A","#N/A",false,Web,"#N/A","#N/A",Medium,"#N/A",New,Subject_foynh,"#N/A","#N/A","#N/A","#N/A","#N/A"
fb569637-73ec-456d-a565-c3cbba813d68,"#N/A","#N/A",false,Web,"#N/A","#N/A",Medium,"#N/A",New,Subject_frvov,"#N/A","#N/A","#N/A","#N/A","#N/A"
fb5867a1-6eb4-465f-9e8a-ca62e48261a3,"#N/A","#N/A",false,Web,"#N/A","#N/A",Medium,"#N/A",New,Subject_gazzs,"#N/A","#N/A","#N/A","#N/A","#N/A"
fb58bf54-207b-4508-a39f-a22d8d79a470,"#N/A","#N/A",false,Web,"#N/A","#N/A",Medium,"#N/A",New,Subject_lzojf,"#N/A","#N/A","#N/A","#N/A","#N/A"
fb5c5f94-ec82-4356-8fcf-5b41ecd5360a,"#N/A","#N/A",false,Web,"#N/A","#N/A",Medium,"#N/A",New,Subject_qwgln,"#N/A","#N/A","#N/A","#N/A","#N/A"
fb5cd8d0-a371-4c0e-99df-76824779192f,"#N/A","#N/A",false,Web,"#N/A","#N/A",Medium,"#N/A",New,Subject_apizq,"#N/A","#N/A","#N/A","#N/A","#N/A"
fb5d32ee-06d0-45df-9f7a-aeeea10878ca,"#N/A","#N/A",false,Web,"#N/A","#N/A",Medium,"#N/A",New,Subject_swkja,"#N/A","#N/A","#N/A","#N/A","#N/A"
fb63227f-fb94-43dd-8908-dbfb869690cc,"#N/A","#N/A",false,Web,"#N/A","#N/A",Medium,"#N/A",New,Subject_frfgw,"#N/A","#N/A","#N/A","#N/A","#N/A"
fb66983d-9922-47fe-a86e-5cc44c6befbe,"#N/A","#N/A",false,Web,"#N/A","#N/A",Medium,"#N/A",New,Subject_zbdnn,"#N/A","#N/A","#N/A","#N/A","#N/A"
fb6c141a-c503-4045-a436-eac550944cb4,"#N/A","#N/A",false,Web,"#N/A","#N/A",Medium,"#N/A",New,Subject_wsshc,"#N/A","#N/A","#N/A","#N/A","#N/A"
fb6ca2c5-0d1e-4a3e-bbe7-1cfd16ac591b,"#N/A","#N/A",false,Web,"#N/A","#N/A",Medium,"#N/A",New,Subject_mpehm,"#N/A","#N/A","#N/A","#N/A","#N/A"
fb6fdd67-f778-4a0e-97cf-db883c826cee,"#N/A","#N/A",false,Web,"#N/A","#N/A",Medium,"#N/A",New,Subject_byvsr,"#N/A","#N/A","#N/A","#N/A","#N/A"
fb6ffc8e-cea9-4169-9283-23a4b85f9942,"#N/A","#N/A",false,Web,"#N/A","#N/A",Medium,"#N/A",New,Subject_kbvxh,"#N/A","#N/A","#N/A","#N/A","#N/A"
fb7401bb-23e9-4e2b-a025-2dbd9555c9ec,"#N/A","#N/A",false,Web,"#N/A","#N/A",Medium,"#N/A",New,Subject_shmvh,"#N/A","#N/A","#N/A","#N/A","#N/A"
fb76b055-02b5-4306-a03d-ee04ece0a1e2,"#N/A","#N/A",false,Web,"#N/A","#N/A",Medium,"#N/A",New,Subject_zghus,"#N/A","#N/A","#N/A","#N/A","#N/A"
fb795ce1-3baf-4ae8-aa13-27dc5cf896ad,"#N/A","#N/A",false,Web,"#N/A","#N/A",Medium,"#N/A",New,Subject_ygurb,"#N/A","#N/A","#N/A","#N/A","#N/A"
fb7a1558-0ff4-4b03-951d-958dbefaa508,"#N/A","#N/A",false,Web,"#N/A","#N/A",Medium,"#N/A",New,Subject_kjtwv,"#N/A","#N/A","#N/A","#N/A","#N/A"
fb7a2a90-f202-4c47-9a39-219cb4b1caa3,"#N/A","#N/A",false,Web,"#N/A","#N/A",Medium,"#N/A",New,Subject_hwthu,"#N/A","#N/A","#N/A","#N/A","#N/A"
fb7f793d-1082-4825-8b15-60e6c2d0a687,"#N/A","#N/A",false,Web,"#N/A","#N/A",Medium,"#N/A",New,Subject_upxxg,"#N/A","#N/A","#N/A","#N/A","#N/A"
fb84325c-e0a3-4450-a8fd-f314938faa2b,"#N/A","#N/A",false,Web,"#N/A","#N/A",Medium,"#N/A",New,Subject_jtjxj,"#N/A","#N/A","#N/A","#N/A","#N/A"
fb8484c6-9f80-4309-ae0a-dbab314ba858,"#N/A","#N/A",false,Web,"#N/A","#N/A",Medium,"#N/A",New,Subject_rqxzk,"#N/A","#N/A","#N/A","#N/A","#N/A"
fb888cc2-f55d-4592-96a6-294066d3e3a4,"#N/A","#N/A",false,Web,"#N/A","#N/A",Medium,"#N/A",New,Subject_ldooy,"#N/A","#N/A","#N/A","#N/A","#N/A"
fb8a66e1-4a3f-4a60-9c1b-b97881e1b58c,"#N/A","#N/A",false,Web,"#N/A","#N/A",Medium,"#N/A",New,Subject_yxxvg,"#N/A","#N/A","#N/A","#N/A","#N/A"
fb8c4770-bfa1-4625-b1ce-8fe6fea6dd69,"#N/A","#N/A",false,Web,"#N/A","#N/A",Medium,"#N/A",New,Subject_bqrxp,"#N/A","#N/A","#N/A","#N/A","#N/A"
fb90bbdd-71e0-447d-9fad-e4a84560945d,"#N/A","#N/A",false,Web,"#N/A","#N/A",Medium,"#N/A",New,Subject_sprgt,"#N/A","#N/A","#N/A","#N/A","#N/A"
fb94d8f9-7f99-422c-8d57-165053a51988,"#N/A","#N/A",false,Web,"#N/A","#N/A",Medium,"#N/A",New,Subject_pksgi,"#N/A","#N/A","#N/A","#N/A","#N/A"
fb998294-f249-46db-8ff4-196356bff9cc,"#N/A","#N/A",false,Web,"#N/A","#N/A",Medium,"#N/A",New,Subject_lnupx,"#N/A","#N/A","#N/A","#N/A","#N/A"
fbaa3000-c516-443d-85c9-78a964cf5fd2,"#N/A","#N/A",false,Web,"#N/A","#N/A",Medium,"#N/A",New,Subject_aikys,"#N/A","#N/A","#N/A","#N/A","#N/A"
fbac8f61-758b-49f3-b588-95c668b32795,"#N/A","#N/A",false,Web,"#N/A","#N/A",Medium,"#N/A",New,Subject_rmbwt,"#N/A","#N/A","#N/A","#N/A","#N/A"
fbb0990a-a1c7-4f9b-98bd-51c8f468459b,"#N/A","#N/A",false,Web,"#N/A","#N/A",Medium,"#N/A",New,Subject_plpnc,"#N/A","#N/A","#N/A","#N/A","#N/A"
fbb0f468-ca67-4175-9c44-3308e379365a,"#N/A","#N/A",false,Web,"#N/A","#N/A",Medium,"#N/A",New,Subject_otkil,"#N/A","#N/A","#N/A","#N/A","#N/A"
fbb1ca9a-4908-4593-a0ce-342720cd3855,"#N/A","#N/A",false,Web,"#N/A","#N/A",Medium,"#N/A",New,Subject_tnsac,"#N/A","#N/A","#N/A","#N/A","#N/A"
fbbb9d1d-e274-4d23-bf5e-c9286775928c,"#N/A","#N/A",false,Web,"#N/A","#N/A",Medium,"#N/A",New,Subject_omlpa,"#N/A","#N/A","#N/A","#N/A","#N/A"
fbbc597f-1a04-4d8a-ad32-2320a9d80549,"#N/A","#N/A",false,Web,"#N/A","#N/A",Medium,"#N/A",New,Subject_hbpqv,"#N/A","#N/A","#N/A","#N/A","#N/A"
fbbf8c60-c4bb-43b6-9f4b-38ef1b2306fd,"#N/A","#N/A",false,Web,"#N/A","#N/A",Medium,"#N/A",New,Subject_bpjuk,"#N/A","#N/A","#N/A","#N/A","#N/A"
fbc7a296-8a5e-42da-ad4c-fc6236ce965a,"#N/A","#N/A",false,Web,"#N/A","#N/A",Medium,"#N/A",New,Subject_bsrfy,"#N/A","#N/A","#N/A","#N/A","#N/A"
fbc96e89-5062-4839-9f47-c5d71b610d57,"#N/A","#N/A",false,Web,"#N/A","#N/A",Medium,"#N/A",New,Subject_toyrc,"#N/A","#N/A","#N/A","#N/A","#N/A"
fbca82a1-64e3-4437-a689-ba613bccc3ee,"#N/A","#N/A",false,Web,"#N/A","#N/A",Medium,"#N/A",New,Subject_tcfev,"#N/A","#N/A","#N/A","#N/A","#N/A"
fbccc50a-3c3b-4cb9-835f-db6788c2cac1,"#N/A","#N/A",false,Web,"#N/A","#N/A",Medium,"#N/A",New,Subject_olxgm,"#N/A","#N/A","#N/A","#N/A","#N/A"
fbcd05d1-5f9d-4147-9e79-336163111323,"#N/A","#N/A",false,Web,"#N/A","#N/A",Medium,"#N/A",New,Subject_xuwep,"#N/A","#N/A","#N/A","#N/A","#N/A"
fbcf0fe1-ecc0-44c3-bb66-33d336946815,"#N/A","#N/A",false,Web,"#N/A","#N/A",Medium,"#N/A",New,Subject_nfyff,"#N/A","#N/A","#N/A","#N/A","#N/A"
fbcf940c-c353-4770-8905-d7d230537a41,"#N/A","#N/A",false,Web,"#N/A","#N/A",Medium,"#N/A",New,Subject_anfcv,"#N/A","#N/A","#N/A","#N/A","#N/A"
fbd04c88-3355-40ed-9fb6-6606d984f7d8,"#N/A","#N/A",false,Web,"#N/A","#N/A",Medium,"#N/A",New,Subject_fnzar,"#N/A","#N/A","#N/A","#N/A","#N/A"
fbd05230-762e-42fb-b85e-7f114954e0ea,"#N/A","#N/A",false,Web,"#N/A","#N/A",Medium,"#N/A",New,Subject_sedjc,"#N/A","#N/A","#N/A","#N/A","#N/A"
fbd51107-4d38-4f47-aeea-1c1e8fe85e43,"#N/A","#N/A",false,Web,"#N/A","#N/A",Medium,"#N/A",New,Subject_xkgjr,"#N/A","#N/A","#N/A","#N/A","#N/A"
fbd8d31c-c197-4de1-8a13-ac4cca55b7d8,"#N/A","#N/A",false,Web,"#N/A","#N/A",Medium,"#N/A",New,Subject_mpaxp,"#N/A","#N/A","#N/A","#N/A","#N/A"
fbe07323-2244-4ea3-ad28-de51ee638000,"#N/A","#N/A",false,Web,"#N/A","#N/A",Medium,"#N/A",New,Subject_eutre,"#N/A","#N/A","#N/A","#N/A","#N/A"
fbe423d0-9296-48a6-800f-6131995093d1,"#N/A","#N/A",false,Web,"#N/A","#N/A",Medium,"#N/A",New,Subject_isihh,"#N/A","#N/A","#N/A","#N/A","#N/A"
fbe4f9d3-93f9-4c19-8d19-0144f9b7cb93,"#N/A","#N/A",false,Web,"#N/A","#N/A",Medium,"#N/A",New,Subject_uyekj,"#N/A","#N/A","#N/A","#N/A","#N/A"
fbe50f9e-8051-4f18-a83f-1f7417a85df8,"#N/A","#N/A",false,Web,"#N/A","#N/A",Medium,"#N/A",New,Subject_cichw,"#N/A","#N/A","#N/A","#N/A","#N/A"
fbf0e7f3-f1b6-468e-8e59-d00f8184b1e5,"#N/A","#N/A",false,Web,"#N/A","#N/A",Medium,"#N/A",New,Subject_mclni,"#N/A","#N/A","#N/A","#N/A","#N/A"
fbf2c146-ac0e-4f6f-9f60-79c9d13067be,"#N/A","#N/A",false,Web,"#N/A","#N/A",Medium,"#N/A",New,Subject_typgy,"#N/A","#N/A","#N/A","#N/A","#N/A"
fbf3837a-013d-40a0-b982-9c61c1187a41,"#N/A","#N/A",false,Web,"#N/A","#N/A",Medium,"#N/A",New,Subject_bsnyz,"#N/A","#N/A","#N/A","#N/A","#N/A"
fbf6fd20-2827-4a9e-8d44-404f4f9bc3f9,"#N/A","#N/A",false,Web,"#N/A","#N/A",Medium,"#N/A",New,Subject_hkrfn,"#N/A","#N/A","#N/A","#N/A","#N/A"
fbf7520d-7e21-4f16-b979-1b296645af59,"#N/A","#N/A",false,Web,"#N/A","#N/A",Medium,"#N/A",New,Subject_bjgwj,"#N/A","#N/A","#N/A","#N/A","#N/A"
fbfb85ec-938d-4538-a10b-37d11a1c2e12,"#N/A","#N/A",false,Web,"#N/A","#N/A",Medium,"#N/A",New,Subject_rijqz,"#N/A","#N/A","#N/A","#N/A","#N/A"
fbfbd17f-6028-4744-b3f8-c54561e87937,"#N/A","#N/A",false,Web,"#N/A","#N/A",Medium,"#N/A",New,Subject_vlxdb,"#N/A","#N/A","#N/A","#N/A","#N/A"
fbfc3444-b502-46b8-81fe-b3c77ba3c9ab,"#N/A","#N/A",false,Web,"#N/A","#N/A",Medium,"#N/A",New,Subject_ucayx,"#N/A","#N/A","#N/A","#N/A","#N/A"
fbffeff0-45ac-4661-b3ff-9072783a2573,"#N/A","#N/A",false,Web,"#N/A","#N/A",Medium,"#N/A",New,Subject_tnxtm,"#N/A","#N/A","#N/A","#N/A","#N/A"
fc02db9a-424e-4828-b653-c39a22af2fa6,"#N/A","#N/A",false,Web,"#N/A","#N/A",Medium,"#N/A",New,Subject_wlhel,"#N/A","#N/A","#N/A","#N/A","#N/A"
fc034a21-ba81-4bd0-b129-2d92fa488318,"#N/A","#N/A",false,Web,"#N/A","#N/A",Medium,"#N/A",New,Subject_rdpyl,"#N/A","#N/A","#N/A","#N/A","#N/A"
fc0644b9-3f0b-4480-8a68-054dd1cf7829,"#N/A","#N/A",false,Web,"#N/A","#N/A",Medium,"#N/A",New,Subject_hapib,"#N/A","#N/A","#N/A","#N/A","#N/A"
fc075d72-ac26-4987-bc04-19bc95b8e127,"#N/A","#N/A",false,Web,"#N/A","#N/A",Medium,"#N/A",New,Subject_tlrbr,"#N/A","#N/A","#N/A","#N/A","#N/A"
fc0875c7-6d34-4ece-b5c8-cbecb15692a2,"#N/A","#N/A",false,Web,"#N/A","#N/A",Medium,"#N/A",New,Subject_nkfty,"#N/A","#N/A","#N/A","#N/A","#N/A"
fc0fb479-3649-4a62-921f-24df2df89a50,"#N/A","#N/A",false,Web,"#N/A","#N/A",Medium,"#N/A",New,Subject_eyorj,"#N/A","#N/A","#N/A","#N/A","#N/A"
fc14a656-aeda-4af3-acd4-4ae6df767ba5,"#N/A","#N/A",false,Web,"#N/A","#N/A",Medium,"#N/A",New,Subject_wkdgp,"#N/A","#N/A","#N/A","#N/A","#N/A"
fc16e057-f9d7-47bb-a7f4-ee8e31180259,"#N/A","#N/A",false,Web,"#N/A","#N/A",Medium,"#N/A",New,Subject_mowih,"#N/A","#N/A","#N/A","#N/A","#N/A"
fc1b59b5-70ab-4ee2-a11b-362c3206e3ef,"#N/A","#N/A",false,Web,"#N/A","#N/A",Medium,"#N/A",New,Subject_vzhqz,"#N/A","#N/A","#N/A","#N/A","#N/A"
fc210ad9-8cc0-46c4-ab91-3f1a4dc913e2,"#N/A","#N/A",false,Web,"#N/A","#N/A",Medium,"#N/A",New,Subject_drozy,"#N/A","#N/A","#N/A","#N/A","#N/A"
fc21545d-0e30-49de-a67d-360457beced3,"#N/A","#N/A",false,Web,"#N/A","#N/A",Medium,"#N/A",New,Subject_ongih,"#N/A","#N/A","#N/A","#N/A","#N/A"
fc2232d2-62c0-4031-a4ae-24068a5a3ee4,"#N/A","#N/A",false,Web,"#N/A","#N/A",Medium,"#N/A",New,Subject_zykes,"#N/A","#N/A","#N/A","#N/A","#N/A"
fc2344d2-ab4b-4dc0-aabb-fda7b25bcc64,"#N/A","#N/A",false,Web,"#N/A","#N/A",Medium,"#N/A",New,Subject_xjzqs,"#N/A","#N/A","#N/A","#N/A","#N/A"
fc2ac8fc-aa21-459e-838e-24f91fd33620,"#N/A","#N/A",false,Web,"#N/A","#N/A",Medium,"#N/A",New,Subject_eyfmk,"#N/A","#N/A","#N/A","#N/A","#N/A"
fc2ae294-029d-45a5-8f82-38588256a617,"#N/A","#N/A",false,Web,"#N/A","#N/A",Medium,"#N/A",New,Subject_mhnqy,"#N/A","#N/A","#N/A","#N/A","#N/A"
fc2c2154-fe04-4233-928a-284eab0794b6,"#N/A","#N/A",false,Web,"#N/A","#N/A",Medium,"#N/A",New,Subject_iehsd,"#N/A","#N/A","#N/A","#N/A","#N/A"
fc2ee069-4fd4-44a5-84fb-cf1a1c6e0fc5,"#N/A","#N/A",false,Web,"#N/A","#N/A",Medium,"#N/A",New,Subject_pwhya,"#N/A","#N/A","#N/A","#N/A","#N/A"
fc2f3362-c926-4ada-9a87-69708b50c495,"#N/A","#N/A",false,Web,"#N/A","#N/A",Medium,"#N/A",New,Subject_twzbc,"#N/A","#N/A","#N/A","#N/A","#N/A"
fc30213f-f6b7-43f1-8184-008e5eddd196,"#N/A","#N/A",false,Web,"#N/A","#N/A",Medium,"#N/A",New,Subject_iftff,"#N/A","#N/A","#N/A","#N/A","#N/A"
fc305ab4-aaba-43a5-b627-e4ad1b0c0c0d,"#N/A","#N/A",false,Web,"#N/A","#N/A",Medium,"#N/A",New,Subject_jfhpg,"#N/A","#N/A","#N/A","#N/A","#N/A"
fc36ac31-de1e-4a61-9a84-a1d5eaed9116,"#N/A","#N/A",false,Web,"#N/A","#N/A",Medium,"#N/A",New,Subject_xybqj,"#N/A","#N/A","#N/A","#N/A","#N/A"
fc36c9ae-c315-4bbf-906a-d0f5032b8c7b,"#N/A","#N/A",false,Web,"#N/A","#N/A",Medium,"#N/A",New,Subject_dnewl,"#N/A","#N/A","#N/A","#N/A","#N/A"
fc3df37a-3725-4562-b613-d630c7149c7a,"#N/A","#N/A",false,Web,"#N/A","#N/A",Medium,"#N/A",New,Subject_uvvcq,"#N/A","#N/A","#N/A","#N/A","#N/A"
fc3fc417-ad83-4468-a0ed-979468fd8046,"#N/A","#N/A",false,Web,"#N/A","#N/A",Medium,"#N/A",New,Subject_mkzff,"#N/A","#N/A","#N/A","#N/A","#N/A"
fc3fc70e-a848-422a-8c91-864e87101daf,"#N/A","#N/A",false,Web,"#N/A","#N/A",Medium,"#N/A",New,Subject_junqm,"#N/A","#N/A","#N/A","#N/A","#N/A"
fc417be9-588d-4c1e-aa79-02374b02e391,"#N/A","#N/A",false,Web,"#N/A","#N/A",Medium,"#N/A",New,Subject_zpygy,"#N/A","#N/A","#N/A","#N/A","#N/A"
fc43ab03-e3b9-4778-bf8a-47d6055db2b2,"#N/A","#N/A",false,Web,"#N/A","#N/A",Medium,"#N/A",New,Subject_uyqih,"#N/A","#N/A","#N/A","#N/A","#N/A"
fc4709ce-85b1-4eb3-b0fe-2dac785930f0,"#N/A","#N/A",false,Web,"#N/A","#N/A",Medium,"#N/A",New,Subject_vwlqx,"#N/A","#N/A","#N/A","#N/A","#N/A"
fc4aaafa-f5fa-4603-acb7-5c3980b27b52,"#N/A","#N/A",false,Web,"#N/A","#N/A",Medium,"#N/A",New,Subject_ptkmo,"#N/A","#N/A","#N/A","#N/A","#N/A"
fc4ccadf-80a3-456a-bf38-fd87e3abd35f,"#N/A","#N/A",false,Web,"#N/A","#N/A",Medium,"#N/A",New,Subject_nuvyx,"#N/A","#N/A","#N/A","#N/A","#N/A"
fc4e89c5-9504-4198-985e-286c4cc118ef,"#N/A","#N/A",false,Web,"#N/A","#N/A",Medium,"#N/A",New,Subject_iklou,"#N/A","#N/A","#N/A","#N/A","#N/A"
fc500b1c-8047-48ae-a0a8-fa970da99329,"#N/A","#N/A",false,Web,"#N/A","#N/A",Medium,"#N/A",New,Subject_arebn,"#N/A","#N/A","#N/A","#N/A","#N/A"
fc5273c3-0c4f-48a8-87e1-40845a6e4dbe,"#N/A","#N/A",false,Web,"#N/A","#N/A",Medium,"#N/A",New,Subject_ukctt,"#N/A","#N/A","#N/A","#N/A","#N/A"
fc53de91-9b4a-4c44-9b03-6288369d38d9,"#N/A","#N/A",false,Web,"#N/A","#N/A",Medium,"#N/A",New,Subject_htbms,"#N/A","#N/A","#N/A","#N/A","#N/A"
fc5a467d-bf46-4c13-80bd-ba778683af45,"#N/A","#N/A",false,Web,"#N/A","#N/A",Medium,"#N/A",New,Subject_quozc,"#N/A","#N/A","#N/A","#N/A","#N/A"
fc5ffd57-2b9b-4f36-a283-bda4d131d4e6,"#N/A","#N/A",false,Web,"#N/A","#N/A",Medium,"#N/A",New,Subject_ylnby,"#N/A","#N/A","#N/A","#N/A","#N/A"
fc64f85a-b274-4f0e-896c-566920e8be71,"#N/A","#N/A",false,Web,"#N/A","#N/A",Medium,"#N/A",New,Subject_ufprt,"#N/A","#N/A","#N/A","#N/A","#N/A"
fc65a02e-24a1-4f71-9a41-8e1f89a89638,"#N/A","#N/A",false,Web,"#N/A","#N/A",Medium,"#N/A",New,Subject_zmucq,"#N/A","#N/A","#N/A","#N/A","#N/A"
fc672966-8cb6-45d9-ab10-a74b2d119a08,"#N/A","#N/A",false,Web,"#N/A","#N/A",Medium,"#N/A",New,Subject_hdeep,"#N/A","#N/A","#N/A","#N/A","#N/A"
fc68cc45-e103-4c12-9a10-6400e94d63b3,"#N/A","#N/A",false,Web,"#N/A","#N/A",Medium,"#N/A",New,Subject_vbokw,"#N/A","#N/A","#N/A","#N/A","#N/A"
fc6a9126-08bf-4fea-8d92-e8527ff5872a,"#N/A","#N/A",false,Web,"#N/A","#N/A",Medium,"#N/A",New,Subject_oetcw,"#N/A","#N/A","#N/A","#N/A","#N/A"
fc6c2d2f-85f3-4c08-8ba3-3e8f947896af,"#N/A","#N/A",false,Web,"#N/A","#N/A",Medium,"#N/A",New,Subject_uoggr,"#N/A","#N/A","#N/A","#N/A","#N/A"
fc710ee7-2197-4134-b872-c01063154211,"#N/A","#N/A",false,Web,"#N/A","#N/A",Medium,"#N/A",New,Subject_gircb,"#N/A","#N/A","#N/A","#N/A","#N/A"
fc76492a-190d-454d-9434-49922d1e37be,"#N/A","#N/A",false,Web,"#N/A","#N/A",Medium,"#N/A",New,Subject_nyzaz,"#N/A","#N/A","#N/A","#N/A","#N/A"
fc768d37-1d5e-4435-8410-e03f97240d04,"#N/A","#N/A",false,Web,"#N/A","#N/A",Medium,"#N/A",New,Subject_upbov,"#N/A","#N/A","#N/A","#N/A","#N/A"
fc76a489-b0a8-46b9-abf2-2c355385a2b9,"#N/A","#N/A",false,Web,"#N/A","#N/A",Medium,"#N/A",New,Subject_rdsmv,"#N/A","#N/A","#N/A","#N/A","#N/A"
fc78cd2f-1219-488f-910a-01dd9fe7e53b,"#N/A","#N/A",false,Web,"#N/A","#N/A",Medium,"#N/A",New,Subject_raoaf,"#N/A","#N/A","#N/A","#N/A","#N/A"
fc7a00c9-cce4-481b-8c81-ea75a6dd0304,"#N/A","#N/A",false,Web,"#N/A","#N/A",Medium,"#N/A",New,Subject_wcglf,"#N/A","#N/A","#N/A","#N/A","#N/A"
fc7efb3e-c449-482a-869c-5081b8a18ff7,"#N/A","#N/A",false,Web,"#N/A","#N/A",Medium,"#N/A",New,Subject_ajpoo,"#N/A","#N/A","#N/A","#N/A","#N/A"
fc809186-838b-4000-a921-b8e1a1361a2a,"#N/A","#N/A",false,Web,"#N/A","#N/A",Medium,"#N/A",New,Subject_ezbxu,"#N/A","#N/A","#N/A","#N/A","#N/A"
fc82b7cc-305f-4dc4-9d0d-b97a58d643bd,"#N/A","#N/A",false,Web,"#N/A","#N/A",Medium,"#N/A",New,Subject_qnxiz,"#N/A","#N/A","#N/A","#N/A","#N/A"
fc82edec-883d-4527-ab30-971498b1b856,"#N/A","#N/A",false,Web,"#N/A","#N/A",Medium,"#N/A",New,Subject_mekte,"#N/A","#N/A","#N/A","#N/A","#N/A"
fc83f087-baa9-463c-bd5c-f6b0c5e96af5,"#N/A","#N/A",false,Web,"#N/A","#N/A",Medium,"#N/A",New,Subject_rzwqw,"#N/A","#N/A","#N/A","#N/A","#N/A"
fc861d23-715d-4a12-bb94-42c39abf36af,"#N/A","#N/A",false,Web,"#N/A","#N/A",Medium,"#N/A",New,Subject_nxaoz,"#N/A","#N/A","#N/A","#N/A","#N/A"
fc8a585e-c410-445b-a5b1-e6722acb7ecf,"#N/A","#N/A",false,Web,"#N/A","#N/A",Medium,"#N/A",New,Subject_ptbim,"#N/A","#N/A","#N/A","#N/A","#N/A"
fc8c437e-20a0-477d-a816-c848a69680f4,"#N/A","#N/A",false,Web,"#N/A","#N/A",Medium,"#N/A",New,Subject_olfrz,"#N/A","#N/A","#N/A","#N/A","#N/A"
fc8dbaaf-50bb-4b8e-98f0-6e5e22368394,"#N/A","#N/A",false,Web,"#N/A","#N/A",Medium,"#N/A",New,Subject_urzxa,"#N/A","#N/A","#N/A","#N/A","#N/A"
fc94e64a-9813-43dc-b1c5-e4797fb5c138,"#N/A","#N/A",false,Web,"#N/A","#N/A",Medium,"#N/A",New,Subject_bpiif,"#N/A","#N/A","#N/A","#N/A","#N/A"
fc94f8fe-e9d5-4da6-8ff5-a6c8b57124b2,"#N/A","#N/A",false,Web,"#N/A","#N/A",Medium,"#N/A",New,Subject_jccxe,"#N/A","#N/A","#N/A","#N/A","#N/A"
fc9e7476-b86e-4999-91ec-e6230ab06da8,"#N/A","#N/A",false,Web,"#N/A","#N/A",Medium,"#N/A",New,Subject_ebaud,"#N/A","#N/A","#N/A","#N/A","#N/A"
fca5f504-b6c6-49ee-8921-4191849eb16e,"#N/A","#N/A",false,Web,"#N/A","#N/A",Medium,"#N/A",New,Subject_aedrc,"#N/A","#N/A","#N/A","#N/A","#N/A"
fca9dcac-b4b2-4a38-913f-7a3a62a3fdda,"#N/A","#N/A",false,Web,"#N/A","#N/A",Medium,"#N/A",New,Subject_xyikh,"#N/A","#N/A","#N/A","#N/A","#N/A"
fcaab9f8-31f0-40eb-a557-b043f72a82af,"#N/A","#N/A",false,Web,"#N/A","#N/A",Medium,"#N/A",New,Subject_hqruc,"#N/A","#N/A","#N/A","#N/A","#N/A"
fcb020fe-892a-414e-97f8-829070796293,"#N/A","#N/A",false,Web,"#N/A","#N/A",Medium,"#N/A",New,Subject_jjdrh,"#N/A","#N/A","#N/A","#N/A","#N/A"
fcb330af-5237-410a-8d03-a5e0a4411c73,"#N/A","#N/A",false,Web,"#N/A","#N/A",Medium,"#N/A",New,Subject_fietb,"#N/A","#N/A","#N/A","#N/A","#N/A"
fcb4f317-0b2c-4bc4-b08f-0a5150ef501c,"#N/A","#N/A",false,Web,"#N/A","#N/A",Medium,"#N/A",New,Subject_xkhrb,"#N/A","#N/A","#N/A","#N/A","#N/A"
fcb612cd-4723-4d4a-bb25-87b58f093e3f,"#N/A","#N/A",false,Web,"#N/A","#N/A",Medium,"#N/A",New,Subject_oskag,"#N/A","#N/A","#N/A","#N/A","#N/A"
fcb68fe8-cf2d-43b5-aaf8-0b4198a9f24b,"#N/A","#N/A",false,Web,"#N/A","#N/A",Medium,"#N/A",New,Subject_aamfo,"#N/A","#N/A","#N/A","#N/A","#N/A"
fcb6b2a8-7cc2-4c2c-8283-aefd9c6eac6d,"#N/A","#N/A",false,Web,"#N/A","#N/A",Medium,"#N/A",New,Subject_khbbu,"#N/A","#N/A","#N/A","#N/A","#N/A"
fcbac38e-8427-4807-b5e8-c3e6f3bd3aa9,"#N/A","#N/A",false,Web,"#N/A","#N/A",Medium,"#N/A",New,Subject_fjdie,"#N/A","#N/A","#N/A","#N/A","#N/A"
fcbcda16-0536-474f-8e09-6aa2b6063e4b,"#N/A","#N/A",false,Web,"#N/A","#N/A",Medium,"#N/A",New,Subject_smhpw,"#N/A","#N/A","#N/A","#N/A","#N/A"
fcbdb281-c506-43b0-8b70-52465b919116,"#N/A","#N/A",false,Web,"#N/A","#N/A",Medium,"#N/A",New,Subject_zjcqm,"#N/A","#N/A","#N/A","#N/A","#N/A"
fcbe710d-1a6a-4ddd-be94-1eb5744dca07,"#N/A","#N/A",false,Web,"#N/A","#N/A",Medium,"#N/A",New,Subject_ybwyk,"#N/A","#N/A","#N/A","#N/A","#N/A"
fcbfbee8-c8be-4724-8e6a-1d1f0281565a,"#N/A","#N/A",false,Web,"#N/A","#N/A",Medium,"#N/A",New,Subject_lhgkj,"#N/A","#N/A","#N/A","#N/A","#N/A"
fcc2eae2-2bc0-4c46-8b05-cdfe7fbab27f,"#N/A","#N/A",false,Web,"#N/A","#N/A",Medium,"#N/A",New,Subject_cztyc,"#N/A","#N/A","#N/A","#N/A","#N/A"
fcc805bc-f735-43ca-8b0b-84e3e4229fc7,"#N/A","#N/A",false,Web,"#N/A","#N/A",Medium,"#N/A",New,Subject_srkot,"#N/A","#N/A","#N/A","#N/A","#N/A"
fccbcbed-38f0-41b8-aaf9-dfd77d9938da,"#N/A","#N/A",false,Web,"#N/A","#N/A",Medium,"#N/A",New,Subject_qbjas,"#N/A","#N/A","#N/A","#N/A","#N/A"
fccc005d-00d8-487c-aee3-357b496df877,"#N/A","#N/A",false,Web,"#N/A","#N/A",Medium,"#N/A",New,Subject_vieqm,"#N/A","#N/A","#N/A","#N/A","#N/A"
fcce199f-6f43-41b0-8f6b-dedffb46537b,"#N/A","#N/A",false,Web,"#N/A","#N/A",Medium,"#N/A",New,Subject_mwvtr,"#N/A","#N/A","#N/A","#N/A","#N/A"
fcd0106a-d724-4b02-9b55-944136c13eaa,"#N/A","#N/A",false,Web,"#N/A","#N/A",Medium,"#N/A",New,Subject_kbkla,"#N/A","#N/A","#N/A","#N/A","#N/A"
fcd3877c-258a-46a4-8235-c7882bdf8565,"#N/A","#N/A",false,Web,"#N/A","#N/A",Medium,"#N/A",New,Subject_eynxv,"#N/A","#N/A","#N/A","#N/A","#N/A"
fcd5bd68-0466-4c72-8d92-37eaff9f35ff,"#N/A","#N/A",false,Web,"#N/A","#N/A",Medium,"#N/A",New,Subject_qlrsn,"#N/A","#N/A","#N/A","#N/A","#N/A"
fcd5d1d9-2fd7-4821-8a65-587e7b8b1b8e,"#N/A","#N/A",false,Web,"#N/A","#N/A",Medium,"#N/A",New,Subject_wkjon,"#N/A","#N/A","#N/A","#N/A","#N/A"
fcd6dc28-d04f-4780-b783-a21e1956089b,"#N/A","#N/A",false,Web,"#N/A","#N/A",Medium,"#N/A",New,Subject_ouvlb,"#N/A","#N/A","#N/A","#N/A","#N/A"
fcdbadd9-c82d-4ef6-b5af-361538a66ae4,"#N/A","#N/A",false,Web,"#N/A","#N/A",Medium,"#N/A",New,Subject_ovgaq,"#N/A","#N/A","#N/A","#N/A","#N/A"
fcdcf721-5cf6-467e-a04c-e7062390579e,"#N/A","#N/A",false,Web,"#N/A","#N/A",Medium,"#N/A",New,Subject_sngrk,"#N/A","#N/A","#N/A","#N/A","#N/A"
fcde9d4f-4f58-45b1-a58a-5b651d9f299a,"#N/A","#N/A",false,Web,"#N/A","#N/A",Medium,"#N/A",New,Subject_kjmea,"#N/A","#N/A","#N/A","#N/A","#N/A"
fce13b42-1a60-4b3c-aacc-fe8ef8220436,"#N/A","#N/A",false,Web,"#N/A","#N/A",Medium,"#N/A",New,Subject_cekef,"#N/A","#N/A","#N/A","#N/A","#N/A"
fce2122c-db33-4fa6-9b2f-77e58408b865,"#N/A","#N/A",false,Web,"#N/A","#N/A",Medium,"#N/A",New,Subject_kkqus,"#N/A","#N/A","#N/A","#N/A","#N/A"
fce2c898-48e3-4727-b972-4714d7e65067,"#N/A","#N/A",false,Web,"#N/A","#N/A",Medium,"#N/A",New,Subject_yfrtg,"#N/A","#N/A","#N/A","#N/A","#N/A"
fce6d596-7ca4-415d-afa2-d090a80af0cc,"#N/A","#N/A",false,Web,"#N/A","#N/A",Medium,"#N/A",New,Subject_zctos,"#N/A","#N/A","#N/A","#N/A","#N/A"
fce89605-6659-40d6-a750-6032a719d492,"#N/A","#N/A",false,Web,"#N/A","#N/A",Medium,"#N/A",New,Subject_jignl,"#N/A","#N/A","#N/A","#N/A","#N/A"
fceae855-0550-4af0-a2be-c890356ed547,"#N/A","#N/A",false,Web,"#N/A","#N/A",Medium,"#N/A",New,Subject_phntg,"#N/A","#N/A","#N/A","#N/A","#N/A"
fced6d21-689f-4ca3-a161-6e02d26272de,"#N/A","#N/A",false,Web,"#N/A","#N/A",Medium,"#N/A",New,Subject_mzemk,"#N/A","#N/A","#N/A","#N/A","#N/A"
fcf245fb-2c3e-4a4d-8d5f-c9f2606ccdf7,"#N/A","#N/A",false,Web,"#N/A","#N/A",Medium,"#N/A",New,Subject_bbies,"#N/A","#N/A","#N/A","#N/A","#N/A"
fcf43bb8-2f49-4290-abb3-c85e668e0e00,"#N/A","#N/A",false,Web,"#N/A","#N/A",Medium,"#N/A",New,Subject_yrdyj,"#N/A","#N/A","#N/A","#N/A","#N/A"
fcf9b54e-18fd-4594-8fad-662b0a68d570,"#N/A","#N/A",false,Web,"#N/A","#N/A",Medium,"#N/A",New,Subject_qkjiq,"#N/A","#N/A","#N/A","#N/A","#N/A"
fcfa48ff-c458-4e01-8cd8-357235f3bc5e,"#N/A","#N/A",false,Web,"#N/A","#N/A",Medium,"#N/A",New,Subject_kigcg,"#N/A","#N/A","#N/A","#N/A","#N/A"
fcfc9db7-f9d0-4e7a-a6b5-75538fd0c675,"#N/A","#N/A",false,Web,"#N/A","#N/A",Medium,"#N/A",New,Subject_cukhi,"#N/A","#N/A","#N/A","#N/A","#N/A"
fcfddf7c-8a86-4199-b890-13e537d07cdf,"#N/A","#N/A",false,Web,"#N/A","#N/A",Medium,"#N/A",New,Subject_dagiq,"#N/A","#N/A","#N/A","#N/A","#N/A"
fd01b64f-610c-4104-958f-ef2cd0161bee,"#N/A","#N/A",false,Web,"#N/A","#N/A",Medium,"#N/A",New,Subject_ebaud,"#N/A","#N/A","#N/A","#N/A","#N/A"
fd030599-0d9f-4f4c-848b-0cf875c4d585,"#N/A","#N/A",false,Web,"#N/A","#N/A",Medium,"#N/A",New,Subject_detzj,"#N/A","#N/A","#N/A","#N/A","#N/A"
fd05a5a7-6778-4665-9507-bb6ad0f07fad,"#N/A","#N/A",false,Web,"#N/A","#N/A",Medium,"#N/A",New,Subject_tmwvm,"#N/A","#N/A","#N/A","#N/A","#N/A"
fd064080-77da-41c7-b071-147ae1f71903,"#N/A","#N/A",false,Web,"#N/A","#N/A",Medium,"#N/A",New,Subject_tnmxr,"#N/A","#N/A","#N/A","#N/A","#N/A"
fd0797e5-9272-46f9-ae37-99f014305248,"#N/A","#N/A",false,Web,"#N/A","#N/A",Medium,"#N/A",New,Subject_noezd,"#N/A","#N/A","#N/A","#N/A","#N/A"
fd0c6503-1861-4c0e-9f96-e2fcb0630218,"#N/A","#N/A",false,Web,"#N/A","#N/A",Medium,"#N/A",New,Subject_vrqid,"#N/A","#N/A","#N/A","#N/A","#N/A"
fd0caeb1-d35b-4e03-b40e-c2f9a4003301,"#N/A","#N/A",false,Web,"#N/A","#N/A",Medium,"#N/A",New,Subject_epkxx,"#N/A","#N/A","#N/A","#N/A","#N/A"
fd13457b-ef41-463d-bcbc-154eb1d03270,"#N/A","#N/A",false,Web,"#N/A","#N/A",Medium,"#N/A",New,Subject_atkfq,"#N/A","#N/A","#N/A","#N/A","#N/A"
fd1e661f-c979-40ab-af5f-e0caa16076fc,"#N/A","#N/A",false,Web,"#N/A","#N/A",Medium,"#N/A",New,Subject_dcapj,"#N/A","#N/A","#N/A","#N/A","#N/A"
fd1e81d9-3676-4cef-8273-3ce6f03d00f6,"#N/A","#N/A",false,Web,"#N/A","#N/A",Medium,"#N/A",New,Subject_jryrp,"#N/A","#N/A","#N/A","#N/A","#N/A"
fd226819-5850-417c-be45-430d9b7f63c7,"#N/A","#N/A",false,Web,"#N/A","#N/A",Medium,"#N/A",New,Subject_blydu,"#N/A","#N/A","#N/A","#N/A","#N/A"
fd25e327-59a5-4a9b-83af-cbc6db63defd,"#N/A","#N/A",false,Web,"#N/A","#N/A",Medium,"#N/A",New,Subject_adtni,"#N/A","#N/A","#N/A","#N/A","#N/A"
fd260274-8b7f-46d5-b9d1-54dfa9f36286,"#N/A","#N/A",false,Web,"#N/A","#N/A",Medium,"#N/A",New,Subject_avhjq,"#N/A","#N/A","#N/A","#N/A","#N/A"
fd279d40-6244-4b15-8828-5add5bb45355,"#N/A","#N/A",false,Web,"#N/A","#N/A",Medium,"#N/A",New,Subject_hbcme,"#N/A","#N/A","#N/A","#N/A","#N/A"
fd2baeb8-8f0c-4f84-b3c1-799b0a0a3aaa,"#N/A","#N/A",false,Web,"#N/A","#N/A",Medium,"#N/A",New,Subject_dezhd,"#N/A","#N/A","#N/A","#N/A","#N/A"
fd2ddd40-6d9e-469d-9c36-9751d79760b6,"#N/A","#N/A",false,Web,"#N/A","#N/A",Medium,"#N/A",New,Subject_bsvfh,"#N/A","#N/A","#N/A","#N/A","#N/A"
fd2eb1ff-f23c-4f41-9357-aa48a55442e4,"#N/A","#N/A",false,Web,"#N/A","#N/A",Medium,"#N/A",New,Subject_lzfvo,"#N/A","#N/A","#N/A","#N/A","#N/A"
fd3253cb-e5fd-4da8-a46d-d3d5207e2537,"#N/A","#N/A",false,Web,"#N/A","#N/A",Medium,"#N/A",New,Subject_wcsfn,"#N/A","#N/A","#N/A","#N/A","#N/A"
fd34a058-a33a-4ab3-a66a-b7bd467445ba,"#N/A","#N/A",false,Web,"#N/A","#N/A",Medium,"#N/A",New,Subject_znzwt,"#N/A","#N/A","#N/A","#N/A","#N/A"
fd359fa6-3d77-454d-8b35-4e45cc3bd8e7,"#N/A","#N/A",false,Web,"#N/A","#N/A",Medium,"#N/A",New,Subject_ryfwg,"#N/A","#N/A","#N/A","#N/A","#N/A"
fd3bc497-fd43-46e9-b7c1-851ac34bb13a,"#N/A","#N/A",false,Web,"#N/A","#N/A",Medium,"#N/A",New,Subject_iqpkm,"#N/A","#N/A","#N/A","#N/A","#N/A"
fd3c8f79-bbc5-40f1-b518-3cc450393059,"#N/A","#N/A",false,Web,"#N/A","#N/A",Medium,"#N/A",New,Subject_kjcjj,"#N/A","#N/A","#N/A","#N/A","#N/A"
fd3d1226-4c6b-478e-a62b-0b6fffa90a1e,"#N/A","#N/A",false,Web,"#N/A","#N/A",Medium,"#N/A",New,Subject_gncor,"#N/A","#N/A","#N/A","#N/A","#N/A"
fd3f1e73-9ad7-4081-b2ae-c6f3f691f035,"#N/A","#N/A",false,Web,"#N/A","#N/A",Medium,"#N/A",New,Subject_lpajp,"#N/A","#N/A","#N/A","#N/A","#N/A"
fd40647f-dc6a-4f8f-835b-958a58a638b9,"#N/A","#N/A",false,Web,"#N/A","#N/A",Medium,"#N/A",New,Subject_ybngr,"#N/A","#N/A","#N/A","#N/A","#N/A"
fd4216f4-502c-4a9a-bb12-bda1e2390a91,"#N/A","#N/A",false,Web,"#N/A","#N/A",Medium,"#N/A",New,Subject_hfazs,"#N/A","#N/A","#N/A","#N/A","#N/A"
fd447b26-6e2b-4b9a-bf61-fadab4b9afb5,"#N/A","#N/A",false,Web,"#N/A","#N/A",Medium,"#N/A",New,Subject_rrjbq,"#N/A","#N/A","#N/A","#N/A","#N/A"
fd4be7eb-00ea-42bd-a084-040a4fcc20e1,"#N/A","#N/A",false,Web,"#N/A","#N/A",Medium,"#N/A",New,Subject_mzwkc,"#N/A","#N/A","#N/A","#N/A","#N/A"
fd4f1fca-a05d-48ed-b9c9-40a2ea2b7342,"#N/A","#N/A",false,Web,"#N/A","#N/A",Medium,"#N/A",New,Subject_jthpi,"#N/A","#N/A","#N/A","#N/A","#N/A"
fd53d976-a337-47ac-91b1-9af992cbc74e,"#N/A","#N/A",false,Web,"#N/A","#N/A",Medium,"#N/A",New,Subject_jrufb,"#N/A","#N/A","#N/A","#N/A","#N/A"
fd540937-08d6-49e9-ae51-422592929d01,"#N/A","#N/A",false,Web,"#N/A","#N/A",Medium,"#N/A",New,Subject_jdtxw,"#N/A","#N/A","#N/A","#N/A","#N/A"
fd5a8c93-0dc2-4051-8bb0-3ca6a4c8a932,"#N/A","#N/A",false,Web,"#N/A","#N/A",Medium,"#N/A",New,Subject_htpfa,"#N/A","#N/A","#N/A","#N/A","#N/A"
fd61e24e-8cd3-460d-b0e1-8741bf173efa,"#N/A","#N/A",false,Web,"#N/A","#N/A",Medium,"#N/A",New,Subject_fheqw,"#N/A","#N/A","#N/A","#N/A","#N/A"
fd6800b6-652b-47bc-9042-bfbadb6d181a,"#N/A","#N/A",false,Web,"#N/A","#N/A",Medium,"#N/A",New,Subject_lyekf,"#N/A","#N/A","#N/A","#N/A","#N/A"
fd6fc5b9-b691-4873-9f57-cdce46a4e11d,"#N/A","#N/A",false,Web,"#N/A","#N/A",Medium,"#N/A",New,Subject_ezcvi,"#N/A","#N/A","#N/A","#N/A","#N/A"
fd709ee6-5303-4a47-a78c-f1ff1eedb3d9,"#N/A","#N/A",false,Web,"#N/A","#N/A",Medium,"#N/A",New,Subject_kvzeb,"#N/A","#N/A","#N/A","#N/A","#N/A"
fd70a247-e025-4eaa-b1a9-a2568b5e204d,"#N/A","#N/A",false,Web,"#N/A","#N/A",Medium,"#N/A",New,Subject_mxlgi,"#N/A","#N/A","#N/A","#N/A","#N/A"
fd713d44-6399-4992-a417-b22f6ea75832,"#N/A","#N/A",false,Web,"#N/A","#N/A",Medium,"#N/A",New,Subject_sqbnh,"#N/A","#N/A","#N/A","#N/A","#N/A"
fd7173b4-9011-4f69-9b2b-880807deb5bc,"#N/A","#N/A",false,Web,"#N/A","#N/A",Medium,"#N/A",New,Subject_jhxef,"#N/A","#N/A","#N/A","#N/A","#N/A"
fd726952-41e2-4fb5-b1b9-7d978edede3c,"#N/A","#N/A",false,Web,"#N/A","#N/A",Medium,"#N/A",New,Subject_zgwyi,"#N/A","#N/A","#N/A","#N/A","#N/A"
fd72bbc1-5487-4ff7-a622-ec56329f54e3,"#N/A","#N/A",false,Web,"#N/A","#N/A",Medium,"#N/A",New,Subject_fgwcp,"#N/A","#N/A","#N/A","#N/A","#N/A"
fd74cd87-9f10-410c-87dc-4fcfa8d63760,"#N/A","#N/A",false,Web,"#N/A","#N/A",Medium,"#N/A",New,Subject_iubhq,"#N/A","#N/A","#N/A","#N/A","#N/A"
fd7db891-4d3d-4530-94c0-a9aeb4e7fd32,"#N/A","#N/A",false,Web,"#N/A","#N/A",Medium,"#N/A",New,Subject_ebzyg,"#N/A","#N/A","#N/A","#N/A","#N/A"
fd7e9f97-f95d-40e3-874e-d6fba0052a20,"#N/A","#N/A",false,Web,"#N/A","#N/A",Medium,"#N/A",New,Subject_mvyvd,"#N/A","#N/A","#N/A","#N/A","#N/A"
fd85350b-8880-42a1-a392-f99830aefd61,"#N/A","#N/A",false,Web,"#N/A","#N/A",Medium,"#N/A",New,Subject_rehpg,"#N/A","#N/A","#N/A","#N/A","#N/A"
fd8537ae-e21a-40a6-bf79-1848a4793e18,"#N/A","#N/A",false,Web,"#N/A","#N/A",Medium,"#N/A",New,Subject_udmbc,"#N/A","#N/A","#N/A","#N/A","#N/A"
fd8669b7-ef92-40e5-af1e-b4022e13512c,"#N/A","#N/A",false,Web,"#N/A","#N/A",Medium,"#N/A",New,Subject_nwxhf,"#N/A","#N/A","#N/A","#N/A","#N/A"
fd86750a-7021-4418-8eb6-3d1fb6451c79,"#N/A","#N/A",false,Web,"#N/A","#N/A",Medium,"#N/A",New,Subject_xbxdr,"#N/A","#N/A","#N/A","#N/A","#N/A"
fd86841d-54d0-4615-8ae8-c37d256136cd,"#N/A","#N/A",false,Web,"#N/A","#N/A",Medium,"#N/A",New,Subject_zmkmz,"#N/A","#N/A","#N/A","#N/A","#N/A"
fd8f428a-d8b4-4672-8ef5-67501a46b52f,"#N/A","#N/A",false,Web,"#N/A","#N/A",Medium,"#N/A",New,Subject_nwkix,"#N/A","#N/A","#N/A","#N/A","#N/A"
fd8f4ab1-c44a-437b-978a-79fc33f4b9cb,"#N/A","#N/A",false,Web,"#N/A","#N/A",Medium,"#N/A",New,Subject_wnshm,"#N/A","#N/A","#N/A","#N/A","#N/A"
fd900c49-c168-416f-8e49-e74de0ef9cb4,"#N/A","#N/A",false,Web,"#N/A","#N/A",Medium,"#N/A",New,Subject_wnpmx,"#N/A","#N/A","#N/A","#N/A","#N/A"
fd91aa64-a3b0-419c-9eae-fb1fc23007f0,"#N/A","#N/A",false,Web,"#N/A","#N/A",Medium,"#N/A",New,Subject_ohapy,"#N/A","#N/A","#N/A","#N/A","#N/A"
fd91fe56-0792-4a02-aa16-a77ce5638bfe,"#N/A","#N/A",false,Web,"#N/A","#N/A",Medium,"#N/A",New,Subject_qivyw,"#N/A","#N/A","#N/A","#N/A","#N/A"
fd9276c6-f2ae-4a7c-85d4-8b50a9048bf9,"#N/A","#N/A",false,Web,"#N/A","#N/A",Medium,"#N/A",New,Subject_ukqsl,"#N/A","#N/A","#N/A","#N/A","#N/A"
fd930b67-4a4a-4543-8212-6916f52ca2c4,"#N/A","#N/A",false,Web,"#N/A","#N/A",Medium,"#N/A",New,Subject_zlspi,"#N/A","#N/A","#N/A","#N/A","#N/A"
fd957134-dc2f-4b04-aaac-f670776c4b22,"#N/A","#N/A",false,Web,"#N/A","#N/A",Medium,"#N/A",New,Subject_hucel,"#N/A","#N/A","#N/A","#N/A","#N/A"
fd95811a-8ccd-416f-b75f-ff358f8e6272,"#N/A","#N/A",false,Web,"#N/A","#N/A",Medium,"#N/A",New,Subject_kafte,"#N/A","#N/A","#N/A","#N/A","#N/A"
fd97b9d2-9f77-4be1-812f-0225dddc797e,"#N/A","#N/A",false,Web,"#N/A","#N/A",Medium,"#N/A",New,Subject_staqe,"#N/A","#N/A","#N/A","#N/A","#N/A"
fd97fbf4-a315-45d7-809d-3d4f5ea5af84,"#N/A","#N/A",false,Web,"#N/A","#N/A",Medium,"#N/A",New,Subject_fkufy,"#N/A","#N/A","#N/A","#N/A","#N/A"
fd9a10eb-85cc-4d35-a37c-5754982160e5,"#N/A","#N/A",false,Web,"#N/A","#N/A",Medium,"#N/A",New,Subject_dzmxx,"#N/A","#N/A","#N/A","#N/A","#N/A"
fd9ab451-0636-4aa7-ad7b-44d522276f90,"#N/A","#N/A",false,Web,"#N/A","#N/A",Medium,"#N/A",New,Subject_otrkd,"#N/A","#N/A","#N/A","#N/A","#N/A"
fd9e950a-c052-4099-ba8d-d30832958aa5,"#N/A","#N/A",false,Web,"#N/A","#N/A",Medium,"#N/A",New,Subject_kektp,"#N/A","#N/A","#N/A","#N/A","#N/A"
fda2ab3e-fd39-431e-9ad6-1ba5a678e2c2,"#N/A","#N/A",false,Web,"#N/A","#N/A",Medium,"#N/A",New,Subject_fqucp,"#N/A","#N/A","#N/A","#N/A","#N/A"
fda40100-5dc9-4865-ae70-d3617b493892,"#N/A","#N/A",false,Web,"#N/A","#N/A",Medium,"#N/A",New,Subject_vplgu,"#N/A","#N/A","#N/A","#N/A","#N/A"
fda620ed-38f2-4d04-9f65-e22cdfe4a211,"#N/A","#N/A",false,Web,"#N/A","#N/A",Medium,"#N/A",New,Subject_rttrv,"#N/A","#N/A","#N/A","#N/A","#N/A"
fdab7c06-f00d-4bd5-989f-32b50694b599,"#N/A","#N/A",false,Web,"#N/A","#N/A",Medium,"#N/A",New,Subject_foqkw,"#N/A","#N/A","#N/A","#N/A","#N/A"
fdadd6d6-56c8-4065-9f98-2357459ef334,"#N/A","#N/A",false,Web,"#N/A","#N/A",Medium,"#N/A",New,Subject_efzga,"#N/A","#N/A","#N/A","#N/A","#N/A"
fdb0c604-607d-4b8f-930f-5acc714c38d4,"#N/A","#N/A",false,Web,"#N/A","#N/A",Medium,"#N/A",New,Subject_fctur,"#N/A","#N/A","#N/A","#N/A","#N/A"
fdb38133-37a3-4c48-8ebc-e62d874cd114,"#N/A","#N/A",false,Web,"#N/A","#N/A",Medium,"#N/A",New,Subject_ztuhc,"#N/A","#N/A","#N/A","#N/A","#N/A"
fdb6f1ee-ff9c-4c4f-bc6e-faa8cd27c274,"#N/A","#N/A",false,Web,"#N/A","#N/A",Medium,"#N/A",New,Subject_pldnl,"#N/A","#N/A","#N/A","#N/A","#N/A"
fdb7a98e-815c-482d-92e6-55737cb5c4b6,"#N/A","#N/A",false,Web,"#N/A","#N/A",Medium,"#N/A",New,Subject_htvpz,"#N/A","#N/A","#N/A","#N/A","#N/A"
fdb8ca61-a9b8-473a-9a3e-d2708db22133,"#N/A","#N/A",false,Web,"#N/A","#N/A",Medium,"#N/A",New,Subject_aejdq,"#N/A","#N/A","#N/A","#N/A","#N/A"
fdbb517b-33b0-44e7-9897-7f3be6644ab0,"#N/A","#N/A",false,Web,"#N/A","#N/A",Medium,"#N/A",New,Subject_tffyy,"#N/A","#N/A","#N/A","#N/A","#N/A"
fdbc9ed4-02fb-4b2c-b1af-a4642ed42345,"#N/A","#N/A",false,Web,"#N/A","#N/A",Medium,"#N/A",New,Subject_vouvh,"#N/A","#N/A","#N/A","#N/A","#N/A"
fdbd8851-55af-4aa1-8690-d0d846460b8c,"#N/A","#N/A",false,Web,"#N/A","#N/A",Medium,"#N/A",New,Subject_lnssd,"#N/A","#N/A","#N/A","#N/A","#N/A"
fdc8782a-fa09-4cc7-91ab-787c8c639f9a,"#N/A","#N/A",false,Web,"#N/A","#N/A",Medium,"#N/A",New,Subject_nechw,"#N/A","#N/A","#N/A","#N/A","#N/A"
fdc8a3c2-159c-44e8-bc22-447dd44f17f8,"#N/A","#N/A",false,Web,"#N/A","#N/A",Medium,"#N/A",New,Subject_ejdal,"#N/A","#N/A","#N/A","#N/A","#N/A"
fdce164e-d088-4e7a-9775-a6714507c187,"#N/A","#N/A",false,Web,"#N/A","#N/A",Medium,"#N/A",New,Subject_chmea,"#N/A","#N/A","#N/A","#N/A","#N/A"
fdd075e0-0a2b-4b3d-b706-50a2afc60508,"#N/A","#N/A",false,Web,"#N/A","#N/A",Medium,"#N/A",New,Subject_uocpy,"#N/A","#N/A","#N/A","#N/A","#N/A"
fdd0bcc4-dc8f-4429-b7a3-4d7487ae68c2,"#N/A","#N/A",false,Web,"#N/A","#N/A",Medium,"#N/A",New,Subject_ejcoc,"#N/A","#N/A","#N/A","#N/A","#N/A"
fdd1b211-0f19-4ed6-bb17-6f293309e00a,"#N/A","#N/A",false,Web,"#N/A","#N/A",Medium,"#N/A",New,Subject_bruez,"#N/A","#N/A","#N/A","#N/A","#N/A"
fdd37f40-ebf5-42a4-9b3a-2af9dd3a1249,"#N/A","#N/A",false,Web,"#N/A","#N/A",Medium,"#N/A",New,Subject_osqzc,"#N/A","#N/A","#N/A","#N/A","#N/A"
fdd5925f-4727-4b3e-af6e-21e2a861d8b7,"#N/A","#N/A",false,Web,"#N/A","#N/A",Medium,"#N/A",New,Subject_psvia,"#N/A","#N/A","#N/A","#N/A","#N/A"
fdd8c1cc-e032-4009-97af-a1f96a15291e,"#N/A","#N/A",false,Web,"#N/A","#N/A",Medium,"#N/A",New,Subject_vnhfa,"#N/A","#N/A","#N/A","#N/A","#N/A"
fddaebc7-0bde-4a9f-90c2-a38d2eddf0d2,"#N/A","#N/A",false,Web,"#N/A","#N/A",Medium,"#N/A",New,Subject_iibyi,"#N/A","#N/A","#N/A","#N/A","#N/A"
fdddad0c-8f96-47b6-8600-85e951d7cced,"#N/A","#N/A",false,Web,"#N/A","#N/A",Medium,"#N/A",New,Subject_gxwca,"#N/A","#N/A","#N/A","#N/A","#N/A"
fddfe885-f472-4b12-abc0-4c48b532390d,"#N/A","#N/A",false,Web,"#N/A","#N/A",Medium,"#N/A",New,Subject_veosc,"#N/A","#N/A","#N/A","#N/A","#N/A"
fde160e5-1e24-49fa-8922-fbf33f84fe5a,"#N/A","#N/A",false,Web,"#N/A","#N/A",Medium,"#N/A",New,Subject_ynruq,"#N/A","#N/A","#N/A","#N/A","#N/A"
fde6ce9c-ee05-4440-b7d3-4d1675562c8d,"#N/A","#N/A",false,Web,"#N/A","#N/A",Medium,"#N/A",New,Subject_zmucq,"#N/A","#N/A","#N/A","#N/A","#N/A"
fdebbe6a-c077-446a-a837-29ad45ab58af,"#N/A","#N/A",false,Web,"#N/A","#N/A",Medium,"#N/A",New,Subject_xboby,"#N/A","#N/A","#N/A","#N/A","#N/A"
fdf09087-4889-40a2-8a6d-fecb29a24f28,"#N/A","#N/A",false,Web,"#N/A","#N/A",Medium,"#N/A",New,Subject_rphdp,"#N/A","#N/A","#N/A","#N/A","#N/A"
fdf29167-c5af-4665-a4f6-a69cc94f9d00,"#N/A","#N/A",false,Web,"#N/A","#N/A",Medium,"#N/A",New,Subject_ozzdh,"#N/A","#N/A","#N/A","#N/A","#N/A"
fdf49beb-a678-46d4-b432-a8a8858bdcfa,"#N/A","#N/A",false,Web,"#N/A","#N/A",Medium,"#N/A",New,Subject_owtwj,"#N/A","#N/A","#N/A","#N/A","#N/A"
fdf941d6-8764-4cc0-b5bd-fc53b9bdb6cb,"#N/A","#N/A",false,Web,"#N/A","#N/A",Medium,"#N/A",New,Subject_mnvpq,"#N/A","#N/A","#N/A","#N/A","#N/A"
fdfca36b-058e-4ca8-86b6-4802613db4a5,"#N/A","#N/A",false,Web,"#N/A","#N/A",Medium,"#N/A",New,Subject_zkqyp,"#N/A","#N/A","#N/A","#N/A","#N/A"
fdfd6f96-0bf5-4343-a2f6-633378a45845,"#N/A","#N/A",false,Web,"#N/A","#N/A",Medium,"#N/A",New,Subject_xugql,"#N/A","#N/A","#N/A","#N/A","#N/A"
fe01098d-4c98-4a65-8140-794310f770d4,"#N/A","#N/A",false,Web,"#N/A","#N/A",Medium,"#N/A",New,Subject_gczli,"#N/A","#N/A","#N/A","#N/A","#N/A"
fe01fe94-647e-4e04-9843-b7fc07a7d0ef,"#N/A","#N/A",false,Web,"#N/A","#N/A",Medium,"#N/A",New,Subject_impsz,"#N/A","#N/A","#N/A","#N/A","#N/A"
fe032128-7c7a-4c78-9517-b88a4c0888fa,"#N/A","#N/A",false,Web,"#N/A","#N/A",Medium,"#N/A",New,Subject_gtwgy,"#N/A","#N/A","#N/A","#N/A","#N/A"
fe03760e-d0a6-4ef2-9042-cb5de7ff543e,"#N/A","#N/A",false,Web,"#N/A","#N/A",Medium,"#N/A",New,Subject_hbtjy,"#N/A","#N/A","#N/A","#N/A","#N/A"
fe06a249-f245-4593-aafb-0b83d611cb8b,"#N/A","#N/A",false,Web,"#N/A","#N/A",Medium,"#N/A",New,Subject_cbiqg,"#N/A","#N/A","#N/A","#N/A","#N/A"
fe0a0d88-40c3-4c9d-92de-5f2ca274eaeb,"#N/A","#N/A",false,Web,"#N/A","#N/A",Medium,"#N/A",New,Subject_afpbn,"#N/A","#N/A","#N/A","#N/A","#N/A"
fe1196d7-5cb5-4742-ae2d-4508555c344e,"#N/A","#N/A",false,Web,"#N/A","#N/A",Medium,"#N/A",New,Subject_mtdfq,"#N/A","#N/A","#N/A","#N/A","#N/A"
fe154aee-ab1d-4434-83fc-95929098ee78,"#N/A","#N/A",false,Web,"#N/A","#N/A",Medium,"#N/A",New,Subject_tcvbw,"#N/A","#N/A","#N/A","#N/A","#N/A"
fe15a079-a549-4526-a166-699553b388fb,"#N/A","#N/A",false,Web,"#N/A","#N/A",Medium,"#N/A",New,Subject_vrbni,"#N/A","#N/A","#N/A","#N/A","#N/A"
fe15b0a7-235d-4a5a-9530-6345bce7c823,"#N/A","#N/A",false,Web,"#N/A","#N/A",Medium,"#N/A",New,Subject_nfiom,"#N/A","#N/A","#N/A","#N/A","#N/A"
fe15bfd6-d146-4aaf-a819-5dfca9fe1b37,"#N/A","#N/A",false,Web,"#N/A","#N/A",Medium,"#N/A",New,Subject_wcgde,"#N/A","#N/A","#N/A","#N/A","#N/A"
fe16199e-b53b-4e2c-aaac-02f56c7188ca,"#N/A","#N/A",false,Web,"#N/A","#N/A",Medium,"#N/A",New,Subject_tipws,"#N/A","#N/A","#N/A","#N/A","#N/A"
fe23f297-979f-44a6-906a-33830c8b5f51,"#N/A","#N/A",false,Web,"#N/A","#N/A",Medium,"#N/A",New,Subject_wpsdw,"#N/A","#N/A","#N/A","#N/A","#N/A"
fe277cb3-2908-4c07-bfb9-d492b69547a5,"#N/A","#N/A",false,Web,"#N/A","#N/A",Medium,"#N/A",New,Subject_nwdhx,"#N/A","#N/A","#N/A","#N/A","#N/A"
fe281677-61fc-4a93-9e03-3b30739193d2,"#N/A","#N/A",false,Web,"#N/A","#N/A",Medium,"#N/A",New,Subject_rilyn,"#N/A","#N/A","#N/A","#N/A","#N/A"
fe2c4cb1-03a3-4aa6-8bc7-2048f7292561,"#N/A","#N/A",false,Web,"#N/A","#N/A",Medium,"#N/A",New,Subject_iqyfd,"#N/A","#N/A","#N/A","#N/A","#N/A"
fe2e389d-bf3f-440f-946e-563b2a9eba96,"#N/A","#N/A",false,Web,"#N/A","#N/A",Medium,"#N/A",New,Subject_hfazs,"#N/A","#N/A","#N/A","#N/A","#N/A"
fe32b883-abd8-4701-8f34-71c4d56e1341,"#N/A","#N/A",false,Web,"#N/A","#N/A",Medium,"#N/A",New,Subject_essqf,"#N/A","#N/A","#N/A","#N/A","#N/A"
fe33562d-02f8-4956-afb3-5e85ca323f45,"#N/A","#N/A",false,Web,"#N/A","#N/A",Medium,"#N/A",New,Subject_bgklx,"#N/A","#N/A","#N/A","#N/A","#N/A"
fe341b8d-e2db-461c-8ff4-0c19f9602ed9,"#N/A","#N/A",false,Web,"#N/A","#N/A",Medium,"#N/A",New,Subject_qhkrx,"#N/A","#N/A","#N/A","#N/A","#N/A"
fe3699e5-2093-4629-ab76-cadc19a96fb7,"#N/A","#N/A",false,Web,"#N/A","#N/A",Medium,"#N/A",New,Subject_ctjdn,"#N/A","#N/A","#N/A","#N/A","#N/A"
fe383f63-6ca4-40da-95c0-75c70c2f114b,"#N/A","#N/A",false,Web,"#N/A","#N/A",Medium,"#N/A",New,Subject_encte,"#N/A","#N/A","#N/A","#N/A","#N/A"
fe38b90a-8b0c-4f3b-997e-1aaa9688a338,"#N/A","#N/A",false,Web,"#N/A","#N/A",Medium,"#N/A",New,Subject_mzpuz,"#N/A","#N/A","#N/A","#N/A","#N/A"
fe3da920-be35-4582-b58e-c9020fea3f0e,"#N/A","#N/A",false,Web,"#N/A","#N/A",Medium,"#N/A",New,Subject_xfnem,"#N/A","#N/A","#N/A","#N/A","#N/A"
fe3eb0ae-2739-4f68-94f6-96412b422708,"#N/A","#N/A",false,Web,"#N/A","#N/A",Medium,"#N/A",New,Subject_xarel,"#N/A","#N/A","#N/A","#N/A","#N/A"
fe42cdb0-aa35-4329-97e7-8286bb64d038,"#N/A","#N/A",false,Web,"#N/A","#N/A",Medium,"#N/A",New,Subject_hdlqt,"#N/A","#N/A","#N/A","#N/A","#N/A"
fe445482-6b9d-43ea-8cbc-c6a80b006d39,"#N/A","#N/A",false,Web,"#N/A","#N/A",Medium,"#N/A",New,Subject_ryonc,"#N/A","#N/A","#N/A","#N/A","#N/A"
fe450625-31f4-46a6-bfae-76bdb85ceae0,"#N/A","#N/A",false,Web,"#N/A","#N/A",Medium,"#N/A",New,Subject_plyxb,"#N/A","#N/A","#N/A","#N/A","#N/A"
fe48dc08-26d0-4a02-8208-5d7572b12f4e,"#N/A","#N/A",false,Web,"#N/A","#N/A",Medium,"#N/A",New,Subject_ltlxu,"#N/A","#N/A","#N/A","#N/A","#N/A"
fe49a4ff-6f6f-4db7-9661-357c343270d5,"#N/A","#N/A",false,Web,"#N/A","#N/A",Medium,"#N/A",New,Subject_mndkt,"#N/A","#N/A","#N/A","#N/A","#N/A"
fe4bd41d-a856-4830-9e02-094a32011dce,"#N/A","#N/A",false,Web,"#N/A","#N/A",Medium,"#N/A",New,Subject_slqha,"#N/A","#N/A","#N/A","#N/A","#N/A"
fe5207c2-9245-4ecb-a9f5-6ea42351450c,"#N/A","#N/A",false,Web,"#N/A","#N/A",Medium,"#N/A",New,Subject_jzgau,"#N/A","#N/A","#N/A","#N/A","#N/A"
fe58611f-d7c7-4c59-94f6-d79d0ec7c55d,"#N/A","#N/A",false,Web,"#N/A","#N/A",Medium,"#N/A",New,Subject_mytae,"#N/A","#N/A","#N/A","#N/A","#N/A"
fe5ab684-9701-4918-a31b-51a18498905a,"#N/A","#N/A",false,Web,"#N/A","#N/A",Medium,"#N/A",New,Subject_ekcsm,"#N/A","#N/A","#N/A","#N/A","#N/A"
fe5d6457-fa3c-454c-927f-3dcdb5e9cea1,"#N/A","#N/A",false,Web,"#N/A","#N/A",Medium,"#N/A",New,Subject_qanqt,"#N/A","#N/A","#N/A","#N/A","#N/A"
fe5dbd00-2dba-4b22-8273-585667d67c3e,"#N/A","#N/A",false,Web,"#N/A","#N/A",Medium,"#N/A",New,Subject_vvzaj,"#N/A","#N/A","#N/A","#N/A","#N/A"
fe65e891-1476-4ed4-9f40-9a1bc6e0c073,"#N/A","#N/A",false,Web,"#N/A","#N/A",Medium,"#N/A",New,Subject_tmsqm,"#N/A","#N/A","#N/A","#N/A","#N/A"
fe69dc42-6d47-4404-9f01-38d9e29a6c39,"#N/A","#N/A",false,Web,"#N/A","#N/A",Medium,"#N/A",New,Subject_swnal,"#N/A","#N/A","#N/A","#N/A","#N/A"
fe6b37e9-4070-4116-8ac1-6772f5f8128c,"#N/A","#N/A",false,Web,"#N/A","#N/A",Medium,"#N/A",New,Subject_wymbm,"#N/A","#N/A","#N/A","#N/A","#N/A"
fe6cf1b9-4cbd-4c30-9301-5c3662d17133,"#N/A","#N/A",false,Web,"#N/A","#N/A",Medium,"#N/A",New,Subject_jcaaq,"#N/A","#N/A","#N/A","#N/A","#N/A"
fe79d35b-2e55-423a-b7ea-13c61b6b5f04,"#N/A","#N/A",false,Web,"#N/A","#N/A",Medium,"#N/A",New,Subject_nlvpk,"#N/A","#N/A","#N/A","#N/A","#N/A"
fe81ad3d-0c53-41f9-bfb5-88303cc4255f,"#N/A","#N/A",false,Web,"#N/A","#N/A",Medium,"#N/A",New,Subject_herkw,"#N/A","#N/A","#N/A","#N/A","#N/A"
fe875780-5dac-418b-85e8-3fb391e7985c,"#N/A","#N/A",false,Web,"#N/A","#N/A",Medium,"#N/A",New,Subject_epzkr,"#N/A","#N/A","#N/A","#N/A","#N/A"
fe87ec23-79df-40fc-95ee-0368867106e4,"#N/A","#N/A",false,Web,"#N/A","#N/A",Medium,"#N/A",New,Subject_bmzlf,"#N/A","#N/A","#N/A","#N/A","#N/A"
fe89ad3a-7ed0-4928-8eda-38018f270ba4,"#N/A","#N/A",false,Web,"#N/A","#N/A",Medium,"#N/A",New,Subject_ghizw,"#N/A","#N/A","#N/A","#N/A","#N/A"
fe9265f2-ce68-49c3-8c0b-abda2bbd01f8,"#N/A","#N/A",false,Web,"#N/A","#N/A",Medium,"#N/A",New,Subject_uyszw,"#N/A","#N/A","#N/A","#N/A","#N/A"
fe9288c1-666e-42a7-b31c-4448cd26af9b,"#N/A","#N/A",false,Web,"#N/A","#N/A",Medium,"#N/A",New,Subject_rbjfh,"#N/A","#N/A","#N/A","#N/A","#N/A"
fe92a49a-672d-4f13-9393-89011671bd51,"#N/A","#N/A",false,Web,"#N/A","#N/A",Medium,"#N/A",New,Subject_vioww,"#N/A","#N/A","#N/A","#N/A","#N/A"
fe9467aa-127c-473c-9bf1-821cf84949ba,"#N/A","#N/A",false,Web,"#N/A","#N/A",Medium,"#N/A",New,Subject_vjrmb,"#N/A","#N/A","#N/A","#N/A","#N/A"
fe97805d-0de1-4f4d-88c8-d36297e111b1,"#N/A","#N/A",false,Web,"#N/A","#N/A",Medium,"#N/A",New,Subject_xuuby,"#N/A","#N/A","#N/A","#N/A","#N/A"
fe9a6a67-e580-44ed-81f3-781380a16e28,"#N/A","#N/A",false,Web,"#N/A","#N/A",Medium,"#N/A",New,Subject_ppfyj,"#N/A","#N/A","#N/A","#N/A","#N/A"
fe9adfc4-3fd8-47dd-8c71-ba28d40bfeaa,"#N/A","#N/A",false,Web,"#N/A","#N/A",Medium,"#N/A",New,Subject_qmbia,"#N/A","#N/A","#N/A","#N/A","#N/A"
fe9cbeb4-0cd2-4b5e-bc24-531857d64d5b,"#N/A","#N/A",false,Web,"#N/A","#N/A",Medium,"#N/A",New,Subject_kdlhz,"#N/A","#N/A","#N/A","#N/A","#N/A"
fe9fcde8-6bba-4d69-ace4-5377af81aa59,"#N/A","#N/A",false,Web,"#N/A","#N/A",Medium,"#N/A",New,Subject_vrxtf,"#N/A","#N/A","#N/A","#N/A","#N/A"
fea13da1-96c9-4c21-831c-abd26cf93a8e,"#N/A","#N/A",false,Web,"#N/A","#N/A",Medium,"#N/A",New,Subject_romxt,"#N/A","#N/A","#N/A","#N/A","#N/A"
fea1bd17-a0ff-4e84-8c84-22f05c30ebc2,"#N/A","#N/A",false,Web,"#N/A","#N/A",Medium,"#N/A",New,Subject_nddhs,"#N/A","#N/A","#N/A","#N/A","#N/A"
fea4a26c-8ac9-42c3-bb85-dca41909f842,"#N/A","#N/A",false,Web,"#N/A","#N/A",Medium,"#N/A",New,Subject_adfjg,"#N/A","#N/A","#N/A","#N/A","#N/A"
fea9d853-d1a8-442b-ab30-ccf6648d66cb,"#N/A","#N/A",false,Web,"#N/A","#N/A",Medium,"#N/A",New,Subject_cffcd,"#N/A","#N/A","#N/A","#N/A","#N/A"
feab4151-0a9f-45c6-9556-1579fb9c97d0,"#N/A","#N/A",false,Web,"#N/A","#N/A",Medium,"#N/A",New,Subject_ekjyd,"#N/A","#N/A","#N/A","#N/A","#N/A"
feadf803-af98-4b06-b583-659e4df9b822,"#N/A","#N/A",false,Web,"#N/A","#N/A",Medium,"#N/A",New,Subject_fhwwi,"#N/A","#N/A","#N/A","#N/A","#N/A"
feae6140-bd9f-4853-9a6b-f58250b9f142,"#N/A","#N/A",false,Web,"#N/A","#N/A",Medium,"#N/A",New,Subject_mjqkv,"#N/A","#N/A","#N/A","#N/A","#N/A"
feaebedb-4033-4c6c-9c25-a64164d94fec,"#N/A","#N/A",false,Web,"#N/A","#N/A",Medium,"#N/A",New,Subject_gmqqj,"#N/A","#N/A","#N/A","#N/A","#N/A"
feafd7fb-a5ec-48a2-aaa6-e1824a0a2b94,"#N/A","#N/A",false,Web,"#N/A","#N/A",Medium,"#N/A",New,Subject_gctos,"#N/A","#N/A","#N/A","#N/A","#N/A"
feb15918-dbf9-4d0c-b627-cffce9994a78,"#N/A","#N/A",false,Web,"#N/A","#N/A",Medium,"#N/A",New,Subject_mnxre,"#N/A","#N/A","#N/A","#N/A","#N/A"
feb4b439-3e1c-44a0-b56b-ad7b3a9ef563,"#N/A","#N/A",false,Web,"#N/A","#N/A",Medium,"#N/A",New,Subject_dpvtp,"#N/A","#N/A","#N/A","#N/A","#N/A"
feb65b93-25c4-4e1c-8099-63e1d90a0a96,"#N/A","#N/A",false,Web,"#N/A","#N/A",Medium,"#N/A",New,Subject_ieejl,"#N/A","#N/A","#N/A","#N/A","#N/A"
feb9c509-7322-4368-9c9a-ae6bd1ec00cc,"#N/A","#N/A",false,Web,"#N/A","#N/A",Medium,"#N/A",New,Subject_rgtxy,"#N/A","#N/A","#N/A","#N/A","#N/A"
fec71835-b366-423c-9091-019aabcbf67a,"#N/A","#N/A",false,Web,"#N/A","#N/A",Medium,"#N/A",New,Subject_tskpy,"#N/A","#N/A","#N/A","#N/A","#N/A"
fec7c508-9666-49e5-80d2-6e3b31ed28b4,"#N/A","#N/A",false,Web,"#N/A","#N/A",Medium,"#N/A",New,Subject_lykdi,"#N/A","#N/A","#N/A","#N/A","#N/A"
fec97837-d9d4-46aa-b611-3b2d429820b2,"#N/A","#N/A",false,Web,"#N/A","#N/A",Medium,"#N/A",New,Subject_irdax,"#N/A","#N/A","#N/A","#N/A","#N/A"
fec9c655-8beb-46d9-b7ad-1f8464018ec5,"#N/A","#N/A",false,Web,"#N/A","#N/A",Medium,"#N/A",New,Subject_hkfdf,"#N/A","#N/A","#N/A","#N/A","#N/A"
fed0d5bb-556f-49a6-9ad6-67392232fbb3,"#N/A","#N/A",false,Web,"#N/A","#N/A",Medium,"#N/A",New,Subject_anqxw,"#N/A","#N/A","#N/A","#N/A","#N/A"
fed3395f-06b2-4bbc-828f-29680ca3fee7,"#N/A","#N/A",false,Web,"#N/A","#N/A",Medium,"#N/A",New,Subject_llqla,"#N/A","#N/A","#N/A","#N/A","#N/A"
feda7afc-423c-46ea-82d9-9d2c87594afc,"#N/A","#N/A",false,Web,"#N/A","#N/A",Medium,"#N/A",New,Subject_phvuo,"#N/A","#N/A","#N/A","#N/A","#N/A"
feda8bf1-255e-4cc2-acbe-1602f48d640d,"#N/A","#N/A",false,Web,"#N/A","#N/A",Medium,"#N/A",New,Subject_ecpse,"#N/A","#N/A","#N/A","#N/A","#N/A"
fedb9afd-ce04-4372-b206-4810624e1aeb,"#N/A","#N/A",false,Web,"#N/A","#N/A",Medium,"#N/A",New,Subject_srgmg,"#N/A","#N/A","#N/A","#N/A","#N/A"
fedc8d4f-f1ec-4f87-a280-d0c0db3f1701,"#N/A","#N/A",false,Web,"#N/A","#N/A",Medium,"#N/A",New,Subject_zbjyw,"#N/A","#N/A","#N/A","#N/A","#N/A"
fedd2a05-b314-42bc-8aa9-9bfc5c9d428a,"#N/A","#N/A",false,Web,"#N/A","#N/A",Medium,"#N/A",New,Subject_gezwh,"#N/A","#N/A","#N/A","#N/A","#N/A"
feddbd9f-f93b-415b-a57a-1713e51c3891,"#N/A","#N/A",false,Web,"#N/A","#N/A",Medium,"#N/A",New,Subject_scxjm,"#N/A","#N/A","#N/A","#N/A","#N/A"
fedf491e-63af-4b80-b5b1-6d7fae34f4f6,"#N/A","#N/A",false,Web,"#N/A","#N/A",Medium,"#N/A",New,Subject_effoa,"#N/A","#N/A","#N/A","#N/A","#N/A"
fee15ffd-9921-45ff-a129-f1819dc88c20,"#N/A","#N/A",false,Web,"#N/A","#N/A",Medium,"#N/A",New,Subject_xvtau,"#N/A","#N/A","#N/A","#N/A","#N/A"
fee6c0cc-200f-4ff7-98d8-43e99e8a96cf,"#N/A","#N/A",false,Web,"#N/A","#N/A",Medium,"#N/A",New,Subject_xmaql,"#N/A","#N/A","#N/A","#N/A","#N/A"
feecc176-8518-4f01-9e2e-cd472094329e,"#N/A","#N/A",false,Web,"#N/A","#N/A",Medium,"#N/A",New,Subject_lmwcv,"#N/A","#N/A","#N/A","#N/A","#N/A"
fef1fb65-a378-40f3-9ccd-759a93b0b45d,"#N/A","#N/A",false,Web,"#N/A","#N/A",Medium,"#N/A",New,Subject_vntxa,"#N/A","#N/A","#N/A","#N/A","#N/A"
fef63ac7-7946-4360-b592-221cf2e572de,"#N/A","#N/A",false,Web,"#N/A","#N/A",Medium,"#N/A",New,Subject_lnaxa,"#N/A","#N/A","#N/A","#N/A","#N/A"
fef7d5cc-e50c-4efa-a82d-d523ccebd5e5,"#N/A","#N/A",false,Web,"#N/A","#N/A",Medium,"#N/A",New,Subject_dyhbs,"#N/A","#N/A","#N/A","#N/A","#N/A"
fef7d5d0-4a00-4483-a826-3fbd05542e0e,"#N/A","#N/A",false,Web,"#N/A","#N/A",Medium,"#N/A",New,Subject_hmfae,"#N/A","#N/A","#N/A","#N/A","#N/A"
fefa1669-b715-4f7f-b69f-fca21c0eaae3,"#N/A","#N/A",false,Web,"#N/A","#N/A",Medium,"#N/A",New,Subject_fzoyl,"#N/A","#N/A","#N/A","#N/A","#N/A"
fefc4351-3c5a-4304-b0c6-03fa707acdcb,"#N/A","#N/A",false,Web,"#N/A","#N/A",Medium,"#N/A",New,Subject_stcsv,"#N/A","#N/A","#N/A","#N/A","#N/A"
fefd417b-2b2e-4e1f-b871-80cfbce7568c,"#N/A","#N/A",false,Web,"#N/A","#N/A",Medium,"#N/A",New,Subject_nayef,"#N/A","#N/A","#N/A","#N/A","#N/A"
feff9181-9ce0-40cb-8c99-f32e2c24f0dc,"#N/A","#N/A",false,Web,"#N/A","#N/A",Medium,"#N/A",New,Subject_qjjzz,"#N/A","#N/A","#N/A","#N/A","#N/A"
ff004b03-053c-4202-9443-de329964b347,"#N/A","#N/A",false,Web,"#N/A","#N/A",Medium,"#N/A",New,Subject_qddiv,"#N/A","#N/A","#N/A","#N/A","#N/A"
ff0515fd-b88b-4216-9de9-8c3c2077db36,"#N/A","#N/A",false,Web,"#N/A","#N/A",Medium,"#N/A",New,Subject_mkohb,"#N/A","#N/A","#N/A","#N/A","#N/A"
ff05c9f3-b4c0-4321-b578-492ac0d939fe,"#N/A","#N/A",false,Web,"#N/A","#N/A",Medium,"#N/A",New,Subject_eikxh,"#N/A","#N/A","#N/A","#N/A","#N/A"
ff084017-bd4d-487e-9c94-48c17d6bf988,"#N/A","#N/A",false,Web,"#N/A","#N/A",Medium,"#N/A",New,Subject_pwfjp,"#N/A","#N/A","#N/A","#N/A","#N/A"
ff0bc5d8-cbc5-4329-9c96-3201bd749652,"#N/A","#N/A",false,Web,"#N/A","#N/A",Medium,"#N/A",New,Subject_lhrno,"#N/A","#N/A","#N/A","#N/A","#N/A"
ff0c01ee-31b9-4c5d-bf49-efc20398cb83,"#N/A","#N/A",false,Web,"#N/A","#N/A",Medium,"#N/A",New,Subject_dsehh,"#N/A","#N/A","#N/A","#N/A","#N/A"
ff10b0bd-4290-472e-abbf-0525e0085250,"#N/A","#N/A",false,Web,"#N/A","#N/A",Medium,"#N/A",New,Subject_zbhpp,"#N/A","#N/A","#N/A","#N/A","#N/A"
ff114b45-f1a5-4c55-bc07-fea56630d10d,"#N/A","#N/A",false,Web,"#N/A","#N/A",Medium,"#N/A",New,Subject_hmcmt,"#N/A","#N/A","#N/A","#N/A","#N/A"
ff128eae-9960-45c6-93bf-ed1bb0c41605,"#N/A","#N/A",false,Web,"#N/A","#N/A",Medium,"#N/A",New,Subject_nyola,"#N/A","#N/A","#N/A","#N/A","#N/A"
ff12c154-6555-4181-a5f2-3e2fac780474,"#N/A","#N/A",false,Web,"#N/A","#N/A",Medium,"#N/A",New,Subject_bucst,"#N/A","#N/A","#N/A","#N/A","#N/A"
ff1646c0-06dd-434d-9634-83d29f9b73c2,"#N/A","#N/A",false,Web,"#N/A","#N/A",Medium,"#N/A",New,Subject_ghvdg,"#N/A","#N/A","#N/A","#N/A","#N/A"
ff19fe14-d17c-4cd1-ac05-12145f3adbbd,"#N/A","#N/A",false,Web,"#N/A","#N/A",Medium,"#N/A",New,Subject_bwbao,"#N/A","#N/A","#N/A","#N/A","#N/A"
ff1b43c4-34f5-424a-815f-b1e4f45b927e,"#N/A","#N/A",false,Web,"#N/A","#N/A",Medium,"#N/A",New,Subject_fderc,"#N/A","#N/A","#N/A","#N/A","#N/A"
ff1d4631-0157-465e-9474-76261f909dc2,"#N/A","#N/A",false,Web,"#N/A","#N/A",Medium,"#N/A",New,Subject_cycox,"#N/A","#N/A","#N/A","#N/A","#N/A"
ff20e2df-c6a7-4e53-9d17-81f70ae15675,"#N/A","#N/A",false,Web,"#N/A","#N/A",Medium,"#N/A",New,Subject_nnqnv,"#N/A","#N/A","#N/A","#N/A","#N/A"
ff2117d8-79ea-4618-ba5c-1f7d40ffcb08,"#N/A","#N/A",false,Web,"#N/A","#N/A",Medium,"#N/A",New,Subject_meysd,"#N/A","#N/A","#N/A","#N/A","#N/A"
ff22dffb-34c0-4975-80c1-829e201491b3,"#N/A","#N/A",false,Web,"#N/A","#N/A",Medium,"#N/A",New,Subject_wywux,"#N/A","#N/A","#N/A","#N/A","#N/A"
ff258ddc-602c-4e5e-80c4-bf7c8e32d06a,"#N/A","#N/A",false,Web,"#N/A","#N/A",Medium,"#N/A",New,Subject_scfbc,"#N/A","#N/A","#N/A","#N/A","#N/A"
ff299757-da3d-4bc8-a244-56b3c46cffa4,"#N/A","#N/A",false,Web,"#N/A","#N/A",Medium,"#N/A",New,Subject_eojjf,"#N/A","#N/A","#N/A","#N/A","#N/A"
ff2a8697-fb17-4b08-bfca-76da55fe2f1c,"#N/A","#N/A",false,Web,"#N/A","#N/A",Medium,"#N/A",New,Subject_vzkak,"#N/A","#N/A","#N/A","#N/A","#N/A"
ff2eac33-9dc5-4d49-bd78-43274af52f4d,"#N/A","#N/A",false,Web,"#N/A","#N/A",Medium,"#N/A",New,Subject_jdfjx,"#N/A","#N/A","#N/A","#N/A","#N/A"
ff31f65a-85c4-484f-96c2-ed229c5bd6c9,"#N/A","#N/A",false,Web,"#N/A","#N/A",Medium,"#N/A",New,Subject_zabzk,"#N/A","#N/A","#N/A","#N/A","#N/A"
ff3385c3-5e4a-403d-ada3-6a6b988f92f3,"#N/A","#N/A",false,Web,"#N/A","#N/A",Medium,"#N/A",New,Subject_amjia,"#N/A","#N/A","#N/A","#N/A","#N/A"
ff35fd16-ab74-4b2f-858d-4a80c25d1565,"#N/A","#N/A",false,Web,"#N/A","#N/A",Medium,"#N/A",New,Subject_slukr,"#N/A","#N/A","#N/A","#N/A","#N/A"
ff3809f2-5e76-46eb-806a-45ec5c0ac08e,"#N/A","#N/A",false,Web,"#N/A","#N/A",Medium,"#N/A",New,Subject_nfqvn,"#N/A","#N/A","#N/A","#N/A","#N/A"
ff398612-1a14-4751-ba36-422a21f031ac,"#N/A","#N/A",false,Web,"#N/A","#N/A",Medium,"#N/A",New,Subject_rhnee,"#N/A","#N/A","#N/A","#N/A","#N/A"
ff3ad3a4-c57c-41dc-9dfe-0fbae7b9d552,"#N/A","#N/A",false,Web,"#N/A","#N/A",Medium,"#N/A",New,Subject_sijit,"#N/A","#N/A","#N/A","#N/A","#N/A"
ff3f892f-64c0-459e-8794-a32ff97a882b,"#N/A","#N/A",false,Web,"#N/A","#N/A",Medium,"#N/A",New,Subject_nulyc,"#N/A","#N/A","#N/A","#N/A","#N/A"
ff41ba01-a6cf-445b-be55-8cf22af07521,"#N/A","#N/A",false,Web,"#N/A","#N/A",Medium,"#N/A",New,Subject_apshu,"#N/A","#N/A","#N/A","#N/A","#N/A"
ff42d00d-75cb-4053-a2b9-0b647d613041,"#N/A","#N/A",false,Web,"#N/A","#N/A",Medium,"#N/A",New,Subject_zqdfq,"#N/A","#N/A","#N/A","#N/A","#N/A"
ff437e61-959d-45fb-9040-aeca0f4e741a,"#N/A","#N/A",false,Web,"#N/A","#N/A",Medium,"#N/A",New,Subject_qpnbn,"#N/A","#N/A","#N/A","#N/A","#N/A"
ff44a780-c8fd-43f4-ba7e-23aa7c0e60ef,"#N/A","#N/A",false,Web,"#N/A","#N/A",Medium,"#N/A",New,Subject_heerc,"#N/A","#N/A","#N/A","#N/A","#N/A"
ff45cf55-edb7-45da-a3c4-0c590ba2bcb0,"#N/A","#N/A",false,Web,"#N/A","#N/A",Medium,"#N/A",New,Subject_gvgip,"#N/A","#N/A","#N/A","#N/A","#N/A"
ff4960df-675d-41a9-b3a5-e17e5b2220c5,"#N/A","#N/A",false,Web,"#N/A","#N/A",Medium,"#N/A",New,Subject_tmxll,"#N/A","#N/A","#N/A","#N/A","#N/A"
ff4969e9-be25-4126-a4c9-5a5607cacec1,"#N/A","#N/A",false,Web,"#N/A","#N/A",Medium,"#N/A",New,Subject_qapkz,"#N/A","#N/A","#N/A","#N/A","#N/A"
ff49c01b-04c1-478a-bf8b-6c8aa2396eec,"#N/A","#N/A",false,Web,"#N/A","#N/A",Medium,"#N/A",New,Subject_utzxn,"#N/A","#N/A","#N/A","#N/A","#N/A"
ff4bfda1-ce57-4c13-9f44-6c114c52007d,"#N/A","#N/A",false,Web,"#N/A","#N/A",Medium,"#N/A",New,Subject_sibor,"#N/A","#N/A","#N/A","#N/A","#N/A"
ff4cf8cc-c9a0-4aec-a38f-8d8adf2d2def,"#N/A","#N/A",false,Web,"#N/A","#N/A",Medium,"#N/A",New,Subject_dwkhq,"#N/A","#N/A","#N/A","#N/A","#N/A"
ff4d0111-9eb3-4239-b2e0-a048babe328c,"#N/A","#N/A",false,Web,"#N/A","#N/A",Medium,"#N/A",New,Subject_fofky,"#N/A","#N/A","#N/A","#N/A","#N/A"
ff4e941f-121a-4894-9151-a31133acb712,"#N/A","#N/A",false,Web,"#N/A","#N/A",Medium,"#N/A",New,Subject_xtrjy,"#N/A","#N/A","#N/A","#N/A","#N/A"
ff4f9fbe-6499-4425-88a4-db84bc0622c7,"#N/A","#N/A",false,Web,"#N/A","#N/A",Medium,"#N/A",New,Subject_hsicr,"#N/A","#N/A","#N/A","#N/A","#N/A"
ff510c6a-4454-45a0-8a34-fa576cf8b924,"#N/A","#N/A",false,Web,"#N/A","#N/A",Medium,"#N/A",New,Subject_yxogm,"#N/A","#N/A","#N/A","#N/A","#N/A"
ff51d795-7492-4afa-826a-c61d6a5357e6,"#N/A","#N/A",false,Web,"#N/A","#N/A",Medium,"#N/A",New,Subject_mzsrm,"#N/A","#N/A","#N/A","#N/A","#N/A"
ff51ed34-725d-4e27-9bd7-d577d1ee8435,"#N/A","#N/A",false,Web,"#N/A","#N/A",Medium,"#N/A",New,Subject_umvib,"#N/A","#N/A","#N/A","#N/A","#N/A"
ff52ebf6-7020-4e92-be34-43ee3596176f,"#N/A","#N/A",false,Web,"#N/A","#N/A",Medium,"#N/A",New,Subject_meeup,"#N/A","#N/A","#N/A","#N/A","#N/A"
ff561f9e-aa80-419b-83c3-8d81078ef6ee,"#N/A","#N/A",false,Web,"#N/A","#N/A",Medium,"#N/A",New,Subject_lxnqv,"#N/A","#N/A","#N/A","#N/A","#N/A"
ff5703cf-ea15-45e6-9f29-dce5250a40fb,"#N/A","#N/A",false,Web,"#N/A","#N/A",Medium,"#N/A",New,Subject_gqsye,"#N/A","#N/A","#N/A","#N/A","#N/A"
ff59c643-fe69-45b2-aa7a-3a340aa1b449,"#N/A","#N/A",false,Web,"#N/A","#N/A",Medium,"#N/A",New,Subject_zkcrt,"#N/A","#N/A","#N/A","#N/A","#N/A"
ff5c99fe-2f83-498e-b1aa-a7e9893b3937,"#N/A","#N/A",false,Web,"#N/A","#N/A",Medium,"#N/A",New,Subject_kkuvw,"#N/A","#N/A","#N/A","#N/A","#N/A"
ff5dc0ef-9958-435d-9f4e-277bd6173fc6,"#N/A","#N/A",false,Web,"#N/A","#N/A",Medium,"#N/A",New,Subject_scxyo,"#N/A","#N/A","#N/A","#N/A","#N/A"
ff63e458-78c5-431d-b236-4dc6199b13cd,"#N/A","#N/A",false,Web,"#N/A","#N/A",Medium,"#N/A",New,Subject_inynl,"#N/A","#N/A","#N/A","#N/A","#N/A"
ff654cdb-e74d-40fa-a754-c95a42eb86f9,"#N/A","#N/A",false,Web,"#N/A","#N/A",Medium,"#N/A",New,Subject_cmdue,"#N/A","#N/A","#N/A","#N/A","#N/A"
ff67f37c-c2cb-4e23-a362-45e9f23dcd06,"#N/A","#N/A",false,Web,"#N/A","#N/A",Medium,"#N/A",New,Subject_tqyiq,"#N/A","#N/A","#N/A","#N/A","#N/A"
ff69fe82-d1c1-4090-8ed7-62c80c4e0a98,"#N/A","#N/A",false,Web,"#N/A","#N/A",Medium,"#N/A",New,Subject_gieeu,"#N/A","#N/A","#N/A","#N/A","#N/A"
ff69ffe0-7502-4f66-9145-c1d9964073e9,"#N/A","#N/A",false,Web,"#N/A","#N/A",Medium,"#N/A",New,Subject_infes,"#N/A","#N/A","#N/A","#N/A","#N/A"
ff6f06f5-9586-4c6e-a509-d88b45687c77,"#N/A","#N/A",false,Web,"#N/A","#N/A",Medium,"#N/A",New,Subject_unsyt,"#N/A","#N/A","#N/A","#N/A","#N/A"
ff750f3d-9ea3-4d54-a69d-35518b46632a,"#N/A","#N/A",false,Web,"#N/A","#N/A",Medium,"#N/A",New,Subject_vjkkn,"#N/A","#N/A","#N/A","#N/A","#N/A"
ff7634f8-df41-4d7d-8cad-bc2937c78f92,"#N/A","#N/A",false,Web,"#N/A","#N/A",Medium,"#N/A",New,Subject_kptyr,"#N/A","#N/A","#N/A","#N/A","#N/A"
ff786d6a-f286-48ba-8ba2-b4b292715348,"#N/A","#N/A",false,Web,"#N/A","#N/A",Medium,"#N/A",New,Subject_alhwy,"#N/A","#N/A","#N/A","#N/A","#N/A"
ff819ffc-8451-4999-8a7f-0310749b977b,"#N/A","#N/A",false,Web,"#N/A","#N/A",Medium,"#N/A",New,Subject_kcydx,"#N/A","#N/A","#N/A","#N/A","#N/A"
ff81d966-82fd-4227-ac1c-1c2ab6c0ec90,"#N/A","#N/A",false,Web,"#N/A","#N/A",Medium,"#N/A",New,Subject_myxrm,"#N/A","#N/A","#N/A","#N/A","#N/A"
ff81ec6f-f82d-4937-9d8e-a13922605f98,"#N/A","#N/A",false,Web,"#N/A","#N/A",Medium,"#N/A",New,Subject_seerf,"#N/A","#N/A","#N/A","#N/A","#N/A"
ff874726-c83b-4869-90bf-1dbc499e1031,"#N/A","#N/A",false,Web,"#N/A","#N/A",Medium,"#N/A",New,Subject_eagto,"#N/A","#N/A","#N/A","#N/A","#N/A"
ff87f543-8eef-411d-9f08-cf461f734e1d,"#N/A","#N/A",false,Web,"#N/A","#N/A",Medium,"#N/A",New,Subject_ovemd,"#N/A","#N/A","#N/A","#N/A","#N/A"
ff907036-7859-4019-b15f-3220f8f5ed9b,"#N/A","#N/A",false,Web,"#N/A","#N/A",Medium,"#N/A",New,Subject_ahmxa,"#N/A","#N/A","#N/A","#N/A","#N/A"
ff960b97-baa7-453c-909d-b4052b7a9f34,"#N/A","#N/A",false,Web,"#N/A","#N/A",Medium,"#N/A",New,Subject_egnwt,"#N/A","#N/A","#N/A","#N/A","#N/A"
ff97353e-7512-45a5-8532-ae506935999b,"#N/A","#N/A",false,Web,"#N/A","#N/A",Medium,"#N/A",New,Subject_aldvl,"#N/A","#N/A","#N/A","#N/A","#N/A"
ff97a4eb-64b7-4451-a734-012e05e5128f,"#N/A","#N/A",false,Web,"#N/A","#N/A",Medium,"#N/A",New,Subject_oionp,"#N/A","#N/A","#N/A","#N/A","#N/A"
ffa3b230-232a-4d9b-be57-b1db40d345a0,"#N/A","#N/A",false,Web,"#N/A","#N/A",Medium,"#N/A",New,Subject_psajx,"#N/A","#N/A","#N/A","#N/A","#N/A"
ffa4087a-ce49-4e40-bdbe-b44617a5e88b,"#N/A","#N/A",false,Web,"#N/A","#N/A",Medium,"#N/A",New,Subject_eefna,"#N/A","#N/A","#N/A","#N/A","#N/A"
ffa55caa-2237-4478-8393-1f74c5aad33e,"#N/A","#N/A",false,Web,"#N/A","#N/A",Medium,"#N/A",New,Subject_howgd,"#N/A","#N/A","#N/A","#N/A","#N/A"
ffa74c39-89a5-4c6b-b1fe-43ba44cd208c,"#N/A","#N/A",false,Web,"#N/A","#N/A",Medium,"#N/A",New,Subject_axevi,"#N/A","#N/A","#N/A","#N/A","#N/A"
ffacd516-e2f6-4023-abd8-b7b2ef3bd40e,"#N/A","#N/A",false,Web,"#N/A","#N/A",Medium,"#N/A",New,Subject_xeevf,"#N/A","#N/A","#N/A","#N/A","#N/A"
ffb1c030-db60-4542-bddc-c69d65ac3204,"#N/A","#N/A",false,Web,"#N/A","#N/A",Medium,"#N/A",New,Subject_absqn,"#N/A","#N/A","#N/A","#N/A","#N/A"
ffb2d69d-e68a-45d5-9ca1-ec51b0c0facb,"#N/A","#N/A",false,Web,"#N/A","#N/A",Medium,"#N/A",New,Subject_depzn,"#N/A","#N/A","#N/A","#N/A","#N/A"
ffb3b3ab-d83f-45a4-a0b3-e6fb71e12344,"#N/A","#N/A",false,Web,"#N/A","#N/A",Medium,"#N/A",New,Subject_earna,"#N/A","#N/A","#N/A","#N/A","#N/A"
ffb62f92-5ff3-4e1a-92c5-757eae007c2a,"#N/A","#N/A",false,Web,"#N/A","#N/A",Medium,"#N/A",New,Subject_objpv,"#N/A","#N/A","#N/A","#N/A","#N/A"
ffb637cb-6c57-4a77-9e6d-622476e2c2e6,"#N/A","#N/A",false,Web,"#N/A","#N/A",Medium,"#N/A",New,Subject_lduif,"#N/A","#N/A","#N/A","#N/A","#N/A"
ffb9c18a-8e7b-4aa1-bb3d-2ca069baf97f,"#N/A","#N/A",false,Web,"#N/A","#N/A",Medium,"#N/A",New,Subject_njcxa,"#N/A","#N/A","#N/A","#N/A","#N/A"
ffbab245-9ba3-49a9-be8a-fd1514b843cc,"#N/A","#N/A",false,Web,"#N/A","#N/A",Medium,"#N/A",New,Subject_sknhd,"#N/A","#N/A","#N/A","#N/A","#N/A"
ffbab4eb-f7ee-49f8-beee-8783938b103b,"#N/A","#N/A",false,Web,"#N/A","#N/A",Medium,"#N/A",New,Subject_qbgnu,"#N/A","#N/A","#N/A","#N/A","#N/A"
ffbc084c-eb42-4e6e-bd45-2b41304d995c,"#N/A","#N/A",false,Web,"#N/A","#N/A",Medium,"#N/A",New,Subject_ikxzf,"#N/A","#N/A","#N/A","#N/A","#N/A"
ffbee59c-4012-476a-84d4-632c6345be9e,"#N/A","#N/A",false,Web,"#N/A","#N/A",Medium,"#N/A",New,Subject_rpkqr,"#N/A","#N/A","#N/A","#N/A","#N/A"
ffc36dde-34e7-4012-b022-85cfc229310e,"#N/A","#N/A",false,Web,"#N/A","#N/A",Medium,"#N/A",New,Subject_fomnb,"#N/A","#N/A","#N/A","#N/A","#N/A"
ffc9ae89-1d38-44db-9f5f-55f21fc485bb,"#N/A","#N/A",false,Web,"#N/A","#N/A",Medium,"#N/A",New,Subject_rkdoq,"#N/A","#N/A","#N/A","#N/A","#N/A"
ffca9295-d026-474d-adc7-a1a3a9d071b9,"#N/A","#N/A",false,Web,"#N/A","#N/A",Medium,"#N/A",New,Subject_aowup,"#N/A","#N/A","#N/A","#N/A","#N/A"
ffcb9bfd-1345-451a-bc8c-4a8b7c097710,"#N/A","#N/A",false,Web,"#N/A","#N/A",Medium,"#N/A",New,Subject_unxoa,"#N/A","#N/A","#N/A","#N/A","#N/A"
ffcfbf9f-68da-4101-a492-a2072ffc727f,"#N/A","#N/A",false,Web,"#N/A","#N/A",Medium,"#N/A",New,Subject_wmlbb,"#N/A","#N/A","#N/A","#N/A","#N/A"
ffd45ece-d238-487d-abe7-a7133ca35c67,"#N/A","#N/A",false,Web,"#N/A","#N/A",Medium,"#N/A",New,Subject_eqgtt,"#N/A","#N/A","#N/A","#N/A","#N/A"
ffd6ac29-dcf2-4b96-9b28-5b0ac1ac36b0,"#N/A","#N/A",false,Web,"#N/A","#N/A",Medium,"#N/A",New,Subject_ovyrc,"#N/A","#N/A","#N/A","#N/A","#N/A"
ffdb077f-1e72-4318-8e24-cb5ac0fe7864,"#N/A","#N/A",false,Web,"#N/A","#N/A",Medium,"#N/A",New,Subject_htxmc,"#N/A","#N/A","#N/A","#N/A","#N/A"
ffdb7521-23f5-4eb2-b7c4-4507e9e42224,"#N/A","#N/A",false,Web,"#N/A","#N/A",Medium,"#N/A",New,Subject_oboze,"#N/A","#N/A","#N/A","#N/A","#N/A"
ffdcde9e-418e-4b2c-b9d9-4c9eb01e99b0,"#N/A","#N/A",false,Web,"#N/A","#N/A",Medium,"#N/A",New,Subject_mkkcx,"#N/A","#N/A","#N/A","#N/A","#N/A"
ffde0cda-7cea-4827-bb75-4fe3dc49b7a9,"#N/A","#N/A",false,Web,"#N/A","#N/A",Medium,"#N/A",New,Subject_afsee,"#N/A","#N/A","#N/A","#N/A","#N/A"
ffe64319-1366-4c4c-b219-4a1966071368,"#N/A","#N/A",false,Web,"#N/A","#N/A",Medium,"#N/A",New,Subject_ssdby,"#N/A","#N/A","#N/A","#N/A","#N/A"
ffee17f5-b069-41d5-b3a4-447b9bdb57a8,"#N/A","#N/A",false,Web,"#N/A","#N/A",Medium,"#N/A",New,Subject_rtpkn,"#N/A","#N/A","#N/A","#N/A","#N/A"
ffee2a8f-debf-408f-8553-e188b4102caf,"#N/A","#N/A",false,Web,"#N/A","#N/A",Medium,"#N/A",New,Subject_pebdi,"#N/A","#N/A","#N/A","#N/A","#N/A"
fff0bdac-7295-4743-a382-3fa48f2d80ab,"#N/A","#N/A",false,Web,"#N/A","#N/A",Medium,"#N/A",New,Subject_nwxzj,"#N/A","#N/A","#N/A","#N/A","#N/A"
fff1483c-97aa-468b-8dc0-e6817863a40a,"#N/A","#N/A",false,Web,"#N/A","#N/A",Medium,"#N/A",New,Subject_aveqc,"#N/A","#N/A","#N/A","#N/A","#N/A"
fff507be-8bab-48eb-b9c7-e9a06b05dbc7,"#N/A","#N/A",false,Web,"#N/A","#N/A",Medium,"#N/A",New,Subject_xmcbr,"#N/A","#N/A","#N/A","#N/A","#N/A"
fff53cde-6d18-495b-a3b8-673113c82d02,"#N/A","#N/A",false,Web,"#N/A","#N/A",Medium,"#N/A",New,Subject_afqls,"#N/A","#N/A","#N/A","#N/A","#N/A"
fffb6902-9437-4b0f-9526-2cc48a496260,"#N/A","#N/A",false,Web,"#N/A","#N/A",Medium,"#N/A",New,Subject_cvwpu,"#N/A","#N/A","#N/A","#N/A","#N/A"
fffc3703-4ca0-4fb3-a73f-d553e635d5b4,"#N/A","#N/A",false,Web,"#N/A","#N/A",Medium,"#N/A",New,Subject_rgspo,"#N/A","#N/A","#N/A","#N/A","#N/A"
ffff8551-784b-43b5-8217-9af87bd0c650,"#N/A","#N/A",false,Web,"#N/A","#N/A",Medium,"#N/A",New,Subject_wncyi,"#N/A","#N/A","#N/A","#N/A","#N/A"
